# 1D PNP Solver Results
# Debye length: 1.18939 nm
# Surface potential: 100 mV
# Bulk concentration: 10 mol/m^3
# Thermal voltage: 25.6926 mV
# Grid: non-uniform with stretching factor 3
#
# Columns:
# 1: x [nm]
# 2: x/lambda_D [-]
# 3: phi [mV]
# 4: phi_normalized = e*phi/(kB*T) [-]
# 5: c+ [mol/m^3]
# 6: c- [mol/m^3]
# 7: c+/c0 [-]
# 8: c-/c0 [-]
# 9: rho [C/m^3]
# 10: phi_GC [mV] (Gouy-Chapman analytical)
0.00000000e+00	0.00000000e+00	1.00000000e+02	3.89217445e+00	6.24004905e-07	2.82421822e+04	6.24004905e-08	2.82421822e+03	-2.72495633e+09	1.00000000e+02
2.99400400e-01	2.51726642e-01	-1.11805489e+05	-4.35166466e+03	1.00000000e-09	5.81245118e+02	1.00000000e-10	5.81245118e+01	-5.60816283e+07	6.85664877e+01
5.97603200e-01	5.02446379e-01	-2.23263356e+05	-8.68979929e+03	1.00000000e-09	1.00000000e-09	1.00000000e-10	1.00000000e-10	0.00000000e+00	5.03048324e+01
8.94610800e-01	7.52161229e-01	-3.27923300e+05	-1.27633469e+04	1.89504735e-09	1.00000000e-09	1.89504735e-10	1.00000000e-10	8.63589409e-05	3.79705828e+01
1.19042560e+00	1.00087321e+00	-4.30559105e+05	-1.67581115e+04	7.17182815e-09	2.81646026e+04	7.17182815e-10	2.81646026e+03	-2.71747103e+09	2.90844029e+01
1.48505000e+00	1.24858434e+00	-5.32781889e+05	-2.07368006e+04	1.00000000e-09	3.56171710e+03	1.00000000e-10	3.56171710e+02	-3.43653458e+08	2.24667584e+01
1.77848640e+00	1.49529663e+00	-6.34592485e+05	-2.46994466e+04	1.00000000e-09	1.00000000e-09	1.00000000e-10	1.00000000e-10	0.00000000e+00	1.74460154e+01
2.07073720e+00	1.74101211e+00	-7.30311091e+05	-2.84249817e+04	4.50875829e-09	1.00000000e-09	4.50875829e-10	1.00000000e-10	3.38543709e-04	1.35944687e+01
2.36180480e+00	1.98573279e+00	-8.22635889e+05	-3.20184239e+04	1.28254272e-08	2.79363051e+04	1.28254272e-09	2.79363051e+03	-2.69544368e+09	1.06194118e+01
2.65169160e+00	2.22946069e+00	-9.14586144e+05	-3.55972882e+04	1.00000000e-09	6.75471879e+03	1.00000000e-10	6.75471879e+02	-6.51731286e+08	8.31101793e+00
2.94040000e+00	2.47219783e+00	-1.00616262e+06	-3.91616044e+04	1.00000000e-09	1.00000000e-09	1.00000000e-10	1.00000000e-10	0.00000000e+00	6.51434305e+00
3.22793240e+00	2.71394622e+00	-1.09265046e+06	-4.25278621e+04	1.00000000e-09	1.00000000e-09	1.00000000e-10	1.00000000e-10	0.00000000e+00	5.11278590e+00
3.51429120e+00	2.95470789e+00	-1.17465150e+06	-4.57194857e+04	3.54944288e-08	2.75113700e+04	3.54944288e-09	2.75113700e+03	-2.65444367e+09	4.01753072e+00
3.79947880e+00	3.19448485e+00	-1.25631716e+06	-4.88980557e+04	1.81328073e-08	1.00546462e+04	1.81328073e-09	1.00546462e+03	-9.70125876e+08	3.16039318e+00
4.08349760e+00	3.43327911e+00	-1.33764813e+06	-5.20635987e+04	1.00000000e-09	1.00000000e-09	1.00000000e-10	1.00000000e-10	0.00000000e+00	2.48875472e+00
4.36635000e+00	3.67109271e+00	-1.41511460e+06	-5.50787289e+04	1.00000000e-09	1.00000000e-09	1.00000000e-10	1.00000000e-10	0.00000000e+00	1.96186370e+00
4.64803840e+00	3.90792764e+00	-1.48733165e+06	-5.78895423e+04	5.39146813e-09	2.68293756e+04	5.39146813e-10	2.68293756e+03	-2.58864122e+09	1.54807794e+00
4.92856520e+00	4.14378594e+00	-1.55925089e+06	-6.06887647e+04	5.31929722e-09	1.32828156e+04	5.31929722e-10	1.32828156e+03	-1.28159688e+09	1.22278051e+00
5.20793280e+00	4.37866962e+00	-1.63087295e+06	-6.34764202e+04	1.00000000e-09	1.00000000e-09	1.00000000e-10	1.00000000e-10	0.00000000e+00	9.66789980e-01
5.48614360e+00	4.61258070e+00	-1.69999408e+06	-6.61667353e+04	1.00000000e-09	1.00000000e-09	1.00000000e-10	1.00000000e-10	0.00000000e+00	7.65140276e-01
5.76320000e+00	4.84552120e+00	-1.76343649e+06	-6.86360244e+04	1.63607876e-09	2.58218424e+04	1.63607876e-10	2.58218424e+03	-2.49142904e+09	6.06140501e-01
6.03910440e+00	5.07749313e+00	-1.82661510e+06	-7.10950461e+04	5.30824965e-09	1.61724901e+04	5.30824965e-10	1.61724901e+03	-1.56040808e+09	4.80648184e-01
6.31385920e+00	5.30849851e+00	-1.88953047e+06	-7.35438220e+04	1.00000000e-09	1.00000000e-09	1.00000000e-10	1.00000000e-10	0.00000000e+00	3.81506351e-01
6.58746680e+00	5.53853936e+00	-1.95137558e+06	-7.59509416e+04	1.00000000e-09	1.00000000e-09	1.00000000e-10	1.00000000e-10	0.00000000e+00	3.03106720e-01
6.85992960e+00	5.76761769e+00	-2.00743741e+06	-7.81329658e+04	1.00000000e-09	2.44314359e+04	1.00000000e-10	2.44314359e+03	-2.35727521e+09	2.41050282e-01
7.13125000e+00	5.99573554e+00	-2.06326417e+06	-8.03058410e+04	6.18152902e-09	1.83717337e+04	6.18152902e-10	1.83717337e+03	-1.77260283e+09	1.91883235e-01
7.40143040e+00	6.22289490e+00	-2.11885638e+06	-8.24695865e+04	1.89051325e-09	1.00000000e-09	1.89051325e-10	1.00000000e-10	8.59214669e-05	1.52891305e-01
7.67047320e+00	6.44909781e+00	-2.17421451e+06	-8.46242215e+04	1.00000000e-09	1.00000000e-09	1.00000000e-10	1.00000000e-10	0.00000000e+00	1.21939384e-01
7.93838080e+00	6.67434627e+00	-2.22400405e+06	-8.65621176e+04	1.00000000e-09	2.26183902e+04	1.00000000e-10	2.26183902e+03	-2.18234289e+09	9.73463694e-02
8.20515560e+00	6.89864231e+00	-2.27233392e+06	-8.84432001e+04	5.01116123e-09	1.97951751e+04	5.01116123e-10	1.97951751e+03	-1.90994404e+09	7.77873862e-02
8.47080000e+00	7.12198795e+00	-2.32045899e+06	-9.03163120e+04	6.65430583e-09	1.00000000e-09	6.65430583e-10	1.00000000e-10	5.45557576e-04	6.22173302e-02
8.73531640e+00	7.34438520e+00	-2.36837971e+06	-9.21814701e+04	1.00000000e-09	1.00000000e-09	1.00000000e-10	1.00000000e-10	0.00000000e+00	4.98110222e-02
8.99870720e+00	7.56583608e+00	-2.41126350e+06	-9.38505818e+04	1.00000000e-09	2.02885401e+04	1.00000000e-10	2.02885401e+03	-1.95754653e+09	3.99163248e-02
9.26097480e+00	7.78634260e+00	-2.45144668e+06	-9.54145813e+04	1.00000000e-09	2.10306684e+04	1.00000000e-10	2.10306684e+03	-2.02915102e+09	3.20173786e-02
9.52212160e+00	8.00590680e+00	-2.49145814e+06	-9.69718970e+04	1.00000000e-09	1.00000000e-09	1.00000000e-10	1.00000000e-10	0.00000000e+00	2.57057482e-02
9.78215000e+00	8.22453067e+00	-2.53129824e+06	-9.85225433e+04	1.00000000e-09	1.00000000e-09	1.00000000e-10	1.00000000e-10	0.00000000e+00	2.06577541e-02
1.00410624e+01	8.44221625e+00	-2.56693800e+06	-9.99097048e+04	1.00000000e-09	1.72968012e+04	1.00000000e-10	1.72968012e+03	-1.66888761e+09	1.66166494e-02
1.02988612e+01	8.65896555e+00	-2.59881130e+06	-1.01150269e+05	2.27672626e-09	2.20782307e+04	2.27672626e-10	2.20782307e+03	-2.13022543e+09	1.33785927e-02
1.05555488e+01	8.87478058e+00	-2.63054721e+06	-1.02385486e+05	1.00000000e-09	1.00000000e-09	1.00000000e-10	1.00000000e-10	0.00000000e+00	1.07815984e-02
1.08111276e+01	9.08966337e+00	-2.66214604e+06	-1.03615368e+05	1.00000000e-09	1.00000000e-09	1.00000000e-10	1.00000000e-10	0.00000000e+00	8.69682520e-03
1.10656000e+01	9.30361594e+00	-2.69067245e+06	-1.04725666e+05	1.00000000e-09	1.35229013e+04	1.00000000e-10	1.35229013e+03	-1.30476163e+09	7.02170086e-03
1.13189684e+01	9.51664029e+00	-2.71463145e+06	-1.05658192e+05	1.00000000e-09	2.28754943e+04	1.00000000e-10	2.28754943e+03	-2.20714966e+09	5.67449245e-03
1.15712352e+01	9.72873845e+00	-2.73848628e+06	-1.06586663e+05	1.00000000e-09	1.00000000e-09	1.00000000e-10	1.00000000e-10	0.00000000e+00	4.59001348e-03
1.18224028e+01	9.93991244e+00	-2.76223717e+06	-1.07511090e+05	1.00000000e-09	1.00000000e-09	1.00000000e-10	1.00000000e-10	0.00000000e+00	3.71622724e-03
1.20724736e+01	1.01501643e+01	-2.78431837e+06	-1.08370528e+05	1.00000000e-09	9.06491162e+03	1.00000000e-10	9.06491162e+02	-8.74631008e+08	3.01155675e-03
1.23214500e+01	1.03594960e+01	-2.80140967e+06	-1.09035751e+05	1.00000000e-09	2.32224868e+04	1.00000000e-10	2.32224868e+03	-2.24062935e+09	2.44275242e-03
1.25693344e+01	1.05679095e+01	-2.81842600e+06	-1.09698057e+05	1.00000000e-09	1.00000000e-09	1.00000000e-10	1.00000000e-10	0.00000000e+00	1.98320033e-03
1.28161292e+01	1.07754070e+01	-2.83536753e+06	-1.10357451e+05	1.00000000e-09	1.00000000e-09	1.00000000e-10	1.00000000e-10	0.00000000e+00	1.61157892e-03
1.30618368e+01	1.09819904e+01	-2.85223443e+06	-1.11013940e+05	1.00000000e-09	4.70641786e+03	1.00000000e-10	4.70641786e+02	-4.54100290e+08	1.31079131e-03
1.33064596e+01	1.11876617e+01	-2.86415583e+06	-1.11477942e+05	1.00000000e-09	2.26595625e+04	1.00000000e-10	2.26595625e+03	-2.18631542e+09	1.06711600e-03
1.35500000e+01	1.13924230e+01	-2.87517699e+06	-1.11906904e+05	1.00000000e-09	1.00000000e-09	1.00000000e-10	1.00000000e-10	0.00000000e+00	8.69530744e-04
1.37924604e+01	1.15962762e+01	-2.88614928e+06	-1.12333965e+05	1.00000000e-09	1.00000000e-09	1.00000000e-10	1.00000000e-10	0.00000000e+00	7.09173671e-04
1.40338432e+01	1.17992235e+01	-2.89707280e+06	-1.12759127e+05	1.00000000e-09	9.13857560e+02	1.00000000e-10	9.13857560e+01	-8.81738502e+07	5.78913586e-04
1.42741508e+01	1.20012667e+01	-2.90362153e+06	-1.13014015e+05	1.00000000e-09	2.00858974e+04	1.00000000e-10	2.00858974e+03	-1.93799448e+09	4.73006904e-04
1.45133856e+01	1.22024080e+01	-2.90733872e+06	-1.13158695e+05	1.00000000e-09	1.00000000e-09	1.00000000e-10	1.00000000e-10	0.00000000e+00	3.86823582e-04
1.47515500e+01	1.24026493e+01	-2.91103928e+06	-1.13302727e+05	1.00000000e-09	1.00000000e-09	1.00000000e-10	1.00000000e-10	0.00000000e+00	3.16627951e-04
1.49886464e+01	1.26019926e+01	-2.91472324e+06	-1.13446113e+05	1.00000000e-09	4.75463058e+03	1.00000000e-10	4.75463058e+02	-4.58752110e+08	2.59403321e-04
1.52246772e+01	1.28004400e+01	-2.91563764e+06	-1.13481703e+05	1.00000000e-09	2.65322887e+04	1.00000000e-10	2.65322887e+03	-2.55997668e+09	2.12711469e-04
1.54596448e+01	1.29979936e+01	-2.91129896e+06	-1.13312834e+05	1.00000000e-09	1.00000000e-09	1.00000000e-10	1.00000000e-10	0.00000000e+00	1.74580004e-04
1.56935516e+01	1.31946552e+01	-2.90697988e+06	-1.13144728e+05	2.46215856e+03	1.00000000e-09	2.46215856e+02	1.00000000e-10	2.37562187e+08	1.43411981e-04
1.59264000e+01	1.33904270e+01	-2.90268033e+06	-1.12977382e+05	2.40425031e+03	1.00000000e-09	2.40425031e+02	1.00000000e-10	2.31974889e+08	1.17913311e-04
1.61581924e+01	1.35853109e+01	-2.89840029e+06	-1.12810795e+05	1.00000000e-09	9.35202990e+03	1.00000000e-10	9.35202990e+02	-9.02333711e+08	9.70344227e-05
1.63889312e+01	1.37793090e+01	-2.88925543e+06	-1.12454862e+05	1.00000000e-09	8.94465221e+03	1.00000000e-10	8.94465221e+02	-8.63027740e+08	7.99233226e-05
1.66186188e+01	1.39724232e+01	-2.87110736e+06	-1.11748507e+05	7.42430538e+02	1.72475589e+03	7.42430538e+01	1.72475589e+02	-9.47799874e+07	6.58878096e-05
1.68472576e+01	1.41646557e+01	-2.85060925e+06	-1.10950685e+05	1.25857843e+03	1.19450763e+02	1.25857843e+02	1.19450763e+01	1.09909111e+08	5.43650223e-05
1.70748500e+01	1.43560084e+01	-2.83002627e+06	-1.10149559e+05	1.00000000e-09	4.52365718e+00	1.00000000e-10	4.52365718e-01	-4.36466565e+05	4.48968793e-05
1.73013984e+01	1.45464833e+01	-2.80956003e+06	-1.09352978e+05	1.00000000e-09	1.00000000e-09	1.00000000e-10	1.00000000e-10	0.00000000e+00	3.71102557e-05
1.75269052e+01	1.47360825e+01	-2.78921479e+06	-1.08561106e+05	5.31456778e+02	1.00000000e-09	5.31456778e+01	1.00000000e-10	5.12777838e+07	3.07009681e-05
1.77513728e+01	1.49248080e+01	-2.76896331e+06	-1.07772883e+05	1.37645927e+03	5.60612899e-01	1.37645927e+02	5.60612899e-02	1.32754039e+08	2.54208255e-05
1.79748036e+01	1.51126617e+01	-2.74880455e+06	-1.06988268e+05	1.00000000e-09	1.59765856e+00	1.00000000e-10	1.59765856e-01	-1.54150616e+05	2.10671509e-05
1.81972000e+01	1.52996457e+01	-2.72875294e+06	-1.06207825e+05	1.00000000e-09	4.16323571e-01	1.00000000e-10	4.16323571e-02	-4.01691179e+04	1.74742951e-05
1.84185644e+01	1.54857621e+01	-2.70882750e+06	-1.05432292e+05	3.06041544e+02	1.49935577e-01	3.06041544e+01	1.49935577e-02	2.95140534e+07	1.45067575e-05
1.86388992e+01	1.56710128e+01	-2.68899452e+06	-1.04660358e+05	1.44767689e+03	7.03652388e-02	1.44767689e+02	7.03652388e-03	1.39672797e+08	1.20536058e-05
1.88582068e+01	1.58553999e+01	-2.66925390e+06	-1.03892018e+05	1.00000000e-09	6.06667624e-02	1.00000000e-10	6.06667624e-03	-5.85345263e+03	1.00239454e-05
1.90764896e+01	1.60389254e+01	-2.64960834e+06	-1.03127379e+05	1.00000000e-09	3.56747945e-03	1.00000000e-10	3.56747945e-04	-3.44209343e+02	8.34323736e-06
1.92937500e+01	1.62215912e+01	-2.63009032e+06	-1.02367703e+05	7.28381912e+01	1.00000000e-09	7.28381912e+00	1.00000000e-10	7.02781707e+06	6.95030439e-06
1.95099904e+01	1.64033995e+01	-2.61066626e+06	-1.01611685e+05	1.46680246e+03	1.00000000e-09	1.46680246e+02	1.00000000e-10	1.41524922e+08	5.79489399e-06
1.97252132e+01	1.65843522e+01	-2.59133361e+06	-1.00859225e+05	1.76704360e+01	2.07058948e-02	1.76704360e+00	2.07058948e-03	1.70294007e+06	4.83569313e-06
1.99394208e+01	1.67644514e+01	-2.57209212e+06	-1.00110312e+05	1.00000000e-09	4.69464971e-03	1.00000000e-10	4.69464971e-04	-4.52964740e+02	4.03870994e-06
2.01526156e+01	1.69436990e+01	-2.55297464e+06	-9.93662268e+04	1.00000000e-09	1.00000000e-09	1.00000000e-10	1.00000000e-10	0.00000000e+00	3.37595312e-06
2.03648000e+01	1.71220971e+01	-2.53396111e+06	-9.86261870e+04	1.43735743e+03	1.00000000e-09	1.43735743e+02	1.00000000e-10	1.38683909e+08	2.82435375e-06
2.05759764e+01	1.72996477e+01	-2.51503791e+06	-9.78896628e+04	2.43583793e+02	1.28320497e-02	2.43583793e+01	1.28320497e-03	2.35010251e+07	2.36488397e-06
2.07861472e+01	1.74763529e+01	-2.49620479e+06	-9.71566452e+04	1.00000000e-09	7.43455019e-03	1.00000000e-10	7.43455019e-04	-7.17324948e+02	1.98183626e-06
2.09953148e+01	1.76522146e+01	-2.47748904e+06	-9.64281955e+04	1.00000000e-09	1.00000000e-09	1.00000000e-10	1.00000000e-10	0.00000000e+00	1.66223343e-06
2.12034816e+01	1.78272348e+01	-2.45888475e+06	-9.57040838e+04	1.36873999e+03	1.00000000e-09	1.36873999e+02	1.00000000e-10	1.32063332e+08	1.39534528e-06
2.14106500e+01	1.80014156e+01	-2.44036968e+06	-9.49834451e+04	4.52840716e+02	9.21602069e-04	4.52840716e+01	9.21602069e-05	4.36923980e+07	1.17229232e-06
2.16168224e+01	1.81747590e+01	-2.42194362e+06	-9.42662709e+04	1.00000000e-09	1.00000000e-09	1.00000000e-10	1.00000000e-10	0.00000000e+00	9.85720606e-07
2.18220012e+01	1.83472670e+01	-2.40362645e+06	-9.35533346e+04	1.00000000e-09	1.00000000e-09	1.00000000e-10	1.00000000e-10	0.00000000e+00	8.29534693e-07
2.20261888e+01	1.85189417e+01	-2.38542540e+06	-9.28449180e+04	1.26765375e+03	8.21338304e-05	1.26765375e+02	8.21338304e-06	1.22309985e+08	6.98678213e-07
2.22293876e+01	1.86897850e+01	-2.36731249e+06	-9.21399319e+04	6.38204348e+02	4.48143802e-04	6.38204348e+01	4.48143802e-05	6.15773152e+07	5.88953354e-07
2.24316000e+01	1.88597989e+01	-2.34928751e+06	-9.14383681e+04	1.00000000e-09	6.38928978e-05	1.00000000e-10	6.38928978e-06	-6.16463097e+00	4.96872286e-07
2.26328284e+01	1.90289856e+01	-2.33136226e+06	-9.07406863e+04	1.00000000e-09	1.00000000e-09	1.00000000e-10	1.00000000e-10	0.00000000e+00	4.19534757e-07
2.28330752e+01	1.91973469e+01	-2.31355502e+06	-9.00475974e+04	1.14162255e+03	1.00000000e-09	1.14162255e+02	1.00000000e-10	1.10149830e+08	3.54527186e-07
2.30323428e+01	1.93648850e+01	-2.29583486e+06	-8.93578977e+04	7.95082793e+02	2.07254083e-04	7.95082793e+01	2.07254083e-05	7.67138073e+07	2.99839390e-07
2.32306336e+01	1.95316018e+01	-2.27820156e+06	-8.86715789e+04	1.00000000e-09	2.48039566e-04	1.00000000e-10	2.48039566e-05	-2.39320834e+01	2.53795839e-07
2.34279500e+01	1.96974994e+01	-2.26065918e+06	-8.79887989e+04	1.00000000e-09	3.83546825e-05	1.00000000e-10	3.83546825e-06	-3.70056779e+00	2.14998834e-07
2.36242944e+01	1.98625797e+01	-2.24323428e+06	-8.73105916e+04	9.98189747e+02	9.07201792e-07	9.98189747e+01	9.07201792e-08	9.63106692e+07	1.82281515e-07
2.38196692e+01	2.00268448e+01	-2.22589544e+06	-8.66357335e+04	9.21416739e+02	2.50383402e-07	9.21416739e+01	2.50383402e-08	8.89032001e+07	1.54668970e-07
2.40140768e+01	2.01902967e+01	-2.20864243e+06	-8.59642162e+04	1.00000000e-09	8.65717322e-06	1.00000000e-10	8.65717322e-07	-8.35193748e-01	1.31346022e-07
2.42075196e+01	2.03529375e+01	-2.19147504e+06	-8.52960315e+04	1.00000000e-09	1.84372561e-06	1.00000000e-10	1.84372561e-07	-1.77795992e-01	1.11630519e-07
2.44000000e+01	2.05147691e+01	-2.17442277e+06	-8.46323277e+04	8.44012651e+02	1.00000000e-09	8.44012651e+01	1.00000000e-10	8.14348410e+07	9.49511815e-08
2.45915204e+01	2.06757935e+01	-2.15745834e+06	-8.39720422e+04	1.01706653e+03	1.00000000e-09	1.01706653e+02	1.00000000e-10	9.81320020e+07	8.08292110e-08
2.47820832e+01	2.08360129e+01	-2.14057873e+06	-8.33150582e+04	1.00000000e-09	2.75510531e-06	1.00000000e-10	2.75510531e-07	-2.65730766e-01	6.88630042e-08
2.49716908e+01	2.09954291e+01	-2.12378372e+06	-8.26613674e+04	1.00000000e-09	1.34925881e-06	1.00000000e-10	1.34925881e-07	-1.30087199e-01	5.87154473e-08
2.51603456e+01	2.11540443e+01	-2.10709977e+06	-8.20119988e+04	6.85440522e+02	1.00000000e-09	6.85440522e+01	1.00000000e-10	6.61349564e+07	5.01033414e-08
2.53480500e+01	2.13118604e+01	-2.09050719e+06	-8.13661866e+04	1.08597055e+03	1.00000000e-09	1.08597055e+02	1.00000000e-10	1.04780229e+08	4.27885959e-08
2.55348064e+01	2.14688794e+01	-2.07399840e+06	-8.07236360e+04	1.00000000e-09	1.23966105e-06	1.00000000e-10	1.23966105e-07	-1.19512623e-01	3.65708905e-08
2.57206172e+01	2.16251034e+01	-2.05757321e+06	-8.00843388e+04	1.00000000e-09	1.03667619e-06	1.00000000e-10	1.03667619e-07	-9.99275616e-02	3.12815536e-08
2.59054848e+01	2.17805344e+01	-2.04125447e+06	-7.94491848e+04	5.26812762e+02	1.00000000e-09	5.26812762e+01	1.00000000e-10	5.08297043e+07	2.67784535e-08
2.60894116e+01	2.19351744e+01	-2.02502925e+06	-7.88176710e+04	1.13062902e+03	1.00000000e-09	1.13062902e+02	1.00000000e-10	1.09089116e+08	2.29417317e-08
2.62724000e+01	2.20890254e+01	-2.00888681e+06	-7.81893791e+04	1.00000000e-09	5.58583891e-07	1.00000000e-10	5.58583891e-08	-5.37986669e-02	1.96702351e-08
2.64544524e+01	2.22420894e+01	-1.99282694e+06	-7.75643011e+04	1.00000000e-09	8.62104625e-07	1.00000000e-10	8.62104625e-08	-8.30839657e-02	1.68785322e-08
2.66355712e+01	2.23943686e+01	-1.97686897e+06	-7.69431890e+04	3.71148729e+02	1.00000000e-09	3.71148729e+01	1.00000000e-10	3.58104084e+07	1.44944152e-08
2.68157588e+01	2.25458647e+01	-1.96100552e+06	-7.63257560e+04	1.15364583e+03	1.00000000e-09	1.15364583e+02	1.00000000e-10	1.11309901e+08	1.24568071e-08
2.69950176e+01	2.26965800e+01	-1.94522385e+06	-7.57115056e+04	1.00000000e-09	1.78621519e-07	1.00000000e-10	1.78621519e-08	-1.71378713e-02	1.07140069e-08
2.71733500e+01	2.28465164e+01	-1.92952373e+06	-7.51004296e+04	1.00000000e-09	7.22044418e-07	1.00000000e-10	7.22044418e-08	-6.95702101e-02	9.22221780e-09
2.73507584e+01	2.29956759e+01	-1.91392136e+06	-7.44931580e+04	2.20441104e+02	1.00000000e-09	2.20441104e+01	1.00000000e-10	2.12693331e+07	7.94431062e-09
2.75272452e+01	2.31440606e+01	-1.89841368e+06	-7.38895721e+04	1.15740298e+03	1.00000000e-09	1.15740298e+02	1.00000000e-10	1.11672411e+08	6.84878564e-09
2.77028128e+01	2.32916724e+01	-1.88298676e+06	-7.32891298e+04	1.00000000e-09	1.00000000e-09	1.00000000e-10	1.00000000e-10	0.00000000e+00	5.90889902e-09
2.78774636e+01	2.34385135e+01	-1.86764041e+06	-7.26918229e+04	1.00000000e-09	5.67974482e-07	1.00000000e-10	5.67974482e-08	-5.47047212e-02	5.10192799e-09
2.80512000e+01	2.35845857e+01	-1.85238823e+06	-7.20981814e+04	7.59473452e+01	8.60874154e-08	7.59473452e+00	8.60874154e-09	7.32780481e+06	4.40855198e-09
2.82240244e+01	2.37298911e+01	-1.83723043e+06	-7.15082133e+04	1.14387454e+03	1.00000000e-09	1.14387454e+02	1.00000000e-10	1.10367115e+08	3.81233114e-09
2.83959392e+01	2.38744318e+01	-1.82215240e+06	-7.09213502e+04	1.00000000e-09	1.00000000e-09	1.00000000e-10	1.00000000e-10	0.00000000e+00	3.29926652e-09
2.85669468e+01	2.40182097e+01	-1.80715394e+06	-7.03375841e+04	1.00000000e-09	3.97926035e-07	1.00000000e-10	3.97926035e-08	-3.82975403e-02	2.85742894e-09
2.87370496e+01	2.41612269e+01	-1.79224668e+06	-6.97573672e+04	1.00000000e-09	2.72322802e-07	1.00000000e-10	2.72322802e-08	-2.61786707e-02	2.47664556e-09
2.89062500e+01	2.43034854e+01	-1.77743331e+06	-6.91808052e+04	1.11457134e+03	1.00000000e-09	1.11457134e+02	1.00000000e-10	1.07539786e+08	2.14823497e-09
2.90745504e+01	2.44449872e+01	-1.76269874e+06	-6.86073099e+04	1.16692698e+02	1.00000000e-09	1.16692698e+01	1.00000000e-10	1.12591338e+07	1.86478313e-09
2.92419532e+01	2.45857343e+01	-1.74804275e+06	-6.80368733e+04	1.00000000e-09	2.01687286e-07	1.00000000e-10	2.01687286e-08	-1.93633794e-02	1.61995382e-09
2.94084608e+01	2.47257288e+01	-1.73347546e+06	-6.74698888e+04	1.00000000e-09	4.46050897e-07	1.00000000e-10	4.46050897e-08	-4.29408836e-02	1.40832799e-09
2.95740756e+01	2.48649726e+01	-1.71900166e+06	-6.69065432e+04	1.07059805e+03	1.00000000e-09	1.07059805e+02	1.00000000e-10	1.03297008e+08	1.22526770e-09
2.97388000e+01	2.50034678e+01	-1.70460567e+06	-6.63462264e+04	2.43174070e+02	1.00000000e-09	2.43174070e+01	1.00000000e-10	2.34627309e+07	1.06680067e-09
2.99026364e+01	2.51412164e+01	-1.69028729e+06	-6.57889301e+04	1.00000000e-09	1.00000000e-09	1.00000000e-10	1.00000000e-10	0.00000000e+00	9.29522319e-10
3.00655872e+01	2.52782204e+01	-1.67605542e+06	-6.52350009e+04	1.00000000e-09	1.00000000e-09	1.00000000e-10	1.00000000e-10	0.00000000e+00	8.10512530e-10
3.02276548e+01	2.54144819e+01	-1.66191684e+06	-6.46847026e+04	1.01279280e+03	5.46154546e-08	1.01279280e+02	5.46154546e-09	9.77196494e+07	7.07264951e-10
3.03888416e+01	2.55500028e+01	-1.64785510e+06	-6.41373951e+04	3.60545929e+02	1.00000000e-09	3.60545929e+01	1.00000000e-10	3.47873937e+07	6.17626836e-10
3.05491500e+01	2.56847852e+01	-1.63386999e+06	-6.35930701e+04	1.00000000e-09	1.00000000e-09	1.00000000e-10	1.00000000e-10	0.00000000e+00	5.39747847e-10
3.07085824e+01	2.58188310e+01	-1.61996927e+06	-6.30520302e+04	1.00000000e-09	1.00000000e-09	1.00000000e-10	1.00000000e-10	0.00000000e+00	4.72036458e-10
3.08671412e+01	2.59521424e+01	-1.60616189e+06	-6.25146227e+04	9.41920283e+02	2.96520624e-08	9.41920283e+01	2.96520624e-09	9.08814914e+07	4.13122792e-10
3.10248288e+01	2.60847213e+01	-1.59243037e+06	-6.19801679e+04	4.67847231e+02	9.03810139e-09	4.67847231e+01	9.03810139e-10	4.51403954e+07	3.61826923e-10
3.11816476e+01	2.62165697e+01	-1.57877450e+06	-6.14486578e+04	1.00000000e-09	1.00000000e-09	1.00000000e-10	1.00000000e-10	0.00000000e+00	3.17131833e-10
3.13376000e+01	2.63476897e+01	-1.56520081e+06	-6.09203460e+04	1.00000000e-09	1.00000000e-09	1.00000000e-10	1.00000000e-10	0.00000000e+00	2.78160305e-10
3.14926884e+01	2.64780832e+01	-1.55172065e+06	-6.03956748e+04	8.58869617e+02	8.19757171e-09	8.58869617e+01	8.19757171e-10	8.28683202e+07	2.44155186e-10
3.16469152e+01	2.66077524e+01	-1.53831539e+06	-5.98739185e+04	5.63848111e+02	1.14586198e-08	5.63848111e+01	1.14586198e-09	5.44030723e+07	2.14462497e-10
3.18002828e+01	2.67366991e+01	-1.52498480e+06	-5.93550688e+04	1.00000000e-09	1.00000000e-09	1.00000000e-10	1.00000000e-10	0.00000000e+00	1.88516988e-10
3.19527936e+01	2.68649255e+01	-1.51173390e+06	-5.88393205e+04	1.00000000e-09	1.00000000e-09	1.00000000e-10	1.00000000e-10	0.00000000e+00	1.65829763e-10
3.21044500e+01	2.69924335e+01	-1.49857678e+06	-5.83272226e+04	7.64817998e+02	1.00000000e-09	7.64817998e+01	1.00000000e-10	7.37937185e+07	1.45977676e-10
3.22552544e+01	2.71192252e+01	-1.48549358e+06	-5.78180017e+04	6.47127671e+02	7.62090536e-09	6.47127671e+01	7.62090536e-10	6.24383283e+07	1.28594238e-10
3.24052092e+01	2.72453026e+01	-1.47248409e+06	-5.73116497e+04	1.00000000e-09	3.91895738e-09	1.00000000e-10	3.91895738e-10	-2.81636572e-04	1.13361817e-10
3.25543168e+01	2.73706677e+01	-1.45955143e+06	-5.68082878e+04	1.00000000e-09	1.00000000e-09	1.00000000e-10	1.00000000e-10	0.00000000e+00	1.00004936e-10
3.27025796e+01	2.74953225e+01	-1.44671233e+06	-5.63085675e+04	6.62137842e+02	1.00000000e-09	6.62137842e+01	1.00000000e-10	6.38865896e+07	8.82845168e-11
3.28500000e+01	2.76192690e+01	-1.43394617e+06	-5.58116865e+04	7.16212943e+02	2.15120867e-09	7.16212943e+01	2.15120867e-10	6.91040436e+07	7.79929321e-11
3.29965804e+01	2.77425093e+01	-1.42125276e+06	-5.53176368e+04	1.00000000e-09	4.71733734e-09	1.00000000e-10	4.71733734e-10	-3.58668528e-04	6.89497459e-11
3.31423232e+01	2.78650454e+01	-1.40863298e+06	-5.48264529e+04	1.00000000e-09	1.00000000e-09	1.00000000e-10	1.00000000e-10	0.00000000e+00	6.09980477e-11
3.32872308e+01	2.79868792e+01	-1.39610636e+06	-5.43388949e+04	5.52657852e+02	1.00000000e-09	5.52657852e+01	1.00000000e-10	5.33233764e+07	5.40012939e-11
3.34313056e+01	2.81080129e+01	-1.38365173e+06	-5.38541390e+04	7.69833206e+02	1.00000000e-09	7.69833206e+01	1.00000000e-10	7.42776126e+07	4.78405856e-11
3.35745500e+01	2.82284484e+01	-1.37126888e+06	-5.33721771e+04	1.00000000e-09	3.05793144e-09	1.00000000e-10	3.05793144e-10	-1.98560199e-04	4.24123192e-11
3.37169664e+01	2.83481877e+01	-1.35895761e+06	-5.28930010e+04	1.00000000e-09	2.15081899e-09	1.00000000e-10	2.15081899e-10	-1.11037153e-04	3.76261595e-11
3.38585572e+01	2.84672329e+01	-1.34673877e+06	-5.24174224e+04	4.38444850e+02	1.00000000e-09	4.38444850e+01	1.00000000e-10	4.23034970e+07	3.34032885e-11
3.39993248e+01	2.85855860e+01	-1.33459192e+06	-5.19446456e+04	8.08184569e+02	1.00000000e-09	8.08184569e+01	1.00000000e-10	7.79779566e+07	2.96748916e-11
3.41392716e+01	2.87032489e+01	-1.32251589e+06	-5.14746255e+04	1.00000000e-09	1.00000000e-09	1.00000000e-10	1.00000000e-10	0.00000000e+00	2.63808489e-11
3.42784000e+01	2.88202238e+01	-1.31051048e+06	-5.10073541e+04	1.00000000e-09	2.36853604e-09	1.00000000e-10	2.36853604e-10	-1.32043655e-04	2.34686021e-11
3.44167124e+01	2.89365126e+01	-1.29859631e+06	-5.05436338e+04	3.21787583e+02	1.00000000e-09	3.21787583e+01	1.00000000e-10	3.10477819e+07	2.08921740e-11
3.45542112e+01	2.90521174e+01	-1.28675620e+06	-5.00827962e+04	8.29008232e+02	1.00000000e-09	8.29008232e+01	1.00000000e-10	7.99871346e+07	1.86113178e-11
3.46908988e+01	2.91670401e+01	-1.27498595e+06	-4.96246773e+04	1.00000000e-09	1.00000000e-09	1.00000000e-10	1.00000000e-10	0.00000000e+00	1.65907805e-11
3.48267776e+01	2.92812828e+01	-1.26328534e+06	-4.91692692e+04	1.00000000e-09	1.39007254e-09	1.00000000e-10	1.39007254e-10	-3.76362790e-05	1.47996634e-11
3.49618500e+01	2.93948475e+01	-1.25167423e+06	-4.87173447e+04	2.05442305e+02	1.26738225e-09	2.05442305e+01	1.26738225e-10	1.98221690e+07	1.32108666e-11
3.50961184e+01	2.95077363e+01	-1.24013928e+06	-4.82683844e+04	8.32230018e+02	1.00000000e-09	8.32230018e+01	1.00000000e-10	8.02979897e+07	1.18006071e-11
3.52295852e+01	2.96199510e+01	-1.22867320e+06	-4.78221044e+04	1.00000000e-09	1.00000000e-09	1.00000000e-10	1.00000000e-10	0.00000000e+00	1.05479993e-11
3.53622528e+01	2.97314939e+01	-1.21727577e+06	-4.73784967e+04	1.00000000e-09	1.00000000e-09	1.00000000e-10	1.00000000e-10	0.00000000e+00	9.43469045e-12
3.54941236e+01	2.98423668e+01	-1.20596555e+06	-4.69382829e+04	9.22685244e+01	1.26855494e-09	9.22685244e+00	1.26855494e-10	8.90255922e+06	8.44454321e-12
3.56252000e+01	2.99525718e+01	-1.19473343e+06	-4.65011092e+04	8.18345232e+02	1.00000000e-09	8.18345232e+01	1.00000000e-10	7.89583115e+07	7.56335940e-12
3.57554844e+01	3.00621109e+01	-1.18356917e+06	-4.60665769e+04	1.00000000e-09	1.00000000e-09	1.00000000e-10	1.00000000e-10	0.00000000e+00	6.77863898e-12
3.58849792e+01	3.01709861e+01	-1.17247258e+06	-4.56346782e+04	1.00000000e-09	1.00000000e-09	1.00000000e-10	1.00000000e-10	0.00000000e+00	6.07937016e-12
3.60136868e+01	3.02791995e+01	-1.16146034e+06	-4.52060625e+04	1.00000000e-09	1.00000000e-09	1.00000000e-10	1.00000000e-10	0.00000000e+00	5.45584609e-12
3.61416096e+01	3.03867531e+01	-1.15052785e+06	-4.47805510e+04	7.88434860e+02	1.00000000e-09	7.88434860e+01	1.00000000e-10	7.60723993e+07	4.89950489e-12
3.62687500e+01	3.04936488e+01	-1.13966223e+06	-4.43576420e+04	4.51509201e+01	1.00000000e-09	4.51509201e+00	1.00000000e-10	4.35640152e+06	4.40278996e-12
3.63951104e+01	3.05998888e+01	-1.12886326e+06	-4.39373275e+04	1.00000000e-09	1.00000000e-09	1.00000000e-10	1.00000000e-10	0.00000000e+00	3.95902778e-12
3.65206932e+01	3.07054749e+01	-1.11814533e+06	-4.35201669e+04	1.00000000e-09	1.00000000e-09	1.00000000e-10	1.00000000e-10	0.00000000e+00	3.56232112e-12
3.66455008e+01	3.08104093e+01	-1.10750837e+06	-4.31061578e+04	7.44135199e+02	1.00000000e-09	7.44135199e+01	1.00000000e-10	7.17981318e+07	3.20745550e-12
3.67695356e+01	3.09146939e+01	-1.09693727e+06	-4.26947122e+04	1.41435183e+02	1.00000000e-09	1.41435183e+01	1.00000000e-10	1.36464206e+07	2.88981735e-12
3.68928000e+01	3.10183309e+01	-1.08643183e+06	-4.22858221e+04	1.00000000e-09	1.00000000e-09	1.00000000e-10	1.00000000e-10	0.00000000e+00	2.60532229e-12
3.70152964e+01	3.11213221e+01	-1.07600374e+06	-4.18799428e+04	1.00000000e-09	1.00000000e-09	1.00000000e-10	1.00000000e-10	0.00000000e+00	2.35035219e-12
3.71370272e+01	3.12236696e+01	-1.06565731e+06	-4.14772414e+04	6.87563789e+02	1.00000000e-09	6.87563789e+01	1.00000000e-10	6.63398206e+07	2.12170004e-12
3.72579948e+01	3.13253754e+01	-1.05537574e+06	-4.10770647e+04	2.26507707e+02	1.00000000e-09	2.26507707e+01	1.00000000e-10	2.18546713e+07	1.91652153e-12
3.73782016e+01	3.14264416e+01	-1.04515883e+06	-4.06794049e+04	1.00000000e-09	1.00000000e-09	1.00000000e-10	1.00000000e-10	0.00000000e+00	1.73229247e-12
3.74976500e+01	3.15268701e+01	-1.03501538e+06	-4.02846043e+04	1.00000000e-09	1.00000000e-09	1.00000000e-10	1.00000000e-10	0.00000000e+00	1.56677148e-12
3.76163424e+01	3.16266630e+01	-1.02495367e+06	-3.98929848e+04	6.21208576e+02	1.00000000e-09	6.21208576e+01	1.00000000e-10	5.99375158e+07	1.41796707e-12
3.77342812e+01	3.17258224e+01	-1.01495584e+06	-3.95038519e+04	2.98714878e+02	1.00000000e-09	2.98714878e+01	1.00000000e-10	2.88216042e+07	1.28410874e-12
3.78514688e+01	3.18243501e+01	-1.00502169e+06	-3.91171975e+04	1.00000000e-09	1.00000000e-09	1.00000000e-10	1.00000000e-10	0.00000000e+00	1.16362154e-12
3.79679076e+01	3.19222482e+01	-9.95157034e+05	-3.87332478e+04	1.00000000e-09	1.00000000e-09	1.00000000e-10	1.00000000e-10	0.00000000e+00	1.05510364e-12
3.80836000e+01	3.20195189e+01	-9.85373588e+05	-3.83524590e+04	5.47790670e+02	1.00000000e-09	5.47790670e+01	1.00000000e-10	5.28537647e+07	9.57306558e-13
3.81985484e+01	3.21161639e+01	-9.75653058e+05	-3.79741190e+04	3.56973586e+02	1.00000000e-09	3.56973586e+01	1.00000000e-10	3.44427150e+07	8.69117731e-13
3.83127552e+01	3.22121855e+01	-9.65995240e+05	-3.75982199e+04	1.00000000e-09	1.00000000e-09	1.00000000e-10	1.00000000e-10	0.00000000e+00	7.89545160e-13
3.84262228e+01	3.23075856e+01	-9.56403023e+05	-3.72248741e+04	1.00000000e-09	1.00000000e-09	1.00000000e-10	1.00000000e-10	0.00000000e+00	7.17703812e-13
3.85389536e+01	3.24023661e+01	-9.46890913e+05	-3.68546462e+04	4.70113572e+02	1.00000000e-09	4.70113572e+01	1.00000000e-10	4.53590641e+07	6.52803640e-13
3.86509500e+01	3.24965293e+01	-9.37440772e+05	-3.64868302e+04	4.00810703e+02	1.00000000e-09	4.00810703e+01	1.00000000e-10	3.86723538e+07	5.94138973e-13
3.87622144e+01	3.25900770e+01	-9.28052395e+05	-3.61214182e+04	1.00000000e-09	1.00000000e-09	1.00000000e-10	1.00000000e-10	0.00000000e+00	5.41079149e-13
3.88727492e+01	3.26830112e+01	-9.18725932e+05	-3.57584160e+04	1.00000000e-09	1.00000000e-09	1.00000000e-10	1.00000000e-10	0.00000000e+00	4.93060217e-13
3.89825568e+01	3.27753341e+01	-9.09477954e+05	-3.53984685e+04	3.90912782e+02	1.00000000e-09	3.90912782e+01	1.00000000e-10	3.77173496e+07	4.49577593e-13
3.90916396e+01	3.28670475e+01	-9.00291018e+05	-3.50408970e+04	4.30356041e+02	1.00000000e-09	4.30356041e+01	1.00000000e-10	4.15230455e+07	4.10179554e-13
3.92000000e+01	3.29581536e+01	-8.91164923e+05	-3.46856934e+04	1.00000000e-09	1.00000000e-09	1.00000000e-10	1.00000000e-10	0.00000000e+00	3.74461468e-13
3.93076404e+01	3.30486544e+01	-8.82099466e+05	-3.43328500e+04	1.00000000e-09	1.00000000e-09	1.00000000e-10	1.00000000e-10	0.00000000e+00	3.42060689e-13
3.94145632e+01	3.31385518e+01	-8.73110422e+05	-3.39829808e+04	3.12504977e+02	1.00000000e-09	3.12504977e+01	1.00000000e-10	3.01521465e+07	3.12652007e-13
3.95207708e+01	3.32278478e+01	-8.64183858e+05	-3.36355433e+04	4.45604707e+02	1.00000000e-09	4.45604707e+01	1.00000000e-10	4.29943182e+07	2.85943630e-13
3.96262656e+01	3.33165446e+01	-8.55317204e+05	-3.32904377e+04	1.00000000e-09	1.00000000e-09	1.00000000e-10	1.00000000e-10	0.00000000e+00	2.61673596e-13
3.97310500e+01	3.34046441e+01	-8.46510257e+05	-3.29476560e+04	1.00000000e-09	1.00000000e-09	1.00000000e-10	1.00000000e-10	0.00000000e+00	2.39606600e-13
3.98351264e+01	3.34921483e+01	-8.37777211e+05	-3.26077505e+04	2.37390931e+02	1.00000000e-09	2.37390931e+01	1.00000000e-10	2.29047428e+07	2.19531159e-13
3.99384972e+01	3.35790593e+01	-8.29107696e+05	-3.22703179e+04	4.48840368e+02	1.00000000e-09	4.48840368e+01	1.00000000e-10	4.33065120e+07	2.01257099e-13
4.00411648e+01	3.36653791e+01	-8.20497158e+05	-3.19351807e+04	1.00000000e-09	1.00000000e-09	1.00000000e-10	1.00000000e-10	0.00000000e+00	1.84613312e-13
4.01431316e+01	3.37511096e+01	-8.11945394e+05	-3.16023312e+04	1.00000000e-09	1.00000000e-09	1.00000000e-10	1.00000000e-10	0.00000000e+00	1.69445762e-13
4.02444000e+01	3.38362530e+01	-8.03464808e+05	-3.12722520e+04	1.67295050e+02	1.00000000e-09	1.67295050e+01	1.00000000e-10	1.61415185e+07	1.55615704e-13
4.03449724e+01	3.39208112e+01	-7.95048384e+05	-3.09446701e+04	4.41587304e+02	1.00000000e-09	4.41587304e+01	1.00000000e-10	4.26066977e+07	1.42998101e-13
4.04448512e+01	3.40047862e+01	-7.86690004e+05	-3.06193473e+04	1.00000000e-09	1.00000000e-09	1.00000000e-10	1.00000000e-10	0.00000000e+00	1.31480208e-13
4.05440388e+01	3.40881801e+01	-7.78389466e+05	-3.02962759e+04	1.00000000e-09	1.00000000e-09	1.00000000e-10	1.00000000e-10	0.00000000e+00	1.20960307e-13
4.06425376e+01	3.41709948e+01	-7.70157279e+05	-2.99758649e+04	1.03544987e+02	1.00000000e-09	1.03544987e+01	1.00000000e-10	9.99057247e+06	1.11346581e-13
4.07403500e+01	3.42532325e+01	-7.61989462e+05	-2.96579592e+04	4.25536184e+02	1.00000000e-09	4.25536184e+01	1.00000000e-10	4.10580000e+07	1.02556107e-13
4.08374784e+01	3.43348951e+01	-7.53878763e+05	-2.93422766e+04	1.00000000e-09	1.00000000e-09	1.00000000e-10	1.00000000e-10	0.00000000e+00	9.45139521e-14
4.09339252e+01	3.44159846e+01	-7.45824980e+05	-2.90288093e+04	1.00000000e-09	1.00000000e-09	1.00000000e-10	1.00000000e-10	0.00000000e+00	8.71523698e-14
4.10296928e+01	3.44965030e+01	-7.37836707e+05	-2.87178918e+04	4.70646251e+01	1.00000000e-09	4.70646251e+00	1.00000000e-10	4.54104598e+06	8.04100777e-14
4.11247836e+01	3.45764524e+01	-7.29912614e+05	-2.84094723e+04	4.02452953e+02	1.00000000e-09	4.02452953e+01	1.00000000e-10	3.88308069e+07	7.42316118e-14
4.12192000e+01	3.46558348e+01	-7.22044721e+05	-2.81032401e+04	1.00000000e-09	1.00000000e-09	1.00000000e-10	1.00000000e-10	0.00000000e+00	6.85667478e-14
4.13129444e+01	3.47346522e+01	-7.14232826e+05	-2.77991876e+04	1.00000000e-09	1.00000000e-09	1.00000000e-10	1.00000000e-10	0.00000000e+00	6.33699823e-14
4.14060192e+01	3.48129067e+01	-7.06483666e+05	-2.74975767e+04	1.00000000e-09	1.00000000e-09	1.00000000e-10	1.00000000e-10	0.00000000e+00	5.86000680e-14
4.14984268e+01	3.48906001e+01	-6.98798139e+05	-2.71984426e+04	3.74095477e+02	1.00000000e-09	3.74095477e+01	1.00000000e-10	3.60947263e+07	5.42195959e-14
4.15901696e+01	3.49677347e+01	-6.91167903e+05	-2.69014605e+04	1.22529198e+01	1.00000000e-09	1.22529198e+00	1.00000000e-10	1.18222703e+06	5.01946209e-14
4.16812500e+01	3.50443123e+01	-6.83592759e+05	-2.66066227e+04	1.00000000e-09	1.00000000e-09	1.00000000e-10	1.00000000e-10	0.00000000e+00	4.64943254e-14
4.17716704e+01	3.51203349e+01	-6.76077704e+05	-2.63141236e+04	1.00000000e-09	1.00000000e-09	1.00000000e-10	1.00000000e-10	0.00000000e+00	4.30907166e-14
4.18614332e+01	3.51958047e+01	-6.68625425e+05	-2.60240680e+04	3.42141404e+02	1.00000000e-09	3.42141404e+01	1.00000000e-10	3.30116270e+07	3.99583548e-14
4.19505408e+01	3.52707237e+01	-6.61227543e+05	-2.57361295e+04	5.17804801e+01	1.00000000e-09	5.17804801e+00	1.00000000e-10	4.99605682e+06	3.70741089e-14
4.20389956e+01	3.53450937e+01	-6.53883857e+05	-2.54503004e+04	1.00000000e-09	1.00000000e-09	1.00000000e-10	1.00000000e-10	0.00000000e+00	3.44169364e-14
4.21268000e+01	3.54189170e+01	-6.46597791e+05	-2.51667140e+04	1.00000000e-09	1.00000000e-09	1.00000000e-10	1.00000000e-10	0.00000000e+00	3.19676848e-14
4.22139564e+01	3.54921954e+01	-6.39373393e+05	-2.48855278e+04	3.08129805e+02	1.00000000e-09	3.08129805e+01	1.00000000e-10	2.97300066e+07	2.97089136e-14
4.23004672e+01	3.55649310e+01	-6.32202508e+05	-2.46064245e+04	8.34635319e+01	1.00000000e-09	8.34635319e+00	1.00000000e-10	8.05300659e+06	2.76247333e-14
4.23863348e+01	3.56371259e+01	-6.25084938e+05	-2.43293963e+04	1.00000000e-09	1.00000000e-09	1.00000000e-10	1.00000000e-10	0.00000000e+00	2.57006599e-14
4.24715616e+01	3.57087819e+01	-6.18022727e+05	-2.40545227e+04	1.00000000e-09	1.00000000e-09	1.00000000e-10	1.00000000e-10	0.00000000e+00	2.39234847e-14
4.25561500e+01	3.57799013e+01	-6.11020880e+05	-2.37819986e+04	2.73418032e+02	1.00000000e-09	2.73418032e+01	1.00000000e-10	2.63808297e+07	2.22811555e-14
4.26401024e+01	3.58504858e+01	-6.04071677e+05	-2.35115235e+04	1.07740269e+02	1.00000000e-09	1.07740269e+01	1.00000000e-10	1.03953557e+07	2.07626704e-14
4.27234212e+01	3.59205377e+01	-5.97174922e+05	-2.32430897e+04	1.00000000e-09	1.00000000e-09	1.00000000e-10	1.00000000e-10	0.00000000e+00	1.93579812e-14
4.28061088e+01	3.59900589e+01	-5.90331486e+05	-2.29767313e+04	1.00000000e-09	1.00000000e-09	1.00000000e-10	1.00000000e-10	0.00000000e+00	1.80579063e-14
4.28881676e+01	3.60590514e+01	-5.83546972e+05	-2.27126661e+04	2.39154139e+02	1.00000000e-09	2.39154139e+01	1.00000000e-10	2.30748665e+07	1.68540519e-14
4.29696000e+01	3.61275173e+01	-5.76814247e+05	-2.24506168e+04	1.25239603e+02	1.00000000e-09	1.25239603e+01	1.00000000e-10	1.20837847e+07	1.57387408e-14
4.30504084e+01	3.61954585e+01	-5.70133115e+05	-2.21905754e+04	1.00000000e-09	1.00000000e-09	1.00000000e-10	1.00000000e-10	0.00000000e+00	1.47049478e-14
4.31305952e+01	3.62628771e+01	-5.63503490e+05	-2.19325389e+04	1.00000000e-09	1.00000000e-09	1.00000000e-10	1.00000000e-10	0.00000000e+00	1.37462413e-14
4.32101628e+01	3.63297751e+01	-5.56931258e+05	-2.16767361e+04	2.06264143e+02	1.00000000e-09	2.06264143e+01	1.00000000e-10	1.99014644e+07	1.28567304e-14
4.32891136e+01	3.63961545e+01	-5.50410024e+05	-2.14229183e+04	1.36501910e+02	1.00000000e-09	1.36501910e+01	1.00000000e-10	1.31704322e+07	1.20310167e-14
4.33674500e+01	3.64620173e+01	-5.43939538e+05	-2.11710757e+04	1.00000000e-09	1.00000000e-09	1.00000000e-10	1.00000000e-10	0.00000000e+00	1.12641510e-14
4.34451744e+01	3.65273656e+01	-5.37519604e+05	-2.09212007e+04	1.00000000e-09	1.00000000e-09	1.00000000e-10	1.00000000e-10	0.00000000e+00	1.05515938e-14
4.35222892e+01	3.65922014e+01	-5.31155486e+05	-2.06734981e+04	1.75392262e+02	1.00000000e-09	1.75392262e+01	1.00000000e-10	1.69227806e+07	9.88917940e-15
4.35987968e+01	3.66565266e+01	-5.24842203e+05	-2.04277741e+04	1.42399240e+02	1.00000000e-09	1.42399240e+01	1.00000000e-10	1.37394379e+07	9.27308329e-15
4.36746996e+01	3.67203433e+01	-5.18578826e+05	-2.01839926e+04	1.00000000e-09	1.00000000e-09	1.00000000e-10	1.00000000e-10	0.00000000e+00	8.69979268e-15
4.37500000e+01	3.67836536e+01	-5.12365159e+05	-1.99421458e+04	1.00000000e-09	1.00000000e-09	1.00000000e-10	1.00000000e-10	0.00000000e+00	8.16607957e-15
4.38247004e+01	3.68464594e+01	-5.06205722e+05	-1.97024098e+04	1.47043464e+02	1.00000000e-09	1.47043464e+01	1.00000000e-10	1.41875375e+07	7.66897630e-15
4.38988032e+01	3.69087627e+01	-5.00096775e+05	-1.94646389e+04	1.44263725e+02	1.00000000e-09	1.44263725e+01	1.00000000e-10	1.39193334e+07	7.20575336e-15
4.39723108e+01	3.69705657e+01	-4.94036896e+05	-1.92287778e+04	1.00000000e-09	1.00000000e-09	1.00000000e-10	1.00000000e-10	0.00000000e+00	6.77389909e-15
4.40452256e+01	3.70318702e+01	-4.88025886e+05	-1.89948188e+04	1.00000000e-09	1.00000000e-09	1.00000000e-10	1.00000000e-10	0.00000000e+00	6.37110126e-15
4.41175500e+01	3.70926783e+01	-4.82067540e+05	-1.87629096e+04	1.21521580e+02	1.00000000e-09	1.21521580e+01	1.00000000e-10	1.17250500e+07	5.99523033e-15
4.41892864e+01	3.71529921e+01	-4.76159183e+05	-1.85329461e+04	1.42905255e+02	1.00000000e-09	1.42905255e+01	1.00000000e-10	1.37882610e+07	5.64432407e-15
4.42604372e+01	3.72128135e+01	-4.70299057e+05	-1.83048597e+04	1.00000000e-09	1.00000000e-09	1.00000000e-10	1.00000000e-10	0.00000000e+00	5.31657366e-15
4.43310048e+01	3.72721445e+01	-4.64486965e+05	-1.80786430e+04	1.00000000e-09	1.00000000e-09	1.00000000e-10	1.00000000e-10	0.00000000e+00	5.01031096e-15
4.44009916e+01	3.73309873e+01	-4.58726016e+05	-1.78544168e+04	9.89686933e+01	1.00000000e-09	9.89686933e+00	1.00000000e-10	9.54902724e+06	4.72399686e-15
4.44704000e+01	3.73893437e+01	-4.53014422e+05	-1.76321116e+04	1.39078201e+02	1.00000000e-09	1.39078201e+01	1.00000000e-10	1.34190064e+07	4.45621070e-15
4.45392324e+01	3.74472159e+01	-4.47350227e+05	-1.74116512e+04	1.00000000e-09	1.00000000e-09	1.00000000e-10	1.00000000e-10	0.00000000e+00	4.20564060e-15
4.46074912e+01	3.75046058e+01	-4.41733234e+05	-1.71930281e+04	1.00000000e-09	1.00000000e-09	1.00000000e-10	1.00000000e-10	0.00000000e+00	3.97107455e-15
4.46751788e+01	3.75615155e+01	-4.36165925e+05	-1.69763387e+04	7.93925396e+01	1.00000000e-09	7.93925396e+00	1.00000000e-10	7.66021555e+06	3.75139239e-15
4.47422976e+01	3.76179469e+01	-4.30647231e+05	-1.67615415e+04	1.33462740e+02	1.00000000e-09	1.33462740e+01	1.00000000e-10	1.28771968e+07	3.54555835e-15
4.48088500e+01	3.76739021e+01	-4.25175109e+05	-1.65485569e+04	1.00000000e-09	1.00000000e-09	1.00000000e-10	1.00000000e-10	0.00000000e+00	3.35261434e-15
4.48748384e+01	3.77293831e+01	-4.19749360e+05	-1.63373773e+04	1.00000000e-09	1.00000000e-09	1.00000000e-10	1.00000000e-10	0.00000000e+00	3.17167369e-15
4.49402652e+01	3.77843919e+01	-4.14371909e+05	-1.61280776e+04	6.26945118e+01	1.00000000e-09	6.26945118e+00	1.00000000e-10	6.04910079e+06	3.00191551e-15
4.50051328e+01	3.78389306e+01	-4.09042251e+05	-1.59206380e+04	1.26653413e+02	1.00000000e-09	1.26653413e+01	1.00000000e-10	1.22201967e+07	2.84257947e-15
4.50694436e+01	3.78930012e+01	-4.03758340e+05	-1.57149789e+04	1.00000000e-09	1.00000000e-09	1.00000000e-10	1.00000000e-10	0.00000000e+00	2.69296109e-15
4.51332000e+01	3.79466056e+01	-3.98519980e+05	-1.55110928e+04	1.00000000e-09	1.00000000e-09	1.00000000e-10	1.00000000e-10	0.00000000e+00	2.55240728e-15
4.51964044e+01	3.79997459e+01	-3.93328610e+05	-1.53090357e+04	4.86966614e+01	1.00000000e-09	4.86966614e+00	1.00000000e-10	4.69851355e+06	2.42031242e-15
4.52590592e+01	3.80524241e+01	-3.88184147e+05	-1.51088042e+04	1.19154001e+02	1.00000000e-09	1.19154001e+01	1.00000000e-10	1.14966134e+07	2.29611463e-15
4.53211668e+01	3.81046423e+01	-3.83084614e+05	-1.49103215e+04	1.00000000e-09	1.00000000e-09	1.00000000e-10	1.00000000e-10	0.00000000e+00	2.17929241e-15
4.53827296e+01	3.81564024e+01	-3.78029813e+05	-1.47135798e+04	1.00000000e-09	1.00000000e-09	1.00000000e-10	1.00000000e-10	0.00000000e+00	2.06936156e-15
4.54437500e+01	3.82077065e+01	-3.73020771e+05	-1.45186191e+04	3.71664685e+01	1.00000000e-09	3.71664685e+00	1.00000000e-10	3.58601906e+06	1.96587229e-15
4.55042304e+01	3.82585565e+01	-3.68057709e+05	-1.43254481e+04	1.11377624e+02	1.00000000e-09	1.11377624e+01	1.00000000e-10	1.07463071e+07	1.86840664e-15
4.55641732e+01	3.83089546e+01	-3.63138764e+05	-1.41339942e+04	1.00000000e-09	1.00000000e-09	1.00000000e-10	1.00000000e-10	0.00000000e+00	1.77657604e-15
4.56235808e+01	3.83589027e+01	-3.58263737e+05	-1.39442496e+04	1.00000000e-09	1.00000000e-09	1.00000000e-10	1.00000000e-10	0.00000000e+00	1.69001915e-15
4.56824556e+01	3.84084028e+01	-3.53433312e+05	-1.37562411e+04	2.78385639e+01	1.00000000e-09	2.78385639e+00	1.00000000e-10	2.68601309e+06	1.60839975e-15
4.57408000e+01	3.84574570e+01	-3.48647916e+05	-1.35699851e+04	1.03650911e+02	1.00000000e-09	1.03650911e+01	1.00000000e-10	1.00007926e+07	1.53140492e-15
4.57986164e+01	3.85060672e+01	-3.43905825e+05	-1.33854147e+04	1.00000000e-09	1.00000000e-09	1.00000000e-10	1.00000000e-10	0.00000000e+00	1.45874330e-15
4.58559072e+01	3.85542356e+01	-3.39206844e+05	-1.32025221e+04	1.00000000e-09	1.00000000e-09	1.00000000e-10	1.00000000e-10	0.00000000e+00	1.39014349e-15
4.59126748e+01	3.86019640e+01	-3.34551375e+05	-1.30213231e+04	2.04573197e+01	1.00000000e-09	2.04573197e+00	1.00000000e-10	1.97383129e+06	1.32535258e-15
4.59689216e+01	3.86492546e+01	-3.29939967e+05	-1.28418391e+04	9.62233554e+01	1.00000000e-09	9.62233554e+00	1.00000000e-10	9.28414240e+06	1.26413481e-15
4.60246500e+01	3.86961093e+01	-3.25371060e+05	-1.26640092e+04	1.00000000e-09	1.00000000e-09	1.00000000e-10	1.00000000e-10	0.00000000e+00	1.20627032e-15
4.60798624e+01	3.87425302e+01	-3.20844457e+05	-1.24878260e+04	1.00000000e-09	1.00000000e-09	1.00000000e-10	1.00000000e-10	0.00000000e+00	1.15155400e-15
4.61345612e+01	3.87885193e+01	-3.16360336e+05	-1.23132962e+04	1.47469414e+01	1.00000000e-09	1.47469414e+00	1.00000000e-10	1.42286354e+06	1.09979441e-15
4.61887488e+01	3.88340785e+01	-3.11919309e+05	-1.21404436e+04	8.92730000e+01	1.00000000e-09	8.92730000e+00	1.00000000e-10	8.61353505e+06	1.05081284e-15
4.62424276e+01	3.88792100e+01	-3.07519980e+05	-1.19692141e+04	1.00000000e-09	1.00000000e-09	1.00000000e-10	1.00000000e-10	0.00000000e+00	1.00444235e-15
4.62956000e+01	3.89239157e+01	-3.03162155e+05	-1.17995999e+04	1.00000000e-09	1.00000000e-09	1.00000000e-10	1.00000000e-10	0.00000000e+00	9.60526985e-16
4.63482684e+01	3.89681977e+01	-2.98845837e+05	-1.16316013e+04	1.04320345e+01	1.00000000e-09	1.04320345e+00	1.00000000e-10	1.00653831e+06	9.18920955e-16
4.64004352e+01	3.90120579e+01	-2.94571650e+05	-1.14652425e+04	8.29173352e+01	1.00000000e-09	8.29173352e+00	1.00000000e-10	8.00030662e+06	8.79487953e-16
4.64521028e+01	3.90554985e+01	-2.90338363e+05	-1.13004756e+04	1.00000000e-09	1.00000000e-09	1.00000000e-10	1.00000000e-10	0.00000000e+00	8.42100477e-16
4.65032736e+01	3.90985213e+01	-2.86145781e+05	-1.11372930e+04	1.00000000e-09	1.00000000e-09	1.00000000e-10	1.00000000e-10	0.00000000e+00	8.06639220e-16
4.65539500e+01	3.91411285e+01	-2.81993780e+05	-1.09756899e+04	7.25727267e+00	1.00000000e-09	7.25727267e-01	1.00000000e-10	7.00220364e+05	7.72992501e-16
4.66041344e+01	3.91833220e+01	-2.77882957e+05	-1.08156894e+04	7.72233788e+01	1.00000000e-09	7.72233788e+00	1.00000000e-10	7.45092335e+06	7.41055742e-16
4.66538292e+01	3.92251038e+01	-2.73812239e+05	-1.06572500e+04	1.00000000e-09	1.00000000e-09	1.00000000e-10	1.00000000e-10	0.00000000e+00	7.10730980e-16
4.67030368e+01	3.92664761e+01	-2.69781430e+05	-1.05003639e+04	1.00000000e-09	1.00000000e-09	1.00000000e-10	1.00000000e-10	0.00000000e+00	6.81926414e-16
4.67517596e+01	3.93074407e+01	-2.65790333e+05	-1.03450234e+04	4.86023470e+00	1.00000000e-09	4.86023470e-01	1.00000000e-10	4.68941359e+05	6.54555987e-16
4.68000000e+01	3.93479997e+01	-2.61839476e+05	-1.01912492e+04	7.22155358e+01	1.00000000e-09	7.22155358e+00	1.00000000e-10	6.96773996e+06	6.28539001e-16
4.68477604e+01	3.93881552e+01	-2.57927971e+05	-1.00390066e+04	1.00000000e-09	1.00000000e-09	1.00000000e-10	1.00000000e-10	0.00000000e+00	6.03799751e-16
4.68950432e+01	3.94279091e+01	-2.54055580e+05	-9.88828638e+03	1.00000000e-09	1.00000000e-09	1.00000000e-10	1.00000000e-10	0.00000000e+00	5.80267197e-16
4.69418508e+01	3.94672635e+01	-2.50222108e+05	-9.73908095e+03	2.99402459e+00	1.00000000e-09	2.99402459e-01	1.00000000e-10	2.88879457e+05	5.57874648e-16
4.69881856e+01	3.95062204e+01	-2.46427953e+05	-9.59140581e+03	6.78885848e+01	1.00000000e-09	6.78885848e+00	1.00000000e-10	6.55025265e+06	5.36559478e-16
4.70340500e+01	3.95447818e+01	-2.42672406e+05	-9.44523339e+03	1.00000000e-09	1.00000000e-09	1.00000000e-10	1.00000000e-10	0.00000000e+00	5.16262854e-16
4.70794464e+01	3.95829497e+01	-2.38955181e+05	-9.30055251e+03	1.00000000e-09	1.00000000e-09	1.00000000e-10	1.00000000e-10	0.00000000e+00	4.96929491e-16
4.71243772e+01	3.96207261e+01	-2.35276081e+05	-9.15735553e+03	1.72454145e+00	1.00000000e-09	1.72454145e-01	1.00000000e-10	1.66392954e+05	4.78507418e-16
4.71688448e+01	3.96581131e+01	-2.31635392e+05	-9.01565355e+03	6.42141014e+01	1.00000000e-09	6.42141014e+00	1.00000000e-10	6.19571890e+06	4.60947762e-16
4.72128516e+01	3.96951126e+01	-2.28032549e+05	-8.87542461e+03	1.00000000e-09	1.00000000e-09	1.00000000e-10	1.00000000e-10	0.00000000e+00	4.44204552e-16
4.72564000e+01	3.97317268e+01	-2.24467235e+05	-8.73665638e+03	1.00000000e-09	1.00000000e-09	1.00000000e-10	1.00000000e-10	0.00000000e+00	4.28234527e-16
4.72994924e+01	3.97679576e+01	-2.20939254e+05	-8.59934120e+03	8.95027977e-01	1.00000000e-09	8.95027977e-02	1.00000000e-10	8.63570715e+04	4.12996964e-16
4.73421312e+01	3.98038070e+01	-2.17448793e+05	-8.46348636e+03	6.11474996e+01	1.00000000e-09	6.11474996e+00	1.00000000e-10	5.89983681e+06	3.98453519e-16
4.73843188e+01	3.98392770e+01	-2.13995401e+05	-8.32907431e+03	1.00000000e-09	1.00000000e-09	1.00000000e-10	1.00000000e-10	0.00000000e+00	3.84568073e-16
4.74260576e+01	3.98743697e+01	-2.10578746e+05	-8.19609216e+03	1.00000000e-09	1.00000000e-09	1.00000000e-10	1.00000000e-10	0.00000000e+00	3.71306593e-16
4.74673500e+01	3.99090871e+01	-2.07198633e+05	-8.06453227e+03	3.75210600e-01	1.00000000e-09	3.75210600e-02	1.00000000e-10	3.62023193e+04	3.58637001e-16
4.75081984e+01	3.99434311e+01	-2.03855166e+05	-7.93439867e+03	5.86338586e+01	1.00000000e-09	5.86338586e+00	1.00000000e-10	5.65730732e+06	3.46529052e-16
4.75486052e+01	3.99774039e+01	-2.00547979e+05	-7.80567720e+03	1.00000000e-09	1.00000000e-09	1.00000000e-10	1.00000000e-10	0.00000000e+00	3.34954220e-16
4.75885728e+01	4.00110075e+01	-1.97276740e+05	-7.67835486e+03	1.00000000e-09	1.00000000e-09	1.00000000e-10	1.00000000e-10	0.00000000e+00	3.23885590e-16
4.76281036e+01	4.00442437e+01	-1.94041251e+05	-7.55242400e+03	5.93064211e-02	1.00000000e-09	5.93064211e-03	1.00000000e-10	5.72219964e+03	3.13297763e-16
4.76672000e+01	4.00771148e+01	-1.90841548e+05	-7.42788595e+03	5.66126598e+01	1.00000000e-09	5.66126598e+00	1.00000000e-10	5.46229128e+06	3.03166757e-16
4.77058644e+01	4.01096226e+01	-1.87677330e+05	-7.30472910e+03	1.00000000e-09	1.00000000e-09	1.00000000e-10	1.00000000e-10	0.00000000e+00	2.93469927e-16
4.77440992e+01	4.01417693e+01	-1.84548271e+05	-7.18294064e+03	1.00000000e-09	1.00000000e-09	1.00000000e-10	1.00000000e-10	0.00000000e+00	2.84185879e-16
4.77819068e+01	4.01735567e+01	-1.81454172e+05	-7.06251293e+03	1.00000000e-09	1.00000000e-09	1.00000000e-10	1.00000000e-10	0.00000000e+00	2.75294397e-16
4.78192896e+01	4.02049871e+01	-1.78395012e+05	-6.94344506e+03	5.50215156e+01	1.00000000e-09	5.50215156e+00	1.00000000e-10	5.30876920e+06	2.66776373e-16
4.78562500e+01	4.02360622e+01	-1.75370538e+05	-6.82572728e+03	1.00000000e-09	1.00000000e-09	1.00000000e-10	1.00000000e-10	0.00000000e+00	2.58613737e-16
4.78927904e+01	4.02667843e+01	-1.72380433e+05	-6.70934718e+03	1.00000000e-09	1.00000000e-09	1.00000000e-10	1.00000000e-10	0.00000000e+00	2.50789400e-16
4.79289132e+01	4.02971552e+01	-1.69424501e+05	-6.59429712e+03	1.00000000e-09	1.00000000e-09	1.00000000e-10	1.00000000e-10	0.00000000e+00	2.43287191e-16
4.79646208e+01	4.03271771e+01	-1.66502670e+05	-6.48057440e+03	5.37989956e+01	1.00000000e-09	5.37989956e+00	1.00000000e-10	5.19081396e+06	2.36091809e-16
4.79999156e+01	4.03568518e+01	-1.63614726e+05	-6.36817056e+03	1.00000000e-09	1.00000000e-09	1.00000000e-10	1.00000000e-10	0.00000000e+00	2.29188766e-16
4.80348000e+01	4.03861816e+01	-1.60760362e+05	-6.25707372e+03	1.00000000e-09	1.00000000e-09	1.00000000e-10	1.00000000e-10	0.00000000e+00	2.22564343e-16
4.80692764e+01	4.04151683e+01	-1.57939381e+05	-6.14727625e+03	1.00000000e-09	1.00000000e-09	1.00000000e-10	1.00000000e-10	0.00000000e+00	2.16205543e-16
4.81033472e+01	4.04438139e+01	-1.55151679e+05	-6.03877399e+03	5.28866704e+01	1.00000000e-09	5.28866704e+00	1.00000000e-10	5.10278796e+06	2.10100054e-16
4.81370148e+01	4.04721206e+01	-1.52397059e+05	-5.93155939e+03	1.64174983e-02	1.00000000e-09	1.64174983e-03	1.00000000e-10	1.58404768e+03	2.04236203e-16
4.81702816e+01	4.05000903e+01	-1.49675232e+05	-5.82562113e+03	1.00000000e-09	1.00000000e-09	1.00000000e-10	1.00000000e-10	0.00000000e+00	1.98602925e-16
4.82031500e+01	4.05277251e+01	-1.46986001e+05	-5.72095159e+03	1.00000000e-09	1.00000000e-09	1.00000000e-10	1.00000000e-10	0.00000000e+00	1.93189726e-16
4.82356224e+01	4.05550269e+01	-1.44329232e+05	-5.61754548e+03	5.22304956e+01	1.00000000e-09	5.22304956e+00	1.00000000e-10	5.03947672e+06	1.87986649e-16
4.82677012e+01	4.05819977e+01	-1.41704743e+05	-5.51539580e+03	2.54336656e-01	1.00000000e-09	2.54336656e-02	1.00000000e-10	2.45397566e+04	1.82984249e-16
4.82993888e+01	4.06086397e+01	-1.39112260e+05	-5.41449184e+03	1.00000000e-09	1.00000000e-09	1.00000000e-10	1.00000000e-10	0.00000000e+00	1.78173558e-16
4.83306876e+01	4.06349548e+01	-1.36551586e+05	-5.31482594e+03	1.00000000e-09	1.00000000e-09	1.00000000e-10	1.00000000e-10	0.00000000e+00	1.73546062e-16
4.83616000e+01	4.06609449e+01	-1.34022564e+05	-5.21639201e+03	5.17816566e+01	1.00000000e-09	5.17816566e+00	1.00000000e-10	4.99617033e+06	1.69093676e-16
4.83921284e+01	4.06866123e+01	-1.31525022e+05	-5.11918331e+03	5.49878525e-01	1.00000000e-09	5.49878525e-02	1.00000000e-10	5.30552120e+04	1.64808718e-16
4.84222752e+01	4.07119588e+01	-1.29058699e+05	-5.02318970e+03	1.00000000e-09	1.00000000e-09	1.00000000e-10	1.00000000e-10	0.00000000e+00	1.60683890e-16
4.84520428e+01	4.07369865e+01	-1.26623398e+05	-4.92840355e+03	1.00000000e-09	1.00000000e-09	1.00000000e-10	1.00000000e-10	0.00000000e+00	1.56712252e-16
4.84814336e+01	4.07616974e+01	-1.24218947e+05	-4.83481810e+03	5.14969847e+01	1.00000000e-09	5.14969847e+00	1.00000000e-10	4.96870367e+06	1.52887209e-16
4.85104500e+01	4.07860934e+01	-1.21845175e+05	-4.74242676e+03	9.09505570e-01	1.00000000e-09	9.09505570e-02	1.00000000e-10	8.77539469e+04	1.49202487e-16
4.85390944e+01	4.08101768e+01	-1.19501836e+05	-4.65121992e+03	1.00000000e-09	1.00000000e-09	1.00000000e-10	1.00000000e-10	0.00000000e+00	1.45652119e-16
4.85673692e+01	4.08339494e+01	-1.17188733e+05	-4.56118991e+03	1.00000000e-09	1.00000000e-09	1.00000000e-10	1.00000000e-10	0.00000000e+00	1.42230424e-16
4.85952768e+01	4.08574132e+01	-1.14905681e+05	-4.47232955e+03	5.13390453e+01	1.00000000e-09	5.13390453e+00	1.00000000e-10	4.95346483e+06	1.38931999e-16
4.86228196e+01	4.08805703e+01	-1.12652511e+05	-4.38463224e+03	1.33405802e+00	1.00000000e-09	1.33405802e-01	1.00000000e-10	1.28717031e+05	1.35751697e-16
4.86500000e+01	4.09034228e+01	-1.10428987e+05	-4.29808882e+03	1.00000000e-09	1.00000000e-09	1.00000000e-10	1.00000000e-10	0.00000000e+00	1.32684617e-16
4.86768204e+01	4.09259726e+01	-1.08234914e+05	-4.21269165e+03	1.00000000e-09	1.00000000e-09	1.00000000e-10	1.00000000e-10	0.00000000e+00	1.29726092e-16
4.87032832e+01	4.09482217e+01	-1.06070097e+05	-4.12843321e+03	5.12759819e+01	1.00000000e-09	5.12759819e+00	1.00000000e-10	4.94738014e+06	1.26871675e-16
4.87293908e+01	4.09701721e+01	-1.03934366e+05	-4.04530683e+03	1.82025331e+00	1.00000000e-09	1.82025331e-01	1.00000000e-10	1.75627746e+05	1.24117124e-16
4.87551456e+01	4.09918260e+01	-1.01827496e+05	-3.96330377e+03	1.00000000e-09	1.00000000e-09	1.00000000e-10	1.00000000e-10	0.00000000e+00	1.21458401e-16
4.87805500e+01	4.10131852e+01	-9.97492898e+04	-3.88241637e+03	1.00000000e-09	1.00000000e-09	1.00000000e-10	1.00000000e-10	0.00000000e+00	1.18891652e-16
4.88056064e+01	4.10342519e+01	-9.76995521e+04	-3.80263700e+03	5.12434700e+01	1.00000000e-09	5.12434700e+00	1.00000000e-10	4.94424322e+06	1.16413201e-16
4.88303172e+01	4.10550279e+01	-9.56781055e+04	-3.72395878e+03	2.36164007e+00	1.00000000e-09	2.36164007e-01	1.00000000e-10	2.27863626e+05	1.14019543e-16
4.88546848e+01	4.10755155e+01	-9.36847374e+04	-3.64637341e+03	1.00000000e-09	1.00000000e-09	1.00000000e-10	1.00000000e-10	0.00000000e+00	1.11707331e-16
4.88787116e+01	4.10957165e+01	-9.17192481e+04	-3.56987314e+03	1.00000000e-09	1.00000000e-09	1.00000000e-10	1.00000000e-10	0.00000000e+00	1.09473372e-16
4.89024000e+01	4.11156329e+01	-8.97814412e+04	-3.49445032e+03	5.12503646e+01	1.00000000e-09	5.12503646e+00	1.00000000e-10	4.94490845e+06	1.07314616e-16
4.89257524e+01	4.11352669e+01	-8.78711327e+04	-3.42009777e+03	2.95024749e+00	1.00000000e-09	2.95024749e-01	1.00000000e-10	2.84655608e+05	1.05228153e-16
4.89487712e+01	4.11546204e+01	-8.59881200e+04	-3.34680764e+03	1.00000000e-09	1.00000000e-09	1.00000000e-10	1.00000000e-10	0.00000000e+00	1.03211201e-16
4.89714588e+01	4.11736955e+01	-8.41322006e+04	-3.27457202e+03	1.00000000e-09	1.00000000e-09	1.00000000e-10	1.00000000e-10	0.00000000e+00	1.01261102e-16
4.89938176e+01	4.11924940e+01	-8.23031781e+04	-3.20338327e+03	5.12992683e+01	1.00000000e-09	5.12992683e+00	1.00000000e-10	4.94962694e+06	9.93753163e-17
4.90158500e+01	4.12110182e+01	-8.05008625e+04	-3.13323400e+03	3.57710535e+00	1.00000000e-09	3.57710535e-01	1.00000000e-10	3.45138197e+05	9.75514170e-17
4.90375584e+01	4.12292700e+01	-7.87250589e+04	-3.06411663e+03	1.00000000e-09	1.00000000e-09	1.00000000e-10	1.00000000e-10	0.00000000e+00	9.57870825e-17
4.90589452e+01	4.12472513e+01	-7.69755630e+04	-2.99602319e+03	1.00000000e-09	1.00000000e-09	1.00000000e-10	1.00000000e-10	0.00000000e+00	9.40800932e-17
4.90800128e+01	4.12649643e+01	-7.52521785e+04	-2.92894606e+03	5.13739314e+01	1.00000000e-09	5.13739314e+00	1.00000000e-10	4.95683083e+06	9.24283255e-17
4.91007636e+01	4.12824110e+01	-7.35547108e+04	-2.86287766e+03	4.23280397e+00	1.00000000e-09	4.23280397e-01	1.00000000e-10	4.08403497e+05	9.08297478e-17
4.91212000e+01	4.12995933e+01	-7.18829704e+04	-2.79781061e+03	1.00000000e-09	1.00000000e-09	1.00000000e-10	1.00000000e-10	0.00000000e+00	8.92824156e-17
4.91413244e+01	4.13165132e+01	-7.02367522e+04	-2.73373692e+03	1.00000000e-09	1.00000000e-09	1.00000000e-10	1.00000000e-10	0.00000000e+00	8.77844676e-17
4.91611392e+01	4.13331729e+01	-6.86158599e+04	-2.67064897e+03	5.14617471e+01	1.00000000e-09	5.14617471e+00	1.00000000e-10	4.96530376e+06	8.63341217e-17
4.91806468e+01	4.13495743e+01	-6.70200972e+04	-2.60853910e+03	4.87857088e+00	1.00000000e-09	4.87857088e-01	1.00000000e-10	4.70710532e+05	8.49296711e-17
4.91998496e+01	4.13657194e+01	-6.54492762e+04	-2.54740001e+03	1.00000000e-09	1.00000000e-09	1.00000000e-10	1.00000000e-10	0.00000000e+00	8.35694808e-17
4.92187500e+01	4.13816103e+01	-6.39031939e+04	-2.48722378e+03	1.00000000e-09	1.00000000e-09	1.00000000e-10	1.00000000e-10	0.00000000e+00	8.22519845e-17
4.92373504e+01	4.13972489e+01	-6.23816520e+04	-2.42800272e+03	5.15533836e+01	1.00000000e-09	5.15533836e+00	1.00000000e-10	4.97414534e+06	8.09756808e-17
4.92556532e+01	4.14126374e+01	-6.08844542e+04	-2.36972917e+03	5.51837732e+00	1.00000000e-09	5.51837732e-01	1.00000000e-10	5.32442469e+05	7.97391308e-17
4.92736608e+01	4.14277776e+01	-5.94114122e+04	-2.31239581e+03	1.00000000e-09	1.00000000e-09	1.00000000e-10	1.00000000e-10	0.00000000e+00	7.85409548e-17
4.92913756e+01	4.14426717e+01	-5.79623256e+04	-2.25599483e+03	1.00000000e-09	1.00000000e-09	1.00000000e-10	1.00000000e-10	0.00000000e+00	7.73798296e-17
4.93088000e+01	4.14573216e+01	-5.65369940e+04	-2.20051844e+03	5.16420453e+01	1.00000000e-09	5.16420453e+00	1.00000000e-10	4.98269989e+06	7.62544861e-17
4.93259364e+01	4.14717293e+01	-5.51352211e+04	-2.14595899e+03	6.16794701e+00	1.00000000e-09	6.16794701e-01	1.00000000e-10	5.95116416e+05	7.51637067e-17
4.93427872e+01	4.14858969e+01	-5.37568177e+04	-2.09230912e+03	1.00000000e-09	1.00000000e-09	1.00000000e-10	1.00000000e-10	0.00000000e+00	7.41063228e-17
4.93593548e+01	4.14998265e+01	-5.24015858e+04	-2.03956113e+03	1.00000000e-09	1.00000000e-09	1.00000000e-10	1.00000000e-10	0.00000000e+00	7.30812129e-17
4.93756416e+01	4.15135199e+01	-5.10693234e+04	-1.98770716e+03	5.17229440e+01	1.00000000e-09	5.17229440e+00	1.00000000e-10	4.99050543e+06	7.20873002e-17
4.93916500e+01	4.15269793e+01	-4.97598341e+04	-1.93673955e+03	6.81898175e+00	1.00000000e-09	6.81898175e-01	1.00000000e-10	6.57931719e+05	7.11235509e-17
4.94073824e+01	4.15402066e+01	-4.84729280e+04	-1.88665092e+03	1.00000000e-09	1.00000000e-09	1.00000000e-10	1.00000000e-10	0.00000000e+00	7.01889717e-17
4.94228412e+01	4.15532039e+01	-4.72084088e+04	-1.83743362e+03	1.00000000e-09	1.00000000e-09	1.00000000e-10	1.00000000e-10	0.00000000e+00	6.92826086e-17
4.94380288e+01	4.15659732e+01	-4.59660735e+04	-1.78907977e+03	5.17930446e+01	1.00000000e-09	5.17930446e+00	1.00000000e-10	4.99726911e+06	6.84035449e-17
4.94529476e+01	4.15785164e+01	-4.47457260e+04	-1.74158171e+03	7.46404744e+00	1.00000000e-09	7.46404744e-01	1.00000000e-10	7.20171096e+05	6.75508996e-17
4.94676000e+01	4.15908357e+01	-4.35471752e+04	-1.69493202e+03	1.00000000e-09	1.00000000e-09	1.00000000e-10	1.00000000e-10	0.00000000e+00	6.67238256e-17
4.94819884e+01	4.16029330e+01	-4.23702262e+04	-1.64912312e+03	1.00000000e-09	1.00000000e-09	1.00000000e-10	1.00000000e-10	0.00000000e+00	6.59215086e-17
4.94961152e+01	4.16148104e+01	-4.12146758e+04	-1.60414708e+03	5.18506984e+01	1.00000000e-09	5.18506984e+00	1.00000000e-10	5.00283186e+06	6.51431654e-17
4.95099828e+01	4.16264699e+01	-4.00803275e+04	-1.55999627e+03	8.09663037e+00	1.00000000e-09	8.09663037e-01	1.00000000e-10	7.81206071e+05	6.43880426e-17
4.95235936e+01	4.16379134e+01	-3.89669896e+04	-1.51666321e+03	1.00000000e-09	1.00000000e-09	1.00000000e-10	1.00000000e-10	0.00000000e+00	6.36554152e-17
4.95369500e+01	4.16491431e+01	-3.78744681e+04	-1.47414037e+03	1.00000000e-09	1.00000000e-09	1.00000000e-10	1.00000000e-10	0.00000000e+00	6.29445858e-17
4.95500544e+01	4.16601608e+01	-3.68025597e+04	-1.43241983e+03	5.18953235e+01	1.00000000e-09	5.18953235e+00	1.00000000e-10	5.00713752e+06	6.22548829e-17
4.95629092e+01	4.16709688e+01	-3.57510680e+04	-1.39149393e+03	8.71114928e+00	1.00000000e-09	8.71114928e-01	1.00000000e-10	8.40498132e+05	6.15856601e-17
4.95755168e+01	4.16815688e+01	-3.47198003e+04	-1.35135520e+03	1.00000000e-09	1.00000000e-09	1.00000000e-10	1.00000000e-10	0.00000000e+00	6.09362948e-17
4.95878796e+01	4.16919631e+01	-3.37085634e+04	-1.31199609e+03	1.00000000e-09	1.00000000e-09	1.00000000e-10	1.00000000e-10	0.00000000e+00	6.03061874e-17
4.96000000e+01	4.17021536e+01	-3.27171541e+04	-1.27340871e+03	5.19271288e+01	1.00000000e-09	5.19271288e+00	1.00000000e-10	5.01020627e+06	5.96947603e-17
4.96118804e+01	4.17121422e+01	-3.17453761e+04	-1.23558542e+03	9.30293512e+00	1.00000000e-09	9.30293512e-01	1.00000000e-10	8.97596785e+05	5.91014569e-17
4.96235232e+01	4.17219311e+01	-3.07930359e+04	-1.19851867e+03	1.00000000e-09	1.00000000e-09	1.00000000e-10	1.00000000e-10	0.00000000e+00	5.85257406e-17
4.96349308e+01	4.17315223e+01	-2.98599407e+04	-1.16220098e+03	1.00000000e-09	1.00000000e-09	1.00000000e-10	1.00000000e-10	0.00000000e+00	5.79670942e-17
4.96461056e+01	4.17409177e+01	-2.89458876e+04	-1.12662444e+03	5.19468764e+01	1.00000000e-09	5.19468764e+00	1.00000000e-10	5.01211162e+06	5.74250190e-17
4.96570500e+01	4.17501194e+01	-2.80506803e+04	-1.09178141e+03	9.86818847e+00	1.00000000e-09	9.86818847e-01	1.00000000e-10	9.52135442e+05	5.68990341e-17
4.96677664e+01	4.17591295e+01	-2.71741248e+04	-1.05766434e+03	1.00000000e-09	1.00000000e-09	1.00000000e-10	1.00000000e-10	0.00000000e+00	5.63886753e-17
4.96782572e+01	4.17679498e+01	-2.63160283e+04	-1.02426573e+03	1.00000000e-09	1.00000000e-09	1.00000000e-10	1.00000000e-10	0.00000000e+00	5.58934950e-17
4.96885248e+01	4.17765825e+01	-2.54761886e+04	-9.91577703e+02	5.19556760e+01	1.00000000e-09	5.19556760e+00	1.00000000e-10	5.01296065e+06	5.54130609e-17
4.96985716e+01	4.17850295e+01	-2.46544092e+04	-9.59592616e+02	1.04039221e+01	1.00000000e-09	1.04039221e+00	1.00000000e-10	1.00382588e+06	5.49469559e-17
4.97084000e+01	4.17932929e+01	-2.38504957e+04	-9.28302900e+02	1.00000000e-09	1.00000000e-09	1.00000000e-10	1.00000000e-10	0.00000000e+00	5.44947772e-17
4.97180124e+01	4.18013747e+01	-2.30642553e+04	-8.97701051e+02	1.00000000e-09	1.00000000e-09	1.00000000e-10	1.00000000e-10	0.00000000e+00	5.40561356e-17
4.97274112e+01	4.18092770e+01	-2.22954861e+04	-8.67779214e+02	5.19547333e+01	1.00000000e-09	5.19547333e+00	1.00000000e-10	5.01286970e+06	5.36306554e-17
4.97365988e+01	4.18170016e+01	-2.15439920e+04	-8.38529750e+02	1.09078949e+01	1.00000000e-09	1.09078949e+00	1.00000000e-10	1.05245186e+06	5.32179733e-17
4.97455776e+01	4.18245507e+01	-2.08095778e+04	-8.09945070e+02	1.00000000e-09	1.00000000e-09	1.00000000e-10	1.00000000e-10	0.00000000e+00	5.28177381e-17
4.97543500e+01	4.18319263e+01	-2.00920507e+04	-7.82017666e+02	1.00000000e-09	1.00000000e-09	1.00000000e-10	1.00000000e-10	0.00000000e+00	5.24296106e-17
4.97629184e+01	4.18391303e+01	-1.93912096e+04	-7.54739706e+02	5.19453604e+01	1.00000000e-09	5.19453604e+00	1.00000000e-10	5.01196535e+06	5.20532625e-17
4.97712852e+01	4.18461649e+01	-1.87068581e+04	-7.28103550e+02	1.13785400e+01	1.00000000e-09	1.13785400e+00	1.00000000e-10	1.09786221e+06	5.16883762e-17
4.97794528e+01	4.18530319e+01	-1.80388008e+04	-7.02101597e+02	1.00000000e-09	1.00000000e-09	1.00000000e-10	1.00000000e-10	0.00000000e+00	5.13346446e-17
4.97874236e+01	4.18597336e+01	-1.73868447e+04	-6.76726327e+02	1.00000000e-09	1.00000000e-09	1.00000000e-10	1.00000000e-10	0.00000000e+00	5.09917704e-17
4.97952000e+01	4.18662717e+01	-1.67507891e+04	-6.51969934e+02	5.19287000e+01	1.00000000e-09	5.19287000e+00	1.00000000e-10	5.01035786e+06	5.06594657e-17
4.98027844e+01	4.18726484e+01	-1.61304378e+04	-6.27824780e+02	1.18148849e+01	1.00000000e-09	1.18148849e+00	1.00000000e-10	1.13996309e+06	5.03374517e-17
4.98101792e+01	4.18788658e+01	-1.55255952e+04	-6.04283248e+02	1.00000000e-09	1.00000000e-09	1.00000000e-10	1.00000000e-10	0.00000000e+00	5.00254585e-17
4.98173868e+01	4.18849257e+01	-1.49360677e+04	-5.81337810e+02	1.00000000e-09	1.00000000e-09	1.00000000e-10	1.00000000e-10	0.00000000e+00	4.97232245e-17
4.98244096e+01	4.18908302e+01	-1.43616555e+04	-5.58980684e+02	5.19055722e+01	1.00000000e-09	5.19055722e+00	1.00000000e-10	5.00812637e+06	4.94304961e-17
4.98312500e+01	4.18965814e+01	-1.38021622e+04	-5.37204230e+02	1.22164634e+01	1.00000000e-09	1.22164634e+00	1.00000000e-10	1.17870953e+06	4.91470275e-17
4.98379104e+01	4.19021813e+01	-1.32573920e+04	-5.16000822e+02	1.00000000e-09	1.00000000e-09	1.00000000e-10	1.00000000e-10	0.00000000e+00	4.88725802e-17
4.98443932e+01	4.19076318e+01	-1.27271510e+04	-4.95362921e+02	1.00000000e-09	1.00000000e-09	1.00000000e-10	1.00000000e-10	0.00000000e+00	4.86069230e-17
4.98507008e+01	4.19129351e+01	-1.22112401e+04	-4.75282766e+02	5.18763237e+01	1.00000000e-09	5.18763237e+00	1.00000000e-10	5.00530432e+06	4.83498313e-17
4.98568356e+01	4.19180930e+01	-1.17094627e+04	-4.55752717e+02	1.25832074e+01	1.00000000e-09	1.25832074e+00	1.00000000e-10	1.21409495e+06	4.81010873e-17
4.98628000e+01	4.19231077e+01	-1.12216230e+04	-4.36765142e+02	1.00000000e-09	1.00000000e-09	1.00000000e-10	1.00000000e-10	0.00000000e+00	4.78604793e-17
4.98685964e+01	4.19279811e+01	-1.07475267e+04	-4.18312488e+02	1.00000000e-09	1.00000000e-09	1.00000000e-10	1.00000000e-10	0.00000000e+00	4.76278018e-17
4.98742272e+01	4.19327153e+01	-1.02869751e+04	-4.00387015e+02	5.18406909e+01	1.00000000e-09	5.18406909e+00	1.00000000e-10	5.00186628e+06	4.74028550e-17
4.98796948e+01	4.19373123e+01	-9.83977183e+03	-3.82981085e+02	1.29152888e+01	1.00000000e-09	1.29152888e+00	1.00000000e-10	1.24613593e+06	4.71854447e-17
4.98850016e+01	4.19417741e+01	-9.40572067e+03	-3.66087057e+02	1.00000000e-09	1.00000000e-09	1.00000000e-10	1.00000000e-10	0.00000000e+00	4.69753819e-17
4.98901500e+01	4.19461027e+01	-8.98462725e+03	-3.49697366e+02	1.00000000e-09	1.00000000e-09	1.00000000e-10	1.00000000e-10	0.00000000e+00	4.67724830e-17
4.98951424e+01	4.19503002e+01	-8.57629333e+03	-3.33804298e+02	5.17916467e+01	1.00000000e-09	5.17916467e+00	1.00000000e-10	4.99713424e+06	4.65765690e-17
4.98999812e+01	4.19543685e+01	-8.18052253e+03	-3.18400208e+02	1.32128609e+01	1.00000000e-09	1.32128609e+00	1.00000000e-10	1.27484727e+06	4.63874658e-17
4.99046688e+01	4.19583097e+01	-7.79711855e+03	-3.03477456e+02	1.00000000e-09	1.00000000e-09	1.00000000e-10	1.00000000e-10	0.00000000e+00	4.62050038e-17
4.99092076e+01	4.19621258e+01	-7.42588662e+03	-2.89028462e+02	1.00000000e-09	1.00000000e-09	1.00000000e-10	1.00000000e-10	0.00000000e+00	4.60290176e-17
4.99136000e+01	4.19658188e+01	-7.06662912e+03	-2.75045533e+02	5.17326374e+01	1.00000000e-09	5.17326374e+00	1.00000000e-10	4.99144070e+06	4.58593462e-17
4.99178484e+01	4.19693907e+01	-6.71914948e+03	-2.61521019e+02	1.34757145e+01	1.00000000e-09	1.34757145e+00	1.00000000e-10	1.30020879e+06	4.56958323e-17
4.99219552e+01	4.19728436e+01	-6.38325140e+03	-2.48447280e+02	1.00000000e-09	1.00000000e-09	1.00000000e-10	1.00000000e-10	0.00000000e+00	4.55383226e-17
4.99259228e+01	4.19761794e+01	-6.05873974e+03	-2.35816720e+02	1.00000000e-09	1.00000000e-09	1.00000000e-10	1.00000000e-10	0.00000000e+00	4.53866673e-17
4.99297536e+01	4.19794002e+01	-5.74541740e+03	-2.23621668e+02	5.16616737e+01	1.00000000e-09	5.16616737e+00	1.00000000e-10	4.98459374e+06	4.52407202e-17
4.99334500e+01	4.19825081e+01	-5.44308769e+03	-2.11854468e+02	1.37029405e+01	1.00000000e-09	1.37029405e+00	1.00000000e-10	1.32213277e+06	4.51003385e-17
4.99370144e+01	4.19855049e+01	-5.15155430e+03	-2.00507480e+02	1.00000000e-09	1.00000000e-09	1.00000000e-10	1.00000000e-10	0.00000000e+00	4.49653824e-17
4.99404492e+01	4.19883928e+01	-4.87062169e+03	-1.89573093e+02	1.00000000e-09	1.00000000e-09	1.00000000e-10	1.00000000e-10	0.00000000e+00	4.48357154e-17
4.99437568e+01	4.19911737e+01	-4.60009328e+03	-1.79043655e+02	5.15775026e+01	1.00000000e-09	5.15775026e+00	1.00000000e-10	4.97647247e+06	4.47112037e-17
4.99469396e+01	4.19938497e+01	-4.33977226e+03	-1.68911507e+02	1.38939660e+01	1.00000000e-09	1.38939660e+00	1.00000000e-10	1.34056392e+06	4.45917164e-17
4.99500000e+01	4.19964228e+01	-4.08946233e+03	-1.59169008e+02	1.00000000e-09	1.00000000e-09	1.00000000e-10	1.00000000e-10	0.00000000e+00	4.44771254e-17
4.99529404e+01	4.19988950e+01	-3.84896759e+03	-1.49808533e+02	1.00000000e-09	1.00000000e-09	1.00000000e-10	1.00000000e-10	0.00000000e+00	4.43673050e-17
4.99557632e+01	4.20012683e+01	-3.61809185e+03	-1.40822447e+02	5.14800702e+01	1.00000000e-09	5.14800702e+00	1.00000000e-10	4.96707167e+06	4.42621318e-17
4.99584708e+01	4.20035448e+01	-3.39663828e+03	-1.32203087e+02	1.40560895e+01	1.00000000e-09	1.40560895e+00	1.00000000e-10	1.35620646e+06	4.41614852e-17
4.99610656e+01	4.20057264e+01	-3.18441057e+03	-1.23942815e+02	1.00000000e-09	1.00000000e-09	1.00000000e-10	1.00000000e-10	0.00000000e+00	4.40652463e-17
4.99635500e+01	4.20078152e+01	-2.98121251e+03	-1.16033991e+02	1.00000000e-09	1.00000000e-09	1.00000000e-10	1.00000000e-10	0.00000000e+00	4.39732985e-17
4.99659264e+01	4.20098132e+01	-2.78684814e+03	-1.08468991e+02	5.13656723e+01	1.00000000e-09	5.13656723e+00	1.00000000e-10	4.95603395e+06	4.38855274e-17
4.99681972e+01	4.20117224e+01	-2.60112080e+03	-1.01240159e+02	1.42239627e+01	1.00000000e-09	1.42239627e+00	1.00000000e-10	1.37240377e+06	4.38018203e-17
4.99703648e+01	4.20135449e+01	-2.42383413e+03	-9.43398527e+01	1.00000000e-09	1.00000000e-09	1.00000000e-10	1.00000000e-10	0.00000000e+00	4.37220663e-17
4.99724316e+01	4.20152826e+01	-2.25479183e+03	-8.77604315e+01	1.00000000e-09	1.00000000e-09	1.00000000e-10	1.00000000e-10	0.00000000e+00	4.36461563e-17
4.99744000e+01	4.20169376e+01	-2.09379780e+03	-8.14942631e+01	5.11992375e+01	1.00000000e-09	5.11992375e+00	1.00000000e-10	4.93997544e+06	4.35739830e-17
4.99762724e+01	4.20185118e+01	-1.94065576e+03	-7.55337078e+01	1.45860416e+01	1.00000000e-09	1.45860416e+00	1.00000000e-10	1.40733907e+06	4.35054403e-17
4.99780512e+01	4.20200074e+01	-1.79516919e+03	-6.98711166e+01	1.00000000e-09	1.00000000e-09	1.00000000e-10	1.00000000e-10	0.00000000e+00	4.34404240e-17
4.99797388e+01	4.20214263e+01	-1.65714179e+03	-6.44988493e+01	1.00000000e-09	1.00000000e-09	1.00000000e-10	1.00000000e-10	0.00000000e+00	4.33788308e-17
4.99813376e+01	4.20227705e+01	-1.52637727e+03	-5.94092660e+01	5.08091301e+01	1.00000000e-09	5.08091301e+00	1.00000000e-10	4.90233579e+06	4.33205592e-17
4.99828500e+01	4.20240421e+01	-1.40267946e+03	-5.45947316e+01	1.57001937e+01	1.00000000e-09	1.57001937e+00	1.00000000e-10	1.51483840e+06	4.32655087e-17
4.99842784e+01	4.20252430e+01	-1.28585205e+03	-5.00476049e+01	1.00000000e-09	1.00000000e-09	1.00000000e-10	1.00000000e-10	0.00000000e+00	4.32135800e-17
4.99856252e+01	4.20263754e+01	-1.17569862e+03	-4.57602412e+01	1.00000000e-09	1.00000000e-09	1.00000000e-10	1.00000000e-10	0.00000000e+00	4.31646749e-17
4.99868928e+01	4.20274411e+01	-1.07202288e+03	-4.17250005e+01	4.96691481e+01	1.00000000e-09	4.96691481e+00	1.00000000e-10	4.79234425e+06	4.31186962e-17
4.99880836e+01	4.20284423e+01	-9.74628531e+02	-3.79342427e+01	1.88269425e+01	1.00000000e-09	1.88269425e+00	1.00000000e-10	1.81652380e+06	4.30755479e-17
4.99892000e+01	4.20293809e+01	-8.83319338e+02	-3.43803296e+01	1.00000000e-09	1.00000000e-09	1.00000000e-10	1.00000000e-10	0.00000000e+00	4.30351347e-17
4.99902444e+01	4.20302590e+01	-7.97899019e+02	-3.10556217e+01	1.00000000e-09	1.00000000e-09	1.00000000e-10	1.00000000e-10	0.00000000e+00	4.29973621e-17
4.99912192e+01	4.20310786e+01	-7.18171221e+02	-2.79524768e+01	4.61913955e+01	1.00000000e-09	4.61913955e+00	1.00000000e-10	4.45679213e+06	4.29621367e-17
4.99921268e+01	4.20318417e+01	-6.43939635e+02	-2.50632539e+01	2.62264520e+01	1.00000000e-09	2.62264520e+00	1.00000000e-10	2.53046793e+06	4.29293656e-17
4.99929696e+01	4.20325503e+01	-5.75007969e+02	-2.23803132e+01	1.00000000e-09	1.00000000e-09	1.00000000e-10	1.00000000e-10	0.00000000e+00	4.28989566e-17
4.99937500e+01	4.20332064e+01	-5.11179929e+02	-1.98960146e+01	1.00000000e-09	2.85001103e-09	1.00000000e-10	2.85001103e-10	-1.78498928e-04	4.28708183e-17
4.99944704e+01	4.20338121e+01	-4.52259241e+02	-1.76027186e+01	3.56218870e+01	8.05417074e-09	3.56218870e+00	8.05417074e-10	3.43698960e+06	4.28448597e-17
4.99951332e+01	4.20343694e+01	-3.98049616e+02	-1.54927855e+01	3.92911370e+01	2.15058917e-08	3.92911370e+00	2.15058917e-09	3.79101840e+06	4.28209905e-17
4.99957408e+01	4.20348802e+01	-3.48354746e+02	-1.35585744e+01	1.00000000e-09	5.45700366e-08	1.00000000e-10	5.45700366e-09	-5.16872277e-03	4.27991210e-17
4.99962956e+01	4.20353467e+01	-3.02978324e+02	-1.17924449e+01	1.00000000e-09	1.34663479e-07	1.00000000e-10	1.34663479e-08	-1.28965652e-02	4.27791616e-17
4.99968000e+01	4.20357708e+01	-2.61724057e+02	-1.01867569e+01	6.78688879e+00	3.49219468e-07	6.78688879e-01	3.49219468e-08	6.54835185e+05	4.27610235e-17
4.99972564e+01	4.20361545e+01	-2.24395652e+02	-8.73387024e+00	4.66580911e+01	1.11744185e-06	4.66580911e+00	1.11744185e-07	4.50182130e+06	4.27446181e-17
4.99976672e+01	4.20364999e+01	-1.90796816e+02	-7.42614493e+00	1.65519576e+01	4.83155370e-06	1.65519576e+00	4.83155370e-07	1.59702066e+06	4.27298571e-17
4.99980348e+01	4.20368090e+01	-1.60731258e+02	-6.25594097e+00	1.00000000e-09	2.45237956e-05	1.00000000e-10	2.45237956e-06	-2.36609008e+00	4.27166528e-17
4.99983616e+01	4.20370837e+01	-1.34002688e+02	-5.21561837e+00	1.00000000e-09	1.22977153e-04	1.00000000e-10	1.22977153e-05	-1.18653950e+01	4.27049174e-17
4.99986500e+01	4.20373262e+01	-1.10414810e+02	-4.29753702e+00	4.68880183e+00	5.62922765e-04	4.68880183e-01	5.62922765e-05	4.52346288e+05	4.26945637e-17
4.99989024e+01	4.20375384e+01	-8.97713295e+01	-3.49405675e+00	3.86671440e+01	2.29687697e-03	3.86671440e+00	2.29687697e-04	3.73059062e+06	4.26855044e-17
4.99991212e+01	4.20377224e+01	-7.18759516e+01	-2.79753742e+00	3.07390017e+01	8.31745388e-03	3.07390017e+00	8.31745388e-04	2.96506028e+06	4.26776527e-17
4.99993088e+01	4.20378801e+01	-5.65323826e+01	-2.20033895e+00	1.00000000e-09	2.67707179e-02	1.00000000e-10	2.67707179e-03	-2.58298151e+03	4.26709218e-17
4.99994676e+01	4.20380136e+01	-4.35443295e+01	-1.69482127e+00	1.00000000e-09	7.68240762e-02	1.00000000e-10	7.68240762e-03	-7.41239641e+03	4.26652250e-17
4.99996000e+01	4.20381249e+01	-3.27154993e+01	-1.27334431e+00	1.00000000e-09	1.97226391e-01	1.00000000e-10	1.97226391e-02	-1.90294538e+04	4.26604759e-17
4.99997084e+01	4.20382161e+01	-2.38495991e+01	-9.28268001e-01	1.00000000e-09	4.54405558e-01	1.00000000e-10	4.54405558e-02	-4.38434711e+04	4.26565880e-17
4.99997952e+01	4.20382891e+01	-1.67503357e+01	-6.51952287e-01	6.53996859e+00	9.42245935e-01	6.53996859e-01	9.42245935e-02	5.40098130e+05	4.26534751e-17
4.99998628e+01	4.20383459e+01	-1.12214163e+01	-4.36757099e-01	2.19573434e+01	1.76273928e+00	2.19573434e+00	1.76273928e-01	1.94848309e+06	4.26510509e-17
4.99999136e+01	4.20383886e+01	-7.06654791e+00	-2.75042372e-01	2.72900732e+01	2.98134934e+00	2.72900732e+00	2.98134934e-01	2.34543530e+06	4.26492292e-17
4.99999500e+01	4.20384192e+01	-4.08943745e+00	-1.59168040e-01	2.52259536e+01	4.56682936e+00	2.52259536e+00	4.56682936e-01	1.99330246e+06	4.26479240e-17
4.99999744e+01	4.20384397e+01	-2.09379197e+00	-8.14940363e-02	2.00456100e+01	6.34692165e+00	2.00456100e+00	6.34692165e-01	1.32172250e+06	4.26470491e-17
4.99999892e+01	4.20384522e+01	-8.83318489e-01	-3.43802965e-02	1.50105212e+01	8.02247385e+00	1.50105212e+00	8.02247385e-01	6.74244066e+05	4.26465185e-17
4.99999968e+01	4.20384586e+01	-2.61723997e-01	-1.01867545e-02	1.16777124e+01	9.26594832e+00	1.16777124e+00	9.26594832e-01	2.32699862e+05	4.26462460e-17
4.99999996e+01	4.20384609e+01	-3.27154996e-02	-1.27334432e-03	1.02331932e+01	9.88649491e+00	1.02331932e+00	9.88649491e-01	3.34512996e+04	4.26461456e-17
5.00000000e+01	4.20384612e+01	0.00000000e+00	0.00000000e+00	1.00000000e+01	1.00000000e+01	1.00000000e+00	1.00000000e+00	0.00000000e+00	4.26461312e-17
