# 1D PNP Solver Results
# Debye length: 1.18939 nm
# Surface potential: 100 mV
# Bulk concentration: 10 mol/m^3
# Thermal voltage: 25.6926 mV
# Grid: non-uniform with stretching factor 3
#
# Columns:
# 1: x [nm]
# 2: x/lambda_D [-]
# 3: phi [mV]
# 4: phi_normalized = e*phi/(kB*T) [-]
# 5: c+ [mol/m^3]
# 6: c- [mol/m^3]
# 7: c+/c0 [-]
# 8: c-/c0 [-]
# 9: rho [C/m^3]
# 10: phi_GC [mV] (Gouy-Chapman analytical)
0.00000000e+00	0.00000000e+00	1.00000000e+02	3.89217445e+00	1.01779598e-05	1.00000000e-09	1.01779598e-06	1.00000000e-10	9.81927344e-01	1.00000000e+02
2.99400400e-01	2.51726642e-01	-5.56781900e+04	-2.16709229e+03	1.00000000e-09	1.00000000e-09	1.00000000e-10	1.00000000e-10	0.00000000e+00	6.85664877e+01
5.97603200e-01	5.02446379e-01	-1.11233268e+05	-4.32939282e+03	1.00000000e-09	3.38566522e+04	1.00000000e-10	3.38566522e+03	-3.26667033e+09	5.03048324e+01
8.94610800e-01	7.52161229e-01	-1.62169816e+05	-6.31193216e+03	1.00000000e-09	5.88980973e+02	1.00000000e-10	5.88980973e+01	-5.68280248e+07	3.79705828e+01
1.19042560e+00	1.00087321e+00	-2.12901801e+05	-8.28650950e+03	3.50919422e-07	1.00000000e-09	3.50919422e-08	1.00000000e-10	3.37620916e-02	2.90844029e+01
1.48505000e+00	1.24858434e+00	-2.63429633e+05	-1.02531409e+04	6.81451635e-08	1.00000000e-09	6.81451635e-09	1.00000000e-10	6.47852340e-03	2.24667584e+01
1.77848640e+00	1.49529663e+00	-3.13695290e+05	-1.22095679e+04	1.00000000e-09	3.37449767e+04	1.00000000e-10	3.37449767e+03	-3.25589529e+09	1.74460154e+01
2.07073720e+00	1.74101211e+00	-3.59403224e+05	-1.39886004e+04	1.00000000e-09	1.21176174e+03	1.00000000e-10	1.21176174e+02	-1.16917234e+08	1.35944687e+01
2.36180480e+00	1.98573279e+00	-4.04926105e+05	-1.57604304e+04	1.35994634e-07	1.00000000e-09	1.35994634e-08	1.00000000e-10	1.30250021e-02	1.06194118e+01
2.65169160e+00	2.22946069e+00	-4.50264310e+05	-1.75250724e+04	5.54008851e-08	1.00000000e-09	5.54008851e-09	1.00000000e-10	5.24888747e-03	8.31101793e+00
2.94040000e+00	2.47219783e+00	-4.95279519e+05	-1.92771429e+04	1.00000000e-09	3.35691425e+04	1.00000000e-10	3.35691425e+03	-3.23892986e+09	6.51434305e+00
3.22793240e+00	2.71394622e+00	-5.35673143e+05	-2.08493332e+04	1.00000000e-09	1.78921620e+03	1.00000000e-10	1.78921620e+02	-1.72633119e+08	5.11278590e+00
3.51429120e+00	2.95470789e+00	-5.75901895e+05	-2.24151064e+04	7.35260244e-08	1.00000000e-09	7.35260244e-09	1.00000000e-10	6.99769755e-03	4.01753072e+00
3.79947880e+00	3.19448485e+00	-6.15966113e+05	-2.39744757e+04	7.53496661e-08	1.00000000e-09	7.53496661e-09	1.00000000e-10	7.17365222e-03	3.16039318e+00
4.08349760e+00	3.43327911e+00	-6.55665765e+05	-2.55196554e+04	1.00000000e-09	3.33162805e+04	1.00000000e-10	3.33162805e+03	-3.21453239e+09	2.48875472e+00
4.36635000e+00	3.67109271e+00	-6.90517740e+05	-2.68761551e+04	1.00000000e-09	2.18046795e+03	1.00000000e-10	2.18046795e+02	-2.10383175e+08	1.96186370e+00
4.64803840e+00	3.90792764e+00	-7.25226292e+05	-2.82270725e+04	3.71425585e-08	1.00000000e-09	3.71425585e-09	1.00000000e-10	3.48722677e-03	1.54807794e+00
4.92856520e+00	4.14378594e+00	-7.59791716e+05	-2.95724190e+04	1.16095396e-07	1.00000000e-09	1.16095396e-08	1.00000000e-10	1.11050175e-02	1.22278051e+00
5.20793280e+00	4.37866962e+00	-7.93994887e+05	-3.09036661e+04	1.00000000e-09	3.29769632e+04	1.00000000e-10	3.29769632e+03	-3.18179325e+09	9.66789980e-01
5.48614360e+00	4.61258070e+00	-8.22905980e+05	-3.20289363e+04	1.00000000e-09	2.09351423e+03	1.00000000e-10	2.09351423e+02	-2.01993416e+08	7.65140276e-01
5.76320000e+00	4.84552120e+00	-8.51697110e+05	-3.31495373e+04	1.00000000e-09	1.00000000e-09	1.00000000e-10	1.00000000e-10	0.00000000e+00	6.06140501e-01
6.03910440e+00	5.07749313e+00	-8.80368526e+05	-3.42654788e+04	1.46673477e-07	1.00000000e-09	1.46673477e-08	1.00000000e-10	1.40553538e-02	4.80648184e-01
6.31385920e+00	5.30849851e+00	-9.08765703e+05	-3.53707465e+04	1.53027571e-07	3.25611082e+04	1.53027571e-08	3.25611082e+03	-3.14166934e+09	3.81506351e-01
6.58746680e+00	5.53853936e+00	-9.31149898e+05	-3.62419784e+04	1.00000000e-09	8.33551097e+02	1.00000000e-10	8.33551097e+01	-8.04254544e+07	3.03106720e-01
6.85992960e+00	5.76761769e+00	-9.53440436e+05	-3.71095650e+04	1.00000000e-09	1.00000000e-09	1.00000000e-10	1.00000000e-10	0.00000000e+00	2.41050282e-01
7.13125000e+00	5.99573554e+00	-9.75637512e+05	-3.79735140e+04	1.00000000e-09	1.00000000e-09	1.00000000e-10	1.00000000e-10	0.00000000e+00	1.91883235e-01
7.40143040e+00	6.22289490e+00	-9.97741323e+05	-3.88338329e+04	1.00000000e-09	3.21828752e+04	1.00000000e-10	3.21828752e+03	-3.10517540e+09	1.52891305e-01
7.67047320e+00	6.44909781e+00	-1.01283897e+06	-3.94214596e+04	1.00000000e-09	1.00000000e-09	1.00000000e-10	1.00000000e-10	0.00000000e+00	1.21939384e-01
7.93838080e+00	6.67434627e+00	-1.02765797e+06	-3.99982408e+04	1.00000000e-09	1.00000000e-09	1.00000000e-10	1.00000000e-10	0.00000000e+00	9.73463694e-02
8.20515560e+00	6.89864231e+00	-1.04241430e+06	-4.05725832e+04	2.94946502e-08	1.00000000e-09	2.94946502e-09	1.00000000e-10	2.74931579e-03	7.77873862e-02
8.47080000e+00	7.12198795e+00	-1.05710811e+06	-4.11444919e+04	1.10677664e-07	3.34698637e+04	1.10677664e-08	3.34698637e+03	-3.22935092e+09	6.22173302e-02
8.73531640e+00	7.34438520e+00	-1.06376707e+06	-4.14036702e+04	1.93691281e-07	1.00000000e-09	1.93691281e-08	1.00000000e-10	1.85918822e-02	4.98110222e-02
8.99870720e+00	7.56583608e+00	-1.06940384e+06	-4.16230632e+04	2.37627331e-07	1.00000000e-09	2.37627331e-08	1.00000000e-10	2.28310667e-02	3.99163248e-02
9.26097480e+00	7.78634260e+00	-1.07501658e+06	-4.18415205e+04	3.30654686e-07	7.46937126e+03	3.30654686e-08	7.46937126e+02	-7.20684767e+08	3.20173786e-02
9.52212160e+00	8.00590680e+00	-1.08060532e+06	-4.20590443e+04	1.00000000e-09	5.42646679e+04	1.00000000e-10	5.42646679e+03	-5.23574451e+09	2.57057482e-02
9.78215000e+00	8.22453067e+00	-1.07658024e+06	-4.19023811e+04	1.00000000e-09	6.77860008e+03	1.00000000e-10	6.77860008e+02	-6.54035480e+08	2.06577541e-02
1.00410624e+01	8.44221625e+00	-1.06950309e+06	-4.16269259e+04	1.13282874e+01	1.00000000e-09	1.13282874e+00	1.00000000e-10	1.09301357e+06	1.66166494e-02
1.02988612e+01	8.65896555e+00	-1.06245637e+06	-4.13526555e+04	1.69062611e+02	1.00000000e-09	1.69062611e+01	1.00000000e-10	1.63120622e+07	1.33785927e-02
1.05555488e+01	8.87478058e+00	-1.05545518e+06	-4.10801567e+04	1.00000000e-09	1.07295587e+03	1.00000000e-10	1.07295587e+02	-1.03524504e+08	1.07815984e-02
1.08111276e+01	9.08966337e+00	-1.04788702e+06	-4.07855907e+04	1.00000000e-09	1.00000000e-09	1.00000000e-10	1.00000000e-10	0.00000000e+00	8.69682520e-03
1.10656000e+01	9.30361594e+00	-1.04035162e+06	-4.04922998e+04	1.00000000e-09	1.00000000e-09	1.00000000e-10	1.00000000e-10	0.00000000e+00	7.02170086e-03
1.13189684e+01	9.51664029e+00	-1.03284891e+06	-4.02002814e+04	2.25586030e+02	1.00000000e-09	2.25586030e+01	1.00000000e-10	2.17657431e+07	5.67449245e-03
1.15712352e+01	9.72873845e+00	-1.02538446e+06	-3.99097519e+04	4.74406644e+01	1.00000000e-09	4.74406644e+00	1.00000000e-10	4.57732826e+06	4.59001348e-03
1.18224028e+01	9.93991244e+00	-1.01797021e+06	-3.96211764e+04	1.00000000e-09	1.00000000e-09	1.00000000e-10	1.00000000e-10	0.00000000e+00	3.71622724e-03
1.20724736e+01	1.01501643e+01	-1.01058833e+06	-3.93338610e+04	1.00000000e-09	1.00000000e-09	1.00000000e-10	1.00000000e-10	0.00000000e+00	3.01155675e-03
1.23214500e+01	1.03594960e+01	-1.00323877e+06	-3.90478029e+04	2.59466424e+02	1.68723039e+01	2.59466424e+01	1.68723039e+00	2.34067742e+07	2.44275242e-03
1.25693344e+01	1.05679095e+01	-9.95916193e+05	-3.87627956e+04	1.48069503e+02	1.74372284e+00	1.48069503e+01	1.74372284e-01	1.41182915e+07	1.98320033e-03
1.28161292e+01	1.07754070e+01	-9.88641934e+05	-3.84796688e+04	1.00000000e-09	1.00000000e-09	1.00000000e-10	1.00000000e-10	0.00000000e+00	1.61157892e-03
1.30618368e+01	1.09819904e+01	-9.81399721e+05	-3.81977892e+04	1.00000000e-09	1.00000000e-09	1.00000000e-10	1.00000000e-10	0.00000000e+00	1.31079131e-03
1.33064596e+01	1.11876617e+01	-9.74189482e+05	-3.79171541e+04	2.49553724e+02	7.96166416e+00	2.49553724e+01	7.96166416e-01	2.33100901e+07	1.06711600e-03
1.35500000e+01	1.13924230e+01	-9.67010005e+05	-3.76377163e+04	2.51266524e+02	1.62156426e+00	2.51266524e+01	1.62156426e-01	2.40870768e+07	8.69530744e-04
1.37924604e+01	1.15962762e+01	-9.59878087e+05	-3.73601297e+04	1.00000000e-09	1.00000000e-09	1.00000000e-10	1.00000000e-10	0.00000000e+00	7.09173671e-04
1.40338432e+01	1.17992235e+01	-9.52777867e+05	-3.70837767e+04	1.00000000e-09	1.00000000e-09	1.00000000e-10	1.00000000e-10	0.00000000e+00	5.78913586e-04
1.42741508e+01	1.20012667e+01	-9.45709274e+05	-3.68086547e+04	1.98194102e+02	4.50409336e+00	1.98194102e+01	4.50409336e-01	1.86882448e+07	4.73006904e-04
1.45133856e+01	1.22024080e+01	-9.38669761e+05	-3.65346646e+04	3.48169295e+02	1.20070301e+00	3.48169295e+01	1.20070301e-01	3.34773799e+07	3.86823582e-04
1.47515500e+01	1.24026493e+01	-9.31695785e+05	-3.62632253e+04	1.00000000e-09	1.00000000e-09	1.00000000e-10	1.00000000e-10	0.00000000e+00	3.16627951e-04
1.49886464e+01	1.26019926e+01	-9.24754814e+05	-3.59930706e+04	1.00000000e-09	1.00000000e-09	1.00000000e-10	1.00000000e-10	0.00000000e+00	2.59403321e-04
1.52246772e+01	1.28004400e+01	-9.17845037e+05	-3.57241300e+04	1.81667087e+02	2.90396064e+00	1.81667087e+01	2.90396064e-01	1.72480196e+07	2.12711469e-04
1.54596448e+01	1.29979936e+01	-9.10964828e+05	-3.54563403e+04	4.48441978e+02	3.37275131e-01	4.48441978e+01	3.37275131e-02	4.32355311e+07	1.74580004e-04
1.56935516e+01	1.31946552e+01	-9.04152980e+05	-3.51912113e+04	1.00000000e-09	1.00000000e-09	1.00000000e-10	1.00000000e-10	0.00000000e+00	1.43411981e-04
1.59264000e+01	1.33904270e+01	-8.97390050e+05	-3.49279862e+04	1.00000000e-09	1.00000000e-09	1.00000000e-10	1.00000000e-10	0.00000000e+00	1.17913311e-04
1.61581924e+01	1.35853109e+01	-8.90657791e+05	-3.46659550e+04	1.27198532e+02	2.25000140e+00	1.27198532e+01	2.25000140e-01	1.20557005e+07	9.70344227e-05
1.63889312e+01	1.37793090e+01	-8.83954957e+05	-3.44050690e+04	6.01956302e+02	1.00000000e-09	6.01956302e+01	1.00000000e-10	5.80799537e+07	7.99233226e-05
1.66186188e+01	1.39724232e+01	-8.77309241e+05	-3.41464061e+04	1.00000000e-09	1.00000000e-09	1.00000000e-10	1.00000000e-10	0.00000000e+00	6.58878096e-05
1.68472576e+01	1.41646557e+01	-8.70721999e+05	-3.38900192e+04	1.00000000e-09	1.00000000e-09	1.00000000e-10	1.00000000e-10	0.00000000e+00	5.43650223e-05
1.70748500e+01	1.43560084e+01	-8.64164904e+05	-3.36348056e+04	1.00000000e-09	6.10388329e+00	1.00000000e-10	6.10388329e-01	-5.88935206e+05	4.48968793e-05
1.73013984e+01	1.45464833e+01	-8.57634785e+05	-3.33806420e+04	7.42051675e+02	3.31758703e+00	7.42051675e+01	3.31758703e-01	7.12770038e+07	3.71102557e-05
1.75269052e+01	1.47360825e+01	-8.51147036e+05	-3.31281275e+04	1.23343199e+02	5.80911786e-01	1.23343199e+01	5.80911786e-02	1.18447600e+07	3.07009681e-05
1.77513728e+01	1.49248080e+01	-8.44717828e+05	-3.28778915e+04	1.00000000e-09	1.45166348e-04	1.00000000e-10	1.45166348e-05	-1.40063268e+01	2.54208255e-05
1.79748036e+01	1.51126617e+01	-8.38318316e+05	-3.26288113e+04	1.00000000e-09	2.21973584e-05	1.00000000e-10	2.21973584e-06	-2.14162302e+00	2.10671509e-05
1.81972000e+01	1.52996457e+01	-8.31948431e+05	-3.23808843e+04	7.89079936e+02	6.54216211e-02	7.89079936e+01	6.54216211e-03	7.61283274e+07	1.74742951e-05
1.84185644e+01	1.54857621e+01	-8.25613659e+05	-3.21343239e+04	4.26152936e+02	3.36756385e-02	4.26152936e+01	3.36756385e-03	4.11142583e+07	1.45067575e-05
1.86388992e+01	1.56710128e+01	-8.19334282e+05	-3.18899196e+04	1.00000000e-09	1.00000000e-09	1.00000000e-10	1.00000000e-10	0.00000000e+00	1.20536058e-05
1.88582068e+01	1.58553999e+01	-8.13084179e+05	-3.16466547e+04	1.00000000e-09	1.00000000e-09	1.00000000e-10	1.00000000e-10	0.00000000e+00	1.00239454e-05
1.90764896e+01	1.60389254e+01	-8.06863282e+05	-3.14045265e+04	7.08118557e+02	1.32951988e-02	7.08118557e+01	1.32951988e-03	6.83217714e+07	8.34323736e-06
1.92937500e+01	1.62215912e+01	-8.00671517e+05	-3.11635322e+04	7.28547349e+02	2.46371309e-02	7.28547349e+01	2.46371309e-03	7.02917558e+07	6.95030439e-06
1.95099904e+01	1.64033995e+01	-7.94530735e+05	-3.09245223e+04	1.00000000e-09	1.00000000e-09	1.00000000e-10	1.00000000e-10	0.00000000e+00	5.79489399e-06
1.97252132e+01	1.65843522e+01	-7.88419875e+05	-3.06866769e+04	1.00000000e-09	1.00000000e-09	1.00000000e-10	1.00000000e-10	0.00000000e+00	4.83569313e-06
1.99394208e+01	1.67644514e+01	-7.82337840e+05	-3.04499535e+04	5.00937703e+02	1.00000000e-09	5.00937703e+01	1.00000000e-10	4.83331407e+07	4.03870994e-06
2.01526156e+01	1.69436990e+01	-7.76284561e+05	-3.02143493e+04	9.60835141e+02	1.93267953e-02	9.60835141e+01	1.93267953e-03	9.27046330e+07	3.37595312e-06
2.03648000e+01	1.71220971e+01	-7.70277700e+05	-2.99805518e+04	1.00000000e-09	8.37650984e-03	1.00000000e-10	8.37650984e-04	-8.08210237e+02	2.82435375e-06
2.05759764e+01	1.72996477e+01	-7.64303949e+05	-2.97480430e+04	1.00000000e-09	1.00000000e-09	1.00000000e-10	1.00000000e-10	0.00000000e+00	2.36488397e-06
2.07861472e+01	1.74763529e+01	-7.58358645e+05	-2.95166414e+04	1.97623402e+02	1.00000000e-09	1.97623402e+01	1.00000000e-10	1.90677596e+07	1.98183626e-06
2.09953148e+01	1.76522146e+01	-7.52441719e+05	-2.92863443e+04	1.09788788e+03	4.71380408e-03	1.09788788e+02	4.71380408e-04	1.05929622e+08	1.66223343e-06
2.12034816e+01	1.78272348e+01	-7.46567204e+05	-2.90576980e+04	1.00000000e-09	1.57150824e-03	1.00000000e-10	1.57150824e-04	-1.51627398e+02	1.39534528e-06
2.14106500e+01	1.80014156e+01	-7.40727092e+05	-2.88303906e+04	1.00000000e-09	7.14164842e-04	1.00000000e-10	7.14164842e-05	-6.89063355e+01	1.17229232e-06
2.16168224e+01	1.81747590e+01	-7.34915058e+05	-2.86041761e+04	1.00000000e-09	4.30603919e-04	1.00000000e-10	4.30603919e-05	-4.15468656e+01	9.85720606e-07
2.18220012e+01	1.83472670e+01	-7.29131033e+05	-2.83790518e+04	1.11062202e+03	3.32431334e-04	1.11062202e+02	3.32431334e-05	1.07158703e+08	8.29534693e-07
2.20261888e+01	1.85189417e+01	-7.23386453e+05	-2.81554627e+04	3.08573611e+02	1.44030245e-04	3.08573611e+01	1.44030245e-05	2.97728135e+07	6.98678213e-07
2.22293876e+01	1.86897850e+01	-7.17675970e+05	-2.79332007e+04	1.00000000e-09	1.00000000e-09	1.00000000e-10	1.00000000e-10	0.00000000e+00	5.88953354e-07
2.24316000e+01	1.88597989e+01	-7.11993207e+05	-2.77120177e+04	1.00000000e-09	1.00000000e-09	1.00000000e-10	1.00000000e-10	0.00000000e+00	4.96872286e-07
2.26328284e+01	1.90289856e+01	-7.06338098e+05	-2.74919110e+04	9.91483306e+02	1.00000000e-09	9.91483306e+01	1.00000000e-10	9.56635961e+07	4.19534757e-07
2.28330752e+01	1.91973469e+01	-7.00720720e+05	-2.72732728e+04	6.41847491e+02	1.00000000e-09	6.41847491e+01	1.00000000e-10	6.19288684e+07	3.54527186e-07
2.30323428e+01	1.93648850e+01	-6.95136855e+05	-2.70559390e+04	1.00000000e-09	1.13420707e-04	1.00000000e-10	1.13420707e-05	-1.09433381e+01	2.99839390e-07
2.32306336e+01	1.95316018e+01	-6.89580361e+05	-2.68396706e+04	1.00000000e-09	9.01185083e-05	1.00000000e-10	9.01185083e-06	-8.69501771e+00	2.53795839e-07
2.34279500e+01	1.96974994e+01	-6.84051172e+05	-2.66244650e+04	7.59286701e+02	1.93945613e-05	7.59286701e+01	1.93945613e-06	7.32600277e+07	2.14998834e-07
2.36242944e+01	1.98625797e+01	-6.78558684e+05	-2.64106877e+04	8.96808657e+02	3.51734214e-07	8.96808657e+01	3.51734214e-08	8.65288810e+07	1.82281515e-07
2.38196692e+01	2.00268448e+01	-6.73099480e+05	-2.61982060e+04	1.00000000e-09	1.69946158e-07	1.00000000e-10	1.69946158e-08	-1.63008262e-02	1.54668970e-07
2.40140768e+01	2.01902967e+01	-6.67667301e+05	-2.59867761e+04	1.00000000e-09	7.81295976e-06	1.00000000e-10	7.81295976e-07	-7.53739532e-01	1.31346022e-07
2.42075196e+01	2.03529375e+01	-6.62262082e+05	-2.57763955e+04	4.50503148e+02	6.89031786e-06	4.50503148e+01	6.89031786e-07	4.34669452e+07	1.11630519e-07
2.44000000e+01	2.05147691e+01	-6.56893017e+05	-2.55674222e+04	1.04280290e+03	1.00000000e-09	1.04280290e+02	1.00000000e-10	1.00615184e+08	9.49511815e-08
2.45915204e+01	2.06757935e+01	-6.51557087e+05	-2.53597385e+04	1.00000000e-09	1.00000000e-09	1.00000000e-10	1.00000000e-10	0.00000000e+00	8.08292110e-08
2.47820832e+01	2.08360129e+01	-6.46247837e+05	-2.51530932e+04	1.00000000e-09	1.00000000e-09	1.00000000e-10	1.00000000e-10	0.00000000e+00	6.88630042e-08
2.49716908e+01	2.09954291e+01	-6.40965200e+05	-2.49474837e+04	1.08048706e+02	3.70218690e-06	1.08048706e+01	3.70218690e-07	1.04251149e+07	5.87154473e-08
2.51603456e+01	2.11540443e+01	-6.35718698e+05	-2.47432808e+04	1.06484220e+03	2.12587275e-06	1.06484220e+02	2.12587275e-07	1.02741653e+08	5.01033414e-08
2.53480500e+01	2.13118604e+01	-6.30506099e+05	-2.45403973e+04	3.66318833e+01	1.00000000e-09	3.66318833e+00	1.00000000e-10	3.53443943e+06	4.27885959e-08
2.55348064e+01	2.14688794e+01	-6.25319826e+05	-2.43385385e+04	1.00000000e-09	1.00000000e-09	1.00000000e-10	1.00000000e-10	0.00000000e+00	3.65708905e-08
2.57206172e+01	2.16251034e+01	-6.20159812e+05	-2.41377018e+04	1.00000000e-09	1.89285065e-07	1.00000000e-10	1.89285065e-08	-1.81667470e-02	3.12815536e-08
2.59054848e+01	2.17805344e+01	-6.15035807e+05	-2.39382665e+04	9.68695437e+02	2.12493043e-06	9.68695437e+01	2.12493043e-07	9.34649007e+07	2.67784535e-08
2.60894116e+01	2.19351744e+01	-6.09947494e+05	-2.37402205e+04	3.31890194e+02	7.61990303e-07	3.31890194e+01	7.61990303e-08	3.20225355e+07	2.29417317e-08
2.62724000e+01	2.20890254e+01	-6.04885143e+05	-2.35431850e+04	1.00000000e-09	1.00000000e-09	1.00000000e-10	1.00000000e-10	0.00000000e+00	1.96702351e-08
2.64544524e+01	2.22420894e+01	-5.99848685e+05	-2.33471573e+04	1.00000000e-09	1.00000000e-09	1.00000000e-10	1.00000000e-10	0.00000000e+00	1.68785322e-08
2.66355712e+01	2.23943686e+01	-5.94847343e+05	-2.31524963e+04	7.79106397e+02	4.53189135e-07	7.79106397e+01	4.53189135e-08	7.51723395e+07	1.44944152e-08
2.68157588e+01	2.25458647e+01	-5.89884295e+05	-2.29593258e+04	5.47314116e+02	1.28447368e-06	5.47314116e+01	1.28447368e-07	5.28077841e+07	1.24568071e-08
2.69950176e+01	2.26965800e+01	-5.84946829e+05	-2.27671510e+04	1.00000000e-09	3.04871245e-07	1.00000000e-10	3.04871245e-08	-2.93191180e-02	1.07140069e-08
2.71733500e+01	2.28465164e+01	-5.80034880e+05	-2.25759694e+04	1.00000000e-09	1.00000000e-09	1.00000000e-10	1.00000000e-10	0.00000000e+00	9.22221780e-09
2.73507584e+01	2.29956759e+01	-5.75155281e+05	-2.23860469e+04	5.38333664e+02	1.00000000e-09	5.38333664e+01	1.00000000e-10	5.19413023e+07	7.94431062e-09
2.75272452e+01	2.31440606e+01	-5.70316883e+05	-2.21977280e+04	6.60691012e+02	3.57145404e-07	6.60691012e+01	3.57145404e-08	6.37469917e+07	6.84878564e-09
2.77028128e+01	2.32916724e+01	-5.65503686e+05	-2.20103900e+04	1.00000000e-09	8.38677126e-07	1.00000000e-10	8.38677126e-08	-8.08235557e-02	5.90889902e-09
2.78774636e+01	2.34385135e+01	-5.60715622e+05	-2.18240302e+04	1.00000000e-09	1.81249911e-07	1.00000000e-10	1.81249911e-08	-1.73914725e-02	5.10192799e-09
2.80512000e+01	2.35845857e+01	-5.55955564e+05	-2.16387604e+04	2.92717458e+02	1.00000000e-09	2.92717458e+01	1.00000000e-10	2.82429411e+07	4.40855198e-09
2.82240244e+01	2.37298911e+01	-5.51239210e+05	-2.14551917e+04	6.69519634e+02	1.00000000e-09	6.69519634e+01	1.00000000e-10	6.45988243e+07	3.81233114e-09
2.83959392e+01	2.38744318e+01	-5.46547680e+05	-2.12725891e+04	1.00000000e-09	1.99541786e-07	1.00000000e-10	1.99541786e-08	-1.91563702e-02	3.29926652e-09
2.85669468e+01	2.40182097e+01	-5.41880906e+05	-2.10909502e+04	1.00000000e-09	5.82961962e-07	1.00000000e-10	5.82961962e-08	-5.61507932e-02	2.85742894e-09
2.87370496e+01	2.41612269e+01	-5.37238825e+05	-2.09102723e+04	7.17896846e+01	1.86868398e-07	7.17896846e+00	1.86868398e-08	6.92665154e+06	2.47664556e-09
2.89062500e+01	2.43034854e+01	-5.32641769e+05	-2.07313468e+04	5.88301531e+02	1.00000000e-09	5.88301531e+01	1.00000000e-10	5.67624686e+07	2.14823497e-09
2.90745504e+01	2.44449872e+01	-5.28071769e+05	-2.05534745e+04	5.98922505e+00	1.00000000e-09	5.98922505e-01	1.00000000e-10	5.77872368e+05	1.86478313e-09
2.92419532e+01	2.45857343e+01	-5.23526142e+05	-2.03765507e+04	1.00000000e-09	4.52864002e-08	1.00000000e-10	4.52864002e-09	-4.27298804e-03	1.61995382e-09
2.94084608e+01	2.47257288e+01	-5.19004823e+05	-2.02005731e+04	1.00000000e-09	4.05690392e-07	1.00000000e-10	4.05690392e-08	-3.90466868e-02	1.40832799e-09
2.95740756e+01	2.48649726e+01	-5.14528012e+05	-2.00263278e+04	4.46346247e+02	2.24938505e-07	4.46346247e+01	2.24938505e-08	4.30658659e+07	1.22526770e-09
2.97388000e+01	2.50034678e+01	-5.10083457e+05	-1.98533380e+04	1.17037560e+02	1.00000000e-09	1.17037560e+01	1.00000000e-10	1.12924079e+07	1.06680067e-09
2.99026364e+01	2.51412164e+01	-5.05662863e+05	-1.96812807e+04	1.00000000e-09	1.00000000e-09	1.00000000e-10	1.00000000e-10	0.00000000e+00	9.29522319e-10
3.00655872e+01	2.52782204e+01	-5.01266163e+05	-1.95101535e+04	1.00000000e-09	1.00000000e-09	1.00000000e-10	1.00000000e-10	0.00000000e+00	8.10512530e-10
3.02276548e+01	2.54144819e+01	-4.96910630e+05	-1.93406286e+04	2.88595458e+02	2.45084260e-07	2.88595458e+01	2.45084260e-08	2.78452286e+07	7.07264951e-10
3.03888416e+01	2.55500028e+01	-4.92592170e+05	-1.91725466e+04	1.41132596e+02	2.55733415e-07	1.41132596e+01	2.55733415e-08	1.36172254e+07	6.17626836e-10
3.05491500e+01	2.56847852e+01	-4.88297244e+05	-1.90053806e+04	1.00000000e-09	1.00000000e-09	1.00000000e-10	1.00000000e-10	0.00000000e+00	5.39747847e-10
3.07085824e+01	2.58188310e+01	-4.84025788e+05	-1.88391280e+04	1.00000000e-09	1.00000000e-09	1.00000000e-10	1.00000000e-10	0.00000000e+00	4.72036458e-10
3.08671412e+01	2.59521424e+01	-4.79790310e+05	-1.86742758e+04	1.55804903e+02	1.00000000e-09	1.55804903e+01	1.00000000e-10	1.50328878e+07	4.13122792e-10
3.10248288e+01	2.60847213e+01	-4.75595392e+05	-1.85110023e+04	8.99803482e+01	6.11345294e-08	8.99803482e+00	6.11345294e-09	8.68178378e+06	3.61826923e-10
3.11816476e+01	2.62165697e+01	-4.71423587e+05	-1.83486284e+04	1.00000000e-09	2.49216385e-07	1.00000000e-10	2.49216385e-08	-2.39492404e-02	3.17131833e-10
3.13376000e+01	2.63476897e+01	-4.67274831e+05	-1.81871516e+04	1.00000000e-09	1.34726070e-07	1.00000000e-10	1.34726070e-08	-1.29026043e-02	2.78160305e-10
3.14926884e+01	2.64780832e+01	-4.63155897e+05	-1.80268355e+04	7.86358781e+01	1.00000000e-09	7.86358781e+00	1.00000000e-10	7.58720882e+06	2.44155186e-10
3.16469152e+01	2.66077524e+01	-4.59078870e+05	-1.78681505e+04	1.00000000e-09	1.00000000e-09	1.00000000e-10	1.00000000e-10	0.00000000e+00	2.14462497e-10
3.18002828e+01	2.67366991e+01	-4.55024556e+05	-1.77103495e+04	1.00000000e-09	1.00000000e-09	1.00000000e-10	1.00000000e-10	0.00000000e+00	1.88516988e-10
3.19527936e+01	2.68649255e+01	-4.50992892e+05	-1.75534301e+04	1.00000000e-09	1.25561231e-07	1.00000000e-10	1.25561231e-08	-1.20183318e-02	1.65829763e-10
3.21044500e+01	2.69924335e+01	-4.46985217e+05	-1.73974444e+04	6.94481486e+01	2.68386318e-07	6.94481486e+00	2.68386318e-08	6.70072766e+06	1.45977676e-10
3.22552544e+01	2.71192252e+01	-4.43017524e+05	-1.72430149e+04	1.00000000e-09	1.08715364e-07	1.00000000e-10	1.08715364e-08	-1.03929526e-02	1.28594238e-10
3.24052092e+01	2.72453026e+01	-4.39072184e+05	-1.70894554e+04	1.00000000e-09	1.00000000e-09	1.00000000e-10	1.00000000e-10	0.00000000e+00	1.13361817e-10
3.25543168e+01	2.73706677e+01	-4.35149134e+05	-1.69367634e+04	9.81203640e+01	1.00000000e-09	9.81203640e+00	1.00000000e-10	9.46717591e+06	1.00004936e-10
3.27025796e+01	2.74953225e+01	-4.31248311e+05	-1.67849366e+04	9.99412161e+01	1.00000000e-09	9.99412161e+00	1.00000000e-10	9.64286143e+06	8.82845168e-11
3.28500000e+01	2.76192690e+01	-4.27383824e+05	-1.66345240e+04	1.00000000e-09	1.76097637e-07	1.00000000e-10	1.76097637e-08	-1.68943536e-02	7.79929321e-11
3.29965804e+01	2.77425093e+01	-4.23544017e+05	-1.64850720e+04	1.00000000e-09	3.20388538e-07	1.00000000e-10	3.20388538e-08	-3.08163092e-02	6.89497459e-11
3.31423232e+01	2.78650454e+01	-4.19726152e+05	-1.63364740e+04	1.66730578e+02	1.45936979e-07	1.66730578e+01	1.45936979e-08	1.60870552e+07	6.09980477e-11
3.32872308e+01	2.79868792e+01	-4.15930165e+05	-1.61887276e+04	1.70446888e+02	1.00000000e-09	1.70446888e+01	1.00000000e-10	1.64456246e+07	5.40012939e-11
3.34313056e+01	2.81080129e+01	-4.12166474e+05	-1.60422382e+04	1.00000000e-09	1.00000000e-09	1.00000000e-10	1.00000000e-10	0.00000000e+00	4.78405856e-11
3.35745500e+01	2.82284484e+01	-4.08428416e+05	-1.58967465e+04	1.00000000e-09	1.00000000e-09	1.00000000e-10	1.00000000e-10	0.00000000e+00	4.24123192e-11
3.37169664e+01	2.83481877e+01	-4.04711966e+05	-1.57520957e+04	1.89145962e+02	1.00000000e-09	1.89145962e+01	1.00000000e-10	1.82498109e+07	3.76261595e-11
3.38585572e+01	2.84672329e+01	-4.01017061e+05	-1.56082836e+04	2.58268107e+02	1.00000000e-09	2.58268107e+01	1.00000000e-10	2.49190841e+07	3.34032885e-11
3.39993248e+01	2.85855860e+01	-3.97351521e+05	-1.54656144e+04	1.00000000e-09	1.00000000e-09	1.00000000e-10	1.00000000e-10	0.00000000e+00	2.96748916e-11
3.41392716e+01	2.87032489e+01	-3.93709780e+05	-1.53238714e+04	1.00000000e-09	3.01295814e-08	1.00000000e-10	3.01295814e-09	-2.81057733e-03	2.63808489e-11
3.42784000e+01	2.88202238e+01	-3.90089335e+05	-1.51829574e+04	1.72134812e+02	8.56466080e-08	1.72134812e+01	8.56466080e-09	1.66084845e+07	2.34686021e-11
3.44167124e+01	2.89365126e+01	-3.86490124e+05	-1.50428699e+04	3.30571177e+02	6.45950465e-08	3.30571177e+01	6.45950465e-09	3.18952698e+07	2.08921740e-11
3.45542112e+01	2.90521174e+01	-3.82919474e+05	-1.49038939e+04	1.00000000e-09	2.01814553e-08	1.00000000e-10	2.01814553e-09	-1.85072909e-03	1.86113178e-11
3.46908988e+01	2.91670401e+01	-3.79370523e+05	-1.47657626e+04	1.00000000e-09	1.14447549e-08	1.00000000e-10	1.14447549e-09	-1.00776565e-03	1.65907805e-11
3.48267776e+01	2.92812828e+01	-3.75842572e+05	-1.46284485e+04	1.37255837e+02	2.11505763e-08	1.37255837e+01	2.11505763e-09	1.32431750e+07	1.47996634e-11
3.49618500e+01	2.93948475e+01	-3.72335558e+05	-1.44919494e+04	3.79309818e+02	4.64765061e-08	3.79309818e+01	4.64765061e-09	3.65978338e+07	1.32108666e-11
3.50961184e+01	2.95077363e+01	-3.68857114e+05	-1.43565623e+04	1.00000000e-09	1.71667674e-08	1.00000000e-10	1.71667674e-09	-1.55985592e-03	1.18006071e-11
3.52295852e+01	2.96199510e+01	-3.65399624e+05	-1.42219908e+04	1.00000000e-09	1.52104174e-09	1.00000000e-10	1.52104174e-10	-5.02728858e-05	1.05479993e-11
3.53622528e+01	2.97314939e+01	-3.61962837e+05	-1.40882251e+04	9.66036584e+01	1.47525445e-09	9.66036584e+00	1.47525445e-10	9.32083607e+06	9.43469045e-12
3.54941236e+01	2.98423668e+01	-3.58546692e+05	-1.39552627e+04	4.13382282e+02	1.55410426e-08	4.13382282e+01	1.55410426e-09	3.98853268e+07	8.44454321e-12
3.56252000e+01	2.99525718e+01	-3.55160528e+05	-1.38234673e+04	1.00000000e-09	2.60842219e-08	1.00000000e-10	2.60842219e-09	-2.42025949e-03	7.56335940e-12
3.57554844e+01	3.00621109e+01	-3.51795472e+05	-1.36924935e+04	1.00000000e-09	1.00000000e-09	1.00000000e-10	1.00000000e-10	0.00000000e+00	6.77863898e-12
3.58849792e+01	3.01709861e+01	-3.48450811e+05	-1.35623134e+04	6.52177365e+01	1.00000000e-09	6.52177365e+00	1.00000000e-10	6.29255496e+06	6.07937016e-12
3.60136868e+01	3.02791995e+01	-3.45126481e+05	-1.34329247e+04	4.43062138e+02	1.00000000e-09	4.43062138e+01	1.00000000e-10	4.27489975e+07	5.45584609e-12
3.61416096e+01	3.03867531e+01	-3.41833192e+05	-1.33047442e+04	1.00000000e-09	1.31444557e-08	1.00000000e-10	1.31444557e-09	-1.17176184e-03	4.89950489e-12
3.62687500e+01	3.04936488e+01	-3.38563240e+05	-1.31774719e+04	1.00000000e-09	1.38024270e-08	1.00000000e-10	1.38024270e-09	-1.23524642e-03	4.40278996e-12
3.63951104e+01	3.05998888e+01	-3.35313350e+05	-1.30509805e+04	3.99247968e+01	1.00000000e-09	3.99247968e+00	1.00000000e-10	3.85215728e+06	3.95902778e-12
3.65206932e+01	3.07054749e+01	-3.32083459e+05	-1.29252675e+04	4.89065677e+02	1.00000000e-09	4.89065677e+01	1.00000000e-10	4.71876643e+07	3.56232112e-12
3.66455008e+01	3.08104093e+01	-3.28882435e+05	-1.28006781e+04	1.00000000e-09	1.00000000e-09	1.00000000e-10	1.00000000e-10	0.00000000e+00	3.20745550e-12
3.67695356e+01	3.09146939e+01	-3.25707664e+05	-1.26771105e+04	1.00000000e-09	9.78270538e-09	1.00000000e-10	9.78270538e-10	-8.47402246e-04	2.88981735e-12
3.68928000e+01	3.10183309e+01	-3.22552612e+05	-1.25543103e+04	1.00000000e-09	7.71183009e-09	1.00000000e-10	7.71183009e-10	-6.47593156e-04	2.60532229e-12
3.70152964e+01	3.11213221e+01	-3.19417217e+05	-1.24322753e+04	5.53196509e+02	1.00000000e-09	5.53196509e+01	1.00000000e-10	5.33753489e+07	2.35035219e-12
3.71370272e+01	3.12236696e+01	-3.16306553e+05	-1.23112028e+04	3.24477164e+01	1.00000000e-09	3.24477164e+00	1.00000000e-10	3.13072870e+06	2.12170004e-12
3.72579948e+01	3.13253754e+01	-3.13223332e+05	-1.21911985e+04	1.00000000e-09	1.00000000e-09	1.00000000e-10	1.00000000e-10	0.00000000e+00	1.91652153e-12
3.73782016e+01	3.14264416e+01	-3.10159503e+05	-1.20719489e+04	1.00000000e-09	7.39464526e-09	1.00000000e-10	7.39464526e-10	-6.16989472e-04	1.73229247e-12
3.74976500e+01	3.15268701e+01	-3.07115003e+05	-1.19534517e+04	6.10446677e+02	4.52572605e-09	6.10446677e+01	4.52572605e-10	5.88991504e+07	1.56677148e-12
3.76163424e+01	3.16266630e+01	-3.04092184e+05	-1.18357983e+04	1.59085561e+02	1.00000000e-09	1.59085561e+01	1.00000000e-10	1.53494232e+07	1.41796707e-12
3.77342812e+01	3.17258224e+01	-3.01093952e+05	-1.17191019e+04	1.00000000e-09	1.00000000e-09	1.00000000e-10	1.00000000e-10	0.00000000e+00	1.28410874e-12
3.78514688e+01	3.18243501e+01	-2.98114817e+05	-1.16031487e+04	1.00000000e-09	1.00000000e-09	1.00000000e-10	1.00000000e-10	0.00000000e+00	1.16362154e-12
3.79679076e+01	3.19222482e+01	-2.95154718e+05	-1.14879365e+04	6.15622531e+02	6.25448072e-09	6.15622531e+01	6.25448072e-10	5.93985443e+07	1.05510364e-12
3.80836000e+01	3.20195189e+01	-2.92215709e+05	-1.13735451e+04	2.87606792e+02	2.98915035e-09	2.87606792e+01	2.98915035e-10	2.77498368e+07	9.57306558e-13
3.81985484e+01	3.21161639e+01	-2.89299362e+05	-1.12600359e+04	1.00000000e-09	1.00000000e-09	1.00000000e-10	1.00000000e-10	0.00000000e+00	8.69117731e-13
3.83127552e+01	3.22121855e+01	-2.86401831e+05	-1.11472589e+04	1.00000000e-09	1.00000000e-09	1.00000000e-10	1.00000000e-10	0.00000000e+00	7.89545160e-13
3.84262228e+01	3.23075856e+01	-2.83523054e+05	-1.10352119e+04	5.77890936e+02	1.00000000e-09	5.77890936e+01	1.00000000e-10	5.57579988e+07	7.17703812e-13
3.85389536e+01	3.24023661e+01	-2.80666960e+05	-1.09240477e+04	3.86724193e+02	5.52915931e-09	3.86724193e+01	5.52915931e-10	3.73132122e+07	6.52803640e-13
3.86509500e+01	3.24965293e+01	-2.77833226e+05	-1.08137538e+04	1.00000000e-09	1.68871157e-09	1.00000000e-10	1.68871157e-10	-6.64505648e-05	5.94138973e-13
3.87622144e+01	3.25900770e+01	-2.75018013e+05	-1.07041808e+04	1.00000000e-09	1.00000000e-09	1.00000000e-10	1.00000000e-10	0.00000000e+00	5.41079149e-13
3.88727492e+01	3.26830112e+01	-2.72221260e+05	-1.05953263e+04	5.21154246e+02	1.00000000e-09	5.21154246e+01	1.00000000e-10	5.02837405e+07	4.93060217e-13
3.89825568e+01	3.27753341e+01	-2.69445121e+05	-1.04872742e+04	4.87713431e+02	2.38591552e-09	4.87713431e+01	2.38591552e-10	4.70571923e+07	4.49577593e-13
3.90916396e+01	3.28670475e+01	-2.66693529e+05	-1.03801774e+04	1.00000000e-09	4.79362850e-09	1.00000000e-10	4.79362850e-10	-3.66029505e-04	4.10179554e-13
3.92000000e+01	3.29581536e+01	-2.63960159e+05	-1.02737899e+04	1.00000000e-09	1.00000000e-09	1.00000000e-10	1.00000000e-10	0.00000000e+00	3.74461468e-13
3.93076404e+01	3.30486544e+01	-2.61244951e+05	-1.01681093e+04	4.71824461e+02	1.00000000e-09	4.71824461e+01	1.00000000e-10	4.55241398e+07	3.42060689e-13
3.94145632e+01	3.31385518e+01	-2.58547845e+05	-1.00631332e+04	5.98177647e+02	1.00000000e-09	5.98177647e+01	1.00000000e-10	5.77153690e+07	3.12652007e-13
3.95207708e+01	3.32278478e+01	-2.55871876e+05	-9.95897979e+03	1.00000000e-09	3.50159706e-09	1.00000000e-10	3.50159706e-10	-2.41367423e-04	2.85943630e-13
3.96262656e+01	3.33165446e+01	-2.53214018e+05	-9.85553130e+03	1.00000000e-09	3.62193705e-09	1.00000000e-10	3.62193705e-10	-2.52978467e-04	2.61673596e-13
3.97310500e+01	3.34046441e+01	-2.50574057e+05	-9.75277944e+03	3.70706172e+02	1.00000000e-09	3.70706172e+01	1.00000000e-10	3.57677082e+07	2.39606600e-13
3.98351264e+01	3.34921483e+01	-2.47951934e+05	-9.65072184e+03	6.86804144e+02	1.00000000e-09	6.86804144e+01	1.00000000e-10	6.62665260e+07	2.19531159e-13
3.99384972e+01	3.35790593e+01	-2.45350517e+05	-9.54947013e+03	1.00000000e-09	1.00000000e-09	1.00000000e-10	1.00000000e-10	0.00000000e+00	2.01257099e-13
4.00411648e+01	3.36653791e+01	-2.42766796e+05	-9.44890721e+03	1.00000000e-09	3.89365426e-09	1.00000000e-10	3.89365426e-10	-2.79195193e-04	1.84613312e-13
4.01431316e+01	3.37511096e+01	-2.40200712e+05	-9.34903073e+03	2.54874536e+02	1.78046011e-09	2.54874536e+01	1.78046011e-10	2.45916543e+07	1.69445762e-13
4.02444000e+01	3.38362530e+01	-2.37652203e+05	-9.24983833e+03	7.47979590e+02	1.00000000e-09	7.47979590e+01	1.00000000e-10	7.21690591e+07	1.55615704e-13
4.03449724e+01	3.39208112e+01	-2.35126403e+05	-9.15152977e+03	1.00000000e-09	1.00000000e-09	1.00000000e-10	1.00000000e-10	0.00000000e+00	1.42998101e-13
4.04448512e+01	3.40047862e+01	-2.32619404e+05	-9.05395301e+03	1.00000000e-09	1.35182297e-09	1.00000000e-10	1.35182297e-10	-3.39457559e-05	1.31480208e-13
4.05440388e+01	3.40881801e+01	-2.30129755e+05	-8.95705152e+03	1.56034744e+02	3.40994399e-09	1.56034744e+01	3.40994399e-10	1.50550641e+07	1.20960307e-13
4.06425376e+01	3.41709948e+01	-2.27657395e+05	-8.86082295e+03	8.04026831e+02	1.00000000e-09	8.04026831e+01	1.00000000e-10	7.75767958e+07	1.11346581e-13
4.07403500e+01	3.42532325e+01	-2.25207134e+05	-8.76545453e+03	1.00000000e-09	1.00000000e-09	1.00000000e-10	1.00000000e-10	0.00000000e+00	1.02556107e-13
4.08374784e+01	3.43348951e+01	-2.22775461e+05	-8.67080957e+03	1.00000000e-09	1.00000000e-09	1.00000000e-10	1.00000000e-10	0.00000000e+00	9.45139521e-14
4.09339252e+01	3.44159846e+01	-2.20360852e+05	-8.57682879e+03	4.87440556e+01	2.35095437e-09	4.87440556e+00	2.35095437e-10	4.70308639e+06	8.71523698e-14
4.10296928e+01	3.44965030e+01	-2.17963248e+05	-8.48350985e+03	8.39390413e+02	2.38917866e-09	8.39390413e+01	2.38917866e-10	8.09888628e+07	8.04100777e-14
4.11247836e+01	3.45764524e+01	-2.15586669e+05	-8.39100926e+03	1.00000000e-09	1.00000000e-09	1.00000000e-10	1.00000000e-10	0.00000000e+00	7.42316118e-14
4.12192000e+01	3.46558348e+01	-2.13228820e+05	-8.29923767e+03	1.00000000e-09	1.00000000e-09	1.00000000e-10	1.00000000e-10	0.00000000e+00	6.85667478e-14
4.13129444e+01	3.47346522e+01	-2.10887753e+05	-8.20811926e+03	1.00000000e-09	1.00000000e-09	1.00000000e-10	1.00000000e-10	0.00000000e+00	6.33699823e-14
4.14060192e+01	3.48129067e+01	-2.08563408e+05	-8.11765168e+03	8.57434751e+02	1.00000000e-09	8.57434751e+01	1.00000000e-10	8.27298767e+07	5.86000680e-14
4.14984268e+01	3.48906001e+01	-2.06259365e+05	-8.02797429e+03	1.05910145e+02	1.00000000e-09	1.05910145e+01	1.00000000e-10	1.02187755e+07	5.42195959e-14
4.15901696e+01	3.49677347e+01	-2.03974211e+05	-7.93903214e+03	1.00000000e-09	1.00000000e-09	1.00000000e-10	1.00000000e-10	0.00000000e+00	5.01946209e-14
4.16812500e+01	3.50443123e+01	-2.01705557e+05	-7.85073216e+03	1.00000000e-09	1.00000000e-09	1.00000000e-10	1.00000000e-10	0.00000000e+00	4.64943254e-14
4.17716704e+01	3.51203349e+01	-1.99453343e+05	-7.76307204e+03	8.59245635e+02	1.00000000e-09	8.59245635e+01	1.00000000e-10	8.29046004e+07	4.30907166e-14
4.18614332e+01	3.51958047e+01	-1.97220681e+05	-7.67617294e+03	2.28612432e+02	1.00000000e-09	2.28612432e+01	1.00000000e-10	2.20577464e+07	3.99583548e-14
4.19505408e+01	3.52707237e+01	-1.95006874e+05	-7.59000773e+03	1.00000000e-09	1.00000000e-09	1.00000000e-10	1.00000000e-10	0.00000000e+00	3.70741089e-14
4.20389956e+01	3.53450937e+01	-1.92809286e+05	-7.50447377e+03	1.00000000e-09	1.00000000e-09	1.00000000e-10	1.00000000e-10	0.00000000e+00	3.44169364e-14
4.21268000e+01	3.54189170e+01	-1.90627857e+05	-7.41956873e+03	8.43664907e+02	1.00000000e-09	8.43664907e+01	1.00000000e-10	8.14012888e+07	3.19676848e-14
4.22139564e+01	3.54921954e+01	-1.88465277e+05	-7.33539736e+03	3.49478494e+02	1.00000000e-09	3.49478494e+01	1.00000000e-10	3.37195486e+07	2.97089136e-14
4.23004672e+01	3.55649310e+01	-1.86321389e+05	-7.25195349e+03	1.00000000e-09	1.00000000e-09	1.00000000e-10	1.00000000e-10	0.00000000e+00	2.76247333e-14
4.23863348e+01	3.56371259e+01	-1.84193440e+05	-7.16913001e+03	1.00000000e-09	1.00000000e-09	1.00000000e-10	1.00000000e-10	0.00000000e+00	2.57006599e-14
4.24715616e+01	3.57087819e+01	-1.82081372e+05	-7.08692462e+03	8.10798556e+02	1.00000000e-09	8.10798556e+01	1.00000000e-10	7.82301680e+07	2.39234847e-14
4.25561500e+01	3.57799013e+01	-1.79987506e+05	-7.00542771e+03	4.65050126e+02	1.00000000e-09	4.65050126e+01	1.00000000e-10	4.48705159e+07	2.22811555e-14
4.26401024e+01	3.58504858e+01	-1.77912082e+05	-6.92464858e+03	1.00000000e-09	7.36956952e-03	1.00000000e-10	7.36956952e-04	-7.11055266e+02	2.07626704e-14
4.27234212e+01	3.59205377e+01	-1.75852320e+05	-6.84447907e+03	1.00000000e-09	2.19523125e-02	1.00000000e-10	2.19523125e-03	-2.11807607e+03	1.93579812e-14
4.28061088e+01	3.59900589e+01	-1.73808159e+05	-6.76491676e+03	7.61732798e+02	1.82638665e-02	7.61732798e+01	1.82638665e-03	7.34942798e+07	1.80579063e-14
4.28881676e+01	3.60590514e+01	-1.71781601e+05	-6.68603959e+03	5.72323383e+02	1.00000000e-09	5.72323383e+01	1.00000000e-10	5.52208117e+07	1.68540519e-14
4.29696000e+01	3.61275173e+01	-1.69773181e+05	-6.60786839e+03	1.00000000e-09	1.00000000e-09	1.00000000e-10	1.00000000e-10	0.00000000e+00	1.57387408e-14
4.30504084e+01	3.61954585e+01	-1.67780152e+05	-6.53029620e+03	1.00000000e-09	1.00000000e-09	1.00000000e-10	1.00000000e-10	0.00000000e+00	1.47049478e-14
4.31305952e+01	3.62628771e+01	-1.65802453e+05	-6.45332071e+03	6.98276084e+02	3.92507133e-04	6.98276084e+01	3.92507133e-05	6.73733620e+07	1.37462413e-14
4.32101628e+01	3.63297751e+01	-1.63841806e+05	-6.37700892e+03	6.68875857e+02	1.79808948e-02	6.68875857e+01	1.79808948e-03	6.45349743e+07	1.28567304e-14
4.32891136e+01	3.63961545e+01	-1.61898957e+05	-6.30138985e+03	1.00000000e-09	1.50966778e-02	1.00000000e-10	1.50966778e-03	-1.45660788e+03	1.20310167e-14
4.33674500e+01	3.64620173e+01	-1.59971226e+05	-6.22635917e+03	1.00000000e-09	1.00000000e-09	1.00000000e-10	1.00000000e-10	0.00000000e+00	1.12641510e-14
4.34451744e+01	3.65273656e+01	-1.58058554e+05	-6.15191466e+03	6.22690955e+02	1.00000000e-09	6.22690955e+01	1.00000000e-10	6.00805436e+07	1.05515938e-14
4.35222892e+01	3.65922014e+01	-1.56162420e+05	-6.07811379e+03	7.52900978e+02	1.00000000e-09	7.52900978e+01	1.00000000e-10	7.26439009e+07	9.88917940e-15
4.35987968e+01	3.66565266e+01	-1.54283726e+05	-6.00499175e+03	1.00000000e-09	1.05087755e-02	1.00000000e-10	1.05087755e-03	-1.01394260e+03	9.27308329e-15
4.36746996e+01	3.67203433e+01	-1.52419882e+05	-5.93244770e+03	1.00000000e-09	1.41998161e-02	1.00000000e-10	1.41998161e-03	-1.37007388e+03	8.69979268e-15
4.37500000e+01	3.67836536e+01	-1.50570828e+05	-5.86047931e+03	5.37480825e+02	1.00000000e-09	5.37480825e+01	1.00000000e-10	5.18590159e+07	8.16607957e-15
4.38247004e+01	3.68464594e+01	-1.48737829e+05	-5.78913579e+03	8.23200434e+02	1.00000000e-09	8.23200434e+01	1.00000000e-10	7.94267672e+07	7.66897630e-15
4.38988032e+01	3.69087627e+01	-1.46921899e+05	-5.71845661e+03	1.00000000e-09	1.00000000e-09	1.00000000e-10	1.00000000e-10	0.00000000e+00	7.20575336e-15
4.39723108e+01	3.69705657e+01	-1.45120554e+05	-5.64834514e+03	1.00000000e-09	8.65654459e-03	1.00000000e-10	8.65654459e-04	-8.35229484e+02	6.77389909e-15
4.40452256e+01	3.70318702e+01	-1.43333736e+05	-5.57879904e+03	4.45222188e+02	1.18401910e-02	4.45222188e+01	1.18401910e-03	4.29562682e+07	6.37110126e-15
4.41175500e+01	3.70926783e+01	-1.41562517e+05	-5.50986012e+03	8.79140123e+02	1.00000000e-09	8.79140123e+01	1.00000000e-10	8.48241268e+07	5.99523033e-15
4.41892864e+01	3.71529921e+01	-1.39807988e+05	-5.44157078e+03	1.00000000e-09	1.00000000e-09	1.00000000e-10	1.00000000e-10	0.00000000e+00	5.64432407e-15
4.42604372e+01	3.72128135e+01	-1.38067781e+05	-5.37383891e+03	1.00000000e-09	1.00000000e-09	1.00000000e-10	1.00000000e-10	0.00000000e+00	5.31657366e-15
4.43310048e+01	3.72721445e+01	-1.36341839e+05	-5.30666221e+03	3.48436175e+02	9.08692644e-03	3.48436175e+01	9.08692644e-04	3.36181033e+07	5.01031096e-15
4.44009916e+01	3.73309873e+01	-1.34631070e+05	-5.24007610e+03	9.20591868e+02	8.75424787e-03	9.20591868e+01	8.75424787e-04	8.88227674e+07	4.72399686e-15
4.44704000e+01	3.73893437e+01	-1.32936607e+05	-5.17412466e+03	1.00000000e-09	1.00000000e-09	1.00000000e-10	1.00000000e-10	0.00000000e+00	4.45621070e-15
4.45392324e+01	3.74472159e+01	-1.31256207e+05	-5.10872054e+03	1.00000000e-09	1.00000000e-09	1.00000000e-10	1.00000000e-10	0.00000000e+00	4.20564060e-15
4.46074912e+01	3.75046058e+01	-1.29589809e+05	-5.04386144e+03	2.49492665e+02	1.00000000e-09	2.49492665e+01	1.00000000e-10	2.40723827e+07	3.97107455e-15
4.46751788e+01	3.75615155e+01	-1.27938183e+05	-4.97957727e+03	9.47860697e+02	1.01423356e-02	9.47860697e+01	1.01423356e-03	9.14536756e+07	3.75139239e-15
4.47422976e+01	3.76179469e+01	-1.26302480e+05	-4.91591284e+03	1.00000000e-09	4.66278696e-03	1.00000000e-10	4.66278696e-04	-4.49890452e+02	3.54555835e-15
4.48088500e+01	3.76739021e+01	-1.24680579e+05	-4.85278564e+03	1.00000000e-09	1.00000000e-09	1.00000000e-10	1.00000000e-10	0.00000000e+00	3.35261434e-15
4.48748384e+01	3.77293831e+01	-1.23072423e+05	-4.79019341e+03	1.50522789e+02	1.00000000e-09	1.50522789e+01	1.00000000e-10	1.45232412e+07	3.17167369e-15
4.49402652e+01	3.77843919e+01	-1.21478656e+05	-4.72816121e+03	9.61598399e+02	4.73867552e-03	9.61598399e+01	4.73867552e-04	9.27796837e+07	3.00191551e-15
4.50051328e+01	3.78389306e+01	-1.19900432e+05	-4.66673396e+03	1.00000000e-09	8.88719787e-03	1.00000000e-10	8.88719787e-04	-8.57484142e+02	2.84257947e-15
4.50694436e+01	3.78930012e+01	-1.18335753e+05	-4.60583394e+03	1.00000000e-09	1.00000000e-09	1.00000000e-10	1.00000000e-10	0.00000000e+00	2.69296109e-15
4.51332000e+01	3.79466056e+01	-1.16784563e+05	-4.54545892e+03	5.34255759e+01	1.00000000e-09	5.34255759e+00	1.00000000e-10	5.15478444e+06	2.55240728e-15
4.51964044e+01	3.79997459e+01	-1.15247397e+05	-4.48562975e+03	9.62733447e+02	1.00000000e-09	9.62733447e+01	1.00000000e-10	9.28896564e+07	2.42031242e-15
4.52590592e+01	3.80524241e+01	-1.13725398e+05	-4.42639090e+03	1.00000000e-09	7.66167734e-03	1.00000000e-10	7.66167734e-04	-7.39239387e+02	2.29611463e-15
4.53211668e+01	3.81046423e+01	-1.12216691e+05	-4.36766938e+03	1.00000000e-09	4.36007521e-03	1.00000000e-10	4.36007521e-04	-4.20683208e+02	2.17929241e-15
4.53827296e+01	3.81564024e+01	-1.10721218e+05	-4.30946294e+03	1.00000000e-09	1.00000000e-09	1.00000000e-10	1.00000000e-10	0.00000000e+00	2.06936156e-15
4.54437500e+01	3.82077065e+01	-1.09239421e+05	-4.25178883e+03	9.52397190e+02	1.00000000e-09	9.52397190e+01	1.00000000e-10	9.18923591e+07	1.96587229e-15
4.55042304e+01	3.82585565e+01	-1.07772419e+05	-4.19469057e+03	6.90788798e+01	3.60256302e-03	6.90788798e+00	3.60256302e-04	6.66475106e+06	1.86840664e-15
4.55641732e+01	3.83089546e+01	-1.06318457e+05	-4.13809984e+03	1.00000000e-09	6.84706382e-03	1.00000000e-10	6.84706382e-04	-6.60641130e+02	1.77657604e-15
4.56235808e+01	3.83589027e+01	-1.04877477e+05	-4.08201435e+03	1.00000000e-09	1.00000000e-09	1.00000000e-10	1.00000000e-10	0.00000000e+00	1.69001915e-15
4.56824556e+01	3.84084028e+01	-1.03449840e+05	-4.02644822e+03	9.31855227e+02	1.00000000e-09	9.31855227e+01	1.00000000e-10	8.99103611e+07	1.60839975e-15
4.57408000e+01	3.84574570e+01	-1.02036632e+05	-3.97144372e+03	1.55684201e+02	1.00000000e-09	1.55684201e+01	1.00000000e-10	1.50212419e+07	1.53140492e-15
4.57986164e+01	3.85060672e+01	-1.00636214e+05	-3.91693700e+03	1.00000000e-09	6.46275453e-03	1.00000000e-10	6.46275453e-04	-6.23560921e+02	1.45874330e-15
4.58559072e+01	3.85542356e+01	-9.92485257e+04	-3.86292576e+03	1.00000000e-09	2.35718050e-03	1.00000000e-10	2.35718050e-04	-2.27433247e+02	1.39014349e-15
4.59126748e+01	3.86019640e+01	-9.78738614e+04	-3.80942142e+03	9.02446530e+02	1.00000000e-09	9.02446530e+01	1.00000000e-10	8.70728532e+07	1.32535258e-15
4.59689216e+01	3.86492546e+01	-9.65132670e+04	-3.75646472e+03	2.36048542e+02	1.00000000e-09	2.36048542e+01	1.00000000e-10	2.27752220e+07	1.26413481e-15
4.60246500e+01	3.86961093e+01	-9.51652127e+04	-3.70399609e+03	1.00000000e-09	4.37811910e-03	1.00000000e-10	4.37811910e-04	-4.22424179e+02	1.20627032e-15
4.60798624e+01	3.87425302e+01	-9.38296398e+04	-3.65201327e+03	1.00000000e-09	4.52065487e-03	1.00000000e-10	4.52065487e-04	-4.36176790e+02	1.15155400e-15
4.61345612e+01	3.87885193e+01	-9.25067819e+04	-3.60052533e+03	8.65531838e+02	1.00000000e-09	8.65531838e+01	1.00000000e-10	8.35111269e+07	1.09979441e-15
4.61887488e+01	3.88340785e+01	-9.11976408e+04	-3.54957127e+03	3.09543501e+02	1.00000000e-09	3.09543501e+01	1.00000000e-10	2.98664075e+07	1.05081284e-15
4.62424276e+01	3.88792100e+01	-8.99007921e+04	-3.49909566e+03	1.00000000e-09	1.77170475e-03	1.00000000e-10	1.77170475e-04	-1.70943424e+02	1.00444235e-15
4.62956000e+01	3.89239157e+01	-8.86161775e+04	-3.44909622e+03	1.00000000e-09	5.15260178e-03	1.00000000e-10	5.15260178e-04	-4.97150397e+02	9.60526985e-16
4.63482684e+01	3.89681977e+01	-8.73439795e+04	-3.39958005e+03	8.22451075e+02	1.00000000e-09	8.22451075e+01	1.00000000e-10	7.93544651e+07	9.18920955e-16
4.64004352e+01	3.90120579e+01	-8.60851517e+04	-3.35058428e+03	3.75779921e+02	1.00000000e-09	3.75779921e+01	1.00000000e-10	3.62572504e+07	8.79487953e-16
4.64521028e+01	3.90554985e+01	-8.48383700e+04	-3.30205736e+03	1.00000000e-09	1.00000000e-09	1.00000000e-10	1.00000000e-10	0.00000000e+00	8.42100477e-16
4.65032736e+01	3.90985213e+01	-8.36035765e+04	-3.25399704e+03	1.00000000e-09	4.65281664e-03	1.00000000e-10	4.65281664e-04	-4.48928462e+02	8.06639220e-16
4.65539500e+01	3.91411285e+01	-8.23809100e+04	-3.20640873e+03	7.74488976e+02	1.46299683e-03	7.74488976e+01	1.46299683e-04	7.47266849e+07	7.72992501e-16
4.66041344e+01	3.91833220e+01	-8.11712735e+04	-3.15932757e+03	4.34579146e+02	1.00000000e-09	4.34579146e+01	1.00000000e-10	4.19305132e+07	7.41055742e-16
4.66538292e+01	3.92251038e+01	-7.99734382e+04	-3.11270573e+03	1.00000000e-09	1.00000000e-09	1.00000000e-10	1.00000000e-10	0.00000000e+00	7.10730980e-16
4.67030368e+01	3.92664761e+01	-7.87873463e+04	-3.06654096e+03	1.00000000e-09	3.51329198e-03	1.00000000e-10	3.51329198e-04	-3.38981047e+02	6.81926414e-16
4.67517596e+01	3.93074407e+01	-7.76130997e+04	-3.02083724e+03	7.22849488e+02	2.75965402e-03	7.22849488e+01	2.75965402e-04	6.97441066e+07	6.54555987e-16
4.68000000e+01	3.93479997e+01	-7.64515494e+04	-2.97562767e+03	4.85942881e+02	1.00000000e-09	4.85942881e+01	1.00000000e-10	4.68863603e+07	6.28539001e-16
4.68477604e+01	3.93881552e+01	-7.53015567e+04	-2.93086795e+03	1.00000000e-09	1.00000000e-09	1.00000000e-10	1.00000000e-10	0.00000000e+00	6.03799751e-16
4.68950432e+01	3.94279091e+01	-7.41630638e+04	-2.88655582e+03	1.00000000e-09	2.14978645e-03	1.00000000e-10	2.14978645e-04	-2.07422763e+02	5.80267197e-16
4.69418508e+01	3.94672635e+01	-7.30361413e+04	-2.84269403e+03	6.68637659e+02	3.36514338e-03	6.68637659e+01	3.36514338e-04	6.45134019e+07	5.57874648e-16
4.69881856e+01	3.95062204e+01	-7.19215877e+04	-2.79931366e+03	5.30023014e+02	1.00000000e-09	5.30023014e+01	1.00000000e-10	5.11394465e+07	5.36559478e-16
4.70340500e+01	3.95447818e+01	-7.08183493e+04	-2.75637370e+03	1.00000000e-09	1.00000000e-09	1.00000000e-10	1.00000000e-10	0.00000000e+00	5.16262854e-16
4.70794464e+01	3.95829497e+01	-6.97263683e+04	-2.71387189e+03	1.00000000e-09	8.46164438e-04	1.00000000e-10	8.46164438e-05	-8.16423604e+01	4.96929491e-16
4.71243772e+01	3.96207261e+01	-6.86456889e+04	-2.67180997e+03	6.12848237e+02	3.42136189e-03	6.12848237e+01	3.42136189e-04	5.91305355e+07	4.78507418e-16
4.71688448e+01	3.96581131e+01	-6.75770571e+04	-2.63021695e+03	5.67092398e+02	1.00000000e-09	5.67092398e+01	1.00000000e-10	5.47160984e+07	4.60947762e-16
4.72128516e+01	3.96951126e+01	-6.65194991e+04	-2.58905495e+03	1.00000000e-09	1.00000000e-09	1.00000000e-10	1.00000000e-10	0.00000000e+00	4.44204552e-16
4.72564000e+01	3.97317268e+01	-6.54729572e+04	-2.54832171e+03	1.00000000e-09	1.00000000e-09	1.00000000e-10	1.00000000e-10	0.00000000e+00	4.28234527e-16
4.72994924e+01	3.97679576e+01	-6.44374534e+04	-2.50801810e+03	5.56359892e+02	3.10302560e-03	5.56359892e+01	3.10302560e-04	5.36802695e+07	4.12996964e-16
4.73421312e+01	3.98038070e+01	-6.34136818e+04	-2.46817112e+03	5.97517656e+02	6.80493772e-04	5.97517656e+01	6.80493772e-05	5.76516238e+07	3.98453519e-16
4.73843188e+01	3.98392770e+01	-6.24007436e+04	-2.42874580e+03	1.00000000e-09	1.00000000e-09	1.00000000e-10	1.00000000e-10	0.00000000e+00	3.84568073e-16
4.74260576e+01	3.98743697e+01	-6.13985812e+04	-2.38973989e+03	1.00000000e-09	1.00000000e-09	1.00000000e-10	1.00000000e-10	0.00000000e+00	3.71306593e-16
4.74673500e+01	3.99090871e+01	-6.04071979e+04	-2.35115352e+03	4.99934056e+02	2.57104339e-03	4.99934056e+01	2.57104339e-04	4.82360554e+07	3.58637001e-16
4.75081984e+01	3.99434311e+01	-5.94272372e+04	-2.31301174e+03	6.21734539e+02	1.35011986e-03	6.21734539e+01	1.35011986e-04	5.99881332e+07	3.46529052e-16
4.75486052e+01	3.99774039e+01	-5.84578704e+04	-2.27528229e+03	1.00000000e-09	1.00000000e-09	1.00000000e-10	1.00000000e-10	0.00000000e+00	3.34954220e-16
4.75885728e+01	4.00110075e+01	-5.74990400e+04	-2.23796294e+03	1.00000000e-09	1.00000000e-09	1.00000000e-10	1.00000000e-10	0.00000000e+00	3.23885590e-16
4.76281036e+01	4.00442437e+01	-5.65507339e+04	-2.20105322e+03	4.44217534e+02	1.95244299e-03	4.44217534e+01	1.95244299e-04	4.28602879e+07	3.13297763e-16
4.76672000e+01	4.00771148e+01	-5.56135461e+04	-2.16457623e+03	6.40225946e+02	1.75366596e-03	6.40225946e+01	1.75366596e-04	6.17722438e+07	3.03166757e-16
4.77058644e+01	4.01096226e+01	-5.46867136e+04	-2.12850229e+03	1.00000000e-09	1.00000000e-09	1.00000000e-10	1.00000000e-10	0.00000000e+00	2.93469927e-16
4.77440992e+01	4.01417693e+01	-5.37701792e+04	-2.09282918e+03	1.00000000e-09	1.00000000e-09	1.00000000e-10	1.00000000e-10	0.00000000e+00	2.84185879e-16
4.77819068e+01	4.01735567e+01	-5.28639177e+04	-2.05755590e+03	3.89747725e+02	1.33633238e-03	3.89747725e+01	1.33633238e-04	3.76048097e+07	2.75294397e-16
4.78192896e+01	4.02049871e+01	-5.19684754e+04	-2.02270372e+03	6.53502989e+02	1.93684094e-03	6.53502989e+01	1.93684094e-04	6.30532660e+07	2.66776373e-16
4.78562500e+01	4.02360622e+01	-5.10831508e+04	-1.98824534e+03	1.00000000e-09	1.00000000e-09	1.00000000e-10	1.00000000e-10	0.00000000e+00	2.58613737e-16
4.78927904e+01	4.02667843e+01	-5.02078865e+04	-1.95417853e+03	1.00000000e-09	1.00000000e-09	1.00000000e-10	1.00000000e-10	0.00000000e+00	2.50789400e-16
4.79289132e+01	4.02971552e+01	-4.93426471e+04	-1.92050190e+03	3.36959909e+02	7.78055181e-04	3.36959909e+01	7.78055181e-05	3.25116137e+07	2.43287191e-16
4.79646208e+01	4.03271771e+01	-4.84879326e+04	-1.88723492e+03	6.62089023e+02	1.95256259e-03	6.62089023e+01	1.95256259e-04	6.38816909e+07	2.36091809e-16
4.79999156e+01	4.03568518e+01	-4.76430990e+04	-1.85435253e+03	1.00000000e-09	1.00000000e-09	1.00000000e-10	1.00000000e-10	0.00000000e+00	2.29188766e-16
4.80348000e+01	4.03861816e+01	-4.68080889e+04	-1.82185248e+03	1.00000000e-09	1.00000000e-09	1.00000000e-10	1.00000000e-10	0.00000000e+00	2.22564343e-16
4.80692764e+01	4.04151683e+01	-4.59828582e+04	-1.78973306e+03	2.86195863e+02	3.06477653e-04	2.86195863e+01	3.06477653e-05	2.76136733e+07	2.16205543e-16
4.81033472e+01	4.04438139e+01	-4.51678630e+04	-1.75801202e+03	6.66506490e+02	1.85135829e-03	6.66506490e+01	1.85135829e-04	6.43079214e+07	2.10100054e-16
4.81370148e+01	4.04721206e+01	-4.43625124e+04	-1.72666637e+03	1.00000000e-09	1.00000000e-09	1.00000000e-10	1.00000000e-10	0.00000000e+00	2.04236203e-16
4.81702816e+01	4.05000903e+01	-4.35667493e+04	-1.69569388e+03	1.00000000e-09	1.00000000e-09	1.00000000e-10	1.00000000e-10	0.00000000e+00	1.98602925e-16
4.82031500e+01	4.05277251e+01	-4.27805225e+04	-1.66509257e+03	2.37713236e+02	1.00000000e-09	2.37713236e+01	1.00000000e-10	2.29358405e+07	1.93189726e-16
4.82356224e+01	4.05550269e+01	-4.20042462e+04	-1.63487854e+03	6.67266370e+02	1.67655374e-03	6.67266370e+01	1.67655374e-04	6.43812555e+07	1.87986649e-16
4.82677012e+01	4.05819977e+01	-4.12373791e+04	-1.60503073e+03	1.00000000e-09	2.21899210e-04	1.00000000e-10	2.21899210e-05	-2.14099225e+01	1.82984249e-16
4.82993888e+01	4.06086397e+01	-4.04798639e+04	-1.57554692e+03	1.00000000e-09	1.00000000e-09	1.00000000e-10	1.00000000e-10	0.00000000e+00	1.78173558e-16
4.83306876e+01	4.06349548e+01	-3.97316443e+04	-1.54642491e+03	1.91695235e+02	1.00000000e-09	1.91695235e+01	1.00000000e-10	1.84957784e+07	1.73546062e-16
4.83616000e+01	4.06609449e+01	-3.89930942e+04	-1.51767925e+03	6.64859988e+02	1.46256454e-03	6.64859988e+01	1.46256454e-04	6.41490956e+07	1.69093676e-16
4.83921284e+01	4.06866123e+01	-3.82637196e+04	-1.48929072e+03	1.00000000e-09	4.59755230e-04	1.00000000e-10	4.59755230e-05	-4.43595396e+01	1.64808718e-16
4.84222752e+01	4.07119588e+01	-3.75434621e+04	-1.46125704e+03	1.00000000e-09	1.00000000e-09	1.00000000e-10	1.00000000e-10	0.00000000e+00	1.60683890e-16
4.84520428e+01	4.07369865e+01	-3.68322642e+04	-1.43357598e+03	1.48176587e+02	1.00000000e-09	1.48176587e+01	1.00000000e-10	1.42968672e+07	1.56712252e-16
4.84814336e+01	4.07616974e+01	-3.61304591e+04	-1.40626050e+03	6.59751650e+02	1.23501729e-03	6.59751650e+01	1.23501729e-04	6.36562379e+07	1.52887209e-16
4.85104500e+01	4.07860934e+01	-3.54375988e+04	-1.37929316e+03	1.00000000e-09	6.18243031e-04	1.00000000e-10	6.18243031e-05	-5.96512876e+01	1.49202487e-16
4.85390944e+01	4.08101768e+01	-3.47536211e+04	-1.35267156e+03	1.00000000e-09	1.00000000e-09	1.00000000e-10	1.00000000e-10	0.00000000e+00	1.45652119e-16
4.85673692e+01	4.08339494e+01	-3.40784688e+04	-1.32639346e+03	1.07318203e+02	1.00000000e-09	1.07318203e+01	1.00000000e-10	1.03546325e+07	1.42230424e-16
4.85952768e+01	4.08574132e+01	-3.34124361e+04	-1.30047030e+03	6.52378311e+02	1.01176465e-03	6.52378311e+01	1.01176465e-04	6.29448404e+07	1.38931999e-16
4.86228196e+01	4.08805703e+01	-3.27551170e+04	-1.27488630e+03	1.00000000e-09	7.11122967e-04	1.00000000e-10	7.11122967e-05	-6.86128391e+01	1.35751697e-16
4.86500000e+01	4.09034228e+01	-3.21064468e+04	-1.24963892e+03	1.00000000e-09	1.00000000e-09	1.00000000e-10	1.00000000e-10	0.00000000e+00	1.32684617e-16
4.86768204e+01	4.09259726e+01	-3.14663680e+04	-1.22472594e+03	6.91334983e+01	1.00000000e-09	6.91334983e+00	1.00000000e-10	6.67036854e+06	1.29726092e-16
4.87032832e+01	4.09482217e+01	-3.08351391e+04	-1.20015740e+03	6.43142744e+02	8.04294780e-04	6.43142744e+01	8.04294780e-05	6.20537636e+07	1.26871675e-16
4.87293908e+01	4.09701721e+01	-3.02123924e+04	-1.17591902e+03	1.00000000e-09	7.52222736e-04	1.00000000e-10	7.52222736e-05	-7.25783640e+01	1.24117124e-16
4.87551456e+01	4.09918260e+01	-2.95980610e+04	-1.15200817e+03	1.00000000e-09	1.00000000e-09	1.00000000e-10	1.00000000e-10	0.00000000e+00	1.21458401e-16
4.87805500e+01	4.10131852e+01	-2.89920877e+04	-1.12842263e+03	3.35978534e+01	1.00000000e-09	3.35978534e+00	1.00000000e-10	3.24170004e+06	1.18891652e-16
4.88056064e+01	4.10342519e+01	-2.83946979e+04	-1.10517117e+03	6.32413435e+02	6.19176261e-04	6.32413435e+01	6.19176261e-05	6.10185606e+07	1.16413201e-16
4.88303172e+01	4.10550279e+01	-2.78055585e+04	-1.08224084e+03	1.00000000e-09	7.54273845e-04	1.00000000e-10	7.54273845e-05	-7.27762660e+01	1.14019543e-16
4.88546848e+01	4.10755155e+01	-2.72246015e+04	-1.05962898e+03	1.00000000e-09	1.00000000e-09	1.00000000e-10	1.00000000e-10	0.00000000e+00	1.11707331e-16
4.88787116e+01	4.10957165e+01	-2.66517696e+04	-1.03733337e+03	6.55911408e-01	1.00000000e-09	6.55911408e-02	1.00000000e-10	6.32858300e+04	1.09473372e-16
4.89024000e+01	4.11156329e+01	-2.60872579e+04	-1.01536159e+03	6.20524211e+02	4.59360020e-04	6.20524211e+01	4.59360020e-05	5.98714403e+07	1.07314616e-16
4.89257524e+01	4.11352669e+01	-2.55307649e+04	-9.93701909e+02	1.44916016e+01	7.28324205e-04	1.44916016e+00	7.28324205e-05	1.39815672e+06	1.05228153e-16
4.89487712e+01	4.11546204e+01	-2.49822216e+04	-9.72351647e+02	1.00000000e-09	1.00000000e-09	1.00000000e-10	1.00000000e-10	0.00000000e+00	1.03211201e-16
4.89714588e+01	4.11736955e+01	-2.44415709e+04	-9.51308578e+02	1.00000000e-09	1.00000000e-09	1.00000000e-10	1.00000000e-10	0.00000000e+00	1.01261102e-16
4.89938176e+01	4.11924940e+01	-2.39089801e+04	-9.30579213e+02	6.07774658e+02	3.25272172e-04	6.07774658e+01	3.25272172e-05	5.86413083e+07	9.93753163e-17
4.90158500e+01	4.12110182e+01	-2.33841760e+04	-9.10152924e+02	4.36816939e+01	6.83532546e-04	4.36816939e+00	6.83532546e-05	4.21457680e+06	9.75514170e-17
4.90375584e+01	4.12292700e+01	-2.28670895e+04	-8.90027014e+02	1.00000000e-09	1.00000000e-09	1.00000000e-10	1.00000000e-10	0.00000000e+00	9.57870825e-17
4.90589452e+01	4.12472513e+01	-2.23576634e+04	-8.70199261e+02	1.00000000e-09	1.00000000e-09	1.00000000e-10	1.00000000e-10	0.00000000e+00	9.40800932e-17
4.90800128e+01	4.12649643e+01	-2.18560396e+04	-8.50675189e+02	5.94431159e+02	2.15683017e-04	5.94431159e+01	2.15683017e-05	5.73538670e+07	9.24283255e-17
4.91007636e+01	4.12824110e+01	-2.13619708e+04	-8.31445169e+02	7.05161843e+01	6.27199038e-04	7.05161843e+00	6.27199038e-05	6.80371695e+06	9.08297478e-17
4.91212000e+01	4.12995933e+01	-2.08753877e+04	-8.12506506e+02	1.00000000e-09	1.00000000e-09	1.00000000e-10	1.00000000e-10	0.00000000e+00	8.92824156e-17
4.91413244e+01	4.13165132e+01	-2.03962332e+04	-7.93856977e+02	1.00000000e-09	1.00000000e-09	1.00000000e-10	1.00000000e-10	0.00000000e+00	8.77844676e-17
4.91611392e+01	4.13331729e+01	-1.99246261e+04	-7.75501208e+02	5.80728383e+02	1.28368191e-04	5.80728383e+01	1.28368191e-05	5.60317585e+07	8.63341217e-17
4.91806468e+01	4.13495743e+01	-1.94603423e+04	-7.57430470e+02	9.51108406e+01	5.64928765e-04	9.51108406e+00	5.64928765e-05	9.17674654e+06	8.49296711e-17
4.91998496e+01	4.13657194e+01	-1.90033127e+04	-7.39642081e+02	1.00000000e-09	1.00000000e-09	1.00000000e-10	1.00000000e-10	0.00000000e+00	8.35694808e-17
4.92187500e+01	4.13816103e+01	-1.85534803e+04	-7.22133819e+02	1.00000000e-09	1.00000000e-09	1.00000000e-10	1.00000000e-10	0.00000000e+00	8.22519845e-17
4.92373504e+01	4.13972489e+01	-1.81109428e+04	-7.04909489e+02	5.66871084e+02	6.05917769e-05	5.66871084e+01	6.05917769e-06	5.46947390e+07	8.09756808e-17
4.92556532e+01	4.14126374e+01	-1.76754970e+04	-6.87961177e+02	1.17588761e+02	5.00858249e-04	1.17588761e+01	5.00858249e-05	1.13455423e+07	7.97391308e-17
4.92736608e+01	4.14277776e+01	-1.72470743e+04	-6.71286217e+02	1.00000000e-09	1.00000000e-09	1.00000000e-10	1.00000000e-10	0.00000000e+00	7.85409548e-17
4.92913756e+01	4.14426717e+01	-1.68256176e+04	-6.54882390e+02	1.00000000e-09	1.00000000e-09	1.00000000e-10	1.00000000e-10	0.00000000e+00	7.73798296e-17
4.93088000e+01	4.14573216e+01	-1.64112058e+04	-6.38752759e+02	5.53036100e+02	9.44515091e-06	5.53036100e+01	9.44515091e-07	5.33598709e+07	7.62544861e-17
4.93259364e+01	4.14717293e+01	-1.60036541e+04	-6.22890137e+02	1.38077080e+02	4.37900334e-04	1.38077080e+01	4.37900334e-05	1.33223707e+07	7.51637067e-17
4.93427872e+01	4.14858969e+01	-1.56028948e+04	-6.07291885e+02	1.00000000e-09	1.08632856e-05	1.00000000e-10	1.08632856e-06	-1.04805124e+00	7.41063228e-17
4.93593548e+01	4.14998265e+01	-1.52088708e+04	-5.91955782e+02	1.00000000e-09	1.00000000e-09	1.00000000e-10	1.00000000e-10	0.00000000e+00	7.30812129e-17
4.93756416e+01	4.15135199e+01	-1.48216436e+04	-5.76884224e+02	5.39374439e+02	1.00000000e-09	5.39374439e+01	1.00000000e-10	5.20417219e+07	7.20873002e-17
4.93916500e+01	4.15269793e+01	-1.44410453e+04	-5.62070674e+02	1.56704313e+02	3.77980607e-04	1.56704313e+01	3.77980607e-05	1.51196312e+07	7.11235509e-17
4.94073824e+01	4.15402066e+01	-1.40670088e+04	-5.47512523e+02	1.00000000e-09	4.23385565e-05	1.00000000e-10	4.23385565e-06	-4.08495320e+00	7.01889717e-17
4.94228412e+01	4.15532039e+01	-1.36994772e+04	-5.33207550e+02	1.00000000e-09	1.00000000e-09	1.00000000e-10	1.00000000e-10	0.00000000e+00	6.92826086e-17
4.94380288e+01	4.15659732e+01	-1.33384964e+04	-5.19157549e+02	5.26013342e+02	1.00000000e-09	5.26013342e+01	1.00000000e-10	5.07525720e+07	6.84035449e-17
4.94529476e+01	4.15785164e+01	-1.29839135e+04	-5.05356562e+02	1.73598342e+02	3.22251405e-04	1.73598342e+01	3.22251405e-05	1.67496625e+07	6.75508996e-17
4.94676000e+01	4.15908357e+01	-1.26356622e+04	-4.91802016e+02	1.00000000e-09	6.39292819e-05	1.00000000e-10	6.39292819e-06	-6.16814151e+00	6.67238256e-17
4.94819884e+01	4.16029330e+01	-1.22936856e+04	-4.78491688e+02	1.00000000e-09	1.00000000e-09	1.00000000e-10	1.00000000e-10	0.00000000e+00	6.59215086e-17
4.94961152e+01	4.16148104e+01	-1.19580157e+04	-4.65426830e+02	5.13058171e+02	1.00000000e-09	5.13058171e+01	1.00000000e-10	4.95025880e+07	6.51431654e-17
4.95099828e+01	4.16264699e+01	-1.16285128e+04	-4.52602005e+02	1.88885153e+02	2.71276579e-04	1.88885153e+01	2.71276579e-05	1.82246205e+07	6.43880426e-17
4.95235936e+01	4.16379134e+01	-1.13051117e+04	-4.40014669e+02	1.00000000e-09	7.78432656e-05	1.00000000e-10	7.78432656e-06	-7.51063685e+00	6.36554152e-17
4.95369500e+01	4.16491431e+01	-1.09877553e+04	-4.27662603e+02	1.00000000e-09	1.00000000e-09	1.00000000e-10	1.00000000e-10	0.00000000e+00	6.29445858e-17
4.95500544e+01	4.16601608e+01	-1.06764632e+04	-4.15546574e+02	5.00593872e+02	1.00000000e-09	5.00593872e+01	1.00000000e-10	4.82999660e+07	6.22548829e-17
4.95629092e+01	4.16709688e+01	-1.03711077e+04	-4.03661603e+02	2.02688633e+02	2.25186889e-04	2.02688633e+01	2.25186889e-05	1.95564583e+07	6.15856601e-17
4.95755168e+01	4.16815688e+01	-1.00716242e+04	-3.92005183e+02	1.00000000e-09	8.59385671e-05	1.00000000e-10	8.59385671e-06	-8.29171470e+00	6.09362948e-17
4.95878796e+01	4.16919631e+01	-9.77795570e+03	-3.80575093e+02	1.00000000e-09	1.00000000e-09	1.00000000e-10	1.00000000e-10	0.00000000e+00	6.03061874e-17
4.96000000e+01	4.17021536e+01	-9.49011083e+03	-3.69371669e+02	4.88685546e+02	1.56023721e-09	4.88685546e+01	1.56023721e-10	4.71509872e+07	5.96947603e-17
4.96118804e+01	4.17121422e+01	-9.20797217e+03	-3.58390340e+02	2.15131995e+02	1.83808520e-04	2.15131995e+01	1.83808520e-05	2.07570643e+07	5.91014569e-17
4.96235232e+01	4.17219311e+01	-8.93147609e+03	-3.47628630e+02	1.00000000e-09	8.97288437e-05	1.00000000e-10	8.97288437e-06	-8.65742080e+00	5.85257406e-17
4.96349308e+01	4.17315223e+01	-8.66056559e+03	-3.37084321e+02	1.00000000e-09	1.18092580e-09	1.00000000e-10	1.18092580e-10	-1.74566861e-05	5.79670942e-17
4.96461056e+01	4.17409177e+01	-8.39523943e+03	-3.26757364e+02	4.77377167e+02	2.96139066e-09	4.77377167e+01	2.96139066e-10	4.60598945e+07	5.74250190e-17
4.96570500e+01	4.17501194e+01	-8.13538942e+03	-3.16643549e+02	2.26342278e+02	1.46763469e-04	2.26342278e+01	1.46763469e-05	2.18386957e+07	5.68990341e-17
4.96677664e+01	4.17591295e+01	-7.88095276e+03	-3.06740430e+02	1.00000000e-09	9.03752977e-05	1.00000000e-10	9.03752977e-06	-8.71979413e+00	5.63886753e-17
4.96782572e+01	4.17679498e+01	-7.63187246e+03	-2.97045790e+02	1.00000000e-09	2.77462246e-09	1.00000000e-10	2.77462246e-10	-1.71225038e-04	5.58934950e-17
4.96885248e+01	4.17765825e+01	-7.38813858e+03	-2.87559242e+02	4.66686667e+02	5.25994256e-09	4.66686667e+01	5.25994256e-10	4.50284180e+07	5.54130609e-17
4.96985716e+01	4.17850295e+01	-7.14965106e+03	-2.78276892e+02	2.36460263e+02	1.13554836e-04	2.36460263e+01	1.13554836e-05	2.28149360e+07	5.49469559e-17
4.97084000e+01	4.17932929e+01	-6.91634784e+03	-2.69196324e+02	1.00000000e-09	8.86755793e-05	1.00000000e-10	8.86755793e-06	-8.55579624e+00	5.44947772e-17
4.97180124e+01	4.18013747e+01	-6.68817195e+03	-2.60315320e+02	1.00000000e-09	6.13790594e-09	1.00000000e-10	6.13790594e-10	-4.95732561e-04	5.40561356e-17
4.97274112e+01	4.18092770e+01	-6.46510586e+03	-2.51633198e+02	4.56594095e+02	8.58478158e-09	4.56594095e+01	8.58478158e-10	4.40546329e+07	5.36306554e-17
4.97365988e+01	4.18170016e+01	-6.24705654e+03	-2.43146338e+02	2.45660117e+02	8.36471715e-05	2.45660117e+01	8.36471715e-06	2.37025899e+07	5.32179733e-17
4.97455776e+01	4.18245507e+01	-6.03396267e+03	-2.34852353e+02	1.00000000e-09	8.50512038e-05	1.00000000e-10	8.50512038e-06	-8.20609716e+00	5.28177381e-17
4.97543500e+01	4.18319263e+01	-5.82576729e+03	-2.26749026e+02	1.00000000e-09	1.28127795e-08	1.00000000e-10	1.28127795e-09	-1.13975995e-03	5.24296106e-17
4.97629184e+01	4.18391303e+01	-5.62244621e+03	-2.18835415e+02	4.47017189e+02	1.24117217e-08	4.47017189e+01	1.24117217e-09	4.31306020e+07	5.20532625e-17
4.97712852e+01	4.18461649e+01	-5.42391256e+03	-2.11108139e+02	2.54185660e+02	5.65597220e-05	2.54185660e+01	5.65597220e-06	2.45251823e+07	5.16883762e-17
4.97794528e+01	4.18530319e+01	-5.23010568e+03	-2.03564837e+02	1.00000000e-09	7.95335171e-05	1.00000000e-10	7.95335171e-06	-7.67372133e+00	5.13346446e-17
4.97874236e+01	4.18597336e+01	-5.04096861e+03	-1.96203292e+02	1.00000000e-09	2.51633405e-08	1.00000000e-10	2.51633405e-09	-2.33140793e-03	5.09917704e-17
4.97952000e+01	4.18662717e+01	-4.85647140e+03	-1.89022339e+02	4.37764946e+02	1.44931789e-08	4.37764946e+01	1.44931789e-09	4.22378962e+07	5.06594657e-17
4.98027844e+01	4.18726484e+01	-4.67653250e+03	-1.82018803e+02	2.62413364e+02	3.20002409e-05	2.62413364e+01	3.20002409e-06	2.53190375e+07	5.03374517e-17
4.98101792e+01	4.18788658e+01	-4.50109183e+03	-1.75190346e+02	1.00000000e-09	7.17673386e-05	1.00000000e-10	7.17673386e-06	-6.92439901e+00	5.00254585e-17
4.98173868e+01	4.18849257e+01	-4.33009246e+03	-1.68534752e+02	1.00000000e-09	4.60065184e-08	1.00000000e-10	4.60065184e-09	-4.34246888e-03	4.97232245e-17
4.98244096e+01	4.18908302e+01	-4.16349946e+03	-1.62050662e+02	4.28454079e+02	9.11093554e-09	4.28454079e+01	9.11093554e-10	4.13395341e+07	4.94304961e-17
4.98312500e+01	4.18965814e+01	-4.00123584e+03	-1.55735079e+02	2.70954712e+02	1.00723869e-05	2.70954712e+01	1.00723869e-06	2.61431544e+07	4.91470275e-17
4.98379104e+01	4.19021813e+01	-3.84324207e+03	-1.49585686e+02	1.00000000e-09	6.10883099e-05	1.00000000e-10	6.10883099e-06	-5.89402938e+00	4.88725802e-17
4.98443932e+01	4.19076318e+01	-3.68946121e+03	-1.43600266e+02	1.00000000e-09	7.65503291e-08	1.00000000e-10	7.65503291e-09	-7.28949859e-03	4.86069230e-17
4.98507008e+01	4.19129351e+01	-3.53985410e+03	-1.37777297e+02	4.18363792e+02	1.00000000e-09	4.18363792e+01	1.00000000e-10	4.03659694e+07	4.83498313e-17
4.98568356e+01	4.19180930e+01	-3.39434763e+03	-1.32113931e+02	2.80808066e+02	9.48809726e-08	2.80808066e+01	9.48809726e-09	2.70938595e+07	4.81010873e-17
4.98628000e+01	4.19231077e+01	-3.25288274e+03	-1.26607871e+02	1.00000000e-09	4.68522083e-05	1.00000000e-10	4.68522083e-06	-4.52045439e+00	4.78604793e-17
4.98685964e+01	4.19279811e+01	-3.11540251e+03	-1.21256901e+02	1.00000000e-09	1.60946701e-05	1.00000000e-10	1.60946701e-06	-1.55280311e+00	4.76278018e-17
4.98742272e+01	4.19327153e+01	-2.98186419e+03	-1.16059356e+02	4.06186332e+02	4.47001062e-08	4.06186332e+01	4.47001062e-09	3.91910232e+07	4.74028550e-17
4.98796948e+01	4.19373123e+01	-2.85219794e+03	-1.11012519e+02	2.93551834e+02	1.08120127e-07	2.93551834e+01	1.08120127e-08	2.83234462e+07	4.71854447e-17
4.98850016e+01	4.19417741e+01	-2.72634512e+03	-1.06114108e+02	1.00000000e-09	2.90224492e-05	1.00000000e-10	2.90224492e-06	-2.80014417e+00	4.69753819e-17
4.98901500e+01	4.19461027e+01	-2.60424882e+03	-1.01361907e+02	1.00000000e-09	2.58540441e-05	1.00000000e-10	2.58540441e-06	-2.49443955e+00	4.67724830e-17
4.98951424e+01	4.19503002e+01	-2.48586327e+03	-9.67541350e+01	3.89593515e+02	1.28857906e-07	3.89593515e+01	1.28857906e-08	3.75900597e+07	4.65765690e-17
4.98999812e+01	4.19543685e+01	-2.37112138e+03	-9.22881806e+01	3.11508832e+02	6.23745990e-08	3.11508832e+01	6.23745990e-09	3.00560331e+07	4.63874658e-17
4.99046688e+01	4.19583097e+01	-2.25996488e+03	-8.79617758e+01	1.00000000e-09	9.34354359e-06	1.00000000e-10	9.34354359e-07	-9.01418421e-01	4.62050038e-17
4.99092076e+01	4.19621258e+01	-2.15233686e+03	-8.37727054e+01	1.00000000e-09	2.63179463e-05	1.00000000e-10	2.63179463e-06	-2.53919930e+00	4.60290176e-17
4.99136000e+01	4.19658188e+01	-2.04818904e+03	-7.97190905e+01	3.64467516e+02	2.77016607e-07	3.64467516e+01	2.77016607e-08	3.51657693e+07	4.58593462e-17
4.99178484e+01	4.19693907e+01	-1.94745663e+03	-7.57984093e+01	3.37641877e+02	5.16360794e-09	3.37641877e+01	5.16360794e-10	3.25774886e+07	4.56958323e-17
4.99219552e+01	4.19728436e+01	-1.85008164e+03	-7.20084051e+01	1.00000000e-09	2.14821345e-07	1.00000000e-10	2.14821345e-08	-2.06306235e-02	4.55383226e-17
4.99259228e+01	4.19761794e+01	-1.75600719e+03	-6.83468631e+01	1.00000000e-09	1.67267062e-05	1.00000000e-10	1.67267062e-06	-1.61378532e+00	4.53866673e-17
4.99297536e+01	4.19794002e+01	-1.66518293e+03	-6.48118244e+01	3.23554152e+02	1.29695361e-05	3.23554152e+01	1.29695361e-06	3.12182285e+07	4.52407202e-17
4.99334500e+01	4.19825081e+01	-1.57754594e+03	-6.14008399e+01	3.74517033e+02	2.13851922e-07	3.74517033e+01	2.13851922e-08	3.61354003e+07	4.51003385e-17
4.99370144e+01	4.19855049e+01	-1.49303851e+03	-5.81116632e+01	1.00000000e-09	3.62083947e-08	1.00000000e-10	3.62083947e-09	-3.39709366e-03	4.49653824e-17
4.99404492e+01	4.19883928e+01	-1.41160372e+03	-5.49420795e+01	1.00000000e-09	1.53333537e-06	1.00000000e-10	1.53333537e-07	-1.47847887e-01	4.48357154e-17
4.99437568e+01	4.19911737e+01	-1.33318960e+03	-5.18900651e+01	2.54412202e+02	1.28412661e-05	2.54412202e+01	1.28412661e-06	2.45470445e+07	4.47112037e-17
4.99469396e+01	4.19938497e+01	-1.25773474e+03	-4.89532302e+01	4.20719758e+02	5.40996556e-06	4.20719758e+01	5.40996556e-07	4.05932850e+07	4.45917164e-17
4.99500000e+01	4.19964228e+01	-1.18518162e+03	-4.61293364e+01	1.00000000e-09	1.62675454e-07	1.00000000e-10	1.62675454e-08	-1.55993099e-02	4.44771254e-17
4.99529404e+01	4.19988950e+01	-1.11547336e+03	-4.34161689e+01	1.00000000e-09	8.74554282e-08	1.00000000e-10	8.74554282e-09	-8.34168071e-03	4.43673050e-17
4.99557632e+01	4.20012683e+01	-1.04855662e+03	-4.08116528e+01	1.37874680e+02	2.21466926e-06	1.37874680e+01	2.21466926e-07	1.33028840e+07	4.42621318e-17
4.99584708e+01	4.20035448e+01	-9.84371222e+02	-3.83134452e+01	4.61485432e+02	8.12568435e-06	4.61485432e+01	8.12568435e-07	4.45265744e+07	4.41614852e-17
4.99610656e+01	4.20057264e+01	-9.22859822e+02	-3.59193142e+01	1.00000000e-09	3.60102816e-06	1.00000000e-10	3.60102816e-07	-3.47349913e-01	4.40652463e-17
4.99635500e+01	4.20078152e+01	-8.63965525e+02	-3.36270454e+01	1.00000000e-09	1.82223174e-07	1.00000000e-10	1.82223174e-08	-1.74853782e-02	4.39732985e-17
4.99659264e+01	4.20098132e+01	-8.07633979e+02	-3.14345234e+01	1.00000000e-09	2.83639894e-08	1.00000000e-10	2.83639894e-09	-2.64022361e-03	4.38855274e-17
4.99681972e+01	4.20117224e+01	-7.53805942e+02	-2.93394423e+01	4.50296629e+02	2.95325520e-07	4.50296629e+01	2.95325520e-08	4.34470198e+07	4.38018203e-17
4.99703648e+01	4.20135449e+01	-7.02424204e+02	-2.73395754e+01	1.61956289e+02	4.31226737e-06	1.61956289e+01	4.31226737e-07	1.56264059e+07	4.37220663e-17
4.99724316e+01	4.20152826e+01	-6.53431873e+02	-2.54327084e+01	1.00000000e-09	3.50331900e-06	1.00000000e-10	3.50331900e-07	-3.37922412e-01	4.36461563e-17
4.99744000e+01	4.20169376e+01	-6.06773805e+02	-2.36166950e+01	1.00000000e-09	2.85239174e-07	1.00000000e-10	2.85239174e-08	-2.74249111e-02	4.35739830e-17
4.99762724e+01	4.20185118e+01	-5.62391489e+02	-2.18892578e+01	2.94005149e+02	3.47788578e-08	2.94005149e+01	3.47788578e-09	2.83671844e+07	4.35054403e-17
4.99780512e+01	4.20200074e+01	-5.20227815e+02	-2.02481741e+01	3.86757606e+02	9.92091096e-08	3.86757606e+01	9.92091096e-09	3.73164360e+07	4.34404240e-17
4.99797388e+01	4.20214263e+01	-4.80225894e+02	-1.86912295e+01	1.00000000e-09	9.00759197e-07	1.00000000e-10	9.00759197e-08	-8.68135649e-02	4.33788308e-17
4.99813376e+01	4.20227705e+01	-4.42329994e+02	-1.72162550e+01	1.00000000e-09	2.25005986e-06	1.00000000e-10	2.25005986e-07	-2.17001288e-01	4.33205592e-17
4.99828500e+01	4.20240421e+01	-4.06482146e+02	-1.58209942e+01	1.00000000e-09	1.58910216e-06	1.00000000e-10	1.58910216e-07	-1.53228565e-01	4.32655087e-17
4.99842784e+01	4.20252430e+01	-3.72625320e+02	-1.45032275e+01	3.85463032e+02	2.14674085e-07	3.85463032e+01	2.14674085e-08	3.71915286e+07	4.32135800e-17
4.99856252e+01	4.20263754e+01	-3.40702627e+02	-1.32607406e+01	2.86755070e+02	3.47156087e-08	2.86755070e+01	3.47156087e-09	2.76676582e+07	4.31646749e-17
4.99868928e+01	4.20274411e+01	-3.10657910e+02	-1.20913478e+01	1.00000000e-09	2.68332010e-08	1.00000000e-10	2.68332010e-09	-2.49252498e-03	4.31186962e-17
4.99880836e+01	4.20284423e+01	-2.82433598e+02	-1.09928083e+01	1.00000000e-09	1.27122884e-07	1.00000000e-10	1.27122884e-08	-1.21690084e-02	4.30755479e-17
4.99892000e+01	4.20293809e+01	-2.55972713e+02	-9.96290453e+00	1.00000000e-09	6.74373167e-07	1.00000000e-10	6.74373167e-08	-6.49706336e-02	4.30351347e-17
4.99902444e+01	4.20302590e+01	-2.31218370e+02	-8.99942231e+00	3.34016763e+02	8.58022319e-07	3.34016763e+01	8.58022319e-08	3.22277182e+07	4.29973621e-17
4.99912192e+01	4.20310786e+01	-2.08114117e+02	-8.10016447e+00	3.34111359e+02	5.85669981e-07	3.34111359e+01	5.85669981e-08	3.22368454e+07	4.29621367e-17
4.99921268e+01	4.20318417e+01	-1.86602659e+02	-7.26290100e+00	1.00000000e-09	3.85725078e-07	1.00000000e-10	3.85725078e-08	-3.71203269e-02	4.29293656e-17
4.99929696e+01	4.20325503e+01	-1.66627056e+02	-6.48541571e+00	1.00000000e-09	1.11199347e-06	1.00000000e-10	1.11199347e-07	-1.07194574e-01	4.28989566e-17
4.99937500e+01	4.20332064e+01	-1.48130426e+02	-5.76549459e+00	1.00000000e-09	4.10880191e-06	1.00000000e-10	4.10880191e-07	-3.96342632e-01	4.28708183e-17
4.99944704e+01	4.20338121e+01	-1.31056120e+02	-5.10093282e+00	5.72304532e+01	1.45488245e-05	5.72304532e+00	1.45488245e-06	5.52189788e+06	4.28448597e-17
4.99951332e+01	4.20343694e+01	-1.15347033e+02	-4.48950776e+00	3.29833664e+02	4.84162063e-05	3.29833664e+01	4.84162063e-06	3.18241060e+07	4.28209905e-17
4.99957408e+01	4.20348802e+01	-1.00946247e+02	-3.92900403e+00	3.02593286e+02	1.51404775e-04	3.02593286e+01	1.51404775e-05	2.91957991e+07	4.27991210e-17
4.99962956e+01	4.20353467e+01	-8.77968786e+01	-3.41720768e+00	3.48114520e+01	4.45182110e-04	3.48114520e+00	4.45182110e-05	3.35875155e+06	4.27791616e-17
4.99968000e+01	4.20357708e+01	-7.58421590e+01	-2.95190913e+00	1.00000000e-09	1.23306062e-03	1.00000000e-10	1.23306062e-04	-1.18972167e+02	4.27610235e-17
4.99972564e+01	4.20361545e+01	-6.50251065e+01	-2.53089058e+00	1.00000000e-09	3.22041284e-03	1.00000000e-10	3.22041284e-04	-3.10722506e+02	4.27446181e-17
4.99976672e+01	4.20364999e+01	-5.52888111e+01	-2.15193698e+00	1.00000000e-09	7.93778505e-03	1.00000000e-10	7.93778505e-04	-7.65879730e+02	4.27298571e-17
4.99980348e+01	4.20368090e+01	-4.65763911e+01	-1.81283439e+00	2.83819943e+01	1.84809852e-02	2.83819943e+00	1.84809852e-03	2.73666301e+06	4.27166528e-17
4.99983616e+01	4.20370837e+01	-3.88310064e+01	-1.51137051e+00	2.23014253e+02	4.06770737e-02	2.23014253e+01	4.06770737e-03	2.15136795e+07	4.27049174e-17
4.99986500e+01	4.20373262e+01	-3.19957493e+01	-1.24533038e+00	2.93507931e+02	8.47049705e-02	2.93507931e+01	8.47049705e-03	2.83110374e+07	4.26945637e-17
4.99989024e+01	4.20375384e+01	-2.60137143e+01	-1.01249914e+00	2.34279035e+02	1.66996820e-01	2.34279035e+01	1.66996820e-02	2.25883778e+07	4.26855044e-17
4.99991212e+01	4.20377224e+01	-2.08280199e+01	-8.10662871e-01	9.65341255e+01	3.11903831e-01	9.65341255e+00	3.11903831e-02	9.28403302e+06	4.26776527e-17
4.99993088e+01	4.20378801e+01	-1.63817897e+01	-6.37607832e-01	1.00000000e-09	5.52187510e-01	1.00000000e-10	5.52187510e-02	-5.32779952e+04	4.26709218e-17
4.99994676e+01	4.20380136e+01	-1.26181466e+01	-4.91120278e-01	1.00000000e-09	9.27071681e-01	1.00000000e-10	9.27071681e-02	-8.94488189e+04	4.26652250e-17
4.99996000e+01	4.20381249e+01	-9.48019967e+00	-3.68985910e-01	1.00000000e-09	1.47664872e+00	1.00000000e-10	1.47664872e-01	-1.42474943e+05	4.26604759e-17
4.99997084e+01	4.20382161e+01	-6.91106488e+00	-2.68990701e-01	1.00000000e-09	2.23216531e+00	1.00000000e-10	2.23216531e-01	-2.15371211e+05	4.26565880e-17
4.99997952e+01	4.20382891e+01	-4.85386100e+00	-1.88920738e-01	1.00000000e-09	3.20322770e+00	1.00000000e-10	3.20322770e-01	-3.09064488e+05	4.26534751e-17
4.99998628e+01	4.20383459e+01	-3.25170683e+00	-1.26562102e-01	1.00000000e-09	4.36497904e+00	1.00000000e-10	4.36497904e-01	-4.21156453e+05	4.26510509e-17
4.99999136e+01	4.20383886e+01	-2.04772156e+00	-7.97008954e-02	1.00000000e-09	5.65005582e+00	1.00000000e-10	5.65005582e-01	-5.45147512e+05	4.26492292e-17
4.99999500e+01	4.20384192e+01	-1.18502386e+00	-4.61231960e-02	1.00000000e-09	6.95060318e+00	1.00000000e-10	6.95060318e-01	-6.70631256e+05	4.26479240e-17
4.99999744e+01	4.20384397e+01	-6.06732174e-01	-2.36150747e-02	1.00000000e-09	8.13400524e+00	1.00000000e-10	8.13400524e-01	-7.84812197e+05	4.26470491e-17
4.99999892e+01	4.20384522e+01	-2.55965131e-01	-9.96260941e-03	1.00000000e-09	9.07224809e+00	1.00000000e-10	9.07224809e-01	-8.75338870e+05	4.26465185e-17
4.99999968e+01	4.20384586e+01	-7.58415199e-02	-2.95188426e-03	5.67728830e+00	9.68010158e+00	5.67728830e-01	9.68010158e-01	-3.86212769e+05	4.26462460e-17
4.99999996e+01	4.20384609e+01	-9.48018999e-03	-3.68985533e-04	9.46524756e+00	9.95362205e+00	9.46524756e-01	9.95362205e-01	-4.71209750e+04	4.26461456e-17
5.00000000e+01	4.20384612e+01	0.00000000e+00	0.00000000e+00	1.00000000e+01	1.00000000e+01	1.00000000e+00	1.00000000e+00	0.00000000e+00	4.26461312e-17
