# 1D PNP Solver Results
# Debye length: 1.18939 nm
# Surface potential: 100 mV
# Bulk concentration: 10 mol/m^3
# Thermal voltage: 25.6926 mV
# Grid: non-uniform with stretching factor 3
#
# Columns:
# 1: x [nm]
# 2: x/lambda_D [-]
# 3: phi [mV]
# 4: phi_normalized = e*phi/(kB*T) [-]
# 5: c+ [mol/m^3]
# 6: c- [mol/m^3]
# 7: c+/c0 [-]
# 8: c-/c0 [-]
# 9: rho [C/m^3]
# 10: phi_GC [mV] (Gouy-Chapman analytical)
0.00000000e+00	0.00000000e+00	1.00000000e+02	3.89217445e+00	2.02797246e-02	9.47230777e+04	2.02797246e-03	9.47230777e+03	-9.13938565e+09	1.00000000e+02
2.99400400e-01	2.51726642e-01	-8.74626353e+04	-3.40419835e+03	1.00000000e-09	2.49143426e+03	1.00000000e-10	2.49143426e+02	-2.40386862e+08	6.85664877e+01
5.97603200e-01	5.02446379e-01	-1.74675021e+05	-6.79865652e+03	1.00000000e-09	1.00000000e-09	1.00000000e-10	1.00000000e-10	0.00000000e+00	5.03048324e+01
8.94610800e-01	7.52161229e-01	-2.58175521e+05	-1.00486417e+04	1.61288419e-05	1.00000000e-09	1.61288419e-06	1.00000000e-10	1.55610018e+00	3.79705828e+01
1.19042560e+00	1.00087321e+00	-3.40887266e+05	-1.32679271e+04	1.43881579e-03	9.48497396e+04	1.43881579e-04	9.48497396e+03	-9.15160849e+09	2.90844029e+01
1.48505000e+00	1.24858434e+00	-4.23266176e+05	-1.64742579e+04	1.00000000e-09	8.87848164e+03	1.00000000e-10	8.87848164e+02	-8.56643250e+08	2.24667584e+01
1.77848640e+00	1.49529663e+00	-5.05312913e+05	-1.96676601e+04	1.00000000e-09	1.00000000e-09	1.00000000e-10	1.00000000e-10	0.00000000e+00	1.74460154e+01
2.07073720e+00	1.74101211e+00	-5.83833755e+05	-2.27238282e+04	1.00000000e-09	1.00000000e-09	1.00000000e-10	1.00000000e-10	0.00000000e+00	1.35944687e+01
2.36180480e+00	1.98573279e+00	-6.61139290e+05	-2.57326945e+04	1.99148197e-03	9.50117946e+04	1.99148197e-04	9.50117946e+03	-9.16724436e+09	1.06194118e+01
2.65169160e+00	2.22946069e+00	-7.38131223e+05	-2.87293549e+04	5.05445377e-05	1.57099165e+04	5.05445377e-06	1.57099165e+03	-1.51577651e+09	8.31101793e+00
2.94040000e+00	2.47219783e+00	-8.14810182e+05	-3.17138337e+04	1.00000000e-09	1.00000000e-09	1.00000000e-10	1.00000000e-10	0.00000000e+00	6.51434305e+00
3.22793240e+00	2.71394622e+00	-8.88192757e+05	-3.45700116e+04	1.00000000e-09	1.00000000e-09	1.00000000e-10	1.00000000e-10	0.00000000e+00	5.11278590e+00
3.51429120e+00	2.95470789e+00	-9.59947964e+05	-3.73628494e+04	5.93463358e-03	9.52030973e+04	5.93463358e-04	9.52030973e+03	-9.18570188e+09	4.01753072e+00
3.79947880e+00	3.19448485e+00	-1.03140972e+06	-4.01442658e+04	4.29368951e-03	2.30318975e+04	4.29368951e-04	2.30318975e+03	-2.22223986e+09	3.16039318e+00
4.08349760e+00	3.43327911e+00	-1.10257863e+06	-4.29142838e+04	4.46376442e-04	1.00000000e-09	4.46376442e-05	1.00000000e-10	4.30686828e+01	2.48875472e+00
4.36635000e+00	3.67109271e+00	-1.17072353e+06	-4.55666021e+04	8.65644347e-06	1.00000000e-09	8.65644347e-07	1.00000000e-10	8.35123338e-01	1.96186370e+00
4.64803840e+00	3.90792764e+00	-1.23684678e+06	-4.81402344e+04	1.00000000e-09	9.54117935e+04	1.00000000e-10	9.54117935e+03	-9.20583858e+09	1.54807794e+00
4.92856520e+00	4.14378594e+00	-1.30269736e+06	-5.07032538e+04	1.00000000e-09	3.08823076e+04	1.00000000e-10	3.08823076e+03	-2.97968971e+09	1.22278051e+00
5.20793280e+00	4.37866962e+00	-1.36827583e+06	-5.32556823e+04	1.27801177e-05	1.00000000e-09	1.27801177e-06	1.00000000e-10	1.23299741e+00	9.66789980e-01
5.48614360e+00	4.61258070e+00	-1.43114482e+06	-5.57026531e+04	4.29433027e-06	1.00000000e-09	4.29433027e-07	1.00000000e-10	4.14243397e-01	7.65140276e-01
5.76320000e+00	4.84552120e+00	-1.49161893e+06	-5.80564110e+04	1.00000000e-09	9.56185727e+04	1.00000000e-10	9.56185727e+03	-9.22578974e+09	6.06140501e-01
6.03910440e+00	5.07749313e+00	-1.55184160e+06	-6.04003821e+04	1.00000000e-09	3.92831061e+04	1.00000000e-10	3.92831061e+03	-3.79024354e+09	4.80648184e-01
6.31385920e+00	5.30849851e+00	-1.61181333e+06	-6.27345866e+04	6.89373941e-06	1.00000000e-09	6.89373941e-07	1.00000000e-10	6.65048252e-01	3.81506351e-01
6.58746680e+00	5.53853936e+00	-1.66943160e+06	-6.49771902e+04	3.91689951e-06	1.00000000e-09	3.91689951e-07	1.00000000e-10	3.77826865e-01	3.03106720e-01
6.85992960e+00	5.76761769e+00	-1.72430486e+06	-6.71129531e+04	1.00000000e-09	9.57953923e+04	1.00000000e-10	9.57953923e+03	-9.24285024e+09	2.41050282e-01
7.13125000e+00	5.99573554e+00	-1.77894804e+06	-6.92397611e+04	1.00000000e-09	4.82283271e+04	1.00000000e-10	4.82283271e+03	-4.65332616e+09	1.91883235e-01
7.40143040e+00	6.22289490e+00	-1.83336163e+06	-7.13576330e+04	5.05522222e-06	1.00000000e-09	5.05522222e-07	1.00000000e-10	4.87658310e-01	1.52891305e-01
7.67047320e+00	6.44909781e+00	-1.88581956e+06	-7.33993870e+04	4.38252177e-06	1.00000000e-09	4.38252177e-07	1.00000000e-10	4.22752583e-01	1.21939384e-01
7.93838080e+00	6.67434627e+00	-1.93520680e+06	-7.53216244e+04	1.00000000e-09	9.59039852e+04	1.00000000e-10	9.59039852e+03	-9.25332787e+09	9.73463694e-02
8.20515560e+00	6.89864231e+00	-1.98438521e+06	-7.72357340e+04	1.00000000e-09	5.76643937e+04	1.00000000e-10	5.76643937e+03	-5.56376818e+09	7.77873862e-02
8.47080000e+00	7.12198795e+00	-2.03335524e+06	-7.91417330e+04	4.13991832e-06	1.00000000e-09	4.13991832e-07	1.00000000e-10	3.99344908e-01	6.22173302e-02
8.73531640e+00	7.34438520e+00	-2.08081091e+06	-8.09887906e+04	5.77258474e-06	1.00000000e-09	5.77258474e-07	1.00000000e-10	5.56873271e-01	4.98110222e-02
8.99870720e+00	7.56583608e+00	-2.12489517e+06	-8.27046268e+04	1.00000000e-09	9.58950742e+04	1.00000000e-10	9.58950742e+03	-9.25246809e+09	3.99163248e-02
9.26097480e+00	7.78634260e+00	-2.16879143e+06	-8.44131460e+04	1.00000000e-09	6.74591778e+04	1.00000000e-10	6.74591778e+03	-6.50882117e+09	3.20173786e-02
9.52212160e+00	8.00590680e+00	-2.21250011e+06	-8.61143638e+04	3.10420167e-06	1.00000000e-09	3.10420167e-07	1.00000000e-10	2.99413443e-01	2.57057482e-02
9.78215000e+00	8.22453067e+00	-2.25518305e+06	-8.77756584e+04	9.80277181e-06	1.00000000e-09	9.80277181e-07	1.00000000e-10	9.45727209e-01	2.06577541e-02
1.00410624e+01	8.44221625e+00	-2.29421823e+06	-8.92949759e+04	1.00000000e-09	9.57104002e+04	1.00000000e-10	9.57104002e+03	-9.23464975e+09	1.66166494e-02
1.02988612e+01	8.65896555e+00	-2.33308553e+06	-9.08077588e+04	1.00000000e-09	7.73549692e+04	1.00000000e-10	7.73549692e+03	-7.46361990e+09	1.33785927e-02
1.05555488e+01	8.87478058e+00	-2.37178529e+06	-9.23140211e+04	1.00000000e-09	1.00000000e-09	1.00000000e-10	1.00000000e-10	0.00000000e+00	1.07815984e-02
1.08111276e+01	9.08966337e+00	-2.41000213e+06	-9.38014870e+04	1.25208056e-06	1.00000000e-09	1.25208056e-07	1.00000000e-10	1.20710923e-01	8.69682520e-03
1.10656000e+01	9.30361594e+00	-2.44431718e+06	-9.51370888e+04	1.00000000e-09	9.52922434e+04	1.00000000e-10	9.52922434e+03	-9.19430376e+09	7.02170086e-03
1.13189684e+01	9.51664029e+00	-2.47848336e+06	-9.64668962e+04	1.00000000e-09	8.69009503e+04	1.00000000e-10	8.69009503e+03	-8.38466705e+09	5.67449245e-03
1.15712352e+01	9.72873845e+00	-2.51250100e+06	-9.77909219e+04	5.67531182e-07	1.00000000e-09	5.67531182e-08	1.00000000e-10	5.46619492e-02	4.59001348e-03
1.18224028e+01	9.93991244e+00	-2.54637041e+06	-9.91091784e+04	8.57673096e-07	1.00000000e-09	8.57673096e-08	1.00000000e-10	8.26563882e-02	3.71622724e-03
1.20724736e+01	1.01501643e+01	-2.57610292e+06	-1.00266420e+05	1.00000000e-09	9.45905934e+04	1.00000000e-10	9.45905934e+03	-9.12660482e+09	3.01155675e-03
1.23214500e+01	1.03594960e+01	-2.60513380e+06	-1.01396352e+05	1.00000000e-09	9.77109056e+04	1.00000000e-10	9.77109056e+03	-9.42766918e+09	2.44275242e-03
1.25693344e+01	1.05679095e+01	-2.63403736e+06	-1.02521329e+05	2.39158740e-07	1.00000000e-09	2.39158740e-08	1.00000000e-10	2.29788251e-02	1.98320033e-03
1.28161292e+01	1.07754070e+01	-2.66281387e+06	-1.03641361e+05	1.09192290e-06	1.00000000e-09	1.09192290e-07	1.00000000e-10	1.05258058e-01	1.61157892e-03
1.30618368e+01	1.09819904e+01	-2.68723214e+06	-1.04591763e+05	1.00000000e-09	9.32735011e+04	1.00000000e-10	9.32735011e+03	-8.99952473e+09	1.31079131e-03
1.33064596e+01	1.11876617e+01	-2.71023723e+06	-1.05487161e+05	1.00000000e-09	1.13036943e+05	1.00000000e-10	1.13036943e+04	-1.09064070e+10	1.06711600e-03
1.35500000e+01	1.13924230e+01	-2.73314053e+06	-1.06378598e+05	1.00000000e-09	1.00000000e-09	1.00000000e-10	1.00000000e-10	0.00000000e+00	8.69530744e-04
1.37924604e+01	1.15962762e+01	-2.75594227e+06	-1.07266081e+05	1.67005405e-06	1.00000000e-09	1.67005405e-07	1.00000000e-10	1.61039234e-01	7.09173671e-04
1.40338432e+01	1.17992235e+01	-2.77415923e+06	-1.07975117e+05	2.71780452e-06	9.00949151e+04	2.71780452e-07	9.00949151e+03	-8.69283781e+09	5.78913586e-04
1.42741508e+01	1.20012667e+01	-2.79010328e+06	-1.08595687e+05	1.47161978e-06	1.39563222e+05	1.47161978e-07	1.39563222e+04	-1.34658039e+10	4.73006904e-04
1.45133856e+01	1.22024080e+01	-2.80597615e+06	-1.09213487e+05	7.99269116e-07	1.00000000e-09	7.99269116e-08	1.00000000e-10	7.70212608e-02	3.86823582e-04
1.47515500e+01	1.24026493e+01	-2.82177800e+06	-1.09828523e+05	5.83107883e-07	1.00000000e-09	5.83107883e-08	1.00000000e-10	5.61648724e-02	3.16627951e-04
1.49886464e+01	1.26019926e+01	-2.83271483e+06	-1.10254203e+05	2.67871220e-07	7.91317558e+04	2.67871220e-08	7.91317558e+03	-7.63505374e+09	2.59403321e-04
1.52246772e+01	1.28004400e+01	-2.84028189e+06	-1.10548726e+05	1.00000000e-09	2.13652295e+05	1.00000000e-10	2.13652295e+04	-2.06143126e+10	2.12711469e-04
1.54596448e+01	1.29979936e+01	-2.84781486e+06	-1.10841922e+05	1.00000000e-09	1.00000000e-09	1.00000000e-10	1.00000000e-10	0.00000000e+00	1.74580004e-04
1.56935516e+01	1.31946552e+01	-2.85531382e+06	-1.11133795e+05	5.11615672e-07	1.00000000e-09	5.11615672e-08	1.00000000e-10	4.92669227e-02	1.43411981e-04
1.59264000e+01	1.33904270e+01	-2.85745895e+06	-1.11217287e+05	1.33517548e+03	1.00000000e-09	1.33517548e+02	1.00000000e-10	1.28824850e+08	1.17913311e-04
1.61581924e+01	1.35853109e+01	-2.85464000e+06	-1.11107569e+05	1.66672536e+03	1.00000000e-09	1.66672536e+02	1.00000000e-10	1.60814550e+08	9.70344227e-05
1.63889312e+01	1.37793090e+01	-2.85183387e+06	-1.10998349e+05	1.00000000e-09	1.00000000e-09	1.00000000e-10	1.00000000e-10	0.00000000e+00	7.99233226e-05
1.66186188e+01	1.39724232e+01	-2.84904051e+06	-1.10889627e+05	1.00000000e-09	1.34057041e+04	1.00000000e-10	1.34057041e+03	-1.29345381e+09	6.58878096e-05
1.68472576e+01	1.41646557e+01	-2.84003990e+06	-1.10539307e+05	1.00000000e-09	9.73842016e+03	1.00000000e-10	9.73842016e+02	-9.39614703e+08	5.43650223e-05
1.70748500e+01	1.43560084e+01	-2.82097553e+06	-1.09797289e+05	8.93503153e+02	5.21604258e+02	8.93503153e+01	5.21604258e+01	3.58827884e+07	4.48968793e-05
1.73013984e+01	1.45464833e+01	-2.80126093e+06	-1.09029962e+05	1.81438306e+02	1.00000000e-09	1.81438306e+01	1.00000000e-10	1.75061352e+07	3.71102557e-05
1.75269052e+01	1.47360825e+01	-2.78163698e+06	-1.08266164e+05	1.00000000e-09	1.00000000e-09	1.00000000e-10	1.00000000e-10	0.00000000e+00	3.07009681e-05
1.77513728e+01	1.49248080e+01	-2.76211545e+06	-1.07506352e+05	1.00000000e-09	1.88071170e+01	1.00000000e-10	1.88071170e+00	-1.81461093e+06	2.54208255e-05
1.79748036e+01	1.51126617e+01	-2.74265961e+06	-1.06749096e+05	8.60033541e+02	1.81752753e+01	8.60033541e+01	1.81752753e+00	8.12269744e+07	2.10671509e-05
1.81972000e+01	1.52996457e+01	-2.72326812e+06	-1.05994346e+05	3.13661130e+02	1.00000000e-09	3.13661130e+01	1.00000000e-10	3.02636983e+07	1.74742951e-05
1.84185644e+01	1.54857621e+01	-2.70396662e+06	-1.05243098e+05	1.00000000e-09	1.00000000e-09	1.00000000e-10	1.00000000e-10	0.00000000e+00	1.45067575e-05
1.86388992e+01	1.56710128e+01	-2.68476626e+06	-1.04495786e+05	1.00000000e-09	4.69859863e+00	1.00000000e-10	4.69859863e-01	-4.53345849e+05	1.20536058e-05
1.88582068e+01	1.58553999e+01	-2.66565435e+06	-1.03751918e+05	8.06369246e+02	9.37790071e+00	8.06369246e+01	9.37790071e-01	7.68979746e+07	1.00239454e-05
1.90764896e+01	1.60389254e+01	-2.64661873e+06	-1.03011018e+05	4.36965134e+02	1.00000000e-09	4.36965134e+01	1.00000000e-10	4.21607260e+07	8.34323736e-06
1.92937500e+01	1.62215912e+01	-2.62767227e+06	-1.02273589e+05	1.00000000e-09	1.00000000e-09	1.00000000e-10	1.00000000e-10	0.00000000e+00	6.95030439e-06
1.95099904e+01	1.64033995e+01	-2.60882437e+06	-1.01539996e+05	1.00000000e-09	1.04648469e+00	1.00000000e-10	1.04648469e-01	-1.00970423e+05	5.79489399e-06
1.97252132e+01	1.65843522e+01	-2.59007179e+06	-1.00810112e+05	7.34573503e+02	6.56318181e+00	7.34573503e+01	6.56318181e-01	7.02423176e+07	4.83569313e-06
1.99394208e+01	1.67644514e+01	-2.57139873e+06	-1.00083324e+05	5.47599009e+02	1.26264297e-01	5.47599009e+01	1.26264297e-02	5.28230896e+07	4.03870994e-06
2.01526156e+01	1.69436990e+01	-2.55281378e+06	-9.93599659e+04	1.00000000e-09	1.00000000e-09	1.00000000e-10	1.00000000e-10	0.00000000e+00	3.37595312e-06
2.03648000e+01	1.71220971e+01	-2.53432428e+06	-9.86403223e+04	1.00000000e-09	1.00000000e-09	1.00000000e-10	1.00000000e-10	0.00000000e+00	2.82435375e-06
2.05759764e+01	1.72996477e+01	-2.51593250e+06	-9.79244821e+04	6.47595910e+02	1.00000000e-09	6.47595910e+01	1.00000000e-10	6.24835064e+07	2.36488397e-06
2.07861472e+01	1.74763529e+01	-2.49762830e+06	-9.72120506e+04	6.43236992e+02	1.00000000e-09	6.43236992e+01	1.00000000e-10	6.20629349e+07	1.98183626e-06
2.09953148e+01	1.76522146e+01	-2.47941147e+06	-9.65030198e+04	1.00000000e-09	9.11434171e-01	1.00000000e-10	9.11434171e-02	-8.79400286e+04	1.66223343e-06
2.12034816e+01	1.78272348e+01	-2.46128540e+06	-9.57975213e+04	1.00000000e-09	1.65112229e-01	1.00000000e-10	1.65112229e-02	-1.59309081e+04	1.39534528e-06
2.14106500e+01	1.80014156e+01	-2.44325717e+06	-9.50958314e+04	5.48506851e+02	1.00000000e-09	5.48506851e+01	1.00000000e-10	5.29228657e+07	1.17229232e-06
2.16168224e+01	1.81747590e+01	-2.42531562e+06	-9.43975149e+04	7.21745851e+02	1.00000000e-09	7.21745851e+01	1.00000000e-10	6.96378881e+07	9.85720606e-07
2.18220012e+01	1.83472670e+01	-2.40746054e+06	-9.37025639e+04	1.00000000e-09	2.84636211e-01	1.00000000e-10	2.84636211e-02	-2.74632193e+04	8.29534693e-07
2.20261888e+01	1.85189417e+01	-2.38969343e+06	-9.30110372e+04	1.00000000e-09	1.03408945e-01	1.00000000e-10	1.03408945e-02	-9.97744634e+03	6.98678213e-07
2.22293876e+01	1.86897850e+01	-2.37202395e+06	-9.23233101e+04	4.40774480e+02	1.00000000e-09	4.40774480e+01	1.00000000e-10	4.25282721e+07	5.88953354e-07
2.24316000e+01	1.88597989e+01	-2.35444024e+06	-9.16389214e+04	7.82048178e+02	1.00000000e-09	7.82048178e+01	1.00000000e-10	7.54561782e+07	4.96872286e-07
2.26328284e+01	1.90289856e+01	-2.33694209e+06	-9.09578631e+04	1.00000000e-09	1.37978319e-01	1.00000000e-10	1.37978319e-02	-1.33128839e+04	4.19534757e-07
2.28330752e+01	1.91973469e+01	-2.31952913e+06	-9.02801202e+04	1.00000000e-09	8.24096843e-02	1.00000000e-10	8.24096843e-03	-7.95132567e+03	3.54527186e-07
2.30323428e+01	1.93648850e+01	-2.30221288e+06	-8.96061416e+04	3.27792057e+02	1.00000000e-09	3.27792057e+01	1.00000000e-10	3.16271255e+07	2.99839390e-07
2.32306336e+01	1.95316018e+01	-2.28498332e+06	-8.89355370e+04	8.21810518e+02	1.00000000e-09	8.21810518e+01	1.00000000e-10	7.92926608e+07	2.53795839e-07
2.34279500e+01	1.96974994e+01	-2.26783842e+06	-8.82682277e+04	1.00000000e-09	7.88392174e-02	1.00000000e-10	7.88392174e-03	-7.60682798e+03	2.14998834e-07
2.36242944e+01	1.98625797e+01	-2.25077789e+06	-8.76042018e+04	1.00000000e-09	7.16068229e-02	1.00000000e-10	7.16068229e-03	-6.90900799e+03	1.82281515e-07
2.38196692e+01	2.00268448e+01	-2.23381258e+06	-8.69438823e+04	2.12883556e+02	1.00000000e-09	2.12883556e+01	1.00000000e-10	2.05401406e+07	1.54668970e-07
2.40140768e+01	2.01902967e+01	-2.21693542e+06	-8.62869942e+04	8.43576697e+02	1.00000000e-09	8.43576697e+01	1.00000000e-10	8.13927777e+07	1.31346022e-07
2.42075196e+01	2.03529375e+01	-2.20014203e+06	-8.56333660e+04	1.00000000e-09	4.64003965e-02	1.00000000e-10	4.64003965e-03	-4.47695757e+03	1.11630519e-07
2.44000000e+01	2.05147691e+01	-2.18343213e+06	-8.49829875e+04	1.00000000e-09	6.51919148e-02	1.00000000e-10	6.51919148e-03	-6.29006345e+03	9.49511815e-08
2.45915204e+01	2.06757935e+01	-2.16681549e+06	-8.43362388e+04	9.90499924e+01	1.00000000e-09	9.90499924e+00	1.00000000e-10	9.55687142e+06	8.08292110e-08
2.47820832e+01	2.08360129e+01	-2.15028816e+06	-8.36929663e+04	8.48226208e+02	1.00000000e-09	8.48226208e+01	1.00000000e-10	8.18413874e+07	6.88630042e-08
2.49716908e+01	2.09954291e+01	-2.13384367e+06	-8.30529183e+04	1.00000000e-09	2.39748952e-02	1.00000000e-10	2.39748952e-03	-2.31322563e+03	5.87154473e-08
2.51603456e+01	2.11540443e+01	-2.11748180e+06	-8.24160855e+04	1.00000000e-09	6.08343613e-02	1.00000000e-10	6.08343613e-03	-5.86962346e+03	5.01033414e-08
2.53480500e+01	2.13118604e+01	-2.10121083e+06	-8.17827912e+04	1.00000000e-09	1.00000000e-09	1.00000000e-10	1.00000000e-10	0.00000000e+00	4.27885959e-08
2.55348064e+01	2.14688794e+01	-2.08502996e+06	-8.11530035e+04	8.37062494e+02	1.00000000e-09	8.37062494e+01	1.00000000e-10	8.07642528e+07	3.65708905e-08
2.57206172e+01	2.16251034e+01	-2.06893102e+06	-8.05264046e+04	5.72822443e+01	1.22353343e-03	5.72822443e+00	1.22353343e-04	5.52677832e+06	3.12815536e-08
2.59054848e+01	2.17805344e+01	-2.05291380e+06	-7.99029863e+04	1.00000000e-09	5.49722474e-02	1.00000000e-10	5.49722474e-03	-5.30401545e+03	2.67784535e-08
2.60894116e+01	2.19351744e+01	-2.03698489e+06	-7.92830053e+04	1.00000000e-09	9.15350315e-03	1.00000000e-10	9.15350315e-04	-8.83178695e+02	2.29417317e-08
2.62724000e+01	2.20890254e+01	-2.02114642e+06	-7.86665447e+04	8.11715416e+02	1.00000000e-09	8.11715416e+01	1.00000000e-10	7.83186315e+07	1.96702351e-08
2.64544524e+01	2.22420894e+01	-2.00538898e+06	-7.80532374e+04	1.59097553e+02	1.00000000e-09	1.59097553e+01	1.00000000e-10	1.53505802e+07	1.68785322e-08
2.66355712e+01	2.23943686e+01	-1.98971234e+06	-7.74430752e+04	1.00000000e-09	1.00000000e-09	1.00000000e-10	1.00000000e-10	0.00000000e+00	1.44944152e-08
2.68157588e+01	2.25458647e+01	-1.97412131e+06	-7.68362452e+04	1.00000000e-09	1.00000000e-09	1.00000000e-10	1.00000000e-10	0.00000000e+00	1.24568071e-08
2.69950176e+01	2.26965800e+01	-1.95862069e+06	-7.62329342e+04	7.74043218e+02	4.17162827e-03	7.74043218e+01	4.17162827e-04	7.46834145e+07	1.07140069e-08
2.71733500e+01	2.28465164e+01	-1.94320018e+06	-7.56327409e+04	2.52451190e+02	2.72665852e-03	2.52451190e+01	2.72665852e-04	2.43575738e+07	9.22221780e-09
2.73507584e+01	2.29956759e+01	-1.92785956e+06	-7.50356572e+04	1.00000000e-09	7.04765262e-04	1.00000000e-10	7.04765262e-05	-6.79994139e+01	7.94431062e-09
2.75272452e+01	2.31440606e+01	-1.91260173e+06	-7.44417960e+04	1.00000000e-09	2.80830740e-04	1.00000000e-10	2.80830740e-05	-2.70959507e+01	6.84878564e-09
2.77028128e+01	2.32916724e+01	-1.89743387e+06	-7.38514362e+04	7.26045054e+02	1.49876197e-04	7.26045054e+01	1.49876197e-05	7.00526837e+07	5.90889902e-09
2.78774636e+01	2.34385135e+01	-1.88234521e+06	-7.32641592e+04	3.36069773e+02	9.83054174e-05	3.36069773e+01	9.83054174e-06	3.24257942e+07	5.10192799e-09
2.80512000e+01	2.35845857e+01	-1.86733554e+06	-7.26799569e+04	1.00000000e-09	1.00000000e-09	1.00000000e-10	1.00000000e-10	0.00000000e+00	4.40855198e-09
2.82240244e+01	2.37298911e+01	-1.85240589e+06	-7.20988686e+04	1.00000000e-09	1.00000000e-09	1.00000000e-10	1.00000000e-10	0.00000000e+00	3.81233114e-09
2.83959392e+01	2.38744318e+01	-1.83756537e+06	-7.15212497e+04	6.69776550e+02	5.99446743e-07	6.69776550e+01	5.99446743e-08	6.46236128e+07	3.29926652e-09
2.85669468e+01	2.40182097e+01	-1.82280316e+06	-7.09466789e+04	4.09104379e+02	3.68635619e-05	4.09104379e+01	3.68635619e-06	3.94725683e+07	2.85742894e-09
2.87370496e+01	2.41612269e+01	-1.80811906e+06	-7.03751481e+04	1.00000000e-09	1.81585099e-06	1.00000000e-10	1.81585099e-07	-1.75106501e-01	2.47664556e-09
2.89062500e+01	2.43034854e+01	-1.79351286e+06	-6.98066493e+04	1.00000000e-09	1.00000000e-09	1.00000000e-10	1.00000000e-10	0.00000000e+00	2.14823497e-09
2.90745504e+01	2.44449872e+01	-1.77899464e+06	-6.92415748e+04	6.07214143e+02	1.00000000e-09	6.07214143e+01	1.00000000e-10	5.85872582e+07	1.86478313e-09
2.92419532e+01	2.45857343e+01	-1.76455519e+06	-6.86795663e+04	4.69642183e+02	2.02059321e-05	4.69642183e+01	2.02059321e-06	4.53135801e+07	1.61995382e-09
2.94084608e+01	2.47257288e+01	-1.75019296e+06	-6.81205632e+04	1.00000000e-09	4.30464753e-06	1.00000000e-10	4.30464753e-07	-4.15238861e-01	1.40832799e-09
2.95740756e+01	2.48649726e+01	-1.73590774e+06	-6.75645575e+04	1.00000000e-09	1.00000000e-09	1.00000000e-10	1.00000000e-10	0.00000000e+00	1.22526770e-09
2.97388000e+01	2.50034678e+01	-1.72170905e+06	-6.70119195e+04	5.40334340e+02	1.00000000e-09	5.40334340e+01	1.00000000e-10	5.21343382e+07	1.06680067e-09
2.99026364e+01	2.51412164e+01	-1.70758979e+06	-6.64623737e+04	5.19276904e+02	1.18977761e-05	5.19276904e+01	1.18977761e-06	5.01026034e+07	9.29522319e-10
3.00655872e+01	2.52782204e+01	-1.69354686e+06	-6.59157983e+04	1.00000000e-09	4.85073745e-06	1.00000000e-10	4.85073745e-07	-4.67928528e-01	8.10512530e-10
3.02276548e+01	2.54144819e+01	-1.67958005e+06	-6.53721854e+04	1.00000000e-09	1.00000000e-09	1.00000000e-10	1.00000000e-10	0.00000000e+00	7.07264951e-10
3.03888416e+01	2.55500028e+01	-1.66569807e+06	-6.48318746e+04	4.70925775e+02	1.00000000e-09	4.70925775e+01	1.00000000e-10	4.54374298e+07	6.17626836e-10
3.05491500e+01	2.56847852e+01	-1.65189599e+06	-6.42946735e+04	5.58282417e+02	7.11575314e-06	5.58282417e+01	7.11575314e-07	5.38660638e+07	5.39747847e-10
3.07085824e+01	2.58188310e+01	-1.63816932e+06	-6.37604079e+04	1.00000000e-09	4.58839016e-06	1.00000000e-10	4.58839016e-07	-4.42615864e-01	4.72036458e-10
3.08671412e+01	2.59521424e+01	-1.62451788e+06	-6.32290698e+04	1.00000000e-09	1.00000000e-09	1.00000000e-10	1.00000000e-10	0.00000000e+00	4.13122792e-10
3.10248288e+01	2.60847213e+01	-1.61094940e+06	-6.27009609e+04	4.00603365e+02	1.00000000e-09	4.00603365e+01	1.00000000e-10	3.86523487e+07	3.61826923e-10
3.11816476e+01	2.62165697e+01	-1.59746104e+06	-6.21759703e+04	5.87162972e+02	4.09209429e-06	5.87162972e+01	4.09209429e-07	5.66526140e+07	3.17131833e-10
3.13376000e+01	2.63476897e+01	-1.58404720e+06	-6.16538803e+04	1.00000000e-09	4.12965854e-06	1.00000000e-10	4.12965854e-07	-3.98354990e-01	2.78160305e-10
3.14926884e+01	2.64780832e+01	-1.57070767e+06	-6.11346827e+04	1.00000000e-09	1.00000000e-09	1.00000000e-10	1.00000000e-10	0.00000000e+00	2.44155186e-10
3.16469152e+01	2.66077524e+01	-1.55744912e+06	-6.06186366e+04	3.30785495e+02	1.00000000e-09	3.30785495e+01	1.00000000e-10	3.19159483e+07	2.14462497e-10
3.18002828e+01	2.67366991e+01	-1.54427066e+06	-6.01057082e+04	6.06603781e+02	1.97873358e-06	6.06603781e+01	1.97873358e-07	5.85283671e+07	1.88516988e-10
3.19527936e+01	2.68649255e+01	-1.53116583e+06	-5.95956453e+04	1.00000000e-09	3.65666594e-06	1.00000000e-10	3.65666594e-07	-3.52718142e-01	1.65829763e-10
3.21044500e+01	2.69924335e+01	-1.51813442e+06	-5.90884399e+04	1.00000000e-09	1.00000000e-09	1.00000000e-10	1.00000000e-10	0.00000000e+00	1.45977676e-10
3.22552544e+01	2.71192252e+01	-1.50518190e+06	-5.85843055e+04	2.62681329e+02	1.00000000e-09	2.62681329e+01	1.00000000e-10	2.53448953e+07	1.28594238e-10
3.24052092e+01	2.72453026e+01	-1.49230924e+06	-5.80832789e+04	6.17423724e+02	3.21159115e-07	6.17423724e+01	3.21159115e-08	5.95723330e+07	1.13361817e-10
3.25543168e+01	2.73706677e+01	-1.47950930e+06	-5.75850830e+04	1.00000000e-09	3.15028309e-06	1.00000000e-10	3.15028309e-07	-3.03859625e-01	1.00004936e-10
3.27025796e+01	2.74953225e+01	-1.46678188e+06	-5.70897097e+04	1.00000000e-09	2.52937818e-07	1.00000000e-10	2.52937818e-08	-2.43083041e-02	8.82845168e-11
3.28500000e+01	2.76192690e+01	-1.45413128e+06	-5.65973260e+04	1.97287021e+02	1.00000000e-09	1.97287021e+01	1.00000000e-10	1.90353037e+07	7.79929321e-11
3.29965804e+01	2.77425093e+01	-1.44156004e+06	-5.61080316e+04	6.20531433e+02	1.00000000e-09	6.20531433e+01	1.00000000e-10	5.98721814e+07	6.89497459e-11
3.31423232e+01	2.78650454e+01	-1.42906064e+06	-5.56215331e+04	1.00000000e-09	2.33118056e-06	1.00000000e-10	2.33118056e-07	-2.24828245e-01	6.09980477e-11
3.32872308e+01	2.79868792e+01	-1.41663287e+06	-5.51378226e+04	1.00000000e-09	1.46858822e-06	1.00000000e-10	1.46858822e-07	-1.41600737e-01	5.40012939e-11
3.34313056e+01	2.81080129e+01	-1.40427983e+06	-5.46570209e+04	1.35389499e+02	1.00000000e-09	1.35389499e+01	1.00000000e-10	1.30631008e+07	4.78405856e-11
3.35745500e+01	2.82284484e+01	-1.39200549e+06	-5.41792820e+04	6.16885688e+02	1.00000000e-09	6.16885688e+01	1.00000000e-10	5.95204205e+07	4.24123192e-11
3.37169664e+01	2.83481877e+01	-1.37980209e+06	-5.37043045e+04	1.00000000e-09	6.77388562e-07	1.00000000e-10	6.77388562e-08	-6.52615751e-02	3.76261595e-11
3.38585572e+01	2.84672329e+01	-1.36766944e+06	-5.32320805e+04	1.00000000e-09	2.19350726e-06	1.00000000e-10	2.19350726e-07	-2.11544791e-01	3.34032885e-11
3.39993248e+01	2.85855860e+01	-1.35560950e+06	-5.27626866e+04	7.75764524e+01	2.28689794e-07	7.75764524e+00	2.28689794e-08	7.48498976e+06	2.96748916e-11
3.41392716e+01	2.87032489e+01	-1.34362739e+06	-5.22963218e+04	6.07460721e+02	1.00000000e-09	6.07460721e+01	1.00000000e-10	5.86110494e+07	2.63808489e-11
3.42784000e+01	2.88202238e+01	-1.33171534e+06	-5.18326843e+04	1.00000000e-09	1.00000000e-09	1.00000000e-10	1.00000000e-10	0.00000000e+00	2.34686021e-11
3.44167124e+01	2.89365126e+01	-1.31987316e+06	-5.13717661e+04	1.00000000e-09	1.00000000e-09	1.00000000e-10	1.00000000e-10	0.00000000e+00	2.08921740e-11
3.45542112e+01	2.90521174e+01	-1.30810175e+06	-5.09136022e+04	2.42511235e+01	2.41291849e-06	2.42511235e+00	2.41291849e-07	2.33987747e+06	1.86113178e-11
3.46908988e+01	2.91670401e+01	-1.29640715e+06	-5.04584277e+04	5.93216782e+02	2.72986966e-06	5.93216782e+01	2.72986966e-07	5.72367180e+07	1.65907805e-11
3.48267776e+01	2.92812828e+01	-1.28478174e+06	-5.00059465e+04	2.65427390e-02	2.62616432e-08	2.65427390e-03	2.62616432e-09	2.56098245e+03	1.47996634e-11
3.49618500e+01	2.93948475e+01	-1.27322532e+06	-4.95561507e+04	1.00000000e-09	1.00000000e-09	1.00000000e-10	1.00000000e-10	0.00000000e+00	1.32108666e-11
3.50961184e+01	2.95077363e+01	-1.26173783e+06	-4.91090375e+04	1.00000000e-09	3.89889399e-09	1.00000000e-10	3.89889399e-10	-2.79700750e-04	1.18006071e-11
3.52295852e+01	2.96199510e+01	-1.25032599e+06	-4.86648687e+04	5.75076059e+02	3.32373053e-07	5.75076059e+01	3.32373053e-08	5.54864046e+07	1.05479993e-11
3.53622528e+01	2.97314939e+01	-1.23898274e+06	-4.82233696e+04	4.67071887e+01	3.91002973e-08	4.67071887e+00	3.91002973e-09	4.50655862e+06	9.43469045e-12
3.54941236e+01	2.98423668e+01	-1.22770762e+06	-4.77845221e+04	1.00000000e-09	1.00000000e-09	1.00000000e-10	1.00000000e-10	0.00000000e+00	8.44454321e-12
3.56252000e+01	2.99525718e+01	-1.21650041e+06	-4.73483183e+04	1.00000000e-09	1.00000000e-09	1.00000000e-10	1.00000000e-10	0.00000000e+00	7.56335940e-12
3.57554844e+01	3.00621109e+01	-1.20536760e+06	-4.69150098e+04	5.53888007e+02	1.27950906e-07	5.53888007e+01	1.27950906e-08	5.34420683e+07	6.77863898e-12
3.58849792e+01	3.01709861e+01	-1.19430333e+06	-4.64843690e+04	8.82536517e+01	3.73057380e-08	8.82536517e+00	3.73057380e-09	8.51518289e+06	6.07937016e-12
3.60136868e+01	3.02791995e+01	-1.18330632e+06	-4.60563461e+04	1.00000000e-09	1.00000000e-09	1.00000000e-10	1.00000000e-10	0.00000000e+00	5.45584609e-12
3.61416096e+01	3.03867531e+01	-1.17237636e+06	-4.56309331e+04	1.00000000e-09	1.00000000e-09	1.00000000e-10	1.00000000e-10	0.00000000e+00	4.89950489e-12
3.62687500e+01	3.04936488e+01	-1.16151944e+06	-4.52083628e+04	5.30455630e+02	6.32062006e-08	5.30455630e+01	6.32062006e-09	5.11811876e+07	4.40278996e-12
3.63951104e+01	3.05998888e+01	-1.15073089e+06	-4.47884538e+04	1.25097423e+02	3.14267303e-08	1.25097423e+01	3.14267303e-09	1.20700664e+07	3.95902778e-12
3.65206932e+01	3.07054749e+01	-1.14000874e+06	-4.43711289e+04	1.00000000e-09	1.00000000e-09	1.00000000e-10	1.00000000e-10	0.00000000e+00	3.56232112e-12
3.66455008e+01	3.08104093e+01	-1.12935277e+06	-4.39563801e+04	1.00000000e-09	1.00000000e-09	1.00000000e-10	1.00000000e-10	0.00000000e+00	3.20745550e-12
3.67695356e+01	3.09146939e+01	-1.11876843e+06	-4.35444189e+04	5.05487352e+02	3.40392977e-08	5.05487352e+01	3.40392977e-09	4.87721151e+07	2.88981735e-12
3.68928000e+01	3.10183309e+01	-1.10825218e+06	-4.31351082e+04	1.57422852e+02	2.55562048e-08	1.57422852e+01	2.55562048e-09	1.51889962e+07	2.60532229e-12
3.70152964e+01	3.11213221e+01	-1.09780145e+06	-4.27283476e+04	1.00000000e-09	1.00000000e-09	1.00000000e-10	1.00000000e-10	0.00000000e+00	2.35035219e-12
3.71370272e+01	3.12236696e+01	-1.08741604e+06	-4.23241293e+04	1.00000000e-09	1.00000000e-09	1.00000000e-10	1.00000000e-10	0.00000000e+00	2.12170004e-12
3.72579948e+01	3.13253754e+01	-1.07710080e+06	-4.19226421e+04	4.79606547e+02	1.87387509e-08	4.79606547e+01	1.87387509e-09	4.62749969e+07	1.91652153e-12
3.73782016e+01	3.14264416e+01	-1.06685326e+06	-4.15237900e+04	1.85479845e+02	2.04571553e-08	1.85479845e+01	2.04571553e-09	1.78960844e+07	1.73229247e-12
3.74976500e+01	3.15268701e+01	-1.05667037e+06	-4.11274542e+04	1.00000000e-09	1.00000000e-09	1.00000000e-10	1.00000000e-10	0.00000000e+00	1.56677148e-12
3.76163424e+01	3.16266630e+01	-1.04655193e+06	-4.07336268e+04	1.00000000e-09	1.00000000e-09	1.00000000e-10	1.00000000e-10	0.00000000e+00	1.41796707e-12
3.77342812e+01	3.17258224e+01	-1.03650219e+06	-4.03424734e+04	4.53350693e+02	1.00634054e-08	4.53350693e+01	1.00634054e-09	4.37416922e+07	1.28410874e-12
3.78514688e+01	3.18243501e+01	-1.02651964e+06	-3.99539353e+04	2.09566026e+02	1.62198842e-08	2.09566026e+01	1.62198842e-09	2.02200476e+07	1.16362154e-12
3.79679076e+01	3.19222482e+01	-1.01660089e+06	-3.95678799e+04	1.00000000e-09	1.00000000e-09	1.00000000e-10	1.00000000e-10	0.00000000e+00	1.05510364e-12
3.80836000e+01	3.20195189e+01	-1.00674571e+06	-3.91842992e+04	1.00000000e-09	1.00000000e-09	1.00000000e-10	1.00000000e-10	0.00000000e+00	9.57306558e-13
3.81985484e+01	3.21161639e+01	-9.96957759e+05	-3.88033352e+04	4.27173109e+02	4.94103761e-09	4.27173109e+01	4.94103761e-10	4.12159393e+07	8.69117731e-13
3.83127552e+01	3.22121855e+01	-9.87236401e+05	-3.84249630e+04	2.30010873e+02	1.27723871e-08	2.30010873e+01	1.27723871e-09	2.21926755e+07	7.89545160e-13
3.84262228e+01	3.23075856e+01	-9.77577965e+05	-3.80490398e+04	1.00000000e-09	1.00000000e-09	1.00000000e-10	1.00000000e-10	0.00000000e+00	7.17703812e-13
3.85389536e+01	3.24023661e+01	-9.67982245e+05	-3.76755576e+04	1.00000000e-09	1.00000000e-09	1.00000000e-10	1.00000000e-10	0.00000000e+00	6.52803640e-13
3.86509500e+01	3.24965293e+01	-9.58452297e+05	-3.73046354e+04	4.01446714e+02	1.86635373e-09	4.01446714e+01	1.86635373e-10	3.87337195e+07	5.94138973e-13
3.87622144e+01	3.25900770e+01	-9.48988246e+05	-3.69362781e+04	2.47161915e+02	9.98944420e-09	2.47161915e+01	9.98944420e-10	2.38474995e+07	5.41079149e-13
3.88727492e+01	3.26830112e+01	-9.39586255e+05	-3.65703361e+04	1.00000000e-09	1.00000000e-09	1.00000000e-10	1.00000000e-10	0.00000000e+00	4.93060217e-13
3.89825568e+01	3.27753341e+01	-9.30246118e+05	-3.62068017e+04	1.00000000e-09	1.00000000e-09	1.00000000e-10	1.00000000e-10	0.00000000e+00	4.49577593e-13
3.90916396e+01	3.28670475e+01	-9.20970322e+05	-3.58457716e+04	3.76469324e+02	1.00000000e-09	3.76469324e+01	1.00000000e-10	3.63237678e+07	4.10179554e-13
3.92000000e+01	3.29581536e+01	-9.11759650e+05	-3.54872762e+04	2.61373007e+02	7.75406112e-09	2.61373007e+01	7.75406112e-10	2.52186614e+07	3.74461468e-13
3.93076404e+01	3.30486544e+01	-9.02610179e+05	-3.51311627e+04	1.00000000e-09	1.00000000e-09	1.00000000e-10	1.00000000e-10	0.00000000e+00	3.42060689e-13
3.94145632e+01	3.31385518e+01	-8.93521703e+05	-3.47774234e+04	1.00000000e-09	1.00000000e-09	1.00000000e-10	1.00000000e-10	0.00000000e+00	3.12652007e-13
3.95207708e+01	3.32278478e+01	-8.84496173e+05	-3.44261340e+04	3.52470036e+02	1.00000000e-09	3.52470036e+01	1.00000000e-10	3.40081885e+07	2.85943630e-13
3.96262656e+01	3.33165446e+01	-8.75534924e+05	-3.40773466e+04	2.72994636e+02	5.86428171e-09	2.72994636e+01	5.86428171e-10	2.63399781e+07	2.61673596e-13
3.97310500e+01	3.34046441e+01	-8.66634021e+05	-3.37309079e+04	1.00000000e-09	1.29063873e-09	1.00000000e-10	1.29063873e-10	-2.80423748e-05	2.39606600e-13
3.98351264e+01	3.34921483e+01	-8.57793258e+05	-3.33868100e+04	1.00000000e-09	1.00000000e-09	1.00000000e-10	1.00000000e-10	0.00000000e+00	2.19531159e-13
3.99384972e+01	3.35790593e+01	-8.49014087e+05	-3.30451094e+04	3.29616280e+02	1.00000000e-09	3.29616280e+01	1.00000000e-10	3.18031362e+07	2.01257099e-13
4.00411648e+01	3.36653791e+01	-8.40298298e+05	-3.27058757e+04	2.82366132e+02	4.30671680e-09	2.82366132e+01	4.30671680e-10	2.72441900e+07	1.84613312e-13
4.01431316e+01	3.37511096e+01	-8.31642003e+05	-3.23689576e+04	1.00000000e-09	1.61989452e-09	1.00000000e-10	1.61989452e-10	-5.98107288e-05	1.69445762e-13
4.02444000e+01	3.38362530e+01	-8.23044997e+05	-3.20343471e+04	1.00000000e-09	1.00000000e-09	1.00000000e-10	1.00000000e-10	0.00000000e+00	1.55615704e-13
4.03449724e+01	3.39208112e+01	-8.14508275e+05	-3.17020830e+04	3.08021230e+02	1.00000000e-09	3.08021230e+01	1.00000000e-10	2.97195306e+07	1.42998101e-13
4.04448512e+01	3.40047862e+01	-8.06033989e+05	-3.13722490e+04	2.89809661e+02	3.07801578e-09	2.89809661e+01	3.07801578e-10	2.79623814e+07	1.31480208e-13
4.05440388e+01	3.40881801e+01	-7.97618349e+05	-3.10446976e+04	1.00000000e-09	1.68673251e-09	1.00000000e-10	1.68673251e-10	-6.62596144e-05	1.20960307e-13
4.06425376e+01	3.41709948e+01	-7.89261150e+05	-3.07194208e+04	1.00000000e-09	1.00000000e-09	1.00000000e-10	1.00000000e-10	0.00000000e+00	1.11346581e-13
4.07403500e+01	3.42532325e+01	-7.80962976e+05	-3.03964414e+04	2.87751260e+02	1.00000000e-09	2.87751260e+01	1.00000000e-10	2.77637759e+07	1.02556107e-13
4.08374784e+01	3.43348951e+01	-7.72726256e+05	-3.00758539e+04	2.95625809e+02	2.14034266e-09	2.95625809e+01	2.14034266e-10	2.85235543e+07	9.45139521e-14
4.09339252e+01	3.44159846e+01	-7.64547337e+05	-2.97575161e+04	1.00000000e-09	1.60080055e-09	1.00000000e-10	1.60080055e-10	-5.79684402e-05	8.71523698e-14
4.10296928e+01	3.44965030e+01	-7.56426016e+05	-2.94414201e+04	1.00000000e-09	1.00000000e-09	1.00000000e-10	1.00000000e-10	0.00000000e+00	8.04100777e-14
4.11247836e+01	3.45764524e+01	-7.48362511e+05	-2.91275744e+04	2.68833230e+02	1.00000000e-09	2.68833230e+01	1.00000000e-10	2.59384635e+07	7.42316118e-14
4.12192000e+01	3.46558348e+01	-7.40359448e+05	-2.88160813e+04	3.00090578e+02	1.44355279e-09	3.00090578e+01	1.44355279e-10	2.89543391e+07	6.85667478e-14
4.13129444e+01	3.47346522e+01	-7.32413347e+05	-2.85068052e+04	1.00000000e-09	1.43616443e-09	1.00000000e-10	1.43616443e-10	-4.20834694e-05	6.33699823e-14
4.14060192e+01	3.48129067e+01	-7.24524003e+05	-2.81997381e+04	1.00000000e-09	1.00000000e-09	1.00000000e-10	1.00000000e-10	0.00000000e+00	5.86000680e-14
4.14984268e+01	3.48906001e+01	-7.16691318e+05	-2.78948763e+04	2.51261412e+02	1.00000000e-09	2.51261412e+01	1.00000000e-10	2.42430408e+07	5.42195959e-14
4.15901696e+01	3.49677347e+01	-7.08918043e+05	-2.75923269e+04	3.03453613e+02	1.00000000e-09	3.03453613e+01	1.00000000e-10	2.92788227e+07	5.01946209e-14
4.16812500e+01	3.50443123e+01	-7.01200921e+05	-2.72919631e+04	1.00000000e-09	1.24010891e-09	1.00000000e-10	1.24010891e-10	-2.31669882e-05	4.64943254e-14
4.17716704e+01	3.51203349e+01	-6.93539719e+05	-2.69937757e+04	1.00000000e-09	1.00000000e-09	1.00000000e-10	1.00000000e-10	0.00000000e+00	4.30907166e-14
4.18614332e+01	3.51958047e+01	-6.85934235e+05	-2.66977570e+04	2.34478014e+02	1.00000000e-09	2.34478014e+01	1.00000000e-10	2.26236891e+07	3.99583548e-14
4.19505408e+01	3.52707237e+01	-6.78387117e+05	-2.64040100e+04	3.05925864e+02	1.00000000e-09	3.05925864e+01	1.00000000e-10	2.95173586e+07	3.70741089e-14
4.20389956e+01	3.53450937e+01	-6.70895568e+05	-2.61124259e+04	1.00000000e-09	1.04113323e-09	1.00000000e-10	1.04113323e-10	-3.96875349e-06	3.44169364e-14
4.21268000e+01	3.54189170e+01	-6.63459105e+05	-2.58229858e+04	1.00000000e-09	1.00000000e-09	1.00000000e-10	1.00000000e-10	0.00000000e+00	3.19676848e-14
4.22139564e+01	3.54921954e+01	-6.56077523e+05	-2.55356817e+04	2.19023335e+02	1.00000000e-09	2.19023335e+01	1.00000000e-10	2.11325392e+07	2.97089136e-14
4.23004672e+01	3.55649310e+01	-6.48753252e+05	-2.52506083e+04	3.07714326e+02	1.00000000e-09	3.07714326e+01	1.00000000e-10	2.96899189e+07	2.76247333e-14
4.23863348e+01	3.56371259e+01	-6.41483927e+05	-2.49676735e+04	1.00000000e-09	1.00000000e-09	1.00000000e-10	1.00000000e-10	0.00000000e+00	2.57006599e-14
4.24715616e+01	3.57087819e+01	-6.34268850e+05	-2.46868501e+04	1.00000000e-09	1.00000000e-09	1.00000000e-10	1.00000000e-10	0.00000000e+00	2.39234847e-14
4.25561500e+01	3.57799013e+01	-6.27107819e+05	-2.44081303e+04	2.04826153e+02	1.00000000e-09	2.04826153e+01	1.00000000e-10	1.97627194e+07	2.22811555e-14
4.26401024e+01	3.58504858e+01	-6.20003040e+05	-2.41315999e+04	3.08988914e+02	1.00000000e-09	3.08988914e+01	1.00000000e-10	2.98128980e+07	2.07626704e-14
4.27234212e+01	3.59205377e+01	-6.12952545e+05	-2.38571823e+04	1.00000000e-09	1.00000000e-09	1.00000000e-10	1.00000000e-10	0.00000000e+00	1.93579812e-14
4.28061088e+01	3.59900589e+01	-6.05955462e+05	-2.35848437e+04	1.00000000e-09	1.00000000e-09	1.00000000e-10	1.00000000e-10	0.00000000e+00	1.80579063e-14
4.28881676e+01	3.60590514e+01	-5.99011589e+05	-2.33145760e+04	1.91804647e+02	1.00000000e-09	1.91804647e+01	1.00000000e-10	1.85063351e+07	1.68540519e-14
4.29696000e+01	3.61275173e+01	-5.92122910e+05	-2.30464566e+04	3.09894296e+02	1.00000000e-09	3.09894296e+01	1.00000000e-10	2.99002541e+07	1.57387408e-14
4.30504084e+01	3.61954585e+01	-5.85287818e+05	-2.27804229e+04	1.00000000e-09	1.00000000e-09	1.00000000e-10	1.00000000e-10	0.00000000e+00	1.47049478e-14
4.31305952e+01	3.62628771e+01	-5.78505303e+05	-2.25164356e+04	1.00000000e-09	1.00000000e-09	1.00000000e-10	1.00000000e-10	0.00000000e+00	1.37462413e-14
4.32101628e+01	3.63297751e+01	-5.71775162e+05	-2.22544868e+04	1.79870406e+02	1.00000000e-09	1.79870406e+01	1.00000000e-10	1.73548558e+07	1.28567304e-14
4.32891136e+01	3.63961545e+01	-5.65099164e+05	-2.19946453e+04	3.10551654e+02	1.00000000e-09	3.10551654e+01	1.00000000e-10	2.99636794e+07	1.20310167e-14
4.33674500e+01	3.64620173e+01	-5.58476023e+05	-2.17368611e+04	1.00000000e-09	1.00000000e-09	1.00000000e-10	1.00000000e-10	0.00000000e+00	1.12641510e-14
4.34451744e+01	3.65273656e+01	-5.51904624e+05	-2.14810908e+04	1.00000000e-09	1.00000000e-09	1.00000000e-10	1.00000000e-10	0.00000000e+00	1.05515938e-14
4.35222892e+01	3.65922014e+01	-5.45384766e+05	-2.12273265e+04	1.68931797e+02	1.00000000e-09	1.68931797e+01	1.00000000e-10	1.62994405e+07	9.88917940e-15
4.35987968e+01	3.66565266e+01	-5.38918006e+05	-2.09756289e+04	3.11060662e+02	1.00000000e-09	3.11060662e+01	1.00000000e-10	3.00127913e+07	9.27308329e-15
4.36746996e+01	3.67203433e+01	-5.32503347e+05	-2.07259592e+04	1.00000000e-09	1.00000000e-09	1.00000000e-10	1.00000000e-10	0.00000000e+00	8.69979268e-15
4.37500000e+01	3.67836536e+01	-5.26139597e+05	-2.04782710e+04	1.00000000e-09	1.00000000e-09	1.00000000e-10	1.00000000e-10	0.00000000e+00	8.16607957e-15
4.38247004e+01	3.68464594e+01	-5.19826554e+05	-2.02325563e+04	1.58896734e+02	1.00000000e-09	1.58896734e+01	1.00000000e-10	1.53312041e+07	7.66897630e-15
4.38988032e+01	3.69087627e+01	-5.13565575e+05	-1.99888681e+04	3.11501596e+02	1.00000000e-09	3.11501596e+01	1.00000000e-10	3.00553349e+07	7.20575336e-15
4.39723108e+01	3.69705657e+01	-5.07355917e+05	-1.97471774e+04	1.00000000e-09	1.00000000e-09	1.00000000e-10	1.00000000e-10	0.00000000e+00	6.77389909e-15
4.40452256e+01	3.70318702e+01	-5.01196337e+05	-1.95074358e+04	1.00000000e-09	1.00000000e-09	1.00000000e-10	1.00000000e-10	0.00000000e+00	6.37110126e-15
4.41175500e+01	3.70926783e+01	-4.95086631e+05	-1.92696354e+04	1.49674892e+02	1.00000000e-09	1.49674892e+01	1.00000000e-10	1.44414316e+07	5.99523033e-15
4.41892864e+01	3.71529921e+01	-4.89027968e+05	-1.90338216e+04	3.11937479e+02	1.00000000e-09	3.11937479e+01	1.00000000e-10	3.00973912e+07	5.64432407e-15
4.42604372e+01	3.72128135e+01	-4.83019825e+05	-1.87999742e+04	1.00000000e-09	1.00000000e-09	1.00000000e-10	1.00000000e-10	0.00000000e+00	5.31657366e-15
4.43310048e+01	3.72721445e+01	-4.77060929e+05	-1.85680436e+04	1.00000000e-09	1.00000000e-09	1.00000000e-10	1.00000000e-10	0.00000000e+00	5.01031096e-15
4.44009916e+01	3.73309873e+01	-4.71151077e+05	-1.83380218e+04	1.41179429e+02	1.00000000e-09	1.41179429e+01	1.00000000e-10	1.36217441e+07	4.72399686e-15
4.44704000e+01	3.73893437e+01	-4.65291261e+05	-1.81099476e+04	3.12416207e+02	1.00000000e-09	3.12416207e+01	1.00000000e-10	3.01435815e+07	4.45621070e-15
4.45392324e+01	3.74472159e+01	-4.59481146e+05	-1.78838078e+04	1.00000000e-09	1.00000000e-09	1.00000000e-10	1.00000000e-10	0.00000000e+00	4.20564060e-15
4.46074912e+01	3.75046058e+01	-4.53719448e+05	-1.76595524e+04	1.00000000e-09	1.00000000e-09	1.00000000e-10	1.00000000e-10	0.00000000e+00	3.97107455e-15
4.46751788e+01	3.75615155e+01	-4.48005965e+05	-1.74371737e+04	1.33328281e+02	1.00000000e-09	1.33328281e+01	1.00000000e-10	1.28642235e+07	3.75139239e-15
4.47422976e+01	3.76179469e+01	-4.42341526e+05	-1.72167039e+04	3.12972606e+02	1.00000000e-09	3.12972606e+01	1.00000000e-10	3.01972659e+07	3.54555835e-15
4.48088500e+01	3.76739021e+01	-4.36725956e+05	-1.69981361e+04	1.00000000e-09	1.00000000e-09	1.00000000e-10	1.00000000e-10	0.00000000e+00	3.35261434e-15
4.48748384e+01	3.77293831e+01	-4.31157974e+05	-1.67814205e+04	1.00000000e-09	1.00000000e-09	1.00000000e-10	1.00000000e-10	0.00000000e+00	3.17167369e-15
4.49402652e+01	3.77843919e+01	-4.25637379e+05	-1.65665493e+04	1.26045067e+02	1.00000000e-09	1.26045067e+01	1.00000000e-10	1.21615002e+07	3.00191551e-15
4.50051328e+01	3.78389306e+01	-4.20164852e+05	-1.63535490e+04	3.13630374e+02	1.00000000e-09	3.13630374e+01	1.00000000e-10	3.02607308e+07	2.84257947e-15
4.50694436e+01	3.78930012e+01	-4.14740348e+05	-1.61424178e+04	1.00000000e-09	1.00000000e-09	1.00000000e-10	1.00000000e-10	0.00000000e+00	2.69296109e-15
4.51332000e+01	3.79466056e+01	-4.09362606e+05	-1.59331068e+04	1.00000000e-09	1.00000000e-09	1.00000000e-10	1.00000000e-10	0.00000000e+00	2.55240728e-15
4.51964044e+01	3.79997459e+01	-4.04031425e+05	-1.57256079e+04	1.19259681e+02	1.00000000e-09	1.19259681e+01	1.00000000e-10	1.15068099e+07	2.42031242e-15
4.52590592e+01	3.80524241e+01	-3.98747349e+05	-1.55199424e+04	3.14403887e+02	1.00000000e-09	3.14403887e+01	1.00000000e-10	3.03353635e+07	2.29611463e-15
4.53211668e+01	3.81046423e+01	-3.93510443e+05	-1.53161129e+04	1.00000000e-09	1.00000000e-09	1.00000000e-10	1.00000000e-10	0.00000000e+00	2.17929241e-15
4.53827296e+01	3.81564024e+01	-3.88319474e+05	-1.51140714e+04	1.00000000e-09	1.00000000e-09	1.00000000e-10	1.00000000e-10	0.00000000e+00	2.06936156e-15
4.54437500e+01	3.82077065e+01	-3.83174241e+05	-1.49138099e+04	1.12908613e+02	1.00000000e-09	1.12908613e+01	1.00000000e-10	1.08940250e+07	1.96587229e-15
4.55042304e+01	3.82585565e+01	-3.78075166e+05	-1.47153450e+04	3.15299855e+02	1.00000000e-09	3.15299855e+01	1.00000000e-10	3.04218112e+07	1.86840664e-15
4.55641732e+01	3.83089546e+01	-3.73022400e+05	-1.45186825e+04	1.00000000e-09	1.00000000e-09	1.00000000e-10	1.00000000e-10	0.00000000e+00	1.77657604e-15
4.56235808e+01	3.83589027e+01	-3.68014748e+05	-1.43237760e+04	1.00000000e-09	1.00000000e-09	1.00000000e-10	1.00000000e-10	0.00000000e+00	1.69001915e-15
4.56824556e+01	3.84084028e+01	-3.63052007e+05	-1.41306174e+04	1.06935044e+02	1.00000000e-09	1.06935044e+01	1.00000000e-10	1.03176633e+07	1.60839975e-15
4.57408000e+01	3.84574570e+01	-3.58134492e+05	-1.39392192e+04	3.16318813e+02	1.00000000e-09	3.16318813e+01	1.00000000e-10	3.05201257e+07	1.53140492e-15
4.57986164e+01	3.85060672e+01	-3.53262421e+05	-1.37495897e+04	1.00000000e-09	1.00000000e-09	1.00000000e-10	1.00000000e-10	0.00000000e+00	1.45874330e-15
4.58559072e+01	3.85542356e+01	-3.48434640e+05	-1.35616840e+04	1.00000000e-09	1.00000000e-09	1.00000000e-10	1.00000000e-10	0.00000000e+00	1.39014349e-15
4.59126748e+01	3.86019640e+01	-3.43650949e+05	-1.33754944e+04	1.01288770e+02	1.00000000e-09	1.01288770e+01	1.00000000e-10	9.77288058e+06	1.32535258e-15
4.59689216e+01	3.86492546e+01	-3.38911566e+05	-1.31910294e+04	3.17456443e+02	1.00000000e-09	3.17456443e+01	1.00000000e-10	3.06298903e+07	1.26413481e-15
4.60246500e+01	3.86961093e+01	-3.34216756e+05	-1.30082992e+04	1.00000000e-09	1.00000000e-09	1.00000000e-10	1.00000000e-10	0.00000000e+00	1.20627032e-15
4.60798624e+01	3.87425302e+01	-3.29565417e+05	-1.28272610e+04	1.00000000e-09	1.00000000e-09	1.00000000e-10	1.00000000e-10	0.00000000e+00	1.15155400e-15
4.61345612e+01	3.87885193e+01	-3.24957346e+05	-1.26479068e+04	9.59259772e+01	1.00000000e-09	9.59259772e+00	1.00000000e-10	9.25544977e+06	1.09979441e-15
4.61887488e+01	3.88340785e+01	-3.20392677e+05	-1.24702419e+04	3.18704738e+02	1.00000000e-09	3.18704738e+01	1.00000000e-10	3.07503325e+07	1.05081284e-15
4.62424276e+01	3.88792100e+01	-3.15871711e+05	-1.22942780e+04	1.00000000e-09	1.00000000e-09	1.00000000e-10	1.00000000e-10	0.00000000e+00	1.00444235e-15
4.62956000e+01	3.89239157e+01	-3.11393396e+05	-1.21199742e+04	1.00000000e-09	1.00000000e-09	1.00000000e-10	1.00000000e-10	0.00000000e+00	9.60526985e-16
4.63482684e+01	3.89681977e+01	-3.06957529e+05	-1.19473225e+04	9.08089252e+01	1.00000000e-09	9.08089252e+00	1.00000000e-10	8.76172931e+06	9.18920955e-16
4.64004352e+01	3.90120579e+01	-3.02564170e+05	-1.17763253e+04	3.20053006e+02	1.00000000e-09	3.20053006e+01	1.00000000e-10	3.08804206e+07	8.79487953e-16
4.64521028e+01	3.90554985e+01	-2.98213644e+05	-1.16069952e+04	1.00000000e-09	1.00000000e-09	1.00000000e-10	1.00000000e-10	0.00000000e+00	8.42100477e-16
4.65032736e+01	3.90985213e+01	-2.93904949e+05	-1.14392933e+04	1.00000000e-09	1.00000000e-09	1.00000000e-10	1.00000000e-10	0.00000000e+00	8.06639220e-16
4.65539500e+01	3.91411285e+01	-2.89637884e+05	-1.12732117e+04	8.59055431e+01	1.00000000e-09	8.59055431e+00	1.00000000e-10	8.28862486e+06	7.72992501e-16
4.66041344e+01	3.91833220e+01	-2.85412444e+05	-1.11087502e+04	3.21488720e+02	1.00000000e-09	3.21488720e+01	1.00000000e-10	3.10189460e+07	7.41055742e-16
4.66538292e+01	3.92251038e+01	-2.81228966e+05	-1.09459220e+04	1.00000000e-09	1.00000000e-09	1.00000000e-10	1.00000000e-10	0.00000000e+00	7.10730980e-16
4.67030368e+01	3.92664761e+01	-2.77086503e+05	-1.07846901e+04	1.00000000e-09	1.00000000e-09	1.00000000e-10	1.00000000e-10	0.00000000e+00	6.81926414e-16
4.67517596e+01	3.93074407e+01	-2.72984851e+05	-1.06250466e+04	8.11889835e+01	1.00000000e-09	8.11889835e+00	1.00000000e-10	7.83354603e+06	6.54555987e-16
4.68000000e+01	3.93479997e+01	-2.68923953e+05	-1.04669894e+04	3.22998241e+02	1.00000000e-09	3.22998241e+01	1.00000000e-10	3.11645926e+07	6.28539001e-16
4.68477604e+01	3.93881552e+01	-2.64904147e+05	-1.03105315e+04	1.00000000e-09	1.00000000e-09	1.00000000e-10	1.00000000e-10	0.00000000e+00	6.03799751e-16
4.68950432e+01	3.94279091e+01	-2.60924539e+05	-1.01556382e+04	1.00000000e-09	1.00000000e-09	1.00000000e-10	1.00000000e-10	0.00000000e+00	5.80267197e-16
4.69418508e+01	3.94672635e+01	-2.56984927e+05	-1.00023017e+04	7.66371439e+01	1.00000000e-09	7.66371439e+00	1.00000000e-10	7.39436028e+06	5.57874648e-16
4.69881856e+01	3.95062204e+01	-2.53085205e+05	-9.85051770e+03	3.24567402e+02	1.00000000e-09	3.24567402e+01	1.00000000e-10	3.13159936e+07	5.36559478e-16
4.70340500e+01	3.95447818e+01	-2.49225708e+05	-9.70029933e+03	1.00000000e-09	1.00000000e-09	1.00000000e-10	1.00000000e-10	0.00000000e+00	5.16262854e-16
4.70794464e+01	3.95829497e+01	-2.45405593e+05	-9.55161379e+03	1.00000000e-09	1.00000000e-09	1.00000000e-10	1.00000000e-10	0.00000000e+00	4.96929491e-16
4.71243772e+01	3.96207261e+01	-2.41624658e+05	-9.40445321e+03	7.22321779e+01	1.00000000e-09	7.22321779e+00	1.00000000e-10	6.96934568e+06	4.78507418e-16
4.71688448e+01	3.96581131e+01	-2.37882761e+05	-9.25881203e+03	3.26181991e+02	1.00000000e-09	3.26181991e+01	1.00000000e-10	3.14717777e+07	4.60947762e-16
4.72128516e+01	3.96951126e+01	-2.34180221e+05	-9.11470274e+03	1.00000000e-09	1.00000000e-09	1.00000000e-10	1.00000000e-10	0.00000000e+00	4.44204552e-16
4.72564000e+01	3.97317268e+01	-2.30516250e+05	-8.97209457e+03	1.00000000e-09	1.00000000e-09	1.00000000e-10	1.00000000e-10	0.00000000e+00	4.28234527e-16
4.72994924e+01	3.97679576e+01	-2.26890644e+05	-8.83097967e+03	6.79600078e+01	1.00000000e-09	6.79600078e+00	1.00000000e-10	6.55714392e+06	4.12996964e-16
4.73421312e+01	3.98038070e+01	-2.23303229e+05	-8.69135123e+03	3.27828124e+02	1.00000000e-09	3.27828124e+01	1.00000000e-10	3.16306054e+07	3.98453519e-16
4.73843188e+01	3.98392770e+01	-2.19754309e+05	-8.55322109e+03	1.00000000e-09	1.00000000e-09	1.00000000e-10	1.00000000e-10	0.00000000e+00	3.84568073e-16
4.74260576e+01	3.98743697e+01	-2.16243144e+05	-8.41656040e+03	1.00000000e-09	1.00000000e-09	1.00000000e-10	1.00000000e-10	0.00000000e+00	3.71306593e-16
4.74673500e+01	3.99090871e+01	-2.12769531e+05	-8.28136131e+03	6.38098497e+01	1.00000000e-09	6.38098497e+00	1.00000000e-10	6.15671454e+06	3.58637001e-16
4.75081984e+01	3.99434311e+01	-2.09333269e+05	-8.14761600e+03	3.29492534e+02	1.00000000e-09	3.29492534e+01	1.00000000e-10	3.17911966e+07	3.46529052e-16
4.75486052e+01	3.99774039e+01	-2.05934642e+05	-8.01533552e+03	1.00000000e-09	1.00000000e-09	1.00000000e-10	1.00000000e-10	0.00000000e+00	3.34954220e-16
4.75885728e+01	4.00110075e+01	-2.02572966e+05	-7.88449323e+03	1.00000000e-09	1.00000000e-09	1.00000000e-10	1.00000000e-10	0.00000000e+00	3.23885590e-16
4.76281036e+01	4.00442437e+01	-1.99248030e+05	-7.75508090e+03	5.97727532e+01	1.00000000e-09	5.97727532e+00	1.00000000e-10	5.76719395e+06	3.13297763e-16
4.76672000e+01	4.00771148e+01	-1.95959631e+05	-7.62709067e+03	3.31075314e+02	1.00000000e-09	3.31075314e+01	1.00000000e-10	3.19439116e+07	3.03166757e-16
4.77058644e+01	4.01096226e+01	-1.92708010e+05	-7.50053192e+03	1.00000000e-09	1.00000000e-09	1.00000000e-10	1.00000000e-10	0.00000000e+00	2.93469927e-16
4.77440992e+01	4.01417693e+01	-1.89492546e+05	-7.37538045e+03	1.00000000e-09	1.00000000e-09	1.00000000e-10	1.00000000e-10	0.00000000e+00	2.84185879e-16
4.77819068e+01	4.01735567e+01	-1.86313009e+05	-7.25162731e+03	5.58442749e+01	1.00000000e-09	5.58442749e+00	1.00000000e-10	5.38815342e+06	2.75294397e-16
4.78192896e+01	4.02049871e+01	-1.83169196e+05	-7.12926464e+03	3.32668817e+02	1.00000000e-09	3.32668817e+01	1.00000000e-10	3.20976613e+07	2.66776373e-16
4.78562500e+01	4.02360622e+01	-1.80061307e+05	-7.00830020e+03	1.00000000e-09	1.00000000e-09	1.00000000e-10	1.00000000e-10	0.00000000e+00	2.58613737e-16
4.78927904e+01	4.02667843e+01	-1.76988778e+05	-6.88871200e+03	1.00000000e-09	1.00000000e-09	1.00000000e-10	1.00000000e-10	0.00000000e+00	2.50789400e-16
4.79289132e+01	4.02971552e+01	-1.73951363e+05	-6.77049050e+03	5.20207551e+01	1.00000000e-09	5.20207551e+00	1.00000000e-10	5.01923984e+06	2.43287191e-16
4.79646208e+01	4.03271771e+01	-1.70948860e+05	-6.65362785e+03	3.34261210e+02	1.00000000e-09	3.34261210e+01	1.00000000e-10	3.22513038e+07	2.36091809e-16
4.79999156e+01	4.03568518e+01	-1.67981430e+05	-6.53813030e+03	1.00000000e-09	1.00000000e-09	1.00000000e-10	1.00000000e-10	0.00000000e+00	2.29188766e-16
4.80348000e+01	4.03861816e+01	-1.65048558e+05	-6.42397780e+03	1.00000000e-09	1.00000000e-09	1.00000000e-10	1.00000000e-10	0.00000000e+00	2.22564343e-16
4.80692764e+01	4.04151683e+01	-1.62149988e+05	-6.31116040e+03	4.83002230e+01	1.00000000e-09	4.83002230e+00	1.00000000e-10	4.66026306e+06	2.16205543e-16
4.81033472e+01	4.04438139e+01	-1.59285518e+05	-6.19967024e+03	3.35841825e+02	1.00000000e-09	3.35841825e+01	1.00000000e-10	3.24038100e+07	2.10100054e-16
4.81370148e+01	4.04721206e+01	-1.56455273e+05	-6.08951217e+03	1.00000000e-09	1.00000000e-09	1.00000000e-10	1.00000000e-10	0.00000000e+00	2.04236203e-16
4.81702816e+01	4.05000903e+01	-1.53658782e+05	-5.98066785e+03	1.00000000e-09	1.00000000e-09	1.00000000e-10	1.00000000e-10	0.00000000e+00	1.98602925e-16
4.82031500e+01	4.05277251e+01	-1.50895781e+05	-5.87312704e+03	4.46820632e+01	1.00000000e-09	4.46820632e+00	1.00000000e-10	4.31116371e+06	1.93189726e-16
4.82356224e+01	4.05550269e+01	-1.48166069e+05	-5.76688188e+03	3.37401184e+02	1.00000000e-09	3.37401184e+01	1.00000000e-10	3.25542653e+07	1.87986649e-16
4.82677012e+01	4.05819977e+01	-1.45469736e+05	-5.66193591e+03	1.00000000e-09	1.00000000e-09	1.00000000e-10	1.00000000e-10	0.00000000e+00	1.82984249e-16
4.82993888e+01	4.06086397e+01	-1.42806351e+05	-5.55827231e+03	1.00000000e-09	1.00000000e-09	1.00000000e-10	1.00000000e-10	0.00000000e+00	1.78173558e-16
4.83306876e+01	4.06349548e+01	-1.40175645e+05	-5.45588063e+03	4.11667175e+01	1.00000000e-09	4.11667175e+00	1.00000000e-10	3.97198441e+06	1.73546062e-16
4.83616000e+01	4.06609449e+01	-1.37577416e+05	-5.35475304e+03	3.38930990e+02	1.00000000e-09	3.38930990e+01	1.00000000e-10	3.27018691e+07	1.69093676e-16
4.83921284e+01	4.06866123e+01	-1.35011724e+05	-5.25489184e+03	1.00000000e-09	1.00000000e-09	1.00000000e-10	1.00000000e-10	0.00000000e+00	1.64808718e-16
4.84222752e+01	4.07119588e+01	-1.32478172e+05	-5.15628155e+03	1.00000000e-09	1.00000000e-09	1.00000000e-10	1.00000000e-10	0.00000000e+00	1.60683890e-16
4.84520428e+01	4.07369865e+01	-1.29976487e+05	-5.05891163e+03	3.77554195e+01	1.00000000e-09	3.77554195e+00	1.00000000e-10	3.64284419e+06	1.56712252e-16
4.84814336e+01	4.07616974e+01	-1.27506469e+05	-4.96277422e+03	3.40424093e+02	1.00000000e-09	3.40424093e+01	1.00000000e-10	3.28459316e+07	1.52887209e-16
4.85104500e+01	4.07860934e+01	-1.25068149e+05	-4.86787055e+03	1.00000000e-09	1.00000000e-09	1.00000000e-10	1.00000000e-10	0.00000000e+00	1.49202487e-16
4.85390944e+01	4.08101768e+01	-1.22661158e+05	-4.77418626e+03	1.00000000e-09	1.00000000e-09	1.00000000e-10	1.00000000e-10	0.00000000e+00	1.45652119e-16
4.85673692e+01	4.08339494e+01	-1.20285225e+05	-4.68171079e+03	3.44499631e+01	1.00000000e-09	3.44499631e+00	1.00000000e-10	3.32391613e+06	1.42230424e-16
4.85952768e+01	4.08574132e+01	-1.17940147e+05	-4.59043628e+03	3.41874440e+02	1.00000000e-09	3.41874440e+01	1.00000000e-10	3.29858689e+07	1.38931999e-16
4.86228196e+01	4.08805703e+01	-1.15625931e+05	-4.50036294e+03	1.00000000e-09	1.00000000e-09	1.00000000e-10	1.00000000e-10	0.00000000e+00	1.35751697e-16
4.86500000e+01	4.09034228e+01	-1.13342233e+05	-4.41147744e+03	1.00000000e-09	1.00000000e-09	1.00000000e-10	1.00000000e-10	0.00000000e+00	1.32684617e-16
4.86768204e+01	4.09259726e+01	-1.11088783e+05	-4.32376921e+03	3.12525010e+01	1.00000000e-09	3.12525010e+00	1.00000000e-10	3.01540794e+06	1.29726092e-16
4.87032832e+01	4.09482217e+01	-1.08865378e+05	-4.23723041e+03	3.43277011e+02	1.00000000e-09	3.43277011e+01	1.00000000e-10	3.31211964e+07	1.26871675e-16
4.87293908e+01	4.09701721e+01	-1.06672000e+05	-4.15186032e+03	1.00000000e-09	1.00000000e-09	1.00000000e-10	1.00000000e-10	0.00000000e+00	1.24117124e-16
4.87551456e+01	4.09918260e+01	-1.04508329e+05	-4.06764647e+03	1.00000000e-09	1.00000000e-09	1.00000000e-10	1.00000000e-10	0.00000000e+00	1.21458401e-16
4.87805500e+01	4.10131852e+01	-1.02374095e+05	-3.98457837e+03	2.81653722e+01	1.00000000e-09	2.81653722e+00	1.00000000e-10	2.71754529e+06	1.18891652e-16
4.88056064e+01	4.10342519e+01	-1.00269097e+05	-3.90264817e+03	3.44627745e+02	1.00000000e-09	3.44627745e+01	1.00000000e-10	3.32515224e+07	1.16413201e-16
4.88303172e+01	4.10550279e+01	-9.81932947e+04	-3.82185433e+03	1.00000000e-09	1.00000000e-09	1.00000000e-10	1.00000000e-10	0.00000000e+00	1.14019543e-16
4.88546848e+01	4.10755155e+01	-9.61463871e+04	-3.74218511e+03	1.00000000e-09	1.00000000e-09	1.00000000e-10	1.00000000e-10	0.00000000e+00	1.11707331e-16
4.88787116e+01	4.10957165e+01	-9.41281071e+04	-3.66363013e+03	2.51909557e+01	1.00000000e-09	2.51909557e+00	1.00000000e-10	2.43055772e+06	1.09473372e-16
4.89024000e+01	4.11156329e+01	-9.21382531e+04	-3.58618155e+03	3.45923459e+02	1.00000000e-09	3.45923459e+01	1.00000000e-10	3.33765399e+07	1.07314616e-16
4.89257524e+01	4.11352669e+01	-9.01767659e+04	-3.50983704e+03	1.00000000e-09	1.00000000e-09	1.00000000e-10	1.00000000e-10	0.00000000e+00	1.05228153e-16
4.89487712e+01	4.11546204e+01	-8.82433608e+04	-3.43458554e+03	1.00000000e-09	1.00000000e-09	1.00000000e-10	1.00000000e-10	0.00000000e+00	1.03211201e-16
4.89714588e+01	4.11736955e+01	-8.63377740e+04	-3.36041678e+03	2.23315488e+01	1.00000000e-09	2.23315488e+00	1.00000000e-10	2.15466691e+06	1.01261102e-16
4.89938176e+01	4.11924940e+01	-8.44598039e+04	-3.28732291e+03	3.47161771e+02	1.00000000e-09	3.47161771e+01	1.00000000e-10	3.34960188e+07	9.93753163e-17
4.90158500e+01	4.12110182e+01	-8.26093738e+04	-3.21530094e+03	1.00000000e-09	1.00000000e-09	1.00000000e-10	1.00000000e-10	0.00000000e+00	9.75514170e-17
4.90375584e+01	4.12292700e+01	-8.07862130e+04	-3.14434034e+03	1.00000000e-09	1.00000000e-09	1.00000000e-10	1.00000000e-10	0.00000000e+00	9.57870825e-17
4.90589452e+01	4.12472513e+01	-7.89900615e+04	-3.07443099e+03	1.95892673e+01	1.00000000e-09	1.95892673e+00	1.00000000e-10	1.89007696e+06	9.40800932e-17
4.90800128e+01	4.12649643e+01	-7.72207178e+04	-3.00556505e+03	3.48341015e+02	1.00000000e-09	3.48341015e+01	1.00000000e-10	3.36097985e+07	9.24283255e-17
4.91007636e+01	4.12824110e+01	-7.54780893e+04	-2.93773891e+03	1.00000000e-09	1.00000000e-09	1.00000000e-10	1.00000000e-10	0.00000000e+00	9.08297478e-17
4.91212000e+01	4.12995933e+01	-7.37619175e+04	-2.87094250e+03	1.00000000e-09	1.00000000e-09	1.00000000e-10	1.00000000e-10	0.00000000e+00	8.92824156e-17
4.91413244e+01	4.13165132e+01	-7.20719462e+04	-2.80516587e+03	1.69659646e+01	1.00000000e-09	1.69659646e+00	1.00000000e-10	1.63696673e+06	8.77844676e-17
4.91611392e+01	4.13331729e+01	-7.04079739e+04	-2.74040117e+03	3.49460161e+02	1.00000000e-09	3.49460161e+01	1.00000000e-10	3.37177797e+07	8.63341217e-17
4.91806468e+01	4.13495743e+01	-6.87698942e+04	-2.67664425e+03	1.00000000e-09	1.00000000e-09	1.00000000e-10	1.00000000e-10	0.00000000e+00	8.49296711e-17
4.91998496e+01	4.13657194e+01	-6.71574583e+04	-2.61388543e+03	1.00000000e-09	1.00000000e-09	1.00000000e-10	1.00000000e-10	0.00000000e+00	8.35694808e-17
4.92187500e+01	4.13816103e+01	-6.55704146e+04	-2.55211493e+03	1.44631687e+01	1.00000000e-09	1.44631687e+00	1.00000000e-10	1.39548364e+06	8.22519845e-17
4.92373504e+01	4.13972489e+01	-6.40085616e+04	-2.49132488e+03	3.50518742e+02	1.00000000e-09	3.50518742e+01	1.00000000e-10	3.38199173e+07	8.09756808e-17
4.92556532e+01	4.14126374e+01	-6.24717801e+04	-2.43151066e+03	1.00000000e-09	1.00000000e-09	1.00000000e-10	1.00000000e-10	0.00000000e+00	7.97391308e-17
4.92736608e+01	4.14277776e+01	-6.09598300e+04	-2.37266293e+03	1.00000000e-09	1.00000000e-09	1.00000000e-10	1.00000000e-10	0.00000000e+00	7.85409548e-17
4.92913756e+01	4.14426717e+01	-5.94724640e+04	-2.31477205e+03	1.20820348e+01	1.00000000e-09	1.20820348e+00	1.00000000e-10	1.16573914e+06	7.73798296e-17
4.93088000e+01	4.14573216e+01	-5.80094804e+04	-2.25783017e+03	3.51516778e+02	1.00000000e-09	3.51516778e+01	1.00000000e-10	3.39162131e+07	7.62544861e-17
4.93259364e+01	4.14717293e+01	-5.65707491e+04	-2.20183224e+03	1.00000000e-09	1.00000000e-09	1.00000000e-10	1.00000000e-10	0.00000000e+00	7.51637067e-17
4.93427872e+01	4.14858969e+01	-5.51560370e+04	-2.14676918e+03	1.00000000e-09	1.00000000e-09	1.00000000e-10	1.00000000e-10	0.00000000e+00	7.41063228e-17
4.93593548e+01	4.14998265e+01	-5.37651010e+04	-2.09263152e+03	9.82330997e+00	1.00000000e-09	9.82330997e-01	1.00000000e-10	9.47805325e+05	7.30812129e-17
4.93756416e+01	4.15135199e+01	-5.23977396e+04	-2.03941143e+03	3.52454709e+02	1.00000000e-09	3.52454709e+01	1.00000000e-10	3.40067097e+07	7.20873002e-17
4.93916500e+01	4.15269793e+01	-5.10538127e+04	-1.98710345e+03	1.00000000e-09	1.00000000e-09	1.00000000e-10	1.00000000e-10	0.00000000e+00	7.11235509e-17
4.94073824e+01	4.15402066e+01	-4.97330931e+04	-1.93569874e+03	1.00000000e-09	1.00000000e-09	1.00000000e-10	1.00000000e-10	0.00000000e+00	7.01889717e-17
4.94228412e+01	4.15532039e+01	-4.84353420e+04	-1.88518801e+03	7.68731110e+00	1.00000000e-09	7.68731110e-01	1.00000000e-10	7.41712764e+05	6.92826086e-17
4.94380288e+01	4.15659732e+01	-4.71603578e+04	-1.83556340e+03	3.53333335e+02	1.00000000e-09	3.53333335e+01	1.00000000e-10	3.40914842e+07	6.84035449e-17
4.94529476e+01	4.15785164e+01	-4.59079918e+04	-1.78681913e+03	1.00000000e-09	1.00000000e-09	1.00000000e-10	1.00000000e-10	0.00000000e+00	6.75508996e-17
4.94676000e+01	4.15908357e+01	-4.46780215e+04	-1.73894654e+03	1.00000000e-09	1.00000000e-09	1.00000000e-10	1.00000000e-10	0.00000000e+00	6.67238256e-17
4.94819884e+01	4.16029330e+01	-4.34702123e+04	-1.69193650e+03	5.67391106e+00	1.00000000e-09	5.67391106e-01	1.00000000e-10	5.47449193e+05	6.59215086e-17
4.94961152e+01	4.16148104e+01	-4.22843626e+04	-1.64578116e+03	3.54153756e+02	1.00000000e-09	3.54153756e+01	1.00000000e-10	3.41706428e+07	6.51431654e-17
4.95099828e+01	4.16264699e+01	-4.11203159e+04	-1.60047443e+03	1.00000000e-09	1.00000000e-09	1.00000000e-10	1.00000000e-10	0.00000000e+00	6.43880426e-17
4.95235936e+01	4.16379134e+01	-3.99778540e+04	-1.55600782e+03	1.00000000e-09	1.00000000e-09	1.00000000e-10	1.00000000e-10	0.00000000e+00	6.36554152e-17
4.95369500e+01	4.16491431e+01	-3.88567458e+04	-1.51237233e+03	3.78253428e+00	1.00000000e-09	3.78253428e-01	1.00000000e-10	3.64959076e+05	6.29445858e-17
4.95500544e+01	4.16601608e+01	-3.77567901e+04	-1.46956014e+03	3.54917327e+02	1.00000000e-09	3.54917327e+01	1.00000000e-10	3.42443161e+07	6.22548829e-17
4.95629092e+01	4.16709688e+01	-3.66778232e+04	-1.42756487e+03	1.00000000e-09	1.00000000e-09	1.00000000e-10	1.00000000e-10	0.00000000e+00	6.15856601e-17
4.95755168e+01	4.16815688e+01	-3.56196306e+04	-1.38637816e+03	1.00000000e-09	1.00000000e-09	1.00000000e-10	1.00000000e-10	0.00000000e+00	6.09362948e-17
4.95878796e+01	4.16919631e+01	-3.45819846e+04	-1.34599117e+03	2.01215891e+00	1.00000000e-09	2.01215891e-01	1.00000000e-10	1.94143821e+05	6.03061874e-17
4.96000000e+01	4.17021536e+01	-3.35646841e+04	-1.30639606e+03	3.55625605e+02	1.00000000e-09	3.55625605e+01	1.00000000e-10	3.43126546e+07	5.96947603e-17
4.96118804e+01	4.17121422e+01	-3.25675596e+04	-1.26758623e+03	1.00000000e-09	1.00000000e-09	1.00000000e-10	1.00000000e-10	0.00000000e+00	5.91014569e-17
4.96235232e+01	4.17219311e+01	-3.15903990e+04	-1.22955344e+03	1.00000000e-09	1.00000000e-09	1.00000000e-10	1.00000000e-10	0.00000000e+00	5.85257406e-17
4.96349308e+01	4.17315223e+01	-3.06329783e+04	-1.19228895e+03	3.61324868e-01	1.00000000e-09	3.61324868e-02	1.00000000e-10	3.48625498e+04	5.79670942e-17
4.96461056e+01	4.17409177e+01	-2.96950961e+04	-1.15578494e+03	3.56280317e+02	1.00000000e-09	3.56280317e+01	1.00000000e-10	3.43758247e+07	5.74250190e-17
4.96570500e+01	4.17501194e+01	-2.87765781e+04	-1.12003462e+03	1.33287146e-02	1.00000000e-09	1.33287146e-03	1.00000000e-10	1.28602536e+03	5.68990341e-17
4.96677664e+01	4.17591295e+01	-2.78772141e+04	-1.08502981e+03	1.00000000e-09	1.00000000e-09	1.00000000e-10	1.00000000e-10	0.00000000e+00	5.63886753e-17
4.96782572e+01	4.17679498e+01	-2.69967835e+04	-1.05076191e+03	1.00000000e-09	1.00000000e-09	1.00000000e-10	1.00000000e-10	0.00000000e+00	5.58934950e-17
4.96885248e+01	4.17765825e+01	-2.61350847e+04	-1.01722309e+03	3.56883321e+02	1.00000000e-09	3.56883321e+01	1.00000000e-10	3.44340058e+07	5.54130609e-17
4.96985716e+01	4.17850295e+01	-2.52919388e+04	-9.84406381e+02	1.52593473e+00	1.00000000e-09	1.52593473e-01	1.00000000e-10	1.47230319e+05	5.49469559e-17
4.97084000e+01	4.17932929e+01	-2.44671378e+04	-9.52303686e+02	1.00000000e-09	1.00000000e-09	1.00000000e-10	1.00000000e-10	0.00000000e+00	5.44947772e-17
4.97180124e+01	4.18013747e+01	-2.36604635e+04	-9.20906516e+02	1.00000000e-09	1.00000000e-09	1.00000000e-10	1.00000000e-10	0.00000000e+00	5.40561356e-17
4.97274112e+01	4.18092770e+01	-2.28717146e+04	-8.90207031e+02	3.57436579e+02	1.00000000e-09	3.57436579e+01	1.00000000e-10	3.44873870e+07	5.36306554e-17
4.97365988e+01	4.18170016e+01	-2.21007082e+04	-8.60198120e+02	2.92210040e+00	1.00000000e-09	2.92210040e-01	1.00000000e-10	2.81939827e+05	5.32179733e-17
4.97455776e+01	4.18245507e+01	-2.13472378e+04	-8.30871735e+02	1.00000000e-09	1.00000000e-09	1.00000000e-10	1.00000000e-10	0.00000000e+00	5.28177381e-17
4.97543500e+01	4.18319263e+01	-2.06110877e+04	-8.02219491e+02	1.00000000e-09	1.00000000e-09	1.00000000e-10	1.00000000e-10	0.00000000e+00	5.24296106e-17
4.97629184e+01	4.18391303e+01	-1.98920567e+04	-7.74233547e+02	3.57942129e+02	1.00000000e-09	3.57942129e+01	1.00000000e-10	3.45361651e+07	5.20532625e-17
4.97712852e+01	4.18461649e+01	-1.91899585e+04	-7.46906663e+02	4.20481422e+00	1.00000000e-09	4.20481422e-01	1.00000000e-10	4.05702896e+05	5.16883762e-17
4.97794528e+01	4.18530319e+01	-1.85045878e+04	-7.20230837e+02	1.00000000e-09	1.00000000e-09	1.00000000e-10	1.00000000e-10	0.00000000e+00	5.13346446e-17
4.97874236e+01	4.18597336e+01	-1.78357311e+04	-6.94197770e+02	1.00000000e-09	1.00000000e-09	1.00000000e-10	1.00000000e-10	0.00000000e+00	5.09917704e-17
4.97952000e+01	4.18662717e+01	-1.71831873e+04	-6.68799624e+02	3.58402067e+02	1.00000000e-09	3.58402067e+01	1.00000000e-10	3.45805425e+07	5.06594657e-17
4.98027844e+01	4.18726484e+01	-1.65467673e+04	-6.44029048e+02	5.37741498e+00	1.00000000e-09	5.37741498e-01	1.00000000e-10	5.18841670e+05	5.03374517e-17
4.98101792e+01	4.18788658e+01	-1.59262665e+04	-6.19878076e+02	1.00000000e-09	1.00000000e-09	1.00000000e-10	1.00000000e-10	0.00000000e+00	5.00254585e-17
4.98173868e+01	4.18849257e+01	-1.53214738e+04	-5.96338488e+02	1.00000000e-09	1.00000000e-09	1.00000000e-10	1.00000000e-10	0.00000000e+00	4.97232245e-17
4.98244096e+01	4.18908302e+01	-1.47321877e+04	-5.73402446e+02	3.58818531e+02	1.00000000e-09	3.58818531e+01	1.00000000e-10	3.46207252e+07	4.94304961e-17
4.98312500e+01	4.18965814e+01	-1.41582170e+04	-5.51062504e+02	6.44356832e+00	1.00000000e-09	6.44356832e-01	1.00000000e-10	6.21709829e+05	4.91470275e-17
4.98379104e+01	4.19021813e+01	-1.35993577e+04	-5.29310726e+02	1.00000000e-09	1.00000000e-09	1.00000000e-10	1.00000000e-10	0.00000000e+00	4.88725802e-17
4.98443932e+01	4.19076318e+01	-1.30554005e+04	-5.08138961e+02	1.00000000e-09	1.00000000e-09	1.00000000e-10	1.00000000e-10	0.00000000e+00	4.86069230e-17
4.98507008e+01	4.19129351e+01	-1.25261439e+04	-4.87539371e+02	3.59193686e+02	1.00000000e-09	3.59193686e+01	1.00000000e-10	3.46569221e+07	4.83498313e-17
4.98568356e+01	4.19180930e+01	-1.20113946e+04	-4.67504431e+02	7.40724577e+00	1.00000000e-09	7.40724577e-01	1.00000000e-10	7.14690568e+05	4.81010873e-17
4.98628000e+01	4.19231077e+01	-1.15109493e+04	-4.48026229e+02	1.00000000e-09	1.00000000e-09	1.00000000e-10	1.00000000e-10	0.00000000e+00	4.78604793e-17
4.98685964e+01	4.19279811e+01	-1.10246002e+04	-4.29096671e+02	1.00000000e-09	1.00000000e-09	1.00000000e-10	1.00000000e-10	0.00000000e+00	4.76278018e-17
4.98742272e+01	4.19327153e+01	-1.05521457e+04	-4.10707921e+02	3.59529715e+02	1.00000000e-09	3.59529715e+01	1.00000000e-10	3.46893440e+07	4.74028550e-17
4.98796948e+01	4.19373123e+01	-1.00933911e+04	-3.92852388e+02	8.27271680e+00	1.00000000e-09	8.27271680e-01	1.00000000e-10	7.98195828e+05	4.71854447e-17
4.98850016e+01	4.19417741e+01	-9.64813323e+03	-3.75522176e+02	1.00000000e-09	1.00000000e-09	1.00000000e-10	1.00000000e-10	0.00000000e+00	4.69753819e-17
4.98901500e+01	4.19461027e+01	-9.21616568e+03	-3.58709246e+02	1.00000000e-09	1.00000000e-09	1.00000000e-10	1.00000000e-10	0.00000000e+00	4.67724830e-17
4.98951424e+01	4.19503002e+01	-8.79728704e+03	-3.42405759e+02	3.59828814e+02	1.00000000e-09	3.59828814e+01	1.00000000e-10	3.47182026e+07	4.65765690e-17
4.98999812e+01	4.19543685e+01	-8.39130091e+03	-3.26604070e+02	9.04460900e+00	1.00000000e-09	9.04460900e-01	1.00000000e-10	8.72672103e+05	4.63874658e-17
4.99046688e+01	4.19583097e+01	-7.99800479e+03	-3.11296299e+02	1.00000000e-09	1.00000000e-09	1.00000000e-10	1.00000000e-10	0.00000000e+00	4.62050038e-17
4.99092076e+01	4.19621258e+01	-7.61719319e+03	-2.96474447e+02	1.00000000e-09	1.00000000e-09	1.00000000e-10	1.00000000e-10	0.00000000e+00	4.60290176e-17
4.99136000e+01	4.19658188e+01	-7.24866475e+03	-2.82130677e+02	3.60093142e+02	1.00000000e-09	3.60093142e+01	1.00000000e-10	3.47437064e+07	4.58593462e-17
4.99178484e+01	4.19693907e+01	-6.89222192e+03	-2.68257301e+02	9.72834192e+00	1.00000000e-09	9.72834192e-01	1.00000000e-10	9.38642301e+05	4.56958323e-17
4.99219552e+01	4.19728436e+01	-6.54766249e+03	-2.54846446e+02	1.00000000e-09	1.00000000e-09	1.00000000e-10	1.00000000e-10	0.00000000e+00	4.55383226e-17
4.99259228e+01	4.19761794e+01	-6.21478190e+03	-2.41890153e+02	1.00000000e-09	1.00000000e-09	1.00000000e-10	1.00000000e-10	0.00000000e+00	4.53866673e-17
4.99297536e+01	4.19794002e+01	-5.89337879e+03	-2.29380584e+02	3.60324511e+02	1.00000000e-09	3.60324511e+01	1.00000000e-10	3.47660301e+07	4.52407202e-17
4.99334500e+01	4.19825081e+01	-5.58325468e+03	-2.17310012e+02	1.03325171e+01	1.00000000e-09	1.03325171e+00	1.00000000e-10	9.96936340e+05	4.51003385e-17
4.99370144e+01	4.19855049e+01	-5.28420757e+03	-2.05670577e+02	1.00000000e-09	1.00000000e-09	1.00000000e-10	1.00000000e-10	0.00000000e+00	4.49653824e-17
4.99404492e+01	4.19883928e+01	-4.99603369e+03	-1.94454347e+02	1.00000000e-09	1.00000000e-09	1.00000000e-10	1.00000000e-10	0.00000000e+00	4.48357154e-17
4.99437568e+01	4.19911737e+01	-4.71853167e+03	-1.83653484e+02	3.60522745e+02	1.00000000e-09	3.60522745e+01	1.00000000e-10	3.47851568e+07	4.47112037e-17
4.99469396e+01	4.19938497e+01	-4.45150226e+03	-1.73260233e+02	1.08804753e+01	1.00000000e-09	1.08804753e+00	1.00000000e-10	1.04980628e+06	4.45917164e-17
4.99500000e+01	4.19964228e+01	-4.19474367e+03	-1.63266741e+02	1.00000000e-09	1.00000000e-09	1.00000000e-10	1.00000000e-10	0.00000000e+00	4.44771254e-17
4.99529404e+01	4.19988950e+01	-3.94805274e+03	-1.53665100e+02	1.00000000e-09	1.00000000e-09	1.00000000e-10	1.00000000e-10	0.00000000e+00	4.43673050e-17
4.99557632e+01	4.20012683e+01	-3.71122810e+03	-1.44447472e+02	3.60678667e+02	1.00000000e-09	3.60678667e+01	1.00000000e-10	3.48002009e+07	4.42621318e-17
4.99584708e+01	4.20035448e+01	-3.48406990e+03	-1.35606078e+02	1.14591993e+01	1.00000000e-09	1.14591993e+00	1.00000000e-10	1.10564465e+06	4.41614852e-17
4.99610656e+01	4.20057264e+01	-3.26637651e+03	-1.27133072e+02	1.00000000e-09	1.00000000e-09	1.00000000e-10	1.00000000e-10	0.00000000e+00	4.40652463e-17
4.99635500e+01	4.20078152e+01	-3.05794525e+03	-1.19020564e+02	1.00000000e-09	1.00000000e-09	1.00000000e-10	1.00000000e-10	0.00000000e+00	4.39732985e-17
4.99659264e+01	4.20098132e+01	-2.85857476e+03	-1.11260716e+02	3.60748952e+02	1.00000000e-09	3.60748952e+01	1.00000000e-10	3.48069824e+07	4.38855274e-17
4.99681972e+01	4.20117224e+01	-2.66806470e+03	-1.03845732e+02	1.23981424e+01	1.00000000e-09	1.23981424e+00	1.00000000e-10	1.19623889e+06	4.38018203e-17
4.99703648e+01	4.20135449e+01	-2.48621360e+03	-9.67677705e+01	1.00000000e-09	1.00000000e-09	1.00000000e-10	1.00000000e-10	0.00000000e+00	4.37220663e-17
4.99724316e+01	4.20152826e+01	-2.31281913e+03	-9.00189554e+01	1.00000000e-09	1.00000000e-09	1.00000000e-10	1.00000000e-10	0.00000000e+00	4.36461563e-17
4.99744000e+01	4.20169376e+01	-2.14767995e+03	-8.35914502e+01	3.60578388e+02	1.00000000e-09	3.60578388e+01	1.00000000e-10	3.47905255e+07	4.35739830e-17
4.99762724e+01	4.20185118e+01	-1.99059532e+03	-7.74774423e+01	1.48269121e+01	1.00000000e-09	1.48269121e+00	1.00000000e-10	1.43057954e+06	4.35054403e-17
4.99780512e+01	4.20200074e+01	-1.84136393e+03	-7.16690964e+01	1.00000000e-09	1.00000000e-09	1.00000000e-10	1.00000000e-10	0.00000000e+00	4.34404240e-17
4.99797388e+01	4.20214263e+01	-1.69978371e+03	-6.61585474e+01	1.00000000e-09	1.00000000e-09	1.00000000e-10	1.00000000e-10	0.00000000e+00	4.33788308e-17
4.99813376e+01	4.20227705e+01	-1.56565332e+03	-6.09379585e+01	3.59672647e+02	1.00000000e-09	3.59672647e+01	1.00000000e-10	3.47031348e+07	4.33205592e-17
4.99828500e+01	4.20240421e+01	-1.43877172e+03	-5.59995053e+01	2.21268803e+01	1.00000000e-09	2.21268803e+00	1.00000000e-10	2.13491939e+06	4.32655087e-17
4.99842784e+01	4.20252430e+01	-1.31893773e+03	-5.13353574e+01	1.00000000e-09	1.00000000e-09	1.00000000e-10	1.00000000e-10	0.00000000e+00	4.32135800e-17
4.99856252e+01	4.20263754e+01	-1.20594948e+03	-4.69376576e+01	1.00000000e-09	1.00000000e-09	1.00000000e-10	1.00000000e-10	0.00000000e+00	4.31646749e-17
4.99868928e+01	4.20274411e+01	-1.09960563e+03	-4.27985692e+01	3.56418404e+02	1.00000000e-09	3.56418404e+01	1.00000000e-10	3.43891481e+07	4.31186962e-17
4.99880836e+01	4.20284423e+01	-9.99704897e+02	-3.89102586e+01	4.29210296e+01	1.00000000e-09	4.29210296e+00	1.00000000e-10	4.14124980e+06	4.30755479e-17
4.99892000e+01	4.20293809e+01	-9.06046198e+02	-3.52648986e+01	1.00000000e-09	1.00000000e-09	1.00000000e-10	1.00000000e-10	0.00000000e+00	4.30351347e-17
4.99902444e+01	4.20302590e+01	-8.18427839e+02	-3.18546392e+01	1.00000000e-09	1.00000000e-09	1.00000000e-10	1.00000000e-10	0.00000000e+00	4.29973621e-17
4.99912192e+01	4.20310786e+01	-7.36648466e+02	-2.86716434e+01	3.44654115e+02	1.00000000e-09	3.44654115e+01	1.00000000e-10	3.32540668e+07	4.29621367e-17
4.99921268e+01	4.20318417e+01	-6.60506737e+02	-2.57080744e+01	9.48663128e+01	1.00000000e-09	9.48663128e+00	1.00000000e-10	9.15320770e+06	4.29293656e-17
4.99929696e+01	4.20325503e+01	-5.89801462e+02	-2.29561018e+01	1.00000000e-09	1.00000000e-09	1.00000000e-10	1.00000000e-10	0.00000000e+00	4.28989566e-17
4.99937500e+01	4.20332064e+01	-5.24331235e+02	-2.04078864e+01	1.00000000e-09	1.00000000e-09	1.00000000e-10	1.00000000e-10	0.00000000e+00	4.28708183e-17
4.99944704e+01	4.20338121e+01	-4.63894598e+02	-1.80555870e+01	2.99234456e+02	1.00000000e-09	2.99234456e+01	1.00000000e-10	2.88717359e+07	4.28448597e-17
4.99951332e+01	4.20343694e+01	-4.08290207e+02	-1.58913671e+01	1.99205310e+02	1.00000000e-09	1.99205310e+01	1.00000000e-10	1.92203905e+07	4.28209905e-17
4.99957408e+01	4.20348802e+01	-3.57316720e+02	-1.39073901e+01	1.00000000e-09	1.00000000e-09	1.00000000e-10	1.00000000e-10	0.00000000e+00	4.27991210e-17
4.99962956e+01	4.20353467e+01	-3.10772863e+02	-1.20958220e+01	1.00000000e-09	4.76922673e-09	1.00000000e-10	4.76922673e-10	-3.63675093e-04	4.27791616e-17
4.99968000e+01	4.20357708e+01	-2.68457253e+02	-1.04488246e+01	1.40482085e+02	4.63106437e-08	1.40482085e+01	4.63106437e-09	1.35544607e+07	4.27610235e-17
4.99972564e+01	4.20361545e+01	-2.30168505e+02	-8.95855975e+00	3.11981948e+02	3.91821558e-07	3.11981948e+01	3.91821558e-08	3.01016819e+07	4.27446181e-17
4.99976672e+01	4.20364999e+01	-1.95705276e+02	-7.61719076e+00	1.46989488e+01	2.86642087e-06	1.46989488e+00	2.86642087e-07	1.41823268e+06	4.27298571e-17
4.99980348e+01	4.20368090e+01	-1.64866223e+02	-6.41688102e+00	1.00000000e-09	1.81423077e-05	1.00000000e-10	1.81423077e-06	-1.75037010e+00	4.27166528e-17
4.99983616e+01	4.20370837e+01	-1.37450016e+02	-5.34979441e+00	1.00000000e-09	9.97151213e-05	1.00000000e-10	9.97151213e-06	-9.62095012e+00	4.27049174e-17
4.99986500e+01	4.20373262e+01	-1.13255315e+02	-4.40809442e+00	1.29480708e+02	4.78217130e-04	1.29480708e+01	4.78217130e-05	1.24929429e+07	4.26945637e-17
4.99989024e+01	4.20375384e+01	-9.20807642e+01	-3.58394398e+00	2.81587424e+02	2.01126220e-03	2.81587424e+01	2.01126220e-04	2.71688621e+07	4.26855044e-17
4.99991212e+01	4.20377224e+01	-7.37250127e+01	-2.86950611e+00	1.32405062e+02	7.45463826e-03	1.32405062e+01	7.45463826e-04	1.27744271e+07	4.26776527e-17
4.99993088e+01	4.20378801e+01	-5.79867176e+01	-2.25694420e+00	1.00000000e-09	2.44632709e-02	1.00000000e-10	2.44632709e-03	-2.36034672e+03	4.26709218e-17
4.99994676e+01	4.20380136e+01	-4.46645360e+01	-1.73842166e+00	1.00000000e-09	7.13828556e-02	1.00000000e-10	7.13828556e-03	-6.88739844e+03	4.26652250e-17
4.99996000e+01	4.20381249e+01	-3.35571251e+01	-1.30610185e+00	1.00000000e-09	1.85931095e-01	1.00000000e-10	1.85931095e-02	-1.79396234e+04	4.26604759e-17
4.99997084e+01	4.20382161e+01	-2.44631424e+01	-9.52148179e-01	1.00000000e-09	4.33800760e-01	1.00000000e-10	4.33800760e-02	-4.18554103e+04	4.26565880e-17
4.99997952e+01	4.20382891e+01	-1.71812457e+01	-6.68724055e-01	1.27029281e+02	9.09323455e-01	1.27029281e+01	9.09323455e-02	1.21687260e+07	4.26534751e-17
4.99998628e+01	4.20383459e+01	-1.15100918e+01	-4.47992853e-01	1.93628597e+02	1.71693998e+00	1.93628597e+01	1.71693998e-01	1.85166599e+07	4.26510509e-17
4.99999136e+01	4.20383886e+01	-7.24833751e+00	-2.82117941e-01	1.85831635e+02	2.92646134e+00	1.85831635e+01	2.92646134e-01	1.76476665e+07	4.26492292e-17
4.99999500e+01	4.20384192e+01	-4.19463971e+00	-1.63262695e-01	1.38465272e+02	4.51119385e+00	1.38465272e+01	4.51119385e-01	1.29246038e+07	4.26479240e-17
4.99999744e+01	4.20384397e+01	-2.14765552e+00	-8.35904994e-02	8.48889214e+01	6.30078408e+00	8.48889214e+00	6.30078408e-01	7.58260253e+06	4.26470491e-17
4.99999892e+01	4.20384522e+01	-9.06042171e-01	-3.52647419e-02	4.38744207e+01	7.99314882e+00	4.38744207e+00	7.99314882e-01	3.46201644e+06	4.26465185e-17
4.99999968e+01	4.20384586e+01	-2.68456940e-01	-1.04488124e-02	2.04146396e+01	9.25366181e+00	2.04146396e+00	9.25366181e-01	1.07687065e+06	4.26462460e-17
4.99999996e+01	4.20384609e+01	-3.35571175e-02	-1.30610155e-03	1.13321681e+01	9.88440899e+00	1.13321681e+00	9.88440899e-01	1.39687514e+05	4.26461456e-17
5.00000000e+01	4.20384612e+01	0.00000000e+00	0.00000000e+00	1.00000000e+01	1.00000000e+01	1.00000000e+00	1.00000000e+00	0.00000000e+00	4.26461312e-17
