# 1D PNP Solver Results
# Debye length: 1.18939 nm
# Surface potential: 100 mV
# Bulk concentration: 10 mol/m^3
# Thermal voltage: 25.6926 mV
# Grid: non-uniform with stretching factor 3
#
# Columns:
# 1: x [nm]
# 2: x/lambda_D [-]
# 3: phi [mV]
# 4: phi_normalized = e*phi/(kB*T) [-]
# 5: c+ [mol/m^3]
# 6: c- [mol/m^3]
# 7: c+/c0 [-]
# 8: c-/c0 [-]
# 9: rho [C/m^3]
# 10: phi_GC [mV] (Gouy-Chapman analytical)
0.00000000e+00	0.00000000e+00	1.00000000e+02	3.89217445e+00	4.03634011e-06	3.77442460e+04	4.03634011e-07	3.77442460e+03	-3.64176611e+09	1.00000000e+02
2.99400400e-01	2.51726642e-01	-1.98868012e+04	-7.74028994e+02	1.00000000e-09	3.27420767e+03	1.00000000e-10	3.27420767e+02	-3.15913014e+08	6.85664877e+01
5.97603200e-01	5.02446379e-01	-3.97705462e+04	-1.54793904e+03	1.00000000e-09	1.00000000e-09	1.00000000e-10	1.00000000e-10	0.00000000e+00	5.03048324e+01
8.94610800e-01	7.52161229e-01	-5.95745970e+04	-2.31874724e+03	1.00000000e-09	1.00000000e-09	1.00000000e-10	1.00000000e-10	0.00000000e+00	3.79705828e+01
1.19042560e+00	1.00087321e+00	-7.92991136e+04	-3.08645984e+03	4.10010871e-08	3.65796534e+04	4.10010871e-09	3.65796534e+03	-3.52940001e+09	2.90844029e+01
1.48505000e+00	1.24858434e+00	-9.82146095e+04	-3.82268394e+03	1.07952784e-08	1.10901822e+04	1.07952784e-09	1.10901822e+03	-1.07003991e+09	2.24667584e+01
1.77848640e+00	1.49529663e+00	-1.16911986e+05	-4.55041844e+03	1.00000000e-09	1.00000000e-09	1.00000000e-10	1.00000000e-10	0.00000000e+00	1.74460154e+01
2.07073720e+00	1.74101211e+00	-1.35533817e+05	-5.27521261e+03	1.00000000e-09	1.00000000e-09	1.00000000e-10	1.00000000e-10	0.00000000e+00	1.35944687e+01
2.36180480e+00	1.98573279e+00	-1.54080257e+05	-5.99707239e+03	3.83240973e-08	3.39561978e+04	3.83240973e-09	3.39561978e+03	-3.27627502e+09	1.06194118e+01
2.65169160e+00	2.22946069e+00	-1.71853345e+05	-6.68883200e+03	2.08352603e-08	1.89358784e+04	2.08352603e-09	1.89358784e+03	-1.82703452e+09	8.31101793e+00
2.94040000e+00	2.47219783e+00	-1.89288080e+05	-7.36742229e+03	1.00000000e-09	1.00000000e-09	1.00000000e-10	1.00000000e-10	0.00000000e+00	6.51434305e+00
3.22793240e+00	2.71394622e+00	-2.06651798e+05	-8.04324848e+03	1.00000000e-09	1.00000000e-09	1.00000000e-10	1.00000000e-10	0.00000000e+00	5.11278590e+00
3.51429120e+00	2.95470789e+00	-2.23944643e+05	-8.71631619e+03	3.04536491e-08	2.97764021e+04	3.04536491e-09	2.97764021e+03	-2.87298605e+09	4.01753072e+00
3.79947880e+00	3.19448485e+00	-2.40504452e+05	-9.36085283e+03	2.30872508e-08	2.64796331e+04	2.30872508e-09	2.64796331e+03	-2.55489620e+09	3.16039318e+00
4.08349760e+00	3.43327911e+00	-2.56598433e+05	-9.98725866e+03	1.00000000e-09	1.00000000e-09	1.00000000e-10	1.00000000e-10	0.00000000e+00	2.48875472e+00
4.36635000e+00	3.67109271e+00	-2.72626320e+05	-1.06110920e+04	1.00000000e-09	1.00000000e-09	1.00000000e-10	1.00000000e-10	0.00000000e+00	1.96186370e+00
4.64803840e+00	3.90792764e+00	-2.88588249e+05	-1.12323581e+04	1.78382091e-08	2.39491652e+04	1.78382091e-09	2.39491652e+03	-2.31074316e+09	1.54807794e+00
4.92856520e+00	4.14378594e+00	-3.03867762e+05	-1.18270634e+04	1.00000000e-09	3.32983286e+04	1.00000000e-10	3.32983286e+03	-3.21280029e+09	1.22278051e+00
5.20793280e+00	4.37866962e+00	-3.18547179e+05	-1.23984119e+04	1.00000000e-09	1.00000000e-09	1.00000000e-10	1.00000000e-10	0.00000000e+00	9.66789980e-01
5.48614360e+00	4.61258070e+00	-3.33165813e+05	-1.29673946e+04	1.00000000e-09	1.00000000e-09	1.00000000e-10	1.00000000e-10	0.00000000e+00	7.65140276e-01
5.76320000e+00	4.84552120e+00	-3.47723788e+05	-1.35340164e+04	2.62359841e-08	1.63876022e+04	2.62359841e-09	1.63876022e+03	-1.58116324e+09	6.06140501e-01
6.03910440e+00	5.07749313e+00	-3.61667098e+05	-1.40767144e+04	1.28263473e-07	3.88199664e+04	1.28263473e-08	3.88199664e+03	-3.74555735e+09	4.80648184e-01
6.31385920e+00	5.30849851e+00	-3.74873088e+05	-1.45907146e+04	1.67497779e-08	1.00000000e-09	1.67497779e-09	1.00000000e-10	1.51962255e-03	3.81506351e-01
6.58746680e+00	5.53853936e+00	-3.88023939e+05	-1.51025686e+04	2.07321695e-09	1.00000000e-09	2.07321695e-10	1.00000000e-10	1.03549693e-04	3.03106720e-01
6.85992960e+00	5.76761769e+00	-4.01119766e+05	-1.56122810e+04	1.49826935e-09	7.02909256e+03	1.49826935e-10	7.02909256e+02	-6.78204330e+08	2.41050282e-01
7.13125000e+00	5.99573554e+00	-4.13692976e+05	-1.61016523e+04	1.00000000e-09	4.22431183e+04	1.00000000e-10	4.22431183e+03	-4.07584130e+09	1.91883235e-01
7.40143040e+00	6.22289490e+00	-4.25401273e+05	-1.65573596e+04	1.00000000e-09	1.00000000e-09	1.00000000e-10	1.00000000e-10	0.00000000e+00	1.52891305e-01
7.67047320e+00	6.44909781e+00	-4.37060271e+05	-1.70111482e+04	1.00000000e-09	1.00000000e-09	1.00000000e-10	1.00000000e-10	0.00000000e+00	1.21939384e-01
7.93838080e+00	6.67434627e+00	-4.48670076e+05	-1.74630221e+04	1.00000000e-09	1.00000000e-09	1.00000000e-10	1.00000000e-10	0.00000000e+00	9.73463694e-02
8.20515560e+00	6.89864231e+00	-4.59884067e+05	-1.78994902e+04	1.00000000e-09	4.24499821e+04	1.00000000e-10	4.24499821e+03	-4.09580062e+09	7.77873862e-02
8.47080000e+00	7.12198795e+00	-4.70109407e+05	-1.82974782e+04	1.00000000e-09	9.41022440e+03	1.00000000e-10	9.41022440e+02	-9.07948627e+08	6.22173302e-02
8.73531640e+00	7.34438520e+00	-4.80291328e+05	-1.86937764e+04	1.00000000e-09	1.00000000e-09	1.00000000e-10	1.00000000e-10	0.00000000e+00	4.98110222e-02
8.99870720e+00	7.56583608e+00	-4.90429922e+05	-1.90883881e+04	1.00000000e-09	1.00000000e-09	1.00000000e-10	1.00000000e-10	0.00000000e+00	3.99163248e-02
9.26097480e+00	7.78634260e+00	-5.00352853e+05	-1.94746059e+04	1.00000000e-09	3.80400916e+04	1.00000000e-10	3.80400916e+03	-3.67031087e+09	3.20173786e-02
9.52212160e+00	8.00590680e+00	-5.09158664e+05	-1.98173434e+04	1.00000000e-09	2.27536011e+04	1.00000000e-10	2.27536011e+03	-2.19538876e+09	2.57057482e-02
9.78215000e+00	8.22453067e+00	-5.17926762e+05	-2.01586131e+04	1.00000000e-09	1.00000000e-09	1.00000000e-10	1.00000000e-10	0.00000000e+00	2.06577541e-02
1.00410624e+01	8.44221625e+00	-5.26657229e+05	-2.04984181e+04	1.00000000e-09	1.00000000e-09	1.00000000e-10	1.00000000e-10	0.00000000e+00	1.66166494e-02
1.02988612e+01	8.65896555e+00	-5.35350146e+05	-2.08367616e+04	1.00000000e-09	2.77385640e+04	1.00000000e-10	2.77385640e+03	-2.67636456e+09	1.33785927e-02
1.05555488e+01	8.87478058e+00	-5.42802889e+05	-2.11268353e+04	1.00000000e-09	3.58709197e+04	1.00000000e-10	3.58709197e+03	-3.46101760e+09	1.07815984e-02
1.08111276e+01	9.08966337e+00	-5.50064667e+05	-2.14094764e+04	1.00000000e-09	1.00000000e-09	1.00000000e-10	1.00000000e-10	0.00000000e+00	8.69682520e-03
1.10656000e+01	9.30361594e+00	-5.57295009e+05	-2.16908939e+04	1.00000000e-09	1.00000000e-09	1.00000000e-10	1.00000000e-10	0.00000000e+00	7.02170086e-03
1.13189684e+01	9.51664029e+00	-5.64493983e+05	-2.19710906e+04	1.00000000e-09	1.13256534e+04	1.00000000e-10	1.13256534e+03	-1.09275943e+09	5.67449245e-03
1.15712352e+01	9.72873845e+00	-5.70372206e+05	-2.21998813e+04	1.00000000e-09	4.64986069e+04	1.00000000e-10	4.64986069e+03	-4.48643353e+09	4.59001348e-03
1.18224028e+01	9.93991244e+00	-5.75552826e+05	-2.24015200e+04	1.00000000e-09	1.00000000e-09	1.00000000e-10	1.00000000e-10	0.00000000e+00	3.71622724e-03
1.20724736e+01	1.01501643e+01	-5.80710823e+05	-2.26022783e+04	1.00000000e-09	1.00000000e-09	1.00000000e-10	1.00000000e-10	0.00000000e+00	3.01155675e-03
1.23214500e+01	1.03594960e+01	-5.85846246e+05	-2.28021579e+04	1.00000000e-09	1.00000000e-09	1.00000000e-10	1.00000000e-10	0.00000000e+00	2.44275242e-03
1.25693344e+01	1.05679095e+01	-5.89757171e+05	-2.29543779e+04	1.00000000e-09	4.77051073e+04	1.00000000e-10	4.77051073e+03	-4.60284313e+09	1.98320033e-03
1.28161292e+01	1.07754070e+01	-5.92119049e+05	-2.30463063e+04	1.00000000e-09	3.43466643e+04	1.00000000e-10	3.43466643e+03	-3.31394931e+09	1.61157892e-03
1.30618368e+01	1.09819904e+01	-5.94470522e+05	-2.31378298e+04	1.00000000e-09	1.00000000e-09	1.00000000e-10	1.00000000e-10	0.00000000e+00	1.31079131e-03
1.33064596e+01	1.11876617e+01	-5.96811613e+05	-2.32289491e+04	1.00000000e-09	1.00000000e-09	1.00000000e-10	1.00000000e-10	0.00000000e+00	1.06711600e-03
1.35500000e+01	1.13924230e+01	-5.98868613e+05	-2.33090111e+04	3.85074520e+02	1.00000000e-09	3.85074520e+01	1.00000000e-10	3.71540430e+07	8.69530744e-04
1.37924604e+01	1.15962762e+01	-5.98237125e+05	-2.32844325e+04	2.17184304e+03	9.80729567e+03	2.17184304e+02	9.80729567e+02	-7.36709183e+08	7.09173671e-04
1.40338432e+01	1.17992235e+01	-5.96145375e+05	-2.32030180e+04	1.44204948e+03	4.07183222e+03	1.44204948e+02	4.07183222e+02	-2.53735462e+08	5.78913586e-04
1.42741508e+01	1.20012667e+01	-5.93112798e+05	-2.30849848e+04	1.00000000e-09	2.96320035e+03	1.00000000e-10	2.96320035e+02	-2.85905370e+08	4.73006904e-04
1.45133856e+01	1.22024080e+01	-5.89214981e+05	-2.29332750e+04	1.00000000e-09	3.25570664e+03	1.00000000e-10	3.25570664e+02	-3.14127937e+08	3.86823582e-04
1.47515500e+01	1.24026493e+01	-5.84135502e+05	-2.27355728e+04	1.92686735e+02	6.41350165e+02	1.92686735e+01	6.41350165e+01	-4.32894400e+07	3.16627951e-04
1.49886464e+01	1.26019926e+01	-5.78810655e+05	-2.25283204e+04	1.39467232e+03	2.99845549e+02	1.39467232e+02	2.99845549e+01	1.05634724e+08	2.59403321e-04
1.52246772e+01	1.28004400e+01	-5.73380813e+05	-2.23169815e+04	1.80364504e+02	2.73538092e+02	1.80364504e+01	2.73538092e+01	-8.98988459e+06	2.12711469e-04
1.54596448e+01	1.29979936e+01	-5.68024227e+05	-2.21084938e+04	1.00000000e-09	3.88004683e+02	1.00000000e-10	3.88004683e+01	-3.74367607e+07	1.74580004e-04
1.56935516e+01	1.31946552e+01	-5.62641602e+05	-2.18989927e+04	1.00000000e-09	7.84666255e+01	1.00000000e-10	7.84666255e+00	-7.57087843e+06	1.43411981e-04
1.59264000e+01	1.33904270e+01	-5.57249647e+05	-2.16891284e+04	1.86944010e+03	3.59185600e+01	1.86944010e+02	3.59185600e+00	1.76907934e+08	1.17913311e-04
1.61581924e+01	1.35853109e+01	-5.51866740e+05	-2.14796162e+04	1.85136981e+03	3.07494580e+01	1.85136981e+02	3.07494580e+00	1.75663159e+08	9.70344227e-05
1.63889312e+01	1.37793090e+01	-5.46541339e+05	-2.12723424e+04	1.00000000e-09	3.85036017e+01	1.00000000e-10	3.85036017e+00	-3.71503280e+06	7.99233226e-05
1.66186188e+01	1.39724232e+01	-5.41331466e+05	-2.10695650e+04	1.00000000e-09	1.00000000e-09	1.00000000e-10	1.00000000e-10	0.00000000e+00	6.58878096e-05
1.68472576e+01	1.41646557e+01	-5.36145381e+05	-2.08677135e+04	8.97478890e+02	1.00000000e-09	8.97478890e+01	1.00000000e-10	8.65935488e+07	5.43650223e-05
1.70748500e+01	1.43560084e+01	-5.30983032e+05	-2.06667859e+04	3.12918962e+03	1.00000000e-09	3.12918962e+02	1.00000000e-10	3.01920900e+08	4.48968793e-05
1.73013984e+01	1.45464833e+01	-5.25844363e+05	-2.04667799e+04	1.00000000e-09	1.61492495e+01	1.00000000e-10	1.61492495e+00	-1.55816570e+06	3.71102557e-05
1.75269052e+01	1.47360825e+01	-5.20815442e+05	-2.02710456e+04	1.00000000e-09	1.23431639e+00	1.00000000e-10	1.23431639e-01	-1.19093427e+05	3.07009681e-05
1.77513728e+01	1.49248080e+01	-5.15824922e+05	-2.00768058e+04	1.00000000e-09	1.00000000e-09	1.00000000e-10	1.00000000e-10	0.00000000e+00	2.54208255e-05
1.79748036e+01	1.51126617e+01	-5.10857452e+05	-1.98834632e+04	3.47833187e+03	1.00000000e-09	3.47833187e+02	1.00000000e-10	3.35608006e+08	2.10671509e-05
1.81972000e+01	1.52996457e+01	-5.05912980e+05	-1.96910158e+04	1.86155649e+03	2.11174360e+00	1.86155649e+02	2.11174360e-01	1.79409144e+08	1.74742951e-05
1.84185644e+01	1.54857621e+01	-5.01057420e+05	-1.95020289e+04	1.00000000e-09	2.04507359e-01	1.00000000e-10	2.04507359e-02	-1.97319603e+04	1.45067575e-05
1.86388992e+01	1.56710128e+01	-4.96263626e+05	-1.93154460e+04	1.00000000e-09	1.00000000e-09	1.00000000e-10	1.00000000e-10	0.00000000e+00	1.20536058e-05
1.88582068e+01	1.58553999e+01	-4.91492180e+05	-1.91297331e+04	2.65135668e+03	1.00000000e-09	2.65135668e+02	1.00000000e-10	2.55817030e+08	1.00239454e-05
1.90764896e+01	1.60389254e+01	-4.86743031e+05	-1.89448879e+04	3.68833005e+03	8.10767627e-01	3.68833005e+02	8.10767627e-02	3.55791523e+08	8.34323736e-06
1.92937500e+01	1.62215912e+01	-4.82054109e+05	-1.87623869e+04	1.00000000e-09	1.10986540e-01	1.00000000e-10	1.10986540e-02	-1.07085731e+04	6.95030439e-06
1.95099904e+01	1.64033995e+01	-4.77433113e+05	-1.85825296e+04	1.00000000e-09	1.00000000e-09	1.00000000e-10	1.00000000e-10	0.00000000e+00	5.79489399e-06
1.97252132e+01	1.65843522e+01	-4.72833863e+05	-1.84035188e+04	7.76889688e+02	1.00000000e-09	7.76889688e+01	1.00000000e-10	7.49584596e+07	4.83569313e-06
1.99394208e+01	1.67644514e+01	-4.68256307e+05	-1.82253523e+04	4.71444134e+03	4.58372618e-01	4.71444134e+02	4.58372618e-02	4.54830212e+08	4.03870994e-06
2.01526156e+01	1.69436990e+01	-4.63711948e+05	-1.80484780e+04	3.62529029e+02	2.18639760e-01	3.62529029e+01	2.18639760e-02	3.49576382e+07	3.37595312e-06
2.03648000e+01	1.71220971e+01	-4.59228512e+05	-1.78739748e+04	1.00000000e-09	1.00000000e-09	1.00000000e-10	1.00000000e-10	0.00000000e+00	2.82435375e-06
2.05759764e+01	1.72996477e+01	-4.54766376e+05	-1.77003007e+04	1.00000000e-09	1.00000000e-09	1.00000000e-10	1.00000000e-10	0.00000000e+00	2.36488397e-06
2.07861472e+01	1.74763529e+01	-4.50325487e+05	-1.75274536e+04	4.49446095e+03	4.78926872e-02	4.49446095e+02	4.78926872e-03	4.33644936e+08	1.98183626e-06
2.09953148e+01	1.76522146e+01	-4.45905779e+05	-1.73554308e+04	2.77243061e+03	1.46889361e-02	2.77243061e+02	1.46889361e-03	2.67497471e+08	1.66223343e-06
2.12034816e+01	1.78272348e+01	-4.41534910e+05	-1.71853089e+04	1.00000000e-09	1.00000000e-09	1.00000000e-10	1.00000000e-10	0.00000000e+00	1.39534528e-06
2.14106500e+01	1.80014156e+01	-4.37185904e+05	-1.70160381e+04	1.00000000e-09	1.00000000e-09	1.00000000e-10	1.00000000e-10	0.00000000e+00	1.17229232e-06
2.16168224e+01	1.81747590e+01	-4.32857807e+05	-1.68475810e+04	3.03464910e+03	9.81818637e-03	3.03464910e+02	9.81818637e-04	2.92798179e+08	9.85720606e-07
2.18220012e+01	1.83472670e+01	-4.28550565e+05	-1.66799356e+04	4.55795744e+03	1.11698931e-02	4.55795744e+02	1.11698931e-03	4.39774960e+08	8.29534693e-07
2.20261888e+01	1.85189417e+01	-4.24281559e+05	-1.65137784e+04	1.00000000e-09	1.00000000e-09	1.00000000e-10	1.00000000e-10	0.00000000e+00	6.98678213e-07
2.22293876e+01	1.86897850e+01	-4.20033358e+05	-1.63484310e+04	1.00000000e-09	1.00000000e-09	1.00000000e-10	1.00000000e-10	0.00000000e+00	5.88953354e-07
2.24316000e+01	1.88597989e+01	-4.15805778e+05	-1.61838863e+04	7.54699211e+02	6.03017470e-04	7.54699211e+01	6.03017470e-05	7.28173458e+07	4.96872286e-07
2.26328284e+01	1.90289856e+01	-4.11598771e+05	-1.60201422e+04	5.25073464e+03	9.50528274e-03	5.25073464e+02	9.50528274e-04	5.06617958e+08	4.19534757e-07
2.28330752e+01	1.91973469e+01	-4.07425493e+05	-1.58577109e+04	4.52753996e+02	1.85909068e-03	4.52753996e+01	1.85909068e-04	4.36839403e+07	3.54527186e-07
2.30323428e+01	1.93648850e+01	-4.03272622e+05	-1.56960739e+04	1.00000000e-09	1.00000000e-09	1.00000000e-10	1.00000000e-10	0.00000000e+00	2.99839390e-07
2.32306336e+01	1.95316018e+01	-3.99140108e+05	-1.55352293e+04	1.00000000e-09	1.00000000e-09	1.00000000e-10	1.00000000e-10	0.00000000e+00	2.53795839e-07
2.34279500e+01	1.96974994e+01	-3.95028953e+05	-1.53752160e+04	4.71568632e+03	4.08654083e-03	4.71568632e+02	4.08654083e-04	4.54994166e+08	2.14998834e-07
2.36242944e+01	1.98625797e+01	-3.90952290e+05	-1.52165451e+04	2.76788156e+03	6.06813467e-03	2.76788156e+02	6.06813467e-04	2.67059386e+08	1.82281515e-07
2.38196692e+01	2.00268448e+01	-3.86895756e+05	-1.50586578e+04	1.00000000e-09	1.00000000e-09	1.00000000e-10	1.00000000e-10	0.00000000e+00	1.54668970e-07
2.40140768e+01	2.01902967e+01	-3.82859304e+05	-1.49015520e+04	1.00000000e-09	1.00000000e-09	1.00000000e-10	1.00000000e-10	0.00000000e+00	1.31346022e-07
2.42075196e+01	2.03529375e+01	-3.78846882e+05	-1.47453816e+04	3.12150478e+03	1.00000000e-09	3.12150478e+02	1.00000000e-10	3.01179426e+08	1.11630519e-07
2.44000000e+01	2.05147691e+01	-3.74874681e+05	-1.45907766e+04	4.36804329e+03	1.00000000e-09	4.36804329e+02	1.00000000e-10	4.21452108e+08	9.49511815e-08
2.45915204e+01	2.06757935e+01	-3.70922292e+05	-1.44369427e+04	1.00000000e-09	1.00000000e-09	1.00000000e-10	1.00000000e-10	0.00000000e+00	8.08292110e-08
2.47820832e+01	2.08360129e+01	-3.66989664e+05	-1.42838779e+04	1.00000000e-09	1.00000000e-09	1.00000000e-10	1.00000000e-10	0.00000000e+00	6.88630042e-08
2.49716908e+01	2.09954291e+01	-3.63077617e+05	-1.41316143e+04	9.20668245e+02	1.00000000e-09	9.20668245e+01	1.00000000e-10	8.88309814e+07	5.87154473e-08
2.51603456e+01	2.11540443e+01	-3.59213235e+05	-1.39812058e+04	4.91073213e+03	1.00000000e-09	4.91073213e+02	1.00000000e-10	4.73813620e+08	5.01033414e-08
2.53480500e+01	2.13118604e+01	-3.55368321e+05	-1.38315550e+04	2.38414025e+02	1.00000000e-09	2.38414025e+01	1.00000000e-10	2.30034564e+07	4.27885959e-08
2.55348064e+01	2.14688794e+01	-3.51542825e+05	-1.36826600e+04	1.00000000e-09	2.23460679e-05	1.00000000e-10	2.23460679e-06	-2.15597129e+00	3.65708905e-08
2.57206172e+01	2.16251034e+01	-3.47736699e+05	-1.35345189e+04	1.00000000e-09	1.22321339e-05	1.00000000e-10	1.22321339e-06	-1.18012502e+00	3.12815536e-08
2.59054848e+01	2.17805344e+01	-3.43982809e+05	-1.33884110e+04	4.32731153e+03	1.00000000e-09	4.32731153e+02	1.00000000e-10	4.17522090e+08	2.67784535e-08
2.60894116e+01	2.19351744e+01	-3.40261312e+05	-1.32435639e+04	2.28983391e+03	1.00000000e-09	2.28983391e+02	1.00000000e-10	2.20935385e+08	2.29417317e-08
2.62724000e+01	2.20890254e+01	-3.36558803e+05	-1.30994557e+04	1.00000000e-09	2.87475030e-06	1.00000000e-10	2.87475030e-07	-2.77274752e-01	1.96702351e-08
2.64544524e+01	2.22420894e+01	-3.32875232e+05	-1.29560847e+04	1.00000000e-09	1.11119272e-05	1.00000000e-10	1.11119272e-06	-1.07204150e+00	1.68785322e-08
2.66355712e+01	2.23943686e+01	-3.29242018e+05	-1.28146737e+04	2.84464508e+03	1.91796498e-06	2.84464508e+02	1.91796498e-07	2.74466526e+08	1.44944152e-08
2.68157588e+01	2.25458647e+01	-3.25656917e+05	-1.26751353e+04	3.62645626e+03	1.00000000e-09	3.62645626e+02	1.00000000e-10	3.49899836e+08	1.24568071e-08
2.69950176e+01	2.26965800e+01	-3.22090296e+05	-1.25363162e+04	1.00000000e-09	1.00000000e-09	1.00000000e-10	1.00000000e-10	0.00000000e+00	1.07140069e-08
2.71733500e+01	2.28465164e+01	-3.18542107e+05	-1.23982145e+04	1.00000000e-09	5.14671921e-06	1.00000000e-10	5.14671921e-07	-4.96486427e-01	9.22221780e-09
2.73507584e+01	2.29956759e+01	-3.15034658e+05	-1.22616985e+04	8.90299583e+02	5.61311335e-06	8.90299583e+01	5.61311335e-07	8.59008504e+07	7.94431062e-09
2.75272452e+01	2.31440606e+01	-3.11587465e+05	-1.21275277e+04	4.00099737e+03	1.00000000e-09	4.00099737e+02	1.00000000e-10	3.86037560e+08	6.84878564e-09
2.77028128e+01	2.32916724e+01	-3.08158226e+05	-1.19940557e+04	3.61085105e+01	1.00000000e-09	3.61085105e+00	1.00000000e-10	3.48394163e+06	5.90889902e-09
2.78774636e+01	2.34385135e+01	-3.04746894e+05	-1.18612807e+04	1.00000000e-09	1.00000000e-09	1.00000000e-10	1.00000000e-10	0.00000000e+00	5.10192799e-09
2.80512000e+01	2.35845857e+01	-3.01360354e+05	-1.17294707e+04	1.00000000e-09	4.54959341e-06	1.00000000e-10	4.54959341e-07	-4.38872546e-01	4.40855198e-09
2.82240244e+01	2.37298911e+01	-2.98040472e+05	-1.16002551e+04	3.40062645e+03	2.55890374e-06	3.40062645e+02	2.55890374e-07	3.28110572e+08	3.81233114e-09
2.83959392e+01	2.38744318e+01	-2.94738063e+05	-1.14717196e+04	1.79481017e+03	1.00000000e-09	1.79481017e+02	1.00000000e-10	1.73172856e+08	3.29926652e-09
2.85669468e+01	2.40182097e+01	-2.91453081e+05	-1.13438624e+04	1.00000000e-09	1.00000000e-09	1.00000000e-10	1.00000000e-10	0.00000000e+00	2.85742894e-09
2.87370496e+01	2.41612269e+01	-2.88185480e+05	-1.12166816e+04	1.00000000e-09	6.20764922e-07	1.00000000e-10	6.20764922e-08	-5.97982244e-02	2.47664556e-09
2.89062500e+01	2.43034854e+01	-2.84983122e+05	-1.10920403e+04	2.04009847e+03	3.42590293e-06	2.04009847e+02	3.42590293e-07	1.96839578e+08	2.14823497e-09
2.90745504e+01	2.44449872e+01	-2.81816414e+05	-1.09687864e+04	2.79497537e+03	9.75973436e-07	2.79497537e+02	9.75973436e-08	2.69674127e+08	1.86478313e-09
2.92419532e+01	2.45857343e+01	-2.78666595e+05	-1.08461900e+04	1.00000000e-09	1.00000000e-09	1.00000000e-10	1.00000000e-10	0.00000000e+00	1.61995382e-09
2.94084608e+01	2.47257288e+01	-2.75533619e+05	-1.07242491e+04	1.00000000e-09	1.00000000e-09	1.00000000e-10	1.00000000e-10	0.00000000e+00	1.40832799e-09
2.95740756e+01	2.48649726e+01	-2.72456222e+05	-1.06044714e+04	3.45599164e+02	1.10083081e-06	3.45599164e+01	1.10083081e-07	3.33452500e+07	1.22526770e-09
2.97388000e+01	2.50034678e+01	-2.69431040e+05	-1.04867261e+04	2.89698848e+03	2.49244582e-06	2.89698848e+02	2.49244582e-07	2.79516896e+08	1.06680067e-09
2.99026364e+01	2.51412164e+01	-2.66422167e+05	-1.03696155e+04	3.20205299e+02	3.00295321e-07	3.20205299e+01	3.00295321e-08	3.08951146e+07	9.29522319e-10
3.00655872e+01	2.52782204e+01	-2.63429557e+05	-1.02531379e+04	1.00000000e-09	1.00000000e-09	1.00000000e-10	1.00000000e-10	0.00000000e+00	8.10512530e-10
3.02276548e+01	2.54144819e+01	-2.60476376e+05	-1.01381950e+04	1.00000000e-09	1.00000000e-09	1.00000000e-10	1.00000000e-10	0.00000000e+00	7.07264951e-10
3.03888416e+01	2.55500028e+01	-2.57585704e+05	-1.00256850e+04	2.13841774e+03	1.08078367e-06	2.13841774e+02	1.08078367e-07	2.06325945e+08	6.17626836e-10
3.05491500e+01	2.56847852e+01	-2.54710785e+05	-9.91378811e+03	1.68456314e+03	1.84494026e-06	1.68456314e+02	1.84494026e-07	1.62535634e+08	5.39747847e-10
3.07085824e+01	2.58188310e+01	-2.51851576e+05	-9.80250271e+03	1.00000000e-09	1.05721121e-07	1.00000000e-10	1.05721121e-08	-1.01040521e-02	4.72036458e-10
3.08671412e+01	2.59521424e+01	-2.49012464e+05	-9.69199949e+03	1.00000000e-09	1.00000000e-09	1.00000000e-10	1.00000000e-10	0.00000000e+00	4.13122792e-10
3.10248288e+01	2.60847213e+01	-2.46238047e+05	-9.58401434e+03	7.90838535e+02	1.00000000e-09	7.90838535e+01	1.00000000e-10	7.63043187e+07	3.61826923e-10
3.11816476e+01	2.62165697e+01	-2.43481389e+05	-9.47672043e+03	2.28945785e+03	8.10825552e-07	2.28945785e+02	8.10825552e-08	2.20899101e+08	3.17131833e-10
3.13376000e+01	2.63476897e+01	-2.40739962e+05	-9.37001930e+03	1.00000000e-09	1.42420709e-06	1.00000000e-10	1.42420709e-07	-1.37318609e-01	2.78160305e-10
3.14926884e+01	2.64780832e+01	-2.38013723e+05	-9.26390931e+03	1.00000000e-09	2.11810505e-07	1.00000000e-10	2.11810505e-08	-2.03401216e-02	2.44155186e-10
3.16469152e+01	2.66077524e+01	-2.35345752e+05	-9.16006725e+03	1.00000000e-09	1.00000000e-09	1.00000000e-10	1.00000000e-10	0.00000000e+00	2.14462497e-10
3.18002828e+01	2.67366991e+01	-2.32711908e+05	-9.05755344e+03	1.99365214e+03	1.00000000e-09	1.99365214e+02	1.00000000e-10	1.92358189e+08	1.88516988e-10
3.19527936e+01	2.68649255e+01	-2.30092778e+05	-8.95561233e+03	1.18146061e+03	3.44765218e-07	1.18146061e+02	3.44765218e-08	1.13993620e+08	1.65829763e-10
3.21044500e+01	2.69924335e+01	-2.27488321e+05	-8.85424232e+03	1.00000000e-09	1.13335455e-06	1.00000000e-10	1.13335455e-07	-1.09255605e-01	1.45977676e-10
3.22552544e+01	2.71192252e+01	-2.24929480e+05	-8.75464774e+03	1.00000000e-09	5.77742010e-07	1.00000000e-10	5.77742010e-08	-5.56471444e-02	1.28594238e-10
3.24052092e+01	2.72453026e+01	-2.22415844e+05	-8.65681267e+03	9.53782525e+02	1.00000000e-09	9.53782525e+01	1.00000000e-10	9.20260237e+07	1.13361817e-10
3.25543168e+01	2.73706677e+01	-2.19916411e+05	-8.55953034e+03	2.15191837e+03	1.00000000e-09	2.15191837e+02	1.00000000e-10	2.07628559e+08	1.00004936e-10
3.27025796e+01	2.74953225e+01	-2.17431138e+05	-8.46279919e+03	1.00000000e-09	1.00000000e-09	1.00000000e-10	1.00000000e-10	0.00000000e+00	8.82845168e-11
3.28500000e+01	2.76192690e+01	-2.14975760e+05	-8.36723160e+03	1.00000000e-09	3.36631961e-07	1.00000000e-10	3.36631961e-08	-3.23835613e-02	7.79929321e-11
3.29965804e+01	2.77425093e+01	-2.12570038e+05	-8.27359670e+03	1.00000000e-09	7.82366385e-07	1.00000000e-10	7.82366385e-08	-7.53903952e-02	6.89497459e-11
3.31423232e+01	2.78650454e+01	-2.10178063e+05	-8.18049686e+03	2.33563455e+03	1.01079162e-06	2.33563455e+02	1.01079162e-07	2.25354475e+08	6.09980477e-11
3.32872308e+01	2.79868792e+01	-2.07799795e+05	-8.08793054e+03	1.04508612e+03	1.01453048e-06	1.04508612e+02	1.01453048e-07	1.00835481e+08	5.40012939e-11
3.34313056e+01	2.81080129e+01	-2.05435755e+05	-7.99591795e+03	1.00000000e-09	8.38006965e-07	1.00000000e-10	8.38006965e-08	-8.07588950e-02	4.78405856e-11
3.35745500e+01	2.82284484e+01	-2.03119263e+05	-7.90575605e+03	1.00000000e-09	4.29410340e-07	1.00000000e-10	4.29410340e-08	-4.13353140e-02	4.24123192e-11
3.37169664e+01	2.83481877e+01	-2.00821053e+05	-7.81630573e+03	1.60599665e+03	1.92005315e-08	1.60599665e+02	1.92005315e-09	1.54955120e+08	3.76261595e-11
3.38585572e+01	2.84672329e+01	-1.98536167e+05	-7.72737396e+03	2.31858247e+03	1.00000000e-09	2.31858247e+02	1.00000000e-10	2.23709200e+08	3.34032885e-11
3.39993248e+01	2.85855860e+01	-1.96264565e+05	-7.63895924e+03	1.00000000e-09	1.00000000e-09	1.00000000e-10	1.00000000e-10	0.00000000e+00	2.96748916e-11
3.41392716e+01	2.87032489e+01	-1.94033090e+05	-7.55210635e+03	1.00000000e-09	2.60784750e-08	1.00000000e-10	2.60784750e-09	-2.41970499e-03	2.63808489e-11
3.42784000e+01	2.88202238e+01	-1.91829985e+05	-7.46635764e+03	2.31669944e+02	1.43589451e-07	2.31669944e+01	1.43589451e-08	2.23527515e+07	2.34686021e-11
3.44167124e+01	2.89365126e+01	-1.89639801e+05	-7.38111187e+03	2.98483977e+03	6.73387589e-08	2.98483977e+02	6.73387589e-09	2.87993257e+08	2.08921740e-11
3.45542112e+01	2.90521174e+01	-1.87462500e+05	-7.29636753e+03	4.36198871e+02	1.00000000e-09	4.36198871e+01	1.00000000e-10	4.20867930e+07	1.86113178e-11
3.46908988e+01	2.91670401e+01	-1.85314736e+05	-7.21277279e+03	1.00000000e-09	1.00000000e-09	1.00000000e-10	1.00000000e-10	0.00000000e+00	1.65907805e-11
3.48267776e+01	2.92812828e+01	-1.83200481e+05	-7.13048229e+03	1.00000000e-09	1.00000000e-09	1.00000000e-10	1.00000000e-10	0.00000000e+00	1.47996634e-11
3.49618500e+01	2.93948475e+01	-1.81098773e+05	-7.04868017e+03	2.81175014e+03	4.39447805e-08	2.81175014e+02	4.39447805e-09	2.71292646e+08	1.32108666e-11
3.50961184e+01	2.95077363e+01	-1.79009575e+05	-6.96736495e+03	2.04846874e+03	6.65867690e-08	2.04846874e+02	6.65867690e-09	1.97647187e+08	1.18006071e-11
3.52295852e+01	2.96199510e+01	-1.76938621e+05	-6.88675981e+03	1.00000000e-09	2.01626147e-08	1.00000000e-10	2.01626147e-09	-1.84891124e-03	1.05479993e-11
3.53622528e+01	2.97314939e+01	-1.74901246e+05	-6.80746159e+03	1.00000000e-09	1.00000000e-09	1.00000000e-10	1.00000000e-10	0.00000000e+00	9.43469045e-12
3.54941236e+01	2.98423668e+01	-1.72876106e+05	-6.72863964e+03	1.80084586e+03	1.00000000e-09	1.80084586e+02	1.00000000e-10	1.73755211e+08	8.44454321e-12
3.56252000e+01	2.99525718e+01	-1.70863167e+05	-6.65029252e+03	3.30413566e+03	1.00000000e-09	3.30413566e+02	1.00000000e-10	3.18800627e+08	7.56335940e-12
3.57554844e+01	3.00621109e+01	-1.68862390e+05	-6.57241879e+03	1.00000000e-09	2.87925167e-08	1.00000000e-10	2.87925167e-09	-2.68157021e-03	6.77863898e-12
3.58849792e+01	3.01709861e+01	-1.66891017e+05	-6.49568951e+03	1.00000000e-09	3.80592800e-08	1.00000000e-10	3.80592800e-09	-3.57567694e-03	6.07937016e-12
3.60136868e+01	3.02791995e+01	-1.64938904e+05	-6.41970988e+03	1.42159853e+02	1.29818823e-08	1.42159853e+01	1.29818823e-09	1.37163406e+07	5.45584609e-12
3.61416096e+01	3.03867531e+01	-1.62998694e+05	-6.34419354e+03	3.84837721e+03	1.00000000e-09	3.84837721e+02	1.00000000e-10	3.71311953e+08	4.89950489e-12
3.62687500e+01	3.04936488e+01	-1.61070351e+05	-6.26913907e+03	6.89225642e+02	1.00000000e-09	6.89225642e+01	1.00000000e-10	6.65001650e+07	4.40278996e-12
3.63951104e+01	3.05998888e+01	-1.59164410e+05	-6.19495650e+03	1.00000000e-09	1.00000000e-09	1.00000000e-10	1.00000000e-10	0.00000000e+00	3.95902778e-12
3.65206932e+01	3.07054749e+01	-1.57282359e+05	-6.12170380e+03	1.00000000e-09	3.86677414e-09	1.00000000e-10	3.86677414e-10	-2.76601655e-04	3.56232112e-12
3.66455008e+01	3.08104093e+01	-1.55411926e+05	-6.04890328e+03	3.50996614e+03	1.99855537e-08	3.50996614e+02	1.99855537e-09	3.38660249e+08	3.20745550e-12
3.67695356e+01	3.09146939e+01	-1.53553074e+05	-5.97655353e+03	2.46267192e+03	2.01337229e-08	2.46267192e+02	2.01337229e-09	2.37611718e+08	2.88981735e-12
3.68928000e+01	3.10183309e+01	-1.51708537e+05	-5.90476093e+03	1.00000000e-09	1.07128797e-08	1.00000000e-10	1.07128797e-09	-9.37150421e-04	2.60532229e-12
3.70152964e+01	3.11213221e+01	-1.49888780e+05	-5.83393280e+03	1.00000000e-09	1.00000000e-09	1.00000000e-10	1.00000000e-10	0.00000000e+00	2.35035219e-12
3.71370272e+01	3.12236696e+01	-1.48080396e+05	-5.76354734e+03	2.33113578e+03	1.00000000e-09	2.33113578e+02	1.00000000e-10	2.24920410e+08	2.12170004e-12
3.72579948e+01	3.13253754e+01	-1.46283350e+05	-5.69360318e+03	3.82145397e+03	1.00000000e-09	3.82145397e+02	1.00000000e-10	3.68714255e+08	1.91652153e-12
3.73782016e+01	3.14264416e+01	-1.44497606e+05	-5.62409891e+03	1.00000000e-09	1.00000000e-09	1.00000000e-10	1.00000000e-10	0.00000000e+00	1.73229247e-12
3.74976500e+01	3.15268701e+01	-1.42734174e+05	-5.55546305e+03	1.00000000e-09	1.00000000e-09	1.00000000e-10	1.00000000e-10	0.00000000e+00	1.56677148e-12
3.76163424e+01	3.16266630e+01	-1.40988493e+05	-5.48751811e+03	5.29872988e+02	1.00000000e-09	5.29872988e+01	1.00000000e-10	5.11249712e+07	1.41796707e-12
3.77342812e+01	3.17258224e+01	-1.39253896e+05	-5.42000457e+03	4.45204916e+03	1.00000000e-09	4.45204916e+02	1.00000000e-10	4.29557442e+08	1.28410874e-12
3.78514688e+01	3.18243501e+01	-1.37530347e+05	-5.35292105e+03	3.84444760e+02	1.00000000e-09	3.84444760e+01	1.00000000e-10	3.70932804e+07	1.16362154e-12
3.79679076e+01	3.19222482e+01	-1.35824140e+05	-5.28651248e+03	1.00000000e-09	1.00000000e-09	1.00000000e-10	1.00000000e-10	0.00000000e+00	1.05510364e-12
3.80836000e+01	3.20195189e+01	-1.34139849e+05	-5.22095693e+03	1.00000000e-09	1.00000000e-09	1.00000000e-10	1.00000000e-10	0.00000000e+00	9.57306558e-13
3.81985484e+01	3.21161639e+01	-1.32466389e+05	-5.15582296e+03	4.19110164e+03	1.00000000e-09	4.19110164e+02	1.00000000e-10	4.04379834e+08	8.69117731e-13
3.83127552e+01	3.22121855e+01	-1.30803726e+05	-5.09110920e+03	2.33951726e+03	1.37160608e-09	2.33951726e+02	1.37160608e-10	2.25729100e+08	7.89545160e-13
3.84262228e+01	3.23075856e+01	-1.29152115e+05	-5.02682562e+03	1.00000000e-09	1.00000000e-09	1.00000000e-10	1.00000000e-10	0.00000000e+00	7.17703812e-13
3.85389536e+01	3.24023661e+01	-1.27523902e+05	-4.96345273e+03	1.00000000e-09	1.00000000e-09	1.00000000e-10	1.00000000e-10	0.00000000e+00	6.52803640e-13
3.86509500e+01	3.24965293e+01	-1.25908429e+05	-4.90057568e+03	3.02828874e+03	1.00000000e-09	3.02828874e+02	1.00000000e-10	2.92185444e+08	5.94138973e-13
3.87622144e+01	3.25900770e+01	-1.24303514e+05	-4.83810960e+03	3.92984807e+03	1.00000000e-09	3.92984807e+02	1.00000000e-10	3.79172696e+08	5.41079149e-13
3.88727492e+01	3.26830112e+01	-1.22709123e+05	-4.77605312e+03	1.00000000e-09	1.00000000e-09	1.00000000e-10	1.00000000e-10	0.00000000e+00	4.93060217e-13
3.89825568e+01	3.27753341e+01	-1.21136922e+05	-4.71486033e+03	1.00000000e-09	1.00000000e-09	1.00000000e-10	1.00000000e-10	0.00000000e+00	4.49577593e-13
3.90916396e+01	3.28670475e+01	-1.19583019e+05	-4.65437971e+03	1.20832688e+03	1.00000000e-09	1.20832688e+02	1.00000000e-10	1.16585821e+08	4.10179554e-13
3.92000000e+01	3.29581536e+01	-1.18039407e+05	-4.59429963e+03	4.85181819e+03	1.00000000e-09	4.85181819e+02	1.00000000e-10	4.68129289e+08	3.74461468e-13
3.93076404e+01	3.30486544e+01	-1.16506051e+05	-4.53461874e+03	1.00000000e-09	1.00000000e-09	1.00000000e-10	1.00000000e-10	0.00000000e+00	3.42060689e-13
3.94145632e+01	3.31385518e+01	-1.14991420e+05	-4.47566668e+03	1.00000000e-09	1.00000000e-09	1.00000000e-10	1.00000000e-10	0.00000000e+00	3.12652007e-13
3.95207708e+01	3.32278478e+01	-1.13499362e+05	-4.41759317e+03	1.00000000e-09	1.00000000e-09	1.00000000e-10	1.00000000e-10	0.00000000e+00	2.85943630e-13
3.96262656e+01	3.33165446e+01	-1.12017317e+05	-4.35990941e+03	4.90281877e+03	1.00000000e-09	4.90281877e+02	1.00000000e-10	4.73050097e+08	2.61673596e-13
3.97310500e+01	3.34046441e+01	-1.10545253e+05	-4.30261409e+03	1.90503239e+03	1.00000000e-09	1.90503239e+02	1.00000000e-10	1.83807683e+08	2.39606600e-13
3.98351264e+01	3.34921483e+01	-1.09086928e+05	-4.24585355e+03	1.00000000e-09	1.00000000e-09	1.00000000e-10	1.00000000e-10	0.00000000e+00	2.19531159e-13
3.99384972e+01	3.35790593e+01	-1.07653625e+05	-4.19006690e+03	1.00000000e-09	1.00000000e-09	1.00000000e-10	1.00000000e-10	0.00000000e+00	2.01257099e-13
4.00411648e+01	3.36653791e+01	-1.06230073e+05	-4.13465975e+03	4.03019887e+03	1.00000000e-09	4.03019887e+02	1.00000000e-10	3.88855076e+08	1.84613312e-13
4.01431316e+01	3.37511096e+01	-1.04816237e+05	-4.07963081e+03	3.87678109e+03	1.00000000e-09	3.87678109e+02	1.00000000e-10	3.74052511e+08	1.69445762e-13
4.02444000e+01	3.38362530e+01	-1.03412086e+05	-4.02497877e+03	1.00000000e-09	1.00000000e-09	1.00000000e-10	1.00000000e-10	0.00000000e+00	1.55615704e-13
4.03449724e+01	3.39208112e+01	-1.02033376e+05	-3.97131700e+03	1.00000000e-09	1.00000000e-09	1.00000000e-10	1.00000000e-10	0.00000000e+00	1.42998101e-13
4.04448512e+01	3.40047862e+01	-1.00668347e+05	-3.91818769e+03	2.30635271e+03	1.00000000e-09	2.30635271e+02	1.00000000e-10	2.22529207e+08	1.31480208e-13
4.05440388e+01	3.40881801e+01	-9.93127645e+04	-3.86542605e+03	5.30102561e+03	1.00000000e-09	5.30102561e+02	1.00000000e-10	5.11471216e+08	1.20960307e-13
4.06425376e+01	3.41709948e+01	-9.79665957e+04	-3.81303081e+03	1.00000000e-09	1.00000000e-09	1.00000000e-10	1.00000000e-10	0.00000000e+00	1.11346581e-13
4.07403500e+01	3.42532325e+01	-9.66443181e+04	-3.76156546e+03	1.00000000e-09	1.00000000e-09	1.00000000e-10	1.00000000e-10	0.00000000e+00	1.02556107e-13
4.08374784e+01	3.43348951e+01	-9.53404436e+04	-3.71081639e+03	2.82741825e+01	1.00000000e-09	2.82741825e+00	1.00000000e-10	2.72804389e+06	9.45139521e-14
4.09339252e+01	3.44159846e+01	-9.40457191e+04	-3.66042345e+03	5.92140884e+03	1.00000000e-09	5.92140884e+02	1.00000000e-10	5.71329098e+08	8.71523698e-14
4.10296928e+01	3.44965030e+01	-9.27601123e+04	-3.61038539e+03	1.06090448e+03	1.00000000e-09	1.06090448e+02	1.00000000e-10	1.02361721e+08	8.04100777e-14
4.11247836e+01	3.45764524e+01	-9.14952427e+04	-3.56115446e+03	1.00000000e-09	1.00000000e-09	1.00000000e-10	1.00000000e-10	0.00000000e+00	7.42316118e-14
4.12192000e+01	3.46558348e+01	-9.02523589e+04	-3.51277925e+03	1.00000000e-09	1.00000000e-09	1.00000000e-10	1.00000000e-10	0.00000000e+00	6.85667478e-14
4.13129444e+01	3.47346522e+01	-8.90183213e+04	-3.46474836e+03	5.58464104e+03	1.00000000e-09	5.58464104e+02	1.00000000e-10	5.38835946e+08	6.33699823e-14
4.14060192e+01	3.48129067e+01	-8.77930981e+04	-3.41706053e+03	3.50363984e+03	1.00000000e-09	3.50363984e+02	1.00000000e-10	3.38049854e+08	5.86000680e-14
4.14984268e+01	3.48906001e+01	-8.65843806e+04	-3.37001514e+03	1.00000000e-09	1.00000000e-09	1.00000000e-10	1.00000000e-10	0.00000000e+00	5.42195959e-14
4.15901696e+01	3.49677347e+01	-8.53998968e+04	-3.32391296e+03	1.00000000e-09	1.00000000e-09	1.00000000e-10	1.00000000e-10	0.00000000e+00	5.01946209e-14
4.16812500e+01	3.50443123e+01	-8.42239652e+04	-3.27814365e+03	4.27755673e+03	1.00000000e-09	4.27755673e+02	1.00000000e-10	4.12721482e+08	4.64943254e-14
4.17716704e+01	3.51203349e+01	-8.30565547e+04	-3.23270600e+03	5.63921763e+03	1.00000000e-09	5.63921763e+02	1.00000000e-10	5.44101786e+08	4.30907166e-14
4.18614332e+01	3.51958047e+01	-8.19008920e+04	-3.18772559e+03	1.00000000e-09	1.00000000e-09	1.00000000e-10	1.00000000e-10	0.00000000e+00	3.99583548e-14
4.19505408e+01	3.52707237e+01	-8.07702721e+04	-3.14371989e+03	1.00000000e-09	1.00000000e-09	1.00000000e-10	1.00000000e-10	0.00000000e+00	3.70741089e-14
4.20389956e+01	3.53450937e+01	-7.96479350e+04	-3.10003658e+03	2.14287586e+03	1.00000000e-09	2.14287586e+02	1.00000000e-10	2.06756089e+08	3.44169364e-14
4.21268000e+01	3.54189170e+01	-7.85338504e+04	-3.05667446e+03	7.12771712e+03	1.00000000e-09	7.12771712e+02	1.00000000e-10	6.87720154e+08	3.19676848e-14
4.22139564e+01	3.54921954e+01	-7.74279877e+04	-3.01363236e+03	1.00000000e-09	1.00000000e-09	1.00000000e-10	1.00000000e-10	0.00000000e+00	2.97089136e-14
4.23004672e+01	3.55649310e+01	-7.63466012e+04	-2.97154291e+03	1.00000000e-09	1.00000000e-09	1.00000000e-10	1.00000000e-10	0.00000000e+00	2.76247333e-14
4.23863348e+01	3.56371259e+01	-7.52761867e+04	-2.92988051e+03	1.00000000e-09	1.00000000e-09	1.00000000e-10	1.00000000e-10	0.00000000e+00	2.57006599e-14
4.24715616e+01	3.57087819e+01	-7.42137603e+04	-2.88852902e+03	7.71532058e+03	1.00000000e-09	7.71532058e+02	1.00000000e-10	7.44415269e+08	2.39234847e-14
4.25561500e+01	3.57799013e+01	-7.31592922e+04	-2.84748728e+03	1.93379487e+03	1.00000000e-09	1.93379487e+02	1.00000000e-10	1.86582840e+08	2.22811555e-14
4.26401024e+01	3.58504858e+01	-7.21275199e+04	-2.80732890e+03	1.00000000e-09	1.00000000e-09	1.00000000e-10	1.00000000e-10	0.00000000e+00	2.07626704e-14
4.27234212e+01	3.59205377e+01	-7.11103090e+04	-2.76773728e+03	1.00000000e-09	1.00000000e-09	1.00000000e-10	1.00000000e-10	0.00000000e+00	1.93579812e-14
4.28061088e+01	3.59900589e+01	-7.01008042e+04	-2.72844559e+03	7.27449807e+03	1.00000000e-09	7.27449807e+02	1.00000000e-10	7.01882362e+08	1.80579063e-14
4.28881676e+01	3.60590514e+01	-6.90989762e+04	-2.68945270e+03	4.78484067e+03	1.00000000e-09	4.78484067e+02	1.00000000e-10	4.61666941e+08	1.68540519e-14
4.29696000e+01	3.61275173e+01	-6.81171385e+04	-2.65123786e+03	1.00000000e-09	1.00000000e-09	1.00000000e-10	1.00000000e-10	0.00000000e+00	1.57387408e-14
4.30504084e+01	3.61954585e+01	-6.71526027e+04	-2.61369645e+03	1.00000000e-09	1.00000000e-09	1.00000000e-10	1.00000000e-10	0.00000000e+00	1.47049478e-14
4.31305952e+01	3.62628771e+01	-6.61954864e+04	-2.57644381e+03	5.79254648e+03	1.00000000e-09	5.79254648e+02	1.00000000e-10	5.58895771e+08	1.37462413e-14
4.32101628e+01	3.63297751e+01	-6.52457609e+04	-2.53947884e+03	7.31888366e+03	1.00000000e-09	7.31888366e+02	1.00000000e-10	7.06164920e+08	1.28567304e-14
4.32891136e+01	3.63961545e+01	-6.43127350e+04	-2.50316384e+03	1.00000000e-09	1.00000000e-09	1.00000000e-10	1.00000000e-10	0.00000000e+00	1.20310167e-14
4.33674500e+01	3.64620173e+01	-6.33987790e+04	-2.46759108e+03	1.00000000e-09	1.00000000e-09	1.00000000e-10	1.00000000e-10	0.00000000e+00	1.12641510e-14
4.34451744e+01	3.65273656e+01	-6.24919632e+04	-2.43229623e+03	3.39081100e+03	1.00000000e-09	3.39081100e+02	1.00000000e-10	3.27163525e+08	1.05515938e-14
4.35222892e+01	3.65922014e+01	-6.15922597e+04	-2.39727820e+03	9.20095990e+03	1.00000000e-09	9.20095990e+02	1.00000000e-10	8.87757671e+08	9.88917940e-15
4.35987968e+01	3.66565266e+01	-6.07057179e+04	-2.36277244e+03	1.00000000e-09	1.00000000e-09	1.00000000e-10	1.00000000e-10	0.00000000e+00	9.27308329e-15
4.36746996e+01	3.67203433e+01	-5.98390322e+04	-2.32903952e+03	1.00000000e-09	1.00000000e-09	1.00000000e-10	1.00000000e-10	0.00000000e+00	8.69979268e-15
4.37500000e+01	3.67836536e+01	-5.89792250e+04	-2.29557433e+03	3.21722175e+02	1.00000000e-09	3.21722175e+01	1.00000000e-10	3.10414709e+07	8.16607957e-15
4.38247004e+01	3.68464594e+01	-5.81262688e+04	-2.26237578e+03	1.01610435e+04	1.00000000e-09	1.01610435e+03	1.00000000e-10	9.80391660e+08	7.66897630e-15
4.38988032e+01	3.69087627e+01	-5.72829907e+04	-2.22955393e+03	1.28825396e+03	1.00000000e-09	1.28825396e+02	1.00000000e-10	1.24297611e+08	7.20575336e-15
4.39723108e+01	3.69705657e+01	-5.64594564e+04	-2.19750054e+03	1.00000000e-09	1.00000000e-09	1.00000000e-10	1.00000000e-10	0.00000000e+00	6.77389909e-15
4.40452256e+01	3.70318702e+01	-5.56425635e+04	-2.16570564e+03	1.00000000e-09	1.00000000e-09	1.00000000e-10	1.00000000e-10	0.00000000e+00	6.37110126e-15
4.41175500e+01	3.70926783e+01	-5.48322851e+04	-2.13416819e+03	1.00391505e+04	1.00000000e-09	1.00391505e+03	1.00000000e-10	9.68630767e+08	5.99523033e-15
4.41892864e+01	3.71529921e+01	-5.40285943e+04	-2.10288714e+03	4.71764030e+03	1.00000000e-09	4.71764030e+02	1.00000000e-10	4.55183091e+08	5.64432407e-15
4.42604372e+01	3.72128135e+01	-5.32437840e+04	-2.07234096e+03	1.00000000e-09	1.00000000e-09	1.00000000e-10	1.00000000e-10	0.00000000e+00	5.31657366e-15
4.43310048e+01	3.72721445e+01	-5.24664960e+04	-2.04208755e+03	1.00000000e-09	1.00000000e-09	1.00000000e-10	1.00000000e-10	0.00000000e+00	5.01031096e-15
4.44009916e+01	3.73309873e+01	-5.16956054e+04	-2.01208315e+03	8.80784755e+03	1.00000000e-09	8.80784755e+02	1.00000000e-10	8.49828096e+08	4.72399686e-15
4.44704000e+01	3.73893437e+01	-5.09310858e+04	-1.98232671e+03	7.82482265e+03	1.00000000e-09	7.82482265e+02	1.00000000e-10	7.54980612e+08	4.45621070e-15
4.45392324e+01	3.74472159e+01	-5.01839596e+04	-1.95324725e+03	1.00000000e-09	1.00000000e-09	1.00000000e-10	1.00000000e-10	0.00000000e+00	4.20564060e-15
4.46074912e+01	3.75046058e+01	-4.94464362e+04	-1.92454156e+03	1.00000000e-09	1.00000000e-09	1.00000000e-10	1.00000000e-10	0.00000000e+00	3.97107455e-15
4.46751788e+01	3.75615155e+01	-4.87150846e+04	-1.89607607e+03	6.57204298e+03	1.00000000e-09	6.57204298e+02	1.00000000e-10	6.34105749e+08	3.75139239e-15
4.47422976e+01	3.76179469e+01	-4.79898787e+04	-1.86784980e+03	1.03599174e+04	1.00000000e-09	1.03599174e+03	1.00000000e-10	9.99580067e+08	3.54555835e-15
4.48088500e+01	3.76739021e+01	-4.72801688e+04	-1.84022665e+03	1.00000000e-09	1.00000000e-09	1.00000000e-10	1.00000000e-10	0.00000000e+00	3.35261434e-15
4.48748384e+01	3.77293831e+01	-4.65815789e+04	-1.81303631e+03	1.00000000e-09	1.00000000e-09	1.00000000e-10	1.00000000e-10	0.00000000e+00	3.17167369e-15
4.49402652e+01	3.77843919e+01	-4.58889345e+04	-1.78607738e+03	3.52974055e+03	1.00000000e-09	3.52974055e+02	1.00000000e-10	3.40568189e+08	3.00191551e-15
4.50051328e+01	3.78389306e+01	-4.52022100e+04	-1.75934887e+03	1.20632513e+04	1.00000000e-09	1.20632513e+03	1.00000000e-10	1.16392681e+09	2.84257947e-15
4.50694436e+01	3.78930012e+01	-4.45288891e+04	-1.73314204e+03	1.00000000e-09	1.00000000e-09	1.00000000e-10	1.00000000e-10	0.00000000e+00	2.69296109e-15
4.51332000e+01	3.79466056e+01	-4.38676438e+04	-1.70740522e+03	1.00000000e-09	1.00000000e-09	1.00000000e-10	1.00000000e-10	0.00000000e+00	2.55240728e-15
4.51964044e+01	3.79997459e+01	-4.32121236e+04	-1.68189123e+03	1.00000000e-09	1.00000000e-09	1.00000000e-10	1.00000000e-10	0.00000000e+00	2.42031242e-15
4.52590592e+01	3.80524241e+01	-4.25623035e+04	-1.65659910e+03	1.27536220e+04	1.00000000e-09	1.27536220e+03	1.00000000e-10	1.23053745e+09	2.29611463e-15
4.53211668e+01	3.81046423e+01	-4.19237596e+04	-1.63174586e+03	1.77409334e+03	1.00000000e-09	1.77409334e+02	1.00000000e-10	1.71173985e+08	2.17929241e-15
4.53827296e+01	3.81564024e+01	-4.12977283e+04	-1.60737963e+03	1.00000000e-09	1.00000000e-09	1.00000000e-10	1.00000000e-10	0.00000000e+00	2.06936156e-15
4.54437500e+01	3.82077065e+01	-4.06772128e+04	-1.58322808e+03	1.00000000e-09	1.00000000e-09	1.00000000e-10	1.00000000e-10	0.00000000e+00	1.96587229e-15
4.55042304e+01	3.82585565e+01	-4.00621885e+04	-1.55929026e+03	1.23499829e+04	1.00000000e-09	1.23499829e+03	1.00000000e-10	1.19159221e+09	1.86840664e-15
4.55641732e+01	3.83089546e+01	-3.94564066e+04	-1.53571218e+03	5.51402775e+03	1.00000000e-09	5.51402775e+02	1.00000000e-10	5.32022799e+08	1.77657604e-15
4.56235808e+01	3.83589027e+01	-3.88631266e+04	-1.51262068e+03	1.00000000e-09	1.00000000e-09	1.00000000e-10	1.00000000e-10	0.00000000e+00	1.69001915e-15
4.56824556e+01	3.84084028e+01	-3.82751674e+04	-1.48973629e+03	1.00000000e-09	1.00000000e-09	1.00000000e-10	1.00000000e-10	0.00000000e+00	1.60839975e-15
4.57408000e+01	3.84574570e+01	-3.76925051e+04	-1.46705805e+03	1.08828531e+04	1.00000000e-09	1.08828531e+03	1.00000000e-10	1.05003570e+09	1.53140492e-15
4.57986164e+01	3.85060672e+01	-3.71172388e+04	-1.44466769e+03	8.89306681e+03	1.00000000e-09	8.89306681e+02	1.00000000e-10	8.58050505e+08	1.45874330e-15
4.58559072e+01	3.85542356e+01	-3.65541024e+04	-1.42274943e+03	1.00000000e-09	1.00000000e-09	1.00000000e-10	1.00000000e-10	0.00000000e+00	1.39014349e-15
4.59126748e+01	3.86019640e+01	-3.59961088e+04	-1.40103135e+03	1.00000000e-09	1.00000000e-09	1.00000000e-10	1.00000000e-10	0.00000000e+00	1.32535258e-15
4.59689216e+01	3.86492546e+01	-3.54432343e+04	-1.37951251e+03	8.49081246e+03	1.00000000e-09	8.49081246e+02	1.00000000e-10	8.19238860e+08	1.26413481e-15
4.60246500e+01	3.86961093e+01	-3.48961573e+04	-1.35821932e+03	1.16086445e+04	1.00000000e-09	1.16086445e+03	1.00000000e-10	1.12006392e+09	1.20627032e-15
4.60798624e+01	3.87425302e+01	-3.43605689e+04	-1.33737328e+03	1.00000000e-09	1.00000000e-09	1.00000000e-10	1.00000000e-10	0.00000000e+00	1.15155400e-15
4.61345612e+01	3.87885193e+01	-3.38299627e+04	-1.31672116e+03	1.00000000e-09	1.00000000e-09	1.00000000e-10	1.00000000e-10	0.00000000e+00	1.09979441e-15
4.61887488e+01	3.88340785e+01	-3.33043154e+04	-1.29626205e+03	5.40082702e+03	1.00000000e-09	5.40082702e+02	1.00000000e-10	5.21100588e+08	1.05081284e-15
4.62424276e+01	3.88792100e+01	-3.27836037e+04	-1.27599505e+03	1.34319721e+04	1.00000000e-09	1.34319721e+03	1.00000000e-10	1.29598828e+09	1.00444235e-15
4.62956000e+01	3.89239157e+01	-3.22735548e+04	-1.25614305e+03	1.00000000e-09	1.00000000e-09	1.00000000e-10	1.00000000e-10	0.00000000e+00	9.60526985e-16
4.63482684e+01	3.89681977e+01	-3.17691605e+04	-1.23651115e+03	1.00000000e-09	1.00000000e-09	1.00000000e-10	1.00000000e-10	0.00000000e+00	9.18920955e-16
4.64004352e+01	3.90120579e+01	-3.12695699e+04	-1.21706621e+03	1.88315986e+03	1.00000000e-09	1.88315986e+02	1.00000000e-10	1.81697305e+08	8.79487953e-16
4.64521028e+01	3.90554985e+01	-3.07747601e+04	-1.19780735e+03	1.43099288e+04	1.00000000e-09	1.43099288e+03	1.00000000e-10	1.38069823e+09	8.42100477e-16
4.65032736e+01	3.90985213e+01	-3.02896706e+04	-1.17892682e+03	1.00000000e-09	1.00000000e-09	1.00000000e-10	1.00000000e-10	0.00000000e+00	8.06639220e-16
4.65539500e+01	3.91411285e+01	-2.98108572e+04	-1.16029057e+03	1.00000000e-09	1.00000000e-09	1.00000000e-10	1.00000000e-10	0.00000000e+00	7.72992501e-16
4.66041344e+01	3.91833220e+01	-2.93366924e+04	-1.14183525e+03	1.00000000e-09	1.00000000e-09	1.00000000e-10	1.00000000e-10	0.00000000e+00	7.41055742e-16
4.66538292e+01	3.92251038e+01	-2.88671536e+04	-1.12355998e+03	1.42359238e+04	1.00000000e-09	1.42359238e+03	1.00000000e-10	1.37355784e+09	7.10730980e-16
4.67030368e+01	3.92664761e+01	-2.84063463e+04	-1.10562455e+03	3.48183673e+03	1.00000000e-09	3.48183673e+02	1.00000000e-10	3.35946174e+08	6.81926414e-16
4.67517596e+01	3.93074407e+01	-2.79521948e+04	-1.08794819e+03	1.00000000e-09	1.00000000e-09	1.00000000e-10	1.00000000e-10	0.00000000e+00	6.54555987e-16
4.68000000e+01	3.93479997e+01	-2.75025398e+04	-1.07044683e+03	1.00000000e-09	1.00000000e-09	1.00000000e-10	1.00000000e-10	0.00000000e+00	6.28539001e-16
4.68477604e+01	3.93881552e+01	-2.70573590e+04	-1.05311961e+03	1.32565550e+04	1.00000000e-09	1.32565550e+03	1.00000000e-10	1.27906311e+09	6.03799751e-16
4.68950432e+01	3.94279091e+01	-2.66199325e+04	-1.03609421e+03	6.92423564e+03	1.00000000e-09	6.92423564e+02	1.00000000e-10	6.68087175e+08	5.80267197e-16
4.69418508e+01	3.94672635e+01	-2.61893308e+04	-1.01933444e+03	1.00000000e-09	1.00000000e-09	1.00000000e-10	1.00000000e-10	0.00000000e+00	5.57874648e-16
4.69881856e+01	3.95062204e+01	-2.57630785e+04	-1.00274396e+03	1.00000000e-09	1.00000000e-09	1.00000000e-10	1.00000000e-10	0.00000000e+00	5.36559478e-16
4.70340500e+01	3.95447818e+01	-2.53411537e+04	-9.86321909e+02	1.14789339e+04	1.00000000e-09	1.14789339e+03	1.00000000e-10	1.10754875e+09	5.16262854e-16
4.70794464e+01	3.95829497e+01	-2.49260605e+04	-9.70165759e+02	9.91229358e+03	1.00000000e-09	9.91229358e+02	1.00000000e-10	9.56390938e+08	4.96929491e-16
4.71243772e+01	3.96207261e+01	-2.45177870e+04	-9.54275042e+02	1.00000000e-09	1.00000000e-09	1.00000000e-10	1.00000000e-10	0.00000000e+00	4.78507418e-16
4.71688448e+01	3.96581131e+01	-2.41137225e+04	-9.38548145e+02	1.00000000e-09	1.00000000e-09	1.00000000e-10	1.00000000e-10	0.00000000e+00	4.60947762e-16
4.72128516e+01	3.96951126e+01	-2.37138451e+04	-9.22984220e+02	9.05751155e+03	1.00000000e-09	9.05751155e+02	1.00000000e-10	8.73917010e+08	4.44204552e-16
4.72564000e+01	3.97317268e+01	-2.33199603e+04	-9.07653537e+02	1.22818602e+04	1.00000000e-09	1.22818602e+03	1.00000000e-10	1.18501936e+09	4.28234527e-16
4.72994924e+01	3.97679576e+01	-2.29327538e+04	-8.92582783e+02	1.00000000e-09	1.00000000e-09	1.00000000e-10	1.00000000e-10	0.00000000e+00	4.12996964e-16
4.73421312e+01	3.98038070e+01	-2.25496231e+04	-8.77670667e+02	1.00000000e-09	1.00000000e-09	1.00000000e-10	1.00000000e-10	0.00000000e+00	3.98453519e-16
4.73843188e+01	3.98392770e+01	-2.21705466e+04	-8.62916350e+02	6.17736773e+03	1.00000000e-09	6.17736773e+02	1.00000000e-10	5.96025377e+08	3.84568073e-16
4.74260576e+01	3.98743697e+01	-2.17967241e+04	-8.48366526e+02	1.39301859e+04	1.00000000e-09	1.39301859e+03	1.00000000e-10	1.34405861e+09	3.71306593e-16
4.74673500e+01	3.99090871e+01	-2.14293383e+04	-8.34067230e+02	1.00000000e-09	1.00000000e-09	1.00000000e-10	1.00000000e-10	0.00000000e+00	3.58637001e-16
4.75081984e+01	3.99434311e+01	-2.10659029e+04	-8.19921689e+02	1.00000000e-09	1.00000000e-09	1.00000000e-10	1.00000000e-10	0.00000000e+00	3.46529052e-16
4.75486052e+01	3.99774039e+01	-2.07063964e+04	-8.05929071e+02	3.03590546e+03	1.00000000e-09	3.03590546e+02	1.00000000e-10	2.92920346e+08	3.34954220e-16
4.75885728e+01	4.00110075e+01	-2.03515126e+04	-7.92116372e+02	1.48171213e+04	1.00000000e-09	1.48171213e+03	1.00000000e-10	1.42963487e+09	3.23885590e-16
4.76281036e+01	4.00442437e+01	-2.00027565e+04	-7.78542176e+02	1.00000000e-09	1.00000000e-09	1.00000000e-10	1.00000000e-10	0.00000000e+00	3.13297763e-16
4.76672000e+01	4.00771148e+01	-1.96578328e+04	-7.65117146e+02	1.00000000e-09	1.00000000e-09	1.00000000e-10	1.00000000e-10	0.00000000e+00	3.03166757e-16
4.77058644e+01	4.01096226e+01	-1.93167204e+04	-7.51840457e+02	1.00000000e-09	1.00000000e-09	1.00000000e-10	1.00000000e-10	0.00000000e+00	2.93469927e-16
4.77440992e+01	4.01417693e+01	-1.89797055e+04	-7.38723247e+02	1.49597383e+04	1.00000000e-09	1.49597383e+03	1.00000000e-10	1.44339532e+09	2.84185879e-16
4.77819068e+01	4.01735567e+01	-1.86484699e+04	-7.25830980e+02	1.67188074e+03	1.00000000e-09	1.67188074e+02	1.00000000e-10	1.61311968e+08	2.75294397e-16
4.78192896e+01	4.02049871e+01	-1.83209560e+04	-7.13083569e+02	1.00000000e-09	1.00000000e-09	1.00000000e-10	1.00000000e-10	0.00000000e+00	2.66776373e-16
4.78562500e+01	4.02360622e+01	-1.79971428e+04	-7.00480195e+02	1.00000000e-09	1.00000000e-09	1.00000000e-10	1.00000000e-10	0.00000000e+00	2.58613737e-16
4.78927904e+01	4.02667843e+01	-1.76770093e+04	-6.88020039e+02	1.44215888e+04	1.00000000e-09	1.44215888e+03	1.00000000e-10	1.39147178e+09	2.50789400e-16
4.79289132e+01	4.02971552e+01	-1.73622896e+04	-6.75770601e+02	4.68836578e+03	1.00000000e-09	4.68836578e+02	1.00000000e-10	4.52358529e+08	2.43287191e-16
4.79646208e+01	4.03271771e+01	-1.70513222e+04	-6.63667204e+02	1.00000000e-09	1.00000000e-09	1.00000000e-10	1.00000000e-10	0.00000000e+00	2.36091809e-16
4.79999156e+01	4.03568518e+01	-1.67439496e+04	-6.51703729e+02	1.00000000e-09	1.00000000e-09	1.00000000e-10	1.00000000e-10	0.00000000e+00	2.29188766e-16
4.80348000e+01	4.03861816e+01	-1.64401512e+04	-6.39879363e+02	1.33066377e+04	1.00000000e-09	1.33066377e+03	1.00000000e-10	1.28389535e+09	2.22564343e-16
4.80692764e+01	4.04151683e+01	-1.61413975e+04	-6.28251351e+02	7.40677389e+03	1.00000000e-09	7.40677389e+02	1.00000000e-10	7.14645039e+08	2.16205543e-16
4.81033472e+01	4.04438139e+01	-1.58464897e+04	-6.16773025e+02	1.00000000e-09	1.00000000e-09	1.00000000e-10	1.00000000e-10	0.00000000e+00	2.10100054e-16
4.81370148e+01	4.04721206e+01	-1.55550719e+04	-6.05430535e+02	1.00000000e-09	1.00000000e-09	1.00000000e-10	1.00000000e-10	0.00000000e+00	2.04236203e-16
4.81702816e+01	4.05000903e+01	-1.52671233e+04	-5.94223073e+02	1.17377969e+04	1.00000000e-09	1.17377969e+03	1.00000000e-10	1.13252523e+09	1.98602925e-16
4.82031500e+01	4.05277251e+01	-1.49838599e+04	-5.83197965e+02	9.74550256e+03	1.00000000e-09	9.74550256e+02	1.00000000e-10	9.40298052e+08	1.93189726e-16
4.82356224e+01	4.05550269e+01	-1.47044710e+04	-5.72323665e+02	1.00000000e-09	1.00000000e-09	1.00000000e-10	1.00000000e-10	0.00000000e+00	1.87986649e-16
4.82677012e+01	4.05819977e+01	-1.44284687e+04	-5.61581173e+02	1.00000000e-09	1.00000000e-09	1.00000000e-10	1.00000000e-10	0.00000000e+00	1.82984249e-16
4.82993888e+01	4.06086397e+01	-1.41558322e+04	-5.50969685e+02	9.82486564e+03	1.00000000e-09	9.82486564e+02	1.00000000e-10	9.47955425e+08	1.78173558e-16
4.83306876e+01	4.06349548e+01	-1.38875405e+04	-5.40527302e+02	1.16545557e+04	1.00000000e-09	1.16545557e+03	1.00000000e-10	1.12449368e+09	1.73546062e-16
4.83616000e+01	4.06609449e+01	-1.36230999e+04	-5.30234814e+02	1.00000000e-09	1.00000000e-09	1.00000000e-10	1.00000000e-10	0.00000000e+00	1.69093676e-16
4.83921284e+01	4.06866123e+01	-1.33619443e+04	-5.20070181e+02	1.00000000e-09	1.00000000e-09	1.00000000e-10	1.00000000e-10	0.00000000e+00	1.64808718e-16
4.84222752e+01	4.07119588e+01	-1.31040530e+04	-5.10032604e+02	7.67593509e+03	1.00000000e-09	7.67593509e+02	1.00000000e-10	7.40615146e+08	1.60683890e-16
4.84520428e+01	4.07369865e+01	-1.28501917e+04	-5.00151877e+02	1.31126216e+04	1.00000000e-09	1.31126216e+03	1.00000000e-10	1.26517565e+09	1.56712252e-16
4.84814336e+01	4.07616974e+01	-1.26001175e+04	-4.90418553e+02	1.00000000e-09	1.00000000e-09	1.00000000e-10	1.00000000e-10	0.00000000e+00	1.52887209e-16
4.85104500e+01	4.07860934e+01	-1.23532289e+04	-4.80809218e+02	1.00000000e-09	1.00000000e-09	1.00000000e-10	1.00000000e-10	0.00000000e+00	1.49202487e-16
4.85390944e+01	4.08101768e+01	-1.21095055e+04	-4.71323078e+02	5.39174358e+03	1.00000000e-09	5.39174358e+02	1.00000000e-10	5.20224170e+08	1.45652119e-16
4.85673692e+01	4.08339494e+01	-1.18695259e+04	-4.61982653e+02	1.41228237e+04	1.00000000e-09	1.41228237e+03	1.00000000e-10	1.36264533e+09	1.42230424e-16
4.85952768e+01	4.08574132e+01	-1.16332393e+04	-4.52785967e+02	1.00000000e-09	1.00000000e-09	1.00000000e-10	1.00000000e-10	0.00000000e+00	1.38931999e-16
4.86228196e+01	4.08805703e+01	-1.14000413e+04	-4.43709496e+02	1.00000000e-09	1.00000000e-09	1.00000000e-10	1.00000000e-10	0.00000000e+00	1.35751697e-16
4.86500000e+01	4.09034228e+01	-1.11699118e+04	-4.34752452e+02	3.06149931e+03	1.00000000e-09	3.06149931e+02	1.00000000e-10	2.95389778e+08	1.32684617e-16
4.86768204e+01	4.09259726e+01	-1.09432696e+04	-4.25931144e+02	1.47076457e+04	1.00000000e-09	1.47076457e+03	1.00000000e-10	1.41907208e+09	1.29726092e-16
4.87032832e+01	4.09482217e+01	-1.07202052e+04	-4.17249088e+02	1.00000000e-09	1.00000000e-09	1.00000000e-10	1.00000000e-10	0.00000000e+00	1.26871675e-16
4.87293908e+01	4.09701721e+01	-1.05001349e+04	-4.08683568e+02	1.00000000e-09	1.00000000e-09	1.00000000e-10	1.00000000e-10	0.00000000e+00	1.24117124e-16
4.87551456e+01	4.09918260e+01	-1.02830385e+04	-4.00233797e+02	7.60191321e+02	1.00000000e-09	7.60191321e+01	1.00000000e-10	7.33473120e+07	1.21458401e-16
4.87805500e+01	4.10131852e+01	-1.00692022e+04	-3.91910915e+02	1.49035143e+04	1.00000000e-09	1.49035143e+03	1.00000000e-10	1.43797053e+09	1.18891652e-16
4.88056064e+01	4.10342519e+01	-9.85881466e+03	-3.83722265e+02	3.26147127e+02	1.00000000e-09	3.26147127e+01	1.00000000e-10	3.14684139e+07	1.16413201e-16
4.88303172e+01	4.10550279e+01	-9.65132897e+03	-3.75646560e+02	1.00000000e-09	1.00000000e-09	1.00000000e-10	1.00000000e-10	0.00000000e+00	1.14019543e-16
4.88546848e+01	4.10755155e+01	-9.44672497e+03	-3.67683016e+02	1.00000000e-09	1.00000000e-09	1.00000000e-10	1.00000000e-10	0.00000000e+00	1.11707331e-16
4.88787116e+01	4.10957165e+01	-9.24518097e+03	-3.59838572e+02	1.47554500e+04	1.00000000e-09	1.47554500e+03	1.00000000e-10	1.42368450e+09	1.09473372e-16
4.89024000e+01	4.11156329e+01	-9.04694901e+03	-3.52123038e+02	2.48125108e+03	1.00000000e-09	2.48125108e+02	1.00000000e-10	2.39404334e+08	1.07314616e-16
4.89257524e+01	4.11352669e+01	-8.85152881e+03	-3.44516943e+02	1.00000000e-09	1.00000000e-09	1.00000000e-10	1.00000000e-10	0.00000000e+00	1.05228153e-16
4.89487712e+01	4.11546204e+01	-8.65890027e+03	-3.37019504e+02	1.00000000e-09	1.00000000e-09	1.00000000e-10	1.00000000e-10	0.00000000e+00	1.03211201e-16
4.89714588e+01	4.11736955e+01	-8.46915618e+03	-3.29634333e+02	1.43120933e+04	1.00000000e-09	1.43120933e+03	1.00000000e-10	1.38090707e+09	1.01261102e-16
4.89938176e+01	4.11924940e+01	-8.28258431e+03	-3.22372630e+02	4.48774254e+03	1.00000000e-09	4.48774254e+02	1.00000000e-10	4.33001330e+08	9.93753163e-17
4.90158500e+01	4.12110182e+01	-8.09873607e+03	-3.15216936e+02	1.00000000e-09	1.00000000e-09	1.00000000e-10	1.00000000e-10	0.00000000e+00	9.75514170e-17
4.90375584e+01	4.12292700e+01	-7.91759143e+03	-3.08166471e+02	1.00000000e-09	1.00000000e-09	1.00000000e-10	1.00000000e-10	0.00000000e+00	9.57870825e-17
4.90589452e+01	4.12472513e+01	-7.73917732e+03	-3.01222282e+02	1.36212880e+04	1.00000000e-09	1.36212880e+03	1.00000000e-10	1.31425450e+09	9.40800932e-17
4.90800128e+01	4.12649643e+01	-7.56379593e+03	-2.94396133e+02	6.32278229e+03	1.00000000e-09	6.32278229e+02	1.00000000e-10	6.10055749e+08	9.24283255e-17
4.91007636e+01	4.12824110e+01	-7.39105181e+03	-2.87672630e+02	1.00000000e-09	1.00000000e-09	1.00000000e-10	1.00000000e-10	0.00000000e+00	9.08297478e-17
4.91212000e+01	4.12995933e+01	-7.22092498e+03	-2.81050997e+02	1.00000000e-09	1.00000000e-09	1.00000000e-10	1.00000000e-10	0.00000000e+00	8.92824156e-17
4.91413244e+01	4.13165132e+01	-7.05339545e+03	-2.74530456e+02	1.27260892e+04	1.00000000e-09	1.27260892e+03	1.00000000e-10	1.22788094e+09	8.77844676e-17
4.91611392e+01	4.13331729e+01	-6.88876187e+03	-2.68122629e+02	7.97541178e+03	1.00000000e-09	7.97541178e+02	1.00000000e-10	7.69510254e+08	8.63341217e-17
4.91806468e+01	4.13495743e+01	-6.72669602e+03	-2.61814744e+02	1.00000000e-09	1.00000000e-09	1.00000000e-10	1.00000000e-10	0.00000000e+00	8.49296711e-17
4.91998496e+01	4.13657194e+01	-6.56716239e+03	-2.55605417e+02	1.00000000e-09	1.00000000e-09	1.00000000e-10	1.00000000e-10	0.00000000e+00	8.35694808e-17
4.92187500e+01	4.13816103e+01	-6.41014106e+03	-2.49493872e+02	1.16620863e+04	1.00000000e-09	1.16620863e+03	1.00000000e-10	1.12522027e+09	8.22519845e-17
4.92373504e+01	4.13972489e+01	-6.25588240e+03	-2.43489856e+02	9.44458030e+03	1.00000000e-09	9.44458030e+02	1.00000000e-10	9.11263467e+08	8.09756808e-17
4.92556532e+01	4.14126374e+01	-6.10413742e+03	-2.37583677e+02	1.00000000e-09	1.00000000e-09	1.00000000e-10	1.00000000e-10	0.00000000e+00	7.97391308e-17
4.92736608e+01	4.14277776e+01	-5.95483988e+03	-2.31772756e+02	1.00000000e-09	1.00000000e-09	1.00000000e-10	1.00000000e-10	0.00000000e+00	7.85409548e-17
4.92913756e+01	4.14426717e+01	-5.80796989e+03	-2.26056320e+02	1.04578552e+04	1.00000000e-09	1.04578552e+03	1.00000000e-10	1.00902963e+09	7.73798296e-17
4.93088000e+01	4.14573216e+01	-5.66373366e+03	-2.20442394e+02	1.07359501e+04	1.00000000e-09	1.07359501e+03	1.00000000e-10	1.03586171e+09	7.62544861e-17
4.93259364e+01	4.14717293e+01	-5.52194691e+03	-2.14923807e+02	1.00000000e-09	1.00000000e-09	1.00000000e-10	1.00000000e-10	0.00000000e+00	7.51637067e-17
4.93427872e+01	4.14858969e+01	-5.38252321e+03	-2.09497193e+02	1.00000000e-09	1.00000000e-09	1.00000000e-10	1.00000000e-10	0.00000000e+00	7.41063228e-17
4.93593548e+01	4.14998265e+01	-5.24544272e+03	-2.04161781e+02	9.12230221e+03	1.00000000e-09	9.12230221e+02	1.00000000e-10	8.80168358e+08	7.30812129e-17
4.93756416e+01	4.15135199e+01	-5.11087208e+03	-1.98924057e+02	1.18570180e+04	1.00000000e-09	1.18570180e+03	1.00000000e-10	1.14402832e+09	7.20873002e-17
4.93916500e+01	4.15269793e+01	-4.97867894e+03	-1.93778870e+02	1.00000000e-09	1.00000000e-09	1.00000000e-10	1.00000000e-10	0.00000000e+00	7.11235509e-17
4.94073824e+01	4.15402066e+01	-4.84876492e+03	-1.88722390e+02	1.00000000e-09	1.00000000e-09	1.00000000e-10	1.00000000e-10	0.00000000e+00	7.01889717e-17
4.94228412e+01	4.15532039e+01	-4.72111023e+03	-1.83753846e+02	7.64949871e+03	1.00000000e-09	7.64949871e+02	1.00000000e-10	7.38064424e+08	6.92826086e-17
4.94380288e+01	4.15659732e+01	-4.59584679e+03	-1.78878375e+02	1.28124929e+04	1.00000000e-09	1.28124929e+03	1.00000000e-10	1.23621763e+09	6.84035449e-17
4.94529476e+01	4.15785164e+01	-4.47288303e+03	-1.74092410e+02	1.00000000e-09	1.00000000e-09	1.00000000e-10	1.00000000e-10	0.00000000e+00	6.75508996e-17
4.94676000e+01	4.15908357e+01	-4.35211499e+03	-1.69391908e+02	1.00000000e-09	1.00000000e-09	1.00000000e-10	1.00000000e-10	0.00000000e+00	6.67238256e-17
4.94819884e+01	4.16029330e+01	-4.23352289e+03	-1.64776096e+02	6.01715483e+03	1.00000000e-09	6.01715483e+02	1.00000000e-10	5.80567182e+08	6.59215086e-17
4.94961152e+01	4.16148104e+01	-4.11720866e+03	-1.60248944e+02	1.35978894e+04	1.00000000e-09	1.35978894e+03	1.00000000e-10	1.31199688e+09	6.51431654e-17
4.95099828e+01	4.16264699e+01	-4.00311215e+03	-1.55808108e+02	1.00000000e-09	1.00000000e-09	1.00000000e-10	1.00000000e-10	0.00000000e+00	6.43880426e-17
4.95235936e+01	4.16379134e+01	-3.89112848e+03	-1.51449509e+02	1.00000000e-09	1.00000000e-09	1.00000000e-10	1.00000000e-10	0.00000000e+00	6.36554152e-17
4.95369500e+01	4.16491431e+01	-3.78123790e+03	-1.47172375e+02	4.18615631e+03	1.00000000e-09	4.18615631e+02	1.00000000e-10	4.03902682e+08	6.29445858e-17
4.95500544e+01	4.16601608e+01	-3.67351672e+03	-1.42979679e+02	1.41901863e+04	1.00000000e-09	1.41901863e+03	1.00000000e-10	1.36914483e+09	6.22548829e-17
4.95629092e+01	4.16709688e+01	-3.56792852e+03	-1.38870002e+02	1.00000000e-09	1.00000000e-09	1.00000000e-10	1.00000000e-10	0.00000000e+00	6.15856601e-17
4.95755168e+01	4.16815688e+01	-3.46437080e+03	-1.34839355e+02	1.00000000e-09	1.00000000e-09	1.00000000e-10	1.00000000e-10	0.00000000e+00	6.09362948e-17
4.95878796e+01	4.16919631e+01	-3.36282384e+03	-1.30886970e+02	2.10280988e+03	1.00000000e-09	2.10280988e+02	1.00000000e-10	2.02890310e+08	6.03061874e-17
4.96000000e+01	4.17021536e+01	-3.26334229e+03	-1.27014975e+02	1.45340014e+04	1.00000000e-09	1.45340014e+03	1.00000000e-10	1.40231795e+09	5.96947603e-17
4.96118804e+01	4.17121422e+01	-3.16590726e+03	-1.23222633e+02	1.00000000e-09	1.00000000e-09	1.00000000e-10	1.00000000e-10	0.00000000e+00	5.91014569e-17
4.96235232e+01	4.17219311e+01	-3.07042086e+03	-1.19506136e+02	1.00000000e-09	1.00000000e-09	1.00000000e-10	1.00000000e-10	0.00000000e+00	5.85257406e-17
4.96349308e+01	4.17315223e+01	-2.97686341e+03	-1.15864717e+02	1.00000000e-09	1.00000000e-09	1.00000000e-10	1.00000000e-10	0.00000000e+00	5.79670942e-17
4.96461056e+01	4.17409177e+01	-2.88527134e+03	-1.12299794e+02	1.45217807e+04	1.00000000e-09	1.45217807e+03	1.00000000e-10	1.40113884e+09	5.74250190e-17
4.96570500e+01	4.17501194e+01	-2.79563841e+03	-1.08811124e+02	1.61284184e+03	1.00000000e-09	1.61284184e+02	1.00000000e-10	1.55615581e+08	5.68990341e-17
4.96677664e+01	4.17591295e+01	-2.70787277e+03	-1.05395132e+02	1.00000000e-09	1.00000000e-09	1.00000000e-10	1.00000000e-10	0.00000000e+00	5.63886753e-17
4.96782572e+01	4.17679498e+01	-2.62195476e+03	-1.02051053e+02	1.00000000e-09	1.00000000e-09	1.00000000e-10	1.00000000e-10	0.00000000e+00	5.58934950e-17
4.96885248e+01	4.17765825e+01	-2.53790551e+03	-9.87797097e+01	1.39682236e+04	1.00000000e-09	1.39682236e+03	1.00000000e-10	1.34772869e+09	5.54130609e-17
4.96985716e+01	4.17850295e+01	-2.45572771e+03	-9.55812066e+01	4.54288061e+03	1.00000000e-09	4.54288061e+02	1.00000000e-10	4.38321345e+08	5.49469559e-17
4.97084000e+01	4.17932929e+01	-2.37533632e+03	-9.24522333e+01	1.00000000e-09	1.00000000e-09	1.00000000e-10	1.00000000e-10	0.00000000e+00	5.44947772e-17
4.97180124e+01	4.18013747e+01	-2.29671170e+03	-8.93920259e+01	1.00000000e-09	1.00000000e-09	1.00000000e-10	1.00000000e-10	0.00000000e+00	5.40561356e-17
4.97274112e+01	4.18092770e+01	-2.21986209e+03	-8.64009052e+01	1.25856055e+04	1.00000000e-09	1.25856055e+03	1.00000000e-10	1.21432633e+09	5.36306554e-17
4.97365988e+01	4.18170016e+01	-2.14479632e+03	-8.34792145e+01	7.74835271e+03	1.00000000e-09	7.74835271e+02	1.00000000e-10	7.47602385e+08	5.32179733e-17
4.97455776e+01	4.18245507e+01	-2.07143652e+03	-8.06239231e+01	1.00000000e-09	1.00000000e-09	1.00000000e-10	1.00000000e-10	0.00000000e+00	5.28177381e-17
4.97543500e+01	4.18319263e+01	-1.99976308e+03	-7.78342675e+01	1.00000000e-09	1.00000000e-09	1.00000000e-10	1.00000000e-10	0.00000000e+00	5.24296106e-17
4.97629184e+01	4.18391303e+01	-1.92977331e+03	-7.51101436e+01	9.98396022e+03	1.00000000e-09	9.98396022e+02	1.00000000e-10	9.63305718e+08	5.20532625e-17
4.97712852e+01	4.18461649e+01	-1.86148002e+03	-7.24520496e+01	1.09203536e+04	1.00000000e-09	1.09203536e+03	1.00000000e-10	1.05365394e+09	5.16883762e-17
4.97794528e+01	4.18530319e+01	-1.79481268e+03	-6.98572405e+01	1.00000000e-09	1.00000000e-09	1.00000000e-10	1.00000000e-10	0.00000000e+00	5.13346446e-17
4.97874236e+01	4.18597336e+01	-1.72975171e+03	-6.73249539e+01	1.00000000e-09	1.00000000e-09	1.00000000e-10	1.00000000e-10	0.00000000e+00	5.09917704e-17
4.97952000e+01	4.18662717e+01	-1.66628509e+03	-6.48547224e+01	5.75707181e+03	1.00000000e-09	5.75707181e+02	1.00000000e-10	5.55472985e+08	5.06594657e-17
4.98027844e+01	4.18726484e+01	-1.60442789e+03	-6.24471323e+01	1.33439978e+04	1.00000000e-09	1.33439978e+03	1.00000000e-10	1.28750006e+09	5.03374517e-17
4.98101792e+01	4.18788658e+01	-1.54411704e+03	-6.00997287e+01	1.00000000e-09	1.00000000e-09	1.00000000e-10	1.00000000e-10	0.00000000e+00	5.00254585e-17
4.98173868e+01	4.18849257e+01	-1.48533296e+03	-5.78117499e+01	1.00000000e-09	1.00000000e-09	1.00000000e-10	1.00000000e-10	0.00000000e+00	4.97232245e-17
4.98244096e+01	4.18908302e+01	-1.42805608e+03	-5.55824340e+01	1.00000000e-09	1.00000000e-09	1.00000000e-10	1.00000000e-10	0.00000000e+00	4.94304961e-17
4.98312500e+01	4.18965814e+01	-1.37230174e+03	-5.34123776e+01	1.37376498e+04	1.00000000e-09	1.37376498e+03	1.00000000e-10	1.32548170e+09	4.91470275e-17
4.98379104e+01	4.19021813e+01	-1.31801813e+03	-5.12995648e+01	3.69923658e+03	1.00000000e-09	3.69923658e+02	1.00000000e-10	3.56922070e+08	4.88725802e-17
4.98443932e+01	4.19076318e+01	-1.26518199e+03	-4.92430902e+01	1.00000000e-09	1.00000000e-09	1.00000000e-10	1.00000000e-10	0.00000000e+00	4.86069230e-17
4.98507008e+01	4.19129351e+01	-1.21377377e+03	-4.72421927e+01	1.00000000e-09	1.00000000e-09	1.00000000e-10	1.00000000e-10	0.00000000e+00	4.83498313e-17
4.98568356e+01	4.19180930e+01	-1.16380089e+03	-4.52971610e+01	1.04081023e+04	1.00000000e-09	1.04081023e+03	1.00000000e-10	1.00422921e+09	4.81010873e-17
4.98628000e+01	4.19231077e+01	-1.11522556e+03	-4.34065245e+01	1.03462481e+04	1.00000000e-09	1.03462481e+03	1.00000000e-10	9.98261186e+08	4.78604793e-17
4.98685964e+01	4.19279811e+01	-1.06801846e+03	-4.15691418e+01	1.00000000e-09	1.00000000e-09	1.00000000e-10	1.00000000e-10	0.00000000e+00	4.76278018e-17
4.98742272e+01	4.19327153e+01	-1.02216005e+03	-3.97842521e+01	1.00000000e-09	1.00000000e-09	1.00000000e-10	1.00000000e-10	0.00000000e+00	4.74028550e-17
4.98796948e+01	4.19373123e+01	-9.77649243e+02	-3.80518140e+01	2.36402033e+03	1.00000000e-09	2.36402033e+02	1.00000000e-10	2.28093286e+08	4.71854447e-17
4.98850016e+01	4.19417741e+01	-9.34460984e+02	-3.63708517e+01	1.33469673e+04	1.00000000e-09	1.33469673e+03	1.00000000e-10	1.28778657e+09	4.69753819e-17
4.98901500e+01	4.19461027e+01	-8.92561829e+02	-3.47400635e+01	2.90984207e+03	1.00000000e-09	2.90984207e+02	1.00000000e-10	2.80757078e+08	4.67724830e-17
4.98951424e+01	4.19503002e+01	-8.51932248e+02	-3.31586893e+01	1.00000000e-09	1.00000000e-09	1.00000000e-10	1.00000000e-10	0.00000000e+00	4.65765690e-17
4.98999812e+01	4.19543685e+01	-8.12562201e+02	-3.16263384e+01	1.00000000e-09	1.00000000e-09	1.00000000e-10	1.00000000e-10	0.00000000e+00	4.63874658e-17
4.99046688e+01	4.19583097e+01	-7.74437155e+02	-3.01424451e+01	8.18307493e+03	1.00000000e-09	8.18307493e+02	1.00000000e-10	7.89546703e+08	4.62050038e-17
4.99092076e+01	4.19621258e+01	-7.37522325e+02	-2.87056555e+01	1.17977735e+04	1.00000000e-09	1.17977735e+03	1.00000000e-10	1.13831210e+09	4.60290176e-17
4.99136000e+01	4.19658188e+01	-7.01798191e+02	-2.73152099e+01	1.00000000e-09	1.00000000e-09	1.00000000e-10	1.00000000e-10	0.00000000e+00	4.58593462e-17
4.99178484e+01	4.19693907e+01	-6.67246058e+02	-2.59703806e+01	1.00000000e-09	1.00000000e-09	1.00000000e-10	1.00000000e-10	0.00000000e+00	4.56958323e-17
4.99219552e+01	4.19728436e+01	-6.33858078e+02	-2.46708622e+01	1.00000000e-09	1.00000000e-09	1.00000000e-10	1.00000000e-10	0.00000000e+00	4.55383226e-17
4.99259228e+01	4.19761794e+01	-6.01604611e+02	-2.34155010e+01	9.91914661e+03	1.00000000e-09	9.91914661e+02	1.00000000e-10	9.57052155e+08	4.53866673e-17
4.99297536e+01	4.19794002e+01	-5.70463220e+02	-2.22034237e+01	1.04171904e+04	1.00000000e-09	1.04171904e+03	1.00000000e-10	1.00510608e+09	4.52407202e-17
4.99334500e+01	4.19825081e+01	-5.40414396e+02	-2.10338710e+01	1.00000000e-09	1.00000000e-09	1.00000000e-10	1.00000000e-10	0.00000000e+00	4.51003385e-17
4.99370144e+01	4.19855049e+01	-5.11445289e+02	-1.99063429e+01	1.00000000e-09	1.00000000e-09	1.00000000e-10	1.00000000e-10	0.00000000e+00	4.49653824e-17
4.99404492e+01	4.19883928e+01	-4.83536667e+02	-1.88200906e+01	1.00000000e-09	1.00000000e-09	1.00000000e-10	1.00000000e-10	0.00000000e+00	4.48357154e-17
4.99437568e+01	4.19911737e+01	-4.56661578e+02	-1.77740652e+01	8.74338166e+03	1.00000000e-09	8.74338166e+02	1.00000000e-10	8.43608083e+08	4.47112037e-17
4.99469396e+01	4.19938497e+01	-4.30800520e+02	-1.67675078e+01	1.10395406e+04	1.00000000e-09	1.10395406e+03	1.00000000e-10	1.06515374e+09	4.45917164e-17
4.99500000e+01	4.19964228e+01	-4.05933993e+02	-1.57996591e+01	1.00000000e-09	1.00000000e-09	1.00000000e-10	1.00000000e-10	0.00000000e+00	4.44771254e-17
4.99529404e+01	4.19988950e+01	-3.82048361e+02	-1.48699887e+01	1.00000000e-09	1.00000000e-09	1.00000000e-10	1.00000000e-10	0.00000000e+00	4.43673050e-17
4.99557632e+01	4.20012683e+01	-3.59121225e+02	-1.39776246e+01	1.00000000e-09	1.00000000e-09	1.00000000e-10	1.00000000e-10	0.00000000e+00	4.42621318e-17
4.99584708e+01	4.20035448e+01	-3.37129758e+02	-1.31216783e+01	3.70831029e+03	1.00000000e-09	3.70831029e+02	1.00000000e-10	3.57797549e+08	4.41614852e-17
4.99610656e+01	4.20057264e+01	-3.16054466e+02	-1.23013912e+01	1.14626291e+04	1.00000000e-09	1.14626291e+03	1.00000000e-10	1.10597557e+09	4.40652463e-17
4.99635500e+01	4.20078152e+01	-2.95876204e+02	-1.15160180e+01	6.57756323e+03	1.00000000e-09	6.57756323e+02	1.00000000e-10	6.34638373e+08	4.39732985e-17
4.99659264e+01	4.20098132e+01	-2.76578897e+02	-1.07649332e+01	1.00000000e-09	1.00000000e-09	1.00000000e-10	1.00000000e-10	0.00000000e+00	4.38855274e-17
4.99681972e+01	4.20117224e+01	-2.58141076e+02	-1.00473010e+01	1.00000000e-09	1.00000000e-09	1.00000000e-10	1.00000000e-10	0.00000000e+00	4.38018203e-17
4.99703648e+01	4.20135449e+01	-2.40541190e+02	-9.36228273e+00	1.00000000e-09	1.00000000e-09	1.00000000e-10	1.00000000e-10	0.00000000e+00	4.37220663e-17
4.99724316e+01	4.20152826e+01	-2.23759752e+02	-8.70911989e+00	4.71696407e+03	1.00000000e-09	4.71696407e+02	1.00000000e-10	4.55117845e+08	4.36461563e-17
4.99744000e+01	4.20169376e+01	-2.07777275e+02	-8.08705402e+00	1.07677708e+04	2.25969587e-09	1.07677708e+03	2.25969587e-10	1.03893194e+09	4.35739830e-17
4.99762724e+01	4.20185118e+01	-1.92576180e+02	-7.49540087e+00	7.01225725e+03	7.40347097e-09	7.01225725e+02	7.40347097e-10	6.76579969e+08	4.35054403e-17
4.99780512e+01	4.20200074e+01	-1.78136741e+02	-6.93339273e+00	1.00000000e-09	2.34072551e-08	1.00000000e-10	2.34072551e-09	-2.16197145e-03	4.34404240e-17
4.99797388e+01	4.20214263e+01	-1.64437620e+02	-6.40019903e+00	1.00000000e-09	7.14149378e-08	1.00000000e-10	7.14149378e-09	-6.79400866e-03	4.33788308e-17
4.99813376e+01	4.20227705e+01	-1.51459334e+02	-5.89506151e+00	1.00000000e-09	2.10319165e-07	1.00000000e-10	2.10319165e-08	-2.01962292e-02	4.33205592e-17
4.99828500e+01	4.20240421e+01	-1.39182402e+02	-5.41722189e+00	1.00000000e-09	5.98092681e-07	1.00000000e-10	5.98092681e-08	-5.76106857e-02	4.32655087e-17
4.99842784e+01	4.20252430e+01	-1.27587502e+02	-4.96592814e+00	6.84929409e+03	1.64292353e-06	6.84929409e+02	1.64292353e-07	6.60856415e+08	4.32135800e-17
4.99856252e+01	4.20263754e+01	-1.16655990e+02	-4.54045465e+00	9.89063071e+03	4.36085130e-06	9.89063071e+02	4.36085130e-07	9.54300788e+08	4.31646749e-17
4.99868928e+01	4.20274411e+01	-1.06368130e+02	-4.14003316e+00	6.27214685e+03	1.11887155e-05	6.27214685e+02	1.11887155e-06	6.05170171e+08	4.31186962e-17
4.99880836e+01	4.20284423e+01	-9.67035974e+01	-3.76387271e+00	1.00000000e-09	2.77589723e-05	1.00000000e-10	2.77589723e-06	-2.67823718e+00	4.30755479e-17
4.99892000e+01	4.20293809e+01	-8.76428957e+01	-3.41121439e+00	1.00000000e-09	6.66175487e-05	1.00000000e-10	6.66175487e-06	-6.42751983e+00	4.30351347e-17
4.99902444e+01	4.20302590e+01	-7.91665458e+01	-3.08130007e+00	1.00000000e-09	1.54693696e-04	1.00000000e-10	1.54693696e-05	-1.49255762e+01	4.29973621e-17
4.99912192e+01	4.20310786e+01	-7.12550695e+01	-2.77337161e+00	1.00000000e-09	3.47684269e-04	1.00000000e-10	3.47684269e-05	-3.35463357e+01	4.29621367e-17
4.99921268e+01	4.20318417e+01	-6.38892011e+01	-2.48667916e+00	1.00000000e-09	7.56565540e-04	1.00000000e-10	7.56565540e-05	-7.29973809e+01	4.29293656e-17
4.99929696e+01	4.20325503e+01	-5.70496135e+01	-2.22047048e+00	5.59877953e+03	1.59430151e-03	5.59877953e+02	1.59430151e-04	5.40199949e+08	4.28989566e-17
4.99937500e+01	4.20332064e+01	-5.07166981e+01	-1.97398237e+00	8.44911593e+03	3.25437498e-03	8.44911593e+02	3.25437498e-04	8.15215443e+08	4.28708183e-17
4.99944704e+01	4.20338121e+01	-4.48707358e+01	-1.74644732e+00	7.66949907e+03	6.43645096e-03	7.66949907e+02	6.43645096e-04	7.39993544e+08	4.28448597e-17
4.99951332e+01	4.20343694e+01	-3.94921908e+01	-1.53710496e+00	4.05180569e+03	1.23369636e-02	4.05180569e+02	1.23369636e-03	3.90938627e+08	4.28209905e-17
4.99957408e+01	4.20348802e+01	-3.45615874e+01	-1.34519727e+00	1.00000000e-09	2.29216290e-02	1.00000000e-10	2.29216290e-03	-2.21160089e+03	4.27991210e-17
4.99962956e+01	4.20353467e+01	-3.00594499e+01	-1.16996623e+00	1.00000000e-09	4.12897981e-02	1.00000000e-10	4.12897981e-03	-3.98385978e+03	4.27791616e-17
4.99968000e+01	4.20357708e+01	-2.59663024e+01	-1.01065379e+00	1.00000000e-09	7.21236266e-02	1.00000000e-10	7.21236266e-03	-6.95887197e+03	4.27610235e-17
4.99972564e+01	4.20361545e+01	-2.22626889e+01	-8.66502690e-01	1.00000000e-09	1.22185509e-01	1.00000000e-10	1.22185509e-02	-1.17891093e+04	4.27446181e-17
4.99976672e+01	4.20364999e+01	-1.89291701e+01	-7.36756322e-01	1.00000000e-09	2.00784908e-01	1.00000000e-10	2.00784908e-02	-1.93727984e+04	4.27298571e-17
4.99980348e+01	4.20368090e+01	-1.59462677e+01	-6.20656558e-01	1.00000000e-09	3.20085586e-01	1.00000000e-10	3.20085586e-02	-3.08835640e+04	4.27166528e-17
4.99983616e+01	4.20370837e+01	-1.32944827e+01	-5.17444458e-01	1.00000000e-09	4.95076437e-01	1.00000000e-10	4.95076437e-02	-4.77676144e+04	4.27049174e-17
4.99986500e+01	4.20373262e+01	-1.09543125e+01	-4.26360951e-01	2.66197762e+03	7.43001399e-01	2.66197762e+02	7.43001399e-02	2.56770106e+08	4.26945637e-17
4.99989024e+01	4.20375384e+01	-8.90626194e+00	-3.46647252e-01	4.65043320e+03	1.08205922e+00	4.65043320e+02	1.08205922e-01	4.48594189e+08	4.26855044e-17
4.99991212e+01	4.20377224e+01	-7.13085202e+00	-2.77545200e-01	5.76246390e+03	1.52926274e+00	5.76246390e+02	1.52926274e-01	5.55845692e+08	4.26776527e-17
4.99993088e+01	4.20378801e+01	-5.60860838e+00	-2.18296822e-01	6.05779688e+03	2.09750219e+00	6.05779688e+02	2.09750219e-01	5.84286166e+08	4.26709218e-17
4.99994676e+01	4.20380136e+01	-4.32005669e+00	-1.68144143e-01	5.71643859e+03	2.79207827e+00	5.71643859e+02	2.79207827e-01	5.51283081e+08	4.26652250e-17
4.99996000e+01	4.20381249e+01	-3.24572262e+00	-1.26329187e-01	4.96255015e+03	3.60722204e+00	4.96255015e+02	3.60722204e-01	4.78465255e+08	4.26604759e-17
4.99997084e+01	4.20382161e+01	-2.36613186e+00	-9.20939796e-02	4.00901579e+03	4.52334008e+00	4.00901579e+02	4.52334008e-01	3.86374784e+08	4.26565880e-17
4.99997952e+01	4.20382891e+01	-1.66181007e+00	-6.46805471e-02	3.02610640e+03	5.50583791e+00	3.02610640e+02	5.50583791e-01	2.91443649e+08	4.26534751e-17
4.99998628e+01	4.20383459e+01	-1.11328295e+00	-4.33309145e-02	2.13047247e+03	6.50631003e+00	2.13047247e+02	6.50631003e-01	2.04931580e+08	4.26510509e-17
4.99999136e+01	4.20383886e+01	-7.01076157e-01	-2.72871071e-02	1.38782983e+03	7.46660375e+00	1.38782983e+02	7.46660375e-01	1.33184804e+08	4.26492292e-17
4.99999500e+01	4.20384192e+01	-4.05715375e-01	-1.57911502e-02	8.22767482e+02	8.32578470e+00	8.22767482e+01	8.32578470e-01	7.85816776e+07	4.26479240e-17
4.99999744e+01	4.20384397e+01	-2.07726275e-01	-8.08506899e-03	4.30640851e+02	9.02944144e+00	4.30640851e+01	9.02944144e-01	4.06793168e+07	4.26470491e-17
4.99999892e+01	4.20384522e+01	-8.76345228e-02	-3.41088850e-03	1.88416817e+02	9.54021057e+00	1.88416817e+01	9.54021057e-01	1.72589688e+07	4.26465185e-17
4.99999968e+01	4.20384586e+01	-2.59657846e-02	-1.01063363e-03	6.29866879e+01	9.84805209e+00	6.29866879e+00	9.84805209e-01	5.12709893e+06	4.26462460e-17
4.99999996e+01	4.20384609e+01	-3.24572307e-03	-1.26329204e-04	1.66292084e+01	9.97880649e+00	1.66292084e+00	9.97880649e-01	6.41666239e+05	4.26461456e-17
5.00000000e+01	4.20384612e+01	0.00000000e+00	0.00000000e+00	1.00000000e+01	1.00000000e+01	1.00000000e+00	1.00000000e+00	0.00000000e+00	4.26461312e-17
