# 1D PNP Solver Results
# Debye length: 1.18939 nm
# Surface potential: 100 mV
# Bulk concentration: 10 mol/m^3
# Thermal voltage: 25.6926 mV
# Grid: non-uniform with stretching factor 3
#
# Columns:
# 1: x [nm]
# 2: x/lambda_D [-]
# 3: phi [mV]
# 4: phi_normalized = e*phi/(kB*T) [-]
# 5: c+ [mol/m^3]
# 6: c- [mol/m^3]
# 7: c+/c0 [-]
# 8: c-/c0 [-]
# 9: rho [C/m^3]
# 10: phi_GC [mV] (Gouy-Chapman analytical)
0.00000000e+00	0.00000000e+00	1.00000000e+02	3.89217445e+00	1.00000000e-09	1.00000000e-09	1.00000000e-10	1.00000000e-10	0.00000000e+00	1.00000000e+02
2.99400400e-01	2.51726642e-01	5.77273732e+04	2.24685007e+03	1.00000000e-09	1.00000000e-09	1.00000000e-10	1.00000000e-10	0.00000000e+00	6.85664877e+01
5.97603200e-01	5.02446379e-01	1.14957287e+05	4.47433815e+03	6.04574008e+04	1.00000000e-09	6.04574008e+03	1.00000000e-10	5.83325240e+09	5.03048324e+01
8.94610800e-01	7.52161229e-01	1.71957823e+05	6.69289844e+03	6.77668239e+03	1.00000000e-09	6.77668239e+02	1.00000000e-10	6.53850451e+08	3.79705828e+01
1.19042560e+00	1.00087321e+00	2.28729441e+05	8.90254886e+03	1.00000000e-09	1.00000000e-09	1.00000000e-10	1.00000000e-10	0.00000000e+00	2.90844029e+01
1.48505000e+00	1.24858434e+00	2.81489448e+05	1.09560604e+04	1.00000000e-09	1.00000000e-09	1.00000000e-10	1.00000000e-10	0.00000000e+00	2.24667584e+01
1.77848640e+00	1.49529663e+00	3.33257230e+05	1.29709527e+04	6.01617261e+04	1.05598844e-09	6.01617261e+03	1.05598844e-10	5.80472412e+09	1.74460154e+01
2.07073720e+00	1.74101211e+00	3.84815849e+05	1.49777041e+04	1.44064670e+04	1.00000000e-09	1.44064670e+03	1.00000000e-10	1.39001275e+09	1.35944687e+01
2.36180480e+00	1.98573279e+00	4.36165728e+05	1.69763310e+04	1.00000000e-09	1.00000000e-09	1.00000000e-10	1.00000000e-10	0.00000000e+00	1.06194118e+01
2.65169160e+00	2.22946069e+00	4.83804898e+05	1.88305306e+04	1.00000000e-09	1.00000000e-09	1.00000000e-10	1.00000000e-10	0.00000000e+00	8.31101793e+00
2.94040000e+00	2.47219783e+00	5.29781723e+05	2.06200289e+04	5.96031367e+04	2.65404338e-09	5.96031367e+03	2.65404338e-10	5.75082844e+09	6.51434305e+00
3.22793240e+00	2.71394622e+00	5.75571269e+05	2.24022379e+04	2.30206282e+04	3.07373141e-09	2.30206282e+03	3.07373141e-10	2.22115296e+09	5.11278590e+00
3.51429120e+00	2.95470789e+00	6.21173919e+05	2.41771726e+04	1.00000000e-09	1.00000000e-09	1.00000000e-10	1.00000000e-10	0.00000000e+00	4.01753072e+00
3.79947880e+00	3.19448485e+00	6.63497725e+05	2.58244889e+04	1.00000000e-09	1.00000000e-09	1.00000000e-10	1.00000000e-10	0.00000000e+00	3.16039318e+00
4.08349760e+00	3.43327911e+00	7.03407449e+05	2.73778450e+04	5.86916785e+04	1.00000000e-09	5.86916785e+03	1.00000000e-10	5.66288609e+09	2.48875472e+00
4.36635000e+00	3.67109271e+00	7.43153273e+05	2.89248218e+04	3.27074776e+04	1.00000000e-09	3.27074776e+03	1.00000000e-10	3.15579184e+09	1.96186370e+00
4.64803840e+00	3.90792764e+00	7.82735534e+05	3.04654325e+04	1.00000000e-09	1.00000000e-09	1.00000000e-10	1.00000000e-10	0.00000000e+00	1.54807794e+00
4.92856520e+00	4.14378594e+00	8.19673464e+05	3.19031211e+04	1.00000000e-09	1.00000000e-09	1.00000000e-10	1.00000000e-10	0.00000000e+00	1.22278051e+00
5.20793280e+00	4.37866962e+00	8.53377264e+05	3.32149318e+04	5.72479485e+04	1.00000000e-09	5.72479485e+03	1.00000000e-10	5.52358732e+09	9.66789980e-01
5.48614360e+00	4.61258070e+00	8.86941504e+05	3.45213106e+04	4.33304488e+04	1.00000000e-09	4.33304488e+03	1.00000000e-10	4.18075274e+09	7.65140276e-01
5.76320000e+00	4.84552120e+00	9.20366473e+05	3.58222687e+04	1.00000000e-09	1.00000000e-09	1.00000000e-10	1.00000000e-10	0.00000000e+00	6.06140501e-01
6.03910440e+00	5.07749313e+00	9.52107263e+05	3.70576756e+04	1.00000000e-09	1.00000000e-09	1.00000000e-10	1.00000000e-10	0.00000000e+00	4.80648184e-01
6.31385920e+00	5.30849851e+00	9.79801238e+05	3.81355734e+04	5.48940299e+04	1.00000000e-09	5.48940299e+03	1.00000000e-10	5.29646870e+09	3.81506351e-01
6.58746680e+00	5.53853936e+00	1.00737958e+06	3.92089706e+04	5.40303298e+04	1.00000000e-09	5.40303298e+03	1.00000000e-10	5.21313431e+09	3.03106720e-01
6.85992960e+00	5.76761769e+00	1.03484253e+06	4.02778766e+04	1.00000000e-09	1.00000000e-09	1.00000000e-10	1.00000000e-10	0.00000000e+00	2.41050282e-01
7.13125000e+00	5.99573554e+00	1.06211412e+06	4.13393345e+04	1.00000000e-09	1.00000000e-09	1.00000000e-10	1.00000000e-10	0.00000000e+00	1.91883235e-01
7.40143040e+00	6.22289490e+00	1.08480835e+06	4.22226336e+04	5.08373846e+04	1.00000000e-09	5.08373846e+03	1.00000000e-10	4.90506194e+09	1.52891305e-01
7.67047320e+00	6.44909781e+00	1.10642881e+06	4.30641395e+04	6.35319411e+04	1.00000000e-09	6.35319411e+03	1.00000000e-10	6.12990044e+09	1.21939384e-01
7.93838080e+00	6.67434627e+00	1.12795804e+06	4.39020948e+04	1.00000000e-09	1.00000000e-09	1.00000000e-10	1.00000000e-10	0.00000000e+00	9.73463694e-02
8.20515560e+00	6.89864231e+00	1.14939624e+06	4.47365069e+04	1.00000000e-09	1.00000000e-09	1.00000000e-10	1.00000000e-10	0.00000000e+00	7.77873862e-02
8.47080000e+00	7.12198795e+00	1.16699618e+06	4.54215272e+04	4.20640945e+04	1.00000000e-09	4.20640945e+03	1.00000000e-10	4.05856812e+09	6.22173302e-02
8.73531640e+00	7.34438520e+00	1.18031965e+06	4.59400999e+04	8.54351573e+04	1.00000000e-09	8.54351573e+03	1.00000000e-10	8.24323953e+09	4.98110222e-02
8.99870720e+00	7.56583608e+00	1.19358643e+06	4.64564659e+04	1.00000000e-09	1.00000000e-09	1.00000000e-10	1.00000000e-10	0.00000000e+00	3.99163248e-02
9.26097480e+00	7.78634260e+00	1.20679663e+06	4.69706300e+04	1.00000000e-09	1.00000000e-09	1.00000000e-10	1.00000000e-10	0.00000000e+00	3.20173786e-02
9.52212160e+00	8.00590680e+00	1.21995037e+06	4.74825968e+04	1.86092542e+04	1.00000000e-09	1.86092542e+03	1.00000000e-10	1.79552007e+09	2.57057482e-02
9.78215000e+00	8.22453067e+00	1.22789135e+06	4.77916736e+04	1.33377710e+05	4.10256757e+02	1.33377710e+04	4.10256757e+01	1.28294089e+10	2.06577541e-02
1.00410624e+01	8.44221625e+00	1.22655305e+06	4.77395842e+04	1.82151860e+04	2.95296044e+03	1.82151860e+03	2.95296044e+02	1.47258090e+09	1.66166494e-02
1.02988612e+01	8.65896555e+00	1.21731035e+06	4.73798422e+04	2.99194322e+03	4.87572203e+02	2.99194322e+02	4.87572203e+01	2.41635069e+08	1.33785927e-02
1.05555488e+01	8.87478058e+00	1.20573031e+06	4.69291269e+04	1.00000000e-09	1.00000000e-09	1.00000000e-10	1.00000000e-10	0.00000000e+00	1.07815984e-02
1.08111276e+01	9.08966337e+00	1.19420029e+06	4.64803585e+04	1.00000000e-09	1.00000000e-09	1.00000000e-10	1.00000000e-10	0.00000000e+00	8.69682520e-03
1.10656000e+01	9.30361594e+00	1.18272018e+06	4.60335328e+04	2.16434332e+02	2.15631771e+03	2.16434332e+01	2.15631771e+02	-1.87170292e+08	7.02170086e-03
1.13189684e+01	9.51664029e+00	1.17110092e+06	4.55812906e+04	4.60654336e+02	1.11290526e+03	4.60654336e+01	1.11290526e+02	-6.29326471e+07	5.67449245e-03
1.15712352e+01	9.72873845e+00	1.15912209e+06	4.51150540e+04	1.00000000e-09	1.00000000e-09	1.00000000e-10	1.00000000e-10	0.00000000e+00	4.59001348e-03
1.18224028e+01	9.93991244e+00	1.14719668e+06	4.46508961e+04	1.00000000e-09	1.00000000e-09	1.00000000e-10	1.00000000e-10	0.00000000e+00	3.71622724e-03
1.20724736e+01	1.01501643e+01	1.13554907e+06	4.41975506e+04	4.09427116e+01	1.22876152e+03	4.09427116e+00	1.22876152e+02	-1.14607092e+08	3.01155675e-03
1.23214500e+01	1.03594960e+01	1.12405091e+06	4.37500224e+04	3.18770258e+02	1.23094047e+03	3.18770258e+01	1.23094047e+02	-8.80110457e+07	2.44275242e-03
1.25693344e+01	1.05679095e+01	1.11232426e+06	4.32936008e+04	1.00000000e-09	1.00000000e-09	1.00000000e-10	1.00000000e-10	0.00000000e+00	1.98320033e-03
1.28161292e+01	1.07754070e+01	1.10064916e+06	4.28391854e+04	1.00000000e-09	1.00000000e-09	1.00000000e-10	1.00000000e-10	0.00000000e+00	1.61157892e-03
1.30618368e+01	1.09819904e+01	1.08910865e+06	4.23900087e+04	1.54169502e+01	6.52500530e+02	1.54169502e+00	6.52500530e+01	-6.14692208e+07	1.31079131e-03
1.33064596e+01	1.11876617e+01	1.07775885e+06	4.19482544e+04	8.91949880e+00	1.09373302e+03	8.91949880e-01	1.09373302e+02	-1.04668593e+08	1.06711600e-03
1.35500000e+01	1.13924230e+01	1.06645165e+06	4.15081586e+04	1.00000000e-09	1.00000000e-09	1.00000000e-10	1.00000000e-10	0.00000000e+00	8.69530744e-04
1.37924604e+01	1.15962762e+01	1.05519460e+06	4.10700145e+04	1.00000000e-09	1.00000000e-09	1.00000000e-10	1.00000000e-10	0.00000000e+00	7.09173671e-04
1.40338432e+01	1.17992235e+01	1.04398757e+06	4.06338176e+04	1.40982476e+00	3.48828667e+02	1.40982476e-01	3.48828667e+01	-3.35208224e+07	5.78913586e-04
1.42741508e+01	1.20012667e+01	1.03296433e+06	4.02047737e+04	1.00000000e-09	8.76124947e+02	1.00000000e-10	8.76124947e+01	-8.45332065e+07	4.73006904e-04
1.45133856e+01	1.22024080e+01	1.02205268e+06	3.97800734e+04	1.00000000e-09	1.00000000e-09	1.00000000e-10	1.00000000e-10	0.00000000e+00	3.86823582e-04
1.47515500e+01	1.24026493e+01	1.01118986e+06	3.93572733e+04	8.46285083e-01	1.00000000e-09	8.46285083e-02	1.00000000e-10	8.16540972e+04	3.16627951e-04
1.49886464e+01	1.26019926e+01	1.00037506e+06	3.89363424e+04	4.55657067e-01	2.69872477e+02	4.55657067e-02	2.69872477e+01	-2.59947714e+07	2.59403321e-04
1.52246772e+01	1.28004400e+01	9.89673972e+05	3.85198375e+04	1.00000000e-09	7.97844837e+02	1.00000000e-10	7.97844837e+01	-7.69803241e+07	2.12711469e-04
1.54596448e+01	1.29979936e+01	9.79126212e+05	3.81093003e+04	1.00000000e-09	1.00000000e-09	1.00000000e-10	1.00000000e-10	0.00000000e+00	1.74580004e-04
1.56935516e+01	1.31946552e+01	9.68626073e+05	3.77006165e+04	1.00000000e-09	1.00000000e-09	1.00000000e-10	1.00000000e-10	0.00000000e+00	1.43411981e-04
1.59264000e+01	1.33904270e+01	9.58173445e+05	3.72937820e+04	9.65698964e-03	3.32418358e+02	9.65698964e-04	3.32418358e+01	-3.20725639e+07	1.17913311e-04
1.61581924e+01	1.35853109e+01	9.47768213e+05	3.68887922e+04	5.04010137e-03	9.02022297e+02	5.04010137e-04	9.02022297e+01	-8.70314346e+07	9.70344227e-05
1.63889312e+01	1.37793090e+01	9.37497180e+05	3.64890257e+04	2.82139354e-03	1.00000000e-09	2.82139354e-04	1.00000000e-10	2.72222996e+02	7.99233226e-05
1.66186188e+01	1.39724232e+01	9.27317792e+05	3.60928262e+04	7.51008335e-04	1.00000000e-09	7.51008335e-05	1.00000000e-10	7.24611922e+01	6.58878096e-05
1.68472576e+01	1.41646557e+01	9.17184884e+05	3.56984357e+04	1.00000000e-09	3.09238863e+02	1.00000000e-10	3.09238863e+01	-2.98370144e+07	5.43650223e-05
1.70748500e+01	1.43560084e+01	9.07098351e+05	3.53058502e+04	1.00000000e-09	1.13218171e+03	1.00000000e-10	1.13218171e+02	-1.09238928e+08	4.48968793e-05
1.73013984e+01	1.45464833e+01	8.97083141e+05	3.49160408e+04	1.00000000e-09	1.00000000e-09	1.00000000e-10	1.00000000e-10	0.00000000e+00	3.71102557e-05
1.75269052e+01	1.47360825e+01	8.87182920e+05	3.45307069e+04	3.76406260e-04	1.00000000e-09	3.76406260e-05	1.00000000e-10	3.63175865e+01	3.07009681e-05
1.77513728e+01	1.49248080e+01	8.77328322e+05	3.41471488e+04	2.06008564e-04	5.12971403e+01	2.06008564e-05	5.12971403e+00	-4.94940174e+06	2.54208255e-05
1.79748036e+01	1.51126617e+01	8.67519241e+05	3.37653622e+04	1.00000000e-09	1.37441834e+03	1.00000000e-10	1.37441834e+02	-1.32611210e+08	2.10671509e-05
1.81972000e+01	1.52996457e+01	8.57755573e+05	3.33853432e+04	1.00000000e-09	1.28001892e+02	1.00000000e-10	1.28001892e+01	-1.23503051e+07	1.74742951e-05
1.84185644e+01	1.54857621e+01	8.48075738e+05	3.30085872e+04	5.55677160e-06	1.00000000e-09	5.55677160e-07	1.00000000e-10	5.36050468e-01	1.45067575e-05
1.86388992e+01	1.56710128e+01	8.38495162e+05	3.26356945e+04	2.06487887e-04	1.00000000e-09	2.06487887e-05	1.00000000e-10	1.99229559e+01	1.20536058e-05
1.88582068e+01	1.58553999e+01	8.28959251e+05	3.22645402e+04	8.30050175e-05	1.41326982e+03	8.30050175e-06	1.41326982e+02	-1.36359800e+08	1.00239454e-05
1.90764896e+01	1.60389254e+01	8.19467900e+05	3.18951202e+04	1.00000000e-09	6.64192170e+02	1.00000000e-10	6.64192170e+01	-6.40848021e+07	8.34323736e-06
1.92937500e+01	1.62215912e+01	8.10021004e+05	3.15274306e+04	1.00000000e-09	1.00000000e-09	1.00000000e-10	1.00000000e-10	0.00000000e+00	6.95030439e-06
1.95099904e+01	1.64033995e+01	8.00681777e+05	3.11639315e+04	1.00000000e-09	1.00000000e-09	1.00000000e-10	1.00000000e-10	0.00000000e+00	5.79489399e-06
1.97252132e+01	1.65843522e+01	7.91435609e+05	3.08040546e+04	1.23973603e-04	1.05146891e+03	1.23973603e-05	1.05146891e+02	-1.01451315e+08	4.83569313e-06
1.99394208e+01	1.67644514e+01	7.82233056e+05	3.04458751e+04	7.55168136e-05	1.16673561e+03	7.55168136e-06	1.16673561e+02	-1.12572865e+08	4.03870994e-06
2.01526156e+01	1.69436990e+01	7.73074013e+05	3.00893892e+04	1.01972704e-05	1.00000000e-09	1.01972704e-06	1.00000000e-10	9.83790537e-01	3.37595312e-06
2.03648000e+01	1.71220971e+01	7.63977429e+05	2.97353343e+04	1.00000000e-09	1.00000000e-09	1.00000000e-10	1.00000000e-10	0.00000000e+00	2.82435375e-06
2.05759764e+01	1.72996477e+01	7.55020312e+05	2.93867077e+04	1.00000000e-09	4.35760840e+02	1.00000000e-10	4.35760840e+01	-4.20445294e+07	2.36488397e-06
2.07861472e+01	1.74763529e+01	7.46120788e+05	2.90403227e+04	1.00000000e-09	1.35391341e+03	1.00000000e-10	1.35391341e+02	-1.30632785e+08	1.98183626e-06
2.09953148e+01	1.76522146e+01	7.37263744e+05	2.86955911e+04	7.74597436e-07	1.00000000e-09	7.74597436e-08	1.00000000e-10	7.46408056e-02	1.66223343e-06
2.12034816e+01	1.78272348e+01	7.28449078e+05	2.83525089e+04	3.04253894e-06	1.00000000e-09	3.04253894e-07	1.00000000e-10	2.93463895e-01	1.39534528e-06
2.14106500e+01	1.80014156e+01	7.19768248e+05	2.80146359e+04	1.46707010e-06	1.00000000e-09	1.46707010e-07	1.00000000e-10	1.41454260e-01	1.17229232e-06
2.16168224e+01	1.81747590e+01	7.11219465e+05	2.76819023e+04	1.00000000e-09	1.07630323e+03	1.00000000e-10	1.07630323e+02	-1.03847475e+08	9.85720606e-07
2.18220012e+01	1.83472670e+01	7.02711882e+05	2.73507723e+04	1.00000000e-09	3.45928355e+02	1.00000000e-10	3.45928355e+01	-3.33770122e+07	8.29534693e-07
2.20261888e+01	1.85189417e+01	6.94245397e+05	2.70212420e+04	1.00000000e-09	1.00000000e-09	1.00000000e-10	1.00000000e-10	0.00000000e+00	6.98678213e-07
2.22293876e+01	1.86897850e+01	6.85852454e+05	2.66945740e+04	1.00000000e-09	1.00000000e-09	1.00000000e-10	1.00000000e-10	0.00000000e+00	5.88953354e-07
2.24316000e+01	1.88597989e+01	6.77638486e+05	2.63748720e+04	1.00000000e-09	4.98304135e+02	1.00000000e-10	4.98304135e+01	-4.80790400e+07	4.96872286e-07
2.26328284e+01	1.90289856e+01	6.69465881e+05	2.60567800e+04	1.00000000e-09	6.46650314e+02	1.00000000e-10	6.46650314e+01	-6.23922703e+07	4.19534757e-07
2.28330752e+01	1.91973469e+01	6.61333141e+05	2.57402396e+04	1.00000000e-09	1.00000000e-09	1.00000000e-10	1.00000000e-10	0.00000000e+00	3.54527186e-07
2.30323428e+01	1.93648850e+01	6.53240171e+05	2.54252470e+04	1.00000000e-09	1.00000000e-09	1.00000000e-10	1.00000000e-10	0.00000000e+00	2.99839390e-07
2.32306336e+01	1.95316018e+01	6.45317092e+05	2.51168670e+04	2.55167186e-08	1.00000000e-09	2.55167186e-09	1.00000000e-10	2.36550374e-03	2.53795839e-07
2.34279500e+01	1.96974994e+01	6.37526658e+05	2.48136497e+04	1.24158107e-07	3.50413465e+02	1.24158107e-08	3.50413465e+01	-3.38097595e+07	2.14998834e-07
2.36242944e+01	1.98625797e+01	6.29774601e+05	2.45119261e+04	8.65699651e-08	1.76239270e+02	8.65699651e-09	1.76239270e+01	-1.70045045e+07	1.82281515e-07
2.38196692e+01	2.00268448e+01	6.22060825e+05	2.42116925e+04	1.00000000e-09	1.00000000e-09	1.00000000e-10	1.00000000e-10	0.00000000e+00	1.54668970e-07
2.40140768e+01	2.01902967e+01	6.14449781e+05	2.39154574e+04	1.00000000e-09	1.00000000e-09	1.00000000e-10	1.00000000e-10	0.00000000e+00	1.31346022e-07
2.42075196e+01	2.03529375e+01	6.07028874e+05	2.36266227e+04	1.00000000e-09	1.00000000e-09	1.00000000e-10	1.00000000e-10	0.00000000e+00	1.11630519e-07
2.44000000e+01	2.05147691e+01	5.99644887e+05	2.33392251e+04	1.00000000e-09	4.20080469e+02	1.00000000e-10	4.20080469e+01	-4.05316036e+07	9.49511815e-08
2.45915204e+01	2.06757935e+01	5.92297728e+05	2.30532608e+04	7.75572533e-09	3.59932636e+02	7.75572533e-10	3.59932636e+01	-3.47282199e+07	8.08292110e-08
2.47820832e+01	2.08360129e+01	5.84987305e+05	2.27687264e+04	7.35059866e-09	1.00000000e-09	7.35059866e-10	1.00000000e-10	6.12739621e-04	6.88630042e-08
2.49716908e+01	2.09954291e+01	5.77859686e+05	2.24913071e+04	1.00000000e-09	1.00000000e-09	1.00000000e-10	1.00000000e-10	0.00000000e+00	5.87154473e-08
2.51603456e+01	2.11540443e+01	5.70834522e+05	2.22178754e+04	1.00000000e-09	1.00000000e-09	1.00000000e-10	1.00000000e-10	0.00000000e+00	5.01033414e-08
2.53480500e+01	2.13118604e+01	5.63844749e+05	2.19458212e+04	1.00000000e-09	9.93390372e+02	1.00000000e-10	9.93390372e+01	-9.58476000e+07	4.27885959e-08
2.55348064e+01	2.14688794e+01	5.56890277e+05	2.16751411e+04	1.00000000e-09	1.49103045e+02	1.00000000e-10	1.49103045e+01	-1.43862568e+07	3.65708905e-08
2.57206172e+01	2.16251034e+01	5.50054485e+05	2.14090801e+04	1.00000000e-09	1.00000000e-09	1.00000000e-10	1.00000000e-10	0.00000000e+00	3.12815536e-08
2.59054848e+01	2.17805344e+01	5.43381500e+05	2.11493559e+04	1.00000000e-09	1.00000000e-09	1.00000000e-10	1.00000000e-10	0.00000000e+00	2.67784535e-08
2.60894116e+01	2.19351744e+01	5.36742474e+05	2.08909535e+04	9.77171775e-09	1.21728931e+03	9.77171775e-10	1.21728931e+02	-1.17450563e+08	2.29417317e-08
2.62724000e+01	2.20890254e+01	5.30137321e+05	2.06338694e+04	6.13695149e-08	1.02975456e+03	6.13695149e-09	1.02975456e+02	-9.93562106e+07	1.96702351e-08
2.64544524e+01	2.22420894e+01	5.23565954e+05	2.03781003e+04	4.54445650e-08	1.00000000e-09	4.54445650e-09	1.00000000e-10	4.28824861e-03	1.68785322e-08
2.66355712e+01	2.23943686e+01	5.17158730e+05	2.01287199e+04	1.00000000e-09	1.00000000e-09	1.00000000e-10	1.00000000e-10	0.00000000e+00	1.44944152e-08
2.68157588e+01	2.25458647e+01	5.10825613e+05	1.98822240e+04	1.00000000e-09	6.72956707e+02	1.00000000e-10	6.72956707e+01	-6.49304514e+07	1.24568071e-08
2.69950176e+01	2.26965800e+01	5.04525141e+05	1.96369986e+04	1.00000000e-09	1.85803363e+03	1.00000000e-10	1.85803363e+02	-1.79272992e+08	1.07140069e-08
2.71733500e+01	2.28465164e+01	4.98257229e+05	1.93930406e+04	1.00000000e-09	1.00000000e-09	1.00000000e-10	1.00000000e-10	0.00000000e+00	9.22221780e-09
2.73507584e+01	2.29956759e+01	4.92099568e+05	1.91533736e+04	1.00000000e-09	1.00000000e-09	1.00000000e-10	1.00000000e-10	0.00000000e+00	7.94431062e-09
2.75272452e+01	2.31440606e+01	4.86069942e+05	1.89186901e+04	1.00000000e-09	1.00000000e-09	1.00000000e-10	1.00000000e-10	0.00000000e+00	6.84878564e-09
2.77028128e+01	2.32916724e+01	4.80071720e+05	1.86852288e+04	1.00000000e-09	2.25323182e+03	1.00000000e-10	2.25323182e+02	-2.17403821e+08	5.90889902e-09
2.78774636e+01	2.34385135e+01	4.74104820e+05	1.84529867e+04	1.00000000e-09	6.15893214e+02	1.00000000e-10	6.15893214e+01	-5.94246613e+07	5.10192799e-09
2.80512000e+01	2.35845857e+01	4.68169161e+05	1.82219604e+04	2.63795800e-09	1.00000000e-09	2.63795800e-10	1.00000000e-10	1.58038922e-04	4.40855198e-09
2.82240244e+01	2.37298911e+01	4.62360152e+05	1.79958637e+04	7.94640386e-09	1.00000000e-09	7.94640386e-10	1.00000000e-10	6.70226083e-04	3.81233114e-09
2.83959392e+01	2.38744318e+01	4.56612716e+05	1.77721635e+04	1.70502575e-08	1.84901569e+03	1.70502575e-09	1.84901569e+02	-1.78402893e+08	3.29926652e-09
2.85669468e+01	2.40182097e+01	4.50895610e+05	1.75496437e+04	1.71989902e-08	1.62251840e+03	1.71989902e-09	1.62251840e+02	-1.56549227e+08	2.85742894e-09
2.87370496e+01	2.41612269e+01	4.45208752e+05	1.73283013e+04	5.40925170e-09	1.00000000e-09	5.40925170e-10	1.00000000e-10	4.25428114e-04	2.47664556e-09
2.89062500e+01	2.43034854e+01	4.39600830e+05	1.71100312e+04	1.00000000e-09	1.00000000e-09	1.00000000e-10	1.00000000e-10	0.00000000e+00	2.14823497e-09
2.90745504e+01	2.44449872e+01	4.34092503e+05	1.68956375e+04	1.00000000e-09	1.02082746e+03	1.00000000e-10	1.02082746e+02	-9.84948762e+07	1.86478313e-09
2.92419532e+01	2.45857343e+01	4.28613553e+05	1.66823872e+04	1.13231160e-09	2.23236905e+03	1.13231160e-10	2.23236905e+02	-2.15390870e+08	1.61995382e-09
2.94084608e+01	2.47257288e+01	4.23163903e+05	1.64702773e+04	7.92319833e-09	1.00000000e-09	7.92319833e-10	1.00000000e-10	6.67987090e-04	1.40832799e-09
2.95740756e+01	2.48649726e+01	4.17743473e+05	1.62593047e+04	6.18842431e-09	1.00000000e-09	6.18842431e-10	1.00000000e-10	5.00606842e-04	1.22526770e-09
2.97388000e+01	2.50034678e+01	4.12412477e+05	1.60518131e+04	1.00000000e-09	1.11334866e+02	1.00000000e-10	1.11334866e+01	-1.07421816e+07	1.06680067e-09
2.99026364e+01	2.51412164e+01	4.07145649e+05	1.58468189e+04	1.00000000e-09	2.16725289e+03	1.00000000e-10	2.16725289e+02	-2.09108115e+08	9.29522319e-10
3.00655872e+01	2.52782204e+01	4.01907291e+05	1.56429329e+04	1.00000000e-09	1.71682842e+02	1.00000000e-10	1.71682842e+01	-1.65648760e+07	8.10512530e-10
3.02276548e+01	2.54144819e+01	3.96697324e+05	1.54401519e+04	1.94435815e-09	1.00000000e-09	1.94435815e-10	1.00000000e-10	9.11167095e-05	7.07264951e-10
3.03888416e+01	2.55500028e+01	3.91529473e+05	1.52390101e+04	4.36456473e-09	1.00000000e-09	4.36456473e-10	1.00000000e-10	3.24631146e-04	6.17626836e-10
3.05491500e+01	2.56847852e+01	3.86448311e+05	1.50412424e+04	1.76673629e-09	1.77529406e+03	1.76673629e-10	1.77529406e+02	-1.71289837e+08	5.39747847e-10
3.07085824e+01	2.58188310e+01	3.81402997e+05	1.48448700e+04	1.00000000e-09	7.11460693e+02	1.00000000e-10	7.11460693e+01	-6.86455213e+07	4.72036458e-10
3.08671412e+01	2.59521424e+01	3.76385328e+05	1.46495736e+04	1.00000000e-09	1.00000000e-09	1.00000000e-10	1.00000000e-10	0.00000000e+00	4.13122792e-10
3.10248288e+01	2.60847213e+01	3.71395229e+05	1.44553502e+04	1.00000000e-09	1.00000000e-09	1.00000000e-10	1.00000000e-10	0.00000000e+00	3.61826923e-10
3.11816476e+01	2.62165697e+01	3.66468576e+05	1.42635963e+04	2.10546625e-09	1.36998282e+03	2.10546625e-10	1.36998282e+02	-1.32183248e+08	3.17131833e-10
3.13376000e+01	2.63476897e+01	3.61620910e+05	1.40749167e+04	2.02286443e-09	8.12427541e+02	2.02286443e-10	8.12427541e+01	-7.83873411e+07	2.78160305e-10
3.14926884e+01	2.64780832e+01	3.56800101e+05	1.38872824e+04	1.00000000e-09	1.00000000e-09	1.00000000e-10	1.00000000e-10	0.00000000e+00	2.44155186e-10
3.16469152e+01	2.66077524e+01	3.52006074e+05	1.37006905e+04	1.00000000e-09	1.00000000e-09	1.00000000e-10	1.00000000e-10	0.00000000e+00	2.14462497e-10
3.18002828e+01	2.67366991e+01	3.47238755e+05	1.35151381e+04	1.00000000e-09	1.14170812e+03	1.00000000e-10	1.14170812e+02	-1.10158087e+08	1.88516988e-10
3.19527936e+01	2.68649255e+01	3.42558230e+05	1.33329639e+04	1.00000000e-09	7.69239458e+02	1.00000000e-10	7.69239458e+01	-7.42203246e+07	1.65829763e-10
3.21044500e+01	2.69924335e+01	3.37940696e+05	1.31532414e+04	1.53346643e-09	1.00000000e-09	1.53346643e-10	1.00000000e-10	5.14716858e-05	1.45977676e-10
3.22552544e+01	2.71192252e+01	3.33349103e+05	1.29745286e+04	1.00000000e-09	1.00000000e-09	1.00000000e-10	1.00000000e-10	0.00000000e+00	1.28594238e-10
3.24052092e+01	2.72453026e+01	3.28783378e+05	1.27968226e+04	1.00000000e-09	1.15907189e+03	1.00000000e-10	1.15907189e+02	-1.11833436e+08	1.13361817e-10
3.25543168e+01	2.73706677e+01	3.24271678e+05	1.26212194e+04	1.00000000e-09	9.08220054e+02	1.00000000e-10	9.08220054e+01	-8.76299135e+07	1.00004936e-10
3.27025796e+01	2.74953225e+01	3.19859355e+05	1.24494841e+04	1.00000000e-09	1.00000000e-09	1.00000000e-10	1.00000000e-10	0.00000000e+00	8.82845168e-11
3.28500000e+01	2.76192690e+01	3.15472103e+05	1.22787246e+04	1.00000000e-09	1.00000000e-09	1.00000000e-10	1.00000000e-10	0.00000000e+00	7.79929321e-11
3.29965804e+01	2.77425093e+01	3.11109849e+05	1.21089381e+04	1.00000000e-09	1.39507762e+03	1.00000000e-10	1.39507762e+02	-1.34604528e+08	6.89497459e-11
3.31423232e+01	2.78650454e+01	3.06772522e+05	1.19401217e+04	1.00000000e-09	1.28020299e+03	1.00000000e-10	1.28020299e+02	-1.23520811e+08	6.09980477e-11
3.32872308e+01	2.79868792e+01	3.02533588e+05	1.17751350e+04	1.00000000e-09	1.00000000e-09	1.00000000e-10	1.00000000e-10	0.00000000e+00	5.40012939e-11
3.34313056e+01	2.81080129e+01	2.98370301e+05	1.16130926e+04	1.00000000e-09	1.00000000e-09	1.00000000e-10	1.00000000e-10	0.00000000e+00	4.78405856e-11
3.35745500e+01	2.82284484e+01	2.94231010e+05	1.14519842e+04	1.00000000e-09	1.50798255e+03	1.00000000e-10	1.50798255e+02	-1.45498197e+08	4.24123192e-11
3.37169664e+01	2.83481877e+01	2.90115646e+05	1.12918070e+04	1.00000000e-09	2.06040210e+03	1.00000000e-10	2.06040210e+02	-1.98798581e+08	3.76261595e-11
3.38585572e+01	2.84672329e+01	2.86059655e+05	1.11339408e+04	1.00000000e-09	1.00000000e-09	1.00000000e-10	1.00000000e-10	0.00000000e+00	3.34032885e-11
3.39993248e+01	2.85855860e+01	2.82112787e+05	1.09803218e+04	1.00000000e-09	1.00000000e-09	1.00000000e-10	1.00000000e-10	0.00000000e+00	2.96748916e-11
3.41392716e+01	2.87032489e+01	2.78188932e+05	1.08275985e+04	1.00000000e-09	1.13184569e+03	1.00000000e-10	1.13184569e+02	-1.09206508e+08	2.63808489e-11
3.42784000e+01	2.88202238e+01	2.74288023e+05	1.06757684e+04	1.00000000e-09	3.05786451e+03	1.00000000e-10	3.05786451e+02	-2.95039073e+08	2.34686021e-11
3.44167124e+01	2.89365126e+01	2.70409994e+05	1.05248287e+04	1.00000000e-09	1.00000000e-09	1.00000000e-10	1.00000000e-10	0.00000000e+00	2.08921740e-11
3.45542112e+01	2.90521174e+01	2.66636044e+05	1.03779400e+04	1.00000000e-09	1.00000000e-09	1.00000000e-10	1.00000000e-10	0.00000000e+00	1.86113178e-11
3.46908988e+01	2.91670401e+01	2.62925913e+05	1.02335352e+04	1.00000000e-09	1.00000000e-09	1.00000000e-10	1.00000000e-10	0.00000000e+00	1.65907805e-11
3.48267776e+01	2.92812828e+01	2.59237736e+05	1.00899849e+04	1.00000000e-09	3.82086405e+03	1.00000000e-10	3.82086405e+02	-3.68657336e+08	1.47996634e-11
3.49618500e+01	2.93948475e+01	2.55571447e+05	9.94728655e+03	1.00000000e-09	5.52250638e+02	1.00000000e-10	5.52250638e+01	-5.32840862e+07	1.32108666e-11
3.50961184e+01	2.95077363e+01	2.51969677e+05	9.80709939e+03	1.00000000e-09	1.00000000e-09	1.00000000e-10	1.00000000e-10	0.00000000e+00	1.18006071e-11
3.52295852e+01	2.96199510e+01	2.48463399e+05	9.67062892e+03	1.00000000e-09	1.00000000e-09	1.00000000e-10	1.00000000e-10	0.00000000e+00	1.05479993e-11
3.53622528e+01	2.97314939e+01	2.44978116e+05	9.53497564e+03	1.00000000e-09	3.90886306e+03	1.00000000e-10	3.90886306e+02	-3.77147951e+08	9.43469045e-12
3.54941236e+01	2.98423668e+01	2.41513766e+05	9.40013710e+03	1.00000000e-09	2.20732017e+03	1.00000000e-10	2.20732017e+02	-2.12974020e+08	8.44454321e-12
3.56252000e+01	2.99525718e+01	2.38070286e+05	9.26611083e+03	1.00000000e-09	1.00000000e-09	1.00000000e-10	1.00000000e-10	0.00000000e+00	7.56335940e-12
3.57554844e+01	3.00621109e+01	2.34717104e+05	9.13559915e+03	1.00000000e-09	1.00000000e-09	1.00000000e-10	1.00000000e-10	0.00000000e+00	6.77863898e-12
3.58849792e+01	3.01709861e+01	2.31412801e+05	9.00698991e+03	1.00000000e-09	2.97866470e+03	1.00000000e-10	2.97866470e+02	-2.87397453e+08	6.07937016e-12
3.60136868e+01	3.02791995e+01	2.28128585e+05	8.87916250e+03	1.00000000e-09	3.69950895e+03	1.00000000e-10	3.69950895e+02	-3.56948349e+08	5.45584609e-12
3.61416096e+01	3.03867531e+01	2.24864395e+05	8.75211451e+03	1.00000000e-09	1.00000000e-09	1.00000000e-10	1.00000000e-10	0.00000000e+00	4.89950489e-12
3.62687500e+01	3.04936488e+01	2.21653897e+05	8.62715634e+03	1.00000000e-09	1.00000000e-09	1.00000000e-10	1.00000000e-10	0.00000000e+00	4.40278996e-12
3.63951104e+01	3.05998888e+01	2.18516765e+05	8.50505371e+03	1.00000000e-09	1.48752837e+03	1.00000000e-10	1.48752837e+02	-1.43524669e+08	3.95902778e-12
3.65206932e+01	3.07054749e+01	2.15398939e+05	8.38370248e+03	1.00000000e-09	4.55401808e+03	1.00000000e-10	4.55401808e+02	-4.39395947e+08	3.56232112e-12
3.66455008e+01	3.08104093e+01	2.12300359e+05	8.26310032e+03	1.00000000e-09	1.00000000e-09	1.00000000e-10	1.00000000e-10	0.00000000e+00	3.20745550e-12
3.67695356e+01	3.09146939e+01	2.09220965e+05	8.14324493e+03	1.00000000e-09	1.00000000e-09	1.00000000e-10	1.00000000e-10	0.00000000e+00	2.88981735e-12
3.68928000e+01	3.10183309e+01	2.06204979e+05	8.02585751e+03	1.00000000e-09	1.00000000e-09	1.00000000e-10	1.00000000e-10	0.00000000e+00	2.60532229e-12
3.70152964e+01	3.11213221e+01	2.03235419e+05	7.91027704e+03	1.00000000e-09	4.43528760e+03	1.00000000e-10	4.43528760e+02	-4.27940197e+08	2.35035219e-12
3.71370272e+01	3.12236696e+01	2.00284418e+05	7.79541895e+03	1.00000000e-09	6.85039229e+02	1.00000000e-10	6.85039229e+01	-6.60962376e+07	2.12170004e-12
3.72579948e+01	3.13253754e+01	1.97351919e+05	7.68128098e+03	1.00000000e-09	1.00000000e-09	1.00000000e-10	1.00000000e-10	0.00000000e+00	1.91652153e-12
3.73782016e+01	3.14264416e+01	1.94447522e+05	7.56823678e+03	1.00000000e-09	1.00000000e-09	1.00000000e-10	1.00000000e-10	0.00000000e+00	1.73229247e-12
3.74976500e+01	3.15268701e+01	1.91603001e+05	7.45752306e+03	1.00000000e-09	3.82430905e+03	1.00000000e-10	3.82430905e+02	-3.68989729e+08	1.56677148e-12
3.76163424e+01	3.16266630e+01	1.88782691e+05	7.34775165e+03	1.00000000e-09	1.77188362e+03	1.00000000e-10	1.77188362e+02	-1.70960780e+08	1.41796707e-12
3.77342812e+01	3.17258224e+01	1.85980287e+05	7.23867720e+03	1.00000000e-09	1.00000000e-09	1.00000000e-10	1.00000000e-10	0.00000000e+00	1.28410874e-12
3.78514688e+01	3.18243501e+01	1.83195733e+05	7.13029749e+03	1.00000000e-09	1.00000000e-09	1.00000000e-10	1.00000000e-10	0.00000000e+00	1.16362154e-12
3.79679076e+01	3.19222482e+01	1.80453779e+05	7.02357587e+03	1.00000000e-09	3.09008959e+03	1.00000000e-10	3.09008959e+02	-2.98148320e+08	1.05510364e-12
3.80836000e+01	3.20195189e+01	1.77765974e+05	6.91896183e+03	1.00000000e-09	2.27119313e+03	1.00000000e-10	2.27119313e+02	-2.19136824e+08	9.57306558e-13
3.81985484e+01	3.21161639e+01	1.75095455e+05	6.81502054e+03	1.00000000e-09	1.00000000e-09	1.00000000e-10	1.00000000e-10	0.00000000e+00	8.69117731e-13
3.83127552e+01	3.22121855e+01	1.72442164e+05	6.71174985e+03	1.00000000e-09	1.00000000e-09	1.00000000e-10	1.00000000e-10	0.00000000e+00	7.89545160e-13
3.84262228e+01	3.23075856e+01	1.69806047e+05	6.60914756e+03	1.00000000e-09	2.46984047e+03	1.00000000e-10	2.46984047e+02	-2.38303378e+08	7.17703812e-13
3.85389536e+01	3.24023661e+01	1.67228472e+05	6.50882385e+03	1.00000000e-09	2.52742572e+03	1.00000000e-10	2.52742572e+02	-2.43859510e+08	6.52803640e-13
3.86509500e+01	3.24965293e+01	1.64693544e+05	6.41016005e+03	1.00000000e-09	1.00000000e-09	1.00000000e-10	1.00000000e-10	0.00000000e+00	5.94138973e-13
3.87622144e+01	3.25900770e+01	1.62175185e+05	6.31214111e+03	1.00000000e-09	1.00000000e-09	1.00000000e-10	1.00000000e-10	0.00000000e+00	5.41079149e-13
3.88727492e+01	3.26830112e+01	1.59673339e+05	6.21476491e+03	1.00000000e-09	2.10381483e+03	1.00000000e-10	2.10381483e+02	-2.02987273e+08	4.93060217e-13
3.89825568e+01	3.27753341e+01	1.57206988e+05	6.11877020e+03	1.00000000e-09	2.90799231e+03	1.00000000e-10	2.90799231e+02	-2.80578604e+08	4.49577593e-13
3.90916396e+01	3.28670475e+01	1.54806427e+05	6.02533620e+03	1.00000000e-09	1.00000000e-09	1.00000000e-10	1.00000000e-10	0.00000000e+00	4.10179554e-13
3.92000000e+01	3.29581536e+01	1.52421764e+05	5.93252096e+03	1.00000000e-09	1.00000000e-09	1.00000000e-10	1.00000000e-10	0.00000000e+00	3.74461468e-13
3.93076404e+01	3.30486544e+01	1.50052946e+05	5.84032243e+03	1.00000000e-09	1.95475406e+03	1.00000000e-10	1.95475406e+02	-1.88605095e+08	3.42060689e-13
3.94145632e+01	3.31385518e+01	1.47699920e+05	5.74873856e+03	1.00000000e-09	3.45227691e+03	1.00000000e-10	3.45227691e+02	-3.33094085e+08	3.12652007e-13
3.95207708e+01	3.32278478e+01	1.45409939e+05	5.65960848e+03	1.00000000e-09	1.00000000e-09	1.00000000e-10	1.00000000e-10	0.00000000e+00	2.85943630e-13
3.96262656e+01	3.33165446e+01	1.43167099e+05	5.57231325e+03	1.00000000e-09	1.00000000e-09	1.00000000e-10	1.00000000e-10	0.00000000e+00	2.61673596e-13
3.97310500e+01	3.34046441e+01	1.40939363e+05	5.48560587e+03	1.00000000e-09	1.61062545e+03	1.00000000e-10	1.61062545e+02	-1.55401731e+08	2.39606600e-13
3.98351264e+01	3.34921483e+01	1.38726679e+05	5.39948434e+03	1.00000000e-09	4.37915635e+03	1.00000000e-10	4.37915635e+02	-4.22524354e+08	2.19531159e-13
3.99384972e+01	3.35790593e+01	1.36550257e+05	5.31477422e+03	1.00000000e-09	1.00000000e-09	1.00000000e-10	1.00000000e-10	0.00000000e+00	2.01257099e-13
4.00411648e+01	3.36653791e+01	1.34439978e+05	5.23263849e+03	1.00000000e-09	1.00000000e-09	1.00000000e-10	1.00000000e-10	0.00000000e+00	1.84613312e-13
4.01431316e+01	3.37511096e+01	1.32344104e+05	5.15106340e+03	1.00000000e-09	6.64543501e+02	1.00000000e-10	6.64543501e+01	-6.41187004e+07	1.69445762e-13
4.02444000e+01	3.38362530e+01	1.30262585e+05	5.07004705e+03	1.00000000e-09	5.43202637e+03	1.00000000e-10	5.43202637e+02	-5.24110868e+08	1.55615704e-13
4.03449724e+01	3.39208112e+01	1.28195372e+05	4.98958751e+03	1.00000000e-09	2.06955251e+01	1.00000000e-10	2.06955251e+00	-1.99681461e+06	1.42998101e-13
4.04448512e+01	3.40047862e+01	1.26187874e+05	4.91145219e+03	1.00000000e-09	1.00000000e-09	1.00000000e-10	1.00000000e-10	0.00000000e+00	1.31480208e-13
4.05440388e+01	3.40881801e+01	1.24220144e+05	4.83486471e+03	1.00000000e-09	1.00000000e-09	1.00000000e-10	1.00000000e-10	0.00000000e+00	1.20960307e-13
4.06425376e+01	3.41709948e+01	1.22266079e+05	4.75880908e+03	1.00000000e-09	6.04055443e+03	1.00000000e-10	6.04055443e+02	-5.82824900e+08	1.11346581e-13
4.07403500e+01	3.42532325e+01	1.20325631e+05	4.68328346e+03	1.00000000e-09	1.95920171e+03	1.00000000e-10	1.95920171e+02	-1.89034228e+08	1.02556107e-13
4.08374784e+01	3.43348951e+01	1.18418288e+05	4.60904635e+03	1.00000000e-09	1.00000000e-09	1.00000000e-10	1.00000000e-10	0.00000000e+00	9.45139521e-14
4.09339252e+01	3.44159846e+01	1.16565092e+05	4.53691672e+03	1.00000000e-09	1.00000000e-09	1.00000000e-10	1.00000000e-10	0.00000000e+00	8.71523698e-14
4.10296928e+01	3.44965030e+01	1.14724946e+05	4.46529504e+03	1.00000000e-09	5.70292111e+03	1.00000000e-10	5.70292111e+02	-5.50248237e+08	8.04100777e-14
4.11247836e+01	3.45764524e+01	1.12897805e+05	4.39417951e+03	1.00000000e-09	4.14723818e+03	1.00000000e-10	4.14723818e+02	-4.00147653e+08	7.42316118e-14
4.12192000e+01	3.46558348e+01	1.11083622e+05	4.32356836e+03	1.00000000e-09	1.00000000e-09	1.00000000e-10	1.00000000e-10	0.00000000e+00	6.85667478e-14
4.13129444e+01	3.47346522e+01	1.09315599e+05	4.25475380e+03	1.00000000e-09	1.00000000e-09	1.00000000e-10	1.00000000e-10	0.00000000e+00	6.33699823e-14
4.14060192e+01	3.48129067e+01	1.07581693e+05	4.18726717e+03	1.00000000e-09	4.19264366e+03	1.00000000e-10	4.19264366e+02	-4.04528616e+08	5.86000680e-14
4.14984268e+01	3.48906001e+01	1.05860217e+05	4.12026432e+03	1.00000000e-09	5.95708395e+03	1.00000000e-10	5.95708395e+02	-5.74771224e+08	5.42195959e-14
4.15901696e+01	3.49677347e+01	1.04151126e+05	4.05374351e+03	1.00000000e-09	1.00000000e-09	1.00000000e-10	1.00000000e-10	0.00000000e+00	5.01946209e-14
4.16812500e+01	3.50443123e+01	1.02464603e+05	3.98810110e+03	1.00000000e-09	1.00000000e-09	1.00000000e-10	1.00000000e-10	0.00000000e+00	4.64943254e-14
4.17716704e+01	3.51203349e+01	1.00821503e+05	3.92414877e+03	1.00000000e-09	2.11724177e+03	1.00000000e-10	2.11724177e+02	-2.04282776e+08	4.30907166e-14
4.18614332e+01	3.51958047e+01	9.91917494e+04	3.86071593e+03	1.00000000e-09	6.85195999e+03	1.00000000e-10	6.85195999e+02	-6.61113636e+08	3.99583548e-14
4.19505408e+01	3.52707237e+01	9.75738921e+04	3.79774610e+03	1.00000000e-09	1.00000000e-09	1.00000000e-10	1.00000000e-10	0.00000000e+00	3.70741089e-14
4.20389956e+01	3.53450937e+01	9.59678872e+04	3.73523758e+03	1.00000000e-09	1.00000000e-09	1.00000000e-10	1.00000000e-10	0.00000000e+00	3.44169364e-14
4.21268000e+01	3.54189170e+01	9.43956748e+04	3.67404434e+03	1.00000000e-09	1.00000000e-09	1.00000000e-10	1.00000000e-10	0.00000000e+00	3.19676848e-14
4.22139564e+01	3.54921954e+01	9.28570820e+04	3.61415962e+03	1.00000000e-09	6.70261713e+03	1.00000000e-10	6.70261713e+02	-6.46704239e+08	2.97089136e-14
4.23004672e+01	3.55649310e+01	9.13298861e+04	3.55471849e+03	1.00000000e-09	8.61445739e+02	1.00000000e-10	8.61445739e+01	-8.31168782e+07	2.76247333e-14
4.23863348e+01	3.56371259e+01	8.98140447e+04	3.49571930e+03	1.00000000e-09	1.00000000e-09	1.00000000e-10	1.00000000e-10	0.00000000e+00	2.57006599e-14
4.24715616e+01	3.57087819e+01	8.83104971e+04	3.43719860e+03	1.00000000e-09	1.00000000e-09	1.00000000e-10	1.00000000e-10	0.00000000e+00	2.39234847e-14
4.25561500e+01	3.57799013e+01	8.68458849e+04	3.38019334e+03	1.00000000e-09	5.97013389e+03	1.00000000e-10	5.97013389e+02	-5.76030351e+08	2.22811555e-14
4.26401024e+01	3.58504858e+01	8.54011338e+04	3.32396111e+03	1.00000000e-09	2.29032371e+03	1.00000000e-10	2.29032371e+02	-2.20982644e+08	2.07626704e-14
4.27234212e+01	3.59205377e+01	8.39672863e+04	3.26815326e+03	1.00000000e-09	1.00000000e-09	1.00000000e-10	1.00000000e-10	0.00000000e+00	1.93579812e-14
4.28061088e+01	3.59900589e+01	8.25443013e+04	3.21276821e+03	1.00000000e-09	1.00000000e-09	1.00000000e-10	1.00000000e-10	0.00000000e+00	1.80579063e-14
4.28881676e+01	3.60590514e+01	8.11495216e+04	3.15848095e+03	1.00000000e-09	5.02948650e+03	1.00000000e-10	5.02948650e+02	-4.85271675e+08	1.68540519e-14
4.29696000e+01	3.61275173e+01	7.97906316e+04	3.10559058e+03	1.00000000e-09	3.15777757e+03	1.00000000e-10	3.15777757e+02	-3.04679218e+08	1.57387408e-14
4.30504084e+01	3.61954585e+01	7.84421546e+04	3.05310550e+03	1.00000000e-09	1.00000000e-09	1.00000000e-10	1.00000000e-10	0.00000000e+00	1.47049478e-14
4.31305952e+01	3.62628771e+01	7.71040504e+04	3.00102415e+03	1.00000000e-09	1.00000000e-09	1.00000000e-10	1.00000000e-10	0.00000000e+00	1.37462413e-14
4.32101628e+01	3.63297751e+01	7.57762789e+04	2.94934497e+03	1.00000000e-09	4.17609030e+03	1.00000000e-10	4.17609030e+02	-4.02931460e+08	1.28567304e-14
4.32891136e+01	3.63961545e+01	7.44871921e+04	2.89917146e+03	1.00000000e-09	3.71213600e+03	1.00000000e-10	3.71213600e+02	-3.58166674e+08	1.20310167e-14
4.33674500e+01	3.64620173e+01	7.32193878e+04	2.84982630e+03	1.00000000e-09	1.00000000e-09	1.00000000e-10	1.00000000e-10	0.00000000e+00	1.12641510e-14
4.34451744e+01	3.65273656e+01	7.19614882e+04	2.80086666e+03	1.00000000e-09	1.00000000e-09	1.00000000e-10	1.00000000e-10	0.00000000e+00	1.05515938e-14
4.35222892e+01	3.65922014e+01	7.07134544e+04	2.75229100e+03	1.00000000e-09	3.48362180e+03	1.00000000e-10	3.48362180e+02	-3.36118407e+08	9.88917940e-15
4.35987968e+01	3.66565266e+01	6.94936461e+04	2.70481394e+03	1.00000000e-09	4.27565025e+03	1.00000000e-10	4.27565025e+02	-4.12537534e+08	9.27308329e-15
4.36746996e+01	3.67203433e+01	6.83088079e+04	2.65869797e+03	1.00000000e-09	1.00000000e-09	1.00000000e-10	1.00000000e-10	0.00000000e+00	8.69979268e-15
4.37500000e+01	3.67836536e+01	6.71333732e+04	2.61294800e+03	1.00000000e-09	1.00000000e-09	1.00000000e-10	1.00000000e-10	0.00000000e+00	8.16607957e-15
4.38247004e+01	3.68464594e+01	6.59673044e+04	2.56756257e+03	1.00000000e-09	3.04309176e+03	1.00000000e-10	3.04309176e+02	-2.93613719e+08	7.66897630e-15
4.38988032e+01	3.69087627e+01	6.48119207e+04	2.52259302e+03	1.00000000e-09	5.07234207e+03	1.00000000e-10	5.07234207e+02	-4.89406609e+08	7.20575336e-15
4.39723108e+01	3.69705657e+01	6.36938899e+04	2.47907731e+03	1.00000000e-09	1.00000000e-09	1.00000000e-10	1.00000000e-10	0.00000000e+00	6.77389909e-15
4.40452256e+01	3.70318702e+01	6.25913442e+04	2.43616431e+03	1.00000000e-09	1.00000000e-09	1.00000000e-10	1.00000000e-10	0.00000000e+00	6.37110126e-15
4.41175500e+01	3.70926783e+01	6.14977259e+04	2.39359878e+03	1.00000000e-09	2.49841344e+03	1.00000000e-10	2.49841344e+02	-2.41060251e+08	5.99523033e-15
4.41892864e+01	3.71529921e+01	6.04129988e+04	2.35137930e+03	1.00000000e-09	5.97163588e+03	1.00000000e-10	5.97163588e+02	-5.76175271e+08	5.64432407e-15
4.42604372e+01	3.72128135e+01	5.93571540e+04	2.31028398e+03	1.00000000e-09	1.00000000e-09	1.00000000e-10	1.00000000e-10	0.00000000e+00	5.31657366e-15
4.43310048e+01	3.72721445e+01	5.83294901e+04	2.27028551e+03	1.00000000e-09	1.00000000e-09	1.00000000e-10	1.00000000e-10	0.00000000e+00	5.01031096e-15
4.44009916e+01	3.73309873e+01	5.73102843e+04	2.23061624e+03	1.00000000e-09	1.48634785e+03	1.00000000e-10	1.48634785e+02	-1.43410766e+08	4.72399686e-15
4.44704000e+01	3.73893437e+01	5.62995016e+04	2.19127482e+03	1.00000000e-09	7.09846831e+03	1.00000000e-10	7.09846831e+02	-6.84898072e+08	4.45621070e-15
4.45392324e+01	3.74472159e+01	5.53030289e+04	2.15249036e+03	1.00000000e-09	1.00000000e-09	1.00000000e-10	1.00000000e-10	0.00000000e+00	4.20564060e-15
4.46074912e+01	3.75046058e+01	5.43384596e+04	2.11494764e+03	1.00000000e-09	1.00000000e-09	1.00000000e-10	1.00000000e-10	0.00000000e+00	3.97107455e-15
4.46751788e+01	3.75615155e+01	5.33829444e+04	2.07775732e+03	1.00000000e-09	1.00000000e-09	1.00000000e-10	1.00000000e-10	0.00000000e+00	3.75139239e-15
4.47422976e+01	3.76179469e+01	5.24354587e+04	2.04087952e+03	1.00000000e-09	8.03452199e+03	1.00000000e-10	8.03452199e+02	-7.75213522e+08	3.54555835e-15
4.48088500e+01	3.76739021e+01	5.14959686e+04	2.00431293e+03	1.00000000e-09	1.21059603e+03	1.00000000e-10	1.21059603e+02	-1.16804760e+08	3.35261434e-15
4.48748384e+01	3.77293831e+01	5.05830687e+04	1.96878128e+03	1.00000000e-09	1.00000000e-09	1.00000000e-10	1.00000000e-10	0.00000000e+00	3.17167369e-15
4.49402652e+01	3.77843919e+01	4.96906874e+04	1.93404824e+03	1.00000000e-09	1.00000000e-09	1.00000000e-10	1.00000000e-10	0.00000000e+00	3.00191551e-15
4.50051328e+01	3.78389306e+01	4.88059332e+04	1.89961206e+03	1.00000000e-09	8.29549481e+03	1.00000000e-10	8.29549481e+02	-8.00393572e+08	2.84257947e-15
4.50694436e+01	3.78930012e+01	4.79287734e+04	1.86547147e+03	1.00000000e-09	3.70916428e+03	1.00000000e-10	3.70916428e+02	-3.57879948e+08	2.69296109e-15
4.51332000e+01	3.79466056e+01	4.70671792e+04	1.83193672e+03	1.00000000e-09	1.00000000e-09	1.00000000e-10	1.00000000e-10	0.00000000e+00	2.55240728e-15
4.51964044e+01	3.79997459e+01	4.62308337e+04	1.79938470e+03	1.00000000e-09	1.00000000e-09	1.00000000e-10	1.00000000e-10	0.00000000e+00	2.42031242e-15
4.52590592e+01	3.80524241e+01	4.54017606e+04	1.76711573e+03	1.00000000e-09	7.52420018e+03	1.00000000e-10	7.52420018e+02	-7.25974953e+08	2.29611463e-15
4.53211668e+01	3.81046423e+01	4.45799283e+04	1.73512858e+03	1.00000000e-09	6.30989693e+03	1.00000000e-10	6.30989693e+02	-6.08812501e+08	2.17929241e-15
4.53827296e+01	3.81564024e+01	4.37653051e+04	1.70342202e+03	1.00000000e-09	1.00000000e-09	1.00000000e-10	1.00000000e-10	0.00000000e+00	2.06936156e-15
4.54437500e+01	3.82077065e+01	4.29734137e+04	1.67260023e+03	1.00000000e-09	1.00000000e-09	1.00000000e-10	1.00000000e-10	0.00000000e+00	1.96587229e-15
4.55042304e+01	3.82585565e+01	4.21964620e+04	1.64235991e+03	1.00000000e-09	5.59786479e+03	1.00000000e-10	5.59786479e+02	-5.40111843e+08	1.86840664e-15
4.55641732e+01	3.83089546e+01	4.14264165e+04	1.61238840e+03	1.00000000e-09	8.48477740e+03	1.00000000e-10	8.48477740e+02	-8.18656565e+08	1.77657604e-15
4.56235808e+01	3.83589027e+01	4.06632464e+04	1.58268449e+03	1.00000000e-09	1.00000000e-09	1.00000000e-10	1.00000000e-10	0.00000000e+00	1.69001915e-15
4.56824556e+01	3.84084028e+01	3.99151007e+04	1.55356535e+03	1.00000000e-09	1.00000000e-09	1.00000000e-10	1.00000000e-10	0.00000000e+00	1.60839975e-15
4.57408000e+01	3.84574570e+01	3.91872582e+04	1.52523645e+03	1.00000000e-09	3.00451204e+03	1.00000000e-10	3.00451204e+02	-2.89891342e+08	1.53140492e-15
4.57986164e+01	3.85060672e+01	3.84660025e+04	1.49716392e+03	1.00000000e-09	9.79455840e+03	1.00000000e-10	9.79455840e+02	-9.45031220e+08	1.45874330e-15
4.58559072e+01	3.85542356e+01	3.77513036e+04	1.46934659e+03	1.00000000e-09	1.00000000e-09	1.00000000e-10	1.00000000e-10	0.00000000e+00	1.39014349e-15
4.59126748e+01	3.86019640e+01	3.70431317e+04	1.44178331e+03	1.00000000e-09	1.00000000e-09	1.00000000e-10	1.00000000e-10	0.00000000e+00	1.32535258e-15
4.59689216e+01	3.86492546e+01	3.63550392e+04	1.41500155e+03	1.00000000e-09	1.33356281e+02	1.00000000e-10	1.33356281e+01	-1.28669251e+07	1.26413481e-15
4.60246500e+01	3.86961093e+01	3.56779307e+04	1.38864730e+03	1.00000000e-09	9.90154059e+03	1.00000000e-10	9.90154059e+02	-9.55353432e+08	1.20627032e-15
4.60798624e+01	3.87425302e+01	3.50070916e+04	1.36253707e+03	1.00000000e-09	1.02806572e+03	1.00000000e-10	1.02806572e+02	-9.91932626e+07	1.15155400e-15
4.61345612e+01	3.87885193e+01	3.43424928e+04	1.33666973e+03	1.00000000e-09	1.00000000e-09	1.00000000e-10	1.00000000e-10	0.00000000e+00	1.09979441e-15
4.61887488e+01	3.88340785e+01	3.36931629e+04	1.31139668e+03	1.00000000e-09	1.00000000e-09	1.00000000e-10	1.00000000e-10	0.00000000e+00	1.05081284e-15
4.62424276e+01	3.88792100e+01	3.30605022e+04	1.28677242e+03	1.00000000e-09	9.16953425e+03	1.00000000e-10	9.16953425e+02	-8.84725557e+08	1.00444235e-15
4.62956000e+01	3.89239157e+01	3.24338100e+04	1.26238046e+03	1.00000000e-09	3.64685366e+03	1.00000000e-10	3.64685366e+02	-3.51867887e+08	9.60526985e-16
4.63482684e+01	3.89681977e+01	3.18130579e+04	1.23821971e+03	1.00000000e-09	1.00000000e-09	1.00000000e-10	1.00000000e-10	0.00000000e+00	9.18920955e-16
4.64004352e+01	3.90120579e+01	3.12004912e+04	1.21437755e+03	1.00000000e-09	1.00000000e-09	1.00000000e-10	1.00000000e-10	0.00000000e+00	8.79487953e-16
4.64521028e+01	3.90554985e+01	3.06063516e+04	1.19125260e+03	1.00000000e-09	7.78232724e+03	1.00000000e-10	7.78232724e+02	-7.50880428e+08	8.42100477e-16
4.65032736e+01	3.90985213e+01	3.00190073e+04	1.16839213e+03	1.00000000e-09	5.62116328e+03	1.00000000e-10	5.62116328e+02	-5.42359806e+08	8.06639220e-16
4.65539500e+01	3.91411285e+01	2.94373378e+04	1.14575254e+03	1.00000000e-09	1.00000000e-09	1.00000000e-10	1.00000000e-10	0.00000000e+00	7.72992501e-16
4.66041344e+01	3.91833220e+01	2.88613155e+04	1.12333275e+03	1.00000000e-09	1.00000000e-09	1.00000000e-10	1.00000000e-10	0.00000000e+00	7.41055742e-16
4.66538292e+01	3.92251038e+01	2.83017356e+04	1.10155292e+03	1.00000000e-09	6.00013000e+03	1.00000000e-10	6.00013000e+02	-5.78924536e+08	7.10730980e-16
4.67030368e+01	3.92664761e+01	2.77546191e+04	1.08025819e+03	1.00000000e-09	6.83412247e+03	1.00000000e-10	6.83412247e+02	-6.59392576e+08	6.81926414e-16
4.67517596e+01	3.93074407e+01	2.72128929e+04	1.05917327e+03	1.00000000e-09	1.00000000e-09	1.00000000e-10	1.00000000e-10	0.00000000e+00	6.54555987e-16
4.68000000e+01	3.93479997e+01	2.66765303e+04	1.03829710e+03	1.00000000e-09	1.00000000e-09	1.00000000e-10	1.00000000e-10	0.00000000e+00	6.28539001e-16
4.68477604e+01	3.93881552e+01	2.61520278e+04	1.01788254e+03	1.00000000e-09	4.10677210e+03	1.00000000e-10	4.10677210e+02	-3.96243270e+08	6.03799751e-16
4.68950432e+01	3.94279091e+01	2.56432380e+04	9.98079556e+02	1.00000000e-09	7.45622889e+03	1.00000000e-10	7.45622889e+02	-7.19416721e+08	5.80267197e-16
4.69418508e+01	3.94672635e+01	2.51395616e+04	9.78475592e+02	1.00000000e-09	1.00000000e-09	1.00000000e-10	1.00000000e-10	0.00000000e+00	5.57874648e-16
4.69881856e+01	3.95062204e+01	2.46409728e+04	9.59069647e+02	1.00000000e-09	1.00000000e-09	1.00000000e-10	1.00000000e-10	0.00000000e+00	5.36559478e-16
4.70340500e+01	3.95447818e+01	2.41486806e+04	9.39908776e+02	1.00000000e-09	2.34358109e+03	1.00000000e-10	2.34358109e+02	-2.26121200e+08	5.16262854e-16
4.70794464e+01	3.95829497e+01	2.36725761e+04	9.21377960e+02	1.00000000e-09	7.60164845e+03	1.00000000e-10	7.60164845e+02	-7.33447576e+08	4.96929491e-16
4.71243772e+01	3.96207261e+01	2.32024953e+04	9.03081592e+02	1.00000000e-09	1.00000000e-09	1.00000000e-10	1.00000000e-10	0.00000000e+00	4.78507418e-16
4.71688448e+01	3.96581131e+01	2.27372605e+04	8.84973845e+02	1.00000000e-09	1.00000000e-09	1.00000000e-10	1.00000000e-10	0.00000000e+00	4.60947762e-16
4.72128516e+01	3.96951126e+01	2.22768469e+04	8.67053741e+02	1.00000000e-09	7.30238592e+02	1.00000000e-10	7.30238592e+01	-7.04573130e+07	4.44204552e-16
4.72564000e+01	3.97317268e+01	2.18306880e+04	8.49688462e+02	1.00000000e-09	7.41967837e+03	1.00000000e-10	7.41967837e+02	-7.15890132e+08	4.28234527e-16
4.72994924e+01	3.97679576e+01	2.13945912e+04	8.32714813e+02	1.00000000e-09	1.00000000e-09	1.00000000e-10	1.00000000e-10	0.00000000e+00	4.12996964e-16
4.73421312e+01	3.98038070e+01	2.09630849e+04	8.15919833e+02	1.00000000e-09	1.00000000e-09	1.00000000e-10	1.00000000e-10	0.00000000e+00	3.98453519e-16
4.73843188e+01	3.98392770e+01	2.05361447e+04	7.99302576e+02	1.00000000e-09	1.00000000e-09	1.00000000e-10	1.00000000e-10	0.00000000e+00	3.84568073e-16
4.74260576e+01	3.98743697e+01	2.01199566e+04	7.83103809e+02	1.00000000e-09	7.08114389e+03	1.00000000e-10	7.08114389e+02	-6.83226520e+08	3.71306593e-16
4.74673500e+01	3.99090871e+01	1.97161399e+04	7.67386559e+02	1.00000000e-09	7.56990940e+02	1.00000000e-10	7.56990940e+01	-7.30385222e+07	3.58637001e-16
4.75081984e+01	3.99434311e+01	1.93166652e+04	7.51838309e+02	1.00000000e-09	1.00000000e-09	1.00000000e-10	1.00000000e-10	0.00000000e+00	3.46529052e-16
4.75486052e+01	3.99774039e+01	1.89215092e+04	7.36458148e+02	1.00000000e-09	1.00000000e-09	1.00000000e-10	1.00000000e-10	0.00000000e+00	3.34954220e-16
4.75885728e+01	4.00110075e+01	1.85330563e+04	7.21338884e+02	1.00000000e-09	6.70767929e+03	1.00000000e-10	6.70767929e+02	-6.47192664e+08	3.23885590e-16
4.76281036e+01	4.00442437e+01	1.81574331e+04	7.06718970e+02	1.00000000e-09	1.61281386e+03	1.00000000e-10	1.61281386e+02	-1.55612881e+08	3.13297763e-16
4.76672000e+01	4.00771148e+01	1.77859375e+04	6.92259714e+02	1.00000000e-09	1.00000000e-09	1.00000000e-10	1.00000000e-10	0.00000000e+00	3.03166757e-16
4.77058644e+01	4.01096226e+01	1.74185468e+04	6.77960226e+02	1.00000000e-09	1.00000000e-09	1.00000000e-10	1.00000000e-10	0.00000000e+00	2.93469927e-16
4.77440992e+01	4.01417693e+01	1.70552381e+04	6.63819620e+02	1.00000000e-09	6.29711786e+03	1.00000000e-10	6.29711786e+02	-6.07579508e+08	2.84185879e-16
4.77819068e+01	4.01735567e+01	1.67036544e+04	6.50135369e+02	1.00000000e-09	2.39474328e+03	1.00000000e-10	2.39474328e+02	-2.31057600e+08	2.75294397e-16
4.78192896e+01	4.02049871e+01	1.63584516e+04	6.36699473e+02	1.00000000e-09	1.00000000e-09	1.00000000e-10	1.00000000e-10	0.00000000e+00	2.66776373e-16
4.78562500e+01	4.02360622e+01	1.60171493e+04	6.23415393e+02	1.00000000e-09	1.00000000e-09	1.00000000e-10	1.00000000e-10	0.00000000e+00	2.58613737e-16
4.78927904e+01	4.02667843e+01	1.56797254e+04	6.10282266e+02	1.00000000e-09	5.97876208e+03	1.00000000e-10	5.97876208e+02	-5.76862845e+08	2.50789400e-16
4.79289132e+01	4.02971552e+01	1.53518483e+04	5.97520716e+02	1.00000000e-09	3.22200266e+03	1.00000000e-10	3.22200266e+02	-3.10875997e+08	2.43287191e-16
4.79646208e+01	4.03271771e+01	1.50322548e+04	5.85081579e+02	1.00000000e-09	1.00000000e-09	1.00000000e-10	1.00000000e-10	0.00000000e+00	2.36091809e-16
4.79999156e+01	4.03568518e+01	1.47163559e+04	5.72786245e+02	1.00000000e-09	1.00000000e-09	1.00000000e-10	1.00000000e-10	0.00000000e+00	2.29188766e-16
4.80348000e+01	4.03861816e+01	1.44041303e+04	5.60633879e+02	1.00000000e-09	5.74319097e+03	1.00000000e-10	5.74319097e+02	-5.54133688e+08	2.22564343e-16
4.80692764e+01	4.04151683e+01	1.40988025e+04	5.48749988e+02	1.00000000e-09	4.16482012e+03	1.00000000e-10	4.16482012e+02	-4.01844053e+08	2.16205543e-16
4.81033472e+01	4.04438139e+01	1.38025117e+04	5.37217834e+02	1.00000000e-09	1.00000000e-09	1.00000000e-10	1.00000000e-10	0.00000000e+00	2.10100054e-16
4.81370148e+01	4.04721206e+01	1.35097273e+04	5.25822154e+02	1.00000000e-09	1.00000000e-09	1.00000000e-10	1.00000000e-10	0.00000000e+00	2.04236203e-16
4.81702816e+01	4.05000903e+01	1.32204284e+04	5.14562135e+02	1.00000000e-09	5.47609555e+03	1.00000000e-10	5.47609555e+02	-5.28362898e+08	1.98602925e-16
4.82031500e+01	4.05277251e+01	1.29354398e+04	5.03469884e+02	1.00000000e-09	5.22687219e+03	1.00000000e-10	5.22687219e+02	-5.04316499e+08	1.93189726e-16
4.82356224e+01	4.05550269e+01	1.26592310e+04	4.92719356e+02	1.00000000e-09	1.00000000e-09	1.00000000e-10	1.00000000e-10	0.00000000e+00	1.87986649e-16
4.82677012e+01	4.05819977e+01	1.23865645e+04	4.82106700e+02	1.00000000e-09	1.00000000e-09	1.00000000e-10	1.00000000e-10	0.00000000e+00	1.82984249e-16
4.82993888e+01	4.06086397e+01	1.21172232e+04	4.71623465e+02	1.00000000e-09	5.05454223e+03	1.00000000e-10	5.05454223e+02	-4.87689186e+08	1.78173558e-16
4.83306876e+01	4.06349548e+01	1.18511866e+04	4.61268857e+02	1.00000000e-09	6.28008729e+03	1.00000000e-10	6.28008729e+02	-6.05936308e+08	1.73546062e-16
4.83616000e+01	4.06609449e+01	1.15929175e+04	4.51216574e+02	1.00000000e-09	1.00000000e-09	1.00000000e-10	1.00000000e-10	0.00000000e+00	1.69093676e-16
4.83921284e+01	4.06866123e+01	1.13397599e+04	4.41363239e+02	1.00000000e-09	1.00000000e-09	1.00000000e-10	1.00000000e-10	0.00000000e+00	1.64808718e-16
4.84222752e+01	4.07119588e+01	1.10897668e+04	4.31633070e+02	1.00000000e-09	4.37159078e+03	1.00000000e-10	4.37159078e+02	-4.21794388e+08	1.60683890e-16
4.84520428e+01	4.07369865e+01	1.08429182e+04	4.22025291e+02	1.00000000e-09	7.42557948e+03	1.00000000e-10	7.42557948e+02	-7.16459503e+08	1.56712252e-16
4.84814336e+01	4.07616974e+01	1.06023636e+04	4.12662487e+02	1.00000000e-09	1.00000000e-09	1.00000000e-10	1.00000000e-10	0.00000000e+00	1.52887209e-16
4.85104500e+01	4.07860934e+01	1.03678355e+04	4.03534244e+02	1.00000000e-09	1.00000000e-09	1.00000000e-10	1.00000000e-10	0.00000000e+00	1.49202487e-16
4.85390944e+01	4.08101768e+01	1.01363141e+04	3.94523028e+02	1.00000000e-09	3.35252725e+03	1.00000000e-10	3.35252725e+02	-3.23469705e+08	1.45652119e-16
4.85673692e+01	4.08339494e+01	9.90778005e+03	3.85628084e+02	1.00000000e-09	8.56290750e+03	1.00000000e-10	8.56290750e+02	-8.26194974e+08	1.42230424e-16
4.85952768e+01	4.08574132e+01	9.68391403e+03	3.76914827e+02	1.00000000e-09	1.00000000e-09	1.00000000e-10	1.00000000e-10	0.00000000e+00	1.38931999e-16
4.86228196e+01	4.08805703e+01	9.46635493e+03	3.68447048e+02	1.00000000e-09	1.00000000e-09	1.00000000e-10	1.00000000e-10	0.00000000e+00	1.35751697e-16
4.86500000e+01	4.09034228e+01	9.25165841e+03	3.60090685e+02	1.00000000e-09	1.98004659e+03	1.00000000e-10	1.98004659e+02	-1.91045453e+08	1.32684617e-16
4.86768204e+01	4.09259726e+01	9.03980551e+03	3.51845000e+02	1.00000000e-09	9.56499154e+03	1.00000000e-10	9.56499154e+02	-9.22881386e+08	1.29726092e-16
4.87032832e+01	4.09482217e+01	8.83108906e+03	3.43721392e+02	1.00000000e-09	1.00000000e-09	1.00000000e-10	1.00000000e-10	0.00000000e+00	1.26871675e-16
4.87293908e+01	4.09701721e+01	8.62842787e+03	3.35833465e+02	1.00000000e-09	1.00000000e-09	1.00000000e-10	1.00000000e-10	0.00000000e+00	1.24117124e-16
4.87551456e+01	4.09918260e+01	8.42875976e+03	3.28062034e+02	1.00000000e-09	2.64480022e+02	1.00000000e-10	2.64480022e+01	-2.55184428e+07	1.21458401e-16
4.87805500e+01	4.10131852e+01	8.23180819e+03	3.20396335e+02	1.00000000e-09	1.02983191e+04	1.00000000e-10	1.02983191e+03	-9.93636743e+08	1.18891652e-16
4.88056064e+01	4.10342519e+01	8.03755454e+03	3.12835644e+02	1.00000000e-09	6.06360037e+02	1.00000000e-10	6.06360037e+01	-5.85048496e+07	1.16413201e-16
4.88303172e+01	4.10550279e+01	7.84870573e+03	3.05485319e+02	1.00000000e-09	1.00000000e-09	1.00000000e-10	1.00000000e-10	0.00000000e+00	1.14019543e-16
4.88546848e+01	4.10755155e+01	7.66372445e+03	2.98285525e+02	1.00000000e-09	1.00000000e-09	1.00000000e-10	1.00000000e-10	0.00000000e+00	1.11707331e-16
4.88787116e+01	4.10957165e+01	7.48133026e+03	2.91186425e+02	1.00000000e-09	1.06586933e+04	1.00000000e-10	1.06586933e+03	-1.02840757e+09	1.09473372e-16
4.89024000e+01	4.11156329e+01	7.30150497e+03	2.84187311e+02	1.00000000e-09	2.59038667e+03	1.00000000e-10	2.59038667e+02	-2.49934318e+08	1.07314616e-16
4.89257524e+01	4.11352669e+01	7.12617992e+03	2.77363354e+02	1.00000000e-09	1.00000000e-09	1.00000000e-10	1.00000000e-10	0.00000000e+00	1.05228153e-16
4.89487712e+01	4.11546204e+01	6.95523952e+03	2.70710055e+02	1.00000000e-09	1.00000000e-09	1.00000000e-10	1.00000000e-10	0.00000000e+00	1.03211201e-16
4.89714588e+01	4.11736955e+01	6.78675865e+03	2.64152486e+02	1.00000000e-09	1.05622290e+04	1.00000000e-10	1.05622290e+03	-1.01910018e+09	1.01261102e-16
4.89938176e+01	4.11924940e+01	6.62071949e+03	2.57689952e+02	1.00000000e-09	4.67912621e+03	1.00000000e-10	4.67912621e+02	-4.51467046e+08	9.93753163e-17
4.90158500e+01	4.12110182e+01	6.45817343e+03	2.51363376e+02	1.00000000e-09	1.00000000e-09	1.00000000e-10	1.00000000e-10	0.00000000e+00	9.75514170e-17
4.90375584e+01	4.12292700e+01	6.30017102e+03	2.45213647e+02	1.00000000e-09	1.00000000e-09	1.00000000e-10	1.00000000e-10	0.00000000e+00	9.57870825e-17
4.90589452e+01	4.12472513e+01	6.14450935e+03	2.39155023e+02	1.00000000e-09	9.95635009e+03	1.00000000e-10	9.95635009e+02	-9.60641745e+08	9.40800932e-17
4.90800128e+01	4.12649643e+01	5.99117095e+03	2.33186825e+02	1.00000000e-09	6.76289802e+03	1.00000000e-10	6.76289802e+02	-6.52520462e+08	9.24283255e-17
4.91007636e+01	4.12824110e+01	5.84034709e+03	2.27316497e+02	1.00000000e-09	1.00000000e-09	1.00000000e-10	1.00000000e-10	0.00000000e+00	9.08297478e-17
4.91212000e+01	4.12995933e+01	5.69390284e+03	2.21616631e+02	1.00000000e-09	1.00000000e-09	1.00000000e-10	1.00000000e-10	0.00000000e+00	8.92824156e-17
4.91413244e+01	4.13165132e+01	5.54986728e+03	2.16010516e+02	1.00000000e-09	8.80842622e+03	1.00000000e-10	8.80842622e+02	-8.49883930e+08	8.77844676e-17
4.91611392e+01	4.13331729e+01	5.40804762e+03	2.10490648e+02	1.00000000e-09	8.70900879e+03	1.00000000e-10	8.70900879e+02	-8.40291605e+08	8.63341217e-17
4.91806468e+01	4.13495743e+01	5.26842666e+03	2.05056356e+02	1.00000000e-09	1.00000000e-09	1.00000000e-10	1.00000000e-10	0.00000000e+00	8.49296711e-17
4.91998496e+01	4.13657194e+01	5.13274719e+03	1.99775475e+02	1.00000000e-09	1.00000000e-09	1.00000000e-10	1.00000000e-10	0.00000000e+00	8.35694808e-17
4.92187500e+01	4.13816103e+01	5.00002507e+03	1.94609698e+02	1.00000000e-09	7.20413155e+03	1.00000000e-10	7.20413155e+02	-6.95093025e+08	8.22519845e-17
4.92373504e+01	4.13972489e+01	4.86940959e+03	1.89525916e+02	1.00000000e-09	1.03985913e+04	1.00000000e-10	1.03985913e+03	-1.00331153e+09	8.09756808e-17
4.92556532e+01	4.14126374e+01	4.74088392e+03	1.84523473e+02	1.00000000e-09	1.00000000e-09	1.00000000e-10	1.00000000e-10	0.00000000e+00	7.97391308e-17
4.92736608e+01	4.14277776e+01	4.61565754e+03	1.79649443e+02	1.00000000e-09	1.00000000e-09	1.00000000e-10	1.00000000e-10	0.00000000e+00	7.85409548e-17
4.92913756e+01	4.14426717e+01	4.49370573e+03	1.74902866e+02	1.00000000e-09	5.21142489e+03	1.00000000e-10	5.21142489e+02	-5.02826062e+08	7.73798296e-17
4.93088000e+01	4.14573216e+01	4.37375308e+03	1.70234100e+02	1.00000000e-09	1.17060617e+04	1.00000000e-10	1.17060617e+03	-1.12946325e+09	7.62544861e-17
4.93259364e+01	4.14717293e+01	4.25578308e+03	1.65642502e+02	1.00000000e-09	1.00000000e-09	1.00000000e-10	1.00000000e-10	0.00000000e+00	7.51637067e-17
4.93427872e+01	4.14858969e+01	4.14036628e+03	1.61150279e+02	1.00000000e-09	1.00000000e-09	1.00000000e-10	1.00000000e-10	0.00000000e+00	7.41063228e-17
4.93593548e+01	4.14998265e+01	4.02827400e+03	1.56787451e+02	1.00000000e-09	2.86992082e+03	1.00000000e-10	2.86992082e+02	-2.76905263e+08	7.30812129e-17
4.93756416e+01	4.15135199e+01	3.91808155e+03	1.52498569e+02	1.00000000e-09	1.24928431e+04	1.00000000e-10	1.24928431e+03	-1.20537612e+09	7.20873002e-17
4.93916500e+01	4.15269793e+01	3.80977268e+03	1.48282999e+02	1.00000000e-09	1.00000000e-09	1.00000000e-10	1.00000000e-10	0.00000000e+00	7.11235509e-17
4.94073824e+01	4.15402066e+01	3.70333115e+03	1.44140109e+02	1.00000000e-09	1.00000000e-09	1.00000000e-10	1.00000000e-10	0.00000000e+00	7.01889717e-17
4.94228412e+01	4.15532039e+01	3.59999141e+03	1.40117946e+02	1.00000000e-09	2.64874854e+02	1.00000000e-10	2.64874854e+01	-2.55565382e+07	6.92826086e-17
4.94380288e+01	4.15659732e+01	3.49878525e+03	1.36178826e+02	1.00000000e-09	1.25940687e+04	1.00000000e-10	1.25940687e+03	-1.21514290e+09	6.84035449e-17
4.94529476e+01	4.15785164e+01	3.39937031e+03	1.32309423e+02	1.00000000e-09	9.58839519e+02	1.00000000e-10	9.58839519e+01	-9.25139495e+07	6.75508996e-17
4.94676000e+01	4.15908357e+01	3.30173059e+03	1.28509114e+02	1.00000000e-09	1.00000000e-09	1.00000000e-10	1.00000000e-10	0.00000000e+00	6.67238256e-17
4.94819884e+01	4.16029330e+01	3.20672125e+03	1.24811185e+02	1.00000000e-09	1.00000000e-09	1.00000000e-10	1.00000000e-10	0.00000000e+00	6.59215086e-17
4.94961152e+01	4.16148104e+01	3.11417246e+03	1.21209025e+02	1.00000000e-09	1.20627484e+04	1.00000000e-10	1.20627484e+03	-1.16387828e+09	6.51431654e-17
4.95099828e+01	4.16264699e+01	3.02332176e+03	1.17672957e+02	1.00000000e-09	3.81374067e+03	1.00000000e-10	3.81374067e+02	-3.67970035e+08	6.43880426e-17
4.95235936e+01	4.16379134e+01	2.93415344e+03	1.14202370e+02	1.00000000e-09	1.00000000e-09	1.00000000e-10	1.00000000e-10	0.00000000e+00	6.36554152e-17
4.95369500e+01	4.16491431e+01	2.84699086e+03	1.10809851e+02	1.00000000e-09	1.00000000e-09	1.00000000e-10	1.00000000e-10	0.00000000e+00	6.29445858e-17
4.95500544e+01	4.16601608e+01	2.76233935e+03	1.07515067e+02	1.00000000e-09	1.07666672e+04	1.00000000e-10	1.07666672e+03	-1.03882546e+09	6.22548829e-17
4.95629092e+01	4.16709688e+01	2.67930020e+03	1.04283038e+02	1.00000000e-09	6.61637921e+03	1.00000000e-10	6.61637921e+02	-6.38383546e+08	6.15856601e-17
4.95755168e+01	4.16815688e+01	2.59785791e+03	1.01113162e+02	1.00000000e-09	1.00000000e-09	1.00000000e-10	1.00000000e-10	0.00000000e+00	6.09362948e-17
4.95878796e+01	4.16919631e+01	2.51799697e+03	9.80048348e+01	1.00000000e-09	1.00000000e-09	1.00000000e-10	1.00000000e-10	0.00000000e+00	6.03061874e-17
4.96000000e+01	4.17021536e+01	2.44038591e+03	9.49840770e+01	1.00000000e-09	8.57416903e+03	1.00000000e-10	8.57416903e+02	-8.27281547e+08	5.96947603e-17
4.96118804e+01	4.17121422e+01	2.36470595e+03	9.20384809e+01	1.00000000e-09	9.05408625e+03	1.00000000e-10	9.05408625e+02	-8.73586519e+08	5.91014569e-17
4.96235232e+01	4.17219311e+01	2.29053954e+03	8.91517948e+01	1.00000000e-09	1.00000000e-09	1.00000000e-10	1.00000000e-10	0.00000000e+00	5.85257406e-17
4.96349308e+01	4.17315223e+01	2.21787139e+03	8.63234236e+01	1.00000000e-09	1.00000000e-09	1.00000000e-10	1.00000000e-10	0.00000000e+00	5.79670942e-17
4.96461056e+01	4.17409177e+01	2.14694659e+03	8.35629068e+01	1.00000000e-09	5.38059136e+03	1.00000000e-10	5.38059136e+02	-5.19148144e+08	5.74250190e-17
4.96570500e+01	4.17501194e+01	2.07806168e+03	8.08817857e+01	1.00000000e-09	1.08993761e+04	1.00000000e-10	1.08993761e+03	-1.05162992e+09	5.68990341e-17
4.96677664e+01	4.17591295e+01	2.01061181e+03	7.82565193e+01	1.00000000e-09	1.00000000e-09	1.00000000e-10	1.00000000e-10	0.00000000e+00	5.63886753e-17
4.96782572e+01	4.17679498e+01	1.94458189e+03	7.56865196e+01	1.00000000e-09	1.00000000e-09	1.00000000e-10	1.00000000e-10	0.00000000e+00	5.58934950e-17
4.96885248e+01	4.17765825e+01	1.87995681e+03	7.31711987e+01	1.00000000e-09	1.11130786e+03	1.00000000e-10	1.11130786e+02	-1.07224908e+08	5.54130609e-17
4.96985716e+01	4.17850295e+01	1.81712583e+03	7.07257074e+01	1.00000000e-09	1.15507940e+04	1.00000000e-10	1.15507940e+03	-1.11448219e+09	5.49469559e-17
4.97084000e+01	4.17932929e+01	1.75600890e+03	6.83469298e+01	1.00000000e-09	1.24445307e+03	1.00000000e-10	1.24445307e+02	-1.20071468e+08	5.44947772e-17
4.97180124e+01	4.18013747e+01	1.69623515e+03	6.60204309e+01	1.00000000e-09	1.00000000e-09	1.00000000e-10	1.00000000e-10	0.00000000e+00	5.40561356e-17
4.97274112e+01	4.18092770e+01	1.63778964e+03	6.37456299e+01	1.00000000e-09	1.00000000e-09	1.00000000e-10	1.00000000e-10	0.00000000e+00	5.36306554e-17
4.97365988e+01	4.18170016e+01	1.58066214e+03	6.15221281e+01	1.00000000e-09	1.01899893e+04	1.00000000e-10	1.01899893e+03	-9.83184505e+08	5.32179733e-17
4.97455776e+01	4.18245507e+01	1.52521054e+03	5.93638548e+01	1.00000000e-09	6.31534606e+03	1.00000000e-10	6.31534606e+02	-6.09338262e+08	5.28177381e-17
4.97543500e+01	4.18319263e+01	1.47121170e+03	5.72621259e+01	1.00000000e-09	1.00000000e-09	1.00000000e-10	1.00000000e-10	0.00000000e+00	5.24296106e-17
4.97629184e+01	4.18391303e+01	1.41846859e+03	5.52092721e+01	1.00000000e-09	1.00000000e-09	1.00000000e-10	1.00000000e-10	0.00000000e+00	5.20532625e-17
4.97712852e+01	4.18461649e+01	1.36696644e+03	5.32047186e+01	1.00000000e-09	5.92413879e+03	1.00000000e-10	5.92413879e+02	-5.71592499e+08	5.16883762e-17
4.97794528e+01	4.18530319e+01	1.31676580e+03	5.12508221e+01	1.00000000e-09	1.03835799e+04	1.00000000e-10	1.03835799e+03	-1.00186315e+09	5.13346446e-17
4.97874236e+01	4.18597336e+01	1.26807736e+03	4.93557829e+01	1.00000000e-09	1.00000000e-09	1.00000000e-10	1.00000000e-10	0.00000000e+00	5.09917704e-17
4.97952000e+01	4.18662717e+01	1.22067512e+03	4.75108052e+01	1.00000000e-09	1.00000000e-09	1.00000000e-10	1.00000000e-10	0.00000000e+00	5.06594657e-17
4.98027844e+01	4.18726484e+01	1.17444325e+03	4.57113802e+01	1.00000000e-09	1.00000000e-09	1.00000000e-10	1.00000000e-10	0.00000000e+00	5.03374517e-17
4.98101792e+01	4.18788658e+01	1.12936712e+03	4.39569385e+01	1.00000000e-09	1.07228083e+04	1.00000000e-10	1.07228083e+03	-1.03459372e+09	5.00254585e-17
4.98173868e+01	4.18849257e+01	1.08549537e+03	4.22493733e+01	1.00000000e-09	5.24417127e+03	1.00000000e-10	5.24417127e+02	-5.05985607e+08	4.97232245e-17
4.98244096e+01	4.18908302e+01	1.04297745e+03	4.05945017e+01	1.00000000e-09	1.00000000e-09	1.00000000e-10	1.00000000e-10	0.00000000e+00	4.94304961e-17
4.98312500e+01	4.18965814e+01	1.00165206e+03	3.89860455e+01	1.00000000e-09	1.00000000e-09	1.00000000e-10	1.00000000e-10	0.00000000e+00	4.91470275e-17
4.98379104e+01	4.19021813e+01	9.61414115e+02	3.74199145e+01	1.00000000e-09	4.80849804e+03	1.00000000e-10	4.80849804e+02	-4.63949531e+08	4.88725802e-17
4.98443932e+01	4.19076318e+01	9.22249119e+02	3.58955446e+01	1.00000000e-09	1.08846686e+04	1.00000000e-10	1.08846686e+03	-1.05021086e+09	4.86069230e-17
4.98507008e+01	4.19129351e+01	8.84150575e+02	3.44126828e+01	1.00000000e-09	2.84960513e+02	1.00000000e-10	2.84960513e+01	-2.74945098e+07	4.83498313e-17
4.98568356e+01	4.19180930e+01	8.47255502e+02	3.29766622e+01	1.00000000e-09	1.00000000e-09	1.00000000e-10	1.00000000e-10	0.00000000e+00	4.81010873e-17
4.98628000e+01	4.19231077e+01	8.11493169e+02	3.15847298e+01	1.00000000e-09	1.00000000e-09	1.00000000e-10	1.00000000e-10	0.00000000e+00	4.78604793e-17
4.98685964e+01	4.19279811e+01	7.76738158e+02	3.02320041e+01	1.00000000e-09	7.58801589e+03	1.00000000e-10	7.58801589e+02	-7.32132233e+08	4.76278018e-17
4.98742272e+01	4.19327153e+01	7.42976078e+02	2.89179251e+01	1.00000000e-09	9.77901840e+03	1.00000000e-10	9.77901840e+02	-9.43531838e+08	4.74028550e-17
4.98796948e+01	4.19373123e+01	7.10192540e+02	2.76419326e+01	1.00000000e-09	1.00000000e-09	1.00000000e-10	1.00000000e-10	0.00000000e+00	4.71854447e-17
4.98850016e+01	4.19417741e+01	6.78451461e+02	2.64065144e+01	1.00000000e-09	1.00000000e-09	1.00000000e-10	1.00000000e-10	0.00000000e+00	4.69753819e-17
4.98901500e+01	4.19461027e+01	6.47770391e+02	2.52123537e+01	1.00000000e-09	1.00000000e-09	1.00000000e-10	1.00000000e-10	0.00000000e+00	4.67724830e-17
4.98951424e+01	4.19503002e+01	6.18044058e+02	2.40553529e+01	1.00000000e-09	7.73246354e+03	1.00000000e-10	7.73246354e+02	-7.46069313e+08	4.65765690e-17
4.98999812e+01	4.19543685e+01	5.89232307e+02	2.29339493e+01	1.00000000e-09	9.62288566e+03	1.00000000e-10	9.62288566e+02	-9.28467319e+08	4.63874658e-17
4.99046688e+01	4.19583097e+01	5.61320850e+02	2.18475867e+01	1.00000000e-09	1.00000000e-09	1.00000000e-10	1.00000000e-10	0.00000000e+00	4.62050038e-17
4.99092076e+01	4.19621258e+01	5.34295394e+02	2.07957088e+01	1.00000000e-09	1.00000000e-09	1.00000000e-10	1.00000000e-10	0.00000000e+00	4.60290176e-17
4.99136000e+01	4.19658188e+01	5.08206182e+02	1.97802712e+01	1.00000000e-09	1.00000000e-09	1.00000000e-10	1.00000000e-10	0.00000000e+00	4.58593462e-17
4.99178484e+01	4.19693907e+01	4.83042227e+02	1.88008461e+01	1.00000000e-09	5.34473404e+03	1.00000000e-10	5.34473404e+02	-5.15688439e+08	4.56958323e-17
4.99219552e+01	4.19728436e+01	4.58727923e+02	1.78544910e+01	1.00000000e-09	1.02448811e+04	1.00000000e-10	1.02448811e+03	-9.88480759e+08	4.55383226e-17
4.99259228e+01	4.19761794e+01	4.35237753e+02	1.69402126e+01	1.00000000e-09	2.87389751e+03	1.00000000e-10	2.87389751e+02	-2.77288956e+08	4.53866673e-17
4.99297536e+01	4.19794002e+01	4.12557507e+02	1.60574579e+01	1.00000000e-09	1.00000000e-09	1.00000000e-10	1.00000000e-10	0.00000000e+00	4.52407202e-17
4.99334500e+01	4.19825081e+01	3.90672976e+02	1.52056737e+01	1.00000000e-09	1.00000000e-09	1.00000000e-10	1.00000000e-10	0.00000000e+00	4.51003385e-17
4.99370144e+01	4.19855049e+01	3.69601873e+02	1.43855497e+01	1.00000000e-09	1.00000000e-09	1.00000000e-10	1.00000000e-10	0.00000000e+00	4.49653824e-17
4.99404492e+01	4.19883928e+01	3.49343910e+02	1.35970744e+01	1.00000000e-09	8.53216410e+03	1.00000000e-10	8.53216410e+02	-8.23228687e+08	4.48357154e-17
4.99437568e+01	4.19911737e+01	3.29859204e+02	1.28386957e+01	1.00000000e-09	8.35862141e+03	1.00000000e-10	8.35862141e+02	-8.06484363e+08	4.47112037e-17
4.99469396e+01	4.19938497e+01	3.11109682e+02	1.21089315e+01	1.00000000e-09	1.00000000e-09	1.00000000e-10	1.00000000e-10	0.00000000e+00	4.45917164e-17
4.99500000e+01	4.19964228e+01	2.93081204e+02	1.14072317e+01	1.00000000e-09	1.00000000e-09	1.00000000e-10	1.00000000e-10	0.00000000e+00	4.44771254e-17
4.99529404e+01	4.19988950e+01	2.75759633e+02	1.07330460e+01	1.00000000e-09	1.00000000e-09	1.00000000e-10	1.00000000e-10	0.00000000e+00	4.43673050e-17
4.99557632e+01	4.20012683e+01	2.59130830e+02	1.00858240e+01	1.00000000e-09	1.00000000e-09	1.00000000e-10	1.00000000e-10	0.00000000e+00	4.42621318e-17
4.99584708e+01	4.20035448e+01	2.43200630e+02	9.46579280e+00	1.00000000e-09	7.83813826e+03	1.00000000e-10	7.83813826e+02	-7.56265373e+08	4.41614852e-17
4.99610656e+01	4.20057264e+01	2.27959196e+02	8.87256959e+00	1.00000000e-09	8.46851942e+03	1.00000000e-10	8.46851942e+02	-8.17087909e+08	4.40652463e-17
4.99635500e+01	4.20078152e+01	2.13379890e+02	8.30511756e+00	1.00000000e-09	1.77073709e+03	1.00000000e-10	1.77073709e+02	-1.70850156e+08	4.39732985e-17
4.99659264e+01	4.20098132e+01	1.99434365e+02	7.76233339e+00	2.43221601e-09	1.00000000e-09	2.43221601e-10	1.00000000e-10	1.38187837e-04	4.38855274e-17
4.99681972e+01	4.20117224e+01	1.86108536e+02	7.24366890e+00	6.58444964e-09	1.00000000e-09	6.58444964e-10	1.00000000e-10	5.38817478e-04	4.38018203e-17
4.99703648e+01	4.20135449e+01	1.73388321e+02	6.74857592e+00	1.75997643e-08	1.00000000e-09	1.75997643e-09	1.00000000e-10	1.60163377e-03	4.37220663e-17
4.99724316e+01	4.20152826e+01	1.61259634e+02	6.27650626e+00	4.63668196e-08	2.98955402e+03	4.63668196e-09	2.98955402e+02	-2.88448112e+08	4.36461563e-17
4.99744000e+01	4.20169376e+01	1.49710919e+02	5.82701015e+00	1.20169592e-07	8.12750154e+03	1.20169592e-08	8.12750154e+02	-7.84184685e+08	4.35739830e-17
4.99762724e+01	4.20185118e+01	1.38735225e+02	5.39981697e+00	3.05763711e-07	7.42690639e+03	3.05763711e-08	7.42690639e+02	-7.16587530e+08	4.35054403e-17
4.99780512e+01	4.20200074e+01	1.28319019e+02	4.99440008e+00	7.62453423e-07	1.81121960e+03	7.62453423e-08	1.81121960e+02	-1.74756125e+08	4.34404240e-17
4.99797388e+01	4.20214263e+01	1.18443574e+02	4.61003053e+00	1.86085347e-06	1.00000000e-09	1.86085347e-07	1.00000000e-10	1.79448580e-01	4.33788308e-17
4.99813376e+01	4.20227705e+01	1.09088393e+02	4.24591057e+00	4.44110006e-06	1.00000000e-09	4.44110006e-07	1.00000000e-10	4.28404529e-01	4.33205592e-17
4.99828500e+01	4.20240421e+01	1.00238772e+02	3.90146785e+00	1.03561955e-05	1.00000000e-09	1.03561955e-06	1.00000000e-10	9.99124477e-01	4.32655087e-17
4.99842784e+01	4.20252430e+01	9.18806654e+01	3.57615578e+00	2.35792773e-05	1.00000000e-09	2.35792773e-06	1.00000000e-10	2.27495792e+00	4.32135800e-17
4.99856252e+01	4.20263754e+01	8.40000315e+01	3.26942776e+00	5.23881942e-05	4.10053387e+03	5.23881942e-06	4.10053387e+02	-3.95641367e+08	4.31646749e-17
4.99868928e+01	4.20274411e+01	7.65828267e+01	2.98073721e+00	1.13532857e-04	7.40914280e+03	1.13532857e-05	7.40914280e+02	-7.14873593e+08	4.31186962e-17
4.99880836e+01	4.20284423e+01	6.96150253e+01	2.70953823e+00	2.39915324e-04	7.03293035e+03	2.39915324e-05	7.03293035e+02	-6.78574597e+08	4.30755479e-17
4.99892000e+01	4.20293809e+01	6.30847252e+01	2.45536756e+00	4.94216520e-04	3.52576568e+03	4.94216520e-05	3.52576568e+02	-3.40184625e+08	4.30351347e-17
4.99902444e+01	4.20302590e+01	5.69786381e+01	2.21770799e+00	9.92211505e-04	1.00000000e-09	9.92211505e-05	1.00000000e-10	9.57337601e+01	4.29973621e-17
4.99912192e+01	4.20310786e+01	5.12822784e+01	1.99599574e+00	1.94121095e-03	1.00000000e-09	1.94121095e-04	1.00000000e-10	1.87298287e+02	4.29621367e-17
4.99921268e+01	4.20318417e+01	4.59804765e+01	1.78964036e+00	3.70099114e-03	1.00000000e-09	3.70099114e-04	1.00000000e-10	3.57091263e+02	4.29293656e-17
4.99929696e+01	4.20325503e+01	4.10579280e+01	1.59804618e+00	6.87642229e-03	1.00000000e-09	6.87642229e-04	1.00000000e-10	6.63473792e+02	4.28989566e-17
4.99937500e+01	4.20332064e+01	3.64998396e+01	1.42063743e+00	1.24519511e-02	1.00000000e-09	1.24519511e-03	1.00000000e-10	1.20143054e+03	4.28708183e-17
4.99944704e+01	4.20338121e+01	3.22921937e+01	1.25686851e+00	2.19769561e-02	1.16611768e+02	2.19769561e-03	1.16611768e+01	-1.12492047e+07	4.28448597e-17
4.99951332e+01	4.20343694e+01	2.84209726e+01	1.10619383e+00	3.78071442e-02	3.45498640e+03	3.78071442e-03	3.45498640e+02	-3.33351863e+08	4.28209905e-17
4.99957408e+01	4.20348802e+01	2.48721584e+01	9.68067795e-01	6.33983222e-02	5.64391048e+03	6.33983222e-03	5.64391048e+02	-5.44548461e+08	4.27991210e-17
4.99962956e+01	4.20353467e+01	2.16317336e+01	8.41944809e-01	1.03633704e-01	6.31855993e+03	1.03633704e-02	6.31855993e+02	-6.09638355e+08	4.27791616e-17
4.99968000e+01	4.20357708e+01	1.86856804e+01	7.27279280e-01	1.65144851e-01	5.56791868e+03	1.65144851e-02	5.56791868e+02	-5.37206549e+08	4.27610235e-17
4.99972564e+01	4.20361545e+01	1.60199812e+01	6.23525615e-01	2.56560558e-01	3.78875541e+03	2.56560558e-02	3.78875541e+02	-3.65534570e+08	4.27446181e-17
4.99976672e+01	4.20364999e+01	1.36206181e+01	5.30138219e-01	3.88591727e-01	1.50420558e+03	3.88591727e-02	1.50420558e+02	-1.45096281e+08	4.27298571e-17
4.99980348e+01	4.20368090e+01	1.14736845e+01	4.46575817e-01	5.73838458e-01	1.00000000e-09	5.73838458e-02	1.00000000e-10	5.53669941e+04	4.27166528e-17
4.99983616e+01	4.20370837e+01	9.56519790e+00	3.72294189e-01	8.26205584e-01	1.00000000e-09	8.26205584e-02	1.00000000e-10	7.97167201e+04	4.27049174e-17
4.99986500e+01	4.20373262e+01	7.88112489e+00	3.06747129e-01	1.15983627e+00	1.00000000e-09	1.15983627e-01	1.00000000e-10	1.11907187e+05	4.26945637e-17
4.99989024e+01	4.20375384e+01	6.40740662e+00	2.49387443e-01	1.58752703e+00	1.00000000e-09	1.58752703e-01	1.00000000e-10	1.53173072e+05	4.26855044e-17
4.99991212e+01	4.20377224e+01	5.12997783e+00	1.99667686e-01	2.11868119e+00	1.00000000e-09	2.11868119e-01	1.00000000e-10	2.04421659e+05	4.26776527e-17
4.99993088e+01	4.20378801e+01	4.03477847e+00	1.57040617e-01	2.75697927e+00	1.00000000e-09	2.75697927e-01	1.00000000e-10	2.66008060e+05	4.26709218e-17
4.99994676e+01	4.20380136e+01	3.10775901e+00	1.20959402e-01	3.49807626e+00	1.00000000e-09	3.49807626e-01	1.00000000e-10	3.37513049e+05	4.26652250e-17
4.99996000e+01	4.20381249e+01	2.33488140e+00	9.08776572e-02	4.32774940e+00	1.00000000e-09	4.32774940e-01	1.00000000e-10	4.17564338e+05	4.26604759e-17
4.99997084e+01	4.20382161e+01	1.70211757e+00	6.62493852e-02	5.22097943e+00	1.00000000e-09	5.22097943e-01	1.00000000e-10	5.03747935e+05	4.26565880e-17
4.99997952e+01	4.20382891e+01	1.19544705e+00	4.65288847e-02	6.14242306e+00	1.00000000e-09	6.14242306e-01	1.00000000e-10	5.92653729e+05	4.26534751e-17
4.99998628e+01	4.20383459e+01	8.00854487e-01	3.11706537e-02	7.04860420e+00	1.00000000e-09	7.04860420e-01	1.00000000e-10	6.80086917e+05	4.26510509e-17
4.99999136e+01	4.20383886e+01	5.04327683e-01	1.96293132e-02	7.89192126e+00	1.00000000e-09	7.89192126e-01	1.00000000e-10	7.61454644e+05	4.26492292e-17
4.99999500e+01	4.20384192e+01	2.91856171e-01	1.13595513e-02	8.62626787e+00	1.00000000e-09	8.62626787e-01	1.00000000e-10	8.32308320e+05	4.26479240e-17
4.99999744e+01	4.20384397e+01	1.49430337e-01	5.81608938e-03	9.21375504e+00	1.00000000e-09	9.21375504e-01	1.00000000e-10	8.88992215e+05	4.26470491e-17
4.99999892e+01	4.20384522e+01	6.30409206e-02	2.45366260e-03	9.63177645e+00	1.00000000e-09	9.63177645e-01	1.00000000e-10	9.29325149e+05	4.26465185e-17
4.99999968e+01	4.20384586e+01	1.86787912e-02	7.27011137e-04	9.87955069e+00	1.00000000e-09	9.87955069e-01	1.00000000e-10	9.53231729e+05	4.26462460e-17
4.99999996e+01	4.20384609e+01	2.33484890e-03	9.08763921e-05	9.98335961e+00	5.72456555e+00	9.98335961e-01	5.72456555e-01	4.10911160e+05	4.26461456e-17
5.00000000e+01	4.20384612e+01	0.00000000e+00	0.00000000e+00	1.00000000e+01	1.00000000e+01	1.00000000e+00	1.00000000e+00	0.00000000e+00	4.26461312e-17
