# 1D PNP Solver Results
# Debye length: 1.18939 nm
# Surface potential: 100 mV
# Bulk concentration: 10 mol/m^3
# Thermal voltage: 25.6926 mV
# Grid: non-uniform with stretching factor 1
#
# Columns:
# 1: x [nm]
# 2: x/lambda_D [-]
# 3: phi [mV]
# 4: phi_normalized = e*phi/(kB*T) [-]
# 5: c+ [mol/m^3]
# 6: c- [mol/m^3]
# 7: c+/c0 [-]
# 8: c-/c0 [-]
# 9: rho [C/m^3]
# 10: phi_GC [mV] (Gouy-Chapman analytical)
0.00000000e+00	0.00000000e+00	1.00000000e+02	3.89217445e+00	4.35004384e+05	1.00000000e-09	4.35004384e+04	1.00000000e-10	4.19715424e+10	1.00000000e+02
1.00000000e-01	8.40769225e-02	3.14823752e+05	1.22534896e+04	3.55117289e+03	1.00000000e-09	3.55117289e+02	1.00000000e-10	3.42636096e+08	8.70576373e+01
2.00000000e-01	1.68153845e-01	6.29547503e+05	2.45030871e+04	1.00000000e-09	6.90510276e+02	1.00000000e-10	6.90510276e+01	-6.66241133e+07	7.68715638e+01
3.00000000e-01	2.52230767e-01	9.45817519e+05	3.68128678e+04	1.00000000e-09	6.02770525e+00	1.00000000e-10	6.02770525e-01	-5.81585143e+05	6.85207345e+01
4.00000000e-01	3.36307690e-01	1.26210107e+06	4.91231752e+04	4.34899374e+05	1.00000000e-09	4.34899374e+04	1.00000000e-10	4.19614106e+10	6.14862309e+01
5.00000000e-01	4.20384612e-01	1.57838461e+06	6.14334826e+04	1.06001933e+04	1.00000000e-09	1.06001933e+03	1.00000000e-10	1.02276317e+09	5.54461690e+01
6.00000000e-01	5.04461535e-01	1.89466816e+06	7.37437899e+04	1.00000000e-09	6.91576317e+02	1.00000000e-10	6.91576317e+01	-6.67269707e+07	5.01866549e+01
7.00000000e-01	5.88538457e-01	2.21250801e+06	8.61146713e+04	1.00000000e-09	1.61053519e+01	1.00000000e-10	1.61053519e+00	-1.55393022e+06	4.55579535e+01
8.00000000e-01	6.72615380e-01	2.53038419e+06	9.84869668e+04	4.34649900e+05	1.00000000e-09	4.34649900e+04	1.00000000e-10	4.19373400e+10	4.14508515e+01
9.00000000e-01	7.56692302e-01	2.84826037e+06	1.10859262e+05	1.75761920e+04	1.00000000e-09	1.75761920e+03	1.00000000e-10	1.69584473e+09	3.77829914e+01
1.00000000e+00	8.40769225e-01	3.16613655e+06	1.23231558e+05	1.00000000e-09	7.07601806e+02	1.00000000e-10	7.07601806e+01	-6.82731952e+07	3.44905241e+01
1.10000000e+00	9.24846147e-01	3.48561317e+06	1.35666145e+05	1.00000000e-09	3.88704096e+01	1.00000000e-10	3.88704096e+00	-3.75042438e+06	3.15227780e+01
1.20000000e+00	1.00892307e+00	3.80517794e+06	1.48104164e+05	4.34219289e+05	1.00000000e-09	4.34219289e+04	1.00000000e-10	4.18957923e+10	2.88387272e+01
1.30000000e+00	1.09299999e+00	4.12474271e+06	1.60542182e+05	2.44735564e+04	1.00000000e-09	2.44735564e+03	1.00000000e-10	2.36133922e+09	2.64045776e+01
1.40000000e+00	1.17707691e+00	4.44430748e+06	1.72980200e+05	1.00000000e-09	7.40484943e+02	1.00000000e-10	7.40484943e+01	-7.14459357e+07	2.41920729e+01
1.50000000e+00	1.26115384e+00	4.76555612e+06	1.85483758e+05	1.00000000e-09	9.51336044e+01	1.00000000e-10	9.51336044e+00	-9.17899741e+06	2.21772778e+01
1.60000000e+00	1.34523076e+00	5.08702174e+06	1.97995760e+05	4.33507262e+05	1.00000000e-09	4.33507262e+04	1.00000000e-10	4.18270921e+10	2.03396868e+01
1.70000000e+00	1.42930768e+00	5.40848736e+06	2.10507763e+05	3.12811981e+04	1.00000000e-09	3.12811981e+03	1.00000000e-10	3.01817679e+09	1.86615585e+01
1.80000000e+00	1.51338460e+00	5.72995297e+06	2.23019766e+05	1.00000000e-09	7.81816126e+02	1.00000000e-10	7.81816126e+01	-7.54337886e+07	1.71274116e+01
1.90000000e+00	1.59746153e+00	6.05320725e+06	2.35601386e+05	1.00000000e-09	2.43441569e+02	1.00000000e-10	2.43441569e+01	-2.34885406e+07	1.57236358e+01
2.00000000e+00	1.68153845e+00	6.37702049e+06	2.48204762e+05	4.32235212e+05	1.00000000e-09	4.32235212e+04	1.00000000e-10	4.17043580e+10	1.44381886e+01
2.10000000e+00	1.76561537e+00	6.70083373e+06	2.60808138e+05	3.79812026e+04	1.00000000e-09	3.79812026e+03	1.00000000e-10	3.66462895e+09	1.32603556e+01
2.20000000e+00	1.84969229e+00	7.02464697e+06	2.73411515e+05	1.00000000e-09	7.46038736e+02	1.00000000e-10	7.46038736e+01	-7.19817952e+07	1.21805577e+01
2.30000000e+00	1.93376922e+00	7.35017922e+06	2.86081797e+05	1.00000000e-09	7.02197535e+02	1.00000000e-10	7.02197535e+01	-6.77517624e+07	1.11901960e+01
2.40000000e+00	2.01784614e+00	7.67733774e+06	2.98815378e+05	4.29463265e+05	1.00000000e-09	4.29463265e+04	1.00000000e-10	4.14369058e+10	1.02815237e+01
2.50000000e+00	2.10192306e+00	8.00449627e+06	3.11548959e+05	4.45623533e+04	1.00000000e-09	4.45623533e+03	1.00000000e-10	4.29961346e+09	9.44754093e+00
2.60000000e+00	2.18599998e+00	8.33165480e+06	3.24282539e+05	1.00000000e-09	1.00000000e-09	1.00000000e-10	1.00000000e-10	0.00000000e+00	8.68190590e+00
2.70000000e+00	2.27007691e+00	8.65881332e+06	3.37016120e+05	1.00000000e-09	4.01645914e+02	1.00000000e-10	4.01645914e+01	-3.87529395e+07	7.97886054e+00
2.80000000e+00	2.35415383e+00	8.98690569e+06	3.49786047e+05	4.27516575e+05	1.00000000e-09	4.27516575e+04	1.00000000e-10	4.12490788e+10	7.33316685e+00
2.90000000e+00	2.43823075e+00	9.31499807e+06	3.62555975e+05	5.12801264e+04	1.00000000e-09	5.12801264e+03	1.00000000e-10	4.94778003e+09	6.74005227e+00
3.00000000e+00	2.52230767e+00	9.64309044e+06	3.75325902e+05	1.00000000e-09	3.64766933e+02	1.00000000e-10	3.64766933e+01	-3.51946586e+07	6.19516235e+00
3.10000000e+00	2.60638460e+00	9.97203321e+06	3.88128929e+05	1.00000000e-09	1.48778561e+02	1.00000000e-10	1.48778561e+01	-1.43549488e+07	5.69451955e+00
3.20000000e+00	2.69046152e+00	1.03013235e+07	4.00945480e+05	4.26239188e+05	1.00000000e-09	4.26239188e+04	1.00000000e-10	4.11258296e+10	5.23448697e+00
3.30000000e+00	2.77453844e+00	1.06155899e+07	4.13177276e+05	4.70472370e+04	1.00000000e-09	4.70472370e+03	1.00000000e-10	4.53936829e+09	4.81173646e+00
3.40000000e+00	2.85861536e+00	1.09186702e+07	4.24973691e+05	1.00000000e-09	1.84674776e+02	1.00000000e-10	1.84674776e+01	-1.78184071e+07	4.42322017e+00
3.50000000e+00	2.94269229e+00	1.12221481e+07	4.36785580e+05	1.00000000e-09	1.06776929e+02	1.00000000e-10	1.06776929e+01	-1.03024075e+07	4.06614534e+00
3.60000000e+00	3.02676921e+00	1.15258561e+07	4.48606426e+05	4.51241992e+05	1.00000000e-09	4.51241992e+04	1.00000000e-10	4.35382335e+10	3.73795159e+00
3.70000000e+00	3.11084613e+00	1.18238667e+07	4.60205518e+05	5.02650456e+04	1.00000000e-09	5.02650456e+03	1.00000000e-10	4.84983962e+09	3.43629058e+00
3.80000000e+00	3.19492305e+00	1.21097073e+07	4.71330934e+05	1.00000000e-09	1.22509226e+02	1.00000000e-10	1.22509226e+01	-1.18203434e+07	3.15900770e+00
3.90000000e+00	3.27899998e+00	1.23957967e+07	4.82466032e+05	1.00000000e-09	8.79457861e+01	1.00000000e-10	8.79457861e+00	-8.48547838e+06	2.90412542e+00
4.00000000e+00	3.36307690e+00	1.26820648e+07	4.93608086e+05	4.81257712e+05	1.00000000e-09	4.81257712e+04	1.00000000e-10	4.64343101e+10	2.66982829e+00
4.10000000e+00	3.44715382e+00	1.29677251e+07	5.04726484e+05	5.83929998e+04	1.00000000e-09	5.83929998e+03	1.00000000e-10	5.63406798e+09	2.45444929e+00
4.20000000e+00	3.53123074e+00	1.32429357e+07	5.15438158e+05	1.00000000e-09	8.92118967e+01	1.00000000e-10	8.92118967e+00	-8.60763948e+06	2.25645740e+00
4.30000000e+00	3.61530767e+00	1.35171677e+07	5.26111748e+05	1.00000000e-09	7.62814834e+01	1.00000000e-10	7.62814834e+00	-7.36004426e+06	2.07444628e+00
4.40000000e+00	3.69938459e+00	1.37915484e+07	5.36791123e+05	5.08848135e+05	1.00000000e-09	5.08848135e+04	1.00000000e-10	4.90963813e+10	1.90712395e+00
4.50000000e+00	3.78346151e+00	1.40659291e+07	5.47470497e+05	6.93308178e+04	1.00000000e-09	6.93308178e+03	1.00000000e-10	6.68940698e+09	1.75330334e+00
4.60000000e+00	3.86753843e+00	1.43317276e+07	5.57815842e+05	1.00000000e-09	6.85653785e+01	1.00000000e-10	6.85653785e+00	-6.61555332e+06	1.61189369e+00
4.70000000e+00	3.95161536e+00	1.45943938e+07	5.68039265e+05	1.00000000e-09	6.86858277e+01	1.00000000e-10	6.86858277e+00	-6.62717490e+06	1.48189263e+00
4.80000000e+00	4.03569228e+00	1.48571881e+07	5.78267678e+05	5.32711144e+05	1.00000000e-09	5.32711144e+04	1.00000000e-10	5.13988117e+10	1.36237899e+00
4.90000000e+00	4.11976920e+00	1.51199824e+07	5.88496091e+05	8.40992955e+04	1.00000000e-09	8.40992955e+03	1.00000000e-10	8.11434846e+09	1.25250612e+00
5.00000000e+00	4.20384612e+00	1.53758225e+07	5.98453836e+05	1.00000000e-09	5.42305799e+01	1.00000000e-10	5.42305799e+00	-5.23245551e+06	1.15149587e+00
5.10000000e+00	4.28792305e+00	1.56273381e+07	6.08243262e+05	1.00000000e-09	6.39437271e+01	1.00000000e-10	6.39437271e+00	-6.16963175e+06	1.05863300e+00
5.20000000e+00	4.37199997e+00	1.58789680e+07	6.18037136e+05	5.52803302e+05	1.00000000e-09	5.52803302e+04	1.00000000e-10	5.33374102e+10	9.73260072e-01
5.30000000e+00	4.45607689e+00	1.61305979e+07	6.27831010e+05	1.01823832e+05	1.00000000e-09	1.01823832e+04	1.00000000e-10	9.82450624e+09	8.94772759e-01
5.40000000e+00	4.54015381e+00	1.63766312e+07	6.37407054e+05	1.00000000e-09	4.31419988e+01	1.00000000e-10	4.31419988e+00	-4.16257009e+06	8.22615544e-01
5.50000000e+00	4.62423074e+00	1.66176955e+07	6.46789699e+05	1.00000000e-09	6.09193346e+01	1.00000000e-10	6.09193346e+00	-5.87782223e+06	7.56277766e-01
5.60000000e+00	4.70830766e+00	1.68588642e+07	6.56176406e+05	5.69268696e+05	1.00000000e-09	5.69268696e+04	1.00000000e-10	5.49260792e+10	6.95289988e-01
5.70000000e+00	4.79238458e+00	1.71000330e+07	6.65563114e+05	1.21989828e+05	1.00000000e-09	1.21989828e+04	1.00000000e-10	1.17702291e+10	6.39220665e-01
5.80000000e+00	4.87646150e+00	1.73367283e+07	6.74775708e+05	1.00000000e-09	3.38108147e+01	1.00000000e-10	3.38108147e+00	-3.26224768e+06	5.87673079e-01
5.90000000e+00	4.96053843e+00	1.75681391e+07	6.83782620e+05	1.00000000e-09	5.90376000e+01	1.00000000e-10	5.90376000e+00	-5.69626244e+06	5.40282524e-01
6.00000000e+00	5.04461535e+00	1.77996470e+07	6.92793313e+05	5.82276380e+05	1.00000000e-09	5.82276380e+04	1.00000000e-10	5.61811299e+10	4.96713722e-01
6.10000000e+00	5.12869227e+00	1.80311549e+07	7.01804005e+05	1.44251858e+05	1.00000000e-09	1.44251858e+04	1.00000000e-10	1.39181885e+10	4.56658442e-01
6.20000000e+00	5.21276919e+00	1.82591221e+07	7.10676886e+05	1.00000000e-09	2.54476567e+01	1.00000000e-10	2.54476567e+00	-2.45532560e+06	4.19833321e-01
6.30000000e+00	5.29684612e+00	1.84816945e+07	7.19339790e+05	1.00000000e-09	5.79630273e+01	1.00000000e-10	5.79630273e+00	-5.59258194e+06	3.85977854e-01
6.40000000e+00	5.38092304e+00	1.87043586e+07	7.28006266e+05	5.91980399e+05	1.00000000e-09	5.91980399e+04	1.00000000e-10	5.71174254e+10	3.54852548e-01
6.50000000e+00	5.46499996e+00	1.89270227e+07	7.36672741e+05	1.68346395e+05	1.00000000e-09	1.68346395e+04	1.00000000e-10	1.62429578e+10	3.26237227e-01
6.60000000e+00	5.54907688e+00	1.91469268e+07	7.45231794e+05	1.00000000e-09	1.76670527e+01	1.00000000e-10	1.76670527e+00	-1.70461144e+06	2.99929475e-01
6.70000000e+00	5.63315381e+00	1.93614579e+07	7.53581716e+05	1.00000000e-09	5.74472178e+01	1.00000000e-10	5.74472178e+00	-5.54281389e+06	2.75743201e-01
6.80000000e+00	5.71723073e+00	1.95760766e+07	7.61935051e+05	5.98511652e+05	1.00000000e-09	5.98511652e+04	1.00000000e-10	5.77475955e+10	2.53507323e-01
6.90000000e+00	5.80130765e+00	1.97906953e+07	7.70288385e+05	1.94047421e+05	1.00000000e-09	1.94047421e+04	1.00000000e-10	1.87227299e+10	2.33064554e-01
7.00000000e+00	5.88538457e+00	2.00032147e+07	7.78560012e+05	1.00000000e-09	1.04105755e+01	1.00000000e-10	1.04105755e+00	-1.00446783e+06	2.14270296e-01
7.10000000e+00	5.96946150e+00	2.02104696e+07	7.86626736e+05	1.00000000e-09	5.72481534e+01	1.00000000e-10	5.72481534e+00	-5.52360709e+06	1.96991610e-01
7.20000000e+00	6.05353842e+00	2.04178090e+07	7.94696744e+05	6.01978475e+05	1.00000000e-09	6.01978475e+04	1.00000000e-10	5.80820931e+10	1.81106277e-01
7.30000000e+00	6.13761534e+00	2.06251483e+07	8.02766753e+05	2.21142194e+05	1.00000000e-09	2.21142194e+04	1.00000000e-10	2.13369781e+10	1.66501937e-01
7.40000000e+00	6.22169226e+00	2.08309548e+07	8.10777100e+05	1.00000000e-09	3.54577343e+00	1.00000000e-10	3.54577343e-01	-3.42115127e+05	1.53075289e-01
7.50000000e+00	6.30576919e+00	2.10316626e+07	8.18589000e+05	1.00000000e-09	5.71009615e+01	1.00000000e-10	5.71009615e+00	-5.50940523e+06	1.40731363e-01
7.60000000e+00	6.38984611e+00	2.12324520e+07	8.26404074e+05	6.02469625e+05	1.00000000e-09	6.02469625e+04	1.00000000e-10	5.81294819e+10	1.29382849e-01
7.70000000e+00	6.47392303e+00	2.14332414e+07	8.34219147e+05	2.49418481e+05	1.00000000e-09	2.49418481e+04	1.00000000e-10	2.40652249e+10	1.18949475e-01
7.80000000e+00	6.55799995e+00	2.16329904e+07	8.41993727e+05	1.00000000e-09	1.00000000e-09	1.00000000e-10	1.00000000e-10	0.00000000e+00	1.09357445e-01
7.90000000e+00	6.64207688e+00	2.18278480e+07	8.49577922e+05	1.00000000e-09	5.66226316e+01	1.00000000e-10	5.66226316e+00	-5.46325341e+06	1.00538914e-01
8.00000000e+00	6.72615380e+00	2.20227840e+07	8.57165174e+05	6.00061500e+05	3.88626060e+00	6.00061500e+04	3.88626060e-01	5.78967582e+10	9.24315047e-02
8.10000000e+00	6.81023072e+00	2.22177255e+07	8.64752635e+05	2.78645197e+05	1.00000000e-09	2.78645197e+04	1.00000000e-10	2.68851744e+10	8.49778740e-02
8.20000000e+00	6.89430764e+00	2.24120658e+07	8.72316699e+05	1.00000000e-09	1.00000000e-09	1.00000000e-10	1.00000000e-10	0.00000000e+00	7.81253008e-02
8.30000000e+00	6.97838457e+00	2.26017487e+07	8.79699489e+05	1.00000000e-09	5.49809176e+01	1.00000000e-10	5.49809176e+00	-5.30485210e+06	7.18253161e-02
8.40000000e+00	7.06246149e+00	2.27915059e+07	8.87085169e+05	5.94805314e+05	8.34312223e+00	5.94805314e+04	8.34312223e-01	5.73891833e+10	6.60333593e-02
8.50000000e+00	7.14653841e+00	2.29812743e+07	8.94471287e+05	3.08583901e+05	1.00000000e-09	3.08583901e+04	1.00000000e-10	2.97738202e+10	6.07084632e-02
8.60000000e+00	7.23061533e+00	2.31708329e+07	9.01849239e+05	1.00000000e-09	1.00000000e-09	1.00000000e-10	1.00000000e-10	0.00000000e+00	5.58129641e-02
8.70000000e+00	7.31469226e+00	2.33559760e+07	9.09055332e+05	1.00000000e-09	5.13726428e+01	1.00000000e-10	5.13726428e+00	-4.95670650e+06	5.13122357e-02
8.80000000e+00	7.39876918e+00	2.35411869e+07	9.16264061e+05	5.86787802e+05	1.32849334e+01	5.86787802e+04	1.32849334e+00	5.66151341e+10	4.71744438e-02
8.90000000e+00	7.48284610e+00	2.37264152e+07	9.23473471e+05	3.39008439e+05	1.00000000e-09	3.39008439e+04	1.00000000e-10	3.27093418e+10	4.33703214e-02
9.00000000e+00	7.56692302e+00	2.39116436e+07	9.30682882e+05	1.00000000e-09	1.00000000e-09	1.00000000e-10	1.00000000e-10	0.00000000e+00	3.98729614e-02
9.10000000e+00	7.65099995e+00	2.40926917e+07	9.37729592e+05	1.00000000e-09	4.53016323e+01	1.00000000e-10	4.53016323e+00	-4.37094304e+06	3.66576268e-02
9.20000000e+00	7.73507687e+00	2.42735026e+07	9.44767065e+05	5.77248271e+05	2.04578027e+01	5.77248271e+04	2.04578027e+00	5.56940173e+10	3.37015752e-02
9.30000000e+00	7.81915379e+00	2.44543397e+07	9.51805563e+05	3.69777187e+05	1.00000000e-09	3.69777187e+04	1.00000000e-10	3.56780747e+10	3.09838980e-02
9.40000000e+00	7.90323071e+00	2.46351769e+07	9.58844061e+05	1.00000000e-09	1.00000000e-09	1.00000000e-10	1.00000000e-10	0.00000000e+00	2.84853728e-02
9.50000000e+00	7.98730764e+00	2.48120495e+07	9.65728251e+05	1.00000000e-09	4.69028125e+01	1.00000000e-10	4.69028125e+00	-4.52543344e+06	2.61883275e-02
9.60000000e+00	8.07138456e+00	2.49884048e+07	9.72592308e+05	5.67026530e+05	3.93359647e+01	5.67026530e+04	3.93359647e+00	5.47059477e+10	2.40765146e-02
9.70000000e+00	8.15546148e+00	2.51648096e+07	9.79458288e+05	4.00864797e+05	1.00000000e-09	4.00864797e+04	1.00000000e-10	3.86775730e+10	2.21349973e-02
9.80000000e+00	8.23953840e+00	2.53412143e+07	9.86324268e+05	1.00000000e-09	1.00000000e-09	1.00000000e-10	1.00000000e-10	0.00000000e+00	2.03500429e-02
9.90000000e+00	8.32361533e+00	2.55138778e+07	9.93044632e+05	1.00000000e-09	5.29136562e+01	1.00000000e-10	5.29136562e+00	-5.10539169e+06	1.87090262e-02
1.00000000e+01	8.40769225e+00	2.56858035e+07	9.99736282e+05	5.55938571e+05	1.09707250e+02	5.55938571e+04	1.09707250e+01	5.36293325e+10	1.72003403e-02
1.01000000e+01	8.49176917e+00	2.58578637e+07	1.00643316e+06	4.32001941e+05	7.05265658e+00	4.32001941e+04	7.05265658e-01	4.16811703e+10	1.58133140e-02
1.02000000e+01	8.57584609e+00	2.60299324e+07	1.01313038e+06	1.00000000e-09	1.00000000e-09	1.00000000e-10	1.00000000e-10	0.00000000e+00	1.45381368e-02
1.03000000e+01	8.65992302e+00	2.61985196e+07	1.01969209e+06	1.00000000e-09	1.00000000e-09	1.00000000e-10	1.00000000e-10	0.00000000e+00	1.33657892e-02
1.04000000e+01	8.74399994e+00	2.63661874e+07	1.02621801e+06	5.43947309e+05	1.03696951e+01	5.43947309e+04	1.03696951e+00	5.24819362e+10	1.22879791e-02
1.05000000e+01	8.82807686e+00	2.65338676e+07	1.03274441e+06	4.63441070e+05	8.27895970e+00	4.63441070e+04	8.27895970e-01	4.47144668e+10	1.12970830e-02
1.06000000e+01	8.91215378e+00	2.67015576e+07	1.03927120e+06	1.00000000e-09	1.00000000e-09	1.00000000e-10	1.00000000e-10	0.00000000e+00	1.03860923e-02
1.07000000e+01	8.99623071e+00	2.68657537e+07	1.04566200e+06	1.00000000e-09	1.00000000e-09	1.00000000e-10	1.00000000e-10	0.00000000e+00	9.54856333e-03
1.08000000e+01	9.08030763e+00	2.70286511e+07	1.05200225e+06	5.31146083e+05	1.00000000e-09	5.31146083e+04	1.00000000e-10	5.12478062e+10	8.77857228e-03
1.09000000e+01	9.16438455e+00	2.71915485e+07	1.05834250e+06	4.96100849e+05	6.79387812e+00	4.96100849e+04	6.79387812e-01	4.78657997e+10	8.07067289e-03
1.10000000e+01	9.24846147e+00	2.73544538e+07	1.06468306e+06	1.00000000e-09	3.98698188e+00	1.00000000e-10	3.98698188e-01	-3.84685271e+05	7.41985814e-03
1.11000000e+01	9.33253840e+00	2.75139569e+07	1.07089120e+06	1.00000000e-09	1.00000000e-09	1.00000000e-10	1.00000000e-10	0.00000000e+00	6.82152474e-03
1.12000000e+01	9.41661532e+00	2.76718670e+07	1.07703734e+06	5.17241618e+05	1.00000000e-09	5.17241618e+04	1.00000000e-10	4.99062293e+10	6.27144062e-03
1.13000000e+01	9.50069224e+00	2.78297771e+07	1.08318348e+06	5.29570444e+05	1.00000000e-09	5.29570444e+04	1.00000000e-10	5.10957801e+10	5.76571500e-03
1.14000000e+01	9.58476916e+00	2.79876872e+07	1.08932961e+06	1.00000000e-09	5.01774091e+00	1.00000000e-10	5.01774091e-01	-4.84138398e+05	5.30077082e-03
1.15000000e+01	9.66884609e+00	2.81422852e+07	1.09534683e+06	1.00000000e-09	5.95850573e+00	1.00000000e-10	5.95850573e-01	-5.74908404e+05	4.87331949e-03
1.16000000e+01	9.75292301e+00	2.82950500e+07	1.10129271e+06	5.01979862e+05	1.68712049e+00	5.01979862e+04	1.68712049e-01	4.84335309e+10	4.48033760e-03
1.17000000e+01	9.83699993e+00	2.84478166e+07	1.10723865e+06	5.63876557e+05	5.07508325e-04	5.63876557e+04	5.07508325e-05	5.44058168e+10	4.11904557e-03
1.18000000e+01	9.92107685e+00	2.86005833e+07	1.11318460e+06	1.00000000e-09	1.04467543e-04	1.00000000e-10	1.04467543e-05	-1.00794891e+01	3.78688794e-03
1.19000000e+01	1.00051538e+01	2.87501605e+07	1.11900640e+06	1.00000000e-09	3.37342911e-01	1.00000000e-10	3.37342911e-02	-3.25486427e+04	3.48151531e-03
1.20000000e+01	1.00892307e+01	2.88976716e+07	1.12474779e+06	4.85148132e+05	3.58139555e-01	4.85148132e+04	3.58139555e-02	4.68096441e+10	3.20076778e-03
1.21000000e+01	1.01733076e+01	2.90451830e+07	1.13048919e+06	5.98840817e+05	4.53310482e-02	5.98840817e+04	4.53310482e-03	5.77793507e+10	2.94265957e-03
1.22000000e+01	1.02573845e+01	2.91926945e+07	1.13623060e+06	1.00000000e-09	1.66601458e-02	1.00000000e-10	1.66601458e-03	-1.60745960e+03	2.70536508e-03
1.23000000e+01	1.03414615e+01	2.93371471e+07	1.14185295e+06	1.00000000e-09	4.84219653e-02	1.00000000e-10	4.84219653e-03	-4.67200931e+03	2.48720588e-03
1.24000000e+01	1.04255384e+01	2.94793136e+07	1.14738631e+06	4.66489409e+05	6.30782929e-02	4.66489409e+04	6.30782929e-03	4.50093795e+10	2.28663893e-03
1.25000000e+01	1.05096153e+01	2.96214802e+07	1.15291968e+06	6.34386137e+05	8.64287426e-03	6.34386137e+04	8.64287426e-04	6.12089563e+10	2.10224558e-03
1.26000000e+01	1.05936922e+01	2.97636468e+07	1.15845305e+06	1.00000000e-09	1.00000000e-09	1.00000000e-10	1.00000000e-10	0.00000000e+00	1.93272162e-03
1.27000000e+01	1.06777692e+01	2.99029027e+07	1.16387314e+06	1.00000000e-09	1.00000000e-09	1.00000000e-10	1.00000000e-10	0.00000000e+00	1.77686798e-03
1.28000000e+01	1.07618461e+01	3.00396639e+07	1.16919612e+06	4.45728219e+05	4.70257167e-04	4.45728219e+04	4.70257167e-05	4.30062352e+10	1.63358230e-03
1.29000000e+01	1.08459230e+01	3.01764250e+07	1.17451910e+06	6.70328105e+05	2.38377162e-04	6.70328105e+04	2.38377162e-05	6.46768298e+10	1.50185109e-03
1.30000000e+01	1.09299999e+01	3.03131862e+07	1.17984209e+06	1.00000000e-09	1.00000000e-09	1.00000000e-10	1.00000000e-10	0.00000000e+00	1.38074262e-03
1.31000000e+01	1.10140768e+01	3.04472035e+07	1.18505827e+06	1.00000000e-09	1.00000000e-09	1.00000000e-10	1.00000000e-10	0.00000000e+00	1.26940027e-03
1.32000000e+01	1.10981538e+01	3.05785318e+07	1.19016980e+06	4.22552300e+05	1.77056911e-04	4.22552300e+04	1.77056911e-05	4.07700990e+10	1.16703651e-03
1.33000000e+01	1.11822307e+01	3.07098601e+07	1.19528133e+06	7.06415341e+05	1.36714010e-04	7.06415341e+04	1.36714010e-05	6.81587188e+10	1.07292731e-03
1.34000000e+01	1.12663076e+01	3.08411885e+07	1.20039286e+06	1.00000000e-09	1.00000000e-09	1.00000000e-10	1.00000000e-10	0.00000000e+00	9.86407027e-04
1.35000000e+01	1.13503845e+01	3.09699583e+07	1.20540481e+06	1.00000000e-09	1.00000000e-09	1.00000000e-10	1.00000000e-10	0.00000000e+00	9.06863691e-04
1.36000000e+01	1.14344615e+01	3.10958610e+07	1.21030516e+06	3.96614048e+05	1.00000000e-09	3.96614048e+04	1.00000000e-10	3.82674381e+10	8.33734687e-04
1.37000000e+01	1.15185384e+01	3.12217636e+07	1.21520551e+06	7.42321008e+05	1.00000000e-09	7.42321008e+04	1.00000000e-10	7.16230890e+10	7.66502767e-04
1.38000000e+01	1.16026153e+01	3.13476663e+07	1.22010586e+06	1.00000000e-09	1.63783725e-05	1.00000000e-10	1.63783725e-06	-1.58017622e+00	7.04692393e-04
1.39000000e+01	1.16866922e+01	3.14712146e+07	1.22491457e+06	1.00000000e-09	1.43711993e-05	1.00000000e-10	1.43711993e-06	-1.38651345e+00	6.47866374e-04
1.40000000e+01	1.17707691e+01	3.15917271e+07	1.22960513e+06	3.67536395e+05	1.00000000e-09	3.67536395e+04	1.00000000e-10	3.54618711e+10	5.95622776e-04
1.41000000e+01	1.18548461e+01	3.17122396e+07	1.23429569e+06	7.77627109e+05	1.00000000e-09	7.77627109e+04	1.00000000e-10	7.50296099e+10	5.47592073e-04
1.42000000e+01	1.19389230e+01	3.18327521e+07	1.23898625e+06	1.00000000e-09	3.14920299e-06	1.00000000e-10	3.14920299e-07	-3.03755411e-01	5.03434541e-04
1.43000000e+01	1.20229999e+01	3.19511335e+07	1.24359386e+06	1.00000000e-09	7.74754122e-06	1.00000000e-10	7.74754122e-07	-7.47427603e-01	4.62837848e-04
1.44000000e+01	1.21070768e+01	3.20663213e+07	1.24807717e+06	3.34903283e+05	1.00000000e-09	3.34903283e+04	1.00000000e-10	3.23132545e+10	4.25514851e-04
1.45000000e+01	1.21911538e+01	3.21815091e+07	1.25256047e+06	8.11806424e+05	1.00000000e-09	8.11806424e+04	1.00000000e-10	7.83274125e+10	3.91201561e-04
1.46000000e+01	1.22752307e+01	3.22966969e+07	1.25704378e+06	1.00000000e-09	7.48278158e-07	1.00000000e-10	7.48278158e-08	-7.21013813e-02	3.59655276e-04
1.47000000e+01	1.23593076e+01	3.24099963e+07	1.26145359e+06	1.00000000e-09	6.40522854e-06	1.00000000e-10	6.40522854e-07	-6.17914118e-01	3.30652866e-04
1.48000000e+01	1.24433845e+01	3.25199561e+07	1.26573342e+06	2.98262173e+05	2.02139483e-06	2.98262173e+04	2.02139483e-07	2.87779249e+10	3.03989196e-04
1.49000000e+01	1.25274615e+01	3.26299160e+07	1.27001325e+06	8.44205604e+05	1.00000000e-09	8.44205604e+04	1.00000000e-10	8.14534581e+10	2.79475669e-04
1.50000000e+01	1.26115384e+01	3.27398758e+07	1.27429308e+06	1.00000000e-09	1.00000000e-09	1.00000000e-10	1.00000000e-10	0.00000000e+00	2.56938901e-04
1.51000000e+01	1.26956153e+01	3.28482096e+07	1.27850962e+06	1.00000000e-09	1.00000000e-09	1.00000000e-10	1.00000000e-10	0.00000000e+00	2.36219485e-04
1.52000000e+01	1.27796922e+01	3.29530715e+07	1.28259103e+06	2.57131026e+05	1.00000000e-09	2.57131026e+04	1.00000000e-10	2.48093724e+10	2.17170872e-04
1.53000000e+01	1.28637691e+01	3.30579335e+07	1.28667244e+06	8.74029735e+05	1.00000000e-09	8.74029735e+04	1.00000000e-10	8.43310493e+10	1.99658328e-04
1.54000000e+01	1.29478461e+01	3.31627954e+07	1.29075385e+06	1.00000000e-09	1.00000000e-09	1.00000000e-10	1.00000000e-10	0.00000000e+00	1.83557987e-04
1.55000000e+01	1.30319230e+01	3.32663129e+07	1.29478293e+06	1.00000000e-09	2.66853224e-08	1.00000000e-10	2.66853224e-09	-2.47825686e-03	1.68755969e-04
1.56000000e+01	1.31159999e+01	3.33662418e+07	1.29867234e+06	2.11011851e+05	1.71635899e-09	2.11011851e+04	1.71635899e-10	2.03595485e+10	1.55147578e-04
1.57000000e+01	1.32000768e+01	3.34661707e+07	1.30256175e+06	9.00330862e+05	1.00000000e-09	9.00330862e+04	1.00000000e-10	8.68687223e+10	1.42636560e-04
1.58000000e+01	1.32841538e+01	3.35660996e+07	1.30645115e+06	1.00000000e-09	1.00000000e-09	1.00000000e-10	1.00000000e-10	0.00000000e+00	1.31134424e-04
1.59000000e+01	1.33682307e+01	3.36649848e+07	1.31029994e+06	1.00000000e-09	1.80226118e-08	1.00000000e-10	1.80226118e-09	-1.64243235e-03	1.20559814e-04
1.60000000e+01	1.34523076e+01	3.37601822e+07	1.31400519e+06	1.59413351e+05	4.07851198e-09	1.59413351e+04	4.07851198e-10	1.53810502e+10	1.10837935e-04
1.61000000e+01	1.35363845e+01	3.38553796e+07	1.31771043e+06	9.22003796e+05	1.00000000e-09	9.22003796e+04	1.00000000e-10	8.89598424e+10	1.01900023e-04
1.62000000e+01	1.36204614e+01	3.39505770e+07	1.32141568e+06	1.00000000e-09	1.00000000e-09	1.00000000e-10	1.00000000e-10	0.00000000e+00	9.36828597e-05
1.63000000e+01	1.37045384e+01	3.40450494e+07	1.32509272e+06	1.00000000e-09	1.51077541e-08	1.00000000e-10	1.51077541e-09	-1.36119134e-03	8.61283240e-05
1.64000000e+01	1.37886153e+01	3.41357551e+07	1.32862314e+06	1.01885527e+05	1.01745162e-08	1.01885527e+04	1.01745162e-09	9.83045895e+09	7.91829819e-05
1.65000000e+01	1.38726922e+01	3.42264608e+07	1.33215356e+06	9.37794839e+05	1.00000000e-09	9.37794839e+04	1.00000000e-10	9.04834465e+10	7.27977085e-05
1.66000000e+01	1.39567691e+01	3.43171664e+07	1.33568398e+06	1.00000000e-09	1.00000000e-09	1.00000000e-10	1.00000000e-10	0.00000000e+00	6.69273402e-05
1.67000000e+01	1.40408461e+01	3.44074831e+07	1.33919927e+06	1.00000000e-09	1.05161895e-09	1.00000000e-10	1.05161895e-10	-4.98047189e-06	6.15303552e-05
1.68000000e+01	1.41249230e+01	3.44939767e+07	1.34256575e+06	3.80692611e+04	1.00000000e-09	3.80692611e+03	1.00000000e-10	3.67312530e+09	5.65685802e-05
1.69000000e+01	1.42089999e+01	3.45804703e+07	1.34593223e+06	9.46326085e+05	1.00000000e-09	9.46326085e+04	1.00000000e-10	9.13065866e+10	5.20069201e-05
1.70000000e+01	1.42930768e+01	3.46669638e+07	1.34929871e+06	1.00000000e-09	1.00000000e-09	1.00000000e-10	1.00000000e-10	0.00000000e+00	4.78131098e-05
1.71000000e+01	1.43771537e+01	3.47534202e+07	1.35266374e+06	1.00000000e-09	1.00000000e-09	1.00000000e-10	1.00000000e-10	0.00000000e+00	4.39574862e-05
1.72000000e+01	1.44612307e+01	3.48360227e+07	1.35587878e+06	1.00000000e-09	1.00000000e-09	1.00000000e-10	1.00000000e-10	0.00000000e+00	4.04127779e-05
1.73000000e+01	1.45453076e+01	3.49184971e+07	1.35908882e+06	9.47177972e+05	1.00000000e-09	9.47177972e+04	1.00000000e-10	9.13887812e+10	3.71539131e-05
1.74000000e+01	1.46293845e+01	3.50009715e+07	1.36229887e+06	6.17434623e+04	1.00000000e-09	6.17434623e+03	1.00000000e-10	5.95733847e+09	3.41578414e-05
1.75000000e+01	1.47134614e+01	3.50834459e+07	1.36550892e+06	1.00000000e-09	1.00000000e-09	1.00000000e-10	1.00000000e-10	0.00000000e+00	3.14033713e-05
1.76000000e+01	1.47975384e+01	3.51620640e+07	1.36856887e+06	1.00000000e-09	1.00000000e-09	1.00000000e-10	1.00000000e-10	0.00000000e+00	2.88710202e-05
1.77000000e+01	1.48816153e+01	3.52401833e+07	1.37160941e+06	9.45881227e+05	1.00000000e-09	9.45881227e+04	1.00000000e-10	9.12636644e+10	2.65428765e-05
1.78000000e+01	1.49656922e+01	3.53183027e+07	1.37464995e+06	1.40649684e+05	1.00000000e-09	1.40649684e+04	1.00000000e-10	1.35706315e+10	2.44024731e-05
1.79000000e+01	1.50497691e+01	3.53964220e+07	1.37769049e+06	1.00000000e-09	1.00000000e-09	1.00000000e-10	1.00000000e-10	0.00000000e+00	2.24346707e-05
1.80000000e+01	1.51338460e+01	3.54707145e+07	1.38058209e+06	1.00000000e-09	1.00000000e-09	1.00000000e-10	1.00000000e-10	0.00000000e+00	2.06255509e-05
1.81000000e+01	1.52179230e+01	3.55441278e+07	1.38343946e+06	9.42314472e+05	1.00000000e-09	9.42314472e+04	1.00000000e-10	9.09195248e+10	1.89623175e-05
1.82000000e+01	1.53019999e+01	3.56175411e+07	1.38629683e+06	2.27997996e+05	1.00000000e-09	2.27997996e+04	1.00000000e-10	2.19984624e+10	1.74332063e-05
1.83000000e+01	1.53860768e+01	3.56909544e+07	1.38915421e+06	1.00000000e-09	1.00000000e-09	1.00000000e-10	1.00000000e-10	0.00000000e+00	1.60274019e-05
1.84000000e+01	1.54701537e+01	3.57606054e+07	1.39186515e+06	1.00000000e-09	1.00000000e-09	1.00000000e-10	1.00000000e-10	0.00000000e+00	1.47349607e-05
1.85000000e+01	1.55542307e+01	3.58289922e+07	1.39452688e+06	9.35480158e+05	1.00000000e-09	9.35480158e+04	1.00000000e-10	9.02601137e+10	1.35467414e-05
1.86000000e+01	1.56383076e+01	3.58973789e+07	1.39718861e+06	3.25207355e+05	1.00000000e-09	3.25207355e+04	1.00000000e-10	3.13777396e+10	1.24543394e-05
1.87000000e+01	1.57223845e+01	3.59657656e+07	1.39985034e+06	1.00000000e-09	1.00000000e-09	1.00000000e-10	1.00000000e-10	0.00000000e+00	1.14500281e-05
1.88000000e+01	1.58064614e+01	3.60304934e+07	1.40236966e+06	1.00000000e-09	1.00000000e-09	1.00000000e-10	1.00000000e-10	0.00000000e+00	1.05267039e-05
1.89000000e+01	1.58905384e+01	3.60935743e+07	1.40482488e+06	9.23840310e+05	1.00000000e-09	9.23840310e+04	1.00000000e-10	8.91370392e+10	9.67783615e-06
1.90000000e+01	1.59746153e+01	3.61566553e+07	1.40728010e+06	4.33859894e+05	1.00000000e-09	4.33859894e+04	1.00000000e-10	4.18611160e+10	8.89742061e-06
1.91000000e+01	1.60586922e+01	3.62197362e+07	1.40973532e+06	1.00000000e-09	1.00000000e-09	1.00000000e-10	1.00000000e-10	0.00000000e+00	8.17993736e-06
1.92000000e+01	1.61427691e+01	3.62793037e+07	1.41205379e+06	1.00000000e-09	1.00000000e-09	1.00000000e-10	1.00000000e-10	0.00000000e+00	7.52031158e-06
1.93000000e+01	1.62268460e+01	3.63368530e+07	1.41429371e+06	9.05025265e+05	1.00000000e-09	9.05025265e+04	1.00000000e-10	8.73216633e+10	6.91387767e-06
1.94000000e+01	1.63109230e+01	3.63944022e+07	1.41653362e+06	5.55626563e+05	1.00000000e-09	5.55626563e+04	1.00000000e-10	5.36098135e+10	6.35634627e-06
1.95000000e+01	1.63949999e+01	3.64519514e+07	1.41877354e+06	1.00000000e-09	1.00000000e-09	1.00000000e-10	1.00000000e-10	0.00000000e+00	5.84377390e-06
1.96000000e+01	1.64790768e+01	3.65061782e+07	1.42088414e+06	1.00000000e-09	1.00000000e-09	1.00000000e-10	1.00000000e-10	0.00000000e+00	5.37253509e-06
1.97000000e+01	1.65631537e+01	3.65580359e+07	1.42290253e+06	8.75366352e+05	1.00000000e-09	8.75366352e+04	1.00000000e-10	8.44600132e+10	4.93929673e-06
1.98000000e+01	1.66472307e+01	3.66098937e+07	1.42492093e+06	6.92078498e+05	1.00000000e-09	6.92078498e+04	1.00000000e-10	6.67754237e+10	4.54099448e-06
1.99000000e+01	1.67313076e+01	3.66617514e+07	1.42693932e+06	1.00000000e-09	1.00000000e-09	1.00000000e-10	1.00000000e-10	0.00000000e+00	4.17481111e-06
2.00000000e+01	1.68153845e+01	3.67105251e+07	1.42883768e+06	1.00000000e-09	1.00000000e-09	1.00000000e-10	1.00000000e-10	0.00000000e+00	3.83815657e-06
2.01000000e+01	1.68994614e+01	3.67566012e+07	1.43063104e+06	8.29256483e+05	1.00000000e-09	8.29256483e+04	1.00000000e-10	8.00110872e+10	3.52864967e-06
2.02000000e+01	1.69835383e+01	3.68026773e+07	1.43242440e+06	8.44274511e+05	1.00000000e-09	8.44274511e+04	1.00000000e-10	8.14601066e+10	3.24410125e-06
2.03000000e+01	1.70676153e+01	3.68487534e+07	1.43421777e+06	1.00000000e-09	1.00000000e-09	1.00000000e-10	1.00000000e-10	0.00000000e+00	2.98249865e-06
2.04000000e+01	1.71516922e+01	3.68920342e+07	1.43590233e+06	1.00000000e-09	1.00000000e-09	1.00000000e-10	1.00000000e-10	0.00000000e+00	2.74199155e-06
2.05000000e+01	1.72357691e+01	3.69323055e+07	1.43746976e+06	7.58017810e+05	1.00000000e-09	7.58017810e+04	1.00000000e-10	7.31376001e+10	2.52087882e-06
2.06000000e+01	1.73198460e+01	3.69725768e+07	1.43903719e+06	1.01186774e+06	1.00000000e-09	1.01186774e+05	1.00000000e-10	9.76303947e+10	2.31759650e-06
2.07000000e+01	1.74039230e+01	3.70128481e+07	1.44060462e+06	1.00000000e-09	1.00000000e-09	1.00000000e-10	1.00000000e-10	0.00000000e+00	2.13070675e-06
2.08000000e+01	1.74879999e+01	3.70506662e+07	1.44207656e+06	1.00000000e-09	1.00000000e-09	1.00000000e-10	1.00000000e-10	0.00000000e+00	1.95888770e-06
2.09000000e+01	1.75720768e+01	3.70851841e+07	1.44342006e+06	6.47639410e+05	1.00000000e-09	6.47639410e+04	1.00000000e-10	6.24877035e+10	1.80092404e-06
2.10000000e+01	1.76561537e+01	3.71197019e+07	1.44476355e+06	1.19117460e+06	1.00000000e-09	1.19117460e+05	1.00000000e-10	1.14930877e+11	1.65569849e-06
2.11000000e+01	1.77402306e+01	3.71542197e+07	1.44610705e+06	1.00000000e-09	1.00000000e-09	1.00000000e-10	1.00000000e-10	0.00000000e+00	1.52218384e-06
2.12000000e+01	1.78243076e+01	3.71866826e+07	1.44737056e+06	1.00000000e-09	1.00000000e-09	1.00000000e-10	1.00000000e-10	0.00000000e+00	1.39943575e-06
2.13000000e+01	1.79083845e+01	3.72155819e+07	1.44849537e+06	4.74887146e+05	1.00000000e-09	4.74887146e+04	1.00000000e-10	4.58196440e+10	1.28658600e-06
2.14000000e+01	1.79924614e+01	3.72444812e+07	1.44962018e+06	1.37094810e+06	1.00000000e-09	1.37094810e+05	1.00000000e-10	1.32276383e+11	1.18283639e-06
2.15000000e+01	1.80765383e+01	3.72733805e+07	1.45074499e+06	1.00000000e-09	1.00000000e-09	1.00000000e-10	1.00000000e-10	0.00000000e+00	1.08745310e-06
2.16000000e+01	1.81606153e+01	3.73006806e+07	1.45180756e+06	1.00000000e-09	1.00000000e-09	1.00000000e-10	1.00000000e-10	0.00000000e+00	9.99761460e-07
2.17000000e+01	1.82446922e+01	3.73241898e+07	1.45272258e+06	2.00257892e+05	1.00000000e-09	2.00257892e+04	1.00000000e-10	1.93219492e+10	9.19141229e-07
2.18000000e+01	1.83287691e+01	3.73476989e+07	1.45363760e+06	1.52294254e+06	1.00000000e-09	1.52294254e+05	1.00000000e-10	1.46941617e+11	8.45022171e-07
2.19000000e+01	1.84128460e+01	3.73712081e+07	1.45455261e+06	1.00000000e-09	1.00000000e-09	1.00000000e-10	1.00000000e-10	0.00000000e+00	7.76880034e-07
2.20000000e+01	1.84969229e+01	3.73936313e+07	1.45542536e+06	1.00000000e-09	1.00000000e-09	1.00000000e-10	1.00000000e-10	0.00000000e+00	7.14232843e-07
2.21000000e+01	1.85809999e+01	3.74120823e+07	1.45614351e+06	1.00000000e-09	1.00000000e-09	1.00000000e-10	1.00000000e-10	0.00000000e+00	6.56637488e-07
2.22000000e+01	1.86650768e+01	3.74305334e+07	1.45686166e+06	1.58021963e+06	1.00000000e-09	1.58021963e+05	1.00000000e-10	1.52468016e+11	6.03686592e-07
2.23000000e+01	1.87491537e+01	3.74489844e+07	1.45757980e+06	4.64634525e+05	1.00000000e-09	4.64634525e+04	1.00000000e-10	4.48304165e+10	5.55005627e-07
2.24000000e+01	1.88332306e+01	3.74669191e+07	1.45827785e+06	1.00000000e-09	1.00000000e-09	1.00000000e-10	1.00000000e-10	0.00000000e+00	5.10250270e-07
2.25000000e+01	1.89173076e+01	3.74807582e+07	1.45881649e+06	1.00000000e-09	1.00000000e-09	1.00000000e-10	1.00000000e-10	0.00000000e+00	4.69103960e-07
2.26000000e+01	1.90013845e+01	3.74945973e+07	1.45935514e+06	1.38594820e+06	1.00000000e-09	1.38594820e+05	1.00000000e-10	1.33723672e+11	4.31275667e-07
2.27000000e+01	1.90854614e+01	3.75084364e+07	1.45989378e+06	1.23414407e+06	1.00000000e-09	1.23414407e+05	1.00000000e-10	1.19076801e+11	3.96497828e-07
2.28000000e+01	1.91695383e+01	3.75222756e+07	1.46043242e+06	1.00000000e-09	1.00000000e-09	1.00000000e-10	1.00000000e-10	0.00000000e+00	3.64524455e-07
2.29000000e+01	1.92536153e+01	3.75319675e+07	1.46080965e+06	1.00000000e-09	1.00000000e-09	1.00000000e-10	1.00000000e-10	0.00000000e+00	3.35129397e-07
2.30000000e+01	1.93376922e+01	3.75412552e+07	1.46117114e+06	5.89062234e+05	1.00000000e-09	5.89062234e+04	1.00000000e-10	5.68358653e+10	3.08104742e-07
2.31000000e+01	1.94217691e+01	3.75505429e+07	1.46153264e+06	2.35290483e+06	1.00000000e-09	2.35290483e+05	1.00000000e-10	2.27020804e+11	2.83259340e-07
2.32000000e+01	1.95058460e+01	3.75598305e+07	1.46189413e+06	6.18246228e+04	1.00000000e-09	6.18246228e+03	1.00000000e-10	5.96516927e+09	2.60417458e-07
2.33000000e+01	1.95899229e+01	3.75650081e+07	1.46209565e+06	1.00000000e-09	1.00000000e-09	1.00000000e-10	1.00000000e-10	0.00000000e+00	2.39417533e-07
2.34000000e+01	1.96739999e+01	3.75690970e+07	1.46225480e+06	1.00000000e-09	1.00000000e-09	1.00000000e-10	1.00000000e-10	0.00000000e+00	2.20111031e-07
2.35000000e+01	1.97580768e+01	3.75731860e+07	1.46241395e+06	2.57520245e+06	1.00000000e-09	2.57520245e+05	1.00000000e-10	2.48469264e+11	2.02361395e-07
2.36000000e+01	1.98421537e+01	3.75772750e+07	1.46257310e+06	4.54559328e+06	1.00000000e-09	4.54559328e+05	1.00000000e-10	4.38583077e+11	1.86043080e-07
2.37000000e+01	1.99262306e+01	3.75773985e+07	1.46257790e+06	2.53220239e+05	1.00000000e-09	2.53220239e+04	1.00000000e-10	2.44320388e+10	1.71040665e-07
2.38000000e+01	2.00103076e+01	3.75757225e+07	1.46251267e+06	1.00000000e-09	1.00000000e-09	1.00000000e-10	1.00000000e-10	0.00000000e+00	1.57248037e-07
2.39000000e+01	2.00943845e+01	3.75740465e+07	1.46244744e+06	1.00000000e-09	1.00000000e-09	1.00000000e-10	1.00000000e-10	0.00000000e+00	1.44567640e-07
2.40000000e+01	2.01784614e+01	3.75723705e+07	1.46238221e+06	1.08631009e+05	1.00000000e-09	1.08631009e+04	1.00000000e-10	1.04812990e+10	1.32909782e-07
2.41000000e+01	2.02625383e+01	3.75670041e+07	1.46217334e+06	4.48966228e+04	1.33952438e+01	4.48966228e+03	1.33952438e+00	4.33057312e+09	1.22192009e-07
2.42000000e+01	2.03466152e+01	3.75591287e+07	1.46186681e+06	1.00000000e-09	4.25434099e+01	1.00000000e-10	4.25434099e+00	-4.10481504e+06	1.12338510e-07
2.43000000e+01	2.04306922e+01	3.75512533e+07	1.46156029e+06	1.00000000e-09	4.84033591e-01	1.00000000e-10	4.84033591e-02	-4.67021417e+04	1.03279593e-07
2.44000000e+01	2.05147691e+01	3.75433779e+07	1.46125376e+06	4.27481569e+04	1.00000000e-09	4.27481569e+03	1.00000000e-10	4.12457012e+09	9.49511815e-08
2.45000000e+01	2.05988460e+01	3.75322418e+07	1.46082033e+06	3.20325382e+04	1.00000000e-09	3.20325382e+03	1.00000000e-10	3.09067009e+09	8.72943689e-08
2.46000000e+01	2.06829229e+01	3.75179342e+07	1.46026345e+06	1.00000000e-09	3.11724268e+01	1.00000000e-10	3.11724268e+00	-3.00768195e+06	8.02549976e-08
2.47000000e+01	2.07669999e+01	3.75036265e+07	1.45970657e+06	1.00000000e-09	1.57189649e+01	1.00000000e-10	1.57189649e+00	-1.51664955e+06	7.37832774e-08
2.48000000e+01	2.08510768e+01	3.74893188e+07	1.45914969e+06	2.22085238e+04	1.00000000e-09	2.22085238e+03	1.00000000e-10	2.14279680e+09	6.78334333e-08
2.49000000e+01	2.09351537e+01	3.74723548e+07	1.45848942e+06	2.62191551e+04	1.00000000e-09	2.62191551e+03	1.00000000e-10	2.52976389e+09	6.23633815e-08
2.50000000e+01	2.10192306e+01	3.74516632e+07	1.45768406e+06	1.00000000e-09	2.10631276e+01	1.00000000e-10	2.10631276e+00	-2.03228286e+06	5.73344317e-08
2.51000000e+01	2.11033075e+01	3.74309715e+07	1.45687871e+06	1.00000000e-09	2.01666176e+01	1.00000000e-10	2.01666176e+00	-1.94578280e+06	5.27110137e-08
2.52000000e+01	2.11873845e+01	3.74102798e+07	1.45607335e+06	1.15309976e+04	1.00000000e-09	1.15309976e+03	1.00000000e-10	1.11257213e+09	4.84604257e-08
2.53000000e+01	2.12714614e+01	3.73877207e+07	1.45519531e+06	2.27014677e+04	1.00000000e-09	2.27014677e+03	1.00000000e-10	2.19035865e+09	4.45526029e-08
2.54000000e+01	2.13555383e+01	3.73610014e+07	1.45415535e+06	1.00000000e-09	1.36875657e+01	1.00000000e-10	1.36875657e+00	-1.32064932e+06	4.09599048e-08
2.55000000e+01	2.14396152e+01	3.73342822e+07	1.45311539e+06	1.00000000e-09	2.19270856e+01	1.00000000e-10	2.19270856e+00	-2.11564214e+06	3.76569199e-08
2.56000000e+01	2.15236922e+01	3.73075629e+07	1.45207543e+06	4.37867055e+03	1.00000000e-09	4.37867055e+02	1.00000000e-10	4.22477482e+08	3.46202860e-08
2.57000000e+01	2.16077691e+01	3.72799633e+07	1.45100121e+06	2.02279305e+04	1.00000000e-09	2.02279305e+03	1.00000000e-10	1.95169859e+09	3.18285246e-08
2.58000000e+01	2.16918460e+01	3.72479154e+07	1.44975385e+06	1.00000000e-09	8.18372945e+00	1.00000000e-10	8.18372945e-01	-7.89609854e+05	2.92618894e-08
2.59000000e+01	2.17759229e+01	3.72158676e+07	1.44850649e+06	1.00000000e-09	2.29616090e+01	1.00000000e-10	2.29616090e+00	-2.21545847e+06	2.69022262e-08
2.60000000e+01	2.18599998e+01	3.71838198e+07	1.44725913e+06	1.00000000e-09	1.00000000e-09	1.00000000e-10	1.00000000e-10	0.00000000e+00	2.47328451e-08
2.61000000e+01	2.19440768e+01	3.71517719e+07	1.44601177e+06	1.79520578e+04	1.00000000e-09	1.79520578e+03	1.00000000e-10	1.73211026e+09	2.27384017e-08
2.62000000e+01	2.20281537e+01	3.71152075e+07	1.44458862e+06	3.23895224e+03	3.91024877e+00	3.23895224e+02	3.91024877e-01	3.12134101e+08	2.09047891e-08
2.63000000e+01	2.21122306e+01	3.70777665e+07	1.44313136e+06	1.00000000e-09	2.31889272e+01	1.00000000e-10	2.31889272e+00	-2.23739134e+06	1.92190381e-08
2.64000000e+01	2.21963075e+01	3.70403256e+07	1.44167409e+06	1.00000000e-09	1.00000000e-09	1.00000000e-10	1.00000000e-10	0.00000000e+00	1.76692251e-08
2.65000000e+01	2.22803845e+01	3.70028846e+07	1.44021682e+06	1.47390802e+04	1.00000000e-09	1.47390802e+03	1.00000000e-10	1.42210505e+09	1.62443882e-08
2.66000000e+01	2.23644614e+01	3.69611870e+07	1.43859388e+06	7.31213428e+03	6.43636938e-01	7.31213428e+02	6.43636938e-02	7.05451603e+08	1.49344494e-08
2.67000000e+01	2.24485383e+01	3.69172088e+07	1.43688217e+06	1.00000000e-09	2.21748649e+01	1.00000000e-10	2.21748649e+00	-2.13954920e+06	1.37301434e-08
2.68000000e+01	2.25326152e+01	3.68732306e+07	1.43517046e+06	1.00000000e-09	6.51845011e-01	1.00000000e-10	6.51845011e-02	-6.28934823e+04	1.26229520e-08
2.69000000e+01	2.26166921e+01	3.68292525e+07	1.43345875e+06	1.05957227e+04	1.00000000e-09	1.05957227e+03	1.00000000e-10	1.02233183e+09	1.16050438e-08
2.70000000e+01	2.27007691e+01	3.67817522e+07	1.43160996e+06	1.04156023e+04	1.00000000e-09	1.04156023e+03	1.00000000e-10	1.00495284e+09	1.06692193e-08
2.71000000e+01	2.27848460e+01	3.67305227e+07	1.42961602e+06	1.00000000e-09	2.04350491e+01	1.00000000e-10	2.04350491e+00	-1.97168250e+06	9.80885916e-09
2.72000000e+01	2.28689229e+01	3.66792932e+07	1.42762208e+06	1.00000000e-09	2.82573202e+00	1.00000000e-10	2.82573202e-01	-2.72641693e+05	9.01787799e-09
2.73000000e+01	2.29529998e+01	3.66280637e+07	1.42562814e+06	5.63127267e+03	1.00000000e-09	5.63127267e+02	1.00000000e-10	5.43335214e+08	8.29068113e-09
2.74000000e+01	2.30370768e+01	3.65747014e+07	1.42355118e+06	1.23709146e+04	1.00000000e-09	1.23709146e+03	1.00000000e-10	1.19361181e+09	7.62212503e-09
2.75000000e+01	2.31211537e+01	3.65163417e+07	1.42127972e+06	1.00000000e-09	1.83931720e+01	1.00000000e-10	1.83931720e+00	-1.77467131e+06	7.00748093e-09
2.76000000e+01	2.32052306e+01	3.64579820e+07	1.41900826e+06	1.00000000e-09	4.49960959e+00	1.00000000e-10	4.49960959e-01	-4.34146326e+05	6.44240141e-09
2.77000000e+01	2.32893075e+01	3.63996223e+07	1.41673680e+06	1.00000000e-09	1.00000000e-09	1.00000000e-10	1.00000000e-10	0.00000000e+00	5.92288960e-09
2.78000000e+01	2.33733845e+01	3.63412626e+07	1.41446534e+06	1.28617220e+04	1.00000000e-09	1.28617220e+03	1.00000000e-10	1.24096752e+09	5.44527095e-09
2.79000000e+01	2.34574614e+01	3.62772219e+07	1.41197276e+06	2.80623224e+03	1.63683418e+01	2.80623224e+02	1.63683418e+00	2.69180945e+08	5.00616720e-09
2.80000000e+01	2.35415383e+01	3.62118723e+07	1.40942924e+06	1.00000000e-09	5.83800746e+00	1.00000000e-10	5.83800746e-01	-5.63282089e+05	4.60247255e-09
2.81000000e+01	2.36256152e+01	3.61465227e+07	1.40688572e+06	1.00000000e-09	1.00000000e-09	1.00000000e-10	1.00000000e-10	0.00000000e+00	4.23133162e-09
2.82000000e+01	2.37096921e+01	3.60811732e+07	1.40434220e+06	1.03196812e+04	1.00000000e-09	1.03196812e+03	1.00000000e-10	9.95697867e+08	3.89011930e-09
2.83000000e+01	2.37937691e+01	3.60107787e+07	1.40160233e+06	8.85114899e+03	1.47459732e+01	8.85114899e+02	1.47459732e+00	8.52583280e+08	3.57642216e-09
2.84000000e+01	2.38778460e+01	3.59357545e+07	1.39868226e+06	1.00000000e-09	6.57808932e+00	1.00000000e-10	6.57808932e-01	-6.34689132e+05	3.28802138e-09
2.85000000e+01	2.39619229e+01	3.58607304e+07	1.39576218e+06	1.00000000e-09	1.00000000e-09	1.00000000e-10	1.00000000e-10	0.00000000e+00	3.02287709e-09
2.86000000e+01	2.40459998e+01	3.57857062e+07	1.39284211e+06	3.38659370e+03	1.00000000e-09	3.38659370e+02	1.00000000e-10	3.26756618e+08	2.77911390e-09
2.87000000e+01	2.41300768e+01	3.57088331e+07	1.38985008e+06	1.37481004e+04	1.39349800e+01	1.37481004e+03	1.39349800e+00	1.32514551e+09	2.55500764e-09
2.88000000e+01	2.42141537e+01	3.56239764e+07	1.38654731e+06	1.06720539e+03	6.83160192e+00	1.06720539e+02	6.83160192e-01	1.02310517e+08	2.34897319e-09
2.89000000e+01	2.42982306e+01	3.55384673e+07	1.38321915e+06	1.00000000e-09	1.00000000e-09	1.00000000e-10	1.00000000e-10	0.00000000e+00	2.15955324e-09
2.90000000e+01	2.43823075e+01	3.54529583e+07	1.37989098e+06	1.00000000e-09	1.00000000e-09	1.00000000e-10	1.00000000e-10	0.00000000e+00	1.98540802e-09
2.91000000e+01	2.44663844e+01	3.53674493e+07	1.37656282e+06	1.32033582e+04	1.34058439e+01	1.32033582e+03	1.34058439e+00	1.27263693e+09	1.82530578e-09
2.92000000e+01	2.45504614e+01	3.52734429e+07	1.37290393e+06	1.26561994e+04	6.95281603e+00	1.26561994e+03	6.95281603e-01	1.22046676e+09	1.67811410e-09
2.93000000e+01	2.46345383e+01	3.51705121e+07	1.36889768e+06	1.00000000e-09	1.00000000e-09	1.00000000e-10	1.00000000e-10	0.00000000e+00	1.54279187e-09
2.94000000e+01	2.47186152e+01	3.50675812e+07	1.36489144e+06	1.00000000e-09	1.00000000e-09	1.00000000e-10	1.00000000e-10	0.00000000e+00	1.41838196e-09
2.95000000e+01	2.48026921e+01	3.49646503e+07	1.36088519e+06	1.00000000e-09	1.18888870e+01	1.00000000e-10	1.18888870e+00	-1.14710321e+06	1.30400439e-09
2.96000000e+01	2.48867691e+01	3.48617195e+07	1.35687894e+06	1.73477910e+04	7.55085292e+00	1.73477910e+03	7.55085292e-01	1.67307883e+09	1.19885018e-09
2.97000000e+01	2.49708460e+01	3.47451739e+07	1.35234278e+06	2.10767426e+04	1.00000000e-09	2.10767426e+03	1.00000000e-10	2.03359651e+09	1.10217554e-09
2.98000000e+01	2.50549229e+01	3.46096597e+07	1.34706833e+06	1.46102451e+04	1.00000000e-09	1.46102451e+03	1.00000000e-10	1.40967435e+09	1.01329669e-09
2.99000000e+01	2.51389998e+01	3.44592477e+07	1.34121404e+06	9.55701270e+03	9.19580371e+00	9.55701270e+02	9.19580371e-01	9.21224284e+08	9.31584987e-10
3.00000000e+01	2.52230767e+01	3.42982292e+07	1.33494691e+06	5.26790166e+03	6.39589979e+00	5.26790166e+02	6.39589979e-01	5.07658130e+08	8.56462471e-10
3.01000000e+01	2.53071537e+01	3.41310523e+07	1.32844010e+06	5.72266577e+02	1.00000000e-09	5.72266577e+01	1.00000000e-10	5.52153308e+07	7.87397794e-10
3.02000000e+01	2.53912306e+01	3.39631941e+07	1.32190676e+06	1.00000000e-09	1.00000000e-09	1.00000000e-10	1.00000000e-10	0.00000000e+00	7.23902457e-10
3.03000000e+01	2.54753075e+01	3.37953386e+07	1.31537354e+06	1.00000000e-09	4.27497707e+00	1.00000000e-10	4.27497707e-01	-4.12472583e+05	6.65527349e-10
3.04000000e+01	2.55593844e+01	3.36274861e+07	1.30884042e+06	4.10549934e+02	4.31585145e+00	4.10549934e+01	4.31585145e-01	3.91956303e+07	6.11859579e-10
3.05000000e+01	2.56434614e+01	3.34591444e+07	1.30228827e+06	3.35686222e+02	1.00000000e-09	3.35686222e+01	1.00000000e-10	3.23887966e+07	5.62519549e-10
3.06000000e+01	2.57275383e+01	3.32904001e+07	1.29572045e+06	1.00000000e-09	1.00000000e-09	1.00000000e-10	1.00000000e-10	0.00000000e+00	5.17158273e-10
3.07000000e+01	2.58116152e+01	3.31216558e+07	1.28915263e+06	1.00000000e-09	7.97509452e+00	1.00000000e-10	7.97509452e-01	-7.69479643e+05	4.75454906e-10
3.08000000e+01	2.58956921e+01	3.29529116e+07	1.28258480e+06	1.61284911e+02	5.36464434e+00	1.61284911e+01	5.36464434e-01	1.50440187e+07	4.37114476e-10
3.09000000e+01	2.59797690e+01	3.27839739e+07	1.27600945e+06	2.50040855e+02	1.00000000e-09	2.50040855e+01	1.00000000e-10	2.41252750e+07	4.01865798e-10
3.10000000e+01	2.60638460e+01	3.26147362e+07	1.26942243e+06	1.00000000e-09	1.00000000e-09	1.00000000e-10	1.00000000e-10	0.00000000e+00	3.69459555e-10
3.11000000e+01	2.61479229e+01	3.24454987e+07	1.26283541e+06	1.00000000e-09	8.50886242e+00	1.00000000e-10	8.50886242e-01	-8.20980417e+05	3.39666533e-10
3.12000000e+01	2.62319998e+01	3.22762611e+07	1.25624839e+06	5.98770299e+01	7.67334618e+00	5.98770299e+00	7.67334618e-01	5.03688976e+06	3.12276006e-10
3.13000000e+01	2.63160767e+01	3.21069514e+07	1.24965856e+06	2.03350894e+02	1.00000000e-09	2.03350894e+01	1.00000000e-10	1.96203785e+07	2.87094235e-10
3.14000000e+01	2.64001537e+01	3.19373972e+07	1.24305921e+06	1.00000000e-09	1.00000000e-09	1.00000000e-10	1.00000000e-10	0.00000000e+00	2.63943109e-10
3.15000000e+01	2.64842306e+01	3.17678436e+07	1.23645989e+06	1.00000000e-09	7.13517103e+00	1.00000000e-10	7.13517103e-01	-6.88439347e+05	2.42658878e-10
3.16000000e+01	2.65683075e+01	3.15982901e+07	1.22986057e+06	2.62337653e+00	9.49446355e+00	2.62337653e-01	9.49446355e-01	-6.62959114e+05	2.23090996e-10
3.17000000e+01	2.66523844e+01	3.14287334e+07	1.22326113e+06	1.70913475e+02	1.00000000e-09	1.70913475e+01	1.00000000e-10	1.64906434e+07	2.05101057e-10
3.18000000e+01	2.67364614e+01	3.12589707e+07	1.21665367e+06	1.21039923e+01	1.00000000e-09	1.21039923e+00	1.00000000e-10	1.16785772e+06	1.88561817e-10
3.19000000e+01	2.68205383e+01	3.10891942e+07	1.21004567e+06	1.00000000e-09	5.40958825e+00	1.00000000e-10	5.40958825e-01	-5.21945919e+05	1.73356293e-10
3.20000000e+01	2.69046152e+01	3.09194177e+07	1.20343768e+06	1.00000000e-09	1.05606398e+01	1.00000000e-10	1.05606398e+00	-1.01894684e+06	1.59376934e-10
3.21000000e+01	2.69886921e+01	3.07496413e+07	1.19682968e+06	1.39748617e+02	1.00000000e-09	1.39748617e+01	1.00000000e-10	1.34836917e+07	1.46524863e-10
3.22000000e+01	2.70727690e+01	3.05796959e+07	1.19021511e+06	3.79115217e+01	1.00000000e-09	3.79115217e+00	1.00000000e-10	3.65790576e+06	1.34709176e-10
3.23000000e+01	2.71568460e+01	3.04097054e+07	1.18359878e+06	1.00000000e-09	3.70675477e+00	1.00000000e-10	3.70675477e-01	-3.57647465e+05	1.23846300e-10
3.24000000e+01	2.72409229e+01	3.02397149e+07	1.17698246e+06	1.00000000e-09	1.08450423e+01	1.00000000e-10	1.08450423e+00	-1.04638751e+06	1.13859401e-10
3.25000000e+01	2.73249998e+01	3.00697245e+07	1.17036613e+06	1.08397407e+02	1.00000000e-09	1.08397407e+01	1.00000000e-10	1.04587598e+07	1.04677839e-10
3.26000000e+01	2.74090767e+01	2.98996027e+07	1.16374470e+06	5.70761930e+01	1.00000000e-09	5.70761930e+00	1.00000000e-10	5.50701544e+06	9.62366743e-11
3.27000000e+01	2.74931537e+01	2.97294125e+07	1.15712060e+06	1.00000000e-09	2.20593295e+00	1.00000000e-10	2.20593295e-01	-2.12840173e+05	8.84762003e-11
3.28000000e+01	2.75772306e+01	2.95592226e+07	1.15049651e+06	1.00000000e-09	1.04490706e+01	1.00000000e-10	1.04490706e+00	-1.00818204e+06	8.13415267e-11
3.29000000e+01	2.76613075e+01	2.93890326e+07	1.14387242e+06	8.44402395e+01	1.00000000e-09	8.44402395e+00	1.00000000e-10	8.14724455e+06	7.47821894e-11
3.30000000e+01	2.77453844e+01	2.92187403e+07	1.13724435e+06	7.32543094e+01	1.00000000e-09	7.32543094e+00	1.00000000e-10	7.06796637e+06	6.87517936e-11
3.31000000e+01	2.78294613e+01	2.90483597e+07	1.13061283e+06	1.00000000e-09	9.77360980e-01	1.00000000e-10	9.77360980e-02	-9.43009987e+04	6.32076857e-11
3.32000000e+01	2.79135383e+01	2.88779795e+07	1.12398134e+06	1.00000000e-09	9.76598234e+00	1.00000000e-10	9.76598234e-01	-9.42274049e+05	5.81106517e-11
3.33000000e+01	2.79976152e+01	2.87075993e+07	1.11734985e+06	6.07912814e+01	1.00000000e-09	6.07912814e+00	1.00000000e-10	5.86546697e+06	5.34246397e-11
3.34000000e+01	2.80816921e+01	2.85371453e+07	1.11071548e+06	8.51842830e+01	1.00000000e-09	8.51842830e+00	1.00000000e-10	8.21903383e+06	4.91165053e-11
3.35000000e+01	2.81657690e+01	2.83665883e+07	1.10407710e+06	1.00000000e-09	2.14541962e-02	1.00000000e-10	2.14541962e-03	-2.07001515e+03	4.51557765e-11
3.36000000e+01	2.82498460e+01	2.81960318e+07	1.09743874e+06	1.00000000e-09	8.93517068e+00	1.00000000e-10	8.93517068e-01	-8.62112911e+05	4.15144388e-11
3.37000000e+01	2.83339229e+01	2.80254753e+07	1.09080039e+06	3.08200286e+01	1.13144924e-01	3.08200286e+00	1.13144924e-02	2.96276387e+06	3.81667366e-11
3.38000000e+01	2.84179998e+01	2.78548813e+07	1.08416057e+06	9.70306840e+01	1.00000000e-09	9.70306840e+00	1.00000000e-10	9.36203777e+06	3.50889914e-11
3.39000000e+01	2.85020767e+01	2.76841697e+07	1.07751618e+06	1.00000000e-09	1.00000000e-09	1.00000000e-10	1.00000000e-10	0.00000000e+00	3.22594338e-11
3.40000000e+01	2.85861536e+01	2.75134585e+07	1.07087180e+06	1.00000000e-09	8.05524847e+00	1.00000000e-10	8.05524847e-01	-7.77213324e+05	2.96580503e-11
3.41000000e+01	2.86702306e+01	2.73427474e+07	1.06422743e+06	1.00000000e-09	8.13233442e-01	1.00000000e-10	8.13233442e-02	-7.84650987e+04	2.72664410e-11
3.42000000e+01	2.87543075e+01	2.71720363e+07	1.05758306e+06	1.00836295e+02	1.00000000e-09	1.00836295e+01	1.00000000e-10	9.72922343e+06	2.50676897e-11
3.43000000e+01	2.88383844e+01	2.70012027e+07	1.05093391e+06	2.61860231e+01	1.00000000e-09	2.61860231e+00	1.00000000e-10	2.52656714e+06	2.30462446e-11
3.44000000e+01	2.89224613e+01	2.68303378e+07	1.04428355e+06	1.00000000e-09	7.18371244e+00	1.00000000e-10	7.18371244e-01	-6.93122881e+05	2.11878078e-11
3.45000000e+01	2.90065383e+01	2.66594729e+07	1.03763319e+06	1.00000000e-09	1.30566271e+00	1.00000000e-10	1.30566271e-01	-1.25977300e+05	1.94792342e-11
3.46000000e+01	2.90906152e+01	2.64886079e+07	1.03098283e+06	8.27472359e+01	1.00000000e-09	8.27472359e+00	1.00000000e-10	7.98389454e+06	1.79084392e-11
3.47000000e+01	2.91746921e+01	2.63176423e+07	1.02432855e+06	6.40921774e+01	1.00000000e-09	6.40921774e+00	1.00000000e-10	6.18395502e+06	1.64643122e-11
3.48000000e+01	2.92587690e+01	2.61465991e+07	1.01767125e+06	1.00000000e-09	6.34131634e+00	1.00000000e-10	6.34131634e-01	-6.11844013e+05	1.51366389e-11
3.49000000e+01	2.93428459e+01	2.59755559e+07	1.01101395e+06	1.00000000e-09	1.61251974e+00	1.00000000e-10	1.61251974e-01	-1.55584503e+05	1.39160284e-11
3.50000000e+01	2.94269229e+01	2.58045127e+07	1.00435665e+06	4.01963104e+01	1.00000000e-09	4.01963104e+00	1.00000000e-10	3.87835436e+06	1.27938473e-11
3.51000000e+01	2.95109998e+01	2.56334206e+07	9.97697446e+05	8.87626164e+01	1.00000000e-09	8.87626164e+00	1.00000000e-10	8.56429053e+06	1.17621583e-11
3.52000000e+01	2.95950767e+01	2.54622207e+07	9.91034048e+05	1.00000000e-09	5.52162004e+00	1.00000000e-10	5.52162004e-01	-5.32755344e+05	1.08136641e-11
3.53000000e+01	2.96791536e+01	2.52910209e+07	9.84370652e+05	1.00000000e-09	1.71365247e+00	1.00000000e-10	1.71365247e-01	-1.65342328e+05	9.94165601e-12
3.54000000e+01	2.97632306e+01	2.51198210e+07	9.77707255e+05	1.00000000e-09	1.00000000e-09	1.00000000e-10	1.00000000e-10	0.00000000e+00	9.13996618e-12
3.55000000e+01	2.98473075e+01	2.49486212e+07	9.71043859e+05	8.83919791e+01	1.00000000e-09	8.83919791e+00	1.00000000e-10	8.52852946e+06	8.40292419e-12
3.56000000e+01	2.99313844e+01	2.47773140e+07	9.64376284e+05	3.41916224e+01	4.71410484e+00	3.41916224e+00	4.71410484e-01	2.84414807e+06	7.72531687e-12
3.57000000e+01	3.00154613e+01	2.46059652e+07	9.57707089e+05	1.00000000e-09	1.70172678e+00	1.00000000e-10	1.70172678e-01	-1.64191673e+05	7.10235144e-12
3.58000000e+01	3.00995383e+01	2.44346163e+07	9.51037894e+05	1.00000000e-09	1.00000000e-09	1.00000000e-10	1.00000000e-10	0.00000000e+00	6.52962161e-12
3.59000000e+01	3.01836152e+01	2.42632675e+07	9.44368699e+05	5.32044944e+01	1.00000000e-09	5.32044944e+00	1.00000000e-10	5.13345332e+06	6.00307641e-12
3.60000000e+01	3.02676921e+01	2.40918542e+07	9.37696994e+05	7.32111377e+01	3.95667410e+00	7.32111377e+00	3.95667410e-01	6.68203992e+06	5.51899153e-12
3.61000000e+01	3.03517690e+01	2.39203516e+07	9.31021814e+05	1.00000000e-09	1.59240953e+00	1.00000000e-10	1.59240953e-01	-1.53644162e+05	5.07394300e-12
3.62000000e+01	3.04358459e+01	2.37488490e+07	9.24346634e+05	1.00000000e-09	1.00000000e-09	1.00000000e-10	1.00000000e-10	0.00000000e+00	4.66478295e-12
3.63000000e+01	3.05199229e+01	2.35773465e+07	9.17671455e+05	1.00000000e-09	1.00000000e-09	1.00000000e-10	1.00000000e-10	0.00000000e+00	4.28861734e-12
3.64000000e+01	3.06039998e+01	2.34058443e+07	9.10996290e+05	7.80661197e+01	3.28081806e+00	7.80661197e+00	3.28081806e-01	7.21568466e+06	3.94278553e-12
3.65000000e+01	3.06880767e+01	2.32342469e+07	9.04317420e+05	3.22810202e+01	1.39361511e+00	3.22810202e+00	1.39361511e-01	2.98018154e+06	3.62484141e-12
3.66000000e+01	3.07721536e+01	2.30626100e+07	8.97637014e+05	1.00000000e-09	1.00000000e-09	1.00000000e-10	1.00000000e-10	0.00000000e+00	3.33253613e-12
3.67000000e+01	3.08562306e+01	2.28909732e+07	8.90956609e+05	1.00000000e-09	1.00000000e-09	1.00000000e-10	1.00000000e-10	0.00000000e+00	3.06380220e-12
3.68000000e+01	3.09403075e+01	2.27193366e+07	8.84276216e+05	3.35185523e+01	2.68762963e+00	3.35185523e+00	2.68762963e-01	2.97473181e+06	2.81673882e-12
3.69000000e+01	3.10243844e+01	2.25476594e+07	8.77594237e+05	7.45841671e+01	1.13223068e+00	7.45841671e+00	1.13223068e-01	7.08703448e+06	2.58959851e-12
3.70000000e+01	3.11084613e+01	2.23758909e+07	8.70908707e+05	1.70721482e+00	1.00000000e-09	1.70721482e-01	1.00000000e-10	1.64721189e+05	2.38077467e-12
3.71000000e+01	3.11925382e+01	2.22041203e+07	8.64223097e+05	1.00000000e-09	1.00000000e-09	1.00000000e-10	1.00000000e-10	0.00000000e+00	2.18879027e-12
3.72000000e+01	3.12766152e+01	2.20323500e+07	8.57537498e+05	1.00000000e-09	2.15206821e+00	1.00000000e-10	2.15206821e-01	-2.07643016e+05	2.01228739e-12
3.73000000e+01	3.13606921e+01	2.18605800e+07	8.50851907e+05	4.41764439e+01	8.34980584e-01	4.41764439e+00	8.34980584e-02	4.18181548e+06	1.85001761e-12
3.74000000e+01	3.14447690e+01	2.16887558e+07	8.44164214e+05	6.95300045e+01	1.00000000e-09	6.95300045e+00	1.00000000e-10	6.70862557e+06	1.70083318e-12
3.75000000e+01	3.15288459e+01	2.15168466e+07	8.37473207e+05	1.00000000e-09	1.00000000e-09	1.00000000e-10	1.00000000e-10	0.00000000e+00	1.56367890e-12
3.76000000e+01	3.16129229e+01	2.13449377e+07	8.30782211e+05	1.00000000e-09	1.68874668e+00	1.00000000e-10	1.68874668e-01	-1.62939284e+05	1.43758467e-12
3.77000000e+01	3.16969998e+01	2.11730290e+07	8.24091224e+05	1.00000000e-09	5.01243952e-01	1.00000000e-10	5.01243952e-02	-4.83626891e+04	1.32165861e-12
3.78000000e+01	3.17810767e+01	2.10011203e+07	8.17400238e+05	1.36680891e+01	1.00000000e-09	1.36680891e+00	1.00000000e-10	1.31877011e+06	1.21508076e-12
3.79000000e+01	3.18651536e+01	2.08291948e+07	8.10708600e+05	8.49957734e+01	1.00000000e-09	8.49957734e+00	1.00000000e-10	8.20084543e+06	1.11709730e-12
3.80000000e+01	3.19492305e+01	2.06571655e+07	8.04012919e+05	5.50639422e+01	1.27172392e+00	5.50639422e+00	1.27172392e-01	5.19016004e+06	1.02701517e-12
3.81000000e+01	3.20333075e+01	2.04850690e+07	7.97314622e+05	1.00000000e-09	1.56753405e-01	1.00000000e-10	1.56753405e-02	-1.51244042e+04	9.44197214e-13
3.82000000e+01	3.21173844e+01	2.03129725e+07	7.90616324e+05	1.00000000e-09	1.00000000e-09	1.00000000e-10	1.00000000e-10	0.00000000e+00	8.68057654e-13
3.83000000e+01	3.22014613e+01	2.01408759e+07	7.83918027e+05	1.00000000e-09	1.00000000e-09	1.00000000e-10	1.00000000e-10	0.00000000e+00	7.98057949e-13
3.84000000e+01	3.22855382e+01	1.99687796e+07	7.77219738e+05	1.00000000e-09	9.13448072e-01	1.00000000e-10	9.13448072e-02	-8.81343405e+04	7.33702982e-13
3.85000000e+01	3.23696152e+01	1.97966835e+07	7.70521459e+05	1.00000000e-09	1.00000000e-09	1.00000000e-10	1.00000000e-10	0.00000000e+00	6.74537565e-13
3.86000000e+01	3.24536921e+01	1.96245875e+07	7.63823179e+05	1.00000000e-09	1.00000000e-09	1.00000000e-10	1.00000000e-10	0.00000000e+00	6.20143216e-13
3.87000000e+01	3.25377690e+01	1.94524914e+07	7.57124900e+05	1.00000000e-09	2.09363152e-01	1.00000000e-10	2.09363152e-02	-2.02004732e+04	5.70135198e-13
3.88000000e+01	3.26218459e+01	1.92803955e+07	7.50426628e+05	4.56972413e-01	5.94511041e-01	4.56972413e-02	5.94511041e-02	-1.32704602e+04	5.24159800e-13
3.89000000e+01	3.27059228e+01	1.91082994e+07	7.43728345e+05	6.40918333e+00	1.00000000e-09	6.40918333e-01	1.00000000e-10	6.18392183e+05	4.81891834e-13
3.90000000e+01	3.27899998e+01	1.89361953e+07	7.37029756e+05	7.41019764e+00	1.00000000e-09	7.41019764e-01	1.00000000e-10	7.14975380e+05	4.43032333e-13
3.91000000e+01	3.28740767e+01	1.87640822e+07	7.30330814e+05	1.00000000e-09	6.26033918e-01	1.00000000e-10	6.26033918e-02	-6.04030904e+04	4.07306443e-13
3.92000000e+01	3.29581536e+01	1.85919693e+07	7.23631879e+05	1.00000000e-09	3.19386187e-01	1.00000000e-10	3.19386187e-02	-3.08160823e+04	3.74461468e-13
3.93000000e+01	3.30422305e+01	1.84198566e+07	7.16932954e+05	1.00000000e-09	1.00000000e-09	1.00000000e-10	1.00000000e-10	0.00000000e+00	3.44265096e-13
3.94000000e+01	3.31263075e+01	1.82477440e+07	7.10234029e+05	4.81838923e+00	1.00000000e-09	4.81838923e-01	1.00000000e-10	4.64903885e+05	3.16503742e-13
3.95000000e+01	3.32103844e+01	1.80756254e+07	7.03534875e+05	3.01261272e+00	1.06807234e+00	3.01261272e-01	1.06807234e-01	1.87619624e+05	2.90981049e-13
3.96000000e+01	3.32944613e+01	1.79035033e+07	6.96835583e+05	1.00000000e-09	8.87268424e-02	1.00000000e-10	8.87268424e-03	-8.56083876e+03	2.67516493e-13
3.97000000e+01	3.33785382e+01	1.77313815e+07	6.90136301e+05	1.00000000e-09	1.00000000e-09	1.00000000e-10	1.00000000e-10	0.00000000e+00	2.45944106e-13
3.98000000e+01	3.34626152e+01	1.75592597e+07	6.83437020e+05	4.37791291e-01	1.00000000e-09	4.37791291e-02	1.00000000e-10	4.22404380e+04	2.26111304e-13
3.99000000e+01	3.35466921e+01	1.73871374e+07	6.76737719e+05	3.57532884e+00	1.53333153e+00	3.57532884e-01	1.53333153e-01	1.97022789e+05	2.07877809e-13
4.00000000e+01	3.36307690e+01	1.72150108e+07	6.70038251e+05	1.05629779e+00	1.00000000e-09	1.05629779e-01	1.00000000e-10	1.01917243e+05	1.91114654e-13
4.01000000e+01	3.37148459e+01	1.70428832e+07	6.63338745e+05	1.00000000e-09	1.00000000e-09	1.00000000e-10	1.00000000e-10	0.00000000e+00	1.75703270e-13
4.02000000e+01	3.37989228e+01	1.68707556e+07	6.56639238e+05	1.00000000e-09	4.02615957e-02	1.00000000e-10	4.02615957e-03	-3.88465333e+03	1.61534652e-13
4.03000000e+01	3.38829998e+01	1.66986280e+07	6.49939732e+05	1.42874109e+00	2.03112777e+00	1.42874109e-01	2.03112777e-01	-5.81214788e+04	1.48508584e-13
4.04000000e+01	3.39670767e+01	1.65264987e+07	6.43240162e+05	2.54380874e+00	1.00000000e-09	2.54380874e-01	1.00000000e-10	2.45440231e+05	1.36532931e-13
4.05000000e+01	3.40511536e+01	1.63543667e+07	6.36540481e+05	1.00000000e-09	1.00000000e-09	1.00000000e-10	1.00000000e-10	0.00000000e+00	1.25522989e-13
4.06000000e+01	3.41352305e+01	1.61822346e+07	6.29840801e+05	1.00000000e-09	1.39151676e-01	1.00000000e-10	1.39151676e-02	-1.34260955e+04	1.15400882e-13
4.07000000e+01	3.42193075e+01	1.60101025e+07	6.23141121e+05	1.00000000e-09	2.52434389e+00	1.00000000e-10	2.52434389e-01	-2.43562158e+05	1.06095016e-13
4.08000000e+01	3.43033844e+01	1.58379706e+07	6.16441444e+05	1.85659868e+00	1.00000000e-09	1.85659868e-01	1.00000000e-10	1.79134540e+05	9.75395708e-14
4.09000000e+01	3.43874613e+01	1.56658366e+07	6.09741690e+05	1.72009233e+00	1.00000000e-09	1.72009233e-01	1.00000000e-10	1.65963680e+05	8.96740319e-14
4.10000000e+01	3.44715382e+01	1.54937005e+07	6.03041854e+05	1.00000000e-09	1.96826709e-01	1.00000000e-10	1.96826709e-02	-1.89908903e+04	8.24427658e-14
4.11000000e+01	3.45556151e+01	1.53215645e+07	5.96342018e+05	1.00000000e-09	3.02227007e+00	1.00000000e-10	3.02227007e-01	-2.91604731e+05	7.57946252e-14
4.12000000e+01	3.46396921e+01	1.51494285e+07	5.89642185e+05	1.00000000e-09	1.00000000e-09	1.00000000e-10	1.00000000e-10	0.00000000e+00	6.96825871e-14
4.13000000e+01	3.47237690e+01	1.49772928e+07	5.82942364e+05	1.88637922e+00	1.00000000e-09	1.88637922e-01	1.00000000e-10	1.82007925e+05	6.40634205e-14
4.14000000e+01	3.48078459e+01	1.48051548e+07	5.76242452e+05	9.62343449e-01	2.22347282e-01	9.62343449e-02	2.22347282e-02	7.13987759e+04	5.88973804e-14
4.15000000e+01	3.48919228e+01	1.46330156e+07	5.69542495e+05	1.00000000e-09	3.52915315e+00	1.00000000e-10	3.52915315e-01	-3.40511514e+05	5.41479271e-14
4.16000000e+01	3.49759998e+01	1.44608765e+07	5.62842540e+05	1.00000000e-09	1.00000000e-09	1.00000000e-10	1.00000000e-10	0.00000000e+00	4.97814672e-14
4.17000000e+01	3.50600767e+01	1.42887377e+07	5.56142598e+05	4.95240209e-01	1.00000000e-09	4.95240209e-02	1.00000000e-10	4.77834160e+04	4.57671163e-14
4.18000000e+01	3.51441536e+01	1.41165983e+07	5.49442632e+05	1.65510449e+00	2.10902504e-01	1.65510449e-01	2.10902504e-02	1.39344309e+05	4.20764804e-14
4.19000000e+01	3.52282305e+01	1.39444568e+07	5.42742586e+05	3.03074801e-01	4.05132059e+00	3.03074801e-02	4.05132059e-01	-3.61650740e+05	3.86834555e-14
4.20000000e+01	3.53123074e+01	1.37723151e+07	5.36042529e+05	1.00000000e-09	1.00000000e-09	1.00000000e-10	1.00000000e-10	0.00000000e+00	3.55640423e-14
4.21000000e+01	3.53963844e+01	1.36001736e+07	5.29342483e+05	1.00000000e-09	1.00000000e-09	1.00000000e-10	1.00000000e-10	0.00000000e+00	3.26961769e-14
4.22000000e+01	3.54804613e+01	1.34280322e+07	5.22642438e+05	8.92724418e-01	1.53097539e-01	8.92724418e-02	1.53097539e-02	7.13631451e+04	3.00595747e-14
4.23000000e+01	3.55645382e+01	1.32558896e+07	5.15942350e+05	1.30670990e+00	4.58842123e+00	1.30670990e-01	4.58842123e-01	-3.16637008e+05	2.76355866e-14
4.24000000e+01	3.56486151e+01	1.30837455e+07	5.09242200e+05	1.00000000e-09	1.00000000e-09	1.00000000e-10	1.00000000e-10	0.00000000e+00	2.54070677e-14
4.25000000e+01	3.57326921e+01	1.29116017e+07	5.02542064e+05	1.00000000e-09	1.00000000e-09	1.00000000e-10	1.00000000e-10	0.00000000e+00	2.33582553e-14
4.26000000e+01	3.58167690e+01	1.27394579e+07	4.95841927e+05	1.00000000e-09	3.92021101e-02	1.00000000e-10	3.92021101e-03	-3.78242851e+03	2.14746581e-14
4.27000000e+01	3.59008459e+01	1.25673141e+07	4.89141790e+05	1.08339686e+00	5.13404058e+00	1.08339686e-01	5.13404058e-01	-3.90827705e+05	1.97429531e-14
4.28000000e+01	3.59849228e+01	1.23951690e+07	4.82441602e+05	9.46957604e-01	3.74235091e-02	9.46957604e-02	3.74235091e-03	8.77566992e+04	1.81508919e-14
4.29000000e+01	3.60689997e+01	1.22230231e+07	4.75741381e+05	1.00000000e-09	1.00000000e-09	1.00000000e-10	1.00000000e-10	0.00000000e+00	1.66872137e-14
4.30000000e+01	3.61530767e+01	1.20508771e+07	4.69041161e+05	1.00000000e-09	1.00000000e-09	1.00000000e-10	1.00000000e-10	0.00000000e+00	1.53415657e-14
4.31000000e+01	3.62371536e+01	1.18787312e+07	4.62340941e+05	1.00000000e-09	5.68034320e+00	1.00000000e-10	5.68034320e-01	-5.48069800e+05	1.41044300e-14
4.32000000e+01	3.63212305e+01	1.17065853e+07	4.55640722e+05	1.13628391e+00	2.36456210e-01	1.13628391e-01	2.36456210e-02	8.68201747e+04	1.29670563e-14
4.33000000e+01	3.64053074e+01	1.15344383e+07	4.48940460e+05	6.27924398e-01	1.00000000e-09	6.27924398e-02	1.00000000e-10	6.05854940e+04	1.19213998e-14
4.34000000e+01	3.64893844e+01	1.13622906e+07	4.42240171e+05	1.00000000e-09	1.00000000e-09	1.00000000e-10	1.00000000e-10	0.00000000e+00	1.09600645e-14
4.35000000e+01	3.65734613e+01	1.11901429e+07	4.35539882e+05	1.00000000e-09	6.21986618e+00	1.00000000e-10	6.21986618e-01	-6.00125854e+05	1.00762507e-14
4.36000000e+01	3.66575382e+01	1.10179952e+07	4.28839592e+05	2.04346634e-01	4.95680633e-01	2.04346634e-02	4.95680633e-02	-2.81094577e+04	9.26370726e-15
4.37000000e+01	3.67416151e+01	1.08458475e+07	4.22139306e+05	1.10600606e+00	1.00000000e-09	1.10600606e-01	1.00000000e-10	1.06713362e+05	8.51668685e-15
4.38000000e+01	3.68256921e+01	1.06736986e+07	4.15438970e+05	3.51212560e-01	1.00000000e-09	3.51212560e-02	1.00000000e-10	3.38868604e+04	7.82990577e-15
4.39000000e+01	3.69097690e+01	1.05015493e+07	4.08738617e+05	1.00000000e-09	6.74283573e+00	1.00000000e-10	6.74283573e-01	-6.50584745e+05	7.19850635e-15
4.40000000e+01	3.69938459e+01	1.03293999e+07	4.02038264e+05	1.00000000e-09	8.13886124e-01	1.00000000e-10	8.13886124e-02	-7.85280729e+04	6.61802264e-15
4.41000000e+01	3.70779228e+01	1.01572509e+07	3.95337923e+05	4.49321026e-01	1.00000000e-09	4.49321026e-02	1.00000000e-10	4.33528884e+04	6.08434883e-15
4.42000000e+01	3.71619997e+01	9.98510139e+06	3.88637565e+05	1.03675943e+00	1.00000000e-09	1.03675943e-01	1.00000000e-10	1.00032077e+05	5.59371018e-15
4.43000000e+01	3.72460767e+01	9.81295064e+06	3.81937157e+05	1.09451425e-01	7.24217872e+00	1.09451425e-02	7.24217872e-01	-6.88203562e+05	5.14263638e-15
4.44000000e+01	3.73301536e+01	9.64079975e+06	3.75236744e+05	1.00000000e-09	1.18804532e+00	1.00000000e-10	1.18804532e-01	-1.14628947e+05	4.72793693e-15
4.45000000e+01	3.74142305e+01	9.46864917e+06	3.68536344e+05	1.00000000e-09	1.00000000e-09	1.00000000e-10	1.00000000e-10	0.00000000e+00	4.34667862e-15
4.46000000e+01	3.74983074e+01	9.29649871e+06	3.61835947e+05	6.27441225e-01	1.00000000e-09	6.27441225e-02	1.00000000e-10	6.05388749e+04	3.99616478e-15
4.47000000e+01	3.75823844e+01	9.12434748e+06	3.55135521e+05	9.26770455e-01	7.71273519e+00	9.26770455e-02	7.71273519e-01	-6.54746061e+05	3.67391618e-15
4.48000000e+01	3.76664613e+01	8.95219511e+06	3.48435051e+05	1.00000000e-09	1.61440984e+00	1.00000000e-10	1.61440984e-01	-1.55766869e+05	3.37765354e-15
4.49000000e+01	3.77505382e+01	8.78004305e+06	3.41734592e+05	1.00000000e-09	1.00000000e-09	1.00000000e-10	1.00000000e-10	0.00000000e+00	3.10528136e-15
4.50000000e+01	3.78346151e+01	8.60789112e+06	3.35034139e+05	1.00000000e-09	1.00000000e-09	1.00000000e-10	1.00000000e-10	0.00000000e+00	2.85487313e-15
4.51000000e+01	3.79186920e+01	8.43573920e+06	3.28333686e+05	7.39747584e-01	8.14968743e+00	7.39747584e-02	8.14968743e-01	-7.14950507e+05	2.62465769e-15
4.52000000e+01	3.80027690e+01	8.26358636e+06	3.21633197e+05	7.83093109e-01	2.08900829e+00	7.83093109e-02	2.08900829e-01	-1.26001660e+05	2.41300669e-15
4.53000000e+01	3.80868459e+01	8.09143285e+06	3.14932682e+05	1.00000000e-09	1.00000000e-09	1.00000000e-10	1.00000000e-10	0.00000000e+00	2.21842312e-15
4.54000000e+01	3.81709228e+01	7.91927950e+06	3.08232173e+05	1.00000000e-09	1.00000000e-09	1.00000000e-10	1.00000000e-10	0.00000000e+00	2.03953067e-15
4.55000000e+01	3.82549997e+01	7.74712616e+06	3.01531665e+05	1.00000000e-09	8.54903353e+00	1.00000000e-10	8.54903353e-01	-8.24856339e+05	1.87506400e-15
4.56000000e+01	3.83390767e+01	7.57497281e+06	2.94831156e+05	7.88268752e-01	2.60728313e+00	7.88268752e-02	2.60728313e-01	-1.75508206e+05	1.72385984e-15
4.57000000e+01	3.84231536e+01	7.40281876e+06	2.88130620e+05	6.35814879e-01	1.00000000e-09	6.35814879e-02	1.00000000e-10	6.13468097e+04	1.58484870e-15
4.58000000e+01	3.85072305e+01	7.23066411e+06	2.81430061e+05	1.00000000e-09	1.00000000e-09	1.00000000e-10	1.00000000e-10	0.00000000e+00	1.45704735e-15
4.59000000e+01	3.85913074e+01	7.05850946e+06	2.74729502e+05	1.00000000e-09	8.90831632e+00	1.00000000e-10	8.90831632e-01	-8.59521859e+05	1.33955183e-15
4.60000000e+01	3.86753843e+01	6.88635482e+06	2.68028943e+05	1.00000000e-09	3.16391596e+00	1.00000000e-10	3.16391596e-01	-3.05271482e+05	1.23153109e-15
4.61000000e+01	3.87594613e+01	6.71420042e+06	2.61328393e+05	8.00652965e-01	1.00000000e-09	8.00652965e-02	1.00000000e-10	7.72512671e+04	1.13222108e-15
4.62000000e+01	3.88435382e+01	6.54204524e+06	2.54627813e+05	5.11167408e-01	1.00000000e-09	5.11167408e-02	1.00000000e-10	4.93201571e+04	1.04091937e-15
4.63000000e+01	3.89276151e+01	6.36988943e+06	2.47927209e+05	1.00000000e-09	9.22510132e+00	1.00000000e-10	9.22510132e-01	-8.90086965e+05	9.56980191e-16
4.64000000e+01	3.90116920e+01	6.19773362e+06	2.41226604e+05	1.00000000e-09	3.75493304e+00	1.00000000e-10	3.75493304e-01	-3.62295961e+05	8.79809819e-16
4.65000000e+01	3.90957690e+01	6.02557804e+06	2.34526009e+05	2.53223701e-02	1.00000000e-09	2.53223701e-03	1.00000000e-10	2.44323720e+03	8.08862425e-16
4.66000000e+01	3.91798459e+01	5.85342264e+06	2.27825421e+05	8.06959725e-01	1.00000000e-09	8.06959725e-02	1.00000000e-10	7.78597770e+04	7.43636191e-16
4.67000000e+01	3.92639228e+01	5.68126626e+06	2.21124794e+05	4.19745843e-01	9.49749659e+00	4.19745843e-02	9.49749659e-01	-8.75869796e+05	6.83669765e-16
4.68000000e+01	3.93479997e+01	5.50910935e+06	2.14424147e+05	1.00000000e-09	4.37614278e+00	1.00000000e-10	4.37614278e-01	-4.22233590e+05	6.28539001e-16
4.69000000e+01	3.94320766e+01	5.33695267e+06	2.07723508e+05	1.00000000e-09	1.00000000e-09	1.00000000e-10	1.00000000e-10	0.00000000e+00	5.77853951e-16
4.70000000e+01	3.95161536e+01	5.16479621e+06	2.01022878e+05	1.09306693e-01	1.00000000e-09	1.09306693e-02	1.00000000e-10	1.05464925e+04	5.31256117e-16
4.71000000e+01	3.96002305e+01	4.99263961e+06	1.94322243e+05	8.08222485e-01	9.72446134e+00	8.08222485e-02	9.72446134e-01	-8.60286267e+05	4.88415907e-16
4.72000000e+01	3.96843074e+01	4.82048202e+06	1.87621570e+05	3.53126516e-01	5.02353607e+00	3.53126516e-02	5.02353607e-01	-4.50626017e+05	4.49030309e-16
4.73000000e+01	3.97683843e+01	4.64832421e+06	1.80920887e+05	1.00000000e-09	1.00000000e-09	1.00000000e-10	1.00000000e-10	0.00000000e+00	4.12820745e-16
4.74000000e+01	3.98524613e+01	4.47616662e+06	1.74220213e+05	1.00000000e-09	1.00000000e-09	1.00000000e-10	1.00000000e-10	0.00000000e+00	3.79531100e-16
4.75000000e+01	3.99365382e+01	4.30400903e+06	1.67519540e+05	1.68175493e-01	9.90468100e+00	1.68175493e-02	9.90468100e-01	-9.39429968e+05	3.48925915e-16
4.76000000e+01	4.00206151e+01	4.13185123e+06	1.60818858e+05	7.93781988e-01	5.69363797e+00	7.93781988e-02	5.69363797e-01	-4.72764232e+05	3.20788716e-16
4.77000000e+01	4.01046920e+01	3.95969265e+06	1.54118146e+05	2.95414802e-01	1.00000000e-09	2.95414802e-02	1.00000000e-10	2.85031952e+04	2.94920485e-16
4.78000000e+01	4.01887690e+01	3.78753395e+06	1.47417429e+05	1.00000000e-09	1.00000000e-09	1.00000000e-10	1.00000000e-10	0.00000000e+00	2.71138254e-16
4.79000000e+01	4.02728459e+01	3.61537524e+06	1.40716711e+05	1.00000000e-09	1.00375450e+01	1.00000000e-10	1.00375450e+00	-9.68475864e+05	2.49273810e-16
4.80000000e+01	4.03569228e+01	3.44321654e+06	1.34015994e+05	1.88927139e-01	6.38265272e+00	1.88927139e-02	6.38265272e-01	-5.97603670e+05	2.29172503e-16
4.81000000e+01	4.04409997e+01	3.27105777e+06	1.27315275e+05	7.62283333e-01	1.00000000e-09	7.62283333e-02	1.00000000e-10	7.35491604e+04	2.10692155e-16
4.82000000e+01	4.05250766e+01	3.09889832e+06	1.20614529e+05	2.73329489e-01	1.00000000e-09	2.73329489e-02	1.00000000e-10	2.63722865e+04	1.93702052e-16
4.83000000e+01	4.06091536e+01	2.92673853e+06	1.13913769e+05	1.00000000e-09	1.01225882e+01	1.00000000e-10	1.01225882e+00	-9.76681280e+05	1.78082022e-16
4.84000000e+01	4.06932305e+01	2.75457874e+06	1.07213010e+05	1.00000000e-09	7.08735989e+00	1.00000000e-10	7.08735989e-01	-6.83826272e+05	1.63721583e-16
4.85000000e+01	4.07773074e+01	2.58241910e+06	1.00512257e+05	1.70366622e-01	1.00000000e-09	1.70366622e-02	1.00000000e-10	1.64378800e+04	1.50519162e-16
4.86000000e+01	4.08613843e+01	2.41025951e+06	9.38115049e+04	7.21359117e-01	1.00000000e-09	7.21359117e-02	1.00000000e-10	6.96005739e+04	1.38381377e-16
4.87000000e+01	4.09454613e+01	2.23809904e+06	8.71107189e+04	2.78887149e-01	1.01592562e+01	2.78887149e-02	1.01592562e+00	-9.53310692e+05	1.27222377e-16
4.88000000e+01	4.10295382e+01	2.06593822e+06	8.04099195e+04	1.00000000e-09	7.80461022e+00	1.00000000e-10	7.80461022e-01	-7.53030409e+05	1.16963232e-16
4.89000000e+01	4.11136151e+01	1.89377754e+06	7.37091256e+04	1.00000000e-09	1.00000000e-09	1.00000000e-10	1.00000000e-10	0.00000000e+00	1.07531379e-16
4.90000000e+01	4.11976920e+01	1.72161712e+06	6.70083416e+04	1.30321052e-01	1.00000000e-09	1.30321052e-02	1.00000000e-10	1.25740699e+04	9.88601065e-17
4.91000000e+01	4.12817689e+01	1.54945654e+06	6.03075514e+04	6.82315356e-01	1.01474735e+01	6.82315356e-02	1.01474735e+00	-9.13248931e+05	9.08880802e-17
4.92000000e+01	4.13658459e+01	1.37729512e+06	5.36067287e+04	2.98273667e-01	8.53106571e+00	2.98273667e-02	8.53106571e-01	-7.94343675e+05	8.35589140e-17
4.93000000e+01	4.14499228e+01	1.20513346e+06	4.69058966e+04	1.00000000e-09	1.00000000e-09	1.00000000e-10	1.00000000e-10	0.00000000e+00	7.68207678e-17
4.94000000e+01	4.15339997e+01	1.03297206e+06	4.02050746e+04	1.00000000e-09	1.00000000e-09	1.00000000e-10	1.00000000e-10	0.00000000e+00	7.06259821e-17
4.95000000e+01	4.16180766e+01	8.60810661e+05	3.35042526e+04	7.75834716e-02	1.00869970e+01	7.75834716e-03	1.00869970e+00	-9.65761591e+05	6.49307406e-17
4.96000000e+01	4.17021536e+01	6.88649167e+05	2.68034269e+04	6.50344326e-01	9.26393619e+00	6.50344326e-02	9.26393619e-01	-8.31085271e+05	5.96947603e-17
4.97000000e+01	4.17862305e+01	5.16486983e+05	2.01025744e+04	3.33397820e-01	1.00000000e-09	3.33397820e-02	1.00000000e-10	3.21679993e+04	5.48810067e-17
4.98000000e+01	4.18703074e+01	3.44324655e+05	1.34017163e+04	1.00000000e-09	1.00000000e-09	1.00000000e-10	1.00000000e-10	0.00000000e+00	5.04554316e-17
4.99000000e+01	4.19543843e+01	1.72162328e+05	6.70085813e+03	1.00000000e-09	9.97765589e+00	1.00000000e-10	9.97765589e-01	-9.62697442e+05	4.63867326e-17
5.00000000e+01	4.20384612e+01	0.00000000e+00	0.00000000e+00	1.00000000e+01	1.00000000e+01	1.00000000e+00	1.00000000e+00	0.00000000e+00	4.26461312e-17
