# 1D PNP Solver Results
# Debye length: 1.18939 nm
# Surface potential: 100 mV
# Bulk concentration: 10 mol/m^3
# Thermal voltage: 25.6926 mV
# Grid: non-uniform with stretching factor 1
#
# Columns:
# 1: x [nm]
# 2: x/lambda_D [-]
# 3: phi [mV]
# 4: phi_normalized = e*phi/(kB*T) [-]
# 5: c+ [mol/m^3]
# 6: c- [mol/m^3]
# 7: c+/c0 [-]
# 8: c-/c0 [-]
# 9: rho [C/m^3]
# 10: phi_GC [mV] (Gouy-Chapman analytical)
0.00000000e+00	0.00000000e+00	1.00000000e+02	3.89217445e+00	1.00000000e-09	1.00000000e-09	1.00000000e-10	1.00000000e-10	0.00000000e+00	1.00000000e+02
1.00000000e-01	8.40769225e-02	1.93002159e+05	7.51198072e+03	1.00000000e-09	1.00000000e-09	1.00000000e-10	1.00000000e-10	0.00000000e+00	8.70576373e+01
2.00000000e-01	1.68153845e-01	3.85895893e+05	1.50197413e+04	3.09321348e+05	1.00000000e-09	3.09321348e+04	1.00000000e-10	2.98449730e+10	7.68715638e+01
3.00000000e-01	2.52230767e-01	5.78789626e+05	2.25275020e+04	1.41810457e+04	1.00000000e-09	1.41810457e+03	1.00000000e-10	1.36826290e+09	6.85207345e+01
4.00000000e-01	3.36307690e-01	7.71683360e+05	3.00352626e+04	1.00000000e-09	1.00000000e-09	1.00000000e-10	1.00000000e-10	0.00000000e+00	6.14862309e+01
5.00000000e-01	4.20384612e-01	9.60527230e+05	3.73853954e+04	1.00000000e-09	1.00000000e-09	1.00000000e-10	1.00000000e-10	0.00000000e+00	5.54461690e+01
6.00000000e-01	5.04461535e-01	1.14929496e+06	4.47325647e+04	3.08806053e+05	1.00000000e-09	3.08806053e+04	1.00000000e-10	2.97952545e+10	5.01866549e+01
7.00000000e-01	5.88538457e-01	1.33806268e+06	5.20797339e+04	2.89615928e+04	1.00000000e-09	2.89615928e+03	1.00000000e-10	2.79436890e+09	4.55579535e+01
8.00000000e-01	6.72615380e-01	1.52683041e+06	5.94269032e+04	1.00000000e-09	1.00000000e-09	1.00000000e-10	1.00000000e-10	0.00000000e+00	4.14508515e+01
9.00000000e-01	7.56692302e-01	1.71154770e+06	6.66164223e+04	1.00000000e-09	1.00000000e-09	1.00000000e-10	1.00000000e-10	0.00000000e+00	3.77829914e+01
1.00000000e+00	8.40769225e-01	1.89611840e+06	7.38002358e+04	3.07874040e+05	1.00000000e-09	3.07874040e+04	1.00000000e-10	2.97053290e+10	3.44905241e+01
1.10000000e+00	9.24846147e-01	2.08068910e+06	8.09840494e+04	4.43760478e+04	1.00000000e-09	4.43760478e+03	1.00000000e-10	4.28163771e+09	3.15227780e+01
1.20000000e+00	1.00892307e+00	2.26525979e+06	8.81678629e+04	1.00000000e-09	1.00000000e-09	1.00000000e-10	1.00000000e-10	0.00000000e+00	2.88387272e+01
1.30000000e+00	1.09299999e+00	2.44577922e+06	9.51939940e+04	1.00000000e-09	1.00000000e-09	1.00000000e-10	1.00000000e-10	0.00000000e+00	2.64045776e+01
1.40000000e+00	1.17707691e+00	2.62607869e+06	1.02211564e+05	3.06486653e+05	1.00000000e-09	3.06486653e+04	1.00000000e-10	2.95714665e+10	2.41920729e+01
1.50000000e+00	1.26115384e+00	2.80637815e+06	1.09229133e+05	6.04619751e+04	1.00000000e-09	6.04619751e+03	1.00000000e-10	5.83369375e+09	2.21772778e+01
1.60000000e+00	1.34523076e+00	2.98667762e+06	1.16246703e+05	1.00000000e-09	1.00000000e-09	1.00000000e-10	1.00000000e-10	0.00000000e+00	2.03396868e+01
1.70000000e+00	1.42930768e+00	3.16292471e+06	1.23106547e+05	1.00000000e-09	1.00000000e-09	1.00000000e-10	1.00000000e-10	0.00000000e+00	1.86615585e+01
1.80000000e+00	1.51338460e+00	3.33887533e+06	1.29954852e+05	3.04600094e+05	1.00000000e-09	3.04600094e+04	1.00000000e-10	2.93894413e+10	1.71274116e+01
1.90000000e+00	1.59746153e+00	3.51482594e+06	1.36803157e+05	7.72604984e+04	1.00000000e-09	7.72604984e+03	1.00000000e-10	7.45450485e+09	1.57236358e+01
2.00000000e+00	1.68153845e+00	3.69077656e+06	1.43651462e+05	1.00000000e-09	1.00000000e-09	1.00000000e-10	1.00000000e-10	0.00000000e+00	1.44381886e+01
2.10000000e+00	1.76561537e+00	3.86267339e+06	1.50341987e+05	1.00000000e-09	1.00000000e-09	1.00000000e-10	1.00000000e-10	0.00000000e+00	1.32603556e+01
2.20000000e+00	1.84969229e+00	4.03419386e+06	1.57017863e+05	3.02164513e+05	1.00000000e-09	3.02164513e+04	1.00000000e-10	2.91544434e+10	1.21805577e+01
2.30000000e+00	1.93376922e+00	4.20571434e+06	1.63693739e+05	9.48167656e+04	1.00000000e-09	9.48167656e+03	1.00000000e-10	9.14842712e+09	1.11901960e+01
2.40000000e+00	2.01784614e+00	4.37723481e+06	1.70369615e+05	1.00000000e-09	1.00000000e-09	1.00000000e-10	1.00000000e-10	0.00000000e+00	1.02815237e+01
2.50000000e+00	2.10192306e+00	4.54469977e+06	1.76887643e+05	1.00000000e-09	1.00000000e-09	1.00000000e-10	1.00000000e-10	0.00000000e+00	9.44754093e+00
2.60000000e+00	2.18599998e+00	4.71170484e+06	1.83387772e+05	2.99122875e+05	1.00000000e-09	2.99122875e+04	1.00000000e-10	2.88609700e+10	8.68190590e+00
2.70000000e+00	2.27007691e+00	4.87870991e+06	1.89887901e+05	1.13180491e+05	1.00000000e-09	1.13180491e+04	1.00000000e-10	1.09202573e+10	7.97886054e+00
2.80000000e+00	2.35415383e+00	5.04571498e+06	1.96388029e+05	1.00000000e-09	1.00000000e-09	1.00000000e-10	1.00000000e-10	0.00000000e+00	7.33316685e+00
2.90000000e+00	2.43823075e+00	5.20866245e+06	2.02730229e+05	1.00000000e-09	1.00000000e-09	1.00000000e-10	1.00000000e-10	0.00000000e+00	6.74005227e+00
3.00000000e+00	2.52230767e+00	5.37106257e+06	2.09051125e+05	2.95409578e+05	1.00000000e-09	2.95409578e+04	1.00000000e-10	2.85026913e+10	6.19516235e+00
3.10000000e+00	2.60638460e+00	5.53346269e+06	2.15372021e+05	1.32406592e+05	1.00000000e-09	1.32406592e+04	1.00000000e-10	1.27752940e+10	5.69451955e+00
3.20000000e+00	2.69046152e+00	5.69586282e+06	2.21692917e+05	1.00000000e-09	1.00000000e-09	1.00000000e-10	1.00000000e-10	0.00000000e+00	5.23448697e+00
3.30000000e+00	2.77453844e+00	5.85420285e+06	2.27855788e+05	1.00000000e-09	1.00000000e-09	1.00000000e-10	1.00000000e-10	0.00000000e+00	4.81173646e+00
3.40000000e+00	2.85861536e+00	6.01190383e+06	2.33993785e+05	2.90948715e+05	1.00000000e-09	2.90948715e+04	1.00000000e-10	2.80722834e+10	4.42322017e+00
3.50000000e+00	2.94269229e+00	6.16960480e+06	2.40131782e+05	1.52555932e+05	1.00000000e-09	1.52555932e+04	1.00000000e-10	1.47194098e+10	4.06614534e+00
3.60000000e+00	3.02676921e+00	6.32730577e+06	2.46269779e+05	1.00000000e-09	1.00000000e-09	1.00000000e-10	1.00000000e-10	0.00000000e+00	3.73795159e+00
3.70000000e+00	3.11084613e+00	6.48094375e+06	2.52249637e+05	1.00000000e-09	1.00000000e-09	1.00000000e-10	1.00000000e-10	0.00000000e+00	3.43629058e+00
3.80000000e+00	3.19492305e+00	6.63384631e+06	2.58200871e+05	2.85651897e+05	1.00000000e-09	2.85651897e+04	1.00000000e-10	2.75612182e+10	3.15900770e+00
3.90000000e+00	3.27899998e+00	6.78674886e+06	2.64152105e+05	1.73696203e+05	1.00000000e-09	1.73696203e+04	1.00000000e-10	1.67591358e+10	2.90412542e+00
4.00000000e+00	3.36307690e+00	6.93965142e+06	2.70103339e+05	1.00000000e-09	1.00000000e-09	1.00000000e-10	1.00000000e-10	0.00000000e+00	2.66982829e+00
4.10000000e+00	3.44715382e+00	7.08848760e+06	2.75896303e+05	1.00000000e-09	1.00000000e-09	1.00000000e-10	1.00000000e-10	0.00000000e+00	2.45444929e+00
4.20000000e+00	3.53123074e+00	7.23648695e+06	2.81656696e+05	2.79415481e+05	1.00000000e-09	2.79415481e+04	1.00000000e-10	2.69594955e+10	2.25645740e+00
4.30000000e+00	3.61530767e+00	7.38448630e+06	2.87417089e+05	1.95902962e+05	1.00000000e-09	1.95902962e+04	1.00000000e-10	1.89017624e+10	2.07444628e+00
4.40000000e+00	3.69938459e+00	7.53248565e+06	2.93177482e+05	1.00000000e-09	1.00000000e-09	1.00000000e-10	1.00000000e-10	0.00000000e+00	1.90712395e+00
4.50000000e+00	3.78346151e+00	7.67641472e+06	2.98779453e+05	1.00000000e-09	1.00000000e-09	1.00000000e-10	1.00000000e-10	0.00000000e+00	1.75330334e+00
4.60000000e+00	3.86753843e+00	7.81940002e+06	3.04344690e+05	2.72117016e+05	1.00000000e-09	2.72117016e+04	1.00000000e-10	2.62553007e+10	1.61189369e+00
4.70000000e+00	3.95161536e+00	7.96238532e+06	3.09909927e+05	2.19260877e+05	1.00000000e-09	2.19260877e+04	1.00000000e-10	2.11554585e+10	1.48189263e+00
4.80000000e+00	4.03569228e+00	8.10537062e+06	3.15475164e+05	1.00000000e-09	1.00000000e-09	1.00000000e-10	1.00000000e-10	0.00000000e+00	1.36237899e+00
4.90000000e+00	4.11976920e+00	8.24428114e+06	3.20881804e+05	1.00000000e-09	1.00000000e-09	1.00000000e-10	1.00000000e-10	0.00000000e+00	1.25250612e+00
5.00000000e+00	4.20384612e+00	8.38213489e+06	3.26247312e+05	2.63610619e+05	1.00000000e-09	2.63610619e+04	1.00000000e-10	2.54345581e+10	1.15149587e+00
5.10000000e+00	4.28792305e+00	8.51998863e+06	3.31612820e+05	2.43865189e+05	1.00000000e-09	2.43865189e+04	1.00000000e-10	2.35294137e+10	1.05863300e+00
5.20000000e+00	4.37199997e+00	8.65784237e+06	3.36978329e+05	1.00000000e-09	1.00000000e-09	1.00000000e-10	1.00000000e-10	0.00000000e+00	9.73260072e-01
5.30000000e+00	4.45607689e+00	8.79161619e+06	3.42185039e+05	1.00000000e-09	1.00000000e-09	1.00000000e-10	1.00000000e-10	0.00000000e+00	8.94772759e-01
5.40000000e+00	4.54015381e+00	8.92421353e+06	3.47345959e+05	2.53720893e+05	1.00000000e-09	2.53720893e+04	1.00000000e-10	2.44803447e+10	8.22615544e-01
5.50000000e+00	4.62423074e+00	9.05681086e+06	3.52506878e+05	2.69823479e+05	1.00000000e-09	2.69823479e+04	1.00000000e-10	2.60340080e+10	7.56277766e-01
5.60000000e+00	4.70830766e+00	9.18940820e+06	3.57667798e+05	1.00000000e-09	1.00000000e-09	1.00000000e-10	1.00000000e-10	0.00000000e+00	6.95289988e-01
5.70000000e+00	4.79238458e+00	9.31791973e+06	3.62669691e+05	1.00000000e-09	1.00000000e-09	1.00000000e-10	1.00000000e-10	0.00000000e+00	6.39220665e-01
5.80000000e+00	4.87646150e+00	9.44512765e+06	3.67620845e+05	2.42234806e+05	1.00000000e-09	2.42234806e+04	1.00000000e-10	2.33721057e+10	5.87673079e-01
5.90000000e+00	4.96053843e+00	9.57233557e+06	3.72571999e+05	2.97257760e+05	1.00000000e-09	2.97257760e+04	1.00000000e-10	2.86810137e+10	5.40282524e-01
6.00000000e+00	5.04461535e+00	9.69954350e+06	3.77523154e+05	1.00000000e-09	1.00000000e-09	1.00000000e-10	1.00000000e-10	0.00000000e+00	4.96713722e-01
6.10000000e+00	5.12869227e+00	9.82265888e+06	3.82315019e+05	1.00000000e-09	1.00000000e-09	1.00000000e-10	1.00000000e-10	0.00000000e+00	4.56658442e-01
6.20000000e+00	5.21276919e+00	9.94433531e+06	3.87050878e+05	2.28890670e+05	1.00000000e-09	2.28890670e+04	1.00000000e-10	2.20845923e+10	4.19833321e-01
6.30000000e+00	5.29684612e+00	1.00660117e+07	3.91786737e+05	3.26306973e+05	1.00000000e-09	3.26306973e+04	1.00000000e-10	3.14838367e+10	3.85977854e-01
6.40000000e+00	5.38092304e+00	1.01876881e+07	3.96522595e+05	1.00000000e-09	1.00000000e-09	1.00000000e-10	1.00000000e-10	0.00000000e+00	3.54852548e-01
6.50000000e+00	5.46499996e+00	1.03052643e+07	4.01098866e+05	1.00000000e-09	1.00000000e-09	1.00000000e-10	1.00000000e-10	0.00000000e+00	3.26237227e-01
6.60000000e+00	5.54907688e+00	1.04212570e+07	4.05613502e+05	2.13362932e+05	1.00000000e-09	2.13362932e+04	1.00000000e-10	2.05863933e+10	2.99929475e-01
6.70000000e+00	5.63315381e+00	1.05372496e+07	4.10128138e+05	3.57129929e+05	1.00000000e-09	3.57129929e+04	1.00000000e-10	3.44577998e+10	2.75743201e-01
6.80000000e+00	5.71723073e+00	1.06532423e+07	4.14642775e+05	1.00000000e-09	1.00000000e-09	1.00000000e-10	1.00000000e-10	0.00000000e+00	2.53507323e-01
6.90000000e+00	5.80130765e+00	1.07651259e+07	4.18997481e+05	1.00000000e-09	1.00000000e-09	1.00000000e-10	1.00000000e-10	0.00000000e+00	2.33064554e-01
7.00000000e+00	5.88538457e+00	1.08752710e+07	4.23284521e+05	1.95240750e+05	1.00000000e-09	1.95240750e+04	1.00000000e-10	1.88378686e+10	2.14270296e-01
7.10000000e+00	5.96946150e+00	1.09854162e+07	4.27571561e+05	3.89908718e+05	1.00000000e-09	3.89908718e+04	1.00000000e-10	3.76204722e+10	1.96991610e-01
7.20000000e+00	6.05353842e+00	1.10955613e+07	4.31858602e+05	1.00000000e-09	1.00000000e-09	1.00000000e-10	1.00000000e-10	0.00000000e+00	1.81106277e-01
7.30000000e+00	6.13761534e+00	1.12015873e+07	4.35985320e+05	1.00000000e-09	1.00000000e-09	1.00000000e-10	1.00000000e-10	0.00000000e+00	1.66501937e-01
7.40000000e+00	6.22169226e+00	1.13057081e+07	4.40037884e+05	1.73997144e+05	1.00000000e-09	1.73997144e+04	1.00000000e-10	1.67881722e+10	1.53075289e-01
7.50000000e+00	6.30576919e+00	1.14098290e+07	4.44090447e+05	4.24852522e+05	1.00000000e-09	4.24852522e+04	1.00000000e-10	4.09920367e+10	1.40731363e-01
7.60000000e+00	6.38984611e+00	1.15139498e+07	4.48143011e+05	1.00000000e-09	1.00000000e-09	1.00000000e-10	1.00000000e-10	0.00000000e+00	1.29382849e-01
7.70000000e+00	6.47392303e+00	1.16139399e+07	4.52034802e+05	1.00000000e-09	1.00000000e-09	1.00000000e-10	1.00000000e-10	0.00000000e+00	1.18949475e-01
7.80000000e+00	6.55799995e+00	1.17118447e+07	4.55845429e+05	1.48943403e+05	1.00000000e-09	1.48943403e+04	1.00000000e-10	1.43708537e+10	1.09357445e-01
7.90000000e+00	6.64207688e+00	1.18097496e+07	4.59656055e+05	4.62201534e+05	1.00000000e-09	4.62201534e+04	1.00000000e-10	4.45956685e+10	1.00538914e-01
8.00000000e+00	6.72615380e+00	1.19076544e+07	4.63466682e+05	1.00000000e-09	1.00000000e-09	1.00000000e-10	1.00000000e-10	0.00000000e+00	9.24315047e-02
8.10000000e+00	6.81023072e+00	1.20014152e+07	4.67116017e+05	1.00000000e-09	1.00000000e-09	1.00000000e-10	1.00000000e-10	0.00000000e+00	8.49778740e-02
8.20000000e+00	6.89430764e+00	1.20928952e+07	4.70676576e+05	1.19159710e+05	1.00000000e-09	1.19159710e+04	1.00000000e-10	1.14971642e+10	7.81253008e-02
8.30000000e+00	6.97838457e+00	1.21843751e+07	4.74237136e+05	5.02230186e+05	1.00000000e-09	5.02230186e+04	1.00000000e-10	4.84578463e+10	7.18253161e-02
8.40000000e+00	7.06246149e+00	1.22758551e+07	4.77797696e+05	1.00000000e-09	1.00000000e-09	1.00000000e-10	1.00000000e-10	0.00000000e+00	6.60333593e-02
8.50000000e+00	7.14653841e+00	1.23631756e+07	4.81196361e+05	1.00000000e-09	1.00000000e-09	1.00000000e-10	1.00000000e-10	0.00000000e+00	6.07084632e-02
8.60000000e+00	7.23061533e+00	1.24480018e+07	4.84497946e+05	8.33858584e+04	1.00000000e-09	8.33858584e+03	1.00000000e-10	8.04551224e+09	5.58129641e-02
8.70000000e+00	7.31469226e+00	1.25328280e+07	4.87799531e+05	5.45247675e+05	1.00000000e-09	5.45247675e+04	1.00000000e-10	5.26084030e+10	5.13122357e-02
8.80000000e+00	7.39876918e+00	1.26176543e+07	4.91101116e+05	1.00000000e-09	1.00000000e-09	1.00000000e-10	1.00000000e-10	0.00000000e+00	4.71744438e-02
8.90000000e+00	7.48284610e+00	1.26983029e+07	4.94240102e+05	1.00000000e-09	1.00000000e-09	1.00000000e-10	1.00000000e-10	0.00000000e+00	4.33703214e-02
9.00000000e+00	7.56692302e+00	1.27762230e+07	4.97272886e+05	3.98419668e+04	1.00000000e-09	3.98419668e+03	1.00000000e-10	3.84416540e+09	3.98729614e-02
9.10000000e+00	7.65099995e+00	1.28541430e+07	5.00305670e+05	5.91590804e+05	1.00000000e-09	5.91590804e+04	1.00000000e-10	5.70798352e+10	3.66576268e-02
9.20000000e+00	7.73507687e+00	1.29320631e+07	5.03338454e+05	1.00000000e-09	1.00000000e-09	1.00000000e-10	1.00000000e-10	0.00000000e+00	3.37015752e-02
9.30000000e+00	7.81915379e+00	1.30057843e+07	5.06207812e+05	1.00000000e-09	1.00000000e-09	1.00000000e-10	1.00000000e-10	0.00000000e+00	3.09838980e-02
9.40000000e+00	7.90323071e+00	1.30765176e+07	5.08960876e+05	1.00000000e-09	1.00000000e-09	1.00000000e-10	1.00000000e-10	0.00000000e+00	2.84853728e-02
9.50000000e+00	7.98730764e+00	1.31472509e+07	5.11713939e+05	6.41596778e+05	1.00000000e-09	6.41596778e+04	1.00000000e-10	6.19046782e+10	2.61883275e-02
9.60000000e+00	8.07138456e+00	1.32179842e+07	5.14467002e+05	3.73852278e+04	1.00000000e-09	3.73852278e+03	1.00000000e-10	3.60712612e+09	2.40765146e-02
9.70000000e+00	8.15546148e+00	1.32844933e+07	5.17055655e+05	1.00000000e-09	1.00000000e-09	1.00000000e-10	1.00000000e-10	0.00000000e+00	2.21349973e-02
9.80000000e+00	8.23953840e+00	1.33477253e+07	5.19516753e+05	1.00000000e-09	1.00000000e-09	1.00000000e-10	1.00000000e-10	0.00000000e+00	2.03500429e-02
9.90000000e+00	8.32361533e+00	1.34109572e+07	5.21977851e+05	6.95523706e+05	1.00000000e-09	6.95523706e+04	1.00000000e-10	6.71078358e+10	1.87090262e-02
1.00000000e+01	8.40769225e+00	1.34741892e+07	5.24438950e+05	1.10643925e+05	1.00000000e-09	1.10643925e+04	1.00000000e-10	1.06755158e+10	1.72003403e-02
1.01000000e+01	8.49176917e+00	1.35331665e+07	5.26734450e+05	1.00000000e-09	1.00000000e-09	1.00000000e-10	1.00000000e-10	0.00000000e+00	1.58133140e-02
1.02000000e+01	8.57584609e+00	1.35885406e+07	5.28889705e+05	1.00000000e-09	1.00000000e-09	1.00000000e-10	1.00000000e-10	0.00000000e+00	1.45381368e-02
1.03000000e+01	8.65992302e+00	1.36439146e+07	5.31044960e+05	7.53328646e+05	1.00000000e-09	7.53328646e+04	1.00000000e-10	7.26851646e+10	1.33657892e-02
1.04000000e+01	8.74399994e+00	1.36992887e+07	5.33200215e+05	2.06529747e+05	1.00000000e-09	2.06529747e+04	1.00000000e-10	1.99270912e+10	1.22879791e-02
1.05000000e+01	8.82807686e+00	1.37503707e+07	5.35188416e+05	1.00000000e-09	1.00000000e-09	1.00000000e-10	1.00000000e-10	0.00000000e+00	1.12970830e-02
1.06000000e+01	8.91215378e+00	1.37974774e+07	5.37021891e+05	1.00000000e-09	1.00000000e-09	1.00000000e-10	1.00000000e-10	0.00000000e+00	1.03860923e-02
1.07000000e+01	8.99623071e+00	1.38445841e+07	5.38855366e+05	8.14023440e+05	1.00000000e-09	8.14023440e+04	1.00000000e-10	7.85413219e+10	9.54856333e-03
1.08000000e+01	9.08030763e+00	1.38916908e+07	5.40688841e+05	3.37502602e+05	1.00000000e-09	3.37502602e+04	1.00000000e-10	3.25640507e+10	8.77857228e-03
1.09000000e+01	9.16438455e+00	1.39344586e+07	5.42353439e+05	1.00000000e-09	1.00000000e-09	1.00000000e-10	1.00000000e-10	0.00000000e+00	8.07067289e-03
1.10000000e+01	9.24846147e+00	1.39728200e+07	5.43846531e+05	1.00000000e-09	1.00000000e-09	1.00000000e-10	1.00000000e-10	0.00000000e+00	7.41985814e-03
1.11000000e+01	9.33253840e+00	1.40111814e+07	5.45339623e+05	8.73599298e+05	1.00000000e-09	8.73599298e+04	1.00000000e-10	8.42895184e+10	6.82152474e-03
1.12000000e+01	9.41661532e+00	1.40495428e+07	5.46832715e+05	5.27893487e+05	1.00000000e-09	5.27893487e+04	1.00000000e-10	5.09339785e+10	6.27144062e-03
1.13000000e+01	9.50069224e+00	1.40835049e+07	5.48154577e+05	1.00000000e-09	1.00000000e-09	1.00000000e-10	1.00000000e-10	0.00000000e+00	5.76571500e-03
1.14000000e+01	9.58476916e+00	1.41125511e+07	5.49285109e+05	1.00000000e-09	1.00000000e-09	1.00000000e-10	1.00000000e-10	0.00000000e+00	5.30077082e-03
1.15000000e+01	9.66884609e+00	1.41415974e+07	5.50415641e+05	9.16949063e+05	1.00000000e-09	9.16949063e+04	1.00000000e-10	8.84721349e+10	4.87331949e-03
1.16000000e+01	9.75292301e+00	1.41706437e+07	5.51546172e+05	8.33216970e+05	1.00000000e-09	8.33216970e+04	1.00000000e-10	8.03932160e+10	4.48033760e-03
1.17000000e+01	9.83699993e+00	1.41952095e+07	5.52502317e+05	1.00000000e-09	1.00000000e-09	1.00000000e-10	1.00000000e-10	0.00000000e+00	4.11904557e-03
1.18000000e+01	9.92107685e+00	1.42142420e+07	5.53243095e+05	1.00000000e-09	1.00000000e-09	1.00000000e-10	1.00000000e-10	0.00000000e+00	3.78688794e-03
1.19000000e+01	1.00051538e+01	1.42332745e+07	5.53983873e+05	8.73252020e+05	1.00000000e-09	8.73252020e+04	1.00000000e-10	8.42560112e+10	3.48151531e-03
1.20000000e+01	1.00892307e+01	1.42523070e+07	5.54724651e+05	1.41715816e+06	1.00000000e-09	1.41715816e+05	1.00000000e-10	1.36734976e+11	3.20076778e-03
1.21000000e+01	1.01733076e+01	1.42667437e+07	5.55286552e+05	1.00000000e-09	1.00000000e-09	1.00000000e-10	1.00000000e-10	0.00000000e+00	2.94265957e-03
1.22000000e+01	1.02573845e+01	1.42748710e+07	5.55602881e+05	1.00000000e-09	1.00000000e-09	1.00000000e-10	1.00000000e-10	0.00000000e+00	2.70536508e-03
1.23000000e+01	1.03414615e+01	1.42829983e+07	5.55919210e+05	2.50340078e+04	1.00000000e-09	2.50340078e+03	1.00000000e-10	2.41541456e+09	2.48720588e-03
1.24000000e+01	1.04255384e+01	1.42911256e+07	5.56235539e+05	3.05755807e+06	1.00000000e-09	3.05755807e+05	1.00000000e-10	2.95009506e+11	2.28663893e-03
1.25000000e+01	1.05096153e+01	1.42944773e+07	5.56365992e+05	1.87996527e+06	1.00000000e-09	1.87996527e+05	1.00000000e-10	1.81389073e+11	2.10224558e-03
1.26000000e+01	1.05936922e+01	1.42904911e+07	5.56210842e+05	1.00000000e-09	1.00000000e-09	1.00000000e-10	1.00000000e-10	0.00000000e+00	1.93272162e-03
1.27000000e+01	1.06777692e+01	1.42865049e+07	5.56055692e+05	1.00000000e-09	1.61131498e+02	1.00000000e-10	1.61131498e+01	-1.55468261e+07	1.77686798e-03
1.28000000e+01	1.07618461e+01	1.42825187e+07	5.55900542e+05	9.23189482e+04	5.71806316e+03	9.23189482e+03	5.71806316e+02	8.35571515e+09	1.63358230e-03
1.29000000e+01	1.08459230e+01	1.42734268e+07	5.55546670e+05	8.44315392e+04	1.54520707e+03	8.44315392e+03	1.54520707e+02	7.99731528e+09	1.50185109e-03
1.30000000e+01	1.09299999e+01	1.42555074e+07	5.54849218e+05	1.00000000e-09	1.00000000e-09	1.00000000e-10	1.00000000e-10	0.00000000e+00	1.38074262e-03
1.31000000e+01	1.10140768e+01	1.42375881e+07	5.54151767e+05	1.00000000e-09	1.00000000e-09	1.00000000e-10	1.00000000e-10	0.00000000e+00	1.26940027e-03
1.32000000e+01	1.10981538e+01	1.42196688e+07	5.53454316e+05	3.82173592e+04	2.40304198e+03	3.82173592e+03	2.40304198e+02	3.45555629e+09	1.16703651e-03
1.33000000e+01	1.11822307e+01	1.41957512e+07	5.52523400e+05	5.22688290e+04	1.70367667e+03	5.22688290e+03	1.70367667e+02	4.87879552e+09	1.07292731e-03
1.34000000e+01	1.12663076e+01	1.41604116e+07	5.51147922e+05	1.00000000e-09	1.00000000e-09	1.00000000e-10	1.00000000e-10	0.00000000e+00	9.86407027e-04
1.35000000e+01	1.13503845e+01	1.41250720e+07	5.49772444e+05	1.00000000e-09	1.00000000e-09	1.00000000e-10	1.00000000e-10	0.00000000e+00	9.06863691e-04
1.36000000e+01	1.14344615e+01	1.40897484e+07	5.48397588e+05	1.00000000e-09	1.24336028e+03	1.00000000e-10	1.24336028e+02	-1.19966030e+08	8.33734687e-04
1.37000000e+01	1.15185384e+01	1.40546143e+07	5.47030105e+05	1.00000000e-09	3.88030570e+02	1.00000000e-10	3.88030570e+01	-3.74392584e+07	7.66502767e-04
1.38000000e+01	1.16026153e+01	1.40195966e+07	5.45667157e+05	5.90279740e+03	1.00000000e-09	5.90279740e+02	1.00000000e-10	5.69533367e+08	7.04692393e-04
1.39000000e+01	1.16866922e+01	1.39830319e+07	5.44243996e+05	5.32237858e+03	1.00000000e-09	5.32237858e+02	1.00000000e-10	5.13531465e+08	6.47866374e-04
1.40000000e+01	1.17707691e+01	1.39450159e+07	5.42764346e+05	1.00000000e-09	2.04253720e+03	1.00000000e-10	2.04253720e+02	-1.97074880e+08	5.95622776e-04
1.41000000e+01	1.18548461e+01	1.39070271e+07	5.41285756e+05	1.00000000e-09	4.59167459e+02	1.00000000e-10	4.59167459e+01	-4.43029248e+07	5.47592073e-04
1.42000000e+01	1.19389230e+01	1.38690771e+07	5.39808675e+05	6.28336565e+02	1.00000000e-09	6.28336565e+01	1.00000000e-10	6.06252622e+07	5.03434541e-04
1.43000000e+01	1.20229999e+01	1.38309524e+07	5.38324795e+05	2.51764006e+03	1.00000000e-09	2.51764006e+02	1.00000000e-10	2.42915337e+08	4.62837848e-04
1.44000000e+01	1.21070768e+01	1.37921200e+07	5.36813372e+05	1.00000000e-09	2.21997407e+03	1.00000000e-10	2.21997407e+02	-2.14194935e+08	4.25514851e-04
1.45000000e+01	1.21911538e+01	1.37533016e+07	5.35302492e+05	1.00000000e-09	6.57733585e+02	1.00000000e-10	6.57733585e+01	-6.34616434e+07	3.91201561e-04
1.46000000e+01	1.22752307e+01	1.37145180e+07	5.33792966e+05	1.00000000e-09	1.00000000e-09	1.00000000e-10	1.00000000e-10	0.00000000e+00	3.59655276e-04
1.47000000e+01	1.23593076e+01	1.36757344e+07	5.32283441e+05	1.99475687e+03	1.00000000e-09	1.99475687e+02	1.00000000e-10	1.92464779e+08	3.30652866e-04
1.48000000e+01	1.24433845e+01	1.36363818e+07	5.30751768e+05	8.65876696e+02	2.34369126e+03	8.65876696e+01	2.34369126e+02	-1.42587429e+08	3.03989196e-04
1.49000000e+01	1.25274615e+01	1.35967878e+07	5.29210700e+05	1.00000000e-09	9.08317978e+02	1.00000000e-10	9.08317978e+01	-8.76393618e+07	2.79475669e-04
1.50000000e+01	1.26115384e+01	1.35572227e+07	5.27670756e+05	1.00000000e-09	1.00000000e-09	1.00000000e-10	1.00000000e-10	0.00000000e+00	2.56938901e-04
1.51000000e+01	1.26956153e+01	1.35176575e+07	5.26130813e+05	2.34676667e+01	1.00000000e-09	2.34676667e+00	1.00000000e-10	2.26428562e+06	2.36219485e-04
1.52000000e+01	1.27796922e+01	1.34780856e+07	5.24590605e+05	1.00000000e-09	2.42309481e+03	1.00000000e-10	2.42309481e+02	-2.33793108e+08	2.17170872e-04
1.53000000e+01	1.28637691e+01	1.34385192e+07	5.23050611e+05	1.00000000e-09	1.18850022e+03	1.00000000e-10	1.18850022e+02	-1.14672838e+08	1.99658328e-04
1.54000000e+01	1.29478461e+01	1.33989813e+07	5.21511728e+05	4.51472011e+00	1.00000000e-09	4.51472011e-01	1.00000000e-10	4.35604269e+05	1.83557987e-04
1.55000000e+01	1.30319230e+01	1.33594422e+07	5.19972795e+05	1.32374984e+01	1.00000000e-09	1.32374984e+00	1.00000000e-10	1.27722443e+06	1.68755969e-04
1.56000000e+01	1.31159999e+01	1.33198992e+07	5.18433713e+05	1.00000000e-09	2.46374464e+03	1.00000000e-10	2.46374464e+02	-2.37715220e+08	1.55147578e-04
1.57000000e+01	1.32000768e+01	1.32803598e+07	5.16894771e+05	1.00000000e-09	1.48879386e+03	1.00000000e-10	1.48879386e+02	-1.43646770e+08	1.42636560e-04
1.58000000e+01	1.32841538e+01	1.32408485e+07	5.15356922e+05	1.00000000e-09	1.00000000e-09	1.00000000e-10	1.00000000e-10	0.00000000e+00	1.31134424e-04
1.59000000e+01	1.33682307e+01	1.32013372e+07	5.13819072e+05	9.74211895e+00	1.00000000e-09	9.74211895e-01	1.00000000e-10	9.39971583e+05	1.20559814e-04
1.60000000e+01	1.34523076e+01	1.31618230e+07	5.12281114e+05	6.09924308e+00	2.46186853e+03	6.09924308e-01	2.46186853e+02	-2.36945715e+08	1.10837935e-04
1.61000000e+01	1.35363845e+01	1.31223090e+07	5.10743157e+05	4.91035533e-01	1.80290233e+03	4.91035533e-02	1.80290233e+02	-1.73906252e+08	1.01900023e-04
1.62000000e+01	1.36204614e+01	1.30828224e+07	5.09206271e+05	1.00000000e-09	1.00000000e-09	1.00000000e-10	1.00000000e-10	0.00000000e+00	9.36828597e-05
1.63000000e+01	1.37045384e+01	1.30433358e+07	5.07669385e+05	1.00000000e-09	1.00000000e-09	1.00000000e-10	1.00000000e-10	0.00000000e+00	8.61283240e-05
1.64000000e+01	1.37886153e+01	1.30038493e+07	5.06132499e+05	8.80347049e-02	2.41616454e+03	8.80347049e-03	2.41616454e+02	-2.33115944e+08	7.91829819e-05
1.65000000e+01	1.38726922e+01	1.29643631e+07	5.04595628e+05	1.99321825e-01	2.12255859e+03	1.99321825e-02	2.12255859e+02	-2.04776539e+08	7.27977085e-05
1.66000000e+01	1.39567691e+01	1.29249040e+07	5.03059813e+05	1.00000000e-09	1.00000000e-09	1.00000000e-10	1.00000000e-10	0.00000000e+00	6.69273402e-05
1.67000000e+01	1.40408461e+01	1.28854450e+07	5.01523997e+05	1.00000000e-09	1.00000000e-09	1.00000000e-10	1.00000000e-10	0.00000000e+00	6.15303552e-05
1.68000000e+01	1.41249230e+01	1.28459859e+07	4.99988181e+05	1.38235204e-02	2.32560378e+03	1.38235204e-03	2.32560378e+02	-2.24385319e+08	5.65685802e-05
1.69000000e+01	1.42089999e+01	1.28065268e+07	4.98452365e+05	1.47659745e-01	2.43508942e+03	1.47659745e-02	2.43508942e+02	-2.34936164e+08	5.20069201e-05
1.70000000e+01	1.42930768e+01	1.27670943e+07	4.96917583e+05	6.85327433e-03	1.00000000e-09	6.85327433e-04	1.00000000e-10	6.61240353e+02	4.78131098e-05
1.71000000e+01	1.43771537e+01	1.27276629e+07	4.95382845e+05	1.00000000e-09	1.00000000e-09	1.00000000e-10	1.00000000e-10	0.00000000e+00	4.39574862e-05
1.72000000e+01	1.44612307e+01	1.26882316e+07	4.93848108e+05	1.00000000e-09	2.19014358e+03	1.00000000e-10	2.19014358e+02	-2.11316731e+08	4.04127779e-05
1.73000000e+01	1.45453076e+01	1.26488002e+07	4.92313370e+05	1.26023726e-01	2.73985146e+03	1.26023726e-02	2.73985146e+02	-2.64343319e+08	3.71539131e-05
1.74000000e+01	1.46293845e+01	1.26093948e+07	4.90779642e+05	8.08465407e-02	1.00000000e-09	8.08465407e-03	1.00000000e-10	7.80050524e+03	3.41578414e-05
1.75000000e+01	1.47134614e+01	1.25699918e+07	4.89246008e+05	1.00000000e-09	1.00000000e-09	1.00000000e-10	1.00000000e-10	0.00000000e+00	3.14033713e-05
1.76000000e+01	1.47975384e+01	1.25305888e+07	4.87712375e+05	1.00000000e-09	2.01032409e+03	1.00000000e-10	2.01032409e+02	-1.93966788e+08	2.88710202e-05
1.77000000e+01	1.48816153e+01	1.24911858e+07	4.86178741e+05	1.00000000e-09	3.03200300e+03	1.00000000e-10	3.03200300e+02	-2.92543817e+08	2.65428765e-05
1.78000000e+01	1.49656922e+01	1.24518080e+07	4.84646091e+05	1.98494062e-03	1.00000000e-09	1.98494062e-04	1.00000000e-10	1.91517559e+02	2.44024731e-05
1.79000000e+01	1.50497691e+01	1.24124340e+07	4.83113584e+05	1.00000000e-09	1.00000000e-09	1.00000000e-10	1.00000000e-10	0.00000000e+00	2.24346707e-05
1.80000000e+01	1.51338460e+01	1.23730599e+07	4.81581077e+05	1.00000000e-09	1.78742214e+03	1.00000000e-10	1.78742214e+02	-1.72460019e+08	2.06255509e-05
1.81000000e+01	1.52179230e+01	1.23336859e+07	4.80048570e+05	8.42447228e-04	3.30545072e+03	8.42447228e-05	3.30545072e+02	-3.18927429e+08	1.89623175e-05
1.82000000e+01	1.53019999e+01	1.22943363e+07	4.78517018e+05	8.60616765e-04	1.00000000e-09	8.60616765e-05	1.00000000e-10	8.30367979e+01	1.74332063e-05
1.83000000e+01	1.53860768e+01	1.22549917e+07	4.76985654e+05	1.00000000e-09	1.00000000e-09	1.00000000e-10	1.00000000e-10	0.00000000e+00	1.60274019e-05
1.84000000e+01	1.54701537e+01	1.22156470e+07	4.75454290e+05	1.00000000e-09	1.52351789e+03	1.00000000e-10	1.52351789e+02	-1.46997129e+08	1.47349607e-05
1.85000000e+01	1.55542307e+01	1.21763023e+07	4.73922926e+05	3.56901441e-04	3.55431313e+03	3.56901441e-05	3.55431313e+02	-3.42939048e+08	1.35467414e-05
1.86000000e+01	1.56383076e+01	1.21369813e+07	4.72392485e+05	6.04460193e-04	1.00000000e-09	6.04460193e-05	1.00000000e-10	5.83214460e+01	1.24543394e-05
1.87000000e+01	1.57223845e+01	1.20976663e+07	4.70862275e+05	1.00000000e-09	1.00000000e-09	1.00000000e-10	1.00000000e-10	0.00000000e+00	1.14500281e-05
1.88000000e+01	1.58064614e+01	1.20583512e+07	4.69332066e+05	1.00000000e-09	1.22150045e+03	1.00000000e-10	1.22150045e+02	-1.17856877e+08	1.05267039e-05
1.89000000e+01	1.58905384e+01	1.20190362e+07	4.67801856e+05	1.43989031e-04	3.77301364e+03	1.43989031e-05	3.77301364e+02	-3.64040460e+08	9.67783615e-06
1.90000000e+01	1.59746153e+01	1.19797440e+07	4.66272535e+05	5.10277837e-04	1.00000000e-09	5.10277837e-05	1.00000000e-10	4.92342301e+01	8.89742061e-06
1.91000000e+01	1.60586922e+01	1.19404588e+07	4.64743486e+05	1.00000000e-09	1.00000000e-09	1.00000000e-10	1.00000000e-10	0.00000000e+00	8.17993736e-06
1.92000000e+01	1.61427691e+01	1.19011736e+07	4.63214437e+05	1.00000000e-09	8.85024225e+02	1.00000000e-10	8.85024225e+01	-8.53918563e+07	7.52031158e-06
1.93000000e+01	1.62268460e+01	1.18618884e+07	4.61685388e+05	1.00000000e-09	3.95639105e+03	1.00000000e-10	3.95639105e+02	-3.81733705e+08	6.91387767e-06
1.94000000e+01	1.63109230e+01	1.18226251e+07	4.60157193e+05	4.88305027e-04	1.00000000e-09	4.88305027e-05	1.00000000e-10	4.71141762e+01	6.35634627e-06
1.95000000e+01	1.63949999e+01	1.17833697e+07	4.58629306e+05	1.20113085e-04	1.00000000e-09	1.20113085e-05	1.00000000e-10	1.15890544e+01	5.84377390e-06
1.96000000e+01	1.64790768e+01	1.17441144e+07	4.57101420e+05	1.00000000e-09	5.18453871e+02	1.00000000e-10	5.18453871e+01	-5.00231940e+07	5.37253509e-06
1.97000000e+01	1.65631537e+01	1.17048591e+07	4.55573534e+05	1.00000000e-09	4.09979728e+03	1.00000000e-10	4.09979728e+02	-3.95570303e+08	4.93929673e-06
1.98000000e+01	1.66472307e+01	1.16656247e+07	4.54046463e+05	4.52418279e-04	1.00000000e-09	4.52418279e-05	1.00000000e-10	4.36516314e+01	4.54099448e-06
1.99000000e+01	1.67313076e+01	1.16263991e+07	4.52519736e+05	6.74255816e-04	1.00000000e-09	6.74255816e-05	1.00000000e-10	6.50556999e+01	4.17481111e-06
2.00000000e+01	1.68153845e+01	1.15871736e+07	4.50993010e+05	2.99241562e-04	1.26797063e+02	2.99241562e-05	1.26797063e+01	-1.22340279e+07	3.83815657e-06
2.01000000e+01	1.68994614e+01	1.15479480e+07	4.49466283e+05	2.88491083e-05	4.19918741e+03	2.88491083e-06	4.19918741e+02	-4.05159989e+08	3.52864967e-06
2.02000000e+01	1.69835383e+01	1.15087424e+07	4.47940333e+05	1.00000000e-09	4.49025980e+00	1.00000000e-10	4.49025980e-01	-4.33244208e+05	3.24410125e-06
2.03000000e+01	1.70676153e+01	1.14695465e+07	4.46414759e+05	1.00000000e-09	1.00000000e-09	1.00000000e-10	1.00000000e-10	0.00000000e+00	2.98249865e-06
2.04000000e+01	1.71516922e+01	1.14303506e+07	4.44889185e+05	1.33939852e-05	1.00000000e-09	1.33939852e-06	1.00000000e-10	1.29222662e+00	2.74199155e-06
2.05000000e+01	1.72357691e+01	1.13911547e+07	4.43363612e+05	1.37546340e-05	4.25120056e+03	1.37546340e-06	4.25120056e+02	-4.10178497e+08	2.52087882e-06
2.06000000e+01	1.73198460e+01	1.13519776e+07	4.41838773e+05	1.00000000e-09	4.26960575e+02	1.00000000e-10	4.26960575e+01	-4.11954328e+07	2.31759650e-06
2.07000000e+01	1.74039230e+01	1.13128110e+07	4.40314340e+05	1.00000000e-09	1.00000000e-09	1.00000000e-10	1.00000000e-10	0.00000000e+00	2.13070675e-06
2.08000000e+01	1.74879999e+01	1.12736444e+07	4.38789908e+05	5.27966511e-06	1.00000000e-09	5.27966511e-07	1.00000000e-10	5.09313756e-01	1.95888770e-06
2.09000000e+01	1.75720768e+01	1.12344778e+07	4.37265475e+05	1.06957986e-05	4.25322995e+03	1.06957986e-06	4.25322995e+02	-4.10374303e+08	1.80092404e-06
2.10000000e+01	1.76561537e+01	1.11953290e+07	4.35741735e+05	1.00000000e-09	8.59846764e+02	1.00000000e-10	8.59846764e+01	-8.29626006e+07	1.65569849e-06
2.11000000e+01	1.77402306e+01	1.11561913e+07	4.34218428e+05	1.00000000e-09	1.00000000e-09	1.00000000e-10	1.00000000e-10	0.00000000e+00	1.52218384e-06
2.12000000e+01	1.78243076e+01	1.11170536e+07	4.32695121e+05	1.00000000e-09	1.00000000e-09	1.00000000e-10	1.00000000e-10	0.00000000e+00	1.39943575e-06
2.13000000e+01	1.79083845e+01	1.10779159e+07	4.31171814e+05	9.99615368e-06	4.20348054e+03	9.99615368e-07	4.20348054e+02	-4.05574215e+08	1.28658600e-06
2.14000000e+01	1.79924614e+01	1.10387949e+07	4.29649156e+05	4.40410626e-06	1.29656162e+03	4.40410626e-07	1.29656162e+02	-1.25099178e+08	1.18283639e-06
2.15000000e+01	1.80765383e+01	1.09996857e+07	4.28126955e+05	1.00000000e-09	1.00000000e-09	1.00000000e-10	1.00000000e-10	0.00000000e+00	1.08745310e-06
2.16000000e+01	1.81606153e+01	1.09605764e+07	4.26604754e+05	1.00000000e-09	1.00000000e-09	1.00000000e-10	1.00000000e-10	0.00000000e+00	9.99761460e-07
2.17000000e+01	1.82446922e+01	1.09214671e+07	4.25082552e+05	1.00000000e-09	4.10101402e+03	1.00000000e-10	4.10101402e+02	-3.95687699e+08	9.19141229e-07
2.18000000e+01	1.83287691e+01	1.08823734e+07	4.23560956e+05	3.76810594e-07	1.73030791e+03	3.76810594e-08	1.73030791e+02	-1.66949333e+08	8.45022171e-07
2.19000000e+01	1.84128460e+01	1.08432919e+07	4.22039837e+05	1.00000000e-09	1.00000000e-09	1.00000000e-10	1.00000000e-10	0.00000000e+00	7.76880034e-07
2.20000000e+01	1.84969229e+01	1.08042104e+07	4.20518717e+05	1.00000000e-09	1.00000000e-09	1.00000000e-10	1.00000000e-10	0.00000000e+00	7.14232843e-07
2.21000000e+01	1.85809999e+01	1.07651289e+07	4.18997598e+05	3.79985298e-07	3.94577918e+03	3.79985298e-08	3.94577918e+02	-3.80709815e+08	6.56637488e-07
2.22000000e+01	1.86650768e+01	1.07260619e+07	4.17477039e+05	1.81676111e-07	2.15419500e+03	1.81676111e-08	2.15419500e+02	-2.07848220e+08	6.03686592e-07
2.23000000e+01	1.87491537e+01	1.06870075e+07	4.15956974e+05	1.00000000e-09	1.00000000e-09	1.00000000e-10	1.00000000e-10	0.00000000e+00	5.55005627e-07
2.24000000e+01	1.88332306e+01	1.06479531e+07	4.14436909e+05	1.00000000e-09	1.00000000e-09	1.00000000e-10	1.00000000e-10	0.00000000e+00	5.10250270e-07
2.25000000e+01	1.89173076e+01	1.06088987e+07	4.12916844e+05	1.85462036e-07	3.73862701e+03	1.85462036e-08	3.73862701e+02	-3.60722669e+08	4.69103960e-07
2.26000000e+01	1.90013845e+01	1.05698576e+07	4.11397296e+05	1.29837153e-07	2.56135891e+03	1.29837153e-08	2.56135891e+02	-2.47133566e+08	4.31275667e-07
2.27000000e+01	1.90854614e+01	1.05308295e+07	4.09878254e+05	1.00000000e-09	1.00000000e-09	1.00000000e-10	1.00000000e-10	0.00000000e+00	3.96497828e-07
2.28000000e+01	1.91695383e+01	1.04918014e+07	4.08359213e+05	1.00000000e-09	1.00000000e-09	1.00000000e-10	1.00000000e-10	0.00000000e+00	3.64524455e-07
2.29000000e+01	1.92536153e+01	1.04527733e+07	4.06840172e+05	1.13453867e-07	3.48130977e+03	1.13453867e-08	3.48130977e+02	-3.35895330e+08	3.35129397e-07
2.30000000e+01	1.93376922e+01	1.04137573e+07	4.05321601e+05	1.03763329e-07	2.94508351e+03	1.03763329e-08	2.94508351e+02	-2.84157360e+08	3.08104742e-07
2.31000000e+01	1.94217691e+01	1.03747546e+07	4.03803549e+05	1.00000000e-09	1.00000000e-09	1.00000000e-10	1.00000000e-10	0.00000000e+00	2.83259340e-07
2.32000000e+01	1.95058460e+01	1.03357520e+07	4.02285498e+05	1.00000000e-09	1.00000000e-09	1.00000000e-10	1.00000000e-10	0.00000000e+00	2.60417458e-07
2.33000000e+01	1.95899229e+01	1.02967493e+07	4.00767446e+05	7.43281689e-08	3.17646396e+03	7.43281689e-09	3.17646396e+02	-3.06482180e+08	2.39417533e-07
2.34000000e+01	1.96739999e+01	1.02577576e+07	3.99249819e+05	9.08930411e-08	3.29892148e+03	9.08930411e-09	3.29892148e+02	-3.18297535e+08	2.20111031e-07
2.35000000e+01	1.97580768e+01	1.02187793e+07	3.97732719e+05	1.00000000e-09	1.00000000e-09	1.00000000e-10	1.00000000e-10	0.00000000e+00	2.02361395e-07
2.36000000e+01	1.98421537e+01	1.01798011e+07	3.96215618e+05	1.00000000e-09	1.00000000e-09	1.00000000e-10	1.00000000e-10	0.00000000e+00	1.86043080e-07
2.37000000e+01	1.99262306e+01	1.01408229e+07	3.94698518e+05	4.71874364e-08	2.82740636e+03	4.71874364e-09	2.82740636e+02	-2.72803241e+08	1.71040665e-07
2.38000000e+01	2.00103076e+01	1.01018545e+07	3.93181798e+05	8.50506365e-08	3.61678809e+03	8.50506365e-09	3.61678809e+02	-3.48967000e+08	1.57248037e-07
2.39000000e+01	2.00943845e+01	1.00628996e+07	3.91665608e+05	1.00000000e-09	1.00000000e-09	1.00000000e-10	1.00000000e-10	0.00000000e+00	1.44567640e-07
2.40000000e+01	2.01784614e+01	1.00239448e+07	3.90149417e+05	1.00000000e-09	1.00000000e-09	1.00000000e-10	1.00000000e-10	0.00000000e+00	1.32909782e-07
2.41000000e+01	2.02625383e+01	9.98498993e+06	3.88633227e+05	2.48964730e-08	2.43843966e+03	2.48964730e-09	2.43843966e+02	-2.35273661e+08	1.22192009e-07
2.42000000e+01	2.03466152e+01	9.94604373e+06	3.87117373e+05	8.36164481e-08	3.89309731e+03	8.36164481e-09	3.89309731e+02	-3.75626787e+08	1.12338510e-07
2.43000000e+01	2.04306922e+01	9.90711116e+06	3.85602049e+05	1.00000000e-09	1.00000000e-09	1.00000000e-10	1.00000000e-10	0.00000000e+00	1.03279593e-07
2.44000000e+01	2.05147691e+01	9.86817859e+06	3.84086726e+05	1.00000000e-09	1.00000000e-09	1.00000000e-10	1.00000000e-10	0.00000000e+00	9.49511815e-08
2.45000000e+01	2.05988460e+01	9.82924602e+06	3.82571402e+05	4.75515171e-09	2.01460787e+03	4.75515171e-10	2.01460787e+02	-1.94380109e+08	8.72943689e-08
2.46000000e+01	2.06829229e+01	9.79032095e+06	3.81056371e+05	8.42228037e-08	4.12286620e+03	8.42228037e-09	4.12286620e+02	-3.97796114e+08	8.02549976e-08
2.47000000e+01	2.07669999e+01	9.75140947e+06	3.79541868e+05	4.49417858e-09	1.00000000e-09	4.49417858e-10	1.00000000e-10	3.37136981e-04	7.37832774e-08
2.48000000e+01	2.08510768e+01	9.71249799e+06	3.78027365e+05	1.00000000e-09	1.00000000e-09	1.00000000e-10	1.00000000e-10	0.00000000e+00	6.78334333e-08
2.49000000e+01	2.09351537e+01	9.67358651e+06	3.76512862e+05	1.00000000e-09	1.56161747e+03	1.00000000e-10	1.56161747e+02	-1.50673180e+08	6.23633815e-08
2.50000000e+01	2.10192306e+01	9.63468142e+06	3.74998609e+05	8.25740630e-08	4.30180946e+03	8.25740630e-09	4.30180946e+02	-4.15061515e+08	5.73344317e-08
2.51000000e+01	2.11033075e+01	9.59578980e+06	3.73484879e+05	2.61207518e-08	1.00000000e-09	2.61207518e-09	1.00000000e-10	2.42378408e-03	5.27110137e-08
2.52000000e+01	2.11873845e+01	9.55689818e+06	3.71971149e+05	1.00000000e-09	1.00000000e-09	1.00000000e-10	1.00000000e-10	0.00000000e+00	4.84604257e-08
2.53000000e+01	2.12714614e+01	9.51800656e+06	3.70457420e+05	1.00000000e-09	1.08574582e+03	1.00000000e-10	1.08574582e+02	-1.04758546e+08	4.45526029e-08
2.54000000e+01	2.13555383e+01	9.47912025e+06	3.68943896e+05	6.66383261e-08	4.42642246e+03	6.66383261e-09	4.42642246e+02	-4.27084841e+08	4.09599048e-08
2.55000000e+01	2.14396152e+01	9.44024722e+06	3.67430890e+05	8.12801022e-08	1.00000000e-09	8.12801022e-09	1.00000000e-10	7.74585232e-03	3.76569199e-08
2.56000000e+01	2.15236922e+01	9.40137418e+06	3.65917884e+05	1.00000000e-09	1.00000000e-09	1.00000000e-10	1.00000000e-10	0.00000000e+00	3.46202860e-08
2.57000000e+01	2.16077691e+01	9.36250114e+06	3.64404877e+05	1.00000000e-09	5.93738134e+02	1.00000000e-10	5.93738134e+01	-5.72870211e+07	3.18285246e-08
2.58000000e+01	2.16918460e+01	9.32363236e+06	3.62892036e+05	1.00000000e-09	4.49405079e+03	1.00000000e-10	4.49405079e+02	-4.33609983e+08	2.92618894e-08
2.59000000e+01	2.17759229e+01	9.28477659e+06	3.61379702e+05	2.76379539e-09	1.00000000e-09	2.76379539e-10	1.00000000e-10	1.70180384e-04	2.69022262e-08
2.60000000e+01	2.18599998e+01	9.24592082e+06	3.59867368e+05	1.00000000e-09	1.00000000e-09	1.00000000e-10	1.00000000e-10	0.00000000e+00	2.47328451e-08
2.61000000e+01	2.19440768e+01	9.20706506e+06	3.58355034e+05	1.00000000e-09	9.26949431e+01	1.00000000e-10	9.26949431e+00	-8.94370237e+06	2.27384017e-08
2.62000000e+01	2.20281537e+01	9.16821252e+06	3.56842825e+05	8.93721090e-09	4.50294523e+03	8.93721090e-10	4.50294523e+02	-4.34468166e+08	2.09047891e-08
2.63000000e+01	2.21122306e+01	9.12937267e+06	3.55331111e+05	3.93500586e-09	1.12670853e+02	3.93500586e-10	1.12670853e+01	-1.08710847e+07	1.92190381e-08
2.64000000e+01	2.21963075e+01	9.09053283e+06	3.53819396e+05	1.00000000e-09	1.00000000e-09	1.00000000e-10	1.00000000e-10	0.00000000e+00	1.76692251e-08
2.65000000e+01	2.22803845e+01	9.05169298e+06	3.52307682e+05	1.00000000e-09	1.00000000e-09	1.00000000e-10	1.00000000e-10	0.00000000e+00	1.62443882e-08
2.66000000e+01	2.23644614e+01	9.01285538e+06	3.50796054e+05	2.04094322e-09	4.45230059e+03	2.04094322e-10	4.45230059e+02	-4.29581702e+08	1.49344494e-08
2.67000000e+01	2.24485383e+01	8.97403009e+06	3.49284906e+05	3.64223244e-09	6.15107925e+02	3.64223244e-10	6.15107925e+01	-5.93488924e+07	1.37301434e-08
2.68000000e+01	2.25326152e+01	8.93520479e+06	3.47773758e+05	1.00000000e-09	1.00000000e-09	1.00000000e-10	1.00000000e-10	0.00000000e+00	1.26229520e-08
2.69000000e+01	2.26166921e+01	8.89637950e+06	3.46262610e+05	1.00000000e-09	1.00000000e-09	1.00000000e-10	1.00000000e-10	0.00000000e+00	1.16050438e-08
2.70000000e+01	2.27007691e+01	8.85755550e+06	3.44751512e+05	1.00000000e-09	4.34227796e+03	1.00000000e-10	4.34227796e+02	-4.18966132e+08	1.06692193e-08
2.71000000e+01	2.27848460e+01	8.81874336e+06	3.43240876e+05	2.75993065e-09	1.10827732e+03	2.75993065e-10	1.10827732e+02	-1.06932506e+08	9.80885916e-09
2.72000000e+01	2.28689229e+01	8.77993123e+06	3.41730240e+05	1.20364008e-09	1.00000000e-09	1.20364008e-10	1.00000000e-10	1.96482809e-05	9.01787799e-09
2.73000000e+01	2.29529998e+01	8.74111909e+06	3.40219604e+05	1.00000000e-09	1.00000000e-09	1.00000000e-10	1.00000000e-10	0.00000000e+00	8.29068113e-09
2.74000000e+01	2.30370768e+01	8.70230735e+06	3.38708983e+05	1.00000000e-09	4.17400944e+03	1.00000000e-10	4.17400944e+02	-4.02730687e+08	7.62212503e-09
2.75000000e+01	2.31211537e+01	8.66350698e+06	3.37198805e+05	1.18503320e-09	1.58479446e+03	1.18503320e-10	1.58479446e+02	-1.52909420e+08	7.00748093e-09
2.76000000e+01	2.32052306e+01	8.62470660e+06	3.35688627e+05	1.85962849e-09	1.00000000e-09	1.85962849e-10	1.00000000e-10	8.29415404e-05	6.44240141e-09
2.77000000e+01	2.32893075e+01	8.58590623e+06	3.34178448e+05	1.00000000e-09	1.00000000e-09	1.00000000e-10	1.00000000e-10	0.00000000e+00	5.92288960e-09
2.78000000e+01	2.33733845e+01	8.54710585e+06	3.32668270e+05	1.00000000e-09	3.94628587e+03	1.00000000e-10	3.94628587e+02	-3.80758703e+08	5.44527095e-09
2.79000000e+01	2.34574614e+01	8.50831629e+06	3.31158513e+05	1.00000000e-09	2.03726931e+03	1.00000000e-10	2.03726931e+02	-1.96566606e+08	5.00616720e-09
2.80000000e+01	2.35415383e+01	8.46952729e+06	3.29648777e+05	1.62236945e-09	1.00000000e-09	1.62236945e-10	1.00000000e-10	6.00495226e-05	4.60247255e-09
2.81000000e+01	2.36256152e+01	8.43073829e+06	3.28139042e+05	1.00000000e-09	1.00000000e-09	1.00000000e-10	1.00000000e-10	0.00000000e+00	4.23133162e-09
2.82000000e+01	2.37096921e+01	8.39194929e+06	3.26629306e+05	1.00000000e-09	3.66380553e+03	1.00000000e-10	3.66380553e+02	-3.53503493e+08	3.89011930e-09
2.83000000e+01	2.37937691e+01	8.35317050e+06	3.25119968e+05	1.00000000e-09	2.45882606e+03	1.00000000e-10	2.45882606e+02	-2.37240649e+08	3.57642216e-09
2.84000000e+01	2.38778460e+01	8.31439307e+06	3.23610683e+05	1.00000000e-09	1.00000000e-09	1.00000000e-10	1.00000000e-10	0.00000000e+00	3.28802138e-09
2.85000000e+01	2.39619229e+01	8.27561563e+06	3.22101397e+05	1.36078070e-09	1.00000000e-09	1.36078070e-10	1.00000000e-10	3.48100456e-05	3.02287709e-09
2.86000000e+01	2.40459998e+01	8.23683820e+06	3.20592112e+05	1.00000000e-09	3.33259578e+03	1.00000000e-10	3.33259578e+02	-3.21546611e+08	2.77911390e-09
2.87000000e+01	2.41300768e+01	8.19807034e+06	3.19083199e+05	1.00000000e-09	2.84313900e+03	1.00000000e-10	2.84313900e+02	-2.74321210e+08	2.55500764e-09
2.88000000e+01	2.42141537e+01	8.15930458e+06	3.17574368e+05	1.00000000e-09	1.00000000e-09	1.00000000e-10	1.00000000e-10	0.00000000e+00	2.34897319e-09
2.89000000e+01	2.42982306e+01	8.12053881e+06	3.16065537e+05	1.00000000e-09	1.00000000e-09	1.00000000e-10	1.00000000e-10	0.00000000e+00	2.15955324e-09
2.90000000e+01	2.43823075e+01	8.08177305e+06	3.14556706e+05	1.00358528e-09	2.95735299e+03	1.00358528e-10	2.95735299e+02	-2.85341186e+08	1.98540802e-09
2.91000000e+01	2.44663844e+01	8.04301617e+06	3.13048220e+05	1.00000000e-09	3.18444085e+03	1.00000000e-10	3.18444085e+02	-3.07251833e+08	1.82530578e-09
2.92000000e+01	2.45504614e+01	8.00426208e+06	3.11539843e+05	1.00000000e-09	1.00000000e-09	1.00000000e-10	1.00000000e-10	0.00000000e+00	1.67811410e-09
2.93000000e+01	2.46345383e+01	7.96550798e+06	3.10031467e+05	1.00000000e-09	1.00000000e-09	1.00000000e-10	1.00000000e-10	0.00000000e+00	1.54279187e-09
2.94000000e+01	2.47186152e+01	7.92675389e+06	3.08523090e+05	1.00000000e-09	2.54350248e+03	1.00000000e-10	2.54350248e+02	-2.45410681e+08	1.41838196e-09
2.95000000e+01	2.48026921e+01	7.88800796e+06	3.07015030e+05	1.00000000e-09	3.47762312e+03	1.00000000e-10	3.47762312e+02	-3.35539622e+08	1.30400439e-09
2.96000000e+01	2.48867691e+01	7.84926544e+06	3.05507104e+05	1.00000000e-09	1.00000000e-09	1.00000000e-10	1.00000000e-10	0.00000000e+00	1.19885018e-09
2.97000000e+01	2.49708460e+01	7.81052292e+06	3.03999178e+05	1.00000000e-09	1.00000000e-09	1.00000000e-10	1.00000000e-10	0.00000000e+00	1.10217554e-09
2.98000000e+01	2.50549229e+01	7.77178041e+06	3.02491251e+05	1.00000000e-09	2.09711237e+03	1.00000000e-10	2.09711237e+02	-2.02340584e+08	1.01329669e-09
2.99000000e+01	2.51389998e+01	7.73304530e+06	3.00983613e+05	1.00000000e-09	3.71832589e+03	1.00000000e-10	3.71832589e+02	-3.58763908e+08	9.31584987e-10
3.00000000e+01	2.52230767e+01	7.69431417e+06	2.99476130e+05	1.00000000e-09	1.00000000e-09	1.00000000e-10	1.00000000e-10	0.00000000e+00	8.56462471e-10
3.01000000e+01	2.53071537e+01	7.65558304e+06	2.97968647e+05	1.00000000e-09	1.00000000e-09	1.00000000e-10	1.00000000e-10	0.00000000e+00	7.87397794e-10
3.02000000e+01	2.53912306e+01	7.61685191e+06	2.96461164e+05	1.00000000e-09	1.62479575e+03	1.00000000e-10	1.62479575e+02	-1.56768957e+08	7.23902457e-10
3.03000000e+01	2.54753075e+01	7.57812742e+06	2.94953939e+05	1.00000000e-09	3.90301524e+03	1.00000000e-10	3.90301524e+02	-3.76583721e+08	6.65527349e-10
3.04000000e+01	2.55593844e+01	7.53940740e+06	2.93446889e+05	1.00000000e-09	1.00000000e-09	1.00000000e-10	1.00000000e-10	0.00000000e+00	6.11859579e-10
3.05000000e+01	2.56434614e+01	7.50068739e+06	2.91939838e+05	1.00000000e-09	1.00000000e-09	1.00000000e-10	1.00000000e-10	0.00000000e+00	5.62519549e-10
3.06000000e+01	2.57275383e+01	7.46196738e+06	2.90432788e+05	1.00000000e-09	1.13360249e+03	1.00000000e-10	1.13360249e+02	-1.09376013e+08	5.17158273e-10
3.07000000e+01	2.58116152e+01	7.42325319e+06	2.88925964e+05	1.00000000e-09	4.02904695e+03	1.00000000e-10	4.02904695e+02	-3.88743933e+08	4.75454906e-10
3.08000000e+01	2.58956921e+01	7.38454393e+06	2.87419332e+05	1.00000000e-09	1.00000000e-09	1.00000000e-10	1.00000000e-10	0.00000000e+00	4.37114476e-10
3.09000000e+01	2.59797690e+01	7.34583467e+06	2.85912700e+05	1.00000000e-09	1.00000000e-09	1.00000000e-10	1.00000000e-10	0.00000000e+00	4.01865798e-10
3.10000000e+01	2.60638460e+01	7.30712541e+06	2.84406068e+05	1.00000000e-09	6.30902910e+02	1.00000000e-10	6.30902910e+01	-6.08728768e+07	3.69459555e-10
3.11000000e+01	2.61479229e+01	7.26842116e+06	2.82899631e+05	1.04737659e-09	4.09471505e+03	1.04737659e-10	4.09471505e+02	-3.95079942e+08	3.39666533e-10
3.12000000e+01	2.62319998e+01	7.22972221e+06	2.81393400e+05	1.09748457e-09	1.00000000e-09	1.09748457e-10	1.00000000e-10	9.40583131e-06	3.12276006e-10
3.13000000e+01	2.63160767e+01	7.19102325e+06	2.79887170e+05	1.00000000e-09	1.00000000e-09	1.00000000e-10	1.00000000e-10	0.00000000e+00	2.87094235e-10
3.14000000e+01	2.64001537e+01	7.15232430e+06	2.78380939e+05	1.00000000e-09	1.24264829e+02	1.00000000e-10	1.24264829e+01	-1.19897333e+07	2.63943109e-10
3.15000000e+01	2.64842306e+01	7.11362953e+06	2.76874871e+05	1.00000000e-09	4.09928425e+03	1.00000000e-10	4.09928425e+02	-3.95520803e+08	2.42658878e-10
3.16000000e+01	2.65683075e+01	7.07494036e+06	2.75369021e+05	1.00000000e-09	1.06921011e+02	1.00000000e-10	1.06921011e+01	-1.03163092e+07	2.23090996e-10
3.17000000e+01	2.66523844e+01	7.03625119e+06	2.73863171e+05	1.00000000e-09	1.00000000e-09	1.00000000e-10	1.00000000e-10	0.00000000e+00	2.05101057e-10
3.18000000e+01	2.67364614e+01	6.99756203e+06	2.72357321e+05	1.00000000e-09	1.00000000e-09	1.00000000e-10	1.00000000e-10	0.00000000e+00	1.88561817e-10
3.19000000e+01	2.68205383e+01	6.95887619e+06	2.70851601e+05	1.00000000e-09	4.04300559e+03	1.00000000e-10	4.04300559e+02	-3.90090737e+08	1.73356293e-10
3.20000000e+01	2.69046152e+01	6.92019622e+06	2.69346109e+05	1.00000000e-09	6.04448773e+02	1.00000000e-10	6.04448773e+01	-5.83204406e+07	1.59376934e-10
3.21000000e+01	2.69886921e+01	6.88151624e+06	2.67840617e+05	1.00000000e-09	1.00000000e-09	1.00000000e-10	1.00000000e-10	0.00000000e+00	1.46524863e-10
3.22000000e+01	2.70727690e+01	6.84283626e+06	2.66335125e+05	1.00000000e-09	1.00000000e-09	1.00000000e-10	1.00000000e-10	0.00000000e+00	1.34709176e-10
3.23000000e+01	2.71568460e+01	6.80415877e+06	2.64829729e+05	1.00000000e-09	3.92711475e+03	1.00000000e-10	3.92711475e+02	-3.78908971e+08	1.23846300e-10
3.24000000e+01	2.72409229e+01	6.76548732e+06	2.63324569e+05	1.00000000e-09	1.08720844e+03	1.00000000e-10	1.08720844e+02	-1.04899668e+08	1.13859401e-10
3.25000000e+01	2.73249998e+01	6.72681587e+06	2.61819408e+05	1.00000000e-09	1.00000000e-09	1.00000000e-10	1.00000000e-10	0.00000000e+00	1.04677839e-10
3.26000000e+01	2.74090767e+01	6.68814441e+06	2.60314248e+05	1.00000000e-09	1.00000000e-09	1.00000000e-10	1.00000000e-10	0.00000000e+00	9.62366743e-11
3.27000000e+01	2.74931537e+01	6.64947460e+06	2.58809151e+05	1.00000000e-09	3.75381304e+03	1.00000000e-10	3.75381304e+02	-3.62187897e+08	8.84762003e-11
3.28000000e+01	2.75772306e+01	6.61081094e+06	2.57304294e+05	1.00000000e-09	1.54794536e+03	1.00000000e-10	1.54794536e+02	-1.49354022e+08	8.13415267e-11
3.29000000e+01	2.76613075e+01	6.57214727e+06	2.55799437e+05	1.00000000e-09	1.00000000e-09	1.00000000e-10	1.00000000e-10	0.00000000e+00	7.47821894e-11
3.30000000e+01	2.77453844e+01	6.53348361e+06	2.54294580e+05	1.00000000e-09	1.00000000e-09	1.00000000e-10	1.00000000e-10	0.00000000e+00	6.87517936e-11
3.31000000e+01	2.78294613e+01	6.49482074e+06	2.52789754e+05	1.00000000e-09	3.52623120e+03	1.00000000e-10	3.52623120e+02	-3.40229588e+08	6.32076857e-11
3.32000000e+01	2.79135383e+01	6.45616408e+06	2.51285169e+05	1.00000000e-09	1.97977873e+03	1.00000000e-10	1.97977873e+02	-1.91019608e+08	5.81106517e-11
3.33000000e+01	2.79976152e+01	6.41750742e+06	2.49780584e+05	1.00000000e-09	1.00000000e-09	1.00000000e-10	1.00000000e-10	0.00000000e+00	5.34246397e-11
3.34000000e+01	2.80816921e+01	6.37885076e+06	2.48276000e+05	1.00000000e-09	1.00000000e-09	1.00000000e-10	1.00000000e-10	0.00000000e+00	4.91165053e-11
3.35000000e+01	2.81657690e+01	6.34019410e+06	2.46771415e+05	1.00000000e-09	3.24806954e+03	1.00000000e-10	3.24806954e+02	-3.13391068e+08	4.51557765e-11
3.36000000e+01	2.82498460e+01	6.30154362e+06	2.45267071e+05	1.00000000e-09	2.37644129e+03	1.00000000e-10	2.37644129e+02	-2.29291727e+08	4.15144388e-11
3.37000000e+01	2.83339229e+01	6.26289324e+06	2.43762730e+05	1.00000000e-09	1.00000000e-09	1.00000000e-10	1.00000000e-10	0.00000000e+00	3.81667366e-11
3.38000000e+01	2.84179998e+01	6.22424285e+06	2.42258390e+05	1.00000000e-09	1.00000000e-09	1.00000000e-10	1.00000000e-10	0.00000000e+00	3.50889914e-11
3.39000000e+01	2.85020767e+01	6.18559247e+06	2.40754050e+05	1.00000000e-09	2.91921357e+03	1.00000000e-10	2.91921357e+02	-2.81661291e+08	3.22594338e-11
3.40000000e+01	2.85861536e+01	6.14694818e+06	2.39249946e+05	1.00000000e-09	2.73182273e+03	1.00000000e-10	2.73182273e+02	-2.63580824e+08	2.96580503e-11
3.41000000e+01	2.86702306e+01	6.10830480e+06	2.37745879e+05	1.00000000e-09	1.00000000e-09	1.00000000e-10	1.00000000e-10	0.00000000e+00	2.72664410e-11
3.42000000e+01	2.87543075e+01	6.06966143e+06	2.36241811e+05	1.00000000e-09	1.00000000e-09	1.00000000e-10	1.00000000e-10	0.00000000e+00	2.50676897e-11
3.43000000e+01	2.88383844e+01	6.03101806e+06	2.34737744e+05	1.00000000e-09	2.55065539e+03	1.00000000e-10	2.55065539e+02	-2.46100832e+08	2.30462446e-11
3.44000000e+01	2.89224613e+01	5.99238063e+06	2.33233908e+05	1.00000000e-09	3.04086143e+03	1.00000000e-10	3.04086143e+02	-2.93398525e+08	2.11878078e-11
3.45000000e+01	2.90065383e+01	5.95374493e+06	2.31730139e+05	1.00000000e-09	1.00000000e-09	1.00000000e-10	1.00000000e-10	0.00000000e+00	1.94792342e-11
3.46000000e+01	2.90906152e+01	5.91510922e+06	2.30226370e+05	1.00000000e-09	1.00000000e-09	1.00000000e-10	1.00000000e-10	0.00000000e+00	1.79084392e-11
3.47000000e+01	2.91746921e+01	5.87647352e+06	2.28722601e+05	1.00000000e-09	2.14855812e+03	1.00000000e-10	2.14855812e+02	-2.07304344e+08	1.64643122e-11
3.48000000e+01	2.92587690e+01	5.83784355e+06	2.27219055e+05	1.00000000e-09	3.29927411e+03	1.00000000e-10	3.29927411e+02	-3.18331558e+08	1.51366389e-11
3.49000000e+01	2.93428459e+01	5.79921609e+06	2.25715607e+05	1.00000000e-09	1.00000000e-09	1.00000000e-10	1.00000000e-10	0.00000000e+00	1.39160284e-11
3.50000000e+01	2.94269229e+01	5.76058863e+06	2.24212159e+05	1.00000000e-09	1.00000000e-09	1.00000000e-10	1.00000000e-10	0.00000000e+00	1.27938473e-11
3.51000000e+01	2.95109998e+01	5.72196117e+06	2.22708711e+05	1.00000000e-09	1.71959893e+03	1.00000000e-10	1.71959893e+02	-1.65916074e+08	1.17621583e-11
3.52000000e+01	2.95950767e+01	5.68333919e+06	2.21205476e+05	1.00000000e-09	3.50362723e+03	1.00000000e-10	3.50362723e+02	-3.38048637e+08	1.08136641e-11
3.53000000e+01	2.96791536e+01	5.64472047e+06	2.19702368e+05	1.00000000e-09	1.00000000e-09	1.00000000e-10	1.00000000e-10	0.00000000e+00	9.94165601e-12
3.54000000e+01	2.97632306e+01	5.60610176e+06	2.18199260e+05	1.00000000e-09	1.00000000e-09	1.00000000e-10	1.00000000e-10	0.00000000e+00	9.13996618e-12
3.55000000e+01	2.98473075e+01	5.56748304e+06	2.16696153e+05	1.00000000e-09	1.27085711e+03	1.00000000e-10	1.27085711e+02	-1.22619071e+08	8.40292419e-12
3.56000000e+01	2.99313844e+01	5.52886949e+06	2.15193245e+05	1.00000000e-09	3.65139432e+03	1.00000000e-10	3.65139432e+02	-3.52305993e+08	7.72531687e-12
3.57000000e+01	3.00154613e+01	5.49025993e+06	2.13690494e+05	1.00000000e-09	1.00000000e-09	1.00000000e-10	1.00000000e-10	0.00000000e+00	7.10235144e-12
3.58000000e+01	3.00995383e+01	5.45165038e+06	2.12187743e+05	1.00000000e-09	1.00000000e-09	1.00000000e-10	1.00000000e-10	0.00000000e+00	6.52962161e-12
3.59000000e+01	3.01836152e+01	5.41304083e+06	2.10684992e+05	1.00000000e-09	8.09694940e+02	1.00000000e-10	8.09694940e+01	-7.81236852e+07	6.00307641e-12
3.60000000e+01	3.02676921e+01	5.37443606e+06	2.09182427e+05	1.00000000e-09	3.74099783e+03	1.00000000e-10	3.74099783e+02	-3.60951418e+08	5.51899153e-12
3.61000000e+01	3.03517690e+01	5.33583600e+06	2.07680046e+05	1.00000000e-09	1.00000000e-09	1.00000000e-10	1.00000000e-10	0.00000000e+00	5.07394300e-12
3.62000000e+01	3.04358459e+01	5.29723595e+06	2.06177664e+05	1.00000000e-09	1.00000000e-09	1.00000000e-10	1.00000000e-10	0.00000000e+00	4.66478295e-12
3.63000000e+01	3.05199229e+01	5.25863589e+06	2.04675282e+05	1.00000000e-09	3.43633377e+02	1.00000000e-10	3.43633377e+01	-3.31555806e+07	4.28861734e-12
3.64000000e+01	3.06039998e+01	5.22004021e+06	2.03173071e+05	1.00000000e-09	3.77183507e+03	1.00000000e-10	3.77183507e+02	-3.63926760e+08	3.94278553e-12
3.65000000e+01	3.06880767e+01	5.18144990e+06	2.01671069e+05	1.00000000e-09	1.00000000e-09	1.00000000e-10	1.00000000e-10	0.00000000e+00	3.62484141e-12
3.66000000e+01	3.07721536e+01	5.14285959e+06	2.00169067e+05	1.00000000e-09	1.00000000e-09	1.00000000e-10	1.00000000e-10	0.00000000e+00	3.33253613e-12
3.67000000e+01	3.08562306e+01	5.10426927e+06	1.98667065e+05	1.00000000e-09	1.00000000e-09	1.00000000e-10	1.00000000e-10	0.00000000e+00	3.06380220e-12
3.68000000e+01	3.09403075e+01	5.06568288e+06	1.97165215e+05	1.00000000e-09	3.74428726e+03	1.00000000e-10	3.74428726e+02	-3.61268800e+08	2.81673882e-12
3.69000000e+01	3.10243844e+01	5.02710249e+06	1.95663599e+05	1.00000000e-09	3.25167850e+02	1.00000000e-10	3.25167850e+01	-3.13739280e+07	2.58959851e-12
3.70000000e+01	3.11084613e+01	4.98852209e+06	1.94161982e+05	1.00000000e-09	1.00000000e-09	1.00000000e-10	1.00000000e-10	0.00000000e+00	2.38077467e-12
3.71000000e+01	3.11925382e+01	4.94994170e+06	1.92660366e+05	1.00000000e-09	1.00000000e-09	1.00000000e-10	1.00000000e-10	0.00000000e+00	2.18879027e-12
3.72000000e+01	3.12766152e+01	4.91136472e+06	1.91158883e+05	1.00000000e-09	3.65971166e+03	1.00000000e-10	3.65971166e+02	-3.53108495e+08	2.01228739e-12
3.73000000e+01	3.13606921e+01	4.87279433e+06	1.89657656e+05	1.00000000e-09	7.68667823e+02	1.00000000e-10	7.68667823e+01	-7.41651702e+07	1.85001761e-12
3.74000000e+01	3.14447690e+01	4.83422394e+06	1.88156429e+05	1.00000000e-09	1.00000000e-09	1.00000000e-10	1.00000000e-10	0.00000000e+00	1.70083318e-12
3.75000000e+01	3.15288459e+01	4.79565355e+06	1.86655202e+05	1.00000000e-09	1.00000000e-09	1.00000000e-10	1.00000000e-10	0.00000000e+00	1.56367890e-12
3.76000000e+01	3.16129229e+01	4.75708604e+06	1.85154087e+05	1.00000000e-09	3.52041668e+03	1.00000000e-10	3.52041668e+02	-3.39668573e+08	1.43758467e-12
3.77000000e+01	3.16969998e+01	4.71852566e+06	1.83653250e+05	1.00000000e-09	1.19150539e+03	1.00000000e-10	1.19150539e+02	-1.14962793e+08	1.32165861e-12
3.78000000e+01	3.17810767e+01	4.67996527e+06	1.82152413e+05	1.00000000e-09	1.00000000e-09	1.00000000e-10	1.00000000e-10	0.00000000e+00	1.21508076e-12
3.79000000e+01	3.18651536e+01	4.64140489e+06	1.80651575e+05	1.00000000e-09	1.00000000e-09	1.00000000e-10	1.00000000e-10	0.00000000e+00	1.11709730e-12
3.80000000e+01	3.19492305e+01	4.60284681e+06	1.79150828e+05	1.00000000e-09	3.32962034e+03	1.00000000e-10	3.32962034e+02	-3.21259525e+08	1.02701517e-12
3.81000000e+01	3.20333075e+01	4.56429636e+06	1.77650377e+05	1.00000000e-09	1.58702264e+03	1.00000000e-10	1.58702264e+02	-1.53124406e+08	9.44197214e-13
3.82000000e+01	3.21173844e+01	4.52574591e+06	1.76149926e+05	1.00000000e-09	1.00000000e-09	1.00000000e-10	1.00000000e-10	0.00000000e+00	8.68057654e-13
3.83000000e+01	3.22014613e+01	4.48719546e+06	1.74649475e+05	1.00000000e-09	1.00000000e-09	1.00000000e-10	1.00000000e-10	0.00000000e+00	7.98057949e-13
3.84000000e+01	3.22855382e+01	4.44864671e+06	1.73149091e+05	1.00000000e-09	3.09139262e+03	1.00000000e-10	3.09139262e+02	-2.98274044e+08	7.33702982e-13
3.85000000e+01	3.23696152e+01	4.41010603e+06	1.71649020e+05	1.00000000e-09	1.94908266e+03	1.00000000e-10	1.94908266e+02	-1.88057888e+08	6.74537565e-13
3.86000000e+01	3.24536921e+01	4.37156536e+06	1.70148950e+05	1.00000000e-09	1.00000000e-09	1.00000000e-10	1.00000000e-10	0.00000000e+00	6.20143216e-13
3.87000000e+01	3.25377690e+01	4.33302468e+06	1.68648880e+05	1.00000000e-09	1.00000000e-09	1.00000000e-10	1.00000000e-10	0.00000000e+00	5.70135198e-13
3.88000000e+01	3.26218459e+01	4.29448508e+06	1.67148851e+05	1.00000000e-09	2.81058269e+03	1.00000000e-10	2.81058269e+02	-2.71180004e+08	5.24159800e-13
3.89000000e+01	3.27059228e+01	4.25595394e+06	1.65649152e+05	1.00000000e-09	2.27217511e+03	1.00000000e-10	2.27217511e+02	-2.19231570e+08	4.81891834e-13
3.90000000e+01	3.27899998e+01	4.21742281e+06	1.64149453e+05	1.00000000e-09	1.00000000e-09	1.00000000e-10	1.00000000e-10	0.00000000e+00	4.43032333e-13
3.91000000e+01	3.28740767e+01	4.17889168e+06	1.62649754e+05	1.00000000e-09	1.00000000e-09	1.00000000e-10	1.00000000e-10	0.00000000e+00	4.07306443e-13
3.92000000e+01	3.29581536e+01	4.14036096e+06	1.61150071e+05	1.00000000e-09	2.49273215e+03	1.00000000e-10	2.49273215e+02	-2.40512090e+08	3.74461468e-13
3.93000000e+01	3.30422305e+01	4.10183906e+06	1.59650732e+05	1.00000000e-09	2.55151083e+03	1.00000000e-10	2.55151083e+02	-2.46183370e+08	3.44265096e-13
3.94000000e+01	3.31263075e+01	4.06331716e+06	1.58151392e+05	1.00000000e-09	1.00000000e-09	1.00000000e-10	1.00000000e-10	0.00000000e+00	3.16503742e-13
3.95000000e+01	3.32103844e+01	4.02479526e+06	1.56652053e+05	1.00000000e-09	1.00000000e-09	1.00000000e-10	1.00000000e-10	0.00000000e+00	2.90981049e-13
3.96000000e+01	3.32944613e+01	3.98627337e+06	1.55152713e+05	1.00000000e-09	2.14204927e+03	1.00000000e-10	2.14204927e+02	-2.06676335e+08	2.67516493e-13
3.97000000e+01	3.33785382e+01	3.94776059e+06	1.53653729e+05	1.00000000e-09	2.78297607e+03	1.00000000e-10	2.78297607e+02	-2.68516370e+08	2.45944106e-13
3.98000000e+01	3.34626152e+01	3.90924816e+06	1.52154758e+05	1.00000000e-09	1.00000000e-09	1.00000000e-10	1.00000000e-10	0.00000000e+00	2.26111304e-13
3.99000000e+01	3.35466921e+01	3.87073573e+06	1.50655787e+05	1.00000000e-09	1.00000000e-09	1.00000000e-10	1.00000000e-10	0.00000000e+00	2.07877809e-13
4.00000000e+01	3.36307690e+01	3.83222330e+06	1.49156816e+05	1.00000000e-09	1.76460825e+03	1.00000000e-10	1.76460825e+02	-1.70258813e+08	1.91114654e-13
4.01000000e+01	3.37148459e+01	3.79372023e+06	1.47658209e+05	1.00000000e-09	2.96333967e+03	1.00000000e-10	2.96333967e+02	-2.85918812e+08	1.75703270e-13
4.02000000e+01	3.37989228e+01	3.75521821e+06	1.46159644e+05	1.00000000e-09	1.00000000e-09	1.00000000e-10	1.00000000e-10	0.00000000e+00	1.61534652e-13
4.03000000e+01	3.38829998e+01	3.71671618e+06	1.44661078e+05	1.00000000e-09	1.00000000e-09	1.00000000e-10	1.00000000e-10	0.00000000e+00	1.48508584e-13
4.04000000e+01	3.39670767e+01	3.67821416e+06	1.43162512e+05	1.00000000e-09	1.36985291e+03	1.00000000e-10	1.36985291e+02	-1.32170713e+08	1.36532931e-13
4.05000000e+01	3.40511536e+01	3.63972169e+06	1.41664318e+05	1.00000000e-09	3.09041869e+03	1.00000000e-10	3.09041869e+02	-2.98180073e+08	1.25522989e-13
4.06000000e+01	3.41352305e+01	3.60123098e+06	1.40166192e+05	1.00000000e-09	1.00000000e-09	1.00000000e-10	1.00000000e-10	0.00000000e+00	1.15400882e-13
4.07000000e+01	3.42193075e+01	3.56274026e+06	1.38668066e+05	1.00000000e-09	1.00000000e-09	1.00000000e-10	1.00000000e-10	0.00000000e+00	1.06095016e-13
4.08000000e+01	3.43033844e+01	3.52424954e+06	1.37169940e+05	1.00000000e-09	9.65016050e+02	1.00000000e-10	9.65016050e+01	-9.31098941e+07	9.75395708e-14
4.09000000e+01	3.43874613e+01	3.48576851e+06	1.35672191e+05	1.00000000e-09	3.16298411e+03	1.00000000e-10	3.16298411e+02	-3.05181573e+08	8.96740319e-14
4.10000000e+01	3.44715382e+01	3.44728996e+06	1.34174539e+05	1.00000000e-09	1.00000000e-09	1.00000000e-10	1.00000000e-10	0.00000000e+00	8.24427658e-14
4.11000000e+01	3.45556151e+01	3.40881140e+06	1.32676886e+05	1.00000000e-09	1.00000000e-09	1.00000000e-10	1.00000000e-10	0.00000000e+00	7.57946252e-14
4.12000000e+01	3.46396921e+01	3.37033284e+06	1.31179234e+05	1.00000000e-09	5.57438613e+02	1.00000000e-10	5.57438613e+01	-5.37846497e+07	6.96825871e-14
4.13000000e+01	3.47237690e+01	3.33186405e+06	1.29681961e+05	1.00000000e-09	3.18077940e+03	1.00000000e-10	3.18077940e+02	-3.06898557e+08	6.40634205e-14
4.14000000e+01	3.48078459e+01	3.29339845e+06	1.28184813e+05	1.00000000e-09	1.00000000e-09	1.00000000e-10	1.00000000e-10	0.00000000e+00	5.88973804e-14
4.15000000e+01	3.48919228e+01	3.25493285e+06	1.26687665e+05	1.00000000e-09	1.00000000e-09	1.00000000e-10	1.00000000e-10	0.00000000e+00	5.41479271e-14
4.16000000e+01	3.49759998e+01	3.21646725e+06	1.25190517e+05	1.00000000e-09	1.54441410e+02	1.00000000e-10	1.54441410e+01	-1.49013308e+07	4.97814672e-14
4.17000000e+01	3.50600767e+01	3.17801144e+06	1.23693749e+05	1.00000000e-09	3.14452225e+03	1.00000000e-10	3.14452225e+02	-3.03400274e+08	4.57671163e-14
4.18000000e+01	3.51441536e+01	3.13955955e+06	1.22197135e+05	1.00000000e-09	2.68137378e+01	1.00000000e-10	2.68137378e+00	-2.58713239e+06	4.20764804e-14
4.19000000e+01	3.52282305e+01	3.10110766e+06	1.20700520e+05	1.00000000e-09	1.00000000e-09	1.00000000e-10	1.00000000e-10	0.00000000e+00	3.86834555e-14
4.20000000e+01	3.53123074e+01	3.06265577e+06	1.19203905e+05	1.00000000e-09	1.00000000e-09	1.00000000e-10	1.00000000e-10	0.00000000e+00	3.55640423e-14
4.21000000e+01	3.53963844e+01	3.02421364e+06	1.17707670e+05	1.00000000e-09	3.05588949e+03	1.00000000e-10	3.05588949e+02	-2.94848513e+08	3.26961769e-14
4.22000000e+01	3.54804613e+01	2.98577614e+06	1.16211616e+05	1.00000000e-09	4.06951228e+02	1.00000000e-10	4.06951228e+01	-3.92648244e+07	3.00595747e-14
4.23000000e+01	3.55645382e+01	2.94733865e+06	1.14715562e+05	1.00000000e-09	1.00000000e-09	1.00000000e-10	1.00000000e-10	0.00000000e+00	2.76355866e-14
4.24000000e+01	3.56486151e+01	2.90890115e+06	1.13219507e+05	1.00000000e-09	1.00000000e-09	1.00000000e-10	1.00000000e-10	0.00000000e+00	2.54070677e-14
4.25000000e+01	3.57326921e+01	2.87047332e+06	1.11723829e+05	1.00000000e-09	2.91755428e+03	1.00000000e-10	2.91755428e+02	-2.81501193e+08	2.33582553e-14
4.26000000e+01	3.58167690e+01	2.83205084e+06	1.10228359e+05	1.00000000e-09	7.65173594e+02	1.00000000e-10	7.65173594e+01	-7.38280283e+07	2.14746581e-14
4.27000000e+01	3.59008459e+01	2.79362836e+06	1.08732889e+05	1.00000000e-09	1.00000000e-09	1.00000000e-10	1.00000000e-10	0.00000000e+00	1.97429531e-14
4.28000000e+01	3.59849228e+01	2.75520588e+06	1.07237419e+05	1.00000000e-09	1.00000000e-09	1.00000000e-10	1.00000000e-10	0.00000000e+00	1.81508919e-14
4.29000000e+01	3.60689997e+01	2.71679291e+06	1.05742319e+05	1.00000000e-09	2.73306775e+03	1.00000000e-10	2.73306775e+02	-2.63700950e+08	1.66872137e-14
4.30000000e+01	3.61530767e+01	2.67838599e+06	1.04247455e+05	1.00000000e-09	1.09524486e+03	1.00000000e-10	1.09524486e+02	-1.05675065e+08	1.53415657e-14
4.31000000e+01	3.62371536e+01	2.63997906e+06	1.02752591e+05	1.00000000e-09	1.00000000e-09	1.00000000e-10	1.00000000e-10	0.00000000e+00	1.41044300e-14
4.32000000e+01	3.63212305e+01	2.60157214e+06	1.01257726e+05	1.00000000e-09	1.00000000e-09	1.00000000e-10	1.00000000e-10	0.00000000e+00	1.29670563e-14
4.33000000e+01	3.64053074e+01	2.56317452e+06	9.97632239e+04	1.00000000e-09	2.50672096e+03	1.00000000e-10	2.50672096e+02	-2.41861804e+08	1.19213998e-14
4.34000000e+01	3.64893844e+01	2.52478364e+06	9.82689839e+04	1.00000000e-09	1.39149665e+03	1.00000000e-10	1.39149665e+02	-1.34259016e+08	1.09600645e-14
4.35000000e+01	3.65734613e+01	2.48639276e+06	9.67747438e+04	1.00000000e-09	1.00000000e-09	1.00000000e-10	1.00000000e-10	0.00000000e+00	1.00762507e-14
4.36000000e+01	3.66575382e+01	2.44800188e+06	9.52805037e+04	1.00000000e-09	1.00000000e-09	1.00000000e-10	1.00000000e-10	0.00000000e+00	9.26370726e-15
4.37000000e+01	3.67416151e+01	2.40962004e+06	9.37866157e+04	1.00000000e-09	2.24353916e+03	1.00000000e-10	2.24353916e+02	-2.16468621e+08	8.51668685e-15
4.38000000e+01	3.68256921e+01	2.37124561e+06	9.22930159e+04	1.00000000e-09	1.64892395e+03	1.00000000e-10	1.64892395e+02	-1.59096975e+08	7.82990577e-15
4.39000000e+01	3.69097690e+01	2.33287118e+06	9.07994161e+04	1.00000000e-09	1.00000000e-09	1.00000000e-10	1.00000000e-10	0.00000000e+00	7.19850635e-15
4.40000000e+01	3.69938459e+01	2.29449675e+06	8.93058164e+04	1.00000000e-09	1.00000000e-09	1.00000000e-10	1.00000000e-10	0.00000000e+00	6.61802264e-15
4.41000000e+01	3.70779228e+01	2.25613106e+06	8.78125567e+04	1.00000000e-09	1.94919005e+03	1.00000000e-10	1.94919005e+02	-1.88068249e+08	6.08434883e-15
4.42000000e+01	3.71619997e+01	2.21777342e+06	8.63196106e+04	1.00000000e-09	1.86327444e+03	1.00000000e-10	1.86327444e+02	-1.79778653e+08	5.59371018e-15
4.43000000e+01	3.72460767e+01	2.17941579e+06	8.48266644e+04	1.00000000e-09	1.00000000e-09	1.00000000e-10	1.00000000e-10	0.00000000e+00	5.14263638e-15
4.44000000e+01	3.73301536e+01	2.14105815e+06	8.33337182e+04	1.00000000e-09	1.00000000e-09	1.00000000e-10	1.00000000e-10	0.00000000e+00	4.72793693e-15
4.45000000e+01	3.74142305e+01	2.10270890e+06	8.18410985e+04	1.00000000e-09	1.62988094e+03	1.00000000e-10	1.62988094e+02	-1.57259604e+08	4.34667862e-15
4.46000000e+01	3.74983074e+01	2.06436833e+06	8.03488165e+04	1.00000000e-09	2.03112458e+03	1.00000000e-10	2.03112458e+02	-1.95973730e+08	3.99616478e-15
4.47000000e+01	3.75823844e+01	2.02602775e+06	7.88565345e+04	1.00000000e-09	1.00000000e-09	1.00000000e-10	1.00000000e-10	0.00000000e+00	3.67391618e-15
4.48000000e+01	3.76664613e+01	1.98768718e+06	7.73642525e+04	1.00000000e-09	1.00000000e-09	1.00000000e-10	1.00000000e-10	0.00000000e+00	3.37765354e-15
4.49000000e+01	3.77505382e+01	1.94935460e+06	7.58722815e+04	1.00000000e-09	1.29224544e+03	1.00000000e-10	1.29224544e+02	-1.24682731e+08	3.10528136e-15
4.50000000e+01	3.78346151e+01	1.91103128e+06	7.43806714e+04	1.00000000e-09	2.14994134e+03	1.00000000e-10	2.14994134e+02	-2.07437805e+08	2.85487313e-15
4.51000000e+01	3.79186920e+01	1.87270797e+06	7.28890612e+04	1.00000000e-09	1.00000000e-09	1.00000000e-10	1.00000000e-10	0.00000000e+00	2.62465769e-15
4.52000000e+01	3.80027690e+01	1.83438466e+06	7.13974511e+04	1.00000000e-09	1.00000000e-09	1.00000000e-10	1.00000000e-10	0.00000000e+00	2.41300669e-15
4.53000000e+01	3.80868459e+01	1.79606890e+06	6.99061350e+04	1.00000000e-09	9.43221892e+02	1.00000000e-10	9.43221892e+01	-9.10070775e+07	2.21842312e-15
4.54000000e+01	3.81709228e+01	1.75776298e+06	6.84152016e+04	1.00000000e-09	2.21812821e+03	1.00000000e-10	2.21812821e+02	-2.14016837e+08	2.03953067e-15
4.55000000e+01	3.82549997e+01	1.71945705e+06	6.69242682e+04	1.00000000e-09	1.00000000e-09	1.00000000e-10	1.00000000e-10	0.00000000e+00	1.87506400e-15
4.56000000e+01	3.83390767e+01	1.68115113e+06	6.54333347e+04	1.00000000e-09	1.00000000e-09	1.00000000e-10	1.00000000e-10	0.00000000e+00	1.72385984e-15
4.57000000e+01	3.84231536e+01	1.64285228e+06	6.39426768e+04	1.00000000e-09	5.89925782e+02	1.00000000e-10	5.89925782e+01	-5.69191850e+07	1.58484870e-15
4.58000000e+01	3.85072305e+01	1.60456380e+06	6.24524222e+04	1.00000000e-09	2.23505444e+03	1.00000000e-10	2.23505444e+02	-2.15649970e+08	1.45704735e-15
4.59000000e+01	3.85913074e+01	1.56627531e+06	6.09621675e+04	1.00000000e-09	1.00000000e-09	1.00000000e-10	1.00000000e-10	0.00000000e+00	1.33955183e-15
4.60000000e+01	3.86753843e+01	1.52798683e+06	5.94719129e+04	1.00000000e-09	1.00000000e-09	1.00000000e-10	1.00000000e-10	0.00000000e+00	1.23153109e-15
4.61000000e+01	3.87594613e+01	1.48970491e+06	5.79819138e+04	1.00000000e-09	2.39518384e+02	1.00000000e-10	2.39518384e+01	-2.31100108e+07	1.13222108e-15
4.62000000e+01	3.88435382e+01	1.45143384e+06	5.64923371e+04	1.00000000e-09	2.20106698e+03	1.00000000e-10	2.20106698e+02	-2.12370679e+08	1.04091937e-15
4.63000000e+01	3.89276151e+01	1.41316277e+06	5.50027603e+04	1.00000000e-09	1.00000000e-09	1.00000000e-10	1.00000000e-10	0.00000000e+00	9.56980191e-16
4.64000000e+01	3.90116920e+01	1.37489170e+06	5.35131836e+04	1.00000000e-09	1.00000000e-09	1.00000000e-10	1.00000000e-10	0.00000000e+00	8.79809819e-16
4.65000000e+01	3.90957690e+01	1.33662665e+06	5.20238411e+04	1.00000000e-09	1.00000000e-09	1.00000000e-10	1.00000000e-10	0.00000000e+00	8.08862425e-16
4.66000000e+01	3.91798459e+01	1.29837291e+06	5.05349386e+04	1.00000000e-09	2.11748469e+03	1.00000000e-10	2.11748469e+02	-2.04306214e+08	7.43636191e-16
4.67000000e+01	3.92639228e+01	1.26011916e+06	4.90460361e+04	1.00000000e-09	2.43143933e+02	1.00000000e-10	2.43143933e+01	-2.34598232e+07	6.83669765e-16
4.68000000e+01	3.93479997e+01	1.22186542e+06	4.75571337e+04	1.00000000e-09	1.00000000e-09	1.00000000e-10	1.00000000e-10	0.00000000e+00	6.28539001e-16
4.69000000e+01	3.94320766e+01	1.18361711e+06	4.60684429e+04	1.00000000e-09	1.00000000e-09	1.00000000e-10	1.00000000e-10	0.00000000e+00	5.77853951e-16
4.70000000e+01	3.95161536e+01	1.14538052e+06	4.45802081e+04	1.00000000e-09	1.98657464e+03	1.00000000e-10	1.98657464e+02	-1.91675314e+08	5.31256117e-16
4.71000000e+01	3.96002305e+01	1.10714394e+06	4.30919734e+04	1.00000000e-09	5.58037794e+02	1.00000000e-10	5.58037794e+01	-5.38424619e+07	4.88415907e-16
4.72000000e+01	3.96843074e+01	1.06890735e+06	4.16037386e+04	1.00000000e-09	1.00000000e-09	1.00000000e-10	1.00000000e-10	0.00000000e+00	4.49030309e-16
4.73000000e+01	3.97683843e+01	1.03067559e+06	4.01156919e+04	1.00000000e-09	1.00000000e-09	1.00000000e-10	1.00000000e-10	0.00000000e+00	4.12820745e-16
4.74000000e+01	3.98524613e+01	9.92455917e+05	3.86281156e+04	1.00000000e-09	1.81151100e+03	1.00000000e-10	1.81151100e+02	-1.74784241e+08	3.79531100e-16
4.75000000e+01	3.99365382e+01	9.54236244e+05	3.71405393e+04	1.00000000e-09	8.46629062e+02	1.00000000e-10	8.46629062e+01	-8.16872863e+07	3.48925915e-16
4.76000000e+01	4.00206151e+01	9.16016572e+05	3.56529630e+04	1.00000000e-09	1.00000000e-09	1.00000000e-10	1.00000000e-10	0.00000000e+00	3.20788716e-16
4.77000000e+01	4.01046920e+01	8.77801101e+05	3.41655502e+04	1.00000000e-09	1.00000000e-09	1.00000000e-10	1.00000000e-10	0.00000000e+00	2.94920485e-16
4.78000000e+01	4.01887690e+01	8.39598036e+05	3.26786203e+04	1.00000000e-09	1.59631686e+03	1.00000000e-10	1.59631686e+02	-1.54021163e+08	2.71138254e-16
4.79000000e+01	4.02728459e+01	8.01394972e+05	3.11916903e+04	1.00000000e-09	1.10314692e+03	1.00000000e-10	1.10314692e+02	-1.06437497e+08	2.49273810e-16
4.80000000e+01	4.03569228e+01	7.63191907e+05	2.97047604e+04	1.00000000e-09	1.00000000e-09	1.00000000e-10	1.00000000e-10	0.00000000e+00	2.29172503e-16
4.81000000e+01	4.04409997e+01	7.24992392e+05	2.82179686e+04	1.00000000e-09	1.00000000e-09	1.00000000e-10	1.00000000e-10	0.00000000e+00	2.10692155e-16
4.82000000e+01	4.05250766e+01	6.86805558e+05	2.67316704e+04	1.00000000e-09	1.34579010e+03	1.00000000e-10	1.34579010e+02	-1.29849005e+08	1.93702052e-16
4.83000000e+01	4.06091536e+01	6.48618724e+05	2.52453722e+04	1.00000000e-09	1.32245829e+03	1.00000000e-10	1.32245829e+02	-1.27597827e+08	1.78082022e-16
4.84000000e+01	4.06932305e+01	6.10431890e+05	2.37590740e+04	1.00000000e-09	1.00000000e-09	1.00000000e-10	1.00000000e-10	0.00000000e+00	1.63721583e-16
4.85000000e+01	4.07773074e+01	5.72247934e+05	2.22728879e+04	1.00000000e-09	1.00000000e-09	1.00000000e-10	1.00000000e-10	0.00000000e+00	1.50519162e-16
4.86000000e+01	4.08613843e+01	5.34076887e+05	2.07872041e+04	1.00000000e-09	1.06541438e+03	1.00000000e-10	1.06541438e+02	-1.02796860e+08	1.38381377e-16
4.87000000e+01	4.09454613e+01	4.95905840e+05	1.93015204e+04	1.00000000e-09	1.50016626e+03	1.00000000e-10	1.50016626e+02	-1.44744040e+08	1.27222377e-16
4.88000000e+01	4.10295382e+01	4.57734792e+05	1.78158366e+04	1.00000000e-09	1.00000000e-09	1.00000000e-10	1.00000000e-10	0.00000000e+00	1.16963232e-16
4.89000000e+01	4.11136151e+01	4.19565939e+05	1.63302383e+04	1.00000000e-09	1.00000000e-09	1.00000000e-10	1.00000000e-10	0.00000000e+00	1.07531379e-16
4.90000000e+01	4.11976920e+01	3.81410171e+05	1.48451492e+04	1.00000000e-09	7.61256857e+02	1.00000000e-10	7.61256857e+01	-7.34501207e+07	9.88601065e-17
4.91000000e+01	4.12817689e+01	3.43254403e+05	1.33600602e+04	1.00000000e-09	1.63269533e+03	1.00000000e-10	1.63269533e+02	-1.57531152e+08	9.08880802e-17
4.92000000e+01	4.13658459e+01	3.05098634e+05	1.18749711e+04	1.00000000e-09	1.00000000e-09	1.00000000e-10	1.00000000e-10	0.00000000e+00	8.35589140e-17
4.93000000e+01	4.14499228e+01	2.66944365e+05	1.03899404e+04	1.00000000e-09	1.00000000e-09	1.00000000e-10	1.00000000e-10	0.00000000e+00	7.68207678e-17
4.94000000e+01	4.15339997e+01	2.28803306e+05	8.90542383e+03	1.00000000e-09	4.39854441e+02	1.00000000e-10	4.39854441e+01	-4.24395018e+07	7.06259821e-17
4.95000000e+01	4.16180766e+01	1.90662248e+05	7.42090730e+03	1.00000000e-09	1.71736153e+03	1.00000000e-10	1.71736153e+02	-1.65700198e+08	6.49307406e-17
4.96000000e+01	4.17021536e+01	1.52521190e+05	5.93639077e+03	1.00000000e-09	1.00000000e-09	1.00000000e-10	1.00000000e-10	0.00000000e+00	5.96947603e-17
4.97000000e+01	4.17862305e+01	1.14380928e+05	4.45190524e+03	1.00000000e-09	1.00000000e-09	1.00000000e-10	1.00000000e-10	0.00000000e+00	5.48810067e-17
4.98000000e+01	4.18703074e+01	7.62539517e+04	2.96793682e+03	1.00000000e-09	1.08090529e+02	1.00000000e-10	1.08090529e+01	-1.04291505e+07	5.04554316e-17
4.99000000e+01	4.19543843e+01	3.81269759e+04	1.48396841e+03	1.00000000e-09	1.75242614e+03	1.00000000e-10	1.75242614e+02	-1.69083418e+08	4.63867326e-17
5.00000000e+01	4.20384612e+01	0.00000000e+00	0.00000000e+00	1.00000000e+01	1.00000000e+01	1.00000000e+00	1.00000000e+00	0.00000000e+00	4.26461312e-17
