# 1D PNP Solver Results
# Debye length: 1.18939 nm
# Surface potential: 100 mV
# Bulk concentration: 10 mol/m^3
# Thermal voltage: 25.6926 mV
# Grid: non-uniform with stretching factor 1
#
# Columns:
# 1: x [nm]
# 2: x/lambda_D [-]
# 3: phi [mV]
# 4: phi_normalized = e*phi/(kB*T) [-]
# 5: c+ [mol/m^3]
# 6: c- [mol/m^3]
# 7: c+/c0 [-]
# 8: c-/c0 [-]
# 9: rho [C/m^3]
# 10: phi_GC [mV] (Gouy-Chapman analytical)
0.00000000e+00	0.00000000e+00	1.00000000e+02	3.89217445e+00	1.00000000e-09	2.37326109e+05	1.00000000e-10	2.37326109e+04	-2.28984885e+10	1.00000000e+02
1.00000000e-01	8.40769225e-02	-1.34634649e+05	-5.24021541e+03	1.00000000e-09	1.00000000e-09	1.00000000e-10	1.00000000e-10	0.00000000e+00	8.70576373e+01
2.00000000e-01	1.68153845e-01	-2.69141061e+05	-1.04754396e+04	1.00000000e-09	1.00000000e-09	1.00000000e-10	1.00000000e-10	0.00000000e+00	7.68715638e+01
3.00000000e-01	2.52230767e-01	-4.03647472e+05	-1.57106638e+04	1.00000000e-09	2.08255220e+03	1.00000000e-10	2.08255220e+02	-2.00935740e+08	6.85207345e+01
4.00000000e-01	3.36307690e-01	-5.38153884e+05	-2.09458880e+04	1.00000000e-09	2.38375423e+05	1.00000000e-10	2.38375423e+04	-2.29997319e+10	6.14862309e+01
5.00000000e-01	4.20384612e-01	-6.67381659e+05	-2.59756584e+04	1.00000000e-09	1.00000000e-09	1.00000000e-10	1.00000000e-10	0.00000000e+00	5.54461690e+01
6.00000000e-01	5.04461535e-01	-7.95865754e+05	-3.09764835e+04	1.00000000e-09	1.00000000e-09	1.00000000e-10	1.00000000e-10	0.00000000e+00	5.01866549e+01
7.00000000e-01	5.88538457e-01	-9.24349849e+05	-3.59773087e+04	1.00000000e-09	4.15460032e+03	1.00000000e-10	4.15460032e+02	-4.00857992e+08	4.55579535e+01
8.00000000e-01	6.72615380e-01	-1.05283394e+06	-4.09781338e+04	1.00000000e-09	2.41655541e+05	1.00000000e-10	2.41655541e+04	-2.33162152e+10	4.14508515e+01
9.00000000e-01	7.56692302e-01	-1.17612932e+06	-4.57770049e+04	1.00000000e-09	1.00000000e-09	1.00000000e-10	1.00000000e-10	0.00000000e+00	3.77829914e+01
1.00000000e+00	8.40769225e-01	-1.29815367e+06	-5.05264056e+04	1.00000000e-09	1.00000000e-09	1.00000000e-10	1.00000000e-10	0.00000000e+00	3.44905241e+01
1.10000000e+00	9.24846147e-01	-1.42017803e+06	-5.52758063e+04	1.00000000e-09	5.99228063e+03	1.00000000e-10	5.99228063e+02	-5.78167186e+08	3.15227780e+01
1.20000000e+00	1.00892307e+00	-1.54220238e+06	-6.00252071e+04	1.00000000e-09	2.47481673e+05	1.00000000e-10	2.47481673e+04	-2.38783514e+10	2.88387272e+01
1.30000000e+00	1.09299999e+00	-1.65918525e+06	-6.45783845e+04	1.00000000e-09	1.00000000e-09	1.00000000e-10	1.00000000e-10	0.00000000e+00	2.64045776e+01
1.40000000e+00	1.17707691e+00	-1.77436274e+06	-6.90612933e+04	1.00000000e-09	1.00000000e-09	1.00000000e-10	1.00000000e-10	0.00000000e+00	2.41920729e+01
1.50000000e+00	1.26115384e+00	-1.88954023e+06	-7.35442021e+04	1.00000000e-09	7.29571872e+03	1.00000000e-10	7.29571872e+02	-7.03929844e+08	2.21772778e+01
1.60000000e+00	1.34523076e+00	-2.00471772e+06	-7.80271110e+04	1.00000000e-09	2.56248647e+05	1.00000000e-10	2.56248647e+04	-2.47242358e+10	2.03396868e+01
1.70000000e+00	1.42930768e+00	-2.11506196e+06	-8.23219012e+04	1.00000000e-09	1.00000000e-09	1.00000000e-10	1.00000000e-10	0.00000000e+00	1.86615585e+01
1.80000000e+00	1.51338460e+00	-2.22306479e+06	-8.65255599e+04	1.00000000e-09	1.00000000e-09	1.00000000e-10	1.00000000e-10	0.00000000e+00	1.71274116e+01
1.90000000e+00	1.59746153e+00	-2.33106763e+06	-9.07292186e+04	1.00000000e-09	7.65963327e+03	1.00000000e-10	7.65963327e+02	-7.39042260e+08	1.57236358e+01
2.00000000e+00	1.68153845e+00	-2.43907046e+06	-9.49328773e+04	1.00000000e-09	2.68453756e+05	1.00000000e-10	2.68453756e+04	-2.59018498e+10	1.44381886e+01
2.10000000e+00	1.76561537e+00	-2.54251299e+06	-9.89590408e+04	1.00000000e-09	1.00000000e-09	1.00000000e-10	1.00000000e-10	0.00000000e+00	1.32603556e+01
2.20000000e+00	1.84969229e+00	-2.64308232e+06	-1.02873375e+05	1.00000000e-09	1.00000000e-09	1.00000000e-10	1.00000000e-10	0.00000000e+00	1.21805577e+01
2.30000000e+00	1.93376922e+00	-2.74365166e+06	-1.06787709e+05	1.00000000e-09	6.53293943e+03	1.00000000e-10	6.53293943e+02	-6.30332830e+08	1.11901960e+01
2.40000000e+00	2.01784614e+00	-2.84422100e+06	-1.10702043e+05	1.00000000e-09	2.84725817e+05	1.00000000e-10	2.84725817e+04	-2.74718650e+10	1.02815237e+01
2.50000000e+00	2.10192306e+00	-2.94057145e+06	-1.14452171e+05	1.00000000e-09	1.00000000e-09	1.00000000e-10	1.00000000e-10	0.00000000e+00	9.44754093e+00
2.60000000e+00	2.18599998e+00	-3.03352773e+06	-1.18070191e+05	1.00000000e-09	1.00000000e-09	1.00000000e-10	1.00000000e-10	0.00000000e+00	8.68190590e+00
2.70000000e+00	2.27007691e+00	-3.12648401e+06	-1.21688212e+05	1.00000000e-09	3.16370534e+03	1.00000000e-10	3.16370534e+02	-3.05251161e+08	7.97886054e+00
2.80000000e+00	2.35415383e+00	-3.21944028e+06	-1.25306232e+05	1.00000000e-09	3.05861404e+05	1.00000000e-10	3.05861404e+04	-2.95111392e+10	7.33316685e+00
2.90000000e+00	2.43823075e+00	-3.30859138e+06	-1.28776148e+05	1.00000000e-09	1.00000000e-09	1.00000000e-10	1.00000000e-10	0.00000000e+00	6.74005227e+00
3.00000000e+00	2.52230767e+00	-3.39384549e+06	-1.32094387e+05	1.00000000e-09	1.00000000e-09	1.00000000e-10	1.00000000e-10	0.00000000e+00	6.19516235e+00
3.10000000e+00	2.60638460e+00	-3.47909959e+06	-1.35412625e+05	1.00000000e-09	1.00000000e-09	1.00000000e-10	1.00000000e-10	0.00000000e+00	5.69451955e+00
3.20000000e+00	2.69046152e+00	-3.56435370e+06	-1.38730864e+05	1.00000000e-09	3.32868116e+05	1.00000000e-10	3.32868116e+04	-3.21168907e+10	5.23448697e+00
3.30000000e+00	2.77453844e+00	-3.64629238e+06	-1.41920060e+05	1.00000000e-09	2.60450082e+03	1.00000000e-10	2.60450082e+02	-2.51296127e+08	4.81173646e+00
3.40000000e+00	2.85861536e+00	-3.72385783e+06	-1.44939043e+05	1.00000000e-09	1.00000000e-09	1.00000000e-10	1.00000000e-10	0.00000000e+00	4.42322017e+00
3.50000000e+00	2.94269229e+00	-3.80142329e+06	-1.47958026e+05	1.00000000e-09	1.00000000e-09	1.00000000e-10	1.00000000e-10	0.00000000e+00	4.06614534e+00
3.60000000e+00	3.02676921e+00	-3.87898874e+06	-1.50977009e+05	1.00000000e-09	3.67011631e+05	1.00000000e-10	3.67011631e+04	-3.54112391e+10	3.73795159e+00
3.70000000e+00	3.11084613e+00	-3.95380820e+06	-1.53889113e+05	1.00000000e-09	1.75389099e+04	1.00000000e-10	1.75389099e+03	-1.69224755e+09	3.43629058e+00
3.80000000e+00	3.19492305e+00	-4.02381453e+06	-1.56613881e+05	1.00000000e-09	1.00000000e-09	1.00000000e-10	1.00000000e-10	0.00000000e+00	3.15900770e+00
3.90000000e+00	3.27899998e+00	-4.09382085e+06	-1.59338649e+05	1.00000000e-09	1.00000000e-09	1.00000000e-10	1.00000000e-10	0.00000000e+00	2.90412542e+00
4.00000000e+00	3.36307690e+00	-4.16382718e+06	-1.62063418e+05	1.00000000e-09	4.09855791e+05	1.00000000e-10	4.09855791e+04	-3.95450721e+10	2.66982829e+00
4.10000000e+00	3.44715382e+00	-4.23173985e+06	-1.64706697e+05	1.00000000e-09	4.04137613e+04	1.00000000e-10	4.04137613e+03	-3.89933518e+09	2.45444929e+00
4.20000000e+00	3.53123074e+00	-4.29444737e+06	-1.67147383e+05	1.00000000e-09	1.00000000e-09	1.00000000e-10	1.00000000e-10	0.00000000e+00	2.25645740e+00
4.30000000e+00	3.61530767e+00	-4.35715488e+06	-1.69588069e+05	1.00000000e-09	1.00000000e-09	1.00000000e-10	1.00000000e-10	0.00000000e+00	2.07444628e+00
4.40000000e+00	3.69938459e+00	-4.41986240e+06	-1.72028755e+05	1.00000000e-09	4.63268154e+05	1.00000000e-10	4.63268154e+04	-4.46985817e+10	1.90712395e+00
4.50000000e+00	3.78346151e+00	-4.48121393e+06	-1.74416664e+05	1.00000000e-09	7.39569736e+04	1.00000000e-10	7.39569736e+03	-7.13576316e+09	1.75330334e+00
4.60000000e+00	3.86753843e+00	-4.53703014e+06	-1.76589128e+05	1.00000000e-09	1.00000000e-09	1.00000000e-10	1.00000000e-10	0.00000000e+00	1.61189369e+00
4.70000000e+00	3.95161536e+00	-4.59284635e+06	-1.78761592e+05	1.00000000e-09	1.00000000e-09	1.00000000e-10	1.00000000e-10	0.00000000e+00	1.48189263e+00
4.80000000e+00	4.03569228e+00	-4.64866257e+06	-1.80934057e+05	1.00000000e-09	5.29329030e+05	1.00000000e-10	5.29329030e+04	-5.10724873e+10	1.36237899e+00
4.90000000e+00	4.11976920e+00	-4.70394670e+06	-1.83085811e+05	1.00000000e-09	1.21356255e+05	1.00000000e-10	1.21356255e+04	-1.17090986e+10	1.25250612e+00
5.00000000e+00	4.20384612e+00	-4.75344452e+06	-1.85012353e+05	1.00000000e-09	1.00000000e-09	1.00000000e-10	1.00000000e-10	0.00000000e+00	1.15149587e+00
5.10000000e+00	4.28792305e+00	-4.80294235e+06	-1.86938895e+05	1.00000000e-09	1.00000000e-09	1.00000000e-10	1.00000000e-10	0.00000000e+00	1.05863300e+00
5.20000000e+00	4.37199997e+00	-4.85244018e+06	-1.88865437e+05	1.00000000e-09	6.10018635e+05	1.00000000e-10	6.10018635e+04	-5.88578506e+10	9.73260072e-01
5.30000000e+00	4.45607689e+00	-4.90193800e+06	-1.90791979e+05	1.00000000e-09	1.85097488e+05	1.00000000e-10	1.85097488e+04	-1.78591926e+10	8.94772759e-01
5.40000000e+00	4.54015381e+00	-4.94549975e+06	-1.92487478e+05	1.00000000e-09	1.00000000e-09	1.00000000e-10	1.00000000e-10	0.00000000e+00	8.22615544e-01
5.50000000e+00	4.62423074e+00	-4.98820307e+06	-1.94149565e+05	1.00000000e-09	1.00000000e-09	1.00000000e-10	1.00000000e-10	0.00000000e+00	7.56277766e-01
5.60000000e+00	4.70830766e+00	-5.03090639e+06	-1.95811653e+05	1.00000000e-09	7.06470206e+05	1.00000000e-10	7.06470206e+04	-6.81640125e+10	6.95289988e-01
5.70000000e+00	4.79238458e+00	-5.07360971e+06	-1.97473741e+05	1.00000000e-09	2.80376892e+05	1.00000000e-10	2.80376892e+04	-2.70522576e+10	6.39220665e-01
5.80000000e+00	4.87646150e+00	-5.11035717e+06	-1.98904016e+05	1.00000000e-09	1.00000000e-09	1.00000000e-10	1.00000000e-10	0.00000000e+00	5.87673079e-01
5.90000000e+00	4.96053843e+00	-5.14522452e+06	-2.00261114e+05	1.00000000e-09	1.00000000e-09	1.00000000e-10	1.00000000e-10	0.00000000e+00	5.40282524e-01
6.00000000e+00	5.04461535e+00	-5.18009188e+06	-2.01618212e+05	1.00000000e-09	8.19725810e+05	1.00000000e-10	8.19725810e+04	-7.90915170e+10	4.96713722e-01
6.10000000e+00	5.12869227e+00	-5.21495923e+06	-2.02975311e+05	1.00000000e-09	4.33583267e+05	1.00000000e-10	4.33583267e+04	-4.18344255e+10	4.56658442e-01
6.20000000e+00	5.21276919e+00	-5.24401947e+06	-2.04106386e+05	1.00000000e-09	1.00000000e-09	1.00000000e-10	1.00000000e-10	0.00000000e+00	4.19833321e-01
6.30000000e+00	5.29684612e+00	-5.27012412e+06	-2.05122424e+05	1.00000000e-09	1.00000000e-09	1.00000000e-10	1.00000000e-10	0.00000000e+00	3.85977854e-01
6.40000000e+00	5.38092304e+00	-5.29622876e+06	-2.06138463e+05	1.00000000e-09	9.41373618e+05	1.00000000e-10	9.41373618e+04	-9.08287462e+10	3.54852548e-01
6.50000000e+00	5.46499996e+00	-5.32233341e+06	-2.07154501e+05	1.00000000e-09	7.05951174e+05	1.00000000e-10	7.05951174e+04	-6.81139335e+10	3.26237227e-01
6.60000000e+00	5.54907688e+00	-5.34300067e+06	-2.07958907e+05	1.00000000e-09	1.00000000e-09	1.00000000e-10	1.00000000e-10	0.00000000e+00	2.99929475e-01
6.70000000e+00	5.63315381e+00	-5.35962061e+06	-2.08605784e+05	1.00000000e-09	1.00000000e-09	1.00000000e-10	1.00000000e-10	0.00000000e+00	2.75743201e-01
6.80000000e+00	5.71723073e+00	-5.37624056e+06	-2.09252661e+05	1.00000000e-09	1.00126081e+06	1.00000000e-10	1.00126081e+05	-9.66069819e+10	2.53507323e-01
6.90000000e+00	5.80130765e+00	-5.39286050e+06	-2.09899539e+05	1.00000000e-09	1.28330094e+06	1.00000000e-10	1.28330094e+05	-1.23819717e+11	2.33064554e-01
7.00000000e+00	5.88538457e+00	-5.40470928e+06	-2.10360714e+05	1.00000000e-09	1.00000000e-09	1.00000000e-10	1.00000000e-10	0.00000000e+00	2.14270296e-01
7.10000000e+00	5.96946150e+00	-5.41143997e+06	-2.10622684e+05	1.00000000e-09	1.00000000e-09	1.00000000e-10	1.00000000e-10	0.00000000e+00	1.96991610e-01
7.20000000e+00	6.05353842e+00	-5.41817065e+06	-2.10884654e+05	1.00000000e-09	1.14912999e+05	1.00000000e-10	1.14912999e+04	-1.10874189e+10	1.81106277e-01
7.30000000e+00	6.13761534e+00	-5.42490134e+06	-2.11146624e+05	1.00000000e-09	2.99151863e+06	1.00000000e-10	2.99151863e+05	-2.88637669e+11	1.66501937e-01
7.40000000e+00	6.22169226e+00	-5.42795341e+06	-2.11265416e+05	1.00000000e-09	1.92385697e+06	1.00000000e-10	1.92385697e+05	-1.85623978e+11	1.53075289e-01
7.50000000e+00	6.30576919e+00	-5.42487529e+06	-2.11145610e+05	1.00000000e-09	1.00000000e-09	1.00000000e-10	1.00000000e-10	0.00000000e+00	1.40731363e-01
7.60000000e+00	6.38984611e+00	-5.42179718e+06	-2.11025804e+05	1.00000000e-09	1.00000000e-09	1.00000000e-10	1.00000000e-10	0.00000000e+00	1.29382849e-01
7.70000000e+00	6.47392303e+00	-5.41871906e+06	-2.10905999e+05	1.87829295e+05	5.07999623e+04	1.87829295e+04	5.07999623e+03	1.32213207e+10	1.18949475e-01
7.80000000e+00	6.55799995e+00	-5.41373141e+06	-2.10711871e+05	1.40525666e+05	1.00992918e+05	1.40525666e+04	1.00992918e+04	3.81433035e+09	1.09357445e-01
7.90000000e+00	6.64207688e+00	-5.40178025e+06	-2.10246711e+05	1.00000000e-09	1.00000000e-09	1.00000000e-10	1.00000000e-10	0.00000000e+00	1.00538914e-01
8.00000000e+00	6.72615380e+00	-5.38982909e+06	-2.09781551e+05	1.00000000e-09	1.00000000e-09	1.00000000e-10	1.00000000e-10	0.00000000e+00	9.24315047e-02
8.10000000e+00	6.81023072e+00	-5.37787792e+06	-2.09316390e+05	1.57408931e+04	1.00000000e-09	1.57408931e+03	1.00000000e-10	1.51876530e+09	8.49778740e-02
8.20000000e+00	6.89430764e+00	-5.36592676e+06	-2.08851230e+05	1.54266860e+05	6.08443982e+04	1.54266860e+04	6.08443982e+03	9.01389724e+09	7.81253008e-02
8.30000000e+00	6.97838457e+00	-5.34672317e+06	-2.08103793e+05	1.08432521e+04	1.69974256e+04	1.08432521e+03	1.69974256e+03	-5.93787468e+08	7.18253161e-02
8.40000000e+00	7.06246149e+00	-5.32490050e+06	-2.07254417e+05	1.00000000e-09	1.00000000e-09	1.00000000e-10	1.00000000e-10	0.00000000e+00	6.60333593e-02
8.50000000e+00	7.14653841e+00	-5.30307783e+06	-2.06405040e+05	1.00000000e-09	1.00000000e-09	1.00000000e-10	1.00000000e-10	0.00000000e+00	6.07084632e-02
8.60000000e+00	7.23061533e+00	-5.28125516e+06	-2.05555664e+05	1.31335085e+05	2.94821009e+04	1.31335085e+04	2.94821009e+03	9.82731900e+09	5.58129641e-02
8.70000000e+00	7.31469226e+00	-5.25405658e+06	-2.04497048e+05	3.38093095e+04	3.57309385e+04	3.38093095e+03	3.57309385e+03	-1.85409008e+08	5.13122357e-02
8.80000000e+00	7.39876918e+00	-5.21862384e+06	-2.03117944e+05	1.00000000e-09	1.00000000e-09	1.00000000e-10	1.00000000e-10	0.00000000e+00	4.71744438e-02
8.90000000e+00	7.48284610e+00	-5.18319110e+06	-2.01738840e+05	1.00000000e-09	1.00000000e-09	1.00000000e-10	1.00000000e-10	0.00000000e+00	4.33703214e-02
9.00000000e+00	7.56692302e+00	-5.14775836e+06	-2.00359736e+05	9.53940580e+04	1.00000000e-09	9.53940580e+03	1.00000000e-10	9.20412737e+09	3.98729614e-02
9.10000000e+00	7.65099995e+00	-5.11232562e+06	-1.98980631e+05	4.78587805e+04	1.00000000e-09	4.78587805e+03	1.00000000e-10	4.61767033e+09	3.66576268e-02
9.20000000e+00	7.73507687e+00	-5.07689288e+06	-1.97601527e+05	1.00000000e-09	1.00000000e-09	1.00000000e-10	1.00000000e-10	0.00000000e+00	3.37015752e-02
9.30000000e+00	7.81915379e+00	-5.04157294e+06	-1.96226814e+05	1.00000000e-09	4.43978641e+03	1.00000000e-10	4.43978641e+02	-4.28374266e+08	3.09838980e-02
9.40000000e+00	7.90323071e+00	-5.00551702e+06	-1.94823455e+05	8.27552391e+04	1.00000000e-09	8.27552391e+03	1.00000000e-10	7.98466673e+09	2.84853728e-02
9.50000000e+00	7.98730764e+00	-4.96965027e+06	-1.93427458e+05	6.03311555e+04	1.00000000e-09	6.03311555e+03	1.00000000e-10	5.82107157e+09	2.61883275e-02
9.60000000e+00	8.07138456e+00	-4.93378351e+06	-1.92031461e+05	1.00000000e-09	1.18028202e+03	1.00000000e-10	1.18028202e+02	-1.13879903e+08	2.40765146e-02
9.70000000e+00	8.15546148e+00	-4.89760549e+06	-1.90623349e+05	1.00000000e-09	2.40003993e+02	1.00000000e-10	2.40003993e+01	-2.31568650e+07	2.21349973e-02
9.80000000e+00	8.23953840e+00	-4.86147533e+06	-1.89217101e+05	7.30157859e+04	5.63937666e+01	7.30157859e+03	5.63937666e+00	7.03951118e+09	2.03500429e-02
9.90000000e+00	8.32361533e+00	-4.82570467e+06	-1.87824844e+05	6.83229256e+04	2.34169310e+01	6.83229256e+03	2.34169310e+00	6.58990077e+09	1.87090262e-02
1.00000000e+01	8.40769225e+00	-4.78994796e+06	-1.86433131e+05	1.00000000e-09	1.95632572e+01	1.00000000e-10	1.95632572e+00	-1.88756737e+06	1.72003403e-02
1.01000000e+01	8.49176917e+00	-4.75418613e+06	-1.85041218e+05	1.00000000e-09	1.00000000e-09	1.00000000e-10	1.00000000e-10	0.00000000e+00	1.58133140e-02
1.02000000e+01	8.57584609e+00	-4.71842431e+06	-1.83649305e+05	6.30336660e+04	1.00000000e-09	6.30336660e+03	1.00000000e-10	6.08182420e+09	1.45381368e-02
1.03000000e+01	8.65992302e+00	-4.68297771e+06	-1.82269662e+05	7.59234832e+04	1.00000000e-09	7.59234832e+03	1.00000000e-10	7.32550250e+09	1.33657892e-02
1.04000000e+01	8.74399994e+00	-4.64778591e+06	-1.80899936e+05	1.00000000e-09	1.14818581e+01	1.00000000e-10	1.14818581e+00	-1.10783089e+06	1.22879791e-02
1.05000000e+01	8.82807686e+00	-4.61259115e+06	-1.79530094e+05	1.00000000e-09	3.17980237e+00	1.00000000e-10	3.17980237e-01	-3.06804288e+05	1.12970830e-02
1.06000000e+01	8.91215378e+00	-4.57739556e+06	-1.78160221e+05	5.41324648e+04	1.00000000e-09	5.41324648e+03	1.00000000e-10	5.22298885e+09	1.03860923e-02
1.07000000e+01	8.99623071e+00	-4.54231300e+06	-1.76794746e+05	8.36084492e+04	1.00000000e-09	8.36084492e+03	1.00000000e-10	8.06698899e+09	9.54856333e-03
1.08000000e+01	9.08030763e+00	-4.50760153e+06	-1.75443715e+05	1.00000000e-09	1.00000000e-09	1.00000000e-10	1.00000000e-10	0.00000000e+00	8.77857228e-03
1.09000000e+01	9.16438455e+00	-4.47290434e+06	-1.74093240e+05	1.00000000e-09	1.57420334e+00	1.00000000e-10	1.57420334e-01	-1.51887532e+05	8.07067289e-03
1.10000000e+01	9.24846147e+00	-4.43820675e+06	-1.72742749e+05	4.50621710e+04	1.19211919e+00	4.50621710e+03	1.19211919e-01	4.34772352e+09	7.41985814e-03
1.11000000e+01	9.33253840e+00	-4.40350885e+06	-1.71392246e+05	9.09121448e+04	1.61636462e-01	9.09121448e+03	1.61636462e-02	8.77167289e+09	6.82152474e-03
1.12000000e+01	9.41661532e+00	-4.36912827e+06	-1.70054094e+05	1.00000000e-09	5.13129002e-02	1.00000000e-10	5.13129002e-03	-4.95094212e+03	6.27144062e-03
1.13000000e+01	9.50069224e+00	-4.33499681e+06	-1.68725638e+05	1.00000000e-09	4.58143074e-02	1.00000000e-10	4.58143074e-03	-4.42040857e+03	5.76571500e-03
1.14000000e+01	9.58476916e+00	-4.30086534e+06	-1.67397182e+05	3.40128932e+04	5.36500389e-02	3.40128932e+03	5.36500389e-03	3.28174013e+09	5.30077082e-03
1.15000000e+01	9.66884609e+00	-4.26673386e+06	-1.66068725e+05	9.93098036e+04	1.00000000e-09	9.93098036e+03	1.00000000e-10	9.58193938e+09	4.87331949e-03
1.16000000e+01	9.75292301e+00	-4.23272023e+06	-1.64744855e+05	1.00000000e-09	1.00000000e-09	1.00000000e-10	1.00000000e-10	0.00000000e+00	4.48033760e-03
1.17000000e+01	9.83699993e+00	-4.19907555e+06	-1.63435346e+05	1.00000000e-09	1.00000000e-09	1.00000000e-10	1.00000000e-10	0.00000000e+00	4.11904557e-03
1.18000000e+01	9.92107685e+00	-4.16544015e+06	-1.62126197e+05	1.94720962e+04	1.00000000e-09	1.94720962e+03	1.00000000e-10	1.87877167e+09	3.78688794e-03
1.19000000e+01	1.00051538e+01	-4.13180475e+06	-1.60817049e+05	1.07097107e+05	8.99118867e-03	1.07097107e+04	8.99118867e-04	1.03332990e+10	3.48151531e-03
1.20000000e+01	1.00892307e+01	-4.09816935e+06	-1.59507900e+05	1.00000000e-09	1.00000000e-09	1.00000000e-10	1.00000000e-10	0.00000000e+00	3.20076778e-03
1.21000000e+01	1.01733076e+01	-4.06485233e+06	-1.58211144e+05	1.00000000e-09	1.00000000e-09	1.00000000e-10	1.00000000e-10	0.00000000e+00	2.94265957e-03
1.22000000e+01	1.02573845e+01	-4.03178072e+06	-1.56923939e+05	5.98407365e+02	8.43578429e-03	5.98407365e+01	8.43578429e-04	5.77367194e+07	2.70536508e-03
1.23000000e+01	1.03414615e+01	-3.99870911e+06	-1.55636734e+05	1.11741509e+05	2.77694197e-03	1.11741509e+04	2.77694197e-04	1.07814163e+10	2.48720588e-03
1.24000000e+01	1.04255384e+01	-3.96563750e+06	-1.54349530e+05	8.08253536e+03	5.43163578e-04	8.08253536e+02	5.43163578e-05	7.79846056e+08	2.28663893e-03
1.25000000e+01	1.05096153e+01	-3.93268651e+06	-1.53067019e+05	1.00000000e-09	6.18211182e-06	1.00000000e-10	6.18211182e-07	-5.96386627e-01	2.10224558e-03
1.26000000e+01	1.05936922e+01	-3.90010337e+06	-1.51798827e+05	1.00000000e-09	1.00000000e-09	1.00000000e-10	1.00000000e-10	0.00000000e+00	1.93272162e-03
1.27000000e+01	1.06777692e+01	-3.86752649e+06	-1.50530878e+05	1.10926739e+05	1.00000000e-09	1.10926739e+04	1.00000000e-10	1.07028032e+10	1.77686798e-03
1.28000000e+01	1.07618461e+01	-3.83494960e+06	-1.49262929e+05	2.89918307e+04	2.47517482e-05	2.89918307e+03	2.47517482e-06	2.79728641e+09	1.63358230e-03
1.29000000e+01	1.08459230e+01	-3.80237272e+06	-1.47994980e+05	1.00000000e-09	5.42650586e-06	1.00000000e-10	5.42650586e-07	-5.23481735e-01	1.50185109e-03
1.30000000e+01	1.09299999e+01	-3.77011576e+06	-1.46739482e+05	1.00000000e-09	1.00000000e-09	1.00000000e-10	1.00000000e-10	0.00000000e+00	1.38074262e-03
1.31000000e+01	1.10140768e+01	-3.73810238e+06	-1.45493466e+05	1.04044640e+05	1.00000000e-09	1.04044640e+04	1.00000000e-10	1.00387817e+10	1.26940027e-03
1.32000000e+01	1.10981538e+01	-3.70608900e+06	-1.44247449e+05	4.90888213e+04	1.24764413e-05	4.90888213e+03	1.24764413e-06	4.73635123e+09	1.16703651e-03
1.33000000e+01	1.11822307e+01	-3.67407561e+06	-1.43001432e+05	1.00000000e-09	5.03055022e-06	1.00000000e-10	5.03055022e-07	-4.85277824e-01	1.07292731e-03
1.34000000e+01	1.12663076e+01	-3.64218578e+06	-1.41760224e+05	1.00000000e-09	1.00000000e-09	1.00000000e-10	1.00000000e-10	0.00000000e+00	9.86407027e-04
1.35000000e+01	1.13503845e+01	-3.61066439e+06	-1.40533357e+05	9.32046250e+04	1.00000000e-09	9.32046250e+03	1.00000000e-10	8.99287920e+09	9.06863691e-04
1.36000000e+01	1.14344615e+01	-3.57914659e+06	-1.39306629e+05	6.60124772e+04	6.89223069e-06	6.60124772e+03	6.89223069e-07	6.36923578e+09	8.33734687e-04
1.37000000e+01	1.15185384e+01	-3.54762880e+06	-1.38079902e+05	1.00000000e-09	4.74674820e-06	1.00000000e-10	4.74674820e-07	-4.57895092e-01	7.66502767e-04
1.38000000e+01	1.16026153e+01	-3.51611100e+06	-1.36853174e+05	1.00000000e-09	1.00000000e-09	1.00000000e-10	1.00000000e-10	0.00000000e+00	7.04692393e-04
1.39000000e+01	1.16866922e+01	-3.48491614e+06	-1.35639016e+05	7.97771441e+04	1.00000000e-09	7.97771441e+03	1.00000000e-10	7.69732424e+09	6.47866374e-04
1.40000000e+01	1.17707691e+01	-3.45396342e+06	-1.34434282e+05	7.81527151e+04	5.00639728e-06	7.81527151e+03	5.00639728e-07	7.54059068e+09	5.95622776e-04
1.41000000e+01	1.18548461e+01	-3.42301069e+06	-1.33229548e+05	1.00000000e-09	8.98108169e-06	1.00000000e-10	8.98108169e-07	-8.66446164e-01	5.47592073e-04
1.42000000e+01	1.19389230e+01	-3.39205797e+06	-1.32024814e+05	1.00000000e-09	1.70515354e-06	1.00000000e-10	1.70515354e-07	-1.64425820e-01	5.03434541e-04
1.43000000e+01	1.20229999e+01	-3.36123311e+06	-1.30825056e+05	6.53993449e+04	1.00000000e-09	6.53993449e+03	1.00000000e-10	6.31007751e+09	4.62837848e-04
1.44000000e+01	1.21070768e+01	-3.33077755e+06	-1.29639673e+05	8.73440131e+04	1.00000000e-09	8.73440131e+03	1.00000000e-10	8.42741611e+09	4.25514851e-04
1.45000000e+01	1.21911538e+01	-3.30032199e+06	-1.28454289e+05	1.00000000e-09	3.62322483e-08	1.00000000e-10	3.62322483e-09	-3.39939518e-03	3.91201561e-04
1.46000000e+01	1.22752307e+01	-3.26986643e+06	-1.27268906e+05	1.00000000e-09	1.33255128e-07	1.00000000e-10	1.33255128e-08	-1.27606800e-02	3.59655276e-04
1.47000000e+01	1.23593076e+01	-3.23941088e+06	-1.26083522e+05	5.02495157e+04	1.00000000e-09	5.02495157e+03	1.00000000e-10	4.84834121e+09	3.30652866e-04
1.48000000e+01	1.24433845e+01	-3.20928139e+06	-1.24910830e+05	9.44608302e+04	1.00000000e-09	9.44608302e+03	1.00000000e-10	9.11408457e+09	3.03989196e-04
1.49000000e+01	1.25274615e+01	-3.17939060e+06	-1.23747429e+05	1.00000000e-09	1.00000000e-09	1.00000000e-10	1.00000000e-10	0.00000000e+00	2.79475669e-04
1.50000000e+01	1.26115384e+01	-3.14949982e+06	-1.22584027e+05	1.00000000e-09	7.44643137e-08	1.00000000e-10	7.44643137e-09	-7.08822871e-03	2.56938901e-04
1.51000000e+01	1.26956153e+01	-3.11960903e+06	-1.21420626e+05	3.63405279e+04	1.65860350e-08	3.63405279e+03	1.65860350e-09	3.50632790e+09	2.36219485e-04
1.52000000e+01	1.27796922e+01	-3.08985047e+06	-1.20262371e+05	1.00627997e+05	1.00000000e-09	1.00627997e+04	1.00000000e-10	9.70912570e+09	2.17170872e-04
1.53000000e+01	1.28637691e+01	-3.06045998e+06	-1.19118441e+05	1.00000000e-09	1.00000000e-09	1.00000000e-10	1.00000000e-10	0.00000000e+00	1.99658328e-04
1.54000000e+01	1.29478461e+01	-3.03106948e+06	-1.17974512e+05	1.00000000e-09	4.33352863e-08	1.00000000e-10	4.33352863e-09	-4.08473416e-03	1.83557987e-04
1.55000000e+01	1.30319230e+01	-3.00167898e+06	-1.16830582e+05	2.25043035e+04	2.27944129e-08	2.25043035e+03	2.27944129e-09	2.17133519e+09	1.68755969e-04
1.56000000e+01	1.31159999e+01	-2.97228848e+06	-1.15686653e+05	1.05352619e+05	1.00000000e-09	1.05352619e+04	1.00000000e-10	1.01649824e+10	1.55147578e-04
1.57000000e+01	1.32000768e+01	-2.94322492e+06	-1.14555448e+05	1.00000000e-09	1.00000000e-09	1.00000000e-10	1.00000000e-10	0.00000000e+00	1.42636560e-04
1.58000000e+01	1.32841538e+01	-2.91439664e+06	-1.13433401e+05	1.00000000e-09	2.39891538e-08	1.00000000e-10	2.39891538e-09	-2.21811614e-03	1.31134424e-04
1.59000000e+01	1.33682307e+01	-2.88556836e+06	-1.12311354e+05	6.82296533e+03	2.53670002e-08	6.82296533e+02	2.53670002e-09	6.58316076e+08	1.20559814e-04
1.60000000e+01	1.34523076e+01	-2.85674008e+06	-1.11189307e+05	1.10611496e+05	1.00000000e-09	1.10611496e+04	1.00000000e-10	1.06723870e+10	1.10837935e-04
1.61000000e+01	1.35363845e+01	-2.82804602e+06	-1.10072484e+05	1.72580826e+03	1.00000000e-09	1.72580826e+02	1.00000000e-10	1.66515183e+08	1.01900023e-04
1.62000000e+01	1.36204614e+01	-2.79971822e+06	-1.08969917e+05	1.00000000e-09	1.01249408e-08	1.00000000e-10	1.01249408e-09	-8.80422945e-04	9.36828597e-05
1.63000000e+01	1.37045384e+01	-2.77139042e+06	-1.07867350e+05	1.00000000e-09	2.67800849e-08	1.00000000e-10	2.67800849e-09	-2.48740005e-03	8.61283240e-05
1.64000000e+01	1.37886153e+01	-2.74306262e+06	-1.06764782e+05	1.14436221e+05	1.00000000e-09	1.14436221e+04	1.00000000e-10	1.10414168e+10	7.91829819e-05
1.65000000e+01	1.38726922e+01	-2.71473482e+06	-1.05662215e+05	2.25843463e+04	1.00000000e-09	2.25843463e+03	1.00000000e-10	2.17905816e+09	7.27977085e-05
1.66000000e+01	1.39567691e+01	-2.68673365e+06	-1.04572361e+05	1.00000000e-09	1.00000000e-09	1.00000000e-10	1.00000000e-10	0.00000000e+00	6.69273402e-05
1.67000000e+01	1.40408461e+01	-2.65896628e+06	-1.03491606e+05	1.00000000e-09	2.43454510e-08	1.00000000e-10	2.43454510e-09	-2.25249359e-03	6.15303552e-05
1.68000000e+01	1.41249230e+01	-2.63119891e+06	-1.02410852e+05	1.13669825e+05	5.04390806e-09	1.13669825e+04	5.04390806e-10	1.09674708e+10	5.65685802e-05
1.69000000e+01	1.42089999e+01	-2.60343154e+06	-1.01330097e+05	4.65000430e+04	1.00000000e-09	4.65000430e+03	1.00000000e-10	4.48657209e+09	5.20069201e-05
1.70000000e+01	1.42930768e+01	-2.57579874e+06	-1.00254580e+05	1.00000000e-09	1.00000000e-09	1.00000000e-10	1.00000000e-10	0.00000000e+00	4.78131098e-05
1.71000000e+01	1.43771537e+01	-2.54853199e+06	-9.91933109e+04	1.00000000e-09	1.00000000e-09	1.00000000e-10	1.00000000e-10	0.00000000e+00	4.39574862e-05
1.72000000e+01	1.44612307e+01	-2.52126524e+06	-9.81320416e+04	1.05491421e+05	1.00000000e-09	1.05491421e+04	1.00000000e-10	1.01783748e+10	4.04127779e-05
1.73000000e+01	1.45453076e+01	-2.49399850e+06	-9.70707722e+04	7.13480792e+04	1.00000000e-09	7.13480792e+03	1.00000000e-10	6.88404312e+09	3.71539131e-05
1.74000000e+01	1.46293845e+01	-2.46673175e+06	-9.60095028e+04	1.00000000e-09	1.00000000e-09	1.00000000e-10	1.00000000e-10	0.00000000e+00	3.41578414e-05
1.75000000e+01	1.47134614e+01	-2.43979249e+06	-9.49609797e+04	1.00000000e-09	1.00000000e-09	1.00000000e-10	1.00000000e-10	0.00000000e+00	3.14033713e-05
1.76000000e+01	1.47975384e+01	-2.41308744e+06	-9.39215726e+04	8.89684551e+04	1.00000000e-09	8.89684551e+03	1.00000000e-10	8.58415094e+09	2.88710202e-05
1.77000000e+01	1.48816153e+01	-2.38638239e+06	-9.28821655e+04	9.36341139e+04	1.00000000e-09	9.36341139e+03	1.00000000e-10	9.03431858e+09	2.65428765e-05
1.78000000e+01	1.49656922e+01	-2.35967734e+06	-9.18427584e+04	1.00000000e-09	1.00000000e-09	1.00000000e-10	1.00000000e-10	0.00000000e+00	2.44024731e-05
1.79000000e+01	1.50497691e+01	-2.33310802e+06	-9.08086341e+04	1.00000000e-09	1.00000000e-09	1.00000000e-10	1.00000000e-10	0.00000000e+00	2.24346707e-05
1.80000000e+01	1.51338460e+01	-2.30690624e+06	-8.97888152e+04	6.69846562e+04	1.00000000e-09	6.69846562e+03	1.00000000e-10	6.46303680e+09	2.06255509e-05
1.81000000e+01	1.52179230e+01	-2.28070446e+06	-8.87689962e+04	1.09858199e+05	1.00000000e-09	1.09858199e+04	1.00000000e-10	1.05997048e+10	1.89623175e-05
1.82000000e+01	1.53019999e+01	-2.25450268e+06	-8.77491773e+04	1.00000000e-09	1.00000000e-09	1.00000000e-10	1.00000000e-10	0.00000000e+00	1.74332063e-05
1.83000000e+01	1.53860768e+01	-2.22830090e+06	-8.67293584e+04	1.00000000e-09	1.00000000e-09	1.00000000e-10	1.00000000e-10	0.00000000e+00	1.60274019e-05
1.84000000e+01	1.54701537e+01	-2.20242889e+06	-8.57223745e+04	4.18656178e+04	1.00000000e-09	4.18656178e+03	1.00000000e-10	4.03941804e+09	1.47349607e-05
1.85000000e+01	1.55542307e+01	-2.17679106e+06	-8.47245056e+04	1.18035135e+05	1.00000000e-09	1.18035135e+04	1.00000000e-10	1.13886592e+10	1.35467414e-05
1.86000000e+01	1.56383076e+01	-2.15115324e+06	-8.37266367e+04	1.00000000e-09	1.00000000e-09	1.00000000e-10	1.00000000e-10	0.00000000e+00	1.24543394e-05
1.87000000e+01	1.57223845e+01	-2.12551541e+06	-8.27287677e+04	1.00000000e-09	1.00000000e-09	1.00000000e-10	1.00000000e-10	0.00000000e+00	1.14500281e-05
1.88000000e+01	1.58064614e+01	-2.10001575e+06	-8.17362766e+04	1.64705093e+04	1.00000000e-09	1.64705093e+03	1.00000000e-10	1.58916256e+09	1.05267039e-05
1.89000000e+01	1.58905384e+01	-2.07488458e+06	-8.07581277e+04	1.20355461e+05	1.00000000e-09	1.20355461e+04	1.00000000e-10	1.16125366e+10	9.67783615e-06
1.90000000e+01	1.59746153e+01	-2.04975342e+06	-7.97799787e+04	1.00000000e-09	1.00000000e-09	1.00000000e-10	1.00000000e-10	0.00000000e+00	8.89742061e-06
1.91000000e+01	1.60586922e+01	-2.02462225e+06	-7.88018298e+04	1.00000000e-09	1.00000000e-09	1.00000000e-10	1.00000000e-10	0.00000000e+00	8.17993736e-06
1.92000000e+01	1.61427691e+01	-1.99949108e+06	-7.78236808e+04	1.00000000e-09	1.00000000e-09	1.00000000e-10	1.00000000e-10	0.00000000e+00	7.52031158e-06
1.93000000e+01	1.62268460e+01	-1.97469125e+06	-7.68584282e+04	1.17767367e+05	1.00000000e-09	1.17767367e+04	1.00000000e-10	1.13628235e+10	6.91387767e-06
1.94000000e+01	1.63109230e+01	-1.95012372e+06	-7.59022170e+04	1.79000282e+04	1.00000000e-09	1.79000282e+03	1.00000000e-10	1.72709017e+09	6.35634627e-06
1.95000000e+01	1.63949999e+01	-1.92555619e+06	-7.49460059e+04	1.00000000e-09	1.00000000e-09	1.00000000e-10	1.00000000e-10	0.00000000e+00	5.84377390e-06
1.96000000e+01	1.64790768e+01	-1.90098865e+06	-7.39897947e+04	1.00000000e-09	1.00000000e-09	1.00000000e-10	1.00000000e-10	0.00000000e+00	5.37253509e-06
1.97000000e+01	1.65631537e+01	-1.87656099e+06	-7.30390274e+04	1.11781510e+05	1.00000000e-09	1.11781510e+04	1.00000000e-10	1.07852761e+10	4.93929673e-06
1.98000000e+01	1.66472307e+01	-1.85250052e+06	-7.21025519e+04	3.80970417e+04	1.00000000e-09	3.80970417e+03	1.00000000e-10	3.67580572e+09	4.54099448e-06
1.99000000e+01	1.67313076e+01	-1.82844005e+06	-7.11660763e+04	1.00000000e-09	1.00000000e-09	1.00000000e-10	1.00000000e-10	0.00000000e+00	4.17481111e-06
2.00000000e+01	1.68153845e+01	-1.80437957e+06	-7.02296007e+04	1.00000000e-09	1.00000000e-09	1.00000000e-10	1.00000000e-10	0.00000000e+00	3.83815657e-06
2.01000000e+01	1.68994614e+01	-1.78031910e+06	-6.92931252e+04	1.02417029e+05	1.00000000e-09	1.02417029e+04	1.00000000e-10	9.88174105e+09	3.52864967e-06
2.02000000e+01	1.69835383e+01	-1.75658900e+06	-6.83695082e+04	5.74393082e+04	1.00000000e-09	5.74393082e+03	1.00000000e-10	5.54205072e+09	3.24410125e-06
2.03000000e+01	1.70676153e+01	-1.73309005e+06	-6.74548880e+04	1.00000000e-09	1.00000000e-09	1.00000000e-10	1.00000000e-10	0.00000000e+00	2.98249865e-06
2.04000000e+01	1.71516922e+01	-1.70959110e+06	-6.65402679e+04	1.00000000e-09	1.00000000e-09	1.00000000e-10	1.00000000e-10	0.00000000e+00	2.74199155e-06
2.05000000e+01	1.72357691e+01	-1.68609215e+06	-6.56256477e+04	9.24527154e+04	1.00000000e-09	9.24527154e+03	1.00000000e-10	8.92033095e+09	2.52087882e-06
2.06000000e+01	1.73198460e+01	-1.66273211e+06	-6.47164344e+04	7.72573395e+04	1.00000000e-09	7.72573395e+03	1.00000000e-10	7.45420006e+09	2.31759650e-06
2.07000000e+01	1.74039230e+01	-1.63973815e+06	-6.38214694e+04	1.00000000e-09	1.00000000e-09	1.00000000e-10	1.00000000e-10	0.00000000e+00	2.13070675e-06
2.08000000e+01	1.74879999e+01	-1.61674419e+06	-6.29265044e+04	1.00000000e-09	1.00000000e-09	1.00000000e-10	1.00000000e-10	0.00000000e+00	1.95888770e-06
2.09000000e+01	1.75720768e+01	-1.59375024e+06	-6.20315394e+04	8.00429874e+04	1.00000000e-09	8.00429874e+03	1.00000000e-10	7.72297423e+09	1.80092404e-06
2.10000000e+01	1.76561537e+01	-1.57075628e+06	-6.11365745e+04	9.62345654e+04	1.00000000e-09	9.62345654e+03	1.00000000e-10	9.28522400e+09	1.65569849e-06
2.11000000e+01	1.77402306e+01	-1.54809130e+06	-6.02544140e+04	1.00000000e-09	1.00000000e-09	1.00000000e-10	1.00000000e-10	0.00000000e+00	1.52218384e-06
2.12000000e+01	1.78243076e+01	-1.52565833e+06	-5.93812836e+04	1.00000000e-09	1.00000000e-09	1.00000000e-10	1.00000000e-10	0.00000000e+00	1.39943575e-06
2.13000000e+01	1.79083845e+01	-1.50322536e+06	-5.85081532e+04	6.19556713e+04	1.00000000e-09	6.19556713e+03	1.00000000e-10	5.97781352e+09	1.28658600e-06
2.14000000e+01	1.79924614e+01	-1.48079239e+06	-5.76350229e+04	1.15773113e+05	1.00000000e-09	1.15773113e+04	1.00000000e-10	1.11704073e+10	1.18283639e-06
2.15000000e+01	1.80765383e+01	-1.45849644e+06	-5.67672257e+04	1.00000000e-09	1.00000000e-09	1.00000000e-10	1.00000000e-10	0.00000000e+00	1.08745310e-06
2.16000000e+01	1.81606153e+01	-1.43656722e+06	-5.59137021e+04	1.00000000e-09	1.00000000e-09	1.00000000e-10	1.00000000e-10	0.00000000e+00	9.99761460e-07
2.17000000e+01	1.82446922e+01	-1.41463800e+06	-5.50601786e+04	3.56924264e+04	1.00000000e-09	3.56924264e+03	1.00000000e-10	3.44379561e+09	9.19141229e-07
2.18000000e+01	1.83287691e+01	-1.39270877e+06	-5.42066551e+04	1.32566554e+05	1.00000000e-09	1.32566554e+04	1.00000000e-10	1.27907280e+10	8.45022171e-07
2.19000000e+01	1.84128460e+01	-1.37077955e+06	-5.33531315e+04	1.00000000e-09	1.00000000e-09	1.00000000e-10	1.00000000e-10	0.00000000e+00	7.76880034e-07
2.20000000e+01	1.84969229e+01	-1.34917934e+06	-5.25124134e+04	1.00000000e-09	1.00000000e-09	1.00000000e-10	1.00000000e-10	0.00000000e+00	7.14232843e-07
2.21000000e+01	1.85809999e+01	-1.32781352e+06	-5.16808184e+04	2.87410378e+02	1.00000000e-09	2.87410378e+01	1.00000000e-10	2.77308857e+07	6.56637488e-07
2.22000000e+01	1.86650768e+01	-1.30644769e+06	-5.08492233e+04	1.41327773e+05	1.00000000e-09	1.41327773e+04	1.00000000e-10	1.36360572e+10	6.03686592e-07
2.23000000e+01	1.87491537e+01	-1.28508187e+06	-5.00176283e+04	1.67073725e+04	1.00000000e-09	1.67073725e+03	1.00000000e-10	1.61201639e+09	5.55005627e-07
2.24000000e+01	1.88332306e+01	-1.26385230e+06	-4.91913363e+04	1.00000000e-09	1.00000000e-09	1.00000000e-10	1.00000000e-10	0.00000000e+00	5.10250270e-07
2.25000000e+01	1.89173076e+01	-1.24299143e+06	-4.83793947e+04	1.00000000e-09	1.00000000e-09	1.00000000e-10	1.00000000e-10	0.00000000e+00	4.69103960e-07
2.26000000e+01	1.90013845e+01	-1.22213055e+06	-4.75674532e+04	1.37164274e+05	1.00000000e-09	1.37164274e+04	1.00000000e-10	1.32343406e+10	4.31275667e-07
2.27000000e+01	1.90854614e+01	-1.20126968e+06	-4.67555116e+04	5.63890489e+04	1.00000000e-09	5.63890489e+03	1.00000000e-10	5.44071611e+09	3.96497828e-07
2.28000000e+01	1.91695383e+01	-1.18040881e+06	-4.59435701e+04	1.00000000e-09	1.00000000e-09	1.00000000e-10	1.00000000e-10	0.00000000e+00	3.64524455e-07
2.29000000e+01	1.92536153e+01	-1.15987800e+06	-4.51444750e+04	1.00000000e-09	1.00000000e-09	1.00000000e-10	1.00000000e-10	0.00000000e+00	3.35129397e-07
2.30000000e+01	1.93376922e+01	-1.13958290e+06	-4.43545546e+04	1.18553535e+05	1.00000000e-09	1.18553535e+04	1.00000000e-10	1.14386772e+10	3.08104742e-07
2.31000000e+01	1.94217691e+01	-1.11928781e+06	-4.35646342e+04	9.31481549e+04	1.00000000e-09	9.31481549e+03	1.00000000e-10	8.98743066e+09	2.83259340e-07
2.32000000e+01	1.95058460e+01	-1.09899272e+06	-4.27747138e+04	1.00000000e-09	1.00000000e-09	1.00000000e-10	1.00000000e-10	0.00000000e+00	2.60417458e-07
2.33000000e+01	1.95899229e+01	-1.07883396e+06	-4.19900999e+04	1.00000000e-09	1.00000000e-09	1.00000000e-10	1.00000000e-10	0.00000000e+00	2.39417533e-07
2.34000000e+01	1.96739999e+01	-1.05904470e+06	-4.12198673e+04	8.92818394e+04	1.00000000e-09	8.92818394e+03	1.00000000e-10	8.61438792e+09	2.20111031e-07
2.35000000e+01	1.97580768e+01	-1.03925544e+06	-4.04496347e+04	1.20890074e+05	1.00000000e-09	1.20890074e+04	1.00000000e-10	1.16641189e+10	2.02361395e-07
2.36000000e+01	1.98421537e+01	-1.01946618e+06	-3.96794021e+04	1.00000000e-09	1.00000000e-09	1.00000000e-10	1.00000000e-10	0.00000000e+00	1.86043080e-07
2.37000000e+01	1.99262306e+01	-9.99676916e+05	-3.89091695e+04	1.00000000e-09	1.00000000e-09	1.00000000e-10	1.00000000e-10	0.00000000e+00	1.71040665e-07
2.38000000e+01	2.00103076e+01	-9.80217404e+05	-3.81517714e+04	5.28165429e+04	1.00000000e-09	5.28165429e+03	1.00000000e-10	5.09602169e+09	1.57248037e-07
2.39000000e+01	2.00943845e+01	-9.60993761e+05	-3.74035536e+04	1.35631935e+05	1.00000000e-09	1.35631935e+04	1.00000000e-10	1.30864923e+10	1.44567640e-07
2.40000000e+01	2.01784614e+01	-9.41770117e+05	-3.66553359e+04	1.00000000e-09	1.00000000e-09	1.00000000e-10	1.00000000e-10	0.00000000e+00	1.32909782e-07
2.41000000e+01	2.02625383e+01	-9.22546473e+05	-3.59071181e+04	1.00000000e-09	1.00000000e-09	1.00000000e-10	1.00000000e-10	0.00000000e+00	1.22192009e-07
2.42000000e+01	2.03466152e+01	-9.03457835e+05	-3.51641550e+04	1.40539545e+04	1.00000000e-09	1.40539545e+03	1.00000000e-10	1.35600047e+09	1.12338510e-07
2.43000000e+01	2.04306922e+01	-8.84737868e+05	-3.44355412e+04	1.39387503e+05	1.00000000e-09	1.39387503e+04	1.00000000e-10	1.34488495e+10	1.03279593e-07
2.44000000e+01	2.05147691e+01	-8.66017900e+05	-3.37069274e+04	5.07655073e+03	1.00000000e-09	5.07655073e+02	1.00000000e-10	4.89812683e+08	9.49511815e-08
2.45000000e+01	2.05988460e+01	-8.47297932e+05	-3.29783136e+04	1.00000000e-09	1.00000000e-09	1.00000000e-10	1.00000000e-10	0.00000000e+00	8.72943689e-08
2.46000000e+01	2.06829229e+01	-8.28577964e+05	-3.22496998e+04	1.00000000e-09	1.00000000e-09	1.00000000e-10	1.00000000e-10	0.00000000e+00	8.02549976e-08
2.47000000e+01	2.07669999e+01	-8.10185432e+05	-3.15338304e+04	1.32754817e+05	1.00000000e-09	1.32754817e+04	1.00000000e-10	1.28088926e+10	7.37832774e-08
2.48000000e+01	2.08510768e+01	-7.92030191e+05	-3.08271967e+04	3.95155981e+04	1.00000000e-09	3.95155981e+03	1.00000000e-10	3.81267560e+09	6.78334333e-08
2.49000000e+01	2.09351537e+01	-7.73874951e+05	-3.01205631e+04	1.00000000e-09	1.00000000e-09	1.00000000e-10	1.00000000e-10	0.00000000e+00	6.23633815e-08
2.50000000e+01	2.10192306e+01	-7.55719710e+05	-2.94139295e+04	1.00000000e-09	1.00000000e-09	1.00000000e-10	1.00000000e-10	0.00000000e+00	5.73344317e-08
2.51000000e+01	2.11033075e+01	-7.37695932e+05	-2.87124126e+04	1.17828483e+05	1.00000000e-09	1.17828483e+04	1.00000000e-10	1.13687203e+10	5.27110137e-08
2.52000000e+01	2.11873845e+01	-7.20040788e+05	-2.80252436e+04	6.99514627e+04	1.00000000e-09	6.99514627e+03	1.00000000e-10	6.74929011e+09	4.84604257e-08
2.53000000e+01	2.12714614e+01	-7.02385645e+05	-2.73380746e+04	1.00000000e-09	1.00000000e-09	1.00000000e-10	1.00000000e-10	0.00000000e+00	4.45526029e-08
2.54000000e+01	2.13555383e+01	-6.84730501e+05	-2.66509056e+04	1.00000000e-09	1.00000000e-09	1.00000000e-10	1.00000000e-10	0.00000000e+00	4.09599048e-08
2.55000000e+01	2.14396152e+01	-6.67075357e+05	-2.59637366e+04	9.51894406e+04	1.00000000e-09	9.51894406e+03	1.00000000e-10	9.18438479e+09	3.76569199e-08
2.56000000e+01	2.15236922e+01	-6.49745643e+05	-2.52892339e+04	9.60243011e+04	1.00000000e-09	9.60243011e+03	1.00000000e-10	9.26493658e+09	3.46202860e-08
2.57000000e+01	2.16077691e+01	-6.32656348e+05	-2.46240887e+04	1.00000000e-09	1.00000000e-09	1.00000000e-10	1.00000000e-10	0.00000000e+00	3.18285246e-08
2.58000000e+01	2.16918460e+01	-6.15567053e+05	-2.39589436e+04	1.00000000e-09	1.00000000e-09	1.00000000e-10	1.00000000e-10	0.00000000e+00	2.92618894e-08
2.59000000e+01	2.17759229e+01	-5.98477758e+05	-2.32937984e+04	6.96902685e+04	1.00000000e-09	6.96902685e+03	1.00000000e-10	6.72408870e+09	2.69022262e-08
2.60000000e+01	2.18599998e+01	-5.81516384e+05	-2.26336321e+04	1.18209146e+05	1.00000000e-09	1.18209146e+04	1.00000000e-10	1.14054487e+10	2.47328451e-08
2.61000000e+01	2.19440768e+01	-5.64925120e+05	-2.19878712e+04	1.00000000e-09	1.00000000e-09	1.00000000e-10	1.00000000e-10	0.00000000e+00	2.27384017e-08
2.62000000e+01	2.20281537e+01	-5.48335143e+05	-2.13421603e+04	1.00000000e-09	1.00000000e-09	1.00000000e-10	1.00000000e-10	0.00000000e+00	2.09047891e-08
2.63000000e+01	2.21122306e+01	-5.31745167e+05	-2.06964495e+04	3.95181816e+04	1.00000000e-09	3.95181816e+03	1.00000000e-10	3.81292488e+09	1.92190381e-08
2.64000000e+01	2.21963075e+01	-5.15155191e+05	-2.00507387e+04	1.33536469e+05	1.00000000e-09	1.33536469e+04	1.00000000e-10	1.28843106e+10	1.76692251e-08
2.65000000e+01	2.22803845e+01	-4.98889984e+05	-1.94176685e+04	1.00000000e-09	1.00000000e-09	1.00000000e-10	1.00000000e-10	0.00000000e+00	1.62443882e-08
2.66000000e+01	2.23644614e+01	-4.82868865e+05	-1.87940986e+04	1.00000000e-09	1.00000000e-09	1.00000000e-10	1.00000000e-10	0.00000000e+00	1.49344494e-08
2.67000000e+01	2.24485383e+01	-4.66847747e+05	-1.81705287e+04	1.79125228e+03	1.00000000e-09	1.79125228e+02	1.00000000e-10	1.72829572e+08	1.37301434e-08
2.68000000e+01	2.25326152e+01	-4.50826628e+05	-1.75469588e+04	1.44155958e+05	1.00000000e-09	1.44155958e+04	1.00000000e-10	1.39089355e+10	1.26229520e-08
2.69000000e+01	2.26166921e+01	-4.34931140e+05	-1.69282787e+04	1.92590193e+04	1.00000000e-09	1.92590193e+03	1.00000000e-10	1.85821287e+09	1.16050438e-08
2.70000000e+01	2.27007691e+01	-4.19407648e+05	-1.63240773e+04	1.00000000e-09	1.00000000e-09	1.00000000e-10	1.00000000e-10	0.00000000e+00	1.06692193e-08
2.71000000e+01	2.27848460e+01	-4.03887819e+05	-1.57200185e+04	1.00000000e-09	1.00000000e-09	1.00000000e-10	1.00000000e-10	0.00000000e+00	9.80885916e-09
2.72000000e+01	2.28689229e+01	-3.88367991e+05	-1.51159597e+04	1.43858930e+05	1.00000000e-09	1.43858930e+04	1.00000000e-10	1.38802766e+10	9.01787799e-09
2.73000000e+01	2.29529998e+01	-3.72848162e+05	-1.45119009e+04	6.81768777e+04	1.00000000e-09	6.81768777e+03	1.00000000e-10	6.57806869e+09	8.29068113e-09
2.74000000e+01	2.30370768e+01	-3.57652661e+05	-1.39204655e+04	1.00000000e-09	1.00000000e-09	1.00000000e-10	1.00000000e-10	0.00000000e+00	7.62212503e-09
2.75000000e+01	2.31211537e+01	-3.42703160e+05	-1.33386048e+04	1.00000000e-09	1.00000000e-09	1.00000000e-10	1.00000000e-10	0.00000000e+00	7.00748093e-09
2.76000000e+01	2.32052306e+01	-3.27753659e+05	-1.27567442e+04	1.24553089e+05	1.00000000e-09	1.24553089e+04	1.00000000e-10	1.20175462e+10	6.44240141e-09
2.77000000e+01	2.32893075e+01	-3.12804158e+05	-1.21748835e+04	1.19668811e+05	1.00000000e-09	1.19668811e+04	1.00000000e-10	1.15462850e+10	5.92288960e-09
2.78000000e+01	2.33733845e+01	-2.97978105e+05	-1.15978277e+04	1.00000000e-09	1.00000000e-09	1.00000000e-10	1.00000000e-10	0.00000000e+00	5.44527095e-09
2.79000000e+01	2.34574614e+01	-2.83524045e+05	-1.10352504e+04	1.00000000e-09	1.00000000e-09	1.00000000e-10	1.00000000e-10	0.00000000e+00	5.00616720e-09
2.80000000e+01	2.35415383e+01	-2.69076320e+05	-1.04729198e+04	8.06187856e+04	1.00000000e-09	8.06187856e+03	1.00000000e-10	7.77853030e+09	4.60247255e-09
2.81000000e+01	2.36256152e+01	-2.54628596e+05	-9.91058915e+03	1.63423299e+05	1.00000000e-09	1.63423299e+04	1.00000000e-10	1.57679513e+10	4.23133162e-09
2.82000000e+01	2.37096921e+01	-2.40180871e+05	-9.34825850e+03	1.00000000e-09	1.00000000e-09	1.00000000e-10	1.00000000e-10	0.00000000e+00	3.89011930e-09
2.83000000e+01	2.37937691e+01	-2.26054949e+05	-8.79845297e+03	1.00000000e-09	1.00000000e-09	1.00000000e-10	1.00000000e-10	0.00000000e+00	3.57642216e-09
2.84000000e+01	2.38778460e+01	-2.12176898e+05	-8.25829503e+03	1.35513246e+04	1.00000000e-09	1.35513246e+03	1.00000000e-10	1.30750406e+09	3.28802138e-09
2.85000000e+01	2.39619229e+01	-1.98298848e+05	-7.71813709e+03	1.85477715e+05	1.00000000e-09	1.85477715e+04	1.00000000e-10	1.78958789e+10	3.02287709e-09
2.86000000e+01	2.40459998e+01	-1.84420797e+05	-7.17797915e+03	2.07863571e+04	1.00000000e-09	2.07863571e+03	1.00000000e-10	2.00557857e+09	2.77911390e-09
2.87000000e+01	2.41300768e+01	-1.70661791e+05	-6.64245461e+03	1.00000000e-09	1.00000000e-09	1.00000000e-10	1.00000000e-10	0.00000000e+00	2.55500764e-09
2.88000000e+01	2.42141537e+01	-1.57274190e+05	-6.12138585e+03	1.00000000e-09	1.00000000e-09	1.00000000e-10	1.00000000e-10	0.00000000e+00	2.34897319e-09
2.89000000e+01	2.42982306e+01	-1.43897510e+05	-5.60074212e+03	1.73115559e+05	1.00000000e-09	1.73115559e+04	1.00000000e-10	1.67031122e+10	2.15955324e-09
2.90000000e+01	2.43823075e+01	-1.30520830e+05	-5.08009839e+03	9.80909510e+04	1.00000000e-09	9.80909510e+03	1.00000000e-10	9.46433798e+09	1.98540802e-09
2.91000000e+01	2.44663844e+01	-1.17144150e+05	-4.55945466e+03	1.00000000e-09	1.00000000e-09	1.00000000e-10	1.00000000e-10	0.00000000e+00	1.82530578e-09
2.92000000e+01	2.45504614e+01	-1.04085564e+05	-4.05119172e+03	1.00000000e-09	1.00000000e-09	1.00000000e-10	1.00000000e-10	0.00000000e+00	1.67811410e-09
2.93000000e+01	2.46345383e+01	-9.12785093e+04	-3.55271882e+03	1.24118973e+05	1.00000000e-09	1.24118973e+04	1.00000000e-10	1.19756603e+10	1.54279187e-09
2.94000000e+01	2.47186152e+01	-7.84714547e+04	-3.05424591e+03	1.62625490e+05	1.00000000e-09	1.62625490e+04	1.00000000e-10	1.56909744e+10	1.41838196e-09
2.95000000e+01	2.48026921e+01	-6.56644000e+04	-2.55577300e+03	1.00000000e-09	1.00000000e-09	1.00000000e-10	1.00000000e-10	0.00000000e+00	1.30400439e-09
2.96000000e+01	2.48867691e+01	-5.29703504e+04	-2.06169844e+03	1.00000000e-09	1.00000000e-09	1.00000000e-10	1.00000000e-10	0.00000000e+00	1.19885018e-09
2.97000000e+01	2.49708460e+01	-4.06485665e+04	-1.58211312e+03	4.71126543e+04	1.00000000e-09	4.71126543e+03	1.00000000e-10	4.54568009e+09	1.10217554e-09
2.98000000e+01	2.50549229e+01	-2.83441550e+04	-1.10320396e+03	1.94809588e+05	1.00000000e-09	1.94809588e+04	1.00000000e-10	1.87962678e+10	1.01329669e-09
2.99000000e+01	2.51389998e+01	-1.60397435e+04	-6.24294798e+02	1.00000000e-09	1.00000000e-09	1.00000000e-10	1.00000000e-10	0.00000000e+00	9.31584987e-10
3.00000000e+01	2.52230767e+01	-3.73533197e+03	-1.45385636e+02	1.00000000e-09	1.00000000e-09	1.00000000e-10	1.00000000e-10	0.00000000e+00	8.56462471e-10
3.01000000e+01	2.53071537e+01	8.25367162e+03	3.21247298e+02	1.00000000e-09	1.00000000e-09	1.00000000e-10	1.00000000e-10	0.00000000e+00	7.87397794e-10
3.02000000e+01	2.53912306e+01	1.99856354e+04	7.77875795e+02	1.84862582e+05	1.00000000e-09	1.84862582e+04	1.00000000e-10	1.78365276e+10	7.23902457e-10
3.03000000e+01	2.54753075e+01	3.17175992e+04	1.23450429e+03	8.33592541e+04	1.00000000e-09	8.33592541e+03	1.00000000e-10	8.04294532e+09	6.65527349e-10
3.04000000e+01	2.55593844e+01	4.34495630e+04	1.69113279e+03	1.00000000e-09	1.00000000e-09	1.00000000e-10	1.00000000e-10	0.00000000e+00	6.11859579e-10
3.05000000e+01	2.56434614e+01	5.50738484e+04	2.14357025e+03	1.00000000e-09	1.00000000e-09	1.00000000e-10	1.00000000e-10	0.00000000e+00	5.62519549e-10
3.06000000e+01	2.57275383e+01	6.63234099e+04	2.58142282e+03	1.34509199e+05	1.00000000e-09	1.34509199e+04	1.00000000e-10	1.29781647e+10	5.17158273e-10
3.07000000e+01	2.58116152e+01	7.75496237e+04	3.01836664e+03	1.54029301e+05	1.00000000e-09	1.54029301e+04	1.00000000e-10	1.48615682e+10	4.75454906e-10
3.08000000e+01	2.58956921e+01	8.87758374e+04	3.45531046e+03	1.00000000e-09	1.00000000e-09	1.00000000e-10	1.00000000e-10	0.00000000e+00	4.37114476e-10
3.09000000e+01	2.59797690e+01	1.00002051e+05	3.89225428e+03	1.00000000e-09	1.00000000e-09	1.00000000e-10	1.00000000e-10	0.00000000e+00	4.01865798e-10
3.10000000e+01	2.60638460e+01	1.10914222e+05	4.31697499e+03	5.23572383e+04	1.00000000e-09	5.23572383e+03	1.00000000e-10	5.05170552e+09	3.69459555e-10
3.11000000e+01	2.61479229e+01	1.21564277e+05	4.73149374e+03	1.86763177e+05	1.00000000e-09	1.86763177e+04	1.00000000e-10	1.80199072e+10	3.39666533e-10
3.12000000e+01	2.62319998e+01	1.32214333e+05	5.14601248e+03	1.00000000e-09	1.00000000e-09	1.00000000e-10	1.00000000e-10	0.00000000e+00	3.12276006e-10
3.13000000e+01	2.63160767e+01	1.42864389e+05	5.56053123e+03	1.00000000e-09	1.00000000e-09	1.00000000e-10	1.00000000e-10	0.00000000e+00	2.87094235e-10
3.14000000e+01	2.64001537e+01	1.53410858e+05	5.97101821e+03	1.00000000e-09	1.00000000e-09	1.00000000e-10	1.00000000e-10	0.00000000e+00	2.63943109e-10
3.15000000e+01	2.64842306e+01	1.63580757e+05	6.36684841e+03	1.74587160e+05	1.00000000e-09	1.74587160e+04	1.00000000e-10	1.68451002e+10	2.42658878e-10
3.16000000e+01	2.65683075e+01	1.73722942e+05	6.76159994e+03	8.48993787e+04	1.00000000e-09	8.48993787e+03	1.00000000e-10	8.19154475e+09	2.23090996e-10
3.17000000e+01	2.66523844e+01	1.83865126e+05	7.15635147e+03	1.00000000e-09	1.00000000e-09	1.00000000e-10	1.00000000e-10	0.00000000e+00	2.05101057e-10
3.18000000e+01	2.67364614e+01	1.94007311e+05	7.55110300e+03	1.00000000e-09	1.00000000e-09	1.00000000e-10	1.00000000e-10	0.00000000e+00	1.88561817e-10
3.19000000e+01	2.68205383e+01	2.03837597e+05	7.93371486e+03	1.16635515e+05	1.00000000e-09	1.16635515e+04	1.00000000e-10	1.12536164e+10	1.73356293e-10
3.20000000e+01	2.69046152e+01	2.13402702e+05	8.30600545e+03	1.50592395e+05	1.00000000e-09	1.50592395e+04	1.00000000e-10	1.45299573e+10	1.59376934e-10
3.21000000e+01	2.69886921e+01	2.22967808e+05	8.67829605e+03	1.00000000e-09	1.00000000e-09	1.00000000e-10	1.00000000e-10	0.00000000e+00	1.46524863e-10
3.22000000e+01	2.70727690e+01	2.32532913e+05	9.05058664e+03	1.00000000e-09	1.00000000e-09	1.00000000e-10	1.00000000e-10	0.00000000e+00	1.34709176e-10
3.23000000e+01	2.71568460e+01	2.41999281e+05	9.41903420e+03	2.76026520e+04	1.00000000e-09	2.76026520e+03	1.00000000e-10	2.66325105e+09	1.23846300e-10
3.24000000e+01	2.72409229e+01	2.51089693e+05	9.77284889e+03	1.74231029e+05	1.00000000e-09	1.74231029e+04	1.00000000e-10	1.68107387e+10	1.13859401e-10
3.25000000e+01	2.73249998e+01	2.60146913e+05	1.01253717e+04	2.06833984e+04	1.00000000e-09	2.06833984e+03	1.00000000e-10	1.99564456e+09	1.04677839e-10
3.26000000e+01	2.74090767e+01	2.69204133e+05	1.04778945e+04	1.00000000e-09	1.00000000e-09	1.00000000e-10	1.00000000e-10	0.00000000e+00	9.62366743e-11
3.27000000e+01	2.74931537e+01	2.78261353e+05	1.08304173e+04	1.00000000e-09	1.00000000e-09	1.00000000e-10	1.00000000e-10	0.00000000e+00	8.84762003e-11
3.28000000e+01	2.75772306e+01	2.87011581e+05	1.11709914e+04	1.44248013e+05	1.00000000e-09	1.44248013e+04	1.00000000e-10	1.39178174e+10	8.13415267e-11
3.29000000e+01	2.76613075e+01	2.95493000e+05	1.15011030e+04	1.05341973e+05	1.00000000e-09	1.05341973e+04	1.00000000e-10	1.01639552e+10	7.47821894e-11
3.30000000e+01	2.77453844e+01	3.03974418e+05	1.18312146e+04	1.00000000e-09	1.00000000e-09	1.00000000e-10	1.00000000e-10	0.00000000e+00	6.87517936e-11
3.31000000e+01	2.78294613e+01	3.12455837e+05	1.21613263e+04	1.00000000e-09	1.00000000e-09	1.00000000e-10	1.00000000e-10	0.00000000e+00	6.32076857e-11
3.32000000e+01	2.79135383e+01	3.20846144e+05	1.24878917e+04	6.78063925e+04	1.00000000e-09	6.78063925e+03	1.00000000e-10	6.54232230e+09	5.81106517e-11
3.33000000e+01	2.79976152e+01	3.28861195e+05	1.27998514e+04	1.54386433e+05	1.00000000e-09	1.54386433e+04	1.00000000e-10	1.48960262e+10	5.34246397e-11
3.34000000e+01	2.80816921e+01	3.36835456e+05	1.31102236e+04	1.00000000e-09	1.00000000e-09	1.00000000e-10	1.00000000e-10	0.00000000e+00	4.91165053e-11
3.35000000e+01	2.81657690e+01	3.44809718e+05	1.34205957e+04	1.00000000e-09	1.00000000e-09	1.00000000e-10	1.00000000e-10	0.00000000e+00	4.51557765e-11
3.36000000e+01	2.82498460e+01	3.52783979e+05	1.37309679e+04	1.00000000e-09	1.00000000e-09	1.00000000e-10	1.00000000e-10	0.00000000e+00	4.15144388e-11
3.37000000e+01	2.83339229e+01	3.60456880e+05	1.40296106e+04	1.45290268e+05	1.00000000e-09	1.45290268e+04	1.00000000e-10	1.40183798e+10	3.81667366e-11
3.38000000e+01	2.84179998e+01	3.67855369e+05	1.43175727e+04	7.30914357e+04	1.00000000e-09	7.30914357e+03	1.00000000e-10	7.05225145e+09	3.50889914e-11
3.39000000e+01	2.85020767e+01	3.75253859e+05	1.46055348e+04	1.00000000e-09	1.00000000e-09	1.00000000e-10	1.00000000e-10	0.00000000e+00	3.22594338e-11
3.40000000e+01	2.85861536e+01	3.82652349e+05	1.48934970e+04	1.00000000e-09	1.00000000e-09	1.00000000e-10	1.00000000e-10	0.00000000e+00	2.96580503e-11
3.41000000e+01	2.86702306e+01	3.89968554e+05	1.51782564e+04	7.77837812e+04	1.00000000e-09	7.77837812e+03	1.00000000e-10	7.50499396e+09	2.72664410e-11
3.42000000e+01	2.87543075e+01	3.96908585e+05	1.54483745e+04	1.34410958e+05	1.00000000e-09	1.34410958e+04	1.00000000e-10	1.29686859e+10	2.50676897e-11
3.43000000e+01	2.88383844e+01	4.03798560e+05	1.57165444e+04	1.00000000e-09	1.00000000e-09	1.00000000e-10	1.00000000e-10	0.00000000e+00	2.30462446e-11
3.44000000e+01	2.89224613e+01	4.10688535e+05	1.59847142e+04	1.00000000e-09	1.00000000e-09	1.00000000e-10	1.00000000e-10	0.00000000e+00	2.11878078e-11
3.45000000e+01	2.90065383e+01	4.17578510e+05	1.62528841e+04	1.00000000e-09	1.00000000e-09	1.00000000e-10	1.00000000e-10	0.00000000e+00	1.94792342e-11
3.46000000e+01	2.90906152e+01	4.24171532e+05	1.65094960e+04	1.30150643e+05	1.00000000e-09	1.30150643e+04	1.00000000e-10	1.25576280e+10	1.79084392e-11
3.47000000e+01	2.91746921e+01	4.30482989e+05	1.67551489e+04	6.54822363e+04	1.00000000e-09	6.54822363e+03	1.00000000e-10	6.31807531e+09	1.64643122e-11
3.48000000e+01	2.92587690e+01	4.36794447e+05	1.70008018e+04	1.00000000e-09	1.00000000e-09	1.00000000e-10	1.00000000e-10	0.00000000e+00	1.51366389e-11
3.49000000e+01	2.93428459e+01	4.43105904e+05	1.72464548e+04	1.00000000e-09	1.00000000e-09	1.00000000e-10	1.00000000e-10	0.00000000e+00	1.39160284e-11
3.50000000e+01	2.94269229e+01	4.49342905e+05	1.74892098e+04	5.70225005e+04	1.00000000e-09	5.70225005e+03	1.00000000e-10	5.50183490e+09	1.27938473e-11
3.51000000e+01	2.95109998e+01	4.55201599e+05	1.77172403e+04	1.21298523e+05	1.00000000e-09	1.21298523e+04	1.00000000e-10	1.17035283e+10	1.17621583e-11
3.52000000e+01	2.95950767e+01	4.61001987e+05	1.79430015e+04	1.00000000e-09	1.00000000e-09	1.00000000e-10	1.00000000e-10	0.00000000e+00	1.08136641e-11
3.53000000e+01	2.96791536e+01	4.66802375e+05	1.81687628e+04	1.00000000e-09	1.00000000e-09	1.00000000e-10	1.00000000e-10	0.00000000e+00	9.94165601e-12
3.54000000e+01	2.97632306e+01	4.72602763e+05	1.83945240e+04	1.00000000e-09	1.00000000e-09	1.00000000e-10	1.00000000e-10	0.00000000e+00	9.13996618e-12
3.55000000e+01	2.98473075e+01	4.78109684e+05	1.86088630e+04	9.32657770e+04	1.00000000e-09	9.32657770e+03	1.00000000e-10	8.99877947e+09	8.40292419e-12
3.56000000e+01	2.99313844e+01	4.83328974e+05	1.88120068e+04	8.13172358e+04	1.00000000e-09	8.13172358e+03	1.00000000e-10	7.84592050e+09	7.72531687e-12
3.57000000e+01	3.00154613e+01	4.88548263e+05	1.90151507e+04	1.00000000e-09	1.00000000e-09	1.00000000e-10	1.00000000e-10	0.00000000e+00	7.10235144e-12
3.58000000e+01	3.00995383e+01	4.93767552e+05	1.92182945e+04	1.00000000e-09	1.00000000e-09	1.00000000e-10	1.00000000e-10	0.00000000e+00	6.52962161e-12
3.59000000e+01	3.01836152e+01	4.98919320e+05	1.94188103e+04	1.00000000e-09	1.00000000e-09	1.00000000e-10	1.00000000e-10	0.00000000e+00	6.00307641e-12
3.60000000e+01	3.02676921e+01	5.03691963e+05	1.96045699e+04	9.17608518e+04	1.00000000e-09	9.17608518e+03	1.00000000e-10	8.85357626e+09	5.51899153e-12
3.61000000e+01	3.03517690e+01	5.08399157e+05	1.97877821e+04	4.95953343e+04	1.00000000e-09	4.95953343e+03	1.00000000e-10	4.78522230e+09	5.07394300e-12
3.62000000e+01	3.04358459e+01	5.13106351e+05	1.99709943e+04	1.00000000e-09	1.00000000e-09	1.00000000e-10	1.00000000e-10	0.00000000e+00	4.66478295e-12
3.63000000e+01	3.05199229e+01	5.17813545e+05	2.01542065e+04	1.00000000e-09	1.00000000e-09	1.00000000e-10	1.00000000e-10	0.00000000e+00	4.28861734e-12
3.64000000e+01	3.06039998e+01	5.22232217e+05	2.03261889e+04	1.07270272e+03	1.00000000e-09	1.07270272e+02	1.00000000e-10	1.03500078e+08	3.94278553e-12
3.65000000e+01	3.06880767e+01	5.26358792e+05	2.04868024e+04	7.15555659e+04	1.00000000e-09	7.15555659e+03	1.00000000e-10	6.90406254e+09	3.62484141e-12
3.66000000e+01	3.07721536e+01	5.30485367e+05	2.06474159e+04	4.34786979e+04	1.00000000e-09	4.34786979e+03	1.00000000e-10	4.19505661e+09	3.33253613e-12
3.67000000e+01	3.08562306e+01	5.34611942e+05	2.08080294e+04	1.00000000e-09	1.00000000e-09	1.00000000e-10	1.00000000e-10	0.00000000e+00	3.06380220e-12
3.68000000e+01	3.09403075e+01	5.38679249e+05	2.09663361e+04	1.00000000e-09	1.00000000e-09	1.00000000e-10	1.00000000e-10	0.00000000e+00	2.81673882e-12
3.69000000e+01	3.10243844e+01	5.42368712e+05	2.11099364e+04	1.00000000e-09	1.00000000e-09	1.00000000e-10	1.00000000e-10	0.00000000e+00	2.58959851e-12
3.70000000e+01	3.11084613e+01	5.45984146e+05	2.12506554e+04	4.85887227e+04	1.00000000e-09	4.85887227e+03	1.00000000e-10	4.68809905e+09	2.38077467e-12
3.71000000e+01	3.11925382e+01	5.49599581e+05	2.13913745e+04	6.76215488e+04	1.00000000e-09	6.76215488e+03	1.00000000e-10	6.52448760e+09	2.18879027e-12
3.72000000e+01	3.12766152e+01	5.53215015e+05	2.15320935e+04	1.00000000e-09	1.00000000e-09	1.00000000e-10	1.00000000e-10	0.00000000e+00	2.01228739e-12
3.73000000e+01	3.13606921e+01	5.56549246e+05	2.16618676e+04	1.00000000e-09	1.00000000e-09	1.00000000e-10	1.00000000e-10	0.00000000e+00	1.85001761e-12
3.74000000e+01	3.14447690e+01	5.59586033e+05	2.17800646e+04	1.00000000e-09	1.00000000e-09	1.00000000e-10	1.00000000e-10	0.00000000e+00	1.70083318e-12
3.75000000e+01	3.15288459e+01	5.62622820e+05	2.18982616e+04	4.78898227e+03	1.00000000e-09	4.78898227e+02	1.00000000e-10	4.62066545e+08	1.56367890e-12
3.76000000e+01	3.16129229e+01	5.65659607e+05	2.20164587e+04	1.13749314e+05	1.00000000e-09	1.13749314e+04	1.00000000e-10	1.09751404e+10	1.43758467e-12
3.77000000e+01	3.16969998e+01	5.68647728e+05	2.21327616e+04	8.83295334e+04	1.00000000e-09	8.83295334e+03	1.00000000e-10	8.52250437e+09	1.32165861e-12
3.78000000e+01	3.17810767e+01	5.71258999e+05	2.22343968e+04	1.00000000e-09	1.00000000e-09	1.00000000e-10	1.00000000e-10	0.00000000e+00	1.21508076e-12
3.79000000e+01	3.18651536e+01	5.73785914e+05	2.23327488e+04	1.00000000e-09	1.00000000e-09	1.00000000e-10	1.00000000e-10	0.00000000e+00	1.11709730e-12
3.80000000e+01	3.19492305e+01	5.76312830e+05	2.24311007e+04	1.00000000e-09	1.00000000e-09	1.00000000e-10	1.00000000e-10	0.00000000e+00	1.02701517e-12
3.81000000e+01	3.20333075e+01	5.78839745e+05	2.25294527e+04	7.92041341e+04	1.00000000e-09	7.92041341e+03	1.00000000e-10	7.64203719e+09	9.44197214e-13
3.82000000e+01	3.21173844e+01	5.81092905e+05	2.26171496e+04	1.73980987e+05	1.00000000e-09	1.73980987e+04	1.00000000e-10	1.67866134e+10	8.68057654e-13
3.83000000e+01	3.22014613e+01	5.83041841e+05	2.26930056e+04	9.36249162e+04	1.00000000e-09	9.36249162e+03	1.00000000e-10	9.03343114e+09	7.98057949e-13
3.84000000e+01	3.22855382e+01	5.84990777e+05	2.27688616e+04	1.00000000e-09	1.00000000e-09	1.00000000e-10	1.00000000e-10	0.00000000e+00	7.33702982e-13
3.85000000e+01	3.23696152e+01	5.86939714e+05	2.28447176e+04	1.00000000e-09	1.00000000e-09	1.00000000e-10	1.00000000e-10	0.00000000e+00	6.74537565e-13
3.86000000e+01	3.24536921e+01	5.88850826e+05	2.29191014e+04	1.00000000e-09	1.00000000e-09	1.00000000e-10	1.00000000e-10	0.00000000e+00	6.20143216e-13
3.87000000e+01	3.25377690e+01	5.90384896e+05	2.29788101e+04	1.00000000e-09	1.00000000e-09	1.00000000e-10	1.00000000e-10	0.00000000e+00	5.70135198e-13
3.88000000e+01	3.26218459e+01	5.91823628e+05	2.30348080e+04	1.00000000e-09	1.00000000e-09	1.00000000e-10	1.00000000e-10	0.00000000e+00	5.24159800e-13
3.89000000e+01	3.27059228e+01	5.93262360e+05	2.30908060e+04	1.00000000e-09	1.00000000e-09	1.00000000e-10	1.00000000e-10	0.00000000e+00	4.81891834e-13
3.90000000e+01	3.27899998e+01	5.94701093e+05	2.31468040e+04	2.81099078e+04	1.00000000e-09	2.81099078e+03	1.00000000e-10	2.71219379e+09	4.43032333e-13
3.91000000e+01	3.28740767e+01	5.95872408e+05	2.31923936e+04	5.51802999e+04	1.00000000e-09	5.51802999e+03	1.00000000e-10	5.32408956e+09	4.07306443e-13
3.92000000e+01	3.29581536e+01	5.96732230e+05	2.32258594e+04	2.40944468e+04	1.00000000e-09	2.40944468e+03	1.00000000e-10	2.32476070e+09	3.74461468e-13
3.93000000e+01	3.30422305e+01	5.97592053e+05	2.32593252e+04	1.68169288e+04	1.00000000e-09	1.68169288e+03	1.00000000e-10	1.62258696e+09	3.44265096e-13
3.94000000e+01	3.31263075e+01	5.98451876e+05	2.32927910e+04	2.61566454e+04	1.00000000e-09	2.61566454e+03	1.00000000e-10	2.52373262e+09	3.16503742e-13
3.95000000e+01	3.32103844e+01	5.99283540e+05	2.33251608e+04	5.38399821e+04	1.00000000e-09	5.38399821e+03	1.00000000e-10	5.19476855e+09	2.90981049e-13
3.96000000e+01	3.32944613e+01	5.99737727e+05	2.33428386e+04	2.15250696e+04	1.00000000e-09	2.15250696e+03	1.00000000e-10	2.07685349e+09	2.67516493e-13
3.97000000e+01	3.33785382e+01	6.00087274e+05	2.33564436e+04	3.55944715e+03	1.00000000e-09	3.55944715e+02	1.00000000e-10	3.43434440e+08	2.45944106e-13
3.98000000e+01	3.34626152e+01	6.00436821e+05	2.33700485e+04	4.63774272e+03	1.00000000e-09	4.63774272e+02	1.00000000e-10	4.47474147e+08	2.26111304e-13
3.99000000e+01	3.35466921e+01	6.00786368e+05	2.33836535e+04	3.05291030e+04	3.40209155e-09	3.05291030e+03	3.40209155e-10	2.94561064e+09	2.07877809e-13
4.00000000e+01	3.36307690e+01	6.00874747e+05	2.33870934e+04	3.30058748e+04	2.61991025e-06	3.30058748e+03	2.61991025e-07	3.18458279e+09	1.91114654e-13
4.01000000e+01	3.37148459e+01	6.00646253e+05	2.33782000e+04	3.42185850e-01	3.04908795e-05	3.42185850e-02	3.04908795e-06	3.30129735e+04	1.75703270e-13
4.02000000e+01	3.37989228e+01	6.00417759e+05	2.33693066e+04	1.80042481e-02	3.40178869e-04	1.80042481e-03	3.40178869e-05	1.70432359e+03	1.61534652e-13
4.03000000e+01	3.38829998e+01	6.00189265e+05	2.33604132e+04	1.73627625e+03	3.79414077e-03	1.73627625e+02	3.79414077e-04	1.67524825e+08	1.48508584e-13
4.04000000e+01	3.39670767e+01	5.99942086e+05	2.33507926e+04	3.09134829e+04	3.91211660e-02	3.09134829e+03	3.91211660e-03	2.98269389e+09	1.36532931e-13
4.05000000e+01	3.40511536e+01	5.99319106e+05	2.33265451e+04	8.20236066e+03	1.59836726e-01	8.20236066e+02	1.59836726e-02	7.91392070e+08	1.25522989e-13
4.06000000e+01	3.41352305e+01	5.98582216e+05	2.32978641e+04	1.15862678e-09	5.24217212e-01	1.15862678e-10	5.24217212e-02	-5.05792717e+04	1.15400882e-13
4.07000000e+01	3.42193075e+01	5.97845327e+05	2.32691831e+04	1.69697121e-09	1.66791297e+00	1.69697121e-10	1.66791297e-01	-1.60929137e+05	1.06095016e-13
4.08000000e+01	3.43033844e+01	5.97108438e+05	2.32405021e+04	1.66429601e+04	5.29117259e+00	1.66429601e+03	5.29117259e-01	1.60529101e+09	9.75395708e-14
4.09000000e+01	3.43874613e+01	5.96118857e+05	2.32019858e+04	1.86861147e+04	1.24955103e+01	1.86861147e+03	1.24955103e+00	1.80173035e+09	8.96740319e-14
4.10000000e+01	3.44715382e+01	5.94807630e+05	2.31509506e+04	1.00000000e-09	2.04908498e+01	1.00000000e-10	2.04908498e+00	-1.97706645e+06	8.24427658e-14
4.11000000e+01	3.45556151e+01	5.93496404e+05	2.30999154e+04	1.00000000e-09	2.76548977e+01	1.00000000e-10	2.76548977e+00	-2.66829199e+06	7.57946252e-14
4.12000000e+01	3.46396921e+01	5.92185177e+05	2.30488802e+04	3.85674935e+02	3.36970164e+01	3.85674935e+01	3.36970164e+00	3.39607064e+07	6.96825871e-14
4.13000000e+01	3.47237690e+01	5.90866864e+05	2.29975691e+04	1.89108508e+04	3.81658095e+01	1.89108508e+03	3.81658095e+00	1.82093728e+09	6.40634205e-14
4.14000000e+01	3.48078459e+01	5.89175668e+05	2.29317448e+04	5.81669625e+03	3.17139866e+01	5.81669625e+02	3.17139866e+00	5.58165935e+08	5.88973804e-14
4.15000000e+01	3.48919228e+01	5.87359543e+05	2.28610581e+04	1.00000000e-09	9.32509098e+00	1.00000000e-10	9.32509098e-01	-8.99734500e+05	5.41479271e-14
4.16000000e+01	3.49759998e+01	5.85543419e+05	2.27903713e+04	1.00000000e-09	1.00000000e-09	1.00000000e-10	1.00000000e-10	0.00000000e+00	4.97814672e-14
4.17000000e+01	3.50600767e+01	5.83727294e+05	2.27196846e+04	1.06477759e+04	1.00000000e-09	1.06477759e+03	1.00000000e-10	1.02735420e+09	4.57671163e-14
4.18000000e+01	3.51441536e+01	5.81668654e+05	2.26395588e+04	1.32198058e+04	1.00000000e-09	1.32198058e+03	1.00000000e-10	1.27551736e+09	4.20764804e-14
4.19000000e+01	3.52282305e+01	5.79282273e+05	2.25466766e+04	1.00000000e-09	5.02635197e-01	1.00000000e-10	5.02635197e-02	-4.84969239e+04	3.86834555e-14
4.20000000e+01	3.53123074e+01	5.76895891e+05	2.24537945e+04	1.00000000e-09	2.85412614e+01	1.00000000e-10	2.85412614e+00	-2.75381308e+06	3.55640423e-14
4.21000000e+01	3.53963844e+01	5.74509510e+05	2.23609123e+04	1.00000000e-09	3.02258368e+01	1.00000000e-10	3.02258368e+00	-2.91634990e+06	3.26961769e-14
4.22000000e+01	3.54804613e+01	5.72123128e+05	2.22680302e+04	1.36021738e+04	4.00088053e+00	1.36021738e+03	4.00088053e-01	1.31202423e+09	3.00595747e-14
4.23000000e+01	3.55645382e+01	5.69365941e+05	2.21607157e+04	4.73938355e+03	1.00000000e-09	4.73938355e+02	1.00000000e-10	4.57280996e+08	2.76355866e-14
4.24000000e+01	3.56486151e+01	5.66471037e+05	2.20480410e+04	1.00000000e-09	1.00000000e-09	1.00000000e-10	1.00000000e-10	0.00000000e+00	2.54070677e-14
4.25000000e+01	3.57326921e+01	5.63576134e+05	2.19353663e+04	1.00000000e-09	1.38111409e+00	1.00000000e-10	1.38111409e-01	-1.33257252e+05	2.33582553e-14
4.26000000e+01	3.58167690e+01	5.60681230e+05	2.18226916e+04	7.66822818e+03	2.49455458e+01	7.66822818e+02	2.49455458e+00	7.37464664e+08	2.14746581e-14
4.27000000e+01	3.59008459e+01	5.57553458e+05	2.17009532e+04	1.03553497e+04	1.92128306e+01	1.03553497e+03	1.92128306e+00	9.97285601e+08	1.97429531e-14
4.28000000e+01	3.59849228e+01	5.54090422e+05	2.15661658e+04	1.00000000e-09	1.00000000e-09	1.00000000e-10	1.00000000e-10	0.00000000e+00	1.81508919e-14
4.29000000e+01	3.60689997e+01	5.50627386e+05	2.14313784e+04	1.00000000e-09	1.00000000e-09	1.00000000e-10	1.00000000e-10	0.00000000e+00	1.66872137e-14
4.30000000e+01	3.61530767e+01	5.47164351e+05	2.12965911e+04	1.00000000e-09	1.00000000e-09	1.00000000e-10	1.00000000e-10	0.00000000e+00	1.53415657e-14
4.31000000e+01	3.62371536e+01	5.43701315e+05	2.11618037e+04	1.06060594e+04	1.75383148e+01	1.06060594e+03	1.75383148e+00	1.02163697e+09	1.41044300e-14
4.32000000e+01	3.63212305e+01	5.39868467e+05	2.10126225e+04	4.08926300e+03	2.12734531e+01	4.08926300e+02	2.12734531e+00	3.92501322e+08	1.29670563e-14
4.33000000e+01	3.64053074e+01	5.35885521e+05	2.08575993e+04	1.00000000e-09	1.00000000e-09	1.00000000e-10	1.00000000e-10	0.00000000e+00	1.19213998e-14
4.34000000e+01	3.64893844e+01	5.31902574e+05	2.07025761e+04	1.00000000e-09	1.00000000e-09	1.00000000e-10	1.00000000e-10	0.00000000e+00	1.09600645e-14
4.35000000e+01	3.65734613e+01	5.27919627e+05	2.05475529e+04	5.89598837e+03	1.00000000e-09	5.89598837e+02	1.00000000e-10	5.68876396e+08	1.00762507e-14
4.36000000e+01	3.66575382e+01	5.23712465e+05	2.03838027e+04	8.54591947e+03	1.48107538e+01	8.54591947e+02	1.48107538e+00	8.23126858e+08	9.26370726e-15
4.37000000e+01	3.67416151e+01	5.19163207e+05	2.02067377e+04	1.00000000e-09	1.93519648e+01	1.00000000e-10	1.93519648e+00	-1.86718075e+06	8.51668685e-15
4.38000000e+01	3.68256921e+01	5.14613949e+05	2.00296726e+04	1.00000000e-09	1.00000000e-09	1.00000000e-10	1.00000000e-10	0.00000000e+00	7.82990577e-15
4.39000000e+01	3.69097690e+01	5.10064691e+05	1.98526076e+04	1.00000000e-09	1.00000000e-09	1.00000000e-10	1.00000000e-10	0.00000000e+00	7.19850635e-15
4.40000000e+01	3.69938459e+01	5.05515434e+05	1.96755426e+04	8.64771556e+03	1.00000000e-09	8.64771556e+02	1.00000000e-10	8.34377707e+08	6.61802264e-15
4.41000000e+01	3.70779228e+01	5.00598306e+05	1.94841594e+04	3.61704765e+03	1.56028116e+01	3.61704765e+02	1.56028116e+00	3.47486601e+08	6.08434883e-15
4.42000000e+01	3.71619997e+01	4.95520554e+05	1.92865244e+04	1.00000000e-09	1.59185215e+01	1.00000000e-10	1.59185215e+00	-1.53590383e+06	5.59371018e-15
4.43000000e+01	3.72460767e+01	4.90442803e+05	1.90888895e+04	1.00000000e-09	1.00000000e-09	1.00000000e-10	1.00000000e-10	0.00000000e+00	5.14263638e-15
4.44000000e+01	3.73301536e+01	4.85365051e+05	1.88912545e+04	4.69340824e+03	1.00000000e-09	4.69340824e+02	1.00000000e-10	4.52845053e+08	4.72793693e-15
4.45000000e+01	3.74142305e+01	4.80072651e+05	1.86852651e+04	7.26118103e+03	1.00000000e-09	7.26118103e+02	1.00000000e-10	7.00597463e+08	4.34667862e-15
4.46000000e+01	3.74983074e+01	4.74433769e+05	1.84657899e+04	1.00000000e-09	1.74589488e+01	1.00000000e-10	1.74589488e+00	-1.68453248e+06	3.99616478e-15
4.47000000e+01	3.75823844e+01	4.68794886e+05	1.82463148e+04	1.00000000e-09	1.02946684e+01	1.00000000e-10	1.02946684e+00	-9.93284497e+05	3.67391618e-15
4.48000000e+01	3.76664613e+01	4.63156004e+05	1.80268396e+04	1.00000000e-09	1.00000000e-09	1.00000000e-10	1.00000000e-10	0.00000000e+00	3.37765354e-15
4.49000000e+01	3.77505382e+01	4.57517121e+05	1.78073645e+04	7.22927728e+03	1.00000000e-09	7.22927728e+02	1.00000000e-10	6.97519220e+08	3.10528136e-15
4.50000000e+01	3.78346151e+01	4.51515147e+05	1.75737572e+04	3.29640957e+03	5.09874294e+00	3.29640957e+02	5.09874294e-01	3.17563218e+08	2.85487313e-15
4.51000000e+01	3.79186920e+01	4.45341379e+05	1.73334633e+04	1.00000000e-09	1.77858767e+01	1.00000000e-10	1.77858767e+00	-1.71607622e+06	2.62465769e-15
4.52000000e+01	3.80027690e+01	4.39167610e+05	1.70931695e+04	1.00000000e-09	2.30297662e+00	1.00000000e-10	2.30297662e-01	-2.22203464e+05	2.41300669e-15
4.53000000e+01	3.80868459e+01	4.32993841e+05	1.68528757e+04	3.78364542e+03	1.00000000e-09	3.78364542e+02	1.00000000e-10	3.65066285e+08	2.21842312e-15
4.54000000e+01	3.81709228e+01	4.26617884e+05	1.66047123e+04	6.33202942e+03	1.00000000e-09	6.33202942e+02	1.00000000e-10	6.10947962e+08	2.03953067e-15
4.55000000e+01	3.82549997e+01	4.19891184e+05	1.63428974e+04	1.00000000e-09	1.25084105e+01	1.00000000e-10	1.25084105e+00	-1.20687814e+06	1.87506400e-15
4.56000000e+01	3.83390767e+01	4.13164484e+05	1.60810825e+04	1.00000000e-09	1.37883302e+01	1.00000000e-10	1.37883302e+00	-1.33037162e+06	1.72385984e-15
4.57000000e+01	3.84231536e+01	4.06437784e+05	1.58192676e+04	1.00000000e-09	1.00000000e-09	1.00000000e-10	1.00000000e-10	0.00000000e+00	1.58484870e-15
4.58000000e+01	3.85072305e+01	3.99711084e+05	1.55574527e+04	6.17508873e+03	1.00000000e-09	6.17508873e+02	1.00000000e-10	5.95805487e+08	1.45704735e-15
4.59000000e+01	3.85913074e+01	3.92626877e+05	1.52817230e+04	3.08938464e+03	8.72650733e-01	3.08938464e+02	8.72650733e-02	2.97996105e+08	1.33955183e-15
4.60000000e+01	3.86753843e+01	3.85357888e+05	1.49988012e+04	1.00000000e-09	1.64420151e+01	1.00000000e-10	1.64420151e+00	-1.58641329e+06	1.23153109e-15
4.61000000e+01	3.87594613e+01	3.78088899e+05	1.47158795e+04	1.00000000e-09	4.93885578e+00	1.00000000e-10	4.93885578e-01	-4.76527140e+05	1.13222108e-15
4.62000000e+01	3.88435382e+01	3.70819909e+05	1.44329578e+04	3.08407321e+03	1.00000000e-09	3.08407321e+02	1.00000000e-10	2.97567828e+08	1.04091937e-15
4.63000000e+01	3.89276151e+01	3.63362387e+05	1.41426980e+04	5.65148205e+03	1.00000000e-09	5.65148205e+02	1.00000000e-10	5.45285122e+08	9.56980191e-16
4.64000000e+01	3.90116920e+01	3.55548498e+05	1.38385678e+04	1.00000000e-09	1.07784216e+01	1.00000000e-10	1.07784216e+00	-1.03995959e+06	8.79809819e-16
4.65000000e+01	3.90957690e+01	3.47734609e+05	1.35344376e+04	1.00000000e-09	1.34211849e+01	1.00000000e-10	1.34211849e+00	-1.29494748e+06	8.08862425e-16
4.66000000e+01	3.91798459e+01	3.39920720e+05	1.32303074e+04	1.00000000e-09	1.00000000e-09	1.00000000e-10	1.00000000e-10	0.00000000e+00	7.43636191e-16
4.67000000e+01	3.92639228e+01	3.32106830e+05	1.29261772e+04	5.38222382e+03	1.00000000e-09	5.38222382e+02	1.00000000e-10	5.19305653e+08	6.83669765e-16
4.68000000e+01	3.93479997e+01	3.23940061e+05	1.26083123e+04	2.95002029e+03	1.20965353e+00	2.95002029e+02	1.20965353e-01	2.84516973e+08	6.28539001e-16
4.69000000e+01	3.94320766e+01	3.15574120e+05	1.22826953e+04	1.00000000e-09	1.55163293e+01	1.00000000e-10	1.55163293e+00	-1.49709819e+06	5.77853951e-16
4.70000000e+01	3.95161536e+01	3.07208180e+05	1.19570783e+04	1.00000000e-09	3.55555501e+00	1.00000000e-10	3.55555501e-01	-3.43058906e+05	5.31256117e-16
4.71000000e+01	3.96002305e+01	2.98842239e+05	1.16314613e+04	2.55227203e+03	1.00000000e-09	2.55227203e+02	1.00000000e-10	2.46256815e+08	4.88415907e-16
4.72000000e+01	3.96843074e+01	2.90300599e+05	1.12990058e+04	5.13025060e+03	1.00000000e-09	5.13025060e+02	1.00000000e-10	4.94993933e+08	4.49030309e-16
4.73000000e+01	3.97683843e+01	2.81396026e+05	1.09524242e+04	1.00000000e-09	1.15798157e+01	1.00000000e-10	1.15798157e+00	-1.11728236e+06	4.12820745e-16
4.74000000e+01	3.98524613e+01	2.72491452e+05	1.06058427e+04	1.00000000e-09	1.11623117e+01	1.00000000e-10	1.11623117e+00	-1.07699935e+06	3.79531100e-16
4.75000000e+01	3.99365382e+01	2.63586878e+05	1.02592611e+04	1.00000000e-09	1.00000000e-09	1.00000000e-10	1.00000000e-10	0.00000000e+00	3.48925915e-16
4.76000000e+01	4.00206151e+01	2.54682304e+05	9.91267957e+03	4.76177712e+03	1.00000000e-09	4.76177712e+02	1.00000000e-10	4.59441647e+08	3.20788716e-16
4.77000000e+01	4.01046920e+01	2.45428884e+05	9.55252030e+03	2.82181176e+03	4.27505380e+00	2.82181176e+02	4.27505380e-01	2.71850965e+08	2.94920485e-16
4.78000000e+01	4.01887690e+01	2.35963141e+05	9.18409709e+03	1.00000000e-09	1.44300787e+01	1.00000000e-10	1.44300787e+00	-1.39229093e+06	2.71138254e-16
4.79000000e+01	4.02728459e+01	2.26497399e+05	8.81567388e+03	1.00000000e-09	1.00000000e-09	1.00000000e-10	1.00000000e-10	0.00000000e+00	2.49273810e-16
4.80000000e+01	4.03569228e+01	2.17031656e+05	8.44725067e+03	2.13506620e+03	1.00000000e-09	2.13506620e+02	1.00000000e-10	2.06002571e+08	2.29172503e-16
4.81000000e+01	4.04409997e+01	2.07402429e+05	8.07246434e+03	4.68925559e+03	1.00000000e-09	4.68925559e+02	1.00000000e-10	4.52444383e+08	2.10692155e-16
4.82000000e+01	4.05250766e+01	1.97405331e+05	7.68335987e+03	1.00000000e-09	1.30871239e+01	1.00000000e-10	1.30871239e+00	-1.26271550e+06	1.93702052e-16
4.83000000e+01	4.06091536e+01	1.87408234e+05	7.29425540e+03	1.00000000e-09	6.88730522e+00	1.00000000e-10	6.88730522e-01	-6.64523931e+05	1.78082022e-16
4.84000000e+01	4.06932305e+01	1.77411137e+05	6.90515094e+03	1.00000000e-09	1.00000000e-09	1.00000000e-10	1.00000000e-10	0.00000000e+00	1.63721583e-16
4.85000000e+01	4.07773074e+01	1.67414040e+05	6.51604647e+03	4.23598932e+03	1.00000000e-09	4.23598932e+02	1.00000000e-10	4.08710836e+08	1.50519162e-16
4.86000000e+01	4.08613843e+01	1.57073989e+05	6.11359365e+03	2.69892213e+03	8.50769991e+00	2.69892213e+02	8.50769991e-01	2.59585530e+08	1.38381377e-16
4.87000000e+01	4.09454613e+01	1.46510020e+05	5.70242558e+03	1.00000000e-09	1.16573190e+01	1.00000000e-10	1.16573190e+00	-1.12476030e+06	1.27222377e-16
4.88000000e+01	4.10295382e+01	1.35946052e+05	5.29125750e+03	1.00000000e-09	1.00000000e-09	1.00000000e-10	1.00000000e-10	0.00000000e+00	1.16963232e-16
4.89000000e+01	4.11136151e+01	1.25382084e+05	4.88008943e+03	1.77499588e+03	1.00000000e-09	1.77499588e+02	1.00000000e-10	1.71261067e+08	1.07531379e-16
4.90000000e+01	4.11976920e+01	1.14668509e+05	4.46309840e+03	4.30202507e+03	2.46688635e+00	4.30202507e+02	2.46688635e-01	4.14844299e+08	9.88601065e-17
4.91000000e+01	4.12817689e+01	1.03584426e+05	4.03168657e+03	1.00000000e-09	1.31729637e+01	1.00000000e-10	1.31729637e+00	-1.27099777e+06	9.08880802e-17
4.92000000e+01	4.13658459e+01	9.25003436e+04	3.60027474e+03	1.00000000e-09	5.86568084e-01	1.00000000e-10	5.86568084e-02	-5.65952163e+04	8.35589140e-17
4.93000000e+01	4.14499228e+01	8.14162610e+04	3.16886291e+03	1.00000000e-09	1.00000000e-09	1.00000000e-10	1.00000000e-10	0.00000000e+00	7.68207678e-17
4.94000000e+01	4.15339997e+01	7.03321784e+04	2.73745108e+03	3.77319045e+03	1.00000000e-09	3.77319045e+02	1.00000000e-10	3.64057534e+08	7.06259821e-17
4.95000000e+01	4.16180766e+01	5.89137333e+04	2.29302527e+03	2.60837659e+03	1.18432928e+01	2.60837659e+02	1.18432928e+00	2.50527377e+08	6.49307406e-17
4.96000000e+01	4.17021536e+01	4.72588839e+04	1.83939821e+03	1.00000000e-09	6.14611162e+00	1.00000000e-10	6.14611162e-01	-5.93009621e+05	5.96947603e-17
4.97000000e+01	4.17862305e+01	3.56040346e+04	1.38577114e+03	1.00000000e-09	1.00000000e-09	1.00000000e-10	1.00000000e-10	0.00000000e+00	5.48810067e-17
4.98000000e+01	4.18703074e+01	2.39491853e+04	9.32144072e+02	1.44800404e+03	1.00000000e-09	1.44800404e+02	1.00000000e-10	1.39711151e+08	5.04554316e-17
4.99000000e+01	4.19543843e+01	1.21612083e+04	4.73335442e+02	3.98204664e+03	8.52643872e+00	3.98204664e+02	8.52643872e-01	3.83386416e+08	4.63867326e-17
5.00000000e+01	4.20384612e+01	0.00000000e+00	0.00000000e+00	1.00000000e+01	1.00000000e+01	1.00000000e+00	1.00000000e+00	0.00000000e+00	4.26461312e-17
