# 1D PNP Solver Results
# Debye length: 1.18939 nm
# Surface potential: 100 mV
# Bulk concentration: 10 mol/m^3
# Thermal voltage: 25.6926 mV
# Grid: non-uniform with stretching factor 1
#
# Columns:
# 1: x [nm]
# 2: x/lambda_D [-]
# 3: phi [mV]
# 4: phi_normalized = e*phi/(kB*T) [-]
# 5: c+ [mol/m^3]
# 6: c- [mol/m^3]
# 7: c+/c0 [-]
# 8: c-/c0 [-]
# 9: rho [C/m^3]
# 10: phi_GC [mV] (Gouy-Chapman analytical)
0.00000000e+00	0.00000000e+00	1.00000000e+02	3.89217445e+00	5.30257538e+01	2.78106546e+05	5.30257538e+00	2.78106546e+04	-2.68280862e+10	1.00000000e+02
1.00000000e-01	8.40769225e-02	-1.62961402e+05	-6.34274205e+03	2.52495288e+00	1.55438023e+03	2.52495288e-01	1.55438023e+02	-1.49731272e+08	8.70576373e+01
2.00000000e-01	1.68153845e-01	-3.25915125e+05	-1.26851852e+04	1.00000000e-09	1.00000000e-09	1.00000000e-10	1.00000000e-10	0.00000000e+00	7.68715638e+01
3.00000000e-01	2.52230767e-01	-4.88868847e+05	-1.90276284e+04	1.00000000e-09	1.00000000e-09	1.00000000e-10	1.00000000e-10	0.00000000e+00	6.85207345e+01
4.00000000e-01	3.36307690e-01	-6.51822570e+05	-2.53700715e+04	8.29943198e+00	2.78364130e+05	8.29943198e-01	2.78364130e+04	-2.68572548e+10	6.14862309e+01
5.00000000e-01	4.20384612e-01	-8.13182495e+05	-3.16504813e+04	2.07500470e+01	7.62437151e+03	2.07500470e+00	7.62437151e+02	-7.33637942e+08	5.54461690e+01
6.00000000e-01	5.04461535e-01	-9.74240012e+05	-3.79191208e+04	1.00000000e-09	1.00000000e-09	1.00000000e-10	1.00000000e-10	0.00000000e+00	5.01866549e+01
7.00000000e-01	5.88538457e-01	-1.13529753e+06	-4.41877603e+04	1.00000000e-09	1.00000000e-09	1.00000000e-10	1.00000000e-10	0.00000000e+00	4.55579535e+01
8.00000000e-01	6.72615380e-01	-1.29635505e+06	-5.04563999e+04	1.00000000e-09	2.79145565e+05	1.00000000e-10	2.79145565e+04	-2.69334526e+10	4.14508515e+01
9.00000000e-01	7.56692302e-01	-1.45588938e+06	-5.66657543e+04	3.89980943e+01	1.39900845e+04	3.89980943e+00	1.39900845e+03	-1.34607520e+09	3.77829914e+01
1.00000000e+00	8.40769225e-01	-1.61493905e+06	-6.28562453e+04	2.08047084e+01	1.00000000e-09	2.08047084e+00	1.00000000e-10	2.00734920e+06	3.44905241e+01
1.10000000e+00	9.24846147e-01	-1.77401231e+06	-6.90476540e+04	1.00000000e-09	1.00000000e-09	1.00000000e-10	1.00000000e-10	0.00000000e+00	3.15227780e+01
1.20000000e+00	1.00892307e+00	-1.93308557e+06	-7.52390628e+04	1.00000000e-09	2.80411899e+05	1.00000000e-10	2.80411899e+04	-2.70556352e+10	2.88387272e+01
1.30000000e+00	1.09299999e+00	-2.09076053e+06	-8.13760471e+04	4.15368262e+01	2.07462722e+04	4.15368262e+00	2.07462722e+03	-1.99770327e+09	2.64045776e+01
1.40000000e+00	1.17707691e+00	-2.24778612e+06	-8.74877571e+04	6.41392826e+01	1.00000000e-09	6.41392826e+00	1.00000000e-10	6.18849999e+06	2.41920729e+01
1.50000000e+00	1.26115384e+00	-2.40488351e+06	-9.36022614e+04	1.00000000e-09	1.00000000e-09	1.00000000e-10	1.00000000e-10	0.00000000e+00	2.21772778e+01
1.60000000e+00	1.34523076e+00	-2.56198089e+06	-9.97167657e+04	1.00000000e-09	2.82071300e+05	1.00000000e-10	2.82071300e+04	-2.72157431e+10	2.03396868e+01
1.70000000e+00	1.42930768e+00	-2.71781462e+06	-1.05782086e+05	1.00000000e-09	2.79186310e+04	1.00000000e-10	2.79186310e+03	-2.69373838e+09	1.86615585e+01
1.80000000e+00	1.51338460e+00	-2.87284549e+06	-1.11816158e+05	9.57023505e+01	1.00000000e-09	9.57023505e+00	1.00000000e-10	9.23387307e+06	1.71274116e+01
1.90000000e+00	1.59746153e+00	-3.02798214e+06	-1.17854347e+05	1.09250399e+02	1.00000000e-09	1.09250399e+01	1.00000000e-10	1.05410611e+07	1.57236358e+01
2.00000000e+00	1.68153845e+00	-3.18323964e+06	-1.23897240e+05	6.02050781e+01	2.83773440e+05	6.02050781e+00	2.83773440e+04	-2.73741657e+10	1.44381886e+01
2.10000000e+00	1.76561537e+00	-3.33749546e+06	-1.29901145e+05	4.12732442e+01	3.55910460e+04	4.12732442e+00	3.55910460e+03	-3.43003163e+09	1.32603556e+01
2.20000000e+00	1.84969229e+00	-3.49098860e+06	-1.35875366e+05	4.02210670e+01	1.00000000e-09	4.02210670e+00	1.00000000e-10	3.88074301e+06	1.21805577e+01
2.30000000e+00	1.93376922e+00	-3.64452575e+06	-1.41851300e+05	9.27347028e+00	1.00000000e-09	9.27347028e-01	1.00000000e-10	8.94753860e+05	1.11901960e+01
2.40000000e+00	2.01784614e+00	-3.79807305e+06	-1.47827629e+05	1.00000000e-09	2.85382588e+05	1.00000000e-10	2.85382588e+04	-2.75352337e+10	1.02815237e+01
2.50000000e+00	2.10192306e+00	-3.95076292e+06	-1.53770585e+05	1.00000000e-09	4.38079272e+04	1.00000000e-10	4.38079272e+03	-4.22682241e+09	9.44754093e+00
2.60000000e+00	2.18599998e+00	-4.10268302e+06	-1.59683580e+05	1.32318980e+01	1.00000000e-09	1.32318980e+00	1.00000000e-10	1.27668408e+06	8.68190590e+00
2.70000000e+00	2.27007691e+00	-4.25461746e+06	-1.65597134e+05	5.90710861e+00	1.00000000e-09	5.90710861e-01	1.00000000e-10	5.69949336e+05	7.97886054e+00
2.80000000e+00	2.35415383e+00	-4.40655829e+06	-1.71510936e+05	1.00000000e-09	2.86686262e+05	1.00000000e-10	2.86686262e+04	-2.76610192e+10	7.33316685e+00
2.90000000e+00	2.43823075e+00	-4.55754387e+06	-1.77387558e+05	1.00000000e-09	5.20621576e+04	1.00000000e-10	5.20621576e+03	-5.02323457e+09	6.74005227e+00
3.00000000e+00	2.52230767e+00	-4.70767073e+06	-1.83230757e+05	7.52436361e+00	1.00000000e-09	7.52436361e-01	1.00000000e-10	7.25990722e+05	6.19516235e+00
3.10000000e+00	2.60638460e+00	-4.85780565e+06	-1.89074270e+05	4.59023271e+00	1.00000000e-09	4.59023271e-01	1.00000000e-10	4.42890127e+05	5.69451955e+00
3.20000000e+00	2.69046152e+00	-5.00794548e+06	-1.94917974e+05	1.00000000e-09	2.88068470e+05	1.00000000e-10	2.88068470e+04	-2.77943820e+10	5.23448697e+00
3.30000000e+00	2.77453844e+00	-5.15712818e+06	-2.00724425e+05	1.00000000e-09	6.05176388e+04	1.00000000e-10	6.05176388e+03	-5.83906448e+09	4.81173646e+00
3.40000000e+00	2.85861536e+00	-5.30526490e+06	-2.06490165e+05	5.07434788e+00	1.00000000e-09	5.07434788e-01	1.00000000e-10	4.89600140e+05	4.42322017e+00
3.50000000e+00	2.94269229e+00	-5.45340697e+06	-2.12256113e+05	3.90471640e+00	1.00000000e-09	3.90471640e-01	1.00000000e-10	3.76747858e+05	4.06614534e+00
3.60000000e+00	3.02676921e+00	-5.60155317e+06	-2.18022221e+05	1.00000000e-09	2.89905487e+05	1.00000000e-10	2.89905487e+04	-2.79716272e+10	3.73795159e+00
3.70000000e+00	3.11084613e+00	-5.74886197e+06	-2.23755737e+05	1.00000000e-09	6.93838823e+04	1.00000000e-10	6.93838823e+03	-6.69452692e+09	3.43629058e+00
3.80000000e+00	3.19492305e+00	-5.89493738e+06	-2.29441246e+05	3.69868123e+00	1.00000000e-09	3.69868123e-01	1.00000000e-10	3.56868487e+05	3.15900770e+00
3.90000000e+00	3.27899998e+00	-6.04101663e+06	-2.35126906e+05	3.50477227e+00	1.00000000e-09	3.50477227e-01	1.00000000e-10	3.38159116e+05	2.90412542e+00
4.00000000e+00	3.36307690e+00	-6.18709954e+06	-2.40812708e+05	1.00000000e-09	2.92203480e+05	1.00000000e-10	2.92203480e+04	-2.81933498e+10	2.66982829e+00
4.10000000e+00	3.44715382e+00	-6.33251228e+06	-2.46472425e+05	1.00000000e-09	7.87470199e+04	1.00000000e-10	7.87470199e+03	-7.59793237e+09	2.45444929e+00
4.20000000e+00	3.53123074e+00	-6.47653910e+06	-2.52078200e+05	2.79774789e+00	1.00000000e-09	2.79774789e-01	1.00000000e-10	2.69941634e+05	2.25645740e+00
4.30000000e+00	3.61530767e+00	-6.62056879e+06	-2.57684087e+05	3.24551368e+00	1.00000000e-09	3.24551368e-01	1.00000000e-10	3.13144466e+05	2.07444628e+00
4.40000000e+00	3.69938459e+00	-6.76460182e+06	-2.63290104e+05	1.00000000e-09	2.94827191e+05	1.00000000e-10	2.94827191e+04	-2.84464994e+10	1.90712395e+00
4.50000000e+00	3.78346151e+00	-6.90816054e+06	-2.68877660e+05	1.00000000e-09	8.86509146e+04	1.00000000e-10	8.86509146e+03	-8.55351294e+09	1.75330334e+00
4.60000000e+00	3.86753843e+00	-7.05022626e+06	-2.74407105e+05	2.13106756e+00	1.00000000e-09	2.13106756e-01	1.00000000e-10	2.05616761e+05	1.61189369e+00
4.70000000e+00	3.95161536e+00	-7.19229414e+06	-2.79936635e+05	3.05357110e+00	1.00000000e-09	3.05357110e-01	1.00000000e-10	2.94624822e+05	1.48189263e+00
4.80000000e+00	4.03569228e+00	-7.33436512e+06	-2.85466285e+05	1.00000000e-09	2.97588152e+05	1.00000000e-10	2.97588152e+04	-2.87128916e+10	1.36237899e+00
4.90000000e+00	4.11976920e+00	-7.47617759e+06	-2.90985874e+05	1.00000000e-09	9.91094703e+04	1.00000000e-10	9.91094703e+03	-9.56261016e+09	1.25250612e+00
5.00000000e+00	4.20384612e+00	-7.61643817e+06	-2.96445061e+05	1.59678183e+00	1.00000000e-09	1.59678183e-01	1.00000000e-10	1.54066025e+05	1.15149587e+00
5.10000000e+00	4.28792305e+00	-7.75670035e+06	-3.01904309e+05	2.89409271e+00	1.00000000e-09	2.89409271e-01	1.00000000e-10	2.79237496e+05	1.05863300e+00
5.20000000e+00	4.37199997e+00	-7.89696543e+06	-3.07363671e+05	1.00000000e-09	3.00272716e+05	1.00000000e-10	3.00272716e+04	-2.89719127e+10	9.73260072e-01
5.30000000e+00	4.45607689e+00	-8.03719917e+06	-3.12821813e+05	1.00000000e-09	1.10105357e+05	1.00000000e-10	1.10105357e+04	-1.06235519e+10	8.94772759e-01
5.40000000e+00	4.54015381e+00	-8.17587123e+06	-3.18219171e+05	1.15017427e+00	1.00000000e-09	1.15017427e-01	1.00000000e-10	1.10974946e+05	8.22615544e-01
5.50000000e+00	4.62423074e+00	-8.31448416e+06	-3.23614228e+05	2.76476123e+00	1.00000000e-09	2.76476123e-01	1.00000000e-10	2.66758906e+05	7.56277766e-01
5.60000000e+00	4.70830766e+00	-8.45309983e+06	-3.29009392e+05	1.00000000e-09	3.02645858e+05	1.00000000e-10	3.02645858e+04	-2.92008862e+10	6.95289988e-01
5.70000000e+00	4.79238458e+00	-8.59171551e+06	-3.34404556e+05	1.00000000e-09	1.21534521e+05	1.00000000e-10	1.21534521e+04	-1.17262986e+10	6.39220665e-01
5.80000000e+00	4.87646150e+00	-8.72879212e+06	-3.39739817e+05	7.66177321e-01	1.00000000e-09	7.66177321e-02	1.00000000e-10	7.39248732e+04	5.87673079e-01
5.90000000e+00	4.96053843e+00	-8.86557675e+06	-3.45063713e+05	2.66354305e+00	1.00000000e-09	2.66354305e-01	1.00000000e-10	2.56992836e+05	5.40282524e-01
6.00000000e+00	5.04461535e+00	-9.00236397e+06	-3.50387710e+05	1.00000000e-09	3.04529430e+05	1.00000000e-10	3.04529430e+04	-2.93826232e+10	4.96713722e-01
6.10000000e+00	5.12869227e+00	-9.13915120e+06	-3.55711708e+05	1.00000000e-09	1.33884769e+05	1.00000000e-10	1.33884769e+04	-1.29179164e+10	4.56658442e-01
6.20000000e+00	5.21276919e+00	-9.27445335e+06	-3.60977904e+05	4.22166469e-01	1.00000000e-09	4.22166469e-02	1.00000000e-10	4.07328719e+04	4.19833321e-01
6.30000000e+00	5.29684612e+00	-9.40923239e+06	-3.66223739e+05	2.57605737e+00	1.00000000e-09	2.57605737e-01	1.00000000e-10	2.48551751e+05	3.85977854e-01
6.40000000e+00	5.38092304e+00	-9.54401391e+06	-3.71469671e+05	1.00000000e-09	3.05734234e+05	1.00000000e-10	3.05734234e+04	-2.94988691e+10	3.54852548e-01
6.50000000e+00	5.46499996e+00	-9.67879543e+06	-3.76715603e+05	1.00000000e-09	1.47211033e+05	1.00000000e-10	1.47211033e+04	-1.42037054e+10	3.26237227e-01
6.60000000e+00	5.54907688e+00	-9.81217811e+06	-3.81907090e+05	1.05991708e-01	1.00000000e-09	1.05991708e-02	1.00000000e-10	1.02266451e+04	2.99929475e-01
6.70000000e+00	5.63315381e+00	-9.94481350e+06	-3.87069490e+05	2.48913353e+00	1.00000000e-09	2.48913353e-01	1.00000000e-10	2.40164876e+05	2.75743201e-01
6.80000000e+00	5.71723073e+00	-1.00774512e+07	-3.92231982e+05	4.54923207e-02	3.06052158e+05	4.54923207e-03	3.06052158e+04	-2.95295397e+10	2.53507323e-01
6.90000000e+00	5.80130765e+00	-1.02100890e+07	-3.97394476e+05	1.00000000e-09	1.61550081e+05	1.00000000e-10	1.61550081e+04	-1.55872132e+10	2.33064554e-01
7.00000000e+00	5.88538457e+00	-1.03414471e+07	-4.02507161e+05	1.00000000e-09	1.00000000e-09	1.00000000e-10	1.00000000e-10	0.00000000e+00	2.14270296e-01
7.10000000e+00	5.96946150e+00	-1.04718464e+07	-4.07582530e+05	2.37525761e+00	1.00000000e-09	2.37525761e-01	1.00000000e-10	2.29177520e+05	1.96991610e-01
7.20000000e+00	6.05353842e+00	-1.06022479e+07	-4.12657986e+05	3.17879943e-01	3.05257973e+05	3.17879943e-02	3.05257973e+04	-2.94528862e+10	1.81106277e-01
7.30000000e+00	6.13761534e+00	-1.07326498e+07	-4.17733453e+05	1.00000000e-09	1.76912937e+05	1.00000000e-10	1.76912937e+04	-1.70695035e+10	1.66501937e-01
7.40000000e+00	6.22169226e+00	-1.08619241e+07	-4.22765035e+05	1.00000000e-09	1.00000000e-09	1.00000000e-10	1.00000000e-10	0.00000000e+00	1.53075289e-01
7.50000000e+00	6.30576919e+00	-1.09900473e+07	-4.27751814e+05	2.20412972e+00	1.00000000e-09	2.20412972e-01	1.00000000e-10	2.12666188e+05	1.40731363e-01
7.60000000e+00	6.38984611e+00	-1.11181725e+07	-4.32738671e+05	5.54670450e-01	3.03113288e+05	5.54670450e-02	3.03113288e+04	-2.92459327e+10	1.29382849e-01
7.70000000e+00	6.47392303e+00	-1.12462983e+07	-4.37725548e+05	1.00000000e-09	1.93275607e+05	1.00000000e-10	1.93275607e+04	-1.86482612e+10	1.18949475e-01
7.80000000e+00	6.55799995e+00	-1.13734806e+07	-4.42675706e+05	1.00000000e-09	1.00000000e-09	1.00000000e-10	1.00000000e-10	0.00000000e+00	1.09357445e-01
7.90000000e+00	6.64207688e+00	-1.14993451e+07	-4.47574572e+05	1.95937720e+00	1.00000000e-09	1.95937720e-01	1.00000000e-10	1.89051160e+05	1.00538914e-01
8.00000000e+00	6.72615380e+00	-1.16252114e+07	-4.52473507e+05	7.38031602e-01	2.99378102e+05	7.38031602e-02	2.99378102e+04	-2.88855243e+10	9.24315047e-02
8.10000000e+00	6.81023072e+00	-1.17510783e+07	-4.57372468e+05	1.00000000e-09	2.10568006e+05	1.00000000e-10	2.10568006e+04	-2.03167240e+10	8.49778740e-02
8.20000000e+00	6.89430764e+00	-1.18762153e+07	-4.62243018e+05	1.00000000e-09	1.00000000e-09	1.00000000e-10	1.00000000e-10	0.00000000e+00	7.81253008e-02
8.30000000e+00	6.97838457e+00	-1.19998999e+07	-4.67057037e+05	1.59978537e+00	1.00000000e-09	1.59978537e-01	1.00000000e-10	1.54355823e+05	7.18253161e-02
8.40000000e+00	7.06246149e+00	-1.21235859e+07	-4.71871111e+05	8.21638154e-01	2.93824828e+05	8.21638154e-02	2.93824828e+04	-2.83497069e+10	6.60333593e-02
8.50000000e+00	7.14653841e+00	-1.22472726e+07	-4.76685214e+05	1.00000000e-09	2.28664939e+05	1.00000000e-10	2.28664939e+04	-2.20628126e+10	6.07084632e-02
8.60000000e+00	7.23061533e+00	-1.23704684e+07	-4.81480211e+05	1.00000000e-09	1.00000000e-09	1.00000000e-10	1.00000000e-10	0.00000000e+00	5.58129641e-02
8.70000000e+00	7.31469226e+00	-1.24921149e+07	-4.86214906e+05	1.00720590e+00	1.00000000e-09	1.00720590e-01	1.00000000e-10	9.71805954e+04	5.13122357e-02
8.80000000e+00	7.39876918e+00	-1.26137623e+07	-4.90949635e+05	6.07572134e-01	2.86254813e+05	6.07572134e-02	2.86254813e+04	-2.76193321e+10	4.71744438e-02
8.90000000e+00	7.48284610e+00	-1.27354103e+07	-4.95684385e+05	1.00000000e-09	2.47379061e+05	1.00000000e-10	2.47379061e+04	-2.38684509e+10	4.33703214e-02
9.00000000e+00	7.56692302e+00	-1.28568273e+07	-5.00410147e+05	1.00000000e-09	1.00000000e-09	1.00000000e-10	1.00000000e-10	0.00000000e+00	3.98729614e-02
9.10000000e+00	7.65099995e+00	-1.29766405e+07	-5.05073485e+05	1.00000000e-09	1.00000000e-09	1.00000000e-10	1.00000000e-10	0.00000000e+00	3.66576268e-02
9.20000000e+00	7.73507687e+00	-1.30964537e+07	-5.09736824e+05	1.00000000e-09	2.76515952e+05	1.00000000e-10	2.76515952e+04	-2.66797335e+10	3.37015752e-02
9.30000000e+00	7.81915379e+00	-1.32162669e+07	-5.14400162e+05	1.00000000e-09	2.66456668e+05	1.00000000e-10	2.66456668e+04	-2.57091601e+10	3.09838980e-02
9.40000000e+00	7.90323071e+00	-1.33360801e+07	-5.19063501e+05	2.16444886e+00	1.00000000e-09	2.16444886e-01	1.00000000e-10	2.08837567e+05	2.84853728e-02
9.50000000e+00	7.98730764e+00	-1.34542829e+07	-5.23664161e+05	3.18579008e+00	1.00000000e-09	3.18579008e-01	1.00000000e-10	3.07382014e+05	2.61883275e-02
9.60000000e+00	8.07138456e+00	-1.35723264e+07	-5.28258622e+05	6.30114005e-01	2.64688648e+05	6.30114005e-02	2.64688648e+04	-2.55385113e+10	2.40765146e-02
9.70000000e+00	8.15546148e+00	-1.36903705e+07	-5.32853103e+05	1.00000000e-09	2.85591704e+05	1.00000000e-10	2.85591704e+04	-2.75554104e+10	2.21349973e-02
9.80000000e+00	8.23953840e+00	-1.38084146e+07	-5.37447585e+05	1.00000000e-09	1.00000000e-09	1.00000000e-10	1.00000000e-10	0.00000000e+00	2.03500429e-02
9.90000000e+00	8.32361533e+00	-1.39248877e+07	-5.41980921e+05	8.78177747e-02	1.00000000e-09	8.78177747e-03	1.00000000e-10	8.47312706e+03	1.87090262e-02
1.00000000e+01	8.40769225e+00	-1.40409200e+07	-5.46497102e+05	5.21340867e-02	2.51759813e+05	5.21340867e-03	2.51759813e+04	-2.42911242e+10	1.72003403e-02
1.01000000e+01	8.49176917e+00	-1.41569524e+07	-5.51013285e+05	1.00000000e-09	3.04535926e+05	1.00000000e-10	3.04535926e+04	-2.93832500e+10	1.58133140e-02
1.02000000e+01	8.57584609e+00	-1.42729848e+07	-5.55529467e+05	1.00000000e-09	1.00000000e-09	1.00000000e-10	1.00000000e-10	0.00000000e+00	1.45381368e-02
1.03000000e+01	8.65992302e+00	-1.43875284e+07	-5.59987705e+05	1.31972054e-02	1.00000000e-09	1.31972054e-03	1.00000000e-10	1.27333665e+03	1.33657892e-02
1.04000000e+01	8.74399994e+00	-1.45013541e+07	-5.64417999e+05	4.41008765e-03	2.37607112e+05	4.41008765e-04	2.37607112e+04	-2.29256007e+10	1.22879791e-02
1.05000000e+01	8.82807686e+00	-1.46151798e+07	-5.68848294e+05	1.86190086e-03	3.23030419e+05	1.86190086e-04	3.23030419e+04	-3.11676971e+10	1.12970830e-02
1.06000000e+01	8.91215378e+00	-1.47290055e+07	-5.73278588e+05	4.13044825e-04	1.00000000e-09	4.13044825e-05	1.00000000e-10	3.98526706e+01	1.03860923e-02
1.07000000e+01	8.99623071e+00	-1.48414706e+07	-5.77655928e+05	1.00000000e-09	1.00000000e-09	1.00000000e-10	1.00000000e-10	0.00000000e+00	9.54856333e-03
1.08000000e+01	9.08030763e+00	-1.49529499e+07	-5.81994895e+05	1.00000000e-09	2.22115347e+05	1.00000000e-10	2.22115347e+04	-2.14308730e+10	8.77857228e-03
1.09000000e+01	9.16438455e+00	-1.50644292e+07	-5.86333862e+05	4.06692229e-05	3.40741710e+05	4.06692229e-06	3.40741710e+04	-3.28765770e+10	8.07067289e-03
1.10000000e+01	9.24846147e+00	-1.51759084e+07	-5.90672830e+05	2.23545118e-04	1.00000000e-09	2.23545118e-05	1.00000000e-10	2.15687285e+01	7.41985814e-03
1.11000000e+01	9.33253840e+00	-1.52862023e+07	-5.94965661e+05	1.00000000e-09	1.00000000e-09	1.00000000e-10	1.00000000e-10	0.00000000e+00	6.82152474e-03
1.12000000e+01	9.41661532e+00	-1.53952600e+07	-5.99210374e+05	1.00000000e-09	2.05180973e+05	1.00000000e-10	2.05180973e+04	-1.97969543e+10	6.27144062e-03
1.13000000e+01	9.50069224e+00	-1.55043176e+07	-6.03455088e+05	1.00000000e-09	3.57269476e+05	1.00000000e-10	3.57269476e+04	-3.44712640e+10	5.76571500e-03
1.14000000e+01	9.58476916e+00	-1.56133752e+07	-6.07699802e+05	1.46196605e-04	1.00000000e-09	1.46196605e-05	1.00000000e-10	1.41057315e+01	5.30077082e-03
1.15000000e+01	9.66884609e+00	-1.57214697e+07	-6.11907027e+05	7.56704457e-05	1.00000000e-09	7.56704457e-06	1.00000000e-10	7.30099160e+00	4.87331949e-03
1.16000000e+01	9.75292301e+00	-1.58281042e+07	-6.16057429e+05	1.00000000e-09	1.86726270e+05	1.00000000e-10	1.86726270e+04	-1.80163461e+10	4.48033760e-03
1.17000000e+01	9.83699993e+00	-1.59347387e+07	-6.20207830e+05	1.00000000e-09	3.72149690e+05	1.00000000e-10	3.72149690e+04	-3.59069864e+10	4.11904557e-03
1.18000000e+01	9.92107685e+00	-1.60413733e+07	-6.24358231e+05	1.00000000e-09	1.00000000e-09	1.00000000e-10	1.00000000e-10	0.00000000e+00	3.78688794e-03
1.19000000e+01	1.00051538e+01	-1.61473127e+07	-6.28481578e+05	8.63539479e-06	1.00000000e-09	8.63539479e-07	1.00000000e-10	8.33092449e-01	3.48151531e-03
1.20000000e+01	1.00892307e+01	-1.62516048e+07	-6.32540809e+05	3.02532262e-05	1.66718465e+05	3.02532262e-06	1.66718465e+04	-1.60858865e+10	3.20076778e-03
1.21000000e+01	1.01733076e+01	-1.63558969e+07	-6.36600040e+05	1.96071685e-05	3.84866138e+05	1.96071685e-06	3.84866138e+04	-3.71339372e+10	2.94265957e-03
1.22000000e+01	1.02573845e+01	-1.64601890e+07	-6.40659271e+05	2.32984962e-07	1.00000000e-09	2.32984962e-08	1.00000000e-10	2.23831461e-02	2.70536508e-03
1.23000000e+01	1.03414615e+01	-1.65640973e+07	-6.44703563e+05	1.98314025e-09	1.00000000e-09	1.98314025e-10	1.00000000e-10	9.48586135e-05	2.48720588e-03
1.24000000e+01	1.04255384e+01	-1.66662177e+07	-6.48678269e+05	2.62394388e-08	1.45193940e+05	2.62394388e-09	1.45193940e+04	-1.40090855e+10	2.28663893e-03
1.25000000e+01	1.05096153e+01	-1.67683382e+07	-6.52652974e+05	3.37754607e-06	3.94873697e+05	3.37754607e-07	3.94873697e+04	-3.80995198e+10	2.10224558e-03
1.26000000e+01	1.05936922e+01	-1.68704586e+07	-6.56627680e+05	2.02549788e-07	1.00000000e-09	2.02549788e-08	1.00000000e-10	1.94465982e-02	1.93272162e-03
1.27000000e+01	1.06777692e+01	-1.69725452e+07	-6.60601067e+05	1.00000000e-09	1.00000000e-09	1.00000000e-10	1.00000000e-10	0.00000000e+00	1.77686798e-03
1.28000000e+01	1.07618461e+01	-1.70727610e+07	-6.64501642e+05	1.00000000e-09	1.22286221e+05	1.00000000e-10	1.22286221e+04	-1.17988266e+10	1.63358230e-03
1.29000000e+01	1.08459230e+01	-1.71728470e+07	-6.68397162e+05	1.70288814e-06	4.01791887e+05	1.70288814e-07	4.01791887e+04	-3.87670236e+10	1.50185109e-03
1.30000000e+01	1.09299999e+01	-1.72729329e+07	-6.72292683e+05	2.31822791e-07	1.00000000e-09	2.31822791e-08	1.00000000e-10	2.22710137e-02	1.38074262e-03
1.31000000e+01	1.10140768e+01	-1.73730189e+07	-6.76188203e+05	1.00000000e-09	1.00000000e-09	1.00000000e-10	1.00000000e-10	0.00000000e+00	1.26940027e-03
1.32000000e+01	1.10981538e+01	-1.74712201e+07	-6.80010366e+05	1.00000000e-09	9.81035476e+04	1.00000000e-10	9.81035476e+03	-9.46555337e+09	1.16703651e-03
1.33000000e+01	1.11822307e+01	-1.75689034e+07	-6.83812368e+05	1.08645749e-06	4.07892123e+05	1.08645749e-07	4.07892123e+04	-3.93556069e+10	1.07292731e-03
1.34000000e+01	1.12663076e+01	-1.76665866e+07	-6.87614370e+05	2.35293755e-07	1.00000000e-09	2.35293755e-08	1.00000000e-10	2.26059108e-02	9.86407027e-04
1.35000000e+01	1.13503845e+01	-1.77642698e+07	-6.91416372e+05	1.00000000e-09	1.00000000e-09	1.00000000e-10	1.00000000e-10	0.00000000e+00	9.06863691e-04
1.36000000e+01	1.14344615e+01	-1.78601342e+07	-6.95147578e+05	1.00000000e-09	7.26712928e+04	1.00000000e-10	7.26712928e+03	-7.01171382e+09	8.33734687e-04
1.37000000e+01	1.15185384e+01	-1.79550767e+07	-6.98842909e+05	7.34331314e-07	4.13392352e+05	7.34331314e-08	4.13392352e+04	-3.98862984e+10	7.66502767e-04
1.38000000e+01	1.16026153e+01	-1.80500193e+07	-7.02538239e+05	2.04645381e-07	1.00000000e-09	2.04645381e-08	1.00000000e-10	1.96487923e-02	7.04692393e-04
1.39000000e+01	1.16866922e+01	-1.81449619e+07	-7.06233570e+05	1.00000000e-09	1.00000000e-09	1.00000000e-10	1.00000000e-10	0.00000000e+00	6.47866374e-04
1.40000000e+01	1.17707691e+01	-1.82382409e+07	-7.09864154e+05	1.00000000e-09	4.61030713e+04	1.00000000e-10	4.61030713e+03	-4.44827014e+09	5.95622776e-04
1.41000000e+01	1.18548461e+01	-1.83301933e+07	-7.13443102e+05	4.45087902e-07	4.18250687e+05	4.45087902e-08	4.18250687e+04	-4.03550565e+10	5.47592073e-04
1.42000000e+01	1.19389230e+01	-1.84221457e+07	-7.17022049e+05	5.09742491e-08	1.00000000e-09	5.09742491e-09	1.00000000e-10	4.82178202e-03	5.03434541e-04
1.43000000e+01	1.20229999e+01	-1.85140981e+07	-7.20600997e+05	1.00000000e-09	1.00000000e-09	1.00000000e-10	1.00000000e-10	0.00000000e+00	4.62837848e-04
1.44000000e+01	1.21070768e+01	-1.86046393e+07	-7.24125017e+05	1.00000000e-09	1.86472927e+04	1.00000000e-10	1.86472927e+03	-1.79919022e+09	4.25514851e-04
1.45000000e+01	1.21911538e+01	-1.86934663e+07	-7.27582317e+05	7.63857338e-08	4.22381702e+05	7.63857338e-09	4.22381702e+04	-4.07536388e+10	3.91201561e-04
1.46000000e+01	1.22752307e+01	-1.87822932e+07	-7.31039618e+05	1.00000000e-09	1.00000000e-09	1.00000000e-10	1.00000000e-10	0.00000000e+00	3.59655276e-04
1.47000000e+01	1.23593076e+01	-1.88711202e+07	-7.34496918e+05	1.00000000e-09	1.00000000e-09	1.00000000e-10	1.00000000e-10	0.00000000e+00	3.30652866e-04
1.48000000e+01	1.24433845e+01	-1.89588871e+07	-7.37912961e+05	8.08536821e-07	1.00000000e-09	8.08536821e-08	1.00000000e-10	7.79154583e-02	3.03989196e-04
1.49000000e+01	1.25274615e+01	-1.90445925e+07	-7.41248761e+05	1.07553883e-06	4.25648533e+05	1.07553883e-07	4.25648533e+04	-4.10688401e+10	2.79475669e-04
1.50000000e+01	1.26115384e+01	-1.91302978e+07	-7.44584562e+05	1.00000000e-09	2.20393395e+04	1.00000000e-10	2.20393395e+03	-2.12647299e+09	2.56938901e-04
1.51000000e+01	1.26956153e+01	-1.92160031e+07	-7.47920362e+05	1.00000000e-09	1.00000000e-09	1.00000000e-10	1.00000000e-10	0.00000000e+00	2.36219485e-04
1.52000000e+01	1.27796922e+01	-1.93010945e+07	-7.51232271e+05	1.00000000e-09	1.00000000e-09	1.00000000e-10	1.00000000e-10	0.00000000e+00	2.17170872e-04
1.53000000e+01	1.28637691e+01	-1.93838431e+07	-7.54452989e+05	3.08319479e-07	4.27859009e+05	3.08319479e-08	4.27859009e+04	-4.12821186e+10	1.99658328e-04
1.54000000e+01	1.29478461e+01	-1.94665917e+07	-7.57673708e+05	3.24771372e-07	5.03560752e+04	3.24771372e-08	5.03560752e+03	-4.85862264e+09	1.83557987e-04
1.55000000e+01	1.30319230e+01	-1.95493402e+07	-7.60894426e+05	6.85295397e-08	1.00000000e-09	6.85295397e-09	1.00000000e-10	6.51561007e-03	1.68755969e-04
1.56000000e+01	1.31159999e+01	-1.96320042e+07	-7.64111852e+05	1.69408242e-08	1.00000000e-09	1.69408242e-09	1.00000000e-10	1.53805572e-03	1.55147578e-04
1.57000000e+01	1.32000768e+01	-1.97121367e+07	-7.67230749e+05	4.56475030e-09	4.28774284e+05	4.56475030e-10	4.28774284e+04	-4.13704292e+10	1.42636560e-04
1.58000000e+01	1.32841538e+01	-1.97920795e+07	-7.70342262e+05	1.70034482e-09	7.72073564e+04	1.70034482e-10	7.72073564e+03	-7.44937742e+09	1.31134424e-04
1.59000000e+01	1.33682307e+01	-1.98720223e+07	-7.73453775e+05	1.00000000e-09	1.00000000e-09	1.00000000e-10	1.00000000e-10	0.00000000e+00	1.20559814e-04
1.60000000e+01	1.34523076e+01	-1.99519651e+07	-7.76565288e+05	1.00000000e-09	1.00000000e-09	1.00000000e-10	1.00000000e-10	0.00000000e+00	1.10837935e-04
1.61000000e+01	1.35363845e+01	-2.00293097e+07	-7.79575675e+05	1.00000000e-09	4.28089113e+05	1.00000000e-10	4.28089113e+04	-4.13043202e+10	1.01900023e-04
1.62000000e+01	1.36204614e+01	-2.01058484e+07	-7.82554694e+05	1.00000000e-09	1.03256158e+05	1.00000000e-10	1.03256158e+04	-9.96270465e+09	9.36828597e-05
1.63000000e+01	1.37045384e+01	-2.01823871e+07	-7.85533714e+05	1.00000000e-09	1.00000000e-09	1.00000000e-10	1.00000000e-10	0.00000000e+00	8.61283240e-05
1.64000000e+01	1.37886153e+01	-2.02589258e+07	-7.88512733e+05	1.00000000e-09	1.00000000e-09	1.00000000e-10	1.00000000e-10	0.00000000e+00	7.91829819e-05
1.65000000e+01	1.38726922e+01	-2.03329513e+07	-7.91393934e+05	1.00000000e-09	4.25355171e+05	1.00000000e-10	4.25355171e+04	-4.10405350e+10	7.27977085e-05
1.66000000e+01	1.39567691e+01	-2.04055187e+07	-7.94218384e+05	1.00000000e-09	1.29246080e+05	1.00000000e-10	1.29246080e+04	-1.24703510e+10	6.69273402e-05
1.67000000e+01	1.40408461e+01	-2.04780861e+07	-7.97042835e+05	1.00000000e-09	1.00000000e-09	1.00000000e-10	1.00000000e-10	0.00000000e+00	6.15303552e-05
1.68000000e+01	1.41249230e+01	-2.05506535e+07	-7.99867286e+05	1.00000000e-09	1.00000000e-09	1.00000000e-10	1.00000000e-10	0.00000000e+00	5.65685802e-05
1.69000000e+01	1.42089999e+01	-2.06209730e+07	-8.02604243e+05	1.00000000e-09	4.19919387e+05	1.00000000e-10	4.19919387e+04	-4.05160615e+10	5.20069201e-05
1.70000000e+01	1.42930768e+01	-2.06891804e+07	-8.05258995e+05	1.00000000e-09	1.55663998e+05	1.00000000e-10	1.55663998e+04	-1.50192926e+10	4.78131098e-05
1.71000000e+01	1.43771537e+01	-2.07573879e+07	-8.07913747e+05	1.00000000e-09	1.00000000e-09	1.00000000e-10	1.00000000e-10	0.00000000e+00	4.39574862e-05
1.72000000e+01	1.44612307e+01	-2.08255953e+07	-8.10568500e+05	1.00000000e-09	1.00000000e-09	1.00000000e-10	1.00000000e-10	0.00000000e+00	4.04127779e-05
1.73000000e+01	1.45453076e+01	-2.08920223e+07	-8.13153955e+05	1.00000000e-09	4.10946347e+05	1.00000000e-10	4.10946347e+04	-3.96502947e+10	3.71539131e-05
1.74000000e+01	1.46293845e+01	-2.09557299e+07	-8.15633566e+05	1.00000000e-09	1.83067158e+05	1.00000000e-10	1.83067158e+04	-1.76632955e+10	3.41578414e-05
1.75000000e+01	1.47134614e+01	-2.10194375e+07	-8.18113177e+05	1.00000000e-09	1.00000000e-09	1.00000000e-10	1.00000000e-10	0.00000000e+00	3.14033713e-05
1.76000000e+01	1.47975384e+01	-2.10831451e+07	-8.20592787e+05	1.00000000e-09	1.00000000e-09	1.00000000e-10	1.00000000e-10	0.00000000e+00	2.88710202e-05
1.77000000e+01	1.48816153e+01	-2.11457492e+07	-8.23029446e+05	1.00000000e-09	3.97508956e+05	1.00000000e-10	3.97508956e+04	-3.83537837e+10	2.65428765e-05
1.78000000e+01	1.49656922e+01	-2.12051375e+07	-8.25340944e+05	1.00000000e-09	2.12013518e+05	1.00000000e-10	2.12013518e+04	-2.04561947e+10	2.44024731e-05
1.79000000e+01	1.50497691e+01	-2.12645258e+07	-8.27652441e+05	1.00000000e-09	1.00000000e-09	1.00000000e-10	1.00000000e-10	0.00000000e+00	2.24346707e-05
1.80000000e+01	1.51338460e+01	-2.13239142e+07	-8.29963939e+05	1.00000000e-09	1.00000000e-09	1.00000000e-10	1.00000000e-10	0.00000000e+00	2.06255509e-05
1.81000000e+01	1.52179230e+01	-2.13830683e+07	-8.32266321e+05	1.00000000e-09	3.78816012e+05	1.00000000e-10	3.78816012e+04	-3.65501887e+10	1.89623175e-05
1.82000000e+01	1.53019999e+01	-2.14386959e+07	-8.34431442e+05	1.00000000e-09	2.42879360e+05	1.00000000e-10	2.42879360e+04	-2.34342958e+10	1.74332063e-05
1.83000000e+01	1.53860768e+01	-2.14940912e+07	-8.36587526e+05	1.00000000e-09	1.00000000e-09	1.00000000e-10	1.00000000e-10	0.00000000e+00	1.60274019e-05
1.84000000e+01	1.54701537e+01	-2.15494866e+07	-8.38743610e+05	1.00000000e-09	1.00000000e-09	1.00000000e-10	1.00000000e-10	0.00000000e+00	1.47349607e-05
1.85000000e+01	1.55542307e+01	-2.16048819e+07	-8.40899693e+05	1.00000000e-09	3.58263426e+05	1.00000000e-10	3.58263426e+04	-3.45671657e+10	1.35467414e-05
1.86000000e+01	1.56383076e+01	-2.16567014e+07	-8.42916598e+05	1.00000000e-09	2.76239816e+05	1.00000000e-10	2.76239816e+04	-2.66530904e+10	1.24543394e-05
1.87000000e+01	1.57223845e+01	-2.17072252e+07	-8.44883075e+05	1.00000000e-09	1.00000000e-09	1.00000000e-10	1.00000000e-10	0.00000000e+00	1.14500281e-05
1.88000000e+01	1.58064614e+01	-2.17577491e+07	-8.46849551e+05	1.00000000e-09	1.00000000e-09	1.00000000e-10	1.00000000e-10	0.00000000e+00	1.05267039e-05
1.89000000e+01	1.58905384e+01	-2.18082730e+07	-8.48816028e+05	1.00000000e-09	3.45678432e+05	1.00000000e-10	3.45678432e+04	-3.33528983e+10	9.67783615e-06
1.90000000e+01	1.59746153e+01	-2.18554970e+07	-8.50654069e+05	1.00000000e-09	3.14201251e+05	1.00000000e-10	3.14201251e+04	-3.03158121e+10	8.89742061e-06
1.91000000e+01	1.60586922e+01	-2.19003616e+07	-8.52400279e+05	1.00000000e-09	1.00000000e-09	1.00000000e-10	1.00000000e-10	0.00000000e+00	8.17993736e-06
1.92000000e+01	1.61427691e+01	-2.19452263e+07	-8.54146489e+05	1.00000000e-09	1.00000000e-09	1.00000000e-10	1.00000000e-10	0.00000000e+00	7.52031158e-06
1.93000000e+01	1.62268460e+01	-2.19900909e+07	-8.55892700e+05	1.00000000e-09	3.41566032e+05	1.00000000e-10	3.41566032e+04	-3.29561120e+10	6.91387767e-06
1.94000000e+01	1.63109230e+01	-2.20322902e+07	-8.57535171e+05	1.00000000e-09	3.58935718e+05	1.00000000e-10	3.58935718e+04	-3.46320320e+10	6.35634627e-06
1.95000000e+01	1.63949999e+01	-2.20711962e+07	-8.59049460e+05	1.00000000e-09	1.00000000e-09	1.00000000e-10	1.00000000e-10	0.00000000e+00	5.84377390e-06
1.96000000e+01	1.64790768e+01	-2.21101022e+07	-8.60563750e+05	1.00000000e-09	1.00000000e-09	1.00000000e-10	1.00000000e-10	0.00000000e+00	5.37253509e-06
1.97000000e+01	1.65631537e+01	-2.21490082e+07	-8.62078039e+05	1.00000000e-09	3.45405150e+05	1.00000000e-10	3.45405150e+04	-3.33265306e+10	4.93929673e-06
1.98000000e+01	1.66472307e+01	-2.21862274e+07	-8.63526673e+05	1.00000000e-09	4.11815428e+05	1.00000000e-10	4.11815428e+04	-3.97341483e+10	4.54099448e-06
1.99000000e+01	1.67313076e+01	-2.22194869e+07	-8.64821190e+05	1.00000000e-09	1.00000000e-09	1.00000000e-10	1.00000000e-10	0.00000000e+00	4.17481111e-06
2.00000000e+01	1.68153845e+01	-2.22527463e+07	-8.66115708e+05	1.00000000e-09	1.00000000e-09	1.00000000e-10	1.00000000e-10	0.00000000e+00	3.83815657e-06
2.01000000e+01	1.68994614e+01	-2.22860058e+07	-8.67410225e+05	1.00000000e-09	3.54267969e+05	1.00000000e-10	3.54267969e+04	-3.41816626e+10	3.52864967e-06
2.02000000e+01	1.69835383e+01	-2.23188338e+07	-8.68687948e+05	1.00000000e-09	4.71633638e+05	1.00000000e-10	4.71633638e+04	-4.55057282e+10	3.24410125e-06
2.03000000e+01	1.70676153e+01	-2.23474166e+07	-8.69800439e+05	1.00000000e-09	1.00000000e-09	1.00000000e-10	1.00000000e-10	0.00000000e+00	2.98249865e-06
2.04000000e+01	1.71516922e+01	-2.23757780e+07	-8.70904313e+05	1.00000000e-09	1.00000000e-09	1.00000000e-10	1.00000000e-10	0.00000000e+00	2.74199155e-06
2.05000000e+01	1.72357691e+01	-2.24041393e+07	-8.72008187e+05	1.00000000e-09	3.59918421e+05	1.00000000e-10	3.59918421e+04	-3.47268484e+10	2.52087882e-06
2.06000000e+01	1.73198460e+01	-2.24325007e+07	-8.73112061e+05	1.00000000e-09	5.46954393e+05	1.00000000e-10	5.46954393e+04	-5.27730762e+10	2.31759650e-06
2.07000000e+01	1.74039230e+01	-2.24568057e+07	-8.74058055e+05	1.00000000e-09	1.00000000e-09	1.00000000e-10	1.00000000e-10	0.00000000e+00	2.13070675e-06
2.08000000e+01	1.74879999e+01	-2.24794252e+07	-8.74938444e+05	1.00000000e-09	1.00000000e-09	1.00000000e-10	1.00000000e-10	0.00000000e+00	1.95888770e-06
2.09000000e+01	1.75720768e+01	-2.25020446e+07	-8.75818832e+05	1.00000000e-09	3.34954478e+05	1.00000000e-10	3.34954478e+04	-3.23181941e+10	1.80092404e-06
2.10000000e+01	1.76561537e+01	-2.25246641e+07	-8.76699220e+05	1.00000000e-09	6.93343657e+05	1.00000000e-10	6.93343657e+04	-6.68974930e+10	1.65569849e-06
2.11000000e+01	1.77402306e+01	-2.25439502e+07	-8.77449871e+05	1.00000000e-09	1.00000000e-09	1.00000000e-10	1.00000000e-10	0.00000000e+00	1.52218384e-06
2.12000000e+01	1.78243076e+01	-2.25601894e+07	-8.78081929e+05	1.00000000e-09	1.00000000e-09	1.00000000e-10	1.00000000e-10	0.00000000e+00	1.39943575e-06
2.13000000e+01	1.79083845e+01	-2.25764286e+07	-8.78713986e+05	1.00000000e-09	2.01956926e+05	1.00000000e-10	2.01956926e+04	-1.94858811e+10	1.28658600e-06
2.14000000e+01	1.79924614e+01	-2.25926678e+07	-8.79346044e+05	1.00000000e-09	9.63749757e+05	1.00000000e-10	9.63749757e+04	-9.29877154e+10	1.18283639e-06
2.15000000e+01	1.80765383e+01	-2.26068263e+07	-8.79897119e+05	1.00000000e-09	1.00000000e-09	1.00000000e-10	1.00000000e-10	0.00000000e+00	1.08745310e-06
2.16000000e+01	1.81606153e+01	-2.26169074e+07	-8.80289491e+05	1.00000000e-09	1.00000000e-09	1.00000000e-10	1.00000000e-10	0.00000000e+00	9.99761460e-07
2.17000000e+01	1.82446922e+01	-2.26269884e+07	-8.80681863e+05	1.00000000e-09	1.00000000e-09	1.00000000e-10	1.00000000e-10	0.00000000e+00	9.19141229e-07
2.18000000e+01	1.83287691e+01	-2.26370695e+07	-8.81074235e+05	1.00000000e-09	1.42113323e+06	1.00000000e-10	1.42113323e+05	-1.37118512e+11	8.45022171e-07
2.19000000e+01	1.84128460e+01	-2.26467647e+07	-8.81451589e+05	1.00000000e-09	6.58766258e+05	1.00000000e-10	6.58766258e+04	-6.35612812e+10	7.76880034e-07
2.20000000e+01	1.84969229e+01	-2.26519364e+07	-8.81652883e+05	1.00000000e-09	1.00000000e-09	1.00000000e-10	1.00000000e-10	0.00000000e+00	7.14232843e-07
2.21000000e+01	1.85809999e+01	-2.26565465e+07	-8.81832316e+05	1.00000000e-09	1.00000000e-09	1.00000000e-10	1.00000000e-10	0.00000000e+00	6.56637488e-07
2.22000000e+01	1.86650768e+01	-2.26611566e+07	-8.82011749e+05	1.00000000e-09	1.35057288e+06	1.00000000e-10	1.35057288e+05	-1.30310473e+11	6.03686592e-07
2.23000000e+01	1.87491537e+01	-2.26657667e+07	-8.82191182e+05	1.00000000e-09	2.96645398e+06	1.00000000e-10	2.96645398e+05	-2.86219298e+11	5.55005627e-07
2.24000000e+01	1.88332306e+01	-2.26662553e+07	-8.82210199e+05	1.00000000e-09	4.69138739e+05	1.00000000e-10	4.69138739e+04	-4.52650070e+10	5.10250270e-07
2.25000000e+01	1.89173076e+01	-2.26642023e+07	-8.82130293e+05	1.00000000e-09	1.00000000e-09	1.00000000e-10	1.00000000e-10	0.00000000e+00	4.69103960e-07
2.26000000e+01	1.90013845e+01	-2.26621494e+07	-8.82050387e+05	1.00000000e-09	1.00000000e-09	1.00000000e-10	1.00000000e-10	0.00000000e+00	4.31275667e-07
2.27000000e+01	1.90854614e+01	-2.26600964e+07	-8.81970481e+05	1.45890225e+02	8.03827943e+04	1.45890225e+01	8.03827943e+03	-7.74168434e+09	3.96497828e-07
2.28000000e+01	1.91695383e+01	-2.26553942e+07	-8.81787465e+05	2.14545308e+02	7.33770073e+04	2.14545308e+01	7.33770073e+03	-7.05910444e+09	3.64524455e-07
2.29000000e+01	1.92536153e+01	-2.26464994e+07	-8.81441262e+05	1.00000000e-09	1.00000000e-09	1.00000000e-10	1.00000000e-10	0.00000000e+00	3.35129397e-07
2.30000000e+01	1.93376922e+01	-2.26376045e+07	-8.81095059e+05	1.00000000e-09	1.00000000e-09	1.00000000e-10	1.00000000e-10	0.00000000e+00	3.08104742e-07
2.31000000e+01	1.94217691e+01	-2.26287097e+07	-8.80748856e+05	1.00000000e-09	9.85602286e+02	1.00000000e-10	9.85602286e+01	-9.50961639e+07	2.83259340e-07
2.32000000e+01	1.95058460e+01	-2.26197437e+07	-8.80399883e+05	2.03405779e+02	5.37054253e+04	2.03405779e+01	5.37054253e+03	-5.16216012e+09	2.60417458e-07
2.33000000e+01	1.95899229e+01	-2.26059743e+07	-8.79863957e+05	6.92637172e+01	1.30890763e+04	6.92637172e+00	1.30890763e+03	-1.25622094e+09	2.39417533e-07
2.34000000e+01	1.96739999e+01	-2.25907445e+07	-8.79271187e+05	1.00000000e-09	1.00000000e-09	1.00000000e-10	1.00000000e-10	0.00000000e+00	2.20111031e-07
2.35000000e+01	1.97580768e+01	-2.25755148e+07	-8.78678418e+05	1.00000000e-09	1.00000000e-09	1.00000000e-10	1.00000000e-10	0.00000000e+00	2.02361395e-07
2.36000000e+01	1.98421537e+01	-2.25602850e+07	-8.78085648e+05	1.55629682e+02	2.63227895e+04	1.55629682e+01	2.63227895e+03	-2.52474711e+09	1.86043080e-07
2.37000000e+01	1.99262306e+01	-2.25416671e+07	-8.77361007e+05	1.01901417e+02	2.80668374e+04	1.01901417e+01	2.80668374e+03	-2.69820614e+09	1.71040665e-07
2.38000000e+01	2.00103076e+01	-2.25186656e+07	-8.76465750e+05	1.00000000e-09	1.00000000e-09	1.00000000e-10	1.00000000e-10	0.00000000e+00	1.57248037e-07
2.39000000e+01	2.00943845e+01	-2.24956642e+07	-8.75570493e+05	1.00000000e-09	1.00000000e-09	1.00000000e-10	1.00000000e-10	0.00000000e+00	1.44567640e-07
2.40000000e+01	2.01784614e+01	-2.24726627e+07	-8.74675236e+05	1.01775716e+02	1.00000000e-09	1.01775716e+01	1.00000000e-10	9.81986372e+06	1.32909782e-07
2.41000000e+01	2.02625383e+01	-2.24496612e+07	-8.73779979e+05	1.26069168e+02	2.59051895e+04	1.26069168e+01	2.59051895e+03	-2.48730699e+09	1.22192009e-07
2.42000000e+01	2.03466152e+01	-2.24217642e+07	-8.72694178e+05	1.00000000e-09	1.38656232e+04	1.00000000e-10	1.38656232e+03	-1.33782926e+09	1.12338510e-07
2.43000000e+01	2.04306922e+01	-2.23908596e+07	-8.71491315e+05	1.00000000e-09	1.00000000e-09	1.00000000e-10	1.00000000e-10	0.00000000e+00	1.03279593e-07
2.44000000e+01	2.05147691e+01	-2.23599549e+07	-8.70288452e+05	6.23442155e+01	1.00000000e-09	6.23442155e+00	1.00000000e-10	6.01530233e+06	9.49511815e-08
2.45000000e+01	2.05988460e+01	-2.23290502e+07	-8.69085589e+05	1.24994159e+02	1.00000000e-09	1.24994159e+01	1.00000000e-10	1.20601029e+07	8.72943689e-08
2.46000000e+01	2.06829229e+01	-2.22981456e+07	-8.67882725e+05	1.00000000e-09	2.49506422e+04	1.00000000e-10	2.49506422e+03	-2.40737100e+09	8.02549976e-08
2.47000000e+01	2.07669999e+01	-2.22610145e+07	-8.66437517e+05	1.00000000e-09	1.27797214e+04	1.00000000e-10	1.27797214e+03	-1.23305567e+09	7.37832774e-08
2.48000000e+01	2.08510768e+01	-2.22202487e+07	-8.64850844e+05	4.05374864e+01	1.00000000e-09	4.05374864e+00	1.00000000e-10	3.91127284e+06	6.78334333e-08
2.49000000e+01	2.09351537e+01	-2.21794830e+07	-8.63264171e+05	1.10183797e+02	1.00000000e-09	1.10183797e+01	1.00000000e-10	1.06311202e+07	6.23633815e-08
2.50000000e+01	2.10192306e+01	-2.21387173e+07	-8.61677498e+05	1.00000000e-09	1.00000000e-09	1.00000000e-10	1.00000000e-10	0.00000000e+00	5.73344317e-08
2.51000000e+01	2.11033075e+01	-2.20979516e+07	-8.60090824e+05	1.00000000e-09	2.40361341e+04	1.00000000e-10	2.40361341e+03	-2.31913439e+09	5.27110137e-08
2.52000000e+01	2.11873845e+01	-2.20493777e+07	-8.58200246e+05	2.22531218e+01	3.07212002e+04	2.22531218e+00	3.07212002e+03	-2.96199810e+09	4.84604257e-08
2.53000000e+01	2.12714614e+01	-2.19886574e+07	-8.55836906e+05	9.07779569e+01	2.13477376e+04	9.07779569e+00	2.13477376e+03	-2.05098481e+09	4.45526029e-08
2.54000000e+01	2.13555383e+01	-2.19178166e+07	-8.53079659e+05	1.00000000e-09	1.44155185e+04	1.00000000e-10	1.44155185e+03	-1.39088609e+09	4.09599048e-08
2.55000000e+01	2.14396152e+01	-2.18392315e+07	-8.50020988e+05	1.00000000e-09	8.75379720e+03	1.00000000e-10	8.75379720e+02	-8.44613030e+08	3.76569199e-08
2.56000000e+01	2.15236922e+01	-2.17555462e+07	-8.46763812e+05	1.22916366e+01	3.23790570e+03	1.22916366e+00	3.23790570e+02	-3.11224444e+08	3.46202860e-08
2.57000000e+01	2.16077691e+01	-2.16698936e+07	-8.43430063e+05	8.08252823e+01	1.50346315e-04	8.08252823e+00	1.50346315e-05	7.79843970e+06	3.18285246e-08
2.58000000e+01	2.16918460e+01	-2.15842410e+07	-8.40096313e+05	1.00000000e-09	1.89063259e-05	1.00000000e-10	1.89063259e-06	-1.82408665e+00	2.92618894e-08
2.59000000e+01	2.17759229e+01	-2.14985884e+07	-8.36762564e+05	1.00000000e-09	4.01993199e+02	1.00000000e-10	4.01993199e+01	-3.87864473e+07	2.69022262e-08
2.60000000e+01	2.18599998e+01	-2.14126884e+07	-8.33419185e+05	7.41243654e+00	9.34060501e+02	7.41243654e-01	9.34060501e+01	-8.94079463e+07	2.47328451e-08
2.61000000e+01	2.19440768e+01	-2.13262108e+07	-8.30053327e+05	8.07996889e+01	1.00000000e-09	8.07996889e+00	1.00000000e-10	7.79598482e+06	2.27384017e-08
2.62000000e+01	2.20281537e+01	-2.12397332e+07	-8.26687468e+05	1.00000000e-09	1.00000000e-09	1.00000000e-10	1.00000000e-10	0.00000000e+00	2.09047891e-08
2.63000000e+01	2.21122306e+01	-2.11532556e+07	-8.23321610e+05	1.00000000e-09	1.00000000e-09	1.00000000e-10	1.00000000e-10	0.00000000e+00	1.92190381e-08
2.64000000e+01	2.21963075e+01	-2.10667787e+07	-8.19955776e+05	5.03988053e-01	6.41403099e+02	5.03988053e-02	6.41403099e+01	-6.18373636e+07	1.76692251e-08
2.65000000e+01	2.22803845e+01	-2.09799051e+07	-8.16574506e+05	7.34613121e+01	8.25379162e+01	7.34613121e+00	8.25379162e+00	-8.75759159e+05	1.62443882e-08
2.66000000e+01	2.23644614e+01	-2.08929815e+07	-8.13191288e+05	1.00000000e-09	1.00000000e-09	1.00000000e-10	1.00000000e-10	0.00000000e+00	1.49344494e-08
2.67000000e+01	2.24485383e+01	-2.08060579e+07	-8.09808071e+05	1.00000000e-09	1.00000000e-09	1.00000000e-10	1.00000000e-10	0.00000000e+00	1.37301434e-08
2.68000000e+01	2.25326152e+01	-2.07191343e+07	-8.06424853e+05	8.24954412e-01	4.21830797e+02	8.24954412e-02	4.21830797e+01	-4.06208886e+07	1.26229520e-08
2.69000000e+01	2.26166921e+01	-2.06319473e+07	-8.03031383e+05	7.33520450e+01	2.02825679e+02	7.33520450e+00	2.02825679e+01	-1.24923066e+07	1.16050438e-08
2.70000000e+01	2.27007691e+01	-2.05446346e+07	-7.99633018e+05	1.00000000e-09	1.00000000e-09	1.00000000e-10	1.00000000e-10	0.00000000e+00	1.06692193e-08
2.71000000e+01	2.27848460e+01	-2.04573231e+07	-7.96234704e+05	1.00000000e-09	1.00000000e-09	1.00000000e-10	1.00000000e-10	0.00000000e+00	9.80885916e-09
2.72000000e+01	2.28689229e+01	-2.03700117e+07	-7.92836390e+05	2.03396811e-01	2.35521876e+02	2.03396811e-02	2.35521876e+01	-2.27047816e+07	9.01787799e-09
2.73000000e+01	2.29529998e+01	-2.02825526e+07	-7.89432330e+05	7.75523155e+01	2.50505647e+02	7.75523155e+00	2.50505647e+01	-1.66874596e+07	8.29068113e-09
2.74000000e+01	2.30370768e+01	-2.01949362e+07	-7.86022149e+05	2.07110865e+00	1.00000000e-09	2.07110865e-01	1.00000000e-10	1.99831606e+05	7.62212503e-09
2.75000000e+01	2.31211537e+01	-2.01073211e+07	-7.82612015e+05	1.00000000e-09	1.00000000e-09	1.00000000e-10	1.00000000e-10	0.00000000e+00	7.00748093e-09
2.76000000e+01	2.32052306e+01	-2.00197068e+07	-7.79201912e+05	1.00000000e-09	8.52687507e+01	1.00000000e-10	8.52687507e+00	-8.22718373e+06	6.44240141e-09
2.77000000e+01	2.32893075e+01	-1.99320388e+07	-7.75789723e+05	8.12288551e+01	2.39109807e+02	8.12288551e+00	2.39109807e+01	-1.52331961e+07	5.92288960e-09
2.78000000e+01	2.33733845e+01	-1.98442204e+07	-7.72371677e+05	9.35376417e+00	1.00000000e-09	9.35376417e-01	1.00000000e-10	9.02501043e+05	5.44527095e-09
2.79000000e+01	2.34574614e+01	-1.97564024e+07	-7.68953648e+05	1.00000000e-09	1.00000000e-09	1.00000000e-10	1.00000000e-10	0.00000000e+00	5.00616720e-09
2.80000000e+01	2.35415383e+01	-1.96685857e+07	-7.65535668e+05	1.00000000e-09	1.00000000e-09	1.00000000e-10	1.00000000e-10	0.00000000e+00	4.60247255e-09
2.81000000e+01	2.36256152e+01	-1.95807690e+07	-7.62117687e+05	8.19457809e+01	1.96181404e+02	8.19457809e+00	1.96181404e+01	-1.10220620e+07	4.23133162e-09
2.82000000e+01	2.37096921e+01	-1.94928286e+07	-7.58694894e+05	1.81322802e+01	6.31599978e+01	1.81322802e+00	6.31599978e+00	-4.34451428e+06	3.89011930e-09
2.83000000e+01	2.37937691e+01	-1.94048484e+07	-7.55270550e+05	1.00000000e-09	1.00000000e-09	1.00000000e-10	1.00000000e-10	0.00000000e+00	3.57642216e-09
2.84000000e+01	2.38778460e+01	-1.93168693e+07	-7.51846250e+05	1.00000000e-09	1.00000000e-09	1.00000000e-10	1.00000000e-10	0.00000000e+00	3.28802138e-09
2.85000000e+01	2.39619229e+01	-1.92288908e+07	-7.48421974e+05	7.86093829e+01	1.12300690e+02	7.86093829e+00	1.12300690e+01	-3.25071690e+06	3.02287709e-09
2.86000000e+01	2.40459998e+01	-1.91408414e+07	-7.44994940e+05	2.63816444e+01	1.27975314e+02	2.63816444e+00	1.27975314e+01	-9.80229898e+06	2.77911390e-09
2.87000000e+01	2.41300768e+01	-1.90527112e+07	-7.41564758e+05	1.00000000e-09	1.00000000e-09	1.00000000e-10	1.00000000e-10	0.00000000e+00	2.55500764e-09
2.88000000e+01	2.42141537e+01	-1.89645817e+07	-7.38134603e+05	1.00000000e-09	1.00000000e-09	1.00000000e-10	1.00000000e-10	0.00000000e+00	2.34897319e-09
2.89000000e+01	2.42982306e+01	-1.88764532e+07	-7.34704487e+05	7.36109653e+01	4.24692975e+00	7.36109653e+00	4.24692975e-01	6.69261201e+06	2.15955324e-09
2.90000000e+01	2.43823075e+01	-1.87883219e+07	-7.31274266e+05	3.29220271e+01	1.26297299e+02	3.29220271e+00	1.26297299e+01	-9.00934409e+06	1.98540802e-09
2.91000000e+01	2.44663844e+01	-1.87001109e+07	-7.27840937e+05	1.00000000e-09	2.40774512e+01	1.00000000e-10	2.40774512e+00	-2.32312087e+06	1.82530578e-09
2.92000000e+01	2.45504614e+01	-1.86118847e+07	-7.24407020e+05	1.00000000e-09	1.00000000e-09	1.00000000e-10	1.00000000e-10	0.00000000e+00	1.67811410e-09
2.93000000e+01	2.46345383e+01	-1.85236596e+07	-7.20973147e+05	6.79328338e+01	1.00000000e-09	6.79328338e+00	1.00000000e-10	6.55452203e+06	1.54279187e-09
2.94000000e+01	2.47186152e+01	-1.84354347e+07	-7.17539279e+05	3.70090425e+01	5.44144643e+01	3.70090425e+00	5.44144643e+00	-1.67936790e+06	1.41838196e-09
2.95000000e+01	2.48026921e+01	-1.83471753e+07	-7.14104070e+05	1.00000000e-09	1.10618140e+02	1.00000000e-10	1.10618140e+01	-1.06730280e+07	1.30400439e-09
2.96000000e+01	2.48867691e+01	-1.82588459e+07	-7.10666136e+05	1.00000000e-09	1.00000000e-09	1.00000000e-10	1.00000000e-10	0.00000000e+00	1.19885018e-09
2.97000000e+01	2.49708460e+01	-1.81705175e+07	-7.07228238e+05	6.26229702e+01	1.00000000e-09	6.26229702e+00	1.00000000e-10	6.04219808e+06	1.10217554e-09
2.98000000e+01	2.50549229e+01	-1.80821896e+07	-7.03790363e+05	3.89345569e+01	1.00000000e-09	3.89345569e+00	1.00000000e-10	3.75661365e+06	1.01329669e-09
2.99000000e+01	2.51389998e+01	-1.79938617e+07	-7.00352487e+05	1.00000000e-09	1.07716816e+02	1.00000000e-10	1.07716816e+01	-1.03930927e+07	9.31584987e-10
3.00000000e+01	2.52230767e+01	-1.79054656e+07	-6.96911955e+05	1.00000000e-09	1.29379684e+02	1.00000000e-10	1.29379684e+01	-1.24832418e+07	8.56462471e-10
3.01000000e+01	2.53071537e+01	-1.78169880e+07	-6.93468255e+05	5.81731156e+01	1.00000000e-09	5.81731156e+00	1.00000000e-10	5.61285238e+06	7.87397794e-10
3.02000000e+01	2.53912306e+01	-1.77285113e+07	-6.90024585e+05	3.97960351e+01	1.00000000e-09	3.97960351e+00	1.00000000e-10	3.83973367e+06	7.23902457e-10
3.03000000e+01	2.54753075e+01	-1.76400345e+07	-6.86580916e+05	1.00000000e-09	1.00000000e-09	1.00000000e-10	1.00000000e-10	0.00000000e+00	6.65527349e-10
3.04000000e+01	2.55593844e+01	-1.75515578e+07	-6.83137247e+05	1.00000000e-09	2.02852093e+02	1.00000000e-10	2.02852093e+01	-1.95722516e+07	6.11859579e-10
3.05000000e+01	2.56434614e+01	-1.74629526e+07	-6.79688577e+05	5.46510812e+01	1.80629264e+02	5.46510812e+00	1.80629264e+01	-1.21550468e+07	5.62519549e-10
3.06000000e+01	2.57275383e+01	-1.73742334e+07	-6.76235471e+05	4.02305288e+01	1.00000000e-09	4.02305288e+00	1.00000000e-10	3.88165593e+06	5.17158273e-10
3.07000000e+01	2.58116152e+01	-1.72855142e+07	-6.72782366e+05	1.00000000e-09	1.00000000e-09	1.00000000e-10	1.00000000e-10	0.00000000e+00	4.75454906e-10
3.08000000e+01	2.58956921e+01	-1.71967950e+07	-6.69329260e+05	1.00000000e-09	1.00000000e-09	1.00000000e-10	1.00000000e-10	0.00000000e+00	4.37114476e-10
3.09000000e+01	2.59797690e+01	-1.71080758e+07	-6.65876156e+05	5.21241358e+01	2.72489495e+02	5.21241358e+00	2.72489495e+01	-2.12620249e+07	4.01865798e-10
3.10000000e+01	2.60638460e+01	-1.70191840e+07	-6.62416332e+05	4.03522103e+01	4.29631698e+02	4.03522103e+00	4.29631698e+01	-3.75597607e+07	3.69459555e-10
3.11000000e+01	2.61479229e+01	-1.69300180e+07	-6.58945836e+05	1.00000000e-09	1.81699643e+02	1.00000000e-10	1.81699643e+01	-1.75313504e+07	3.39666533e-10
3.12000000e+01	2.62319998e+01	-1.68407358e+07	-6.55470815e+05	1.00000000e-09	9.55265861e+01	1.00000000e-10	9.55265861e+00	-9.21691438e+06	3.12276006e-10
3.13000000e+01	2.63160767e+01	-1.67513924e+07	-6.51993413e+05	4.97993777e+01	7.54080770e+01	4.97993777e+00	7.54080770e+00	-2.47086386e+06	2.87094235e-10
3.14000000e+01	2.64001537e+01	-1.66620013e+07	-6.48514156e+05	4.10858075e+01	9.99316493e+01	4.10858075e+00	9.99316493e+00	-5.67776059e+06	2.63943109e-10
3.15000000e+01	2.64842306e+01	-1.65725463e+07	-6.45032412e+05	1.00000000e-09	2.69038862e+01	1.00000000e-10	2.69038862e+00	-2.59583040e+06	2.42658878e-10
3.16000000e+01	2.65683075e+01	-1.64830740e+07	-6.41549996e+05	1.00000000e-09	1.00000000e-09	1.00000000e-10	1.00000000e-10	0.00000000e+00	2.23090996e-10
3.17000000e+01	2.66523844e+01	-1.63936018e+07	-6.38067581e+05	4.79460699e+01	1.00000000e-09	4.79460699e+00	1.00000000e-10	4.62609247e+06	2.05101057e-10
3.18000000e+01	2.67364614e+01	-1.63041301e+07	-6.34585187e+05	4.20820331e+01	2.48572283e+01	4.20820331e+00	2.48572283e+00	1.66194101e+06	1.88561817e-10
3.19000000e+01	2.68205383e+01	-1.62146427e+07	-6.31102182e+05	1.00000000e-09	2.48763580e+01	1.00000000e-10	2.48763580e+00	-2.40020367e+06	1.73356293e-10
3.20000000e+01	2.69046152e+01	-1.61251394e+07	-6.27618556e+05	1.00000000e-09	1.00000000e-09	1.00000000e-10	1.00000000e-10	0.00000000e+00	1.59376934e-10
3.21000000e+01	2.69886921e+01	-1.60356360e+07	-6.24134929e+05	4.62400224e+01	1.00000000e-09	4.62400224e+00	1.00000000e-10	4.46148392e+06	1.46524863e-10
3.22000000e+01	2.70727690e+01	-1.59461333e+07	-6.20651326e+05	4.29061081e+01	2.58882818e+00	4.29061081e+00	2.58882818e-01	3.89002615e+06	1.34709176e-10
3.23000000e+01	2.71568460e+01	-1.58566293e+07	-6.17167673e+05	1.00000000e-09	2.04474472e+01	1.00000000e-10	2.04474472e+00	-1.97287873e+06	1.23846300e-10
3.24000000e+01	2.72409229e+01	-1.57671121e+07	-6.13683509e+05	1.00000000e-09	2.88451859e+00	1.00000000e-10	2.88451859e-01	-2.78313734e+05	1.13859401e-10
3.25000000e+01	2.73249998e+01	-1.56775931e+07	-6.10199273e+05	4.49782570e+01	1.00000000e-09	4.49782570e+00	1.00000000e-10	4.33974206e+06	1.04677839e-10
3.26000000e+01	2.74090767e+01	-1.55880746e+07	-6.06715056e+05	4.40146075e+01	1.00000000e-09	4.40146075e+00	1.00000000e-10	4.24676402e+06	9.62366743e-11
3.27000000e+01	2.74931537e+01	-1.54985565e+07	-6.03230858e+05	1.00000000e-09	1.28856411e+01	1.00000000e-10	1.28856411e+00	-1.24327536e+06	8.84762003e-11
3.28000000e+01	2.75772306e+01	-1.54090302e+07	-5.99746338e+05	1.00000000e-09	9.02837498e+00	1.00000000e-10	9.02837498e-01	-8.71105758e+05	8.13415267e-11
3.29000000e+01	2.76613075e+01	-1.53194981e+07	-5.96261593e+05	4.39812745e+01	1.00000000e-09	4.39812745e+00	1.00000000e-10	4.24354787e+06	7.47821894e-11
3.30000000e+01	2.77453844e+01	-1.52299664e+07	-5.92776861e+05	4.54250653e+01	1.00000000e-09	4.54250653e+00	1.00000000e-10	4.38285252e+06	6.87517936e-11
3.31000000e+01	2.78294613e+01	-1.51404352e+07	-5.89292151e+05	1.00000000e-09	4.65419190e+00	1.00000000e-10	4.65419190e-01	-4.49061252e+05	6.32076857e-11
3.32000000e+01	2.79135383e+01	-1.50509010e+07	-5.85807324e+05	1.00000000e-09	1.05804740e+01	1.00000000e-10	1.05804740e+00	-1.02086055e+06	5.81106517e-11
3.33000000e+01	2.79976152e+01	-1.49613600e+07	-5.82322232e+05	4.30099718e+01	1.00000000e-09	4.30099718e+00	1.00000000e-10	4.14983142e+06	5.34246397e-11
3.34000000e+01	2.80816921e+01	-1.48718193e+07	-5.78837151e+05	4.70898109e+01	1.00000000e-09	4.70898109e+00	1.00000000e-10	4.54347604e+06	4.91165053e-11
3.35000000e+01	2.81657690e+01	-1.47822791e+07	-5.75352091e+05	1.00000000e-09	1.00000000e-09	1.00000000e-10	1.00000000e-10	0.00000000e+00	4.51557765e-11
3.36000000e+01	2.82498460e+01	-1.46927390e+07	-5.71867031e+05	1.00000000e-09	8.92752449e+00	1.00000000e-10	8.92752449e-01	-8.61375165e+05	4.15144388e-11
3.37000000e+01	2.83339229e+01	-1.46031930e+07	-5.68381748e+05	4.19850997e+01	4.05757169e+00	4.19850997e+00	4.05757169e-01	3.65945014e+06	3.81667366e-11
3.38000000e+01	2.84179998e+01	-1.45136447e+07	-5.64896371e+05	4.89617858e+01	1.00000000e-09	4.89617858e+00	1.00000000e-10	4.72409416e+06	3.50889914e-11
3.39000000e+01	2.85020767e+01	-1.44240969e+07	-5.61411015e+05	1.00000000e-09	1.00000000e-09	1.00000000e-10	1.00000000e-10	0.00000000e+00	3.22594338e-11
3.40000000e+01	2.85861536e+01	-1.43345491e+07	-5.57925659e+05	1.00000000e-09	4.71806672e+00	1.00000000e-10	4.71806672e-01	-4.55224234e+05	2.96580503e-11
3.41000000e+01	2.86702306e+01	-1.42449983e+07	-5.54440185e+05	4.08627482e+01	6.60297120e+00	4.08627482e+00	6.60297120e-01	3.30556596e+06	2.72664410e-11
3.42000000e+01	2.87543075e+01	-1.41554434e+07	-5.50954550e+05	5.10058168e+01	1.00000000e-09	5.10058168e+00	1.00000000e-10	4.92131317e+06	2.50676897e-11
3.43000000e+01	2.88383844e+01	-1.40658890e+07	-5.47468936e+05	1.00000000e-09	1.00000000e-09	1.00000000e-10	1.00000000e-10	0.00000000e+00	2.30462446e-11
3.44000000e+01	2.89224613e+01	-1.39763346e+07	-5.43983323e+05	1.00000000e-09	7.07490984e-02	1.00000000e-10	7.07490984e-03	-6.82625016e+03	2.11878078e-11
3.45000000e+01	2.90065383e+01	-1.38867801e+07	-5.40497707e+05	3.96140168e+01	6.63229500e+00	3.96140168e+00	6.63229500e-01	3.18225239e+06	1.94792342e-11
3.46000000e+01	2.90906152e+01	-1.37972214e+07	-5.37011928e+05	5.31863769e+01	1.83871360e+00	5.31863769e+00	1.83871360e-01	4.95429635e+06	1.79084392e-11
3.47000000e+01	2.91746921e+01	-1.37076621e+07	-5.33526123e+05	1.00000000e-09	1.00000000e-09	1.00000000e-10	1.00000000e-10	0.00000000e+00	1.64643122e-11
3.48000000e+01	2.92587690e+01	-1.36181028e+07	-5.30040318e+05	1.00000000e-09	1.00000000e-09	1.00000000e-10	1.00000000e-10	0.00000000e+00	1.51366389e-11
3.49000000e+01	2.93428459e+01	-1.35285435e+07	-5.26554513e+05	3.82172570e+01	4.30999845e+00	3.82172570e+00	4.30999845e-01	3.27155311e+06	1.39160284e-11
3.50000000e+01	2.94269229e+01	-1.34389814e+07	-5.23068601e+05	5.54221115e+01	4.47475795e+00	5.54221115e+00	4.47475795e-01	4.91567233e+06	1.27938473e-11
3.51000000e+01	2.95109998e+01	-1.33494170e+07	-5.19582597e+05	1.00000000e-09	1.00000000e-09	1.00000000e-10	1.00000000e-10	0.00000000e+00	1.17621583e-11
3.52000000e+01	2.95950767e+01	-1.32598526e+07	-5.16096594e+05	1.00000000e-09	1.00000000e-09	1.00000000e-10	1.00000000e-10	0.00000000e+00	1.08136641e-11
3.53000000e+01	2.96791536e+01	-1.31702882e+07	-5.12610592e+05	3.66606508e+01	8.94141071e-01	3.66606508e+00	8.94141071e-02	3.45094357e+06	9.94165601e-12
3.54000000e+01	2.97632306e+01	-1.30807232e+07	-5.09124567e+05	5.76850589e+01	5.12765191e+00	5.76850589e+00	5.12765191e-01	5.07101887e+06	9.13996618e-12
3.55000000e+01	2.98473075e+01	-1.29911555e+07	-5.05638434e+05	1.00000000e-09	7.50297762e-01	1.00000000e-10	7.50297762e-02	-7.23927287e+04	8.40292419e-12
3.56000000e+01	2.99313844e+01	-1.29015873e+07	-5.02152286e+05	1.00000000e-09	1.00000000e-09	1.00000000e-10	1.00000000e-10	0.00000000e+00	7.72531687e-12
3.57000000e+01	3.00154613e+01	-1.28120192e+07	-4.98666137e+05	3.49378323e+01	1.00000000e-09	3.49378323e+00	1.00000000e-10	3.37098836e+06	7.10235144e-12
3.58000000e+01	3.00995383e+01	-1.27224510e+07	-4.95179989e+05	6.00241514e+01	3.79973533e+00	6.00241514e+00	3.79973533e-01	5.42483146e+06	6.52962161e-12
3.59000000e+01	3.01836152e+01	-1.26328810e+07	-4.91693765e+05	1.00000000e-09	3.21382246e+00	1.00000000e-10	3.21382246e-01	-3.10086728e+05	6.00307641e-12
3.60000000e+01	3.02676921e+01	-1.25433090e+07	-4.88207467e+05	1.00000000e-09	1.00000000e-09	1.00000000e-10	1.00000000e-10	0.00000000e+00	5.51899153e-12
3.61000000e+01	3.03517690e+01	-1.24537370e+07	-4.84721168e+05	3.30291471e+01	1.00000000e-09	3.30291471e+00	1.00000000e-10	3.18682823e+06	5.07394300e-12
3.62000000e+01	3.04358459e+01	-1.23641650e+07	-4.81234870e+05	6.24224706e+01	1.19939324e+00	6.24224706e+00	1.19939324e-01	5.90712895e+06	4.66478295e-12
3.63000000e+01	3.05199229e+01	-1.22745927e+07	-4.77748560e+05	1.00000000e-09	4.12580291e+00	1.00000000e-10	4.12580291e-01	-3.98079464e+05	4.28861734e-12
3.64000000e+01	3.06039998e+01	-1.21850179e+07	-4.74262154e+05	1.00000000e-09	1.82816916e-01	1.00000000e-10	1.82816916e-02	-1.76391508e+04	3.94278553e-12
3.65000000e+01	3.06880767e+01	-1.20954431e+07	-4.70775745e+05	3.09204032e+01	1.00000000e-09	3.09204032e+00	1.00000000e-10	2.98336537e+06	3.62484141e-12
3.66000000e+01	3.07721536e+01	-1.20058682e+07	-4.67289335e+05	6.48687677e+01	1.00000000e-09	6.48687677e+00	1.00000000e-10	6.25888460e+06	3.33253613e-12
3.67000000e+01	3.08562306e+01	-1.19162938e+07	-4.63802943e+05	1.00000000e-09	3.34839805e+00	1.00000000e-10	3.34839805e-01	-3.23071298e+05	3.06380220e-12
3.68000000e+01	3.09403075e+01	-1.18267175e+07	-4.60316477e+05	1.00000000e-09	2.44177641e+00	1.00000000e-10	2.44177641e-01	-2.35595608e+05	2.81673882e-12
3.69000000e+01	3.10243844e+01	-1.17371396e+07	-4.56829950e+05	2.85959179e+01	1.00000000e-09	2.85959179e+00	1.00000000e-10	2.75908664e+06	2.58959851e-12
3.70000000e+01	3.11084613e+01	-1.16475617e+07	-4.53343422e+05	6.73515399e+01	1.00000000e-09	6.73515399e+00	1.00000000e-10	6.49843570e+06	2.38077467e-12
3.71000000e+01	3.11925382e+01	-1.15579843e+07	-4.49856912e+05	1.00000000e-09	1.28698421e+00	1.00000000e-10	1.28698421e-01	-1.24175099e+05	2.18879027e-12
3.72000000e+01	3.12766152e+01	-1.14684063e+07	-4.46370381e+05	1.00000000e-09	3.45126079e+00	1.00000000e-10	3.45126079e-01	-3.32996043e+05	2.01228739e-12
3.73000000e+01	3.13606921e+01	-1.13788262e+07	-4.42883764e+05	2.60407220e+01	1.00000000e-09	2.60407220e+00	1.00000000e-10	2.51254771e+06	1.85001761e-12
3.74000000e+01	3.14447690e+01	-1.12892460e+07	-4.39397147e+05	6.98550982e+01	1.00000000e-09	6.98550982e+00	1.00000000e-10	6.73999235e+06	1.70083318e-12
3.75000000e+01	3.15288459e+01	-1.11996662e+07	-4.35910546e+05	1.00000000e-09	1.00000000e-09	1.00000000e-10	1.00000000e-10	0.00000000e+00	1.56367890e-12
3.76000000e+01	3.16129229e+01	-1.11100867e+07	-4.32423958e+05	1.00000000e-09	2.98198139e+00	1.00000000e-10	2.98198139e-01	-2.87717464e+05	1.43758467e-12
3.77000000e+01	3.16969998e+01	-1.10205054e+07	-4.28937295e+05	2.32386035e+01	1.93743327e+00	2.32386035e+00	1.93743327e-01	2.05525048e+06	1.32165861e-12
3.78000000e+01	3.17810767e+01	-1.09309228e+07	-4.25450585e+05	7.23577057e+01	1.00000000e-09	7.23577057e+00	1.00000000e-10	6.98145727e+06	1.21508076e-12
3.79000000e+01	3.18651536e+01	-1.08413406e+07	-4.21963888e+05	1.00000000e-09	1.00000000e-09	1.00000000e-10	1.00000000e-10	0.00000000e+00	1.11709730e-12
3.80000000e+01	3.19492305e+01	-1.07517587e+07	-4.18477206e+05	1.00000000e-09	1.29623345e+00	1.00000000e-10	1.29623345e-01	-1.25067514e+05	1.02701517e-12
3.81000000e+01	3.20333075e+01	-1.06621761e+07	-4.14990493e+05	2.01708509e+01	2.96970694e+00	2.01708509e+00	2.96970694e-01	1.65965808e+06	9.44197214e-13
3.82000000e+01	3.21173844e+01	-1.05725915e+07	-4.11503705e+05	7.48355900e+01	1.00000000e-09	7.48355900e+00	1.00000000e-10	7.22053676e+06	8.68057654e-13
3.83000000e+01	3.22014613e+01	-1.04830072e+07	-4.08016929e+05	1.00000000e-09	1.00000000e-09	1.00000000e-10	1.00000000e-10	0.00000000e+00	7.98057949e-13
3.84000000e+01	3.22855382e+01	-1.03934234e+07	-4.04530171e+05	1.00000000e-09	1.00000000e-09	1.00000000e-10	1.00000000e-10	0.00000000e+00	7.33702982e-13
3.85000000e+01	3.23696152e+01	-1.03038396e+07	-4.01043412e+05	1.68195790e+01	2.69518020e+00	1.68195790e+00	2.69518020e-01	1.36279731e+06	6.74537565e-13
3.86000000e+01	3.24536921e+01	-1.02142541e+07	-3.97556587e+05	7.72625500e+01	1.58791277e+00	7.72625500e+00	1.58791277e-01	7.30149251e+06	6.20143216e-13
3.87000000e+01	3.25377690e+01	-1.01246678e+07	-3.94069731e+05	1.00000000e-09	1.00000000e-09	1.00000000e-10	1.00000000e-10	0.00000000e+00	5.70135198e-13
3.88000000e+01	3.26218459e+01	-1.00350819e+07	-3.90582895e+05	1.00000000e-09	1.00000000e-09	1.00000000e-10	1.00000000e-10	0.00000000e+00	5.24159800e-13
3.89000000e+01	3.27059228e+01	-9.94549612e+06	-3.87096059e+05	1.31703893e+01	1.28374457e+00	1.31703893e+00	1.28374457e-01	1.14688687e+06	4.81891834e-13
3.90000000e+01	3.27899998e+01	-9.85590947e+06	-3.83609190e+05	7.96070653e+01	2.60099029e+00	7.96070653e+00	2.60099029e-01	7.42995673e+06	4.43032333e-13
3.91000000e+01	3.28740767e+01	-9.76632137e+06	-3.80122265e+05	1.00000000e-09	1.00000000e-09	1.00000000e-10	1.00000000e-10	0.00000000e+00	4.07306443e-13
3.92000000e+01	3.29581536e+01	-9.67673378e+06	-3.76635360e+05	1.00000000e-09	1.00000000e-09	1.00000000e-10	1.00000000e-10	0.00000000e+00	3.74461468e-13
3.93000000e+01	3.30422305e+01	-9.58714619e+06	-3.73148455e+05	9.21272522e+00	1.00000000e-09	9.21272522e-01	1.00000000e-10	8.88892853e+05	3.44265096e-13
3.94000000e+01	3.31263075e+01	-9.49755860e+06	-3.69661549e+05	8.18290878e+01	2.45883766e+00	8.18290878e+00	2.45883766e-01	7.65806495e+06	3.16503742e-13
3.95000000e+01	3.32103844e+01	-9.40796959e+06	-3.66174588e+05	1.00000000e-09	1.31009818e+00	1.00000000e-10	1.31009818e-01	-1.26405258e+05	2.90981049e-13
3.96000000e+01	3.32944613e+01	-9.31838027e+06	-3.62687616e+05	1.00000000e-09	1.00000000e-09	1.00000000e-10	1.00000000e-10	0.00000000e+00	2.67516493e-13
3.97000000e+01	3.33785382e+01	-9.22879095e+06	-3.59200643e+05	4.93911773e+00	1.00000000e-09	4.93911773e-01	1.00000000e-10	4.76552414e+05	2.45944106e-13
3.98000000e+01	3.34626152e+01	-9.13920163e+06	-3.55713671e+05	8.38884801e+01	1.27069733e+00	8.38884801e+00	1.27069733e-01	7.97140421e+06	2.26111304e-13
3.99000000e+01	3.35466921e+01	-9.04961158e+06	-3.52226670e+05	1.00000000e-09	2.29371470e+00	1.00000000e-10	2.29371470e-01	-2.21309824e+05	2.07877809e-13
4.00000000e+01	3.36307690e+01	-8.96002062e+06	-3.48739633e+05	1.00000000e-09	1.00000000e-09	1.00000000e-10	1.00000000e-10	0.00000000e+00	1.91114654e-13
4.01000000e+01	3.37148459e+01	-8.87042965e+06	-3.45252597e+05	3.46049717e-01	1.00000000e-09	3.46049717e-02	1.00000000e-10	3.33887218e+04	1.75703270e-13
4.02000000e+01	3.37989228e+01	-8.78083869e+06	-3.41765560e+05	8.57446818e+01	1.00000000e-09	8.57446818e+00	1.00000000e-10	8.27310410e+06	1.61534652e-13
4.03000000e+01	3.38829998e+01	-8.69124774e+06	-3.38278524e+05	2.05499069e+00	2.25450449e+00	2.05499069e-01	2.25450449e-01	-1.92501548e+04	1.48508584e-13
4.04000000e+01	3.39670767e+01	-8.60165592e+06	-3.34791454e+05	1.00000000e-09	1.06968873e+00	1.00000000e-10	1.06968873e-01	-1.03209272e+05	1.36532931e-13
4.05000000e+01	3.40511536e+01	-8.51206342e+06	-3.31304358e+05	1.00000000e-09	1.00000000e-09	1.00000000e-10	1.00000000e-10	0.00000000e+00	1.25522989e-13
4.06000000e+01	3.41352305e+01	-8.42247092e+06	-3.27817261e+05	8.73545306e+01	1.00000000e-09	8.73545306e+00	1.00000000e-10	8.42843089e+06	1.15400882e-13
4.07000000e+01	3.42193075e+01	-8.33287842e+06	-3.24330165e+05	7.10017014e+00	1.24956214e+00	7.10017014e-01	1.24956214e-01	5.64497856e+05	1.06095016e-13
4.08000000e+01	3.43033844e+01	-8.24328569e+06	-3.20843059e+05	1.00000000e-09	2.02621364e+00	1.00000000e-10	2.02621364e-01	-1.95499896e+05	9.75395708e-14
4.09000000e+01	3.43874613e+01	-8.15369174e+06	-3.17355907e+05	1.00000000e-09	1.00000000e-09	1.00000000e-10	1.00000000e-10	0.00000000e+00	8.96740319e-14
4.10000000e+01	3.44715382e+01	-8.06409779e+06	-3.13868754e+05	8.86745497e+01	1.00000000e-09	8.86745497e+00	1.00000000e-10	8.55579338e+06	8.24427658e-14
4.11000000e+01	3.45556151e+01	-7.97450384e+06	-3.10381601e+05	1.24477793e+01	1.00000000e-09	1.24477793e+00	1.00000000e-10	1.20102812e+06	7.57946252e-14
4.12000000e+01	3.46396921e+01	-7.88491045e+06	-3.06894470e+05	1.00000000e-09	2.06976995e+00	1.00000000e-10	2.06976995e-01	-1.99702441e+05	6.96825871e-14
4.13000000e+01	3.47237690e+01	-7.79531589e+06	-3.03407293e+05	1.00000000e-09	8.77658464e-01	1.00000000e-10	8.77658464e-02	-8.46811683e+04	6.40634205e-14
4.14000000e+01	3.48078459e+01	-7.70572076e+06	-2.99920094e+05	8.96583727e+01	1.00000000e-09	8.96583727e+00	1.00000000e-10	8.65071787e+06	5.88973804e-14
4.15000000e+01	3.48919228e+01	-7.61612563e+06	-2.96432896e+05	1.80804574e+01	1.00000000e-09	1.80804574e+00	1.00000000e-10	1.74449894e+06	5.41479271e-14
4.16000000e+01	3.49759998e+01	-7.52653105e+06	-2.92945718e+05	1.00000000e-09	1.21057943e+00	1.00000000e-10	1.21057943e-01	-1.16803158e+05	4.97814672e-14
4.17000000e+01	3.50600767e+01	-7.43693592e+06	-2.89458520e+05	1.00000000e-09	1.80373213e+00	1.00000000e-10	1.80373213e-01	-1.74033693e+05	4.57671163e-14
4.18000000e+01	3.51441536e+01	-7.34733962e+06	-2.85971275e+05	9.02610827e+01	1.00000000e-09	9.02610827e+00	1.00000000e-10	8.70887054e+06	4.20764804e-14
4.19000000e+01	3.52282305e+01	-7.25774333e+06	-2.82484031e+05	2.39740929e+01	1.00000000e-09	2.39740929e+00	1.00000000e-10	2.31314831e+06	3.86834555e-14
4.20000000e+01	3.53123074e+01	-7.16814756e+06	-2.78996808e+05	1.00000000e-09	1.00000000e-09	1.00000000e-10	1.00000000e-10	0.00000000e+00	3.55640423e-14
4.21000000e+01	3.53963844e+01	-7.07855208e+06	-2.75509595e+05	1.00000000e-09	1.90124630e+00	1.00000000e-10	1.90124630e-01	-1.83442381e+05	3.26961769e-14
4.22000000e+01	3.54804613e+01	-6.98895538e+06	-2.72022336e+05	9.04411841e+01	7.42407314e-01	9.04411841e+00	7.42407314e-02	8.65461627e+06	3.00595747e-14
4.23000000e+01	3.55645382e+01	-6.89935820e+06	-2.68535057e+05	3.00975103e+01	1.00000000e-09	3.00975103e+00	1.00000000e-10	2.90396828e+06	2.76355866e-14
4.24000000e+01	3.56486151e+01	-6.80976151e+06	-2.65047798e+05	1.00000000e-09	1.00000000e-09	1.00000000e-10	1.00000000e-10	0.00000000e+00	2.54070677e-14
4.25000000e+01	3.57326921e+01	-6.72016518e+06	-2.61560552e+05	1.00000000e-09	1.14311177e+00	1.00000000e-10	1.14311177e-01	-1.10293518e+05	2.33582553e-14
4.26000000e+01	3.58167690e+01	-6.63056811e+06	-2.58073278e+05	9.01590306e+01	1.63569506e+00	9.01590306e+00	1.63569506e-01	8.54120343e+06	2.14746581e-14
4.27000000e+01	3.59008459e+01	-6.54096999e+06	-2.54585963e+05	3.64130970e+01	1.00000000e-09	3.64130970e+00	1.00000000e-10	3.51332976e+06	1.97429531e-14
4.28000000e+01	3.59849228e+01	-6.45137232e+06	-2.51098665e+05	1.00000000e-09	1.00000000e-09	1.00000000e-10	1.00000000e-10	0.00000000e+00	1.81508919e-14
4.29000000e+01	3.60689997e+01	-6.36177507e+06	-2.47611384e+05	1.00000000e-09	1.00000000e-09	1.00000000e-10	1.00000000e-10	0.00000000e+00	1.66872137e-14
4.30000000e+01	3.61530767e+01	-6.27217781e+06	-2.44124102e+05	8.93770828e+01	1.75079505e+00	8.93770828e+00	1.75079505e-01	8.45465148e+06	1.53415657e-14
4.31000000e+01	3.62371536e+01	-6.18257943e+06	-2.40636777e+05	4.28782388e+01	6.73196487e-01	4.28782388e+00	6.73196487e-02	4.07216753e+06	1.41044300e-14
4.32000000e+01	3.63212305e+01	-6.09298102e+06	-2.37149450e+05	1.00000000e-09	1.00000000e-09	1.00000000e-10	1.00000000e-10	0.00000000e+00	1.29670563e-14
4.33000000e+01	3.64053074e+01	-6.00338307e+06	-2.33662142e+05	1.00000000e-09	1.00000000e-09	1.00000000e-10	1.00000000e-10	0.00000000e+00	1.19213998e-14
4.34000000e+01	3.64893844e+01	-5.91378513e+06	-2.30174834e+05	8.80617428e+01	1.04638790e+00	8.80617428e+00	1.04638790e-01	8.39570542e+06	1.09600645e-14
4.35000000e+01	3.65734613e+01	-5.82418651e+06	-2.26687499e+05	4.94448062e+01	1.52597291e+00	4.94448062e+00	1.52597291e-01	4.62346455e+06	1.00762507e-14
4.36000000e+01	3.66575382e+01	-5.73458725e+06	-2.23200140e+05	1.00000000e-09	1.00000000e-09	1.00000000e-10	1.00000000e-10	0.00000000e+00	9.26370726e-15
4.37000000e+01	3.67416151e+01	-5.64498851e+06	-2.19712801e+05	1.00000000e-09	1.00000000e-09	1.00000000e-10	1.00000000e-10	0.00000000e+00	8.51668685e-15
4.38000000e+01	3.68256921e+01	-5.55538977e+06	-2.16225461e+05	8.61865316e+01	1.00000000e-09	8.61865316e+00	1.00000000e-10	8.31573613e+06	7.82990577e-15
4.39000000e+01	3.69097690e+01	-5.46579103e+06	-2.12738122e+05	5.60586391e+01	1.63146518e+00	5.60586391e+00	1.63146518e-01	5.25142395e+06	7.19850635e-15
4.40000000e+01	3.69938459e+01	-5.37619152e+06	-2.09250753e+05	1.00000000e-09	6.83815892e-01	1.00000000e-10	6.83815892e-02	-6.59782034e+04	6.61802264e-15
4.41000000e+01	3.70779228e+01	-5.28659212e+06	-2.05763388e+05	1.00000000e-09	1.00000000e-09	1.00000000e-10	1.00000000e-10	0.00000000e+00	6.08434883e-15
4.42000000e+01	3.71619997e+01	-5.19699273e+06	-2.02276023e+05	8.37312952e+01	1.00000000e-09	8.37312952e+00	1.00000000e-10	8.07884182e+06	5.59371018e-15
4.43000000e+01	3.72460767e+01	-5.10739333e+06	-1.98788658e+05	6.26610571e+01	9.28039846e-01	6.26610571e+00	9.28039846e-02	5.95633068e+06	5.14263638e-15
4.44000000e+01	3.73301536e+01	-5.01779355e+06	-1.95301279e+05	1.00000000e-09	1.48575490e+00	1.00000000e-10	1.48575490e-01	-1.43353555e+05	4.72793693e-15
4.45000000e+01	3.74142305e+01	-4.92819340e+06	-1.91813884e+05	1.00000000e-09	1.00000000e-09	1.00000000e-10	1.00000000e-10	0.00000000e+00	4.34667862e-15
4.46000000e+01	3.74983074e+01	-4.83859325e+06	-1.88326490e+05	8.06816761e+01	1.00000000e-09	8.06816761e+00	1.00000000e-10	7.78459832e+06	3.99616478e-15
4.47000000e+01	3.75823844e+01	-4.74899310e+06	-1.84839096e+05	6.91913357e+01	1.00000000e-09	6.91913357e+00	1.00000000e-10	6.67594900e+06	3.67391618e-15
4.48000000e+01	3.76664613e+01	-4.65939309e+06	-1.81351707e+05	1.00000000e-09	1.54196403e+00	1.00000000e-10	1.54196403e-01	-1.48776911e+05	3.37765354e-15
4.49000000e+01	3.77505382e+01	-4.56979269e+06	-1.77864304e+05	1.00000000e-09	7.62464767e-01	1.00000000e-10	7.62464767e-02	-7.35666662e+04	3.10528136e-15
4.50000000e+01	3.78346151e+01	-4.48019181e+06	-1.74376881e+05	7.70301002e+01	1.00000000e-09	7.70301002e+00	1.00000000e-10	7.43227480e+06	2.85487313e-15
4.51000000e+01	3.79186920e+01	-4.39059092e+06	-1.70889458e+05	7.55870556e+01	1.00000000e-09	7.55870556e+00	1.00000000e-10	7.29304216e+06	2.62465769e-15
4.52000000e+01	3.80027690e+01	-4.30099010e+06	-1.67402038e+05	1.00000000e-09	7.98420840e-01	1.00000000e-10	7.98420840e-02	-7.70358998e+04	2.41300669e-15
4.53000000e+01	3.80868459e+01	-4.21138939e+06	-1.63914622e+05	1.00000000e-09	1.50623321e+00	1.00000000e-10	1.50623321e-01	-1.45329412e+05	2.21842312e-15
4.54000000e+01	3.81709228e+01	-4.12178771e+06	-1.60427168e+05	7.27771946e+01	1.00000000e-09	7.27771946e+00	1.00000000e-10	7.02193179e+06	2.03953067e-15
4.55000000e+01	3.82549997e+01	-4.03218602e+06	-1.56939714e+05	8.17815675e+01	1.00000000e-09	8.17815675e+00	1.00000000e-10	7.89072170e+06	1.87506400e-15
4.56000000e+01	3.83390767e+01	-3.94258434e+06	-1.53452260e+05	1.00000000e-09	1.00000000e-09	1.00000000e-10	1.00000000e-10	0.00000000e+00	1.72385984e-15
4.57000000e+01	3.84231536e+01	-3.85298328e+06	-1.49964831e+05	1.00000000e-09	1.47311883e+00	1.00000000e-10	1.47311883e-01	-1.42134360e+05	1.58484870e-15
4.58000000e+01	3.85072305e+01	-3.76338132e+06	-1.46477366e+05	6.78286743e+01	8.90576628e-01	6.78286743e+00	8.90576628e-02	6.45854458e+06	1.45704735e-15
4.59000000e+01	3.85913074e+01	-3.67377878e+06	-1.42989879e+05	8.77064714e+01	1.00000000e-09	8.77064714e+00	1.00000000e-10	8.46238803e+06	1.33955183e-15
4.60000000e+01	3.86753843e+01	-3.58417625e+06	-1.39502392e+05	1.00000000e-09	1.00000000e-09	1.00000000e-10	1.00000000e-10	0.00000000e+00	1.23153109e-15
4.61000000e+01	3.87594613e+01	-3.49457432e+06	-1.36014929e+05	1.00000000e-09	6.46326034e-01	1.00000000e-10	6.46326034e-02	-6.23609819e+04	1.13222108e-15
4.62000000e+01	3.88435382e+01	-3.40497211e+06	-1.32527454e+05	6.23057927e+01	1.54463497e+00	6.23057927e+00	1.54463497e-01	5.86256049e+06	1.04091937e-15
4.63000000e+01	3.89276151e+01	-3.31536890e+06	-1.29039941e+05	9.32995781e+01	1.00000000e-09	9.32995781e+00	1.00000000e-10	9.00204078e+06	9.56980191e-16
4.64000000e+01	3.90116920e+01	-3.22576569e+06	-1.25552428e+05	1.00000000e-09	1.00000000e-09	1.00000000e-10	1.00000000e-10	0.00000000e+00	8.79809819e-16
4.65000000e+01	3.90957690e+01	-3.13616308e+06	-1.22064938e+05	1.00000000e-09	1.00000000e-09	1.00000000e-10	1.00000000e-10	0.00000000e+00	8.08862425e-16
4.66000000e+01	3.91798459e+01	-3.04656066e+06	-1.18577455e+05	5.62351685e+01	1.37303968e+00	5.62351685e+00	1.37303968e-01	5.29339072e+06	7.43636191e-16
4.67000000e+01	3.92639228e+01	-2.95695736e+06	-1.15089939e+05	9.84991941e+01	1.03309255e+00	9.84991941e+00	1.03309255e-01	9.40404918e+06	6.83669765e-16
4.68000000e+01	3.93479997e+01	-2.86735339e+06	-1.11602396e+05	1.00000000e-09	1.00000000e-09	1.00000000e-10	1.00000000e-10	0.00000000e+00	6.28539001e-16
4.69000000e+01	3.94320766e+01	-2.77774999e+06	-1.08114876e+05	1.00000000e-09	1.00000000e-09	1.00000000e-10	1.00000000e-10	0.00000000e+00	5.77853951e-16
4.70000000e+01	3.95161536e+01	-2.68814686e+06	-1.04627365e+05	4.96502071e+01	4.26212954e-01	4.96502071e+00	4.26212954e-02	4.74939342e+06	5.31256117e-16
4.71000000e+01	3.96002305e+01	-2.59854346e+06	-1.01139845e+05	1.03245099e+02	1.55267730e+00	1.03245099e+01	1.55267730e-01	9.81182709e+06	4.88415907e-16
4.72000000e+01	3.96843074e+01	-2.50893906e+06	-9.76522849e+04	1.00000000e-09	1.57652752e-01	1.00000000e-10	1.57652752e-02	-1.52111780e+04	4.49030309e-16
4.73000000e+01	3.97683843e+01	-2.41933508e+06	-9.41647419e+04	1.00000000e-09	1.00000000e-09	1.00000000e-10	1.00000000e-10	0.00000000e+00	4.12820745e-16
4.74000000e+01	3.98524613e+01	-2.32973144e+06	-9.06772119e+04	4.25922045e+01	1.00000000e-09	4.25922045e+00	1.00000000e-10	4.10952300e+06	3.79531100e-16
4.75000000e+01	3.99365382e+01	-2.24012780e+06	-8.71896819e+04	1.07479666e+02	1.16086193e+00	1.07479666e+01	1.16086193e-01	1.02582052e+07	3.48925915e-16
4.76000000e+01	4.00206151e+01	-2.15052341e+06	-8.37021228e+04	1.00000000e-09	1.17466807e+00	1.00000000e-10	1.17466807e-01	-1.13338238e+05	3.20788716e-16
4.77000000e+01	4.01046920e+01	-2.06091876e+06	-8.02145533e+04	1.00000000e-09	1.00000000e-09	1.00000000e-10	1.00000000e-10	0.00000000e+00	2.94920485e-16
4.78000000e+01	4.01887690e+01	-1.97131449e+06	-7.67269991e+04	3.51102654e+01	1.00000000e-09	3.51102654e+00	1.00000000e-10	3.38762562e+06	2.71138254e-16
4.79000000e+01	4.02728459e+01	-1.88171023e+06	-7.32394448e+04	1.11150257e+02	8.28573920e-02	1.11150257e+01	8.28573920e-03	1.07163749e+07	2.49273810e-16
4.80000000e+01	4.03569228e+01	-1.79210591e+06	-6.97518885e+04	1.00000000e-09	1.45342672e+00	1.00000000e-10	1.45342672e-01	-1.40234359e+05	2.29172503e-16
4.81000000e+01	4.04409997e+01	-1.70250110e+06	-6.62643127e+04	1.00000000e-09	4.93408325e-01	1.00000000e-10	4.93408325e-02	-4.76066660e+04	2.10692155e-16
4.82000000e+01	4.05250766e+01	-1.61289641e+06	-6.27767419e+04	2.72596718e+01	1.00000000e-09	2.72596718e+00	1.00000000e-10	2.63015848e+06	1.93702052e-16
4.83000000e+01	4.06091536e+01	-1.52329172e+06	-5.92891711e+04	1.14211739e+02	1.00000000e-09	1.14211739e+01	1.00000000e-10	1.10197575e+07	1.78082022e-16
4.84000000e+01	4.06932305e+01	-1.43368703e+06	-5.58016004e+04	1.00000000e-09	7.77718917e-01	1.00000000e-10	7.77718917e-02	-7.50384679e+04	1.63721583e-16
4.85000000e+01	4.07773074e+01	-1.34408222e+06	-5.23140246e+04	1.00000000e-09	1.30057801e+00	1.00000000e-10	1.30057801e-01	-1.25486701e+05	1.50519162e-16
4.86000000e+01	4.08613843e+01	-1.25447706e+06	-4.88264356e+04	1.90999685e+01	1.00000000e-09	1.90999685e+00	1.00000000e-10	1.84286680e+06	1.38381377e-16
4.87000000e+01	4.09454613e+01	-1.16487190e+06	-4.53388466e+04	1.16624356e+02	1.00000000e-09	1.16624356e+01	1.00000000e-10	1.12525397e+07	1.27222377e-16
4.88000000e+01	4.10295382e+01	-1.07526675e+06	-4.18512575e+04	1.00000000e-09	1.00000000e-09	1.00000000e-10	1.00000000e-10	0.00000000e+00	1.16963232e-16
4.89000000e+01	4.11136151e+01	-9.85661895e+05	-3.83636804e+04	1.00000000e-09	1.17110733e+00	1.00000000e-10	1.17110733e-01	-1.12994679e+05	1.07531379e-16
4.90000000e+01	4.11976920e+01	-8.96056824e+05	-3.48760947e+04	1.06953785e+01	8.99081176e-01	1.06953785e+00	8.99081176e-02	9.45199005e+05	9.88601065e-17
4.91000000e+01	4.12817689e+01	-8.06451175e+05	-3.13884866e+04	1.18353894e+02	1.00000000e-09	1.18353894e+01	1.00000000e-10	1.14194147e+07	9.08880802e-17
4.92000000e+01	4.13658459e+01	-7.16845525e+05	-2.79008784e+04	1.00000000e-09	1.00000000e-09	1.00000000e-10	1.00000000e-10	0.00000000e+00	8.35589140e-17
4.93000000e+01	4.14499228e+01	-6.27240114e+05	-2.44132795e+04	1.00000000e-09	1.63337964e-01	1.00000000e-10	1.63337964e-02	-1.57597176e+04	7.68207678e-17
4.94000000e+01	4.15339997e+01	-5.37635158e+05	-2.09256982e+04	2.11523434e+00	1.27612402e+00	2.11523434e-01	1.27612402e-01	8.09618385e+04	7.06259821e-17
4.95000000e+01	4.16180766e+01	-4.48029381e+05	-1.74380851e+04	1.19374912e+02	4.25373958e-01	1.19374912e+01	4.25373958e-02	1.14768857e+07	6.49307406e-17
4.96000000e+01	4.17021536e+01	-3.58423331e+05	-1.39504613e+04	1.30758716e+00	1.00000000e-09	1.30758716e-01	1.00000000e-10	1.26162981e+05	5.96947603e-17
4.97000000e+01	4.17862305e+01	-2.68817446e+05	-1.04628440e+04	1.00000000e-09	1.00000000e-09	1.00000000e-10	1.00000000e-10	0.00000000e+00	5.48810067e-17
4.98000000e+01	4.18703074e+01	-1.79212139e+05	-6.97524909e+03	1.00000000e-09	5.85463661e-01	1.00000000e-10	5.85463661e-02	-5.64886557e+04	5.04554316e-17
4.99000000e+01	4.19543843e+01	-8.96064562e+04	-3.48763959e+03	1.19671116e+02	1.20348998e+00	1.19671116e+01	1.20348998e-01	1.14303882e+07	4.63867326e-17
5.00000000e+01	4.20384612e+01	0.00000000e+00	0.00000000e+00	1.00000000e+01	1.00000000e+01	1.00000000e+00	1.00000000e+00	0.00000000e+00	4.26461312e-17
