# 1D PNP Solver Results
# Debye length: 1.18939 nm
# Surface potential: 100 mV
# Bulk concentration: 10 mol/m^3
# Thermal voltage: 25.6926 mV
# Grid: non-uniform with stretching factor 1
#
# Columns:
# 1: x [nm]
# 2: x/lambda_D [-]
# 3: phi [mV]
# 4: phi_normalized = e*phi/(kB*T) [-]
# 5: c+ [mol/m^3]
# 6: c- [mol/m^3]
# 7: c+/c0 [-]
# 8: c-/c0 [-]
# 9: rho [C/m^3]
# 10: phi_GC [mV] (Gouy-Chapman analytical)
0.00000000e+00	0.00000000e+00	1.00000000e+02	3.89217445e+00	1.00000000e-09	1.39833056e+05	1.00000000e-10	1.39833056e+04	-1.34918389e+10	1.00000000e+02
1.00000000e-01	8.40769225e-02	-8.87069389e+04	-3.45262881e+03	1.00000000e-09	4.04548553e+03	1.00000000e-10	4.04548553e+02	-3.90330015e+08	8.70576373e+01
2.00000000e-01	1.68153845e-01	-1.77513878e+05	-6.90914980e+03	8.83388432e+01	1.00000000e-09	8.83388432e+00	1.00000000e-10	8.52340263e+06	7.68715638e+01
3.00000000e-01	2.52230767e-01	-2.65026771e+05	-1.03153043e+04	4.26148197e-02	1.00000000e-09	4.26148197e-03	1.00000000e-10	4.11170494e+03	6.85207345e+01
4.00000000e-01	3.36307690e-01	-3.52341178e+05	-1.37137333e+04	1.00000000e-09	1.39020458e+05	1.00000000e-10	1.39020458e+04	-1.34134350e+10	6.14862309e+01
5.00000000e-01	4.20384612e-01	-4.39655585e+05	-1.71121624e+04	1.00000000e-09	1.66621165e+04	1.00000000e-10	1.66621165e+03	-1.60764984e+09	5.54461690e+01
6.00000000e-01	5.04461535e-01	-5.26969992e+05	-2.05105914e+04	8.76909040e+01	1.00000000e-09	8.76909040e+00	1.00000000e-10	8.46088599e+06	5.01866549e+01
7.00000000e-01	5.88538457e-01	-6.13025342e+05	-2.38600157e+04	6.56543802e-01	1.00000000e-09	6.56543802e-02	1.00000000e-10	6.33468467e+04	4.55579535e+01
8.00000000e-01	6.72615380e-01	-6.98705286e+05	-2.71948286e+04	1.00000000e-09	1.37135677e+05	1.00000000e-10	1.37135677e+04	-1.32315813e+10	4.14508515e+01
9.00000000e-01	7.56692302e-01	-7.84385231e+05	-3.05296415e+04	1.00000000e-09	2.94728294e+04	1.00000000e-10	2.94728294e+03	-2.84369574e+09	3.77829914e+01
1.00000000e+00	8.40769225e-01	-8.70065176e+05	-3.38644545e+04	8.98210143e+01	1.00000000e-09	8.98210143e+00	1.00000000e-10	8.66641039e+06	3.44905241e+01
1.10000000e+00	9.24846147e-01	-9.54545839e+05	-3.71525893e+04	2.86048126e+00	1.00000000e-09	2.86048126e-01	1.00000000e-10	2.75994484e+05	3.15227780e+01
1.20000000e+00	1.00892307e+00	-1.03849815e+06	-4.04201597e+04	1.00000000e-09	1.34152817e+05	1.00000000e-10	1.34152817e+04	-1.29437791e+10	2.88387272e+01
1.30000000e+00	1.09299999e+00	-1.12245046e+06	-4.36877301e+04	1.00000000e-09	4.23406292e+04	1.00000000e-10	4.23406292e+03	-4.08524967e+09	2.64045776e+01
1.40000000e+00	1.17707691e+00	-1.20640277e+06	-4.69553006e+04	9.49445901e+01	1.00000000e-09	9.49445901e+00	1.00000000e-10	9.16076031e+06	2.41920729e+01
1.50000000e+00	1.26115384e+00	-1.28923605e+06	-5.01793161e+04	8.52099162e+00	1.00000000e-09	8.52099162e-01	1.00000000e-10	8.22150707e+05	2.21772778e+01
1.60000000e+00	1.34523076e+00	-1.37141479e+06	-5.33778562e+04	1.00000000e-09	1.30048346e+05	1.00000000e-10	1.30048346e+04	-1.25477579e+10	2.03396868e+01
1.70000000e+00	1.42930768e+00	-1.45359354e+06	-5.65763963e+04	1.00000000e-09	5.51156911e+04	1.00000000e-10	5.51156911e+03	-5.31785576e+09	1.86615585e+01
1.80000000e+00	1.51338460e+00	-1.53577228e+06	-5.97749363e+04	1.03025763e+02	1.00000000e-09	1.03025763e+01	1.00000000e-10	9.94047500e+06	1.71274116e+01
1.90000000e+00	1.59746153e+00	-1.61692902e+06	-6.29336983e+04	2.12648033e+01	1.00000000e-09	2.12648033e+00	1.00000000e-10	2.05174161e+06	1.57236358e+01
2.00000000e+00	1.68153845e+00	-1.69733543e+06	-6.60632557e+04	1.00000000e-09	1.24805355e+05	1.00000000e-10	1.24805355e+04	-1.20418862e+10	1.44381886e+01
2.10000000e+00	1.76561537e+00	-1.77774183e+06	-6.91928132e+04	1.00000000e-09	6.76337382e+04	1.00000000e-10	6.76337382e+03	-6.52566370e+09	1.32603556e+01
2.20000000e+00	1.84969229e+00	-1.85814823e+06	-7.23223706e+04	1.12645847e+02	1.00000000e-09	1.12645847e+01	1.00000000e-10	1.08686720e+07	1.21805577e+01
2.30000000e+00	1.93376922e+00	-1.93764301e+06	-7.54164461e+04	4.86587013e+01	1.00000000e-09	4.86587013e+00	1.00000000e-10	4.69485095e+06	1.11901960e+01
2.40000000e+00	2.01784614e+00	-2.01632695e+06	-7.84789625e+04	1.00000000e-09	1.18416449e+05	1.00000000e-10	1.18416449e+04	-1.14254504e+10	1.02815237e+01
2.50000000e+00	2.10192306e+00	-2.09501090e+06	-8.15414789e+04	1.00000000e-09	7.97145900e+04	1.00000000e-10	7.97145900e+03	-7.69128869e+09	9.44754093e+00
2.60000000e+00	2.18599998e+00	-2.17369484e+06	-8.46039953e+04	1.15838997e+02	1.00000000e-09	1.15838997e+01	1.00000000e-10	1.11767641e+07	8.68190590e+00
2.70000000e+00	2.27007691e+00	-2.25158550e+06	-8.76356356e+04	1.08203156e+02	1.00000000e-09	1.08203156e+01	1.00000000e-10	1.04400174e+07	7.97886054e+00
2.80000000e+00	2.35415383e+00	-2.32864684e+06	-9.06349973e+04	1.00000000e-09	1.10877791e+05	1.00000000e-10	1.10877791e+04	-1.06980805e+10	7.33316685e+00
2.90000000e+00	2.43823075e+00	-2.40570818e+06	-9.36343591e+04	1.00000000e-09	9.11615268e+04	1.00000000e-10	9.11615268e+03	-8.79575019e+09	6.74005227e+00
3.00000000e+00	2.52230767e+00	-2.48276952e+06	-9.66337209e+04	6.29542959e+01	1.00000000e-09	6.29542959e+00	1.00000000e-10	6.07416615e+06	6.19516235e+00
3.10000000e+00	2.60638460e+00	-2.55913932e+06	-9.96061667e+04	2.41139084e+02	1.00000000e-09	2.41139084e+01	1.00000000e-10	2.32663846e+07	5.69451955e+00
3.20000000e+00	2.69046152e+00	-2.63470185e+06	-1.02547192e+05	1.32153849e+02	1.02132243e+05	1.32153849e+01	1.02132243e+04	-9.84151245e+09	5.23448697e+00
3.30000000e+00	2.77453844e+00	-2.71033620e+06	-1.05491013e+05	8.62124369e+01	1.01681518e+05	8.62124369e+00	1.01681518e+04	-9.80245677e+09	4.81173646e+00
3.40000000e+00	2.85861536e+00	-2.78601744e+06	-1.08436659e+05	7.65345417e+01	1.00000000e-09	7.65345417e+00	1.00000000e-10	7.38446067e+06	4.42322017e+00
3.50000000e+00	2.94269229e+00	-2.86118700e+06	-1.11362389e+05	3.91922979e+01	1.00000000e-09	3.91922979e+00	1.00000000e-10	3.78148188e+06	4.06614534e+00
3.60000000e+00	3.02676921e+00	-2.93547322e+06	-1.14253739e+05	1.00000000e-09	9.26159334e+04	1.00000000e-10	9.26159334e+03	-8.93607909e+09	3.73795159e+00
3.70000000e+00	3.11084613e+00	-3.00975944e+06	-1.17145088e+05	1.00000000e-09	1.11029715e+05	1.00000000e-10	1.11029715e+04	-1.07127389e+10	3.43629058e+00
3.80000000e+00	3.19492305e+00	-3.08404567e+06	-1.20036438e+05	1.05634080e+01	1.00000000e-09	1.05634080e+00	1.00000000e-10	1.01921393e+06	3.15900770e+00
3.90000000e+00	3.27899998e+00	-3.15788316e+06	-1.22910322e+05	1.95375919e+01	1.00000000e-09	1.95375919e+00	1.00000000e-10	1.88509105e+06	2.90412542e+00
4.00000000e+00	3.36307690e+00	-3.23084480e+06	-1.25750116e+05	1.00000000e-09	8.23015852e+04	1.00000000e-10	8.23015852e+03	-7.94089578e+09	2.66982829e+00
4.10000000e+00	3.44715382e+00	-3.30380645e+06	-1.28589910e+05	1.00000000e-09	1.19432679e+05	1.00000000e-10	1.19432679e+04	-1.15235017e+10	2.45444929e+00
4.20000000e+00	3.53123074e+00	-3.37676809e+06	-1.31429705e+05	3.80241011e+00	1.00000000e-09	3.80241011e-01	1.00000000e-10	3.66876802e+05	2.25645740e+00
4.30000000e+00	3.61530767e+00	-3.44931616e+06	-1.34253402e+05	1.40568507e+01	1.00000000e-09	1.40568507e+00	1.00000000e-10	1.35627991e+06	2.07444628e+00
4.40000000e+00	3.69938459e+00	-3.52096589e+06	-1.37042135e+05	1.00000000e-09	7.10345150e+04	1.00000000e-10	7.10345150e+03	-6.85378877e+09	1.90712395e+00
4.50000000e+00	3.78346151e+00	-3.59261561e+06	-1.39830867e+05	1.00000000e-09	1.27047064e+05	1.00000000e-10	1.27047064e+04	-1.22581782e+10	1.75330334e+00
4.60000000e+00	3.86753843e+00	-3.66426533e+06	-1.42619599e+05	8.84144158e-01	1.00000000e-09	8.84144158e-02	1.00000000e-10	8.53069426e+04	1.61189369e+00
4.70000000e+00	3.95161536e+00	-3.73552068e+06	-1.45392981e+05	1.15243653e+01	1.00000000e-09	1.15243653e+00	1.00000000e-10	1.11193221e+06	1.48189263e+00
4.80000000e+00	4.03569228e+00	-3.80584297e+06	-1.48130048e+05	1.00000000e-09	5.87709883e+04	1.00000000e-10	5.87709883e+03	-5.67053832e+09	1.36237899e+00
4.90000000e+00	4.11976920e+00	-3.87616526e+06	-1.50867114e+05	1.00000000e-09	1.33862232e+05	1.00000000e-10	1.33862232e+04	-1.29157419e+10	1.25250612e+00
5.00000000e+00	4.20384612e+00	-3.94648755e+06	-1.53604180e+05	1.00000000e-09	1.00000000e-09	1.00000000e-10	1.00000000e-10	0.00000000e+00	1.15149587e+00
5.10000000e+00	4.28792305e+00	-4.01644165e+06	-1.56326916e+05	9.94289379e+00	1.00000000e-09	9.94289379e-01	1.00000000e-10	9.59343410e+05	1.05863300e+00
5.20000000e+00	4.37199997e+00	-4.08540969e+06	-1.59011272e+05	1.00889579e+00	4.54429205e+04	1.00889579e-01	4.54429205e+03	-4.38447793e+09	9.73260072e-01
5.30000000e+00	4.45607689e+00	-4.15437823e+06	-1.61695648e+05	1.00000000e-09	1.39726717e+05	1.00000000e-10	1.39726717e+04	-1.34815787e+10	8.94772759e-01
5.40000000e+00	4.54015381e+00	-4.22334678e+06	-1.64380024e+05	1.00000000e-09	1.00000000e-09	1.00000000e-10	1.00000000e-10	0.00000000e+00	8.22615544e-01
5.50000000e+00	4.62423074e+00	-4.29198720e+06	-1.67051629e+05	8.32527543e+00	1.00000000e-09	8.32527543e-01	1.00000000e-10	8.03266964e+05	7.56277766e-01
5.60000000e+00	4.70830766e+00	-4.35957687e+06	-1.69682337e+05	1.78605883e+00	3.10023774e+04	1.78605883e-01	3.10023774e+03	-2.99110236e+09	6.95289988e-01
5.70000000e+00	4.79238458e+00	-4.42716742e+06	-1.72313079e+05	1.00000000e-09	1.44429921e+05	1.00000000e-10	1.44429921e+04	-1.39353689e+10	6.39220665e-01
5.80000000e+00	4.87646150e+00	-4.49475797e+06	-1.74943821e+05	1.00000000e-09	1.00000000e-09	1.00000000e-10	1.00000000e-10	0.00000000e+00	5.87673079e-01
5.90000000e+00	4.96053843e+00	-4.56207727e+06	-1.77564006e+05	5.45186779e+00	1.00000000e-09	5.45186779e-01	1.00000000e-10	5.26025274e+05	5.40282524e-01
6.00000000e+00	5.04461535e+00	-4.62827681e+06	-1.80140607e+05	3.89591056e+00	1.54368288e+04	3.89591056e-01	1.54368288e+03	-1.48905165e+09	4.96713722e-01
6.10000000e+00	5.12869227e+00	-4.69447820e+06	-1.82717281e+05	1.00000000e-09	1.47720486e+05	1.00000000e-10	1.47720486e+04	-1.42528602e+10	4.56658442e-01
6.20000000e+00	5.21276919e+00	-4.76067960e+06	-1.85293955e+05	1.00000000e-09	1.00000000e-09	1.00000000e-10	1.00000000e-10	0.00000000e+00	4.19833321e-01
6.30000000e+00	5.29684612e+00	-4.82668364e+06	-1.87862947e+05	1.00000000e-09	1.00000000e-09	1.00000000e-10	1.00000000e-10	0.00000000e+00	3.85977854e-01
6.40000000e+00	5.38092304e+00	-4.89149882e+06	-1.90385667e+05	4.55471135e-01	1.00000000e-09	4.55471135e-02	1.00000000e-10	4.39462836e+04	3.54852548e-01
6.50000000e+00	5.46499996e+00	-4.95631420e+06	-1.92908395e+05	1.00000000e-09	1.49336644e+05	1.00000000e-10	1.49336644e+04	-1.44087957e+10	3.26237227e-01
6.60000000e+00	5.54907688e+00	-5.02112959e+06	-1.95431123e+05	1.00000000e-09	7.14902115e+03	1.00000000e-10	7.14902115e+02	-6.89775680e+08	2.99929475e-01
6.70000000e+00	5.63315381e+00	-5.08583715e+06	-1.97949654e+05	3.92149228e-01	1.00000000e-09	3.92149228e-02	1.00000000e-10	3.78366484e+04	2.75743201e-01
6.80000000e+00	5.71723073e+00	-5.14928394e+06	-2.00419114e+05	4.23726875e-03	1.00000000e-09	4.23726875e-04	1.00000000e-10	4.08834186e+02	2.53507323e-01
6.90000000e+00	5.80130765e+00	-5.21273074e+06	-2.02888574e+05	1.00000000e-09	1.49004588e+05	1.00000000e-10	1.49004588e+04	-1.43767571e+10	2.33064554e-01
7.00000000e+00	5.88538457e+00	-5.27617753e+06	-2.05358034e+05	1.00000000e-09	2.50129175e+04	1.00000000e-10	2.50129175e+03	-2.41337966e+09	2.14270296e-01
7.10000000e+00	5.96946150e+00	-5.33962433e+06	-2.07827494e+05	1.00000000e-09	1.00000000e-09	1.00000000e-10	1.00000000e-10	0.00000000e+00	1.96991610e-01
7.20000000e+00	6.05353842e+00	-5.40174084e+06	-2.10245177e+05	1.00000000e-09	1.00000000e-09	1.00000000e-10	1.00000000e-10	0.00000000e+00	1.81106277e-01
7.30000000e+00	6.13761534e+00	-5.46379441e+06	-2.12660410e+05	5.14937037e-03	1.46292728e+05	5.14937037e-04	1.46292728e+04	-1.41151019e+10	1.66501937e-01
7.40000000e+00	6.22169226e+00	-5.52584799e+06	-2.15075644e+05	8.56837906e-03	4.37861009e+04	8.56837906e-04	4.37861009e+03	-4.22471566e+09	1.53075289e-01
7.50000000e+00	6.30576919e+00	-5.58790157e+06	-2.17490877e+05	1.00000000e-09	1.00000000e-09	1.00000000e-10	1.00000000e-10	0.00000000e+00	1.40731363e-01
7.60000000e+00	6.38984611e+00	-5.64856629e+06	-2.19852054e+05	1.00000000e-09	1.00000000e-09	1.00000000e-10	1.00000000e-10	0.00000000e+00	1.29382849e-01
7.70000000e+00	6.47392303e+00	-5.70903115e+06	-2.22205452e+05	1.00000000e-09	1.41583790e+05	1.00000000e-10	1.41583790e+04	-1.36607590e+10	1.18949475e-01
7.80000000e+00	6.55799995e+00	-5.76949601e+06	-2.24558850e+05	1.55650308e-03	6.34010294e+04	1.55650308e-04	6.34010294e+03	-6.11726923e+09	1.09357445e-01
7.90000000e+00	6.64207688e+00	-5.82996087e+06	-2.26912248e+05	1.00000000e-09	1.00000000e-09	1.00000000e-10	1.00000000e-10	0.00000000e+00	1.00538914e-01
8.00000000e+00	6.72615380e+00	-5.88899367e+06	-2.29209907e+05	1.00000000e-09	1.00000000e-09	1.00000000e-10	1.00000000e-10	0.00000000e+00	9.24315047e-02
8.10000000e+00	6.81023072e+00	-5.94767319e+06	-2.31493816e+05	1.00000000e-09	1.34614092e+05	1.00000000e-10	1.34614092e+04	-1.29882853e+10	8.49778740e-02
8.20000000e+00	6.89430764e+00	-6.00635271e+06	-2.33777726e+05	1.07639127e-04	8.37414477e+04	1.07639127e-05	8.37414477e+03	-8.07982138e+09	7.81253008e-02
8.30000000e+00	6.97838457e+00	-6.06503223e+06	-2.36061635e+05	2.07700196e-07	1.00000000e-09	2.07700196e-08	1.00000000e-10	1.99435371e-02	7.18253161e-02
8.40000000e+00	7.06246149e+00	-6.12225624e+06	-2.38288893e+05	1.00000000e-09	1.00000000e-09	1.00000000e-10	1.00000000e-10	0.00000000e+00	6.60333593e-02
8.50000000e+00	7.14653841e+00	-6.17895699e+06	-2.40495785e+05	1.00000000e-09	1.25061437e+05	1.00000000e-10	1.25061437e+04	-1.20665943e+10	6.07084632e-02
8.60000000e+00	7.23061533e+00	-6.23565775e+06	-2.42702678e+05	1.00000000e-09	1.04614015e+05	1.00000000e-10	1.04614015e+04	-1.00937179e+10	5.58129641e-02
8.70000000e+00	7.31469226e+00	-6.29235850e+06	-2.44909570e+05	1.00000000e-09	1.00000000e-09	1.00000000e-10	1.00000000e-10	0.00000000e+00	5.13122357e-02
8.80000000e+00	7.39876918e+00	-6.34760258e+06	-2.47059766e+05	1.00000000e-09	1.00000000e-09	1.00000000e-10	1.00000000e-10	0.00000000e+00	4.71744438e-02
8.90000000e+00	7.48284610e+00	-6.40213592e+06	-2.49182299e+05	1.00000000e-09	1.12528016e+05	1.00000000e-10	1.12528016e+04	-1.08573030e+10	4.33703214e-02
9.00000000e+00	7.56692302e+00	-6.45666926e+06	-2.51304831e+05	1.00000000e-09	1.25730158e+05	1.00000000e-10	1.25730158e+04	-1.21311160e+10	3.98729614e-02
9.10000000e+00	7.65099995e+00	-6.51120260e+06	-2.53427364e+05	1.00000000e-09	1.00000000e-09	1.00000000e-10	1.00000000e-10	0.00000000e+00	3.66576268e-02
9.20000000e+00	7.73507687e+00	-6.56430808e+06	-2.55494322e+05	1.00000000e-09	1.00000000e-09	1.00000000e-10	1.00000000e-10	0.00000000e+00	3.37015752e-02
9.30000000e+00	7.81915379e+00	-6.61649674e+06	-2.57525596e+05	1.00000000e-09	9.65223258e+04	1.00000000e-10	9.65223258e+03	-9.31298866e+09	3.09838980e-02
9.40000000e+00	7.90323071e+00	-6.66868540e+06	-2.59556869e+05	1.00000000e-09	1.46627225e+05	1.00000000e-10	1.46627225e+04	-1.41473765e+10	2.84853728e-02
9.50000000e+00	7.98730764e+00	-6.72087407e+06	-2.61588143e+05	1.00000000e-09	1.00000000e-09	1.00000000e-10	1.00000000e-10	0.00000000e+00	2.61883275e-02
9.60000000e+00	8.07138456e+00	-6.77170615e+06	-2.63566617e+05	1.00000000e-09	1.00000000e-09	1.00000000e-10	1.00000000e-10	0.00000000e+00	2.40765146e-02
9.70000000e+00	8.15546148e+00	-6.82140139e+06	-2.65500842e+05	1.00000000e-09	7.64677003e+04	1.00000000e-10	7.64677003e+03	-7.37801146e+09	2.21349973e-02
9.80000000e+00	8.23953840e+00	-6.87109663e+06	-2.67435068e+05	1.00000000e-09	1.66558108e+05	1.00000000e-10	1.66558108e+04	-1.60704144e+10	2.03500429e-02
9.90000000e+00	8.32361533e+00	-6.92079187e+06	-2.69369293e+05	1.00000000e-09	1.00000000e-09	1.00000000e-10	1.00000000e-10	0.00000000e+00	1.87090262e-02
1.00000000e+01	8.40769225e+00	-6.96925042e+06	-2.71255384e+05	1.00000000e-09	1.00000000e-09	1.00000000e-10	1.00000000e-10	0.00000000e+00	1.72003403e-02
1.01000000e+01	8.49176917e+00	-7.01635142e+06	-2.73088637e+05	1.00000000e-09	5.17504724e+04	1.00000000e-10	5.17504724e+03	-4.99316151e+09	1.58133140e-02
1.02000000e+01	8.57584609e+00	-7.06345243e+06	-2.74921891e+05	1.00000000e-09	1.84449909e+05	1.00000000e-10	1.84449909e+04	-1.77967107e+10	1.45381368e-02
1.03000000e+01	8.65992302e+00	-7.11055344e+06	-2.76755144e+05	1.00000000e-09	1.00000000e-09	1.00000000e-10	1.00000000e-10	0.00000000e+00	1.33657892e-02
1.04000000e+01	8.74399994e+00	-7.15658330e+06	-2.78546706e+05	1.00000000e-09	1.00000000e-09	1.00000000e-10	1.00000000e-10	0.00000000e+00	1.22879791e-02
1.05000000e+01	8.82807686e+00	-7.20104523e+06	-2.80277243e+05	1.00000000e-09	2.17605108e+04	1.00000000e-10	2.17605108e+03	-2.09957011e+09	1.12970830e-02
1.06000000e+01	8.91215378e+00	-7.24550717e+06	-2.82007779e+05	1.00000000e-09	1.98910584e+05	1.00000000e-10	1.98910584e+04	-1.91919538e+10	1.03860923e-02
1.07000000e+01	8.99623071e+00	-7.28996911e+06	-2.83738315e+05	1.00000000e-09	1.00000000e-09	1.00000000e-10	1.00000000e-10	0.00000000e+00	9.54856333e-03
1.08000000e+01	9.08030763e+00	-7.33356151e+06	-2.85435007e+05	1.00000000e-09	1.00000000e-09	1.00000000e-10	1.00000000e-10	0.00000000e+00	8.77857228e-03
1.09000000e+01	9.16438455e+00	-7.37539378e+06	-2.87063192e+05	1.00000000e-09	1.00000000e-09	1.00000000e-10	1.00000000e-10	0.00000000e+00	8.07067289e-03
1.10000000e+01	9.24846147e+00	-7.41722606e+06	-2.88691377e+05	1.00000000e-09	2.08263953e+05	1.00000000e-10	2.08263953e+04	-2.00944167e+10	7.41985814e-03
1.11000000e+01	9.33253840e+00	-7.45905833e+06	-2.90319562e+05	1.00000000e-09	2.68414834e+04	1.00000000e-10	2.68414834e+03	-2.58980944e+09	6.82152474e-03
1.12000000e+01	9.41661532e+00	-7.50026152e+06	-2.91923263e+05	1.00000000e-09	1.00000000e-09	1.00000000e-10	1.00000000e-10	0.00000000e+00	6.27144062e-03
1.13000000e+01	9.50069224e+00	-7.53953904e+06	-2.93452012e+05	1.00000000e-09	1.00000000e-09	1.00000000e-10	1.00000000e-10	0.00000000e+00	5.76571500e-03
1.14000000e+01	9.58476916e+00	-7.57881657e+06	-2.94980762e+05	1.00000000e-09	2.10424336e+05	1.00000000e-10	2.10424336e+04	-2.03028620e+10	5.30077082e-03
1.15000000e+01	9.66884609e+00	-7.61809409e+06	-2.96509512e+05	1.00000000e-09	6.97973628e+04	1.00000000e-10	6.97973628e+03	-6.73442173e+09	4.87331949e-03
1.16000000e+01	9.75292301e+00	-7.65702448e+06	-2.98024750e+05	1.00000000e-09	1.00000000e-09	1.00000000e-10	1.00000000e-10	0.00000000e+00	4.48033760e-03
1.17000000e+01	9.83699993e+00	-7.69390000e+06	-2.99460010e+05	1.00000000e-09	1.00000000e-09	1.00000000e-10	1.00000000e-10	0.00000000e+00	4.11904557e-03
1.18000000e+01	9.92107685e+00	-7.73077552e+06	-3.00895270e+05	1.00000000e-09	2.02964045e+05	1.00000000e-10	2.02964045e+04	-1.95830533e+10	3.78688794e-03
1.19000000e+01	1.00051538e+01	-7.76765104e+06	-3.02330529e+05	1.00000000e-09	1.18240740e+05	1.00000000e-10	1.18240740e+04	-1.14084971e+10	3.48151531e-03
1.20000000e+01	1.00892307e+01	-7.80450440e+06	-3.03764926e+05	1.00000000e-09	1.00000000e-09	1.00000000e-10	1.00000000e-10	0.00000000e+00	3.20076778e-03
1.21000000e+01	1.01733076e+01	-7.83922986e+06	-3.05116502e+05	1.00000000e-09	1.00000000e-09	1.00000000e-10	1.00000000e-10	0.00000000e+00	2.94265957e-03
1.22000000e+01	1.02573845e+01	-7.87384028e+06	-3.06463600e+05	1.00000000e-09	1.83047412e+05	1.00000000e-10	1.83047412e+04	-1.76613903e+10	2.70536508e-03
1.23000000e+01	1.03414615e+01	-7.90845070e+06	-3.07810698e+05	1.00000000e-09	1.70840288e+05	1.00000000e-10	1.70840288e+04	-1.64835820e+10	2.48720588e-03
1.24000000e+01	1.04255384e+01	-7.94306112e+06	-3.09157796e+05	1.00000000e-09	1.00000000e-09	1.00000000e-10	1.00000000e-10	0.00000000e+00	2.28663893e-03
1.25000000e+01	1.05096153e+01	-7.97555120e+06	-3.10422366e+05	1.00000000e-09	1.00000000e-09	1.00000000e-10	1.00000000e-10	0.00000000e+00	2.10224558e-03
1.26000000e+01	1.05936922e+01	-8.00756270e+06	-3.11668309e+05	1.00000000e-09	1.51512680e+05	1.00000000e-10	1.51512680e+04	-1.46187512e+10	1.93272162e-03
1.27000000e+01	1.06777692e+01	-8.03957420e+06	-3.12914253e+05	1.00000000e-09	2.26086457e+05	1.00000000e-10	2.26086457e+04	-2.18140269e+10	1.77686798e-03
1.28000000e+01	1.07618461e+01	-8.07158570e+06	-3.14160196e+05	1.00000000e-09	1.00000000e-09	1.00000000e-10	1.00000000e-10	0.00000000e+00	1.63358230e-03
1.29000000e+01	1.08459230e+01	-8.10156201e+06	-3.15326926e+05	1.00000000e-09	1.00000000e-09	1.00000000e-10	1.00000000e-10	0.00000000e+00	1.50185109e-03
1.30000000e+01	1.09299999e+01	-8.13068614e+06	-3.16460488e+05	1.00000000e-09	1.04988835e+05	1.00000000e-10	1.04988835e+04	-1.01298826e+10	1.38074262e-03
1.31000000e+01	1.10140768e+01	-8.15981027e+06	-3.17594051e+05	1.00000000e-09	2.81337893e+05	1.00000000e-10	2.81337893e+04	-2.71449800e+10	1.26940027e-03
1.32000000e+01	1.10981538e+01	-8.18893440e+06	-3.18727613e+05	1.00000000e-09	1.00000000e-09	1.00000000e-10	1.00000000e-10	0.00000000e+00	1.16703651e-03
1.33000000e+01	1.11822307e+01	-8.21616998e+06	-3.19787669e+05	1.00000000e-09	1.00000000e-09	1.00000000e-10	1.00000000e-10	0.00000000e+00	1.07292731e-03
1.34000000e+01	1.12663076e+01	-8.24218512e+06	-3.20800223e+05	1.00000000e-09	3.82619187e+04	1.00000000e-10	3.82619187e+03	-3.69171394e+09	9.86407027e-04
1.35000000e+01	1.13503845e+01	-8.26820026e+06	-3.21812778e+05	1.00000000e-09	3.31806433e+05	1.00000000e-10	3.31806433e+04	-3.20144539e+10	9.06863691e-04
1.36000000e+01	1.14344615e+01	-8.29421540e+06	-3.22825333e+05	1.00000000e-09	1.00000000e-09	1.00000000e-10	1.00000000e-10	0.00000000e+00	8.33734687e-04
1.37000000e+01	1.15185384e+01	-8.31855621e+06	-3.23772720e+05	1.00000000e-09	1.00000000e-09	1.00000000e-10	1.00000000e-10	0.00000000e+00	7.66502767e-04
1.38000000e+01	1.16026153e+01	-8.34133162e+06	-3.24659178e+05	1.00000000e-09	1.00000000e-09	1.00000000e-10	1.00000000e-10	0.00000000e+00	7.04692393e-04
1.39000000e+01	1.16866922e+01	-8.36410703e+06	-3.25545637e+05	1.00000000e-09	3.68372365e+05	1.00000000e-10	3.68372365e+04	-3.55425299e+10	6.47866374e-04
1.40000000e+01	1.17707691e+01	-8.38688244e+06	-3.26432095e+05	1.00000000e-09	9.73977331e+04	1.00000000e-10	9.73977331e+03	-9.39745262e+09	5.95622776e-04
1.41000000e+01	1.18548461e+01	-8.40827086e+06	-3.27264570e+05	1.00000000e-09	1.00000000e-09	1.00000000e-10	1.00000000e-10	0.00000000e+00	5.47592073e-04
1.42000000e+01	1.19389230e+01	-8.42779222e+06	-3.28024376e+05	1.00000000e-09	1.00000000e-09	1.00000000e-10	1.00000000e-10	0.00000000e+00	5.03434541e-04
1.43000000e+01	1.20229999e+01	-8.44731358e+06	-3.28784181e+05	1.00000000e-09	3.74391645e+05	1.00000000e-10	3.74391645e+04	-3.61233022e+10	4.62837848e-04
1.44000000e+01	1.21070768e+01	-8.46683494e+06	-3.29543986e+05	1.00000000e-09	2.35548991e+05	1.00000000e-10	2.35548991e+04	-2.27270226e+10	4.25514851e-04
1.45000000e+01	1.21911538e+01	-8.48533229e+06	-3.30263935e+05	1.00000000e-09	1.00000000e-09	1.00000000e-10	1.00000000e-10	0.00000000e+00	3.91201561e-04
1.46000000e+01	1.22752307e+01	-8.50173249e+06	-3.30902260e+05	1.00000000e-09	1.00000000e-09	1.00000000e-10	1.00000000e-10	0.00000000e+00	3.59655276e-04
1.47000000e+01	1.23593076e+01	-8.51813270e+06	-3.31540584e+05	1.00000000e-09	3.21496822e+05	1.00000000e-10	3.21496822e+04	-3.10197277e+10	3.30652866e-04
1.48000000e+01	1.24433845e+01	-8.53453290e+06	-3.32178909e+05	1.00000000e-09	4.11441662e+05	1.00000000e-10	4.11441662e+04	-3.96980854e+10	3.03989196e-04
1.49000000e+01	1.25274615e+01	-8.55034064e+06	-3.32794174e+05	1.00000000e-09	1.00000000e-09	1.00000000e-10	1.00000000e-10	0.00000000e+00	2.79475669e-04
1.50000000e+01	1.26115384e+01	-8.56393251e+06	-3.33323193e+05	1.00000000e-09	1.00000000e-09	1.00000000e-10	1.00000000e-10	0.00000000e+00	2.56938901e-04
1.51000000e+01	1.26956153e+01	-8.57752437e+06	-3.33852212e+05	1.00000000e-09	1.68197307e+05	1.00000000e-10	1.68197307e+04	-1.62285731e+10	2.36219485e-04
1.52000000e+01	1.27796922e+01	-8.59111624e+06	-3.34381231e+05	1.00000000e-09	6.08852031e+05	1.00000000e-10	6.08852031e+04	-5.87452904e+10	2.17170872e-04
1.53000000e+01	1.28637691e+01	-8.60459749e+06	-3.34905945e+05	1.00000000e-09	1.00000000e-09	1.00000000e-10	1.00000000e-10	0.00000000e+00	1.99658328e-04
1.54000000e+01	1.29478461e+01	-8.61582565e+06	-3.35342965e+05	1.00000000e-09	1.00000000e-09	1.00000000e-10	1.00000000e-10	0.00000000e+00	1.83557987e-04
1.55000000e+01	1.30319230e+01	-8.62695577e+06	-3.35776168e+05	1.00000000e-09	1.00000000e-09	1.00000000e-10	1.00000000e-10	0.00000000e+00	1.68755969e-04
1.56000000e+01	1.31159999e+01	-8.63808589e+06	-3.36209372e+05	1.00000000e-09	7.70357369e+05	1.00000000e-10	7.70357369e+04	-7.43281866e+10	1.55147578e-04
1.57000000e+01	1.32000768e+01	-8.64921602e+06	-3.36642576e+05	1.00000000e-09	3.08769639e+05	1.00000000e-10	3.08769639e+04	-2.97917412e+10	1.42636560e-04
1.58000000e+01	1.32841538e+01	-8.65815394e+06	-3.36990456e+05	1.00000000e-09	1.00000000e-09	1.00000000e-10	1.00000000e-10	0.00000000e+00	1.31134424e-04
1.59000000e+01	1.33682307e+01	-8.66647977e+06	-3.37314511e+05	1.00000000e-09	1.00000000e-09	1.00000000e-10	1.00000000e-10	0.00000000e+00	1.20559814e-04
1.60000000e+01	1.34523076e+01	-8.67480560e+06	-3.37638567e+05	1.00000000e-09	7.41723778e+05	1.00000000e-10	7.41723778e+04	-7.15654650e+10	1.10837935e-04
1.61000000e+01	1.35363845e+01	-8.68313143e+06	-3.37962623e+05	1.00000000e-09	8.71212153e+05	1.00000000e-10	8.71212153e+04	-8.40591939e+10	1.01900023e-04
1.62000000e+01	1.36204614e+01	-8.68944020e+06	-3.38208171e+05	1.00000000e-09	1.00000000e-09	1.00000000e-10	1.00000000e-10	0.00000000e+00	9.36828597e-05
1.63000000e+01	1.37045384e+01	-8.69465262e+06	-3.38411048e+05	1.00000000e-09	1.00000000e-09	1.00000000e-10	1.00000000e-10	0.00000000e+00	8.61283240e-05
1.64000000e+01	1.37886153e+01	-8.69986503e+06	-3.38613924e+05	1.00000000e-09	1.00000000e-09	1.00000000e-10	1.00000000e-10	0.00000000e+00	7.91829819e-05
1.65000000e+01	1.38726922e+01	-8.70507745e+06	-3.38816801e+05	1.00000000e-09	1.46214135e+06	1.00000000e-10	1.46214135e+05	-1.41075194e+11	7.27977085e-05
1.66000000e+01	1.39567691e+01	-8.70856846e+06	-3.38952676e+05	1.00000000e-09	9.48761682e+05	1.00000000e-10	9.48761682e+04	-9.15415860e+10	6.69273402e-05
1.67000000e+01	1.40408461e+01	-8.71057105e+06	-3.39030621e+05	1.00000000e-09	1.00000000e-09	1.00000000e-10	1.00000000e-10	0.00000000e+00	6.15303552e-05
1.68000000e+01	1.41249230e+01	-8.71257365e+06	-3.39108566e+05	1.00000000e-09	1.00000000e-09	1.00000000e-10	1.00000000e-10	0.00000000e+00	5.65685802e-05
1.69000000e+01	1.42089999e+01	-8.71457625e+06	-3.39186510e+05	1.00000000e-09	1.00000000e-09	1.00000000e-10	1.00000000e-10	0.00000000e+00	5.20069201e-05
1.70000000e+01	1.42930768e+01	-8.71527139e+06	-3.39213566e+05	2.97885093e+02	1.00000000e-09	2.97885093e+01	1.00000000e-10	2.87415422e+07	4.78131098e-05
1.71000000e+01	1.43771537e+01	-8.71416777e+06	-3.39170611e+05	8.81113392e+02	1.00000000e-09	8.81113392e+01	1.00000000e-10	8.50145183e+07	4.39574862e-05
1.72000000e+01	1.44612307e+01	-8.71306415e+06	-3.39127656e+05	1.75337149e+03	1.00000000e-09	1.75337149e+02	1.00000000e-10	1.69174631e+08	4.04127779e-05
1.73000000e+01	1.45453076e+01	-8.71196053e+06	-3.39084702e+05	3.20078442e+03	3.96169946e+04	3.20078442e+02	3.96169946e+03	-3.51363013e+09	3.71539131e-05
1.74000000e+01	1.46293845e+01	-8.71007918e+06	-3.39011476e+05	3.34259211e+03	6.80080123e+04	3.34259211e+02	6.80080123e+03	-6.23926454e+09	3.41578414e-05
1.75000000e+01	1.47134614e+01	-8.70619418e+06	-3.38860265e+05	6.60537905e+02	1.00000000e-09	6.60537905e+01	1.00000000e-10	6.37322191e+07	3.14033713e-05
1.76000000e+01	1.47975384e+01	-8.70230919e+06	-3.38709055e+05	1.00000000e-09	1.00000000e-09	1.00000000e-10	1.00000000e-10	0.00000000e+00	2.88710202e-05
1.77000000e+01	1.48816153e+01	-8.69842419e+06	-3.38557844e+05	1.00000000e-09	4.32697605e+03	1.00000000e-10	4.32697605e+02	-4.17489721e+08	2.65428765e-05
1.78000000e+01	1.49656922e+01	-8.69437862e+06	-3.38400383e+05	1.15052204e+03	4.58084211e+04	1.15052204e+02	4.58084211e+03	-4.30883223e+09	2.44024731e-05
1.79000000e+01	1.50497691e+01	-8.68827360e+06	-3.38162765e+05	2.19531811e+03	2.66002383e+03	2.19531811e+02	2.66002383e+02	-4.48372853e+07	2.24346707e-05
1.80000000e+01	1.51338460e+01	-8.68202830e+06	-3.37919687e+05	1.00000000e-09	1.00000000e-09	1.00000000e-10	1.00000000e-10	0.00000000e+00	2.06255509e-05
1.81000000e+01	1.52179230e+01	-8.67578301e+06	-3.37676610e+05	1.00000000e-09	1.00000000e-09	1.00000000e-10	1.00000000e-10	0.00000000e+00	1.89623175e-05
1.82000000e+01	1.53019999e+01	-8.66953772e+06	-3.37433532e+05	1.00000000e-09	3.19855131e+04	1.00000000e-10	3.19855131e+03	-3.08613286e+09	1.74332063e-05
1.83000000e+01	1.53860768e+01	-8.66137287e+06	-3.37115742e+05	1.52263918e+03	1.05449083e+04	1.52263918e+02	1.05449083e+03	-8.70516637e+08	1.60274019e-05
1.84000000e+01	1.54701537e+01	-8.65247639e+06	-3.36769475e+05	1.09967558e+03	1.00000000e-09	1.09967558e+02	1.00000000e-10	1.06102563e+08	1.47349607e-05
1.85000000e+01	1.55542307e+01	-8.64357990e+06	-3.36423208e+05	1.00000000e-09	1.00000000e-09	1.00000000e-10	1.00000000e-10	0.00000000e+00	1.35467414e-05
1.86000000e+01	1.56383076e+01	-8.63468342e+06	-3.36076942e+05	1.00000000e-09	2.00756019e+04	1.00000000e-10	2.00756019e+03	-1.93700112e+09	1.24543394e-05
1.87000000e+01	1.57223845e+01	-8.62423175e+06	-3.35670145e+05	6.69873729e+02	1.39533424e+04	6.69873729e+01	1.39533424e+03	-1.28165988e+09	1.14500281e-05
1.88000000e+01	1.58064614e+01	-8.61256242e+06	-3.35215954e+05	1.44411478e+03	1.00000000e-09	1.44411478e+02	1.00000000e-10	1.39335894e+08	1.05267039e-05
1.89000000e+01	1.58905384e+01	-8.60089308e+06	-3.34761763e+05	1.00000000e-09	1.00000000e-09	1.00000000e-10	1.00000000e-10	0.00000000e+00	9.67783615e-06
1.90000000e+01	1.59746153e+01	-8.58922375e+06	-3.34307572e+05	1.00000000e-09	1.01345926e+04	1.00000000e-10	1.01345926e+03	-9.77839529e+08	8.89742061e-06
1.91000000e+01	1.60586922e+01	-8.57659191e+06	-3.33815919e+05	1.56191935e+01	1.50023133e+04	1.56191935e+00	1.50023133e+03	-1.44599616e+09	8.17993736e-06
1.92000000e+01	1.61427691e+01	-8.56240158e+06	-3.33263607e+05	1.35731279e+03	1.00000000e-09	1.35731279e+02	1.00000000e-10	1.30960775e+08	7.52031158e-06
1.93000000e+01	1.62268460e+01	-8.54821126e+06	-3.32711294e+05	2.30131797e+02	1.00000000e-09	2.30131797e+01	1.00000000e-10	2.22043429e+07	6.91387767e-06
1.94000000e+01	1.63109230e+01	-8.53402093e+06	-3.32158982e+05	1.00000000e-09	1.94247370e+03	1.00000000e-10	1.94247370e+02	-1.87420220e+08	6.35634627e-06
1.95000000e+01	1.63949999e+01	-8.51961665e+06	-3.31598342e+05	1.00000000e-09	1.39780071e+04	1.00000000e-10	1.39780071e+03	-1.34867265e+09	5.84377390e-06
1.96000000e+01	1.64790768e+01	-8.50358158e+06	-3.30974230e+05	1.10791722e+03	1.37291373e+03	1.10791722e+02	1.37291373e+02	-2.55682764e+07	5.37253509e-06
1.97000000e+01	1.65631537e+01	-8.48737760e+06	-3.30343543e+05	6.32241009e+02	1.00000000e-09	6.32241009e+01	1.00000000e-10	6.10019838e+07	4.93929673e-06
1.98000000e+01	1.66472307e+01	-8.47117363e+06	-3.29712856e+05	1.00000000e-09	1.00000000e-09	1.00000000e-10	1.00000000e-10	0.00000000e+00	4.54099448e-06
1.99000000e+01	1.67313076e+01	-8.45496965e+06	-3.29082169e+05	1.00000000e-09	1.00198870e+04	1.00000000e-10	1.00198870e+03	-9.66772127e+08	4.17481111e-06
2.00000000e+01	1.68153845e+01	-8.43748148e+06	-3.28401498e+05	8.17317248e+02	6.02238190e+03	8.17317248e+01	6.02238190e+02	-5.02212391e+08	3.83815657e-06
2.01000000e+01	1.68994614e+01	-8.41917674e+06	-3.27689046e+05	8.71401661e+02	1.00000000e-09	8.71401661e+01	1.00000000e-10	8.40774787e+07	3.52864967e-06
2.02000000e+01	1.69835383e+01	-8.40087200e+06	-3.26976593e+05	1.00000000e-09	1.00000000e-09	1.00000000e-10	1.00000000e-10	0.00000000e+00	3.24410125e-06
2.03000000e+01	1.70676153e+01	-8.38256725e+06	-3.26264141e+05	1.00000000e-09	3.19759583e+03	1.00000000e-10	3.19759583e+02	-3.08521096e+08	2.98249865e-06
2.04000000e+01	1.71516922e+01	-8.36381466e+06	-3.25534257e+05	5.45654445e+02	7.35021692e+03	5.45654445e+01	7.35021692e+02	-6.56540470e+08	2.74199155e-06
2.05000000e+01	1.72357691e+01	-8.34399320e+06	-3.24762771e+05	9.87430293e+02	1.00000000e-09	9.87430293e+01	1.00000000e-10	9.52725397e+07	2.52087882e-06
2.06000000e+01	1.73198460e+01	-8.32417174e+06	-3.23991285e+05	1.00000000e-09	1.00000000e-09	1.00000000e-10	1.00000000e-10	0.00000000e+00	2.31759650e-06
2.07000000e+01	1.74039230e+01	-8.30435028e+06	-3.23219800e+05	1.00000000e-09	1.00000000e-09	1.00000000e-10	1.00000000e-10	0.00000000e+00	2.13070675e-06
2.08000000e+01	1.74879999e+01	-8.28452882e+06	-3.22448314e+05	2.82655681e+02	1.72276299e+03	2.82655681e+01	1.72276299e+02	-1.38949232e+08	1.95888770e-06
2.09000000e+01	1.75720768e+01	-8.26444875e+06	-3.21666763e+05	1.06431974e+03	4.95076625e+03	1.06431974e+02	4.95076625e+02	-3.74985082e+08	1.80092404e-06
2.10000000e+01	1.76561537e+01	-8.24360767e+06	-3.20855592e+05	1.00000000e-09	1.13225712e+03	1.00000000e-10	1.13225712e+02	-1.09246204e+08	1.65569849e-06
2.11000000e+01	1.77402306e+01	-8.22258880e+06	-3.20037500e+05	1.00000000e-09	1.00000000e-09	1.00000000e-10	1.00000000e-10	0.00000000e+00	1.52218384e-06
2.12000000e+01	1.78243076e+01	-8.20156992e+06	-3.19219409e+05	1.00207028e+01	1.00000000e-09	1.00207028e+00	1.00000000e-10	9.66850840e+05	1.39943575e-06
2.13000000e+01	1.79083845e+01	-8.18055104e+06	-3.18401317e+05	1.07379210e+03	1.00000000e-09	1.07379210e+02	1.00000000e-10	1.03605187e+08	1.28658600e-06
2.14000000e+01	1.79924614e+01	-8.15953216e+06	-3.17583226e+05	1.21235062e+02	1.00000000e-09	1.21235062e+01	1.00000000e-10	1.16974052e+07	1.18283639e-06
2.15000000e+01	1.80765383e+01	-8.13851329e+06	-3.16765135e+05	1.00000000e-09	1.02132302e+04	1.00000000e-10	1.02132302e+03	-9.85426912e+08	1.08745310e-06
2.16000000e+01	1.81606153e+01	-8.11582387e+06	-3.15882023e+05	1.00000000e-09	1.26551569e+04	1.00000000e-10	1.26551569e+03	-1.22103701e+09	9.99761460e-07
2.17000000e+01	1.82446922e+01	-8.09088935e+06	-3.14911528e+05	9.39694757e+02	3.14805564e-01	9.39694757e+01	3.14805564e-02	9.06363866e+07	9.19141229e-07
2.18000000e+01	1.83287691e+01	-8.06595477e+06	-3.13941031e+05	3.29048319e+02	1.16970303e-05	3.29048319e+01	1.16970303e-06	3.17483352e+07	8.45022171e-07
2.19000000e+01	1.84128460e+01	-8.04102019e+06	-3.12970533e+05	1.00000000e-09	1.35280158e-01	1.00000000e-10	1.35280158e-02	-1.30525509e+04	7.76880034e-07
2.20000000e+01	1.84969229e+01	-8.01608559e+06	-3.12000035e+05	1.00000000e-09	5.11136778e+03	1.00000000e-10	5.11136778e+02	-4.93172018e+08	7.14232843e-07
2.21000000e+01	1.85809999e+01	-7.99018620e+06	-3.10991986e+05	8.30147208e+02	1.30537848e+03	8.30147208e+01	1.30537848e+02	-4.58528470e+07	6.56637488e-07
2.22000000e+01	1.86650768e+01	-7.96403481e+06	-3.09974128e+05	4.99868445e+02	1.00000000e-09	4.99868445e+01	1.00000000e-10	4.82299729e+07	6.03686592e-07
2.23000000e+01	1.87491537e+01	-7.93788342e+06	-3.08956270e+05	1.00000000e-09	1.00000000e-09	1.00000000e-10	1.00000000e-10	0.00000000e+00	5.55005627e-07
2.24000000e+01	1.88332306e+01	-7.91173390e+06	-3.07938485e+05	1.00000000e-09	1.57061751e+03	1.00000000e-10	1.57061751e+02	-1.51541552e+08	5.10250270e-07
2.25000000e+01	1.89173076e+01	-7.88528098e+06	-3.06908891e+05	6.83386783e+02	1.88327277e+03	6.83386783e+01	1.88327277e+02	-1.15771398e+08	4.69103960e-07
2.26000000e+01	1.90013845e+01	-7.85845694e+06	-3.05864853e+05	6.47560082e+02	1.00000000e-09	6.47560082e+01	1.00000000e-10	6.24800496e+07	4.31275667e-07
2.27000000e+01	1.90854614e+01	-7.83163290e+06	-3.04820815e+05	1.00000000e-09	1.00000000e-09	1.00000000e-10	1.00000000e-10	0.00000000e+00	3.96497828e-07
2.28000000e+01	1.91695383e+01	-7.80480886e+06	-3.03776776e+05	1.00000000e-09	1.00000000e-09	1.00000000e-10	1.00000000e-10	0.00000000e+00	3.64524455e-07
2.29000000e+01	1.92536153e+01	-7.77798585e+06	-3.02732778e+05	5.42777870e+02	1.48665333e+03	5.42777870e+01	1.48665333e+02	-9.10701370e+07	3.35129397e-07
2.30000000e+01	1.93376922e+01	-7.75086779e+06	-3.01677296e+05	7.31112477e+02	6.32628030e+02	7.31112477e+01	6.32628030e+01	9.50230461e+06	3.08104742e-07
2.31000000e+01	1.94217691e+01	-7.72362243e+06	-3.00616859e+05	1.00000000e-09	1.00000000e-09	1.00000000e-10	1.00000000e-10	0.00000000e+00	2.83259340e-07
2.32000000e+01	1.95058460e+01	-7.69637708e+06	-2.99556422e+05	1.00000000e-09	1.00000000e-09	1.00000000e-10	1.00000000e-10	0.00000000e+00	2.60417458e-07
2.33000000e+01	1.95899229e+01	-7.66913172e+06	-2.98495985e+05	3.98161789e+02	5.45341688e+02	3.98161789e+01	5.45341688e+01	-1.42007014e+07	2.39417533e-07
2.34000000e+01	1.96739999e+01	-7.64177775e+06	-2.97431321e+05	7.93509951e+02	9.81708617e+02	7.93509951e+01	9.81708617e+01	-1.81584108e+07	2.20111031e-07
2.35000000e+01	1.97580768e+01	-7.61422519e+06	-2.96358928e+05	1.00000000e-09	1.00000000e-09	1.00000000e-10	1.00000000e-10	0.00000000e+00	2.02361395e-07
2.36000000e+01	1.98421537e+01	-7.58667264e+06	-2.95286534e+05	1.00000000e-09	1.00000000e-09	1.00000000e-10	1.00000000e-10	0.00000000e+00	1.86043080e-07
2.37000000e+01	1.99262306e+01	-7.55912008e+06	-2.94214140e+05	2.53049906e+02	1.00000000e-09	2.53049906e+01	1.00000000e-10	2.44156042e+07	1.71040665e-07
2.38000000e+01	2.00103076e+01	-7.53156838e+06	-2.93141780e+05	8.39055444e+02	7.44993723e+02	8.39055444e+01	7.44993723e+01	9.07557637e+06	1.57248037e-07
2.39000000e+01	2.00943845e+01	-7.50386574e+06	-2.92063545e+05	1.00000000e-09	5.20642874e+02	1.00000000e-10	5.20642874e+01	-5.02344006e+07	1.44567640e-07
2.40000000e+01	2.01784614e+01	-7.47605622e+06	-2.90981150e+05	1.00000000e-09	1.00000000e-09	1.00000000e-10	1.00000000e-10	0.00000000e+00	1.32909782e-07
2.41000000e+01	2.02625383e+01	-7.44824669e+06	-2.89898755e+05	1.08459254e+02	1.00000000e-09	1.08459254e+01	1.00000000e-10	1.04647272e+07	1.22192009e-07
2.42000000e+01	2.03466152e+01	-7.42043740e+06	-2.88816369e+05	8.60800585e+02	1.17628175e+02	8.60800585e+01	1.17628175e+01	7.17052368e+07	1.12338510e-07
2.43000000e+01	2.04306922e+01	-7.39260525e+06	-2.87733093e+05	1.00000000e-09	6.59344733e+02	1.00000000e-10	6.59344733e+01	-6.36170956e+07	1.03279593e-07
2.44000000e+01	2.05147691e+01	-7.36463709e+06	-2.86644523e+05	1.00000000e-09	1.71394234e+02	1.00000000e-10	1.71394234e+01	-1.65370296e+07	9.49511815e-08
2.45000000e+01	2.05988460e+01	-7.33663346e+06	-2.85554573e+05	1.00000000e-09	1.00000000e-09	1.00000000e-10	1.00000000e-10	0.00000000e+00	8.72943689e-08
2.46000000e+01	2.06829229e+01	-7.30862984e+06	-2.84464623e+05	8.57398156e+02	1.00000000e-09	8.57398156e+01	1.00000000e-10	8.27263458e+07	8.02549976e-08
2.47000000e+01	2.07669999e+01	-7.28062737e+06	-2.83374718e+05	1.03579087e+02	3.04582156e+02	1.03579087e+01	3.04582156e+01	-1.93938478e+07	7.37832774e-08
2.48000000e+01	2.08510768e+01	-7.25256217e+06	-2.82282372e+05	1.00000000e-09	4.94949128e+02	1.00000000e-10	4.94949128e+01	-4.77553310e+07	6.78334333e-08
2.49000000e+01	2.09351537e+01	-7.22439411e+06	-2.81186022e+05	1.00000000e-09	1.00000000e-09	1.00000000e-10	1.00000000e-10	0.00000000e+00	6.23633815e-08
2.50000000e+01	2.10192306e+01	-7.19622605e+06	-2.80089672e+05	8.33559683e+02	1.00000000e-09	8.33559683e+01	1.00000000e-10	8.04262828e+07	5.73344317e-08
2.51000000e+01	2.11033075e+01	-7.16805894e+06	-2.78993359e+05	2.47154129e+02	1.00000000e-09	2.47154129e+01	1.00000000e-10	2.38467482e+07	5.27110137e-08
2.52000000e+01	2.11873845e+01	-7.13989249e+06	-2.77897071e+05	1.00000000e-09	3.45441544e+02	1.00000000e-10	3.45441544e+01	-3.33300421e+07	4.84604257e-08
2.53000000e+01	2.12714614e+01	-7.11165403e+06	-2.76797981e+05	1.00000000e-09	3.55648326e+02	1.00000000e-10	3.55648326e+01	-3.43148469e+07	4.45526029e-08
2.54000000e+01	2.13555383e+01	-7.08334125e+06	-2.75695998e+05	7.86282110e+02	1.00000000e-09	7.86282110e+01	1.00000000e-10	7.58646905e+07	4.09599048e-08
2.55000000e+01	2.14396152e+01	-7.05502920e+06	-2.74594044e+05	3.85036435e+02	1.00000000e-09	3.85036435e+01	1.00000000e-10	3.71503683e+07	3.76569199e-08
2.56000000e+01	2.15236922e+01	-7.02671796e+06	-2.73492121e+05	1.00000000e-09	1.00000000e-09	1.00000000e-10	1.00000000e-10	0.00000000e+00	3.46202860e-08
2.57000000e+01	2.16077691e+01	-6.99840672e+06	-2.72390198e+05	1.00000000e-09	3.05714502e+02	1.00000000e-10	3.05714502e+01	-2.94969652e+07	3.18285246e-08
2.58000000e+01	2.16918460e+01	-6.97003146e+06	-2.71285783e+05	7.16702426e+02	2.69509547e+02	7.16702426e+01	2.69509547e+01	4.31475534e+07	2.92618894e-08
2.59000000e+01	2.17759229e+01	-6.94160012e+06	-2.70179186e+05	5.13018859e+02	1.00000000e-09	5.13018859e+01	1.00000000e-10	4.94987950e+07	2.69022262e-08
2.60000000e+01	2.18599998e+01	-6.91316968e+06	-2.69072624e+05	1.00000000e-09	1.00000000e-09	1.00000000e-10	1.00000000e-10	0.00000000e+00	2.47328451e-08
2.61000000e+01	2.19440768e+01	-6.88473925e+06	-2.67966062e+05	1.00000000e-09	1.00000000e-09	1.00000000e-10	1.00000000e-10	0.00000000e+00	2.27384017e-08
2.62000000e+01	2.20281537e+01	-6.85630882e+06	-2.66859500e+05	6.27490349e+02	2.21190989e+02	6.27490349e+01	2.21190989e+01	3.92019287e+07	2.09047891e-08
2.63000000e+01	2.21122306e+01	-6.82783216e+06	-2.65751139e+05	6.27379244e+02	2.33957557e+02	6.27379244e+01	2.33957557e+01	3.79594221e+07	1.92190381e-08
2.64000000e+01	2.21963075e+01	-6.79930719e+06	-2.64640897e+05	1.00000000e-09	1.00000000e-09	1.00000000e-10	1.00000000e-10	0.00000000e+00	1.76692251e-08
2.65000000e+01	2.22803845e+01	-6.77078221e+06	-2.63530655e+05	1.00000000e-09	1.00000000e-09	1.00000000e-10	1.00000000e-10	0.00000000e+00	1.62443882e-08
2.66000000e+01	2.23644614e+01	-6.74225724e+06	-2.62420414e+05	5.18087114e+02	1.00000000e-09	5.18087114e+01	1.00000000e-10	4.99878073e+07	1.49344494e-08
2.67000000e+01	2.24485383e+01	-6.71373233e+06	-2.61310174e+05	7.25593814e+02	6.58606525e+01	7.25593814e+01	6.58606525e+00	6.36545732e+07	1.37301434e-08
2.68000000e+01	2.25326152e+01	-6.68519451e+06	-2.60199433e+05	1.00000000e-09	1.85433049e+02	1.00000000e-10	1.85433049e+01	-1.78915693e+07	1.26229520e-08
2.69000000e+01	2.26166921e+01	-6.65661761e+06	-2.59087170e+05	1.00000000e-09	1.10554594e+02	1.00000000e-10	1.10554594e+01	-1.06668968e+07	1.16050438e-08
2.70000000e+01	2.27007691e+01	-6.62801736e+06	-2.57973998e+05	3.92898424e+02	1.00000000e-09	3.92898424e+01	1.00000000e-10	3.79089350e+07	1.06692193e-08
2.71000000e+01	2.27848460e+01	-6.59941712e+06	-2.56860827e+05	8.01817074e+02	1.00000000e-09	8.01817074e+01	1.00000000e-10	7.73635867e+07	9.80885916e-09
2.72000000e+01	2.28689229e+01	-6.57081779e+06	-2.55747691e+05	1.00000000e-09	1.00000000e-09	1.00000000e-10	1.00000000e-10	0.00000000e+00	9.01787799e-09
2.73000000e+01	2.29529998e+01	-6.54221869e+06	-2.54634564e+05	1.00000000e-09	1.00000000e-09	1.00000000e-10	1.00000000e-10	0.00000000e+00	8.29068113e-09
2.74000000e+01	2.30370768e+01	-6.51361958e+06	-2.53521437e+05	2.55110072e+02	7.53169737e+01	2.55110072e+01	7.53169737e+00	1.73473968e+07	7.62212503e-09
2.75000000e+01	2.31211537e+01	-6.48500456e+06	-2.52407691e+05	8.56079381e+02	1.80415078e+02	8.56079381e+01	1.80415078e+01	6.51916947e+07	7.00748093e-09
2.76000000e+01	2.32052306e+01	-6.45635225e+06	-2.51292492e+05	1.00000000e-09	1.41239897e+02	1.00000000e-10	1.41239897e+01	-1.36275784e+07	6.44240141e-09
2.77000000e+01	2.32893075e+01	-6.42767040e+06	-2.50176145e+05	1.00000000e-09	1.00000000e-09	1.00000000e-10	1.00000000e-10	0.00000000e+00	5.92288960e-09
2.78000000e+01	2.33733845e+01	-6.39898856e+06	-2.49059798e+05	1.08059259e+02	1.00000000e-09	1.08059259e+01	1.00000000e-10	1.04261335e+07	5.44527095e-09
2.79000000e+01	2.34574614e+01	-6.37030672e+06	-2.47943450e+05	8.85321440e+02	1.00000000e-09	8.85321440e+01	1.00000000e-10	8.54205332e+07	5.00616720e-09
2.80000000e+01	2.35415383e+01	-6.34162564e+06	-2.46827133e+05	1.00000000e-09	1.00000000e-09	1.00000000e-10	1.00000000e-10	0.00000000e+00	4.60247255e-09
2.81000000e+01	2.36256152e+01	-6.31294508e+06	-2.45710835e+05	1.00000000e-09	1.00000000e-09	1.00000000e-10	1.00000000e-10	0.00000000e+00	4.23133162e-09
2.82000000e+01	2.37096921e+01	-6.28426452e+06	-2.44594538e+05	1.00000000e-09	1.00000000e-09	1.00000000e-10	1.00000000e-10	0.00000000e+00	3.89011930e-09
2.83000000e+01	2.37937691e+01	-6.25558397e+06	-2.43478241e+05	8.89818889e+02	1.00000000e-09	8.89818889e+01	1.00000000e-10	8.58544711e+07	3.57642216e-09
2.84000000e+01	2.38778460e+01	-6.22690407e+06	-2.42361969e+05	1.16988197e+02	6.75297018e+00	1.16988197e+01	6.75297018e-01	1.06360825e+07	3.28802138e-09
2.85000000e+01	2.39619229e+01	-6.19822339e+06	-2.41245667e+05	1.00000000e-09	5.73872560e+01	1.00000000e-10	5.73872560e+00	-5.53702846e+06	3.02287709e-09
2.86000000e+01	2.40459998e+01	-6.16953055e+06	-2.40128892e+05	1.00000000e-09	1.05835268e+02	1.00000000e-10	1.05835268e+01	-1.02115510e+07	2.77911390e-09
2.87000000e+01	2.41300768e+01	-6.14081528e+06	-2.39011243e+05	8.67461751e+02	5.21729352e+01	8.67461751e+01	5.21729352e+00	7.86634122e+07	2.55500764e-09
2.88000000e+01	2.42141537e+01	-6.11208947e+06	-2.37893185e+05	2.68568965e+02	1.07446619e+01	2.68568965e+01	1.07446619e+00	2.48762635e+07	2.34897319e-09
2.89000000e+01	2.42982306e+01	-6.08336211e+06	-2.36775066e+05	1.00000000e-09	8.09998643e+00	1.00000000e-10	8.09998643e-01	-7.81529881e+05	2.15955324e-09
2.90000000e+01	2.43823075e+01	-6.05463304e+06	-2.35656880e+05	1.00000000e-09	3.43824458e+01	1.00000000e-10	3.43824458e+00	-3.31740170e+06	1.98540802e-09
2.91000000e+01	2.44663844e+01	-6.02589667e+06	-2.34538411e+05	8.19625087e+02	7.45867335e+01	8.19625087e+01	7.45867335e+00	7.18852729e+07	1.82530578e-09
2.92000000e+01	2.45504614e+01	-5.99714486e+06	-2.33419340e+05	4.13838165e+02	1.71922342e+01	4.13838165e+01	1.71922342e+00	3.82705144e+07	1.67811410e-09
2.93000000e+01	2.46345383e+01	-5.96839020e+06	-2.32300158e+05	1.00000000e-09	1.02903288e-02	1.00000000e-10	1.02903288e-03	-9.92865696e+02	1.54279187e-09
2.94000000e+01	2.47186152e+01	-5.93963554e+06	-2.31180977e+05	1.00000000e-09	1.58381327e-02	1.00000000e-10	1.58381327e-03	-1.52814740e+03	1.41838196e-09
2.95000000e+01	2.48026921e+01	-5.91088087e+06	-2.30061795e+05	7.47154255e+02	2.63762932e+01	7.47154255e+01	2.63762932e+00	6.95445010e+07	1.30400439e-09
2.96000000e+01	2.48867691e+01	-5.88212085e+06	-2.28942405e+05	5.48666978e+02	5.15378121e+01	5.48666978e+01	5.15378121e+00	4.79656727e+07	1.19885018e-09
2.97000000e+01	2.49708460e+01	-5.85335073e+06	-2.27822622e+05	1.00000000e-09	6.27888888e+00	1.00000000e-10	6.27888888e-01	-6.05820679e+05	1.10217554e-09
2.98000000e+01	2.50549229e+01	-5.82457928e+06	-2.26702787e+05	1.00000000e-09	1.00000000e-09	1.00000000e-10	1.00000000e-10	0.00000000e+00	1.01329669e-09
2.99000000e+01	2.51389998e+01	-5.79580783e+06	-2.25582951e+05	6.51585028e+02	1.00000000e-09	6.51585028e+01	1.00000000e-10	6.28683978e+07	9.31584987e-10
3.00000000e+01	2.52230767e+01	-5.76703647e+06	-2.24463120e+05	6.68892225e+02	2.31936580e+01	6.68892225e+01	2.31936580e+00	6.23004407e+07	8.56462471e-10
3.01000000e+01	2.53071537e+01	-5.73826106e+06	-2.23343131e+05	1.00000000e-09	3.71489660e+01	1.00000000e-10	3.71489660e+00	-3.58433032e+06	7.87397794e-10
3.02000000e+01	2.53912306e+01	-5.70947775e+06	-2.22222834e+05	1.00000000e-09	7.47807820e-01	1.00000000e-10	7.47807820e-02	-7.21524858e+04	7.23902457e-10
3.03000000e+01	2.54753075e+01	-5.68069428e+06	-2.21102531e+05	5.35805509e+02	1.00000000e-09	5.35805509e+01	1.00000000e-10	5.16973725e+07	6.65527349e-10
3.04000000e+01	2.55593844e+01	-5.65191081e+06	-2.19982229e+05	7.70117990e+02	1.00000000e-09	7.70117990e+01	1.00000000e-10	7.43050901e+07	6.11859579e-10
3.05000000e+01	2.56434614e+01	-5.62312815e+06	-2.18861957e+05	1.00000000e-09	2.12343714e+01	1.00000000e-10	2.12343714e+00	-2.04880538e+06	5.62519549e-10
3.06000000e+01	2.57275383e+01	-5.59434102e+06	-2.17741512e+05	1.00000000e-09	2.85629908e+01	1.00000000e-10	2.85629908e+00	-2.75590965e+06	5.17158273e-10
3.07000000e+01	2.58116152e+01	-5.56554782e+06	-2.16620830e+05	4.02386520e+02	1.00000000e-09	4.02386520e+01	1.00000000e-10	3.88243970e+07	4.75454906e-10
3.08000000e+01	2.58956921e+01	-5.53675462e+06	-2.15500149e+05	8.48739960e+02	1.00000000e-09	8.48739960e+01	1.00000000e-10	8.18909569e+07	4.37114476e-10
3.09000000e+01	2.59797690e+01	-5.50796222e+06	-2.14379498e+05	1.00000000e-09	1.00000000e-09	1.00000000e-10	1.00000000e-10	0.00000000e+00	4.01865798e-10
3.10000000e+01	2.60638460e+01	-5.47917017e+06	-2.13258862e+05	1.00000000e-09	1.96194128e+01	1.00000000e-10	1.96194128e+00	-1.89298556e+06	3.69459555e-10
3.11000000e+01	2.61479229e+01	-5.45037396e+06	-2.12138063e+05	2.55769061e+02	2.25557786e+01	2.55769061e+01	2.25557786e+00	2.25016610e+07	3.39666533e-10
3.12000000e+01	2.62319998e+01	-5.42157294e+06	-2.11017077e+05	9.04782813e+02	1.00000000e-09	9.04782813e+01	1.00000000e-10	8.72982702e+07	3.12276006e-10
3.13000000e+01	2.63160767e+01	-5.39277266e+06	-2.09896120e+05	1.00000000e-09	1.00000000e-09	1.00000000e-10	1.00000000e-10	0.00000000e+00	2.87094235e-10
3.14000000e+01	2.64001537e+01	-5.36397284e+06	-2.08775180e+05	1.00000000e-09	1.00000000e-09	1.00000000e-10	1.00000000e-10	0.00000000e+00	2.63943109e-10
3.15000000e+01	2.64842306e+01	-5.33517301e+06	-2.07654241e+05	9.96897056e+01	1.82025138e+01	9.96897056e+00	1.82025138e+00	7.86231876e+06	2.42658878e-10
3.16000000e+01	2.65683075e+01	-5.30636931e+06	-2.06533151e+05	9.34281819e+02	1.80818057e+01	9.34281819e+01	1.80818057e+00	8.83998626e+07	2.23090996e-10
3.17000000e+01	2.66523844e+01	-5.27756255e+06	-2.05411941e+05	1.00000000e-09	1.00000000e-09	1.00000000e-10	1.00000000e-10	0.00000000e+00	2.05101057e-10
3.18000000e+01	2.67364614e+01	-5.24875650e+06	-2.04290759e+05	1.00000000e-09	1.00000000e-09	1.00000000e-10	1.00000000e-10	0.00000000e+00	1.88561817e-10
3.19000000e+01	2.68205383e+01	-5.21995045e+06	-2.03169578e+05	1.00000000e-09	1.00000000e-09	1.00000000e-10	1.00000000e-10	0.00000000e+00	1.73356293e-10
3.20000000e+01	2.69046152e+01	-5.19114440e+06	-2.02048396e+05	9.38070401e+02	1.69621648e+01	9.38070401e+01	1.69621648e+00	8.88734341e+07	1.59376934e-10
3.21000000e+01	2.69886921e+01	-5.16233527e+06	-2.00927094e+05	1.38572031e+02	1.46363722e+01	1.38572031e+01	1.46363722e+00	1.19579732e+07	1.46524863e-10
3.22000000e+01	2.70727690e+01	-5.13352380e+06	-1.99805702e+05	1.00000000e-09	1.00000000e-09	1.00000000e-10	1.00000000e-10	0.00000000e+00	1.34709176e-10
3.23000000e+01	2.71568460e+01	-5.10471233e+06	-1.98684309e+05	1.00000000e-09	1.00000000e-09	1.00000000e-10	1.00000000e-10	0.00000000e+00	1.23846300e-10
3.24000000e+01	2.72409229e+01	-5.07590087e+06	-1.97562917e+05	9.13485736e+02	1.00000000e-09	9.13485736e+01	1.00000000e-10	8.81379747e+07	1.13859401e-10
3.25000000e+01	2.73249998e+01	-5.04708980e+06	-1.96441540e+05	2.99347518e+02	1.58693261e+01	2.99347518e+01	1.58693261e+00	2.73514875e+07	1.04677839e-10
3.26000000e+01	2.74090767e+01	-5.01827611e+06	-1.95320060e+05	1.00000000e-09	1.19043623e+01	1.00000000e-10	1.19043623e+00	-1.14859635e+06	9.62366743e-11
3.27000000e+01	2.74931537e+01	-4.98945988e+06	-1.94198483e+05	1.00000000e-09	1.00000000e-09	1.00000000e-10	1.00000000e-10	0.00000000e+00	8.84762003e-11
3.28000000e+01	2.75772306e+01	-4.96064366e+06	-1.93076905e+05	8.60305626e+02	1.00000000e-09	8.60305626e+01	1.00000000e-10	8.30068741e+07	8.13415267e-11
3.29000000e+01	2.76613075e+01	-4.93182779e+06	-1.91955341e+05	4.52241430e+02	1.00000000e-09	4.52241430e+01	1.00000000e-10	4.36346646e+07	7.47821894e-11
3.30000000e+01	2.77453844e+01	-4.90301273e+06	-1.90833809e+05	1.00000000e-09	1.48923951e+01	1.00000000e-10	1.48923951e+00	-1.43689769e+06	6.87517936e-11
3.31000000e+01	2.78294613e+01	-4.87419451e+06	-1.89712153e+05	1.00000000e-09	9.66109407e+00	1.00000000e-10	9.66109407e-01	-9.32153870e+05	6.32076857e-11
3.32000000e+01	2.79135383e+01	-4.84537423e+06	-1.88590418e+05	7.81051337e+02	1.00000000e-09	7.81051337e+01	1.00000000e-10	7.53599977e+07	5.81106517e-11
3.33000000e+01	2.79976152e+01	-4.81655425e+06	-1.87468694e+05	5.92736453e+02	1.00000000e-09	5.92736453e+01	1.00000000e-10	5.71903735e+07	5.34246397e-11
3.34000000e+01	2.80816921e+01	-4.78773522e+06	-1.86347007e+05	1.00000000e-09	1.00000000e-09	1.00000000e-10	1.00000000e-10	0.00000000e+00	4.91165053e-11
3.35000000e+01	2.81657690e+01	-4.75891618e+06	-1.85225320e+05	1.00000000e-09	1.39942898e+01	1.00000000e-10	1.39942898e+00	-1.35024370e+06	4.51557765e-11
3.36000000e+01	2.82498460e+01	-4.73009416e+06	-1.84103516e+05	6.78731994e+02	7.77254255e+00	6.78731994e+01	7.77254255e-01	6.47377456e+07	4.15144388e-11
3.37000000e+01	2.83339229e+01	-4.70127057e+06	-1.82981652e+05	7.18219524e+02	1.00000000e-09	7.18219524e+01	1.00000000e-10	6.92976493e+07	3.81667366e-11
3.38000000e+01	2.84179998e+01	-4.67244802e+06	-1.81859828e+05	1.00000000e-09	1.00000000e-09	1.00000000e-10	1.00000000e-10	0.00000000e+00	3.50889914e-11
3.39000000e+01	2.85020767e+01	-4.64362548e+06	-1.80738005e+05	1.00000000e-09	1.26217702e+00	1.00000000e-10	1.26217702e-01	-1.21781569e+05	3.22594338e-11
3.40000000e+01	2.85861536e+01	-4.61480268e+06	-1.79616171e+05	5.56013779e+02	1.30750582e+01	5.56013779e+01	1.30750582e+00	5.23856228e+07	2.96580503e-11
3.41000000e+01	2.86702306e+01	-4.58597709e+06	-1.78494229e+05	8.23516212e+02	6.13318506e+00	8.23516212e+01	6.13318506e-01	7.88654728e+07	2.72664410e-11
3.42000000e+01	2.87543075e+01	-4.55715120e+06	-1.77372275e+05	1.00000000e-09	1.00000000e-09	1.00000000e-10	1.00000000e-10	0.00000000e+00	2.50676897e-11
3.43000000e+01	2.88383844e+01	-4.52832557e+06	-1.76250331e+05	1.00000000e-09	1.00000000e-09	1.00000000e-10	1.00000000e-10	0.00000000e+00	2.30462446e-11
3.44000000e+01	2.89224613e+01	-4.49949994e+06	-1.75128387e+05	4.14930886e+02	2.27305997e+00	4.14930886e+01	2.27305997e-01	3.98154274e+07	2.11878078e-11
3.45000000e+01	2.90065383e+01	-4.47067382e+06	-1.74006424e+05	9.06919039e+02	1.21639360e+01	9.06919039e+01	1.21639360e+00	8.63307432e+07	1.94792342e-11
3.46000000e+01	2.90906152e+01	-4.44184600e+06	-1.72884395e+05	1.00000000e-09	4.72963515e+00	1.00000000e-10	4.72963515e-01	-4.56340418e+05	1.79084392e-11
3.47000000e+01	2.91746921e+01	-4.41301761e+06	-1.71762344e+05	1.00000000e-09	1.00000000e-09	1.00000000e-10	1.00000000e-10	0.00000000e+00	1.64643122e-11
3.48000000e+01	2.92587690e+01	-4.38418922e+06	-1.70640293e+05	2.58775075e+02	1.00000000e-09	2.58775075e+01	1.00000000e-10	2.49679990e+07	1.51366389e-11
3.49000000e+01	2.93428459e+01	-4.35536084e+06	-1.69518242e+05	9.64874988e+02	3.06141702e+00	9.64874988e+01	3.06141702e-01	9.28009019e+07	1.39160284e-11
3.50000000e+01	2.94269229e+01	-4.32653254e+06	-1.68396194e+05	1.00000000e-09	1.12871619e+01	1.00000000e-10	1.12871619e+00	-1.08904557e+06	1.27938473e-11
3.51000000e+01	2.95109998e+01	-4.29770236e+06	-1.67274073e+05	1.00000000e-09	3.53624640e+00	1.00000000e-10	3.53624640e-01	-3.41195908e+05	1.17621583e-11
3.52000000e+01	2.95950767e+01	-4.26887143e+06	-1.66151923e+05	9.21614418e+01	1.00000000e-09	9.21614418e+00	1.00000000e-10	8.89222732e+06	1.08136641e-11
3.53000000e+01	2.96791536e+01	-4.24004050e+06	-1.65029773e+05	9.94227952e+02	1.00000000e-09	9.94227952e+01	1.00000000e-10	9.59284142e+07	9.94165601e-12
3.54000000e+01	2.97632306e+01	-4.21121020e+06	-1.63907647e+05	1.00000000e-09	3.67093251e+00	1.00000000e-10	3.67093251e-01	-3.54191143e+05	9.13996618e-12
3.55000000e+01	2.98473075e+01	-4.18237968e+06	-1.62785513e+05	1.00000000e-09	1.04714071e+01	1.00000000e-10	1.04714071e+00	-1.01033720e+06	8.40292419e-12
3.56000000e+01	2.99313844e+01	-4.15354693e+06	-1.61663292e+05	1.00000000e-09	2.52411790e+00	1.00000000e-10	2.52411790e-01	-2.43540354e+05	7.72531687e-12
3.57000000e+01	3.00154613e+01	-4.12471364e+06	-1.60541050e+05	9.93515239e+02	1.00000000e-09	9.93515239e+01	1.00000000e-10	9.58596478e+07	7.10235144e-12
3.58000000e+01	3.00995383e+01	-4.09588089e+06	-1.59418829e+05	1.62772361e+02	1.00000000e-09	1.62772361e+01	1.00000000e-10	1.57051453e+07	6.52962161e-12
3.59000000e+01	3.01836152e+01	-4.06704872e+06	-1.58296631e+05	1.00000000e-09	4.14797745e+00	1.00000000e-10	4.14797745e-01	-4.00218982e+05	6.00307641e-12
3.60000000e+01	3.02676921e+01	-4.03821568e+06	-1.57174399e+05	1.00000000e-09	9.72392545e+00	1.00000000e-10	9.72392545e-01	-9.38216177e+05	5.51899153e-12
3.61000000e+01	3.03517690e+01	-4.00938056e+06	-1.56052086e+05	9.62460452e+02	1.65438114e+00	9.62460452e+01	1.65438114e-01	9.27036929e+07	5.07394300e-12
3.62000000e+01	3.04358459e+01	-3.98054557e+06	-1.54929778e+05	3.31628243e+02	1.00000000e-09	3.31628243e+01	1.00000000e-10	3.19972611e+07	4.66478295e-12
3.63000000e+01	3.05199229e+01	-3.95171122e+06	-1.53807494e+05	1.00000000e-09	1.00000000e-09	1.00000000e-10	1.00000000e-10	0.00000000e+00	4.28861734e-12
3.64000000e+01	3.06039998e+01	-3.92287687e+06	-1.52685211e+05	1.00000000e-09	4.53947265e+00	1.00000000e-10	4.53947265e-01	-4.37992526e+05	3.94278553e-12
3.65000000e+01	3.06880767e+01	-3.89404156e+06	-1.51562891e+05	9.02237408e+02	9.03923839e+00	9.02237408e+01	9.03923839e-01	8.61805221e+07	3.62484141e-12
3.66000000e+01	3.07721536e+01	-3.86520475e+06	-1.50440512e+05	4.91469147e+02	8.85167720e-01	4.91469147e+01	8.85167720e-02	4.73341581e+07	3.33253613e-12
3.67000000e+01	3.08562306e+01	-3.83636847e+06	-1.49318153e+05	1.00000000e-09	1.00000000e-09	1.00000000e-10	1.00000000e-10	0.00000000e+00	3.06380220e-12
3.68000000e+01	3.09403075e+01	-3.80753219e+06	-1.48195795e+05	1.00000000e-09	1.00000000e-09	1.00000000e-10	1.00000000e-10	0.00000000e+00	2.81673882e-12
3.69000000e+01	3.10243844e+01	-3.77869591e+06	-1.47073437e+05	8.14848376e+02	4.87526546e+00	8.14848376e+01	4.87526546e-01	7.81505246e+07	2.58959851e-12
3.70000000e+01	3.11084613e+01	-3.74985897e+06	-1.45951053e+05	6.37553759e+02	8.39660877e+00	6.37553759e+01	8.39660877e-01	6.07044366e+07	2.38077467e-12
3.71000000e+01	3.11925382e+01	-3.72102104e+06	-1.44828630e+05	1.00000000e-09	1.86239247e-01	1.00000000e-10	1.86239247e-02	-1.79693555e+04	2.18879027e-12
3.72000000e+01	3.12766152e+01	-3.69218307e+06	-1.43706206e+05	1.00000000e-09	1.00000000e-09	1.00000000e-10	1.00000000e-10	0.00000000e+00	2.01228739e-12
3.73000000e+01	3.13606921e+01	-3.66334510e+06	-1.42583782e+05	7.03062728e+02	1.00000000e-09	7.03062728e+01	1.00000000e-10	6.78352409e+07	1.85001761e-12
3.74000000e+01	3.14447690e+01	-3.63450740e+06	-1.41461369e+05	7.65771052e+02	5.14301738e+00	7.65771052e+01	5.14301738e-01	7.33894486e+07	1.70083318e-12
3.75000000e+01	3.15288459e+01	-3.60566952e+06	-1.40338948e+05	1.00000000e-09	7.78477762e+00	1.00000000e-10	7.78477762e-01	-7.51116854e+05	1.56367890e-12
3.76000000e+01	3.16129229e+01	-3.57682997e+06	-1.39216462e+05	1.00000000e-09	1.00000000e-09	1.00000000e-10	1.00000000e-10	0.00000000e+00	1.43758467e-12
3.77000000e+01	3.16969998e+01	-3.54799043e+06	-1.38093977e+05	5.70390730e+02	1.00000000e-09	5.70390730e+01	1.00000000e-10	5.50343390e+07	1.32165861e-12
3.78000000e+01	3.17810767e+01	-3.51915102e+06	-1.36971497e+05	8.72629497e+02	1.00000000e-09	8.72629497e+01	1.00000000e-10	8.41959468e+07	1.21508076e-12
3.79000000e+01	3.18651536e+01	-3.49031259e+06	-1.35849055e+05	1.00000000e-09	5.33184979e+00	1.00000000e-10	5.33184979e-01	-5.14445298e+05	1.11709730e-12
3.80000000e+01	3.19492305e+01	-3.46147303e+06	-1.34726569e+05	1.00000000e-09	7.17897838e+00	1.00000000e-10	7.17897838e-01	-6.92666114e+05	1.02701517e-12
3.81000000e+01	3.20333075e+01	-3.43263193e+06	-1.33604023e+05	4.20609870e+02	1.00000000e-09	4.20609870e+01	1.00000000e-10	4.05826830e+07	9.44197214e-13
3.82000000e+01	3.21173844e+01	-3.40379084e+06	-1.32481477e+05	9.54818389e+02	1.00000000e-09	9.54818389e+01	1.00000000e-10	9.21259694e+07	8.68057654e-13
3.83000000e+01	3.22014613e+01	-3.37495079e+06	-1.31358972e+05	1.00000000e-09	1.00000000e-09	1.00000000e-10	1.00000000e-10	0.00000000e+00	7.98057949e-13
3.84000000e+01	3.22855382e+01	-3.34611088e+06	-1.30236473e+05	1.00000000e-09	5.43776566e+00	1.00000000e-10	5.43776566e-01	-5.24664625e+05	7.33702982e-13
3.85000000e+01	3.23696152e+01	-3.31726981e+06	-1.29113928e+05	2.57799153e+02	6.58003043e+00	2.57799153e+01	6.58003043e-01	2.42389605e+07	6.74537565e-13
3.86000000e+01	3.24536921e+01	-3.28842734e+06	-1.27991329e+05	1.00993837e+03	1.00000000e-09	1.00993837e+02	1.00000000e-10	9.74442395e+07	6.20143216e-13
3.87000000e+01	3.25377690e+01	-3.25958590e+06	-1.26868770e+05	1.00000000e-09	1.00000000e-09	1.00000000e-10	1.00000000e-10	0.00000000e+00	5.70135198e-13
3.88000000e+01	3.26218459e+01	-3.23074482e+06	-1.25746225e+05	1.00000000e-09	1.00000000e-09	1.00000000e-10	1.00000000e-10	0.00000000e+00	5.24159800e-13
3.89000000e+01	3.27059228e+01	-3.20190374e+06	-1.24623679e+05	8.63222005e+01	5.48336747e+00	8.63222005e+00	5.48336747e-01	7.79976165e+06	4.81891834e-13
3.90000000e+01	3.27899998e+01	-3.17306150e+06	-1.23501089e+05	1.03693228e+03	6.01659527e+00	1.03693228e+02	6.01659527e-01	9.94682423e+07	4.43032333e-13
3.91000000e+01	3.28740767e+01	-3.14421895e+06	-1.22378487e+05	1.00000000e-09	1.00000000e-09	1.00000000e-10	1.00000000e-10	0.00000000e+00	4.07306443e-13
3.92000000e+01	3.29581536e+01	-3.11537696e+06	-1.21255906e+05	1.00000000e-09	1.00000000e-09	1.00000000e-10	1.00000000e-10	0.00000000e+00	3.74461468e-13
3.93000000e+01	3.30422305e+01	-3.08653498e+06	-1.20133326e+05	1.00000000e-09	1.00000000e-09	1.00000000e-10	1.00000000e-10	0.00000000e+00	3.44265096e-13
3.94000000e+01	3.31263075e+01	-3.05769300e+06	-1.19010746e+05	1.03484352e+03	5.49369261e+00	1.03484352e+02	5.49369261e-01	9.93171602e+07	3.16503742e-13
3.95000000e+01	3.32103844e+01	-3.02885070e+06	-1.17888153e+05	1.73046799e+02	5.48977033e+00	1.73046799e+01	5.48977033e-01	1.61667956e+07	2.90981049e-13
3.96000000e+01	3.32944613e+01	-3.00000800e+06	-1.16765545e+05	1.00000000e-09	1.00000000e-09	1.00000000e-10	1.00000000e-10	0.00000000e+00	2.67516493e-13
3.97000000e+01	3.33785382e+01	-2.97116529e+06	-1.15642936e+05	1.00000000e-09	1.00000000e-09	1.00000000e-10	1.00000000e-10	0.00000000e+00	2.45944106e-13
3.98000000e+01	3.34626152e+01	-2.94232258e+06	-1.14520328e+05	1.00323785e+03	1.00000000e-09	1.00323785e+02	1.00000000e-10	9.67977373e+07	2.26111304e-13
3.99000000e+01	3.35466921e+01	-2.91348057e+06	-1.13397746e+05	3.47033173e+02	5.48665879e+00	3.47033173e+01	5.48665879e-01	3.29542288e+07	2.07877809e-13
4.00000000e+01	3.36307690e+01	-2.88463830e+06	-1.12275155e+05	1.00000000e-09	5.00384370e+00	1.00000000e-10	5.00384370e-01	-4.82797521e+05	1.91114654e-13
4.01000000e+01	3.37148459e+01	-2.85579496e+06	-1.11152522e+05	1.00000000e-09	1.00000000e-09	1.00000000e-10	1.00000000e-10	0.00000000e+00	1.75703270e-13
4.02000000e+01	3.37989228e+01	-2.82695163e+06	-1.10029889e+05	9.42527488e+02	1.00000000e-09	9.42527488e+01	1.00000000e-10	9.09400777e+07	1.61534652e-13
4.03000000e+01	3.38829998e+01	-2.79810880e+06	-1.08907276e+05	5.13435019e+02	1.00000000e-09	5.13435019e+01	1.00000000e-10	4.95389484e+07	1.48508584e-13
4.04000000e+01	3.39670767e+01	-2.76926699e+06	-1.07784702e+05	1.00000000e-09	5.46840897e+00	1.00000000e-10	5.46840897e-01	-5.27621256e+05	1.36532931e-13
4.05000000e+01	3.40511536e+01	-2.74042401e+06	-1.06662083e+05	1.00000000e-09	4.54807590e+00	1.00000000e-10	4.54807590e-01	-4.38822613e+05	1.25522989e-13
4.06000000e+01	3.41352305e+01	-2.71158006e+06	-1.05539426e+05	8.53848190e+02	1.00000000e-09	8.53848190e+01	1.00000000e-10	8.23838262e+07	1.15400882e-13
4.07000000e+01	3.42193075e+01	-2.68273641e+06	-1.04416781e+05	6.67353082e+02	1.00000000e-09	6.67353082e+01	1.00000000e-10	6.43897837e+07	1.06095016e-13
4.08000000e+01	3.43033844e+01	-2.65389383e+06	-1.03294178e+05	1.00000000e-09	1.00000000e-09	1.00000000e-10	1.00000000e-10	0.00000000e+00	9.75395708e-14
4.09000000e+01	3.43874613e+01	-2.62505126e+06	-1.02171574e+05	1.00000000e-09	5.43033262e+00	1.00000000e-10	5.43033262e-01	-5.23947447e+05	8.96740319e-14
4.10000000e+01	3.44715382e+01	-2.59620752e+06	-1.01048926e+05	7.39096858e+02	4.09734752e+00	7.39096858e+01	4.09734752e-01	7.09166718e+07	8.24427658e-14
4.11000000e+01	3.45556151e+01	-2.56736300e+06	-9.99262467e+04	8.04063439e+02	1.00000000e-09	8.04063439e+01	1.00000000e-10	7.75803279e+07	7.57946252e-14
4.12000000e+01	3.46396921e+01	-2.53851955e+06	-9.88036094e+04	1.00000000e-09	1.00000000e-09	1.00000000e-10	1.00000000e-10	0.00000000e+00	6.96825871e-14
4.13000000e+01	3.47237690e+01	-2.50967611e+06	-9.76809721e+04	1.00000000e-09	1.00000000e-09	1.00000000e-10	1.00000000e-10	0.00000000e+00	6.40634205e-14
4.14000000e+01	3.48078459e+01	-2.48083266e+06	-9.65583349e+04	6.01050084e+02	5.37197175e+00	6.01050084e+01	5.37197175e-01	5.74742005e+07	5.88973804e-14
4.15000000e+01	3.48919228e+01	-2.45198807e+06	-9.54356531e+04	9.17978947e+02	3.66360569e+00	9.17978947e+01	3.66360569e-01	8.82180194e+07	5.41479271e-14
4.16000000e+01	3.49759998e+01	-2.42314373e+06	-9.43129811e+04	1.00000000e-09	1.00000000e-09	1.00000000e-10	1.00000000e-10	0.00000000e+00	4.97814672e-14
4.17000000e+01	3.50600767e+01	-2.39429959e+06	-9.31903170e+04	1.00000000e-09	1.00000000e-09	1.00000000e-10	1.00000000e-10	0.00000000e+00	4.57671163e-14
4.18000000e+01	3.51441536e+01	-2.36545546e+06	-9.20676529e+04	4.43274067e+02	1.00000000e-09	4.43274067e+01	1.00000000e-10	4.27694456e+07	4.20764804e-14
4.19000000e+01	3.52282305e+01	-2.33661132e+06	-9.09449888e+04	1.00660137e+03	5.28878104e+00	1.00660137e+02	5.28878104e-01	9.66119776e+07	3.86834555e-14
4.20000000e+01	3.53123074e+01	-2.30776701e+06	-8.98223179e+04	1.00000000e-09	3.25995968e+00	1.00000000e-10	3.25995968e-01	-3.14538292e+05	3.55640423e-14
4.21000000e+01	3.53963844e+01	-2.27892238e+06	-8.86996347e+04	1.00000000e-09	1.00000000e-09	1.00000000e-10	1.00000000e-10	0.00000000e+00	3.26961769e-14
4.22000000e+01	3.54804613e+01	-2.25007776e+06	-8.75769515e+04	2.70090162e+02	1.00000000e-09	2.70090162e+01	1.00000000e-10	2.60597390e+07	3.00595747e-14
4.23000000e+01	3.55645382e+01	-2.22123313e+06	-8.64542683e+04	1.06668308e+03	1.33913361e-01	1.06668308e+02	1.33913361e-02	1.02906351e+08	2.76355866e-14
4.24000000e+01	3.56486151e+01	-2.19238932e+06	-8.53316169e+04	1.00000000e-09	5.17559405e+00	1.00000000e-10	5.17559405e-01	-4.99368911e+05	2.54070677e-14
4.25000000e+01	3.57326921e+01	-2.16354493e+06	-8.42089430e+04	1.00000000e-09	2.88791680e+00	1.00000000e-10	2.88791680e-01	-2.78641611e+05	2.33582553e-14
4.26000000e+01	3.58167690e+01	-2.13469993e+06	-8.30862451e+04	8.64350884e+01	1.00000000e-09	8.64350884e+00	1.00000000e-10	8.33971821e+06	2.14746581e-14
4.27000000e+01	3.59008459e+01	-2.10585492e+06	-8.19635473e+04	1.09584549e+03	1.00000000e-09	1.09584549e+02	1.00000000e-10	1.05733016e+08	1.97429531e-14
4.28000000e+01	3.59849228e+01	-2.07701063e+06	-8.08408772e+04	4.17061085e+00	4.17939700e-01	4.17061085e-01	4.17939700e-02	3.62077723e+05	1.81508919e-14
4.29000000e+01	3.60689997e+01	-2.04816689e+06	-7.97182283e+04	1.00000000e-09	5.04489648e+00	1.00000000e-10	5.04489648e-01	-4.86758513e+05	1.66872137e-14
4.30000000e+01	3.61530767e+01	-2.01932207e+06	-7.85955376e+04	1.00000000e-09	2.54787266e+00	1.00000000e-10	2.54787266e-01	-2.45832340e+05	1.53415657e-14
4.31000000e+01	3.62371536e+01	-1.99047671e+06	-7.74728258e+04	1.09257054e+03	1.00000000e-09	1.09257054e+02	1.00000000e-10	1.05417032e+08	1.41044300e-14
4.32000000e+01	3.63212305e+01	-1.96163192e+06	-7.63501363e+04	1.93996636e+02	1.00000000e-09	1.93996636e+01	1.00000000e-10	1.87178299e+07	1.29670563e-14
4.33000000e+01	3.64053074e+01	-1.93278783e+06	-7.52274743e+04	1.00000000e-09	6.65827404e-01	1.00000000e-10	6.65827404e-02	-6.42425781e+04	1.19213998e-14
4.34000000e+01	3.64893844e+01	-1.90394361e+06	-7.41048068e+04	1.00000000e-09	4.91099150e+00	1.00000000e-10	4.91099150e-01	-4.73838646e+05	1.09600645e-14
4.35000000e+01	3.65734613e+01	-1.87509834e+06	-7.29820985e+04	1.05634938e+03	2.23466948e+00	1.05634938e+02	2.23466948e-01	1.01706608e+08	1.00762507e-14
4.36000000e+01	3.66575382e+01	-1.84625302e+06	-7.18593885e+04	3.80276667e+02	1.00000000e-09	3.80276667e+01	1.00000000e-10	3.66911205e+07	9.26370726e-15
4.37000000e+01	3.67416151e+01	-1.81740846e+06	-7.07367076e+04	1.00000000e-09	1.00000000e-09	1.00000000e-10	1.00000000e-10	0.00000000e+00	8.51668685e-15
4.38000000e+01	3.68256921e+01	-1.78856389e+06	-6.96140268e+04	1.00000000e-09	8.90163281e-01	1.00000000e-10	8.90163281e-02	-8.58876997e+04	7.82990577e-15
4.39000000e+01	3.69097690e+01	-1.75971914e+06	-6.84913386e+04	9.87814792e+02	4.77783013e+00	9.87814792e+01	4.77783013e-01	9.48486477e+07	7.19850635e-15
4.40000000e+01	3.69938459e+01	-1.73087365e+06	-6.73686220e+04	5.57151806e+02	1.93958974e+00	5.57151806e+01	1.93958974e-01	5.35698351e+07	6.61802264e-15
4.41000000e+01	3.70779228e+01	-1.70202852e+06	-6.62459190e+04	1.00000000e-09	1.00000000e-09	1.00000000e-10	1.00000000e-10	0.00000000e+00	6.08434883e-15
4.42000000e+01	3.71619997e+01	-1.67318338e+06	-6.51232161e+04	1.00000000e-09	1.00000000e-09	1.00000000e-10	1.00000000e-10	0.00000000e+00	5.59371018e-15
4.43000000e+01	3.72460767e+01	-1.64433825e+06	-6.40005132e+04	8.88567997e+02	1.09655224e+00	8.88567997e+01	1.09655224e-01	8.56279771e+07	5.14263638e-15
4.44000000e+01	3.73301536e+01	-1.61549304e+06	-6.28778073e+04	7.18985843e+02	4.64739398e+00	7.18985843e+01	4.64739398e-01	6.89231825e+07	4.72793693e-15
4.45000000e+01	3.74142305e+01	-1.58664759e+06	-6.17550922e+04	1.00000000e-09	1.65954850e+00	1.00000000e-10	1.65954850e-01	-1.60122088e+05	4.34667862e-15
4.46000000e+01	3.74983074e+01	-1.55780179e+06	-6.06323634e+04	1.00000000e-09	1.00000000e-09	1.00000000e-10	1.00000000e-10	0.00000000e+00	3.99616478e-15
4.47000000e+01	3.75823844e+01	-1.52895599e+06	-5.95096345e+04	7.61278807e+02	1.00000000e-09	7.61278807e+01	1.00000000e-10	7.34522385e+07	3.67391618e-15
4.48000000e+01	3.76664613e+01	-1.50011023e+06	-5.83869072e+04	8.60497692e+02	1.28621246e+00	8.60497692e+01	1.28621246e-01	8.29013049e+07	3.37765354e-15
4.49000000e+01	3.77505382e+01	-1.47126492e+06	-5.72641975e+04	1.00000000e-09	4.51336371e+00	1.00000000e-10	4.51336371e-01	-4.35473396e+05	3.10528136e-15
4.50000000e+01	3.78346151e+01	-1.44241867e+06	-5.61414508e+04	1.00000000e-09	1.39615701e+00	1.00000000e-10	1.39615701e-01	-1.34708673e+05	2.85487313e-15
4.51000000e+01	3.79186920e+01	-1.41357211e+06	-5.50186925e+04	6.09608391e+02	1.00000000e-09	6.09608391e+01	1.00000000e-10	5.88182681e+07	2.62465769e-15
4.52000000e+01	3.80027690e+01	-1.38472555e+06	-5.38959342e+04	9.76501769e+02	1.00000000e-09	9.76501769e+01	1.00000000e-10	9.42180975e+07	2.41300669e-15
4.53000000e+01	3.80868459e+01	-1.35587968e+06	-5.27732024e+04	1.00000000e-09	1.45103386e+00	1.00000000e-10	1.45103386e-01	-1.40003484e+05	2.21842312e-15
4.54000000e+01	3.81709228e+01	-1.32703360e+06	-5.16504628e+04	1.00000000e-09	4.36635370e+00	1.00000000e-10	4.36635370e-01	-4.21289087e+05	2.03953067e-15
4.55000000e+01	3.82549997e+01	-1.29818659e+06	-5.05276869e+04	4.38035920e+02	1.15400175e+00	4.38035920e+01	1.15400175e-01	4.21526970e+07	1.87506400e-15
4.56000000e+01	3.83390767e+01	-1.26933934e+06	-4.94049015e+04	1.06369635e+03	1.00000000e-09	1.06369635e+02	1.00000000e-10	1.02631096e+08	1.72385984e-15
4.57000000e+01	3.84231536e+01	-1.24049271e+06	-4.82821405e+04	1.00000000e-09	1.00000000e-09	1.00000000e-10	1.00000000e-10	0.00000000e+00	1.58484870e-15
4.58000000e+01	3.85072305e+01	-1.21164627e+06	-4.71593866e+04	1.00000000e-09	1.58642448e+00	1.00000000e-10	1.58642448e-01	-1.53066692e+05	1.45704735e-15
4.59000000e+01	3.85913074e+01	-1.18279949e+06	-4.60366196e+04	2.51769586e+02	4.21108601e+00	2.51769586e+01	4.21108601e-01	2.38857641e+07	1.33955183e-15
4.60000000e+01	3.86753843e+01	-1.15395182e+06	-4.49138177e+04	1.11903347e+03	9.40059174e-01	1.11903347e+02	9.40059174e-02	1.07879614e+08	1.23153109e-15
4.61000000e+01	3.87594613e+01	-1.12510451e+06	-4.37910301e+04	1.00000000e-09	1.00000000e-09	1.00000000e-10	1.00000000e-10	0.00000000e+00	1.13222108e-15
4.62000000e+01	3.88435382e+01	-1.09625744e+06	-4.26682521e+04	1.00000000e-09	1.00000000e-09	1.00000000e-10	1.00000000e-10	0.00000000e+00	1.04091937e-15
4.63000000e+01	3.89276151e+01	-1.06741038e+06	-4.15454741e+04	5.65274084e+01	1.69185955e+00	5.65274084e+00	1.69185955e-01	5.29082614e+06	9.56980191e-16
4.64000000e+01	3.90116920e+01	-1.03856296e+06	-4.04226820e+04	1.14053469e+03	4.05755912e+00	1.14053469e+02	4.05755912e-01	1.09653373e+08	8.79809819e-16
4.65000000e+01	3.90957690e+01	-1.00971517e+06	-3.92998760e+04	4.01025387e+01	7.54550393e-01	4.01025387e+00	7.54550393e-02	3.79650372e+06	8.08862425e-16
4.66000000e+01	3.91798459e+01	-9.80867525e+05	-3.81770752e+04	1.00000000e-09	1.00000000e-09	1.00000000e-10	1.00000000e-10	0.00000000e+00	7.43636191e-16
4.67000000e+01	3.92639228e+01	-9.52019877e+05	-3.70542744e+04	1.00000000e-09	1.00000000e-09	1.00000000e-10	1.00000000e-10	0.00000000e+00	6.83669765e-16
4.68000000e+01	3.93479997e+01	-9.23172229e+05	-3.59314736e+04	1.12725192e+03	1.77367820e+00	1.12725192e+02	1.77367820e-01	1.08592142e+08	6.28539001e-16
4.69000000e+01	3.94320766e+01	-8.94324647e+05	-3.48086754e+04	2.37662160e+02	3.91142332e+00	2.37662160e+01	3.91142332e-01	2.25535175e+07	5.77853951e-16
4.70000000e+01	3.95161536e+01	-8.65476563e+05	-3.36858576e+04	1.00000000e-09	5.92829195e-01	1.00000000e-10	5.92829195e-02	-5.71993217e+04	5.31256117e-16
4.71000000e+01	3.96002305e+01	-8.36628352e+05	-3.25630349e+04	1.00000000e-09	1.00000000e-09	1.00000000e-10	1.00000000e-10	0.00000000e+00	4.88415907e-16
4.72000000e+01	3.96843074e+01	-8.07780141e+05	-3.14402123e+04	1.07934065e+03	1.00000000e-09	1.07934065e+02	1.00000000e-10	1.04140541e+08	4.49030309e-16
4.73000000e+01	3.97683843e+01	-7.78932317e+05	-3.03174046e+04	4.28796935e+02	1.83921024e+00	4.28796935e+01	1.83921024e-01	4.11951578e+07	4.12820745e-16
4.74000000e+01	3.98524613e+01	-7.50084457e+05	-2.91945956e+04	1.00000000e-09	3.77495904e+00	1.00000000e-10	3.77495904e-01	-3.64228177e+05	3.79531100e-16
4.75000000e+01	3.99365382e+01	-7.21235792e+05	-2.80717552e+04	1.00000000e-09	4.50161767e-01	1.00000000e-10	4.50161767e-02	-4.34340075e+04	3.48925915e-16
4.76000000e+01	4.00206151e+01	-6.92387032e+05	-2.69489112e+04	9.98159779e+02	1.00000000e-09	9.98159779e+01	1.00000000e-10	9.63077778e+07	3.20788716e-16
4.77000000e+01	4.01046920e+01	-6.63538602e+05	-2.58260799e+04	6.07485744e+02	1.00000000e-09	6.07485744e+01	1.00000000e-10	5.86134638e+07	2.94920485e-16
4.78000000e+01	4.01887690e+01	-6.34690544e+05	-2.47032632e+04	1.00000000e-09	1.89177233e+00	1.00000000e-10	1.89177233e-01	-1.82528281e+05	2.71138254e-16
4.79000000e+01	4.02728459e+01	-6.05842084e+05	-2.35804308e+04	1.00000000e-09	3.64696103e+00	1.00000000e-10	3.64696103e-01	-3.51878247e+05	2.49273810e-16
4.80000000e+01	4.03569228e+01	-5.76992846e+05	-2.24575681e+04	8.86077474e+02	3.24513158e-01	8.86077474e+01	3.24513158e-02	8.54621686e+07	2.29172503e-16
4.81000000e+01	4.04409997e+01	-5.48143818e+05	-2.13347136e+04	7.68066143e+02	1.00000000e-09	7.68066143e+01	1.00000000e-10	7.41071169e+07	2.10692155e-16
4.82000000e+01	4.05250766e+01	-5.19295174e+05	-2.02118741e+04	1.00000000e-09	1.00000000e-09	1.00000000e-10	1.00000000e-10	0.00000000e+00	1.93702052e-16
4.83000000e+01	4.06091536e+01	-4.90446530e+05	-1.90890345e+04	1.00000000e-09	1.93180285e+00	1.00000000e-10	1.93180285e-01	-1.86390640e+05	1.78082022e-16
4.84000000e+01	4.06932305e+01	-4.61597475e+05	-1.79661790e+04	7.46522060e+02	3.52614873e+00	7.46522060e+01	3.52614873e-01	7.16882073e+07	1.63721583e-16
4.85000000e+01	4.07773074e+01	-4.32747901e+05	-1.68433032e+04	9.05407159e+02	2.16651130e-01	9.05407159e+01	2.16651130e-02	8.73376067e+07	1.50519162e-16
4.86000000e+01	4.08613843e+01	-4.03898674e+05	-1.57204410e+04	1.00000000e-09	1.00000000e-09	1.00000000e-10	1.00000000e-10	0.00000000e+00	1.38381377e-16
4.87000000e+01	4.09454613e+01	-3.75049447e+05	-1.45975787e+04	1.00000000e-09	1.00000000e-09	1.00000000e-10	1.00000000e-10	0.00000000e+00	1.27222377e-16
4.88000000e+01	4.10295382e+01	-3.46200219e+05	-1.34747165e+04	5.83799778e+02	1.95790741e+00	5.83799778e+01	1.95790741e-01	5.61392061e+07	1.16963232e-16
4.89000000e+01	4.11136151e+01	-3.17350767e+05	-1.23518455e+04	1.01515100e+03	3.41180923e+00	1.01515100e+02	3.41180923e-01	9.76179917e+07	1.07531379e-16
4.90000000e+01	4.11976920e+01	-2.88500988e+05	-1.12289617e+04	1.00000000e-09	1.27323291e-01	1.00000000e-10	1.27323291e-02	-1.22848299e+04	9.88601065e-17
4.91000000e+01	4.12817689e+01	-2.59651181e+05	-1.01060769e+04	1.00000000e-09	1.00000000e-09	1.00000000e-10	1.00000000e-10	0.00000000e+00	9.08880802e-17
4.92000000e+01	4.13658459e+01	-2.30801374e+05	-8.98319212e+03	4.02952069e+02	1.00000000e-09	4.02952069e+01	1.00000000e-10	3.88789642e+07	8.35589140e-17
4.93000000e+01	4.14499228e+01	-2.01951723e+05	-7.86031338e+03	1.09380062e+03	1.96985272e+00	1.09380062e+02	1.96985272e-01	1.05345655e+08	7.68207678e-17
4.94000000e+01	4.15339997e+01	-1.73102059e+05	-6.73743411e+03	1.00000000e-09	3.30447620e+00	1.00000000e-10	3.30447620e-01	-3.18833484e+05	7.06259821e-17
4.95000000e+01	4.16180766e+01	-1.44251691e+05	-5.61452745e+03	1.00000000e-09	5.58646849e-02	1.00000000e-10	5.58646849e-03	-5.39012258e+03	6.49307406e-17
4.96000000e+01	4.17021536e+01	-1.15401311e+05	-4.49162033e+03	2.09663542e+02	1.00000000e-09	2.09663542e+01	1.00000000e-10	2.02294565e+07	5.96947603e-17
4.97000000e+01	4.17862305e+01	-8.65510531e+04	-3.36871797e+03	1.13881198e+03	1.00000000e-09	1.13881198e+02	1.00000000e-10	1.09878652e+08	5.48810067e-17
4.98000000e+01	4.18703074e+01	-5.77012093e+04	-2.24583173e+03	1.00000000e-09	1.96939005e+00	1.00000000e-10	1.96939005e-01	-1.90017253e+05	5.04554316e-17
4.99000000e+01	4.19543843e+01	-2.88509460e+04	-1.12292915e+03	1.00000000e-09	3.20511775e+00	1.00000000e-10	3.20511775e-01	-3.09246850e+05	4.63867326e-17
5.00000000e+01	4.20384612e+01	0.00000000e+00	0.00000000e+00	1.00000000e+01	1.00000000e+01	1.00000000e+00	1.00000000e+00	0.00000000e+00	4.26461312e-17
