# 1D PNP Solver Results
# Debye length: 1.18939 nm
# Surface potential: 100 mV
# Bulk concentration: 10 mol/m^3
# Thermal voltage: 25.6926 mV
# Grid: non-uniform with stretching factor 1
#
# Columns:
# 1: x [nm]
# 2: x/lambda_D [-]
# 3: phi [mV]
# 4: phi_normalized = e*phi/(kB*T) [-]
# 5: c+ [mol/m^3]
# 6: c- [mol/m^3]
# 7: c+/c0 [-]
# 8: c-/c0 [-]
# 9: rho [C/m^3]
# 10: phi_GC [mV] (Gouy-Chapman analytical)
0.00000000e+00	0.00000000e+00	1.00000000e+02	3.89217445e+00	1.00000000e-09	1.00000000e-09	1.00000000e-10	1.00000000e-10	0.00000000e+00	1.00000000e+02
1.00000000e-01	8.40769225e-02	-3.23199370e+05	-1.25794833e+04	1.00000000e-09	1.00000000e-09	1.00000000e-10	1.00000000e-10	0.00000000e+00	8.70576373e+01
2.00000000e-01	1.68153845e-01	-6.46455637e+05	-2.51611811e+04	1.00000000e-09	2.35780515e+04	1.00000000e-10	2.35780515e+03	-2.27493613e+09	7.68715638e+01
3.00000000e-01	2.52230767e-01	-9.69711904e+05	-3.77428790e+04	1.00000000e-09	8.04935049e+03	1.00000000e-10	8.04935049e+02	-7.76644256e+08	6.85207345e+01
4.00000000e-01	3.36307690e-01	-1.29296817e+06	-5.03245768e+04	1.00000000e-09	1.00000000e-09	1.00000000e-10	1.00000000e-10	0.00000000e+00	6.14862309e+01
5.00000000e-01	4.20384612e-01	-1.60745322e+06	-6.25648835e+04	1.00000000e-09	1.00000000e-09	1.00000000e-10	1.00000000e-10	0.00000000e+00	5.54461690e+01
6.00000000e-01	5.04461535e-01	-1.92172262e+06	-7.47967968e+04	1.00000000e-09	2.32023454e+04	1.00000000e-10	2.32023454e+03	-2.23868600e+09	5.01866549e+01
7.00000000e-01	5.88538457e-01	-2.23599202e+06	-8.70287102e+04	1.00000000e-09	1.65467214e+04	1.00000000e-10	1.65467214e+03	-1.59651591e+09	4.55579535e+01
8.00000000e-01	6.72615380e-01	-2.55026143e+06	-9.92606236e+04	1.00000000e-09	1.00000000e-09	1.00000000e-10	1.00000000e-10	0.00000000e+00	4.14508515e+01
9.00000000e-01	7.56692302e-01	-2.85574711e+06	-1.11150659e+05	1.00000000e-09	1.00000000e-09	1.00000000e-10	1.00000000e-10	0.00000000e+00	3.77829914e+01
1.00000000e+00	8.40769225e-01	-3.16083239e+06	-1.23025111e+05	1.00000000e-09	2.25125201e+04	1.00000000e-10	2.25125201e+03	-2.17212798e+09	3.44905241e+01
1.10000000e+00	9.24846147e-01	-3.46591767e+06	-1.34899562e+05	1.00000000e-09	2.55412019e+04	1.00000000e-10	2.55412019e+03	-2.46435135e+09	3.15227780e+01
1.20000000e+00	1.00892307e+00	-3.77100295e+06	-1.46774013e+05	1.00000000e-09	1.00000000e-09	1.00000000e-10	1.00000000e-10	0.00000000e+00	2.88387272e+01
1.30000000e+00	1.09299999e+00	-4.06728086e+06	-1.58305666e+05	1.00000000e-09	1.00000000e-09	1.00000000e-10	1.00000000e-10	0.00000000e+00	2.64045776e+01
1.40000000e+00	1.17707691e+00	-4.36295940e+06	-1.69813991e+05	1.00000000e-09	2.14658043e+04	1.00000000e-10	2.14658043e+03	-2.07113526e+09	2.41920729e+01
1.50000000e+00	1.26115384e+00	-4.65863793e+06	-1.81322315e+05	1.00000000e-09	3.50908705e+04	1.00000000e-10	3.50908705e+03	-3.38575429e+09	2.21772778e+01
1.60000000e+00	1.34523076e+00	-4.95431647e+06	-1.92830640e+05	1.00000000e-09	1.00000000e-09	1.00000000e-10	1.00000000e-10	0.00000000e+00	2.03396868e+01
1.70000000e+00	1.42930768e+00	-5.24115151e+06	-2.03994760e+05	1.00000000e-09	1.00000000e-09	1.00000000e-10	1.00000000e-10	0.00000000e+00	1.86615585e+01
1.80000000e+00	1.51338460e+00	-5.52717163e+06	-2.15127162e+05	1.00000000e-09	2.00100718e+04	1.00000000e-10	2.00100718e+03	-1.93067843e+09	1.71274116e+01
1.90000000e+00	1.59746153e+00	-5.81319175e+06	-2.26259564e+05	1.00000000e-09	4.52651049e+04	1.00000000e-10	4.52651049e+03	-4.36741868e+09	1.57236358e+01
2.00000000e+00	1.68153845e+00	-6.09921187e+06	-2.37391966e+05	1.00000000e-09	1.00000000e-09	1.00000000e-10	1.00000000e-10	0.00000000e+00	1.44381886e+01
2.10000000e+00	1.76561537e+00	-6.37633830e+06	-2.48178210e+05	1.00000000e-09	1.00000000e-09	1.00000000e-10	1.00000000e-10	0.00000000e+00	1.32603556e+01
2.20000000e+00	1.84969229e+00	-6.65241477e+06	-2.58923588e+05	1.00000000e-09	1.80810314e+04	1.00000000e-10	1.80810314e+03	-1.74455432e+09	1.21805577e+01
2.30000000e+00	1.93376922e+00	-6.92849123e+06	-2.69668965e+05	1.00000000e-09	5.61476703e+04	1.00000000e-10	5.61476703e+03	-5.41742662e+09	1.11901960e+01
2.40000000e+00	2.01784614e+00	-7.20456770e+06	-2.80414343e+05	1.00000000e-09	1.00000000e-09	1.00000000e-10	1.00000000e-10	0.00000000e+00	1.02815237e+01
2.50000000e+00	2.10192306e+00	-7.47168430e+06	-2.90810987e+05	1.00000000e-09	1.00000000e-09	1.00000000e-10	1.00000000e-10	0.00000000e+00	9.44754093e+00
2.60000000e+00	2.18599998e+00	-7.73749282e+06	-3.01156719e+05	1.00000000e-09	1.55983083e+04	1.00000000e-10	1.55983083e+03	-1.50500795e+09	8.68190590e+00
2.70000000e+00	2.27007691e+00	-8.00330135e+06	-3.11502450e+05	1.00000000e-09	6.78409165e+04	1.00000000e-10	6.78409165e+03	-6.54565336e+09	7.97886054e+00
2.80000000e+00	2.35415383e+00	-8.26910988e+06	-3.21848182e+05	1.00000000e-09	1.00000000e-09	1.00000000e-10	1.00000000e-10	0.00000000e+00	7.33316685e+00
2.90000000e+00	2.43823075e+00	-8.52587400e+06	-3.31841889e+05	1.00000000e-09	1.00000000e-09	1.00000000e-10	1.00000000e-10	0.00000000e+00	6.74005227e+00
3.00000000e+00	2.52230767e+00	-8.78104444e+06	-3.41773568e+05	1.00000000e-09	1.24598615e+04	1.00000000e-10	1.24598615e+03	-1.20219387e+09	6.19516235e+00
3.10000000e+00	2.60638460e+00	-9.03621488e+06	-3.51705247e+05	1.00000000e-09	8.04715904e+04	1.00000000e-10	8.04715904e+03	-7.76432812e+09	5.69451955e+00
3.20000000e+00	2.69046152e+00	-9.29138532e+06	-3.61636925e+05	1.00000000e-09	1.00000000e-09	1.00000000e-10	1.00000000e-10	0.00000000e+00	5.23448697e+00
3.30000000e+00	2.77453844e+00	-9.53740549e+06	-3.71212460e+05	1.00000000e-09	1.00000000e-09	1.00000000e-10	1.00000000e-10	0.00000000e+00	4.81173646e+00
3.40000000e+00	2.85861536e+00	-9.78151326e+06	-3.80713560e+05	1.00000000e-09	8.53383391e+03	1.00000000e-10	8.53383391e+02	-8.23389799e+08	4.42322017e+00
3.50000000e+00	2.94269229e+00	-1.00256210e+07	-3.90214660e+05	1.00000000e-09	9.41990581e+04	1.00000000e-10	9.41990581e+03	-9.08882741e+09	4.06614534e+00
3.60000000e+00	3.02676921e+00	-1.02697288e+07	-3.99715760e+05	1.00000000e-09	1.00000000e-09	1.00000000e-10	1.00000000e-10	0.00000000e+00	3.73795159e+00
3.70000000e+00	3.11084613e+00	-1.05045554e+07	-4.08855622e+05	1.00000000e-09	1.00000000e-09	1.00000000e-10	1.00000000e-10	0.00000000e+00	3.43629058e+00
3.80000000e+00	3.19492305e+00	-1.07371106e+07	-4.17907076e+05	1.00000000e-09	3.64631913e+03	1.00000000e-10	3.64631913e+02	-3.51816312e+08	3.15900770e+00
3.90000000e+00	3.27899998e+00	-1.09696658e+07	-4.26958530e+05	1.00000000e-09	1.09227220e+05	1.00000000e-10	1.09227220e+04	-1.05388246e+10	2.90412542e+00
4.00000000e+00	3.36307690e+00	-1.12022210e+07	-4.36009983e+05	1.00000000e-09	1.00000000e-09	1.00000000e-10	1.00000000e-10	0.00000000e+00	2.66982829e+00
4.10000000e+00	3.44715382e+00	-1.14253344e+07	-4.44693947e+05	1.00000000e-09	1.00000000e-09	1.00000000e-10	1.00000000e-10	0.00000000e+00	2.45444929e+00
4.20000000e+00	3.53123074e+00	-1.16457677e+07	-4.53273594e+05	1.00000000e-09	1.00000000e-09	1.00000000e-10	1.00000000e-10	0.00000000e+00	2.25645740e+00
4.30000000e+00	3.61530767e+00	-1.18662009e+07	-4.61853241e+05	1.00000000e-09	1.25822255e+05	1.00000000e-10	1.25822255e+04	-1.21400020e+10	2.07444628e+00
4.40000000e+00	3.69938459e+00	-1.20866342e+07	-4.70432888e+05	1.00000000e-09	3.90412480e+03	1.00000000e-10	3.90412480e+02	-3.76690778e+08	1.90712395e+00
4.50000000e+00	3.78346151e+00	-1.22974292e+07	-4.78637396e+05	1.00000000e-09	1.00000000e-09	1.00000000e-10	1.00000000e-10	0.00000000e+00	1.75330334e+00
4.60000000e+00	3.86753843e+00	-1.25050731e+07	-4.86719259e+05	1.00000000e-09	1.00000000e-09	1.00000000e-10	1.00000000e-10	0.00000000e+00	1.61189369e+00
4.70000000e+00	3.95161536e+00	-1.27127170e+07	-4.94801122e+05	1.00000000e-09	1.44339916e+05	1.00000000e-10	1.44339916e+04	-1.39266848e+10	1.48189263e+00
4.80000000e+00	4.03569228e+00	-1.29203609e+07	-5.02882985e+05	1.00000000e-09	1.18303890e+04	1.00000000e-10	1.18303890e+03	-1.14145902e+09	1.36237899e+00
4.90000000e+00	4.11976920e+00	-1.31181260e+07	-5.10580348e+05	1.00000000e-09	1.00000000e-09	1.00000000e-10	1.00000000e-10	0.00000000e+00	1.25250612e+00
5.00000000e+00	4.20384612e+00	-1.33121898e+07	-5.18133652e+05	1.00000000e-09	1.00000000e-09	1.00000000e-10	1.00000000e-10	0.00000000e+00	1.15149587e+00
5.10000000e+00	4.28792305e+00	-1.35062537e+07	-5.25686956e+05	1.00000000e-09	1.65269114e+05	1.00000000e-10	1.65269114e+04	-1.59460453e+10	1.05863300e+00
5.20000000e+00	4.37199997e+00	-1.37003176e+07	-5.33240260e+05	1.00000000e-09	2.18316402e+04	1.00000000e-10	2.18316402e+03	-2.10643305e+09	9.73260072e-01
5.30000000e+00	4.45607689e+00	-1.38842073e+07	-5.40397568e+05	1.00000000e-09	1.00000000e-09	1.00000000e-10	1.00000000e-10	0.00000000e+00	8.94772759e-01
5.40000000e+00	4.54015381e+00	-1.40637423e+07	-5.47385386e+05	1.00000000e-09	1.00000000e-09	1.00000000e-10	1.00000000e-10	0.00000000e+00	8.22615544e-01
5.50000000e+00	4.62423074e+00	-1.42432774e+07	-5.54373203e+05	1.00000000e-09	1.89304674e+05	1.00000000e-10	1.89304674e+04	-1.82651244e+10	7.56277766e-01
5.60000000e+00	4.70830766e+00	-1.44228124e+07	-5.61361021e+05	1.00000000e-09	3.46483012e+04	1.00000000e-10	3.46483012e+03	-3.34305285e+09	6.95289988e-01
5.70000000e+00	4.79238458e+00	-1.45918080e+07	-5.67938624e+05	1.00000000e-09	1.00000000e-09	1.00000000e-10	1.00000000e-10	0.00000000e+00	6.39220665e-01
5.80000000e+00	4.87646150e+00	-1.47556576e+07	-5.74315935e+05	1.00000000e-09	1.00000000e-09	1.00000000e-10	1.00000000e-10	0.00000000e+00	5.87673079e-01
5.90000000e+00	4.96053843e+00	-1.49195072e+07	-5.80693246e+05	1.00000000e-09	2.17475551e+05	1.00000000e-10	2.17475551e+04	-2.09832008e+10	5.40282524e-01
6.00000000e+00	5.04461535e+00	-1.50833567e+07	-5.87070557e+05	1.00000000e-09	5.14545081e+04	1.00000000e-10	5.14545081e+03	-4.96460530e+09	4.96713722e-01
6.10000000e+00	5.12869227e+00	-1.52362102e+07	-5.93019880e+05	1.00000000e-09	1.00000000e-09	1.00000000e-10	1.00000000e-10	0.00000000e+00	4.56658442e-01
6.20000000e+00	5.21276919e+00	-1.53829357e+07	-5.98730692e+05	1.00000000e-09	1.00000000e-09	1.00000000e-10	1.00000000e-10	0.00000000e+00	4.19833321e-01
6.30000000e+00	5.29684612e+00	-1.55296612e+07	-6.04441505e+05	1.00000000e-09	2.51386197e+05	1.00000000e-10	2.51386197e+04	-2.42550807e+10	3.85977854e-01
6.40000000e+00	5.38092304e+00	-1.56763867e+07	-6.10152317e+05	1.00000000e-09	7.42451999e+04	1.00000000e-10	7.42451999e+03	-7.16357277e+09	3.54852548e-01
6.50000000e+00	5.46499996e+00	-1.58115368e+07	-6.15412594e+05	1.00000000e-09	1.00000000e-09	1.00000000e-10	1.00000000e-10	0.00000000e+00	3.26237227e-01
6.60000000e+00	5.54907688e+00	-1.59393025e+07	-6.20385461e+05	1.00000000e-09	1.00000000e-09	1.00000000e-10	1.00000000e-10	0.00000000e+00	2.99929475e-01
6.70000000e+00	5.63315381e+00	-1.60670683e+07	-6.25358328e+05	1.00000000e-09	2.93710410e+05	1.00000000e-10	2.93710410e+04	-2.83387464e+10	2.75743201e-01
6.80000000e+00	5.71723073e+00	-1.61948341e+07	-6.30331194e+05	1.00000000e-09	1.06741526e+05	1.00000000e-10	1.06741526e+04	-1.02989916e+10	2.53507323e-01
6.90000000e+00	5.80130765e+00	-1.63102748e+07	-6.34824347e+05	1.00000000e-09	1.00000000e-09	1.00000000e-10	1.00000000e-10	0.00000000e+00	2.33064554e-01
7.00000000e+00	5.88538457e+00	-1.64166575e+07	-6.38964949e+05	1.00000000e-09	1.00000000e-09	1.00000000e-10	1.00000000e-10	0.00000000e+00	2.14270296e-01
7.10000000e+00	5.96946150e+00	-1.65230402e+07	-6.43105551e+05	1.00000000e-09	3.49314877e+05	1.00000000e-10	3.49314877e+04	-3.37037620e+10	1.96991610e-01
7.20000000e+00	6.05353842e+00	-1.66294230e+07	-6.47246153e+05	1.00000000e-09	1.56879170e+05	1.00000000e-10	1.56879170e+04	-1.51365389e+10	1.81106277e-01
7.30000000e+00	6.13761534e+00	-1.67224854e+07	-6.50868305e+05	1.00000000e-09	1.00000000e-09	1.00000000e-10	1.00000000e-10	0.00000000e+00	1.66501937e-01
7.40000000e+00	6.22169226e+00	-1.68041320e+07	-6.54046132e+05	1.00000000e-09	1.00000000e-09	1.00000000e-10	1.00000000e-10	0.00000000e+00	1.53075289e-01
7.50000000e+00	6.30576919e+00	-1.68857785e+07	-6.57223958e+05	1.00000000e-09	4.28175590e+05	1.00000000e-10	4.28175590e+04	-4.13126640e+10	1.40731363e-01
7.60000000e+00	6.38984611e+00	-1.69674251e+07	-6.60401785e+05	1.00000000e-09	2.45550839e+05	1.00000000e-10	2.45550839e+04	-2.36920542e+10	1.29382849e-01
7.70000000e+00	6.47392303e+00	-1.70343898e+07	-6.63008169e+05	1.00000000e-09	1.00000000e-09	1.00000000e-10	1.00000000e-10	0.00000000e+00	1.18949475e-01
7.80000000e+00	6.55799995e+00	-1.70863276e+07	-6.65029679e+05	1.00000000e-09	1.00000000e-09	1.00000000e-10	1.00000000e-10	0.00000000e+00	1.09357445e-01
7.90000000e+00	6.64207688e+00	-1.71382654e+07	-6.67051188e+05	1.00000000e-09	5.53545027e+05	1.00000000e-10	5.53545027e+04	-5.34089758e+10	1.00538914e-01
8.00000000e+00	6.72615380e+00	-1.71902032e+07	-6.69072697e+05	1.00000000e-09	4.54263649e+05	1.00000000e-10	4.54263649e+04	-4.38297791e+10	9.24315047e-02
8.10000000e+00	6.81023072e+00	-1.72255627e+07	-6.70448951e+05	1.00000000e-09	1.00000000e-09	1.00000000e-10	1.00000000e-10	0.00000000e+00	8.49778740e-02
8.20000000e+00	6.89430764e+00	-1.72395346e+07	-6.70992760e+05	1.00000000e-09	1.00000000e-09	1.00000000e-10	1.00000000e-10	0.00000000e+00	7.81253008e-02
8.30000000e+00	6.97838457e+00	-1.72535064e+07	-6.71536568e+05	1.00000000e-09	5.90809209e+05	1.00000000e-10	5.90809209e+04	-5.70044228e+10	7.18253161e-02
8.40000000e+00	7.06246149e+00	-1.72674783e+07	-6.72080377e+05	1.00000000e-09	1.85921284e+06	1.00000000e-10	1.85921284e+05	-1.79386768e+11	6.60333593e-02
8.50000000e+00	7.14653841e+00	-1.72627641e+07	-6.71896892e+05	1.00000000e-09	2.12810932e+05	1.00000000e-10	2.12810932e+04	-2.05331334e+10	6.07084632e-02
8.60000000e+00	7.23061533e+00	-1.72216361e+07	-6.70296120e+05	1.00000000e-09	1.00000000e-09	1.00000000e-10	1.00000000e-10	0.00000000e+00	5.58129641e-02
8.70000000e+00	7.31469226e+00	-1.71805081e+07	-6.68695348e+05	2.07244437e+03	1.00000000e-09	2.07244437e+02	1.00000000e-10	1.99960484e+08	5.13122357e-02
8.80000000e+00	7.39876918e+00	-1.71393802e+07	-6.67094575e+05	1.91344211e+02	1.00000000e-09	1.91344211e+01	1.00000000e-10	1.84619097e+07	4.71744438e-02
8.90000000e+00	7.48284610e+00	-1.70982522e+07	-6.65493803e+05	1.00000000e-09	1.00000000e-09	1.00000000e-10	1.00000000e-10	0.00000000e+00	4.33703214e-02
9.00000000e+00	7.56692302e+00	-1.70571518e+07	-6.63894104e+05	1.00000000e-09	1.00000000e-09	1.00000000e-10	1.00000000e-10	0.00000000e+00	3.98729614e-02
9.10000000e+00	7.65099995e+00	-1.70160647e+07	-6.62294923e+05	1.93772998e+03	1.00000000e-09	1.93772998e+02	1.00000000e-10	1.86962520e+08	3.66576268e-02
9.20000000e+00	7.73507687e+00	-1.69749776e+07	-6.60695742e+05	6.31335915e+02	1.00000000e-09	6.31335915e+01	1.00000000e-10	6.09146555e+07	3.37015752e-02
9.30000000e+00	7.81915379e+00	-1.69338905e+07	-6.59096560e+05	1.00000000e-09	3.21313171e+03	1.00000000e-10	3.21313171e+02	-3.10020080e+08	3.09838980e-02
9.40000000e+00	7.90323071e+00	-1.68918460e+07	-6.57460115e+05	1.00000000e-09	6.51503929e+02	1.00000000e-10	6.51503929e+01	-6.28605729e+07	2.84853728e-02
9.50000000e+00	7.98730764e+00	-1.68496124e+07	-6.55816311e+05	1.76541468e+03	1.00000000e-09	1.76541468e+02	1.00000000e-10	1.70336622e+08	2.61883275e-02
9.60000000e+00	8.07138456e+00	-1.68073789e+07	-6.54172507e+05	9.47065318e+02	1.00000000e-09	9.47065318e+01	1.00000000e-10	9.13779118e+07	2.40765146e-02
9.70000000e+00	8.15546148e+00	-1.67651453e+07	-6.52528703e+05	1.00000000e-09	1.41342423e+02	1.00000000e-10	1.41342423e+01	-1.36374706e+07	2.21349973e-02
9.80000000e+00	8.23953840e+00	-1.67228786e+07	-6.50883609e+05	1.00000000e-09	1.00000000e-09	1.00000000e-10	1.00000000e-10	0.00000000e+00	2.03500429e-02
9.90000000e+00	8.32361533e+00	-1.66806246e+07	-6.49239010e+05	1.55515191e+03	1.00000000e-09	1.55515191e+02	1.00000000e-10	1.50049349e+08	1.87090262e-02
1.00000000e+01	8.40769225e+00	-1.66383706e+07	-6.47594411e+05	1.21405378e+03	5.88625182e-01	1.21405378e+02	5.88625182e-02	1.17081588e+08	1.72003403e-02
1.01000000e+01	8.49176917e+00	-1.65961165e+07	-6.45949805e+05	1.00000000e-09	8.82333393e+00	1.00000000e-10	8.82333393e-01	-8.51322305e+05	1.58133140e-02
1.02000000e+01	8.57584609e+00	-1.65538669e+07	-6.44305376e+05	1.00000000e-09	8.19351200e-01	1.00000000e-10	8.19351200e-02	-7.90553725e+04	1.45381368e-02
1.03000000e+01	8.65992302e+00	-1.65116311e+07	-6.42661486e+05	1.30508104e+03	1.00000000e-09	1.30508104e+02	1.00000000e-10	1.25921178e+08	1.33657892e-02
1.04000000e+01	8.74399994e+00	-1.64693953e+07	-6.41017597e+05	1.43237364e+03	1.00000000e-09	1.43237364e+02	1.00000000e-10	1.38203047e+08	1.22879791e-02
1.05000000e+01	8.82807686e+00	-1.64271596e+07	-6.39373707e+05	1.00000000e-09	1.66595932e-01	1.00000000e-10	1.66595932e-02	-1.60740637e+04	1.12970830e-02
1.06000000e+01	8.91215378e+00	-1.63849277e+07	-6.37729970e+05	1.00000000e-09	3.97565199e-01	1.00000000e-10	3.97565199e-02	-3.83592102e+04	1.03860923e-02
1.07000000e+01	8.99623071e+00	-1.63427105e+07	-6.36086803e+05	1.02609167e+03	1.49682536e-01	1.02609167e+02	1.49682536e-02	9.89883532e+07	9.54856333e-03
1.08000000e+01	9.08030763e+00	-1.63004933e+07	-6.34443634e+05	1.59567124e+03	8.82911479e-03	1.59567124e+02	8.82911479e-04	1.53958017e+08	8.77857228e-03
1.09000000e+01	9.16438455e+00	-1.62582760e+07	-6.32800465e+05	1.00000000e-09	3.06926923e-03	1.00000000e-10	3.06926923e-04	-2.96139365e+02	8.07067289e-03
1.10000000e+01	9.24846147e+00	-1.62160594e+07	-6.31157321e+05	1.00000000e-09	2.07170053e-03	1.00000000e-10	2.07170053e-04	-1.99888617e+02	7.41985814e-03
1.11000000e+01	9.33253840e+00	-1.61738575e+07	-6.29514749e+05	7.29879835e+02	2.75589204e-03	7.29879835e+01	2.75589204e-04	7.04224324e+07	6.82152474e-03
1.12000000e+01	9.41661532e+00	-1.61316565e+07	-6.27872211e+05	1.69519271e+03	3.94539613e-04	1.69519271e+02	3.94539613e-05	1.63561194e+08	6.27144062e-03
1.13000000e+01	9.50069224e+00	-1.60894554e+07	-6.26229674e+05	1.00000000e-09	1.00000000e-09	1.00000000e-10	1.00000000e-10	0.00000000e+00	5.76571500e-03
1.14000000e+01	9.58476916e+00	-1.60472544e+07	-6.24587136e+05	1.00000000e-09	1.00000000e-09	1.00000000e-10	1.00000000e-10	0.00000000e+00	5.30077082e-03
1.15000000e+01	9.66884609e+00	-1.60050673e+07	-6.22945141e+05	4.27817047e+02	9.35276542e-04	4.27817047e+01	9.35276542e-05	4.12779796e+07	4.87331949e-03
1.16000000e+01	9.75292301e+00	-1.59628841e+07	-6.21303297e+05	1.73344743e+03	2.74186696e-04	1.73344743e+02	2.74186696e-05	1.67252225e+08	4.48033760e-03
1.17000000e+01	9.83699993e+00	-1.59207009e+07	-6.19661453e+05	1.00000000e-09	1.00000000e-09	1.00000000e-10	1.00000000e-10	0.00000000e+00	4.11904557e-03
1.18000000e+01	9.92107685e+00	-1.58785177e+07	-6.18019610e+05	1.00000000e-09	1.00000000e-09	1.00000000e-10	1.00000000e-10	0.00000000e+00	3.78688794e-03
1.19000000e+01	1.00051538e+01	-1.58363471e+07	-6.16378255e+05	1.31299389e+02	4.06622973e-04	1.31299389e+01	4.06622973e-05	1.26684259e+07	3.48151531e-03
1.20000000e+01	1.00892307e+01	-1.57941830e+07	-6.14737155e+05	1.71730310e+03	2.12207725e-04	1.71730310e+02	2.12207725e-05	1.65694539e+08	3.20076778e-03
1.21000000e+01	1.01733076e+01	-1.57520189e+07	-6.13096056e+05	1.00000000e-09	1.00000000e-09	1.00000000e-10	1.00000000e-10	0.00000000e+00	2.94265957e-03
1.22000000e+01	1.02573845e+01	-1.57098548e+07	-6.11454956e+05	1.00000000e-09	1.00000000e-09	1.00000000e-10	1.00000000e-10	0.00000000e+00	2.70536508e-03
1.23000000e+01	1.03414615e+01	-1.56677014e+07	-6.09814271e+05	1.00000000e-09	7.23157675e-05	1.00000000e-10	7.23157675e-06	-6.97731436e+00	2.48720588e-03
1.24000000e+01	1.04255384e+01	-1.56255567e+07	-6.08173927e+05	1.65131801e+03	1.15697201e-04	1.65131801e+02	1.15697201e-05	1.59327956e+08	2.28663893e-03
1.25000000e+01	1.05096153e+01	-1.55834121e+07	-6.06533583e+05	2.50200051e+02	1.00000000e-09	2.50200051e+01	1.00000000e-10	2.41406350e+07	2.10224558e-03
1.26000000e+01	1.05936922e+01	-1.55412674e+07	-6.04893239e+05	1.00000000e-09	1.00000000e-09	1.00000000e-10	1.00000000e-10	0.00000000e+00	1.93272162e-03
1.27000000e+01	1.06777692e+01	-1.54991310e+07	-6.03253219e+05	1.00000000e-09	1.00000000e-09	1.00000000e-10	1.00000000e-10	0.00000000e+00	1.77686798e-03
1.28000000e+01	1.07618461e+01	-1.54570051e+07	-6.01613604e+05	1.54176169e+03	1.00000000e-09	1.54176169e+02	1.00000000e-10	1.48757389e+08	1.63358230e-03
1.29000000e+01	1.08459230e+01	-1.54148792e+07	-5.99973989e+05	4.99955276e+02	9.11474416e-05	4.99955276e+01	9.11474416e-06	4.82383421e+07	1.50185109e-03
1.30000000e+01	1.09299999e+01	-1.53727533e+07	-5.98334375e+05	1.00000000e-09	8.56193687e-04	1.00000000e-10	8.56193687e-05	-8.26100358e+01	1.38074262e-03
1.31000000e+01	1.10140768e+01	-1.53306331e+07	-5.96694984e+05	1.00000000e-09	2.36409619e-04	1.00000000e-10	2.36409619e-05	-2.28099641e+01	1.26940027e-03
1.32000000e+01	1.10981538e+01	-1.52885244e+07	-5.95056039e+05	1.39621332e+03	1.00000000e-09	1.39621332e+02	1.00000000e-10	1.34714106e+08	1.16703651e-03
1.33000000e+01	1.11822307e+01	-1.52464156e+07	-5.93417094e+05	7.16025991e+02	1.00000000e-09	7.16025991e+01	1.00000000e-10	6.90860056e+07	1.07292731e-03
1.34000000e+01	1.12663076e+01	-1.52043069e+07	-5.91778149e+05	1.00000000e-09	1.00000000e-09	1.00000000e-10	1.00000000e-10	0.00000000e+00	9.86407027e-04
1.35000000e+01	1.13503845e+01	-1.51622013e+07	-5.90139323e+05	1.00000000e-09	1.00000000e-09	1.00000000e-10	1.00000000e-10	0.00000000e+00	9.06863691e-04
1.36000000e+01	1.14344615e+01	-1.51201075e+07	-5.88500959e+05	1.22311261e+03	1.00000000e-09	1.22311261e+02	1.00000000e-10	1.18012426e+08	8.33734687e-04
1.37000000e+01	1.15185384e+01	-1.50780137e+07	-5.86862596e+05	8.93810198e+02	1.00000000e-09	8.93810198e+01	1.00000000e-10	8.62395738e+07	7.66502767e-04
1.38000000e+01	1.16026153e+01	-1.50359199e+07	-5.85224232e+05	1.00000000e-09	8.81071383e-07	1.00000000e-10	8.81071383e-08	-8.49139797e-02	7.04692393e-04
1.39000000e+01	1.16866922e+01	-1.49938264e+07	-5.83585882e+05	1.00000000e-09	6.56193432e-06	1.00000000e-10	6.56193432e-07	-6.33033927e-01	6.47866374e-04
1.40000000e+01	1.17707691e+01	-1.49517447e+07	-5.81947986e+05	1.03131575e+03	1.00000000e-09	1.03131575e+02	1.00000000e-10	9.95068426e+07	5.95622776e-04
1.41000000e+01	1.18548461e+01	-1.49096638e+07	-5.80310124e+05	1.02466891e+03	1.00000000e-09	1.02466891e+02	1.00000000e-10	9.88655203e+07	5.47592073e-04
1.42000000e+01	1.19389230e+01	-1.48675829e+07	-5.78672261e+05	1.00000000e-09	1.00000000e-09	1.00000000e-10	1.00000000e-10	0.00000000e+00	5.03434541e-04
1.43000000e+01	1.20229999e+01	-1.48255020e+07	-5.77034399e+05	1.00000000e-09	4.08319188e-06	1.00000000e-10	4.08319188e-07	-3.93871639e-01	4.62837848e-04
1.44000000e+01	1.21070768e+01	-1.47834320e+07	-5.75396962e+05	8.29403407e+02	2.81257580e-07	8.29403407e+01	2.81257580e-08	8.00252632e+07	4.25514851e-04
1.45000000e+01	1.21911538e+01	-1.47413652e+07	-5.73759650e+05	1.11281771e+03	1.00000000e-09	1.11281771e+02	1.00000000e-10	1.07370587e+08	3.91201561e-04
1.46000000e+01	1.22752307e+01	-1.46992985e+07	-5.72122339e+05	1.00000000e-09	1.00000000e-09	1.00000000e-10	1.00000000e-10	0.00000000e+00	3.59655276e-04
1.47000000e+01	1.23593076e+01	-1.46572317e+07	-5.70485027e+05	1.00000000e-09	3.00480094e-06	1.00000000e-10	3.00480094e-07	-2.89822732e-01	3.30652866e-04
1.48000000e+01	1.24433845e+01	-1.46151746e+07	-5.68848092e+05	6.25735382e+02	6.81022156e-07	6.25735382e+01	6.81022156e-08	6.03742861e+07	3.03989196e-04
1.49000000e+01	1.25274615e+01	-1.45731228e+07	-5.67211362e+05	1.16229851e+03	1.00000000e-09	1.16229851e+02	1.00000000e-10	1.12144757e+08	2.79475669e-04
1.50000000e+01	1.26115384e+01	-1.45310710e+07	-5.65574632e+05	1.00000000e-09	1.00000000e-09	1.00000000e-10	1.00000000e-10	0.00000000e+00	2.56938901e-04
1.51000000e+01	1.26956153e+01	-1.44890192e+07	-5.63937901e+05	1.00000000e-09	2.69830075e-06	1.00000000e-10	2.69830075e-07	-2.60249959e-01	2.36219485e-04
1.52000000e+01	1.27796922e+01	-1.44469754e+07	-5.62301484e+05	4.27646216e+02	1.10278721e-06	4.27646216e+01	1.10278721e-07	4.12615871e+07	2.17170872e-04
1.53000000e+01	1.28637691e+01	-1.44049384e+07	-5.60665334e+05	1.17630470e+03	1.00000000e-09	1.17630470e+02	1.00000000e-10	1.13496150e+08	1.99658328e-04
1.54000000e+01	1.29478461e+01	-1.43629015e+07	-5.59029183e+05	1.00000000e-09	1.00000000e-09	1.00000000e-10	1.00000000e-10	0.00000000e+00	1.83557987e-04
1.55000000e+01	1.30319230e+01	-1.43208646e+07	-5.57393033e+05	1.00000000e-09	3.85456074e-07	1.00000000e-10	3.85456074e-08	-3.70943720e-02	1.68755969e-04
1.56000000e+01	1.31159999e+01	-1.42788338e+07	-5.55757122e+05	2.41296222e+02	1.07595098e-07	2.41296222e+01	1.07595098e-08	2.32815461e+07	1.55147578e-04
1.57000000e+01	1.32000768e+01	-1.42368110e+07	-5.54121521e+05	1.15922100e+03	3.75467524e-09	1.15922100e+02	3.75467524e-10	1.11847823e+08	1.42636560e-04
1.58000000e+01	1.32841538e+01	-1.41947882e+07	-5.52485921e+05	1.00000000e-09	1.00000000e-09	1.00000000e-10	1.00000000e-10	0.00000000e+00	1.31134424e-04
1.59000000e+01	1.33682307e+01	-1.41527654e+07	-5.50850320e+05	1.00000000e-09	1.00000000e-09	1.00000000e-10	1.00000000e-10	0.00000000e+00	1.20559814e-04
1.60000000e+01	1.34523076e+01	-1.41107467e+07	-5.49214878e+05	7.14659256e+01	1.71265920e-09	7.14659256e+00	1.71265920e-10	6.89541356e+06	1.10837935e-04
1.61000000e+01	1.35363845e+01	-1.40687366e+07	-5.47579772e+05	1.11626365e+03	1.49754692e-09	1.11626365e+02	1.49754692e-10	1.07703069e+08	1.01900023e-04
1.62000000e+01	1.36204614e+01	-1.40267265e+07	-5.45944665e+05	1.00000000e-09	1.00000000e-09	1.00000000e-10	1.00000000e-10	0.00000000e+00	9.36828597e-05
1.63000000e+01	1.37045384e+01	-1.39847164e+07	-5.44309558e+05	1.00000000e-09	1.00000000e-09	1.00000000e-10	1.00000000e-10	0.00000000e+00	8.61283240e-05
1.64000000e+01	1.37886153e+01	-1.39427083e+07	-5.42674529e+05	1.00000000e-09	1.00000000e-09	1.00000000e-10	1.00000000e-10	0.00000000e+00	7.91829819e-05
1.65000000e+01	1.38726922e+01	-1.39007089e+07	-5.41039840e+05	1.05310039e+03	1.00000000e-09	1.05310039e+02	1.00000000e-10	1.01608741e+08	7.27977085e-05
1.66000000e+01	1.39567691e+01	-1.38587095e+07	-5.39405151e+05	1.42976455e+02	1.00000000e-09	1.42976455e+01	1.00000000e-10	1.37951307e+07	6.69273402e-05
1.67000000e+01	1.40408461e+01	-1.38167101e+07	-5.37770462e+05	1.00000000e-09	1.00000000e-09	1.00000000e-10	1.00000000e-10	0.00000000e+00	6.15303552e-05
1.68000000e+01	1.41249230e+01	-1.37747107e+07	-5.36135772e+05	1.00000000e-09	1.00000000e-09	1.00000000e-10	1.00000000e-10	0.00000000e+00	5.65685802e-05
1.69000000e+01	1.42089999e+01	-1.37327197e+07	-5.34501409e+05	9.75506912e+02	1.00000000e-09	9.75506912e+01	1.00000000e-10	9.41221084e+07	5.20069201e-05
1.70000000e+01	1.42930768e+01	-1.36907296e+07	-5.32867080e+05	2.60508488e+02	1.00000000e-09	2.60508488e+01	1.00000000e-10	2.51352480e+07	4.78131098e-05
1.71000000e+01	1.43771537e+01	-1.36487395e+07	-5.31232752e+05	1.00000000e-09	1.00000000e-09	1.00000000e-10	1.00000000e-10	0.00000000e+00	4.39574862e-05
1.72000000e+01	1.44612307e+01	-1.36067494e+07	-5.29598423e+05	1.00000000e-09	1.00000000e-09	1.00000000e-10	1.00000000e-10	0.00000000e+00	4.04127779e-05
1.73000000e+01	1.45453076e+01	-1.35647669e+07	-5.27964391e+05	8.88956388e+02	1.00000000e-09	8.88956388e+01	1.00000000e-10	8.57712523e+07	3.71539131e-05
1.74000000e+01	1.46293845e+01	-1.35227869e+07	-5.26330457e+05	3.56474325e+02	1.00000000e-09	3.56474325e+01	1.00000000e-10	3.43945437e+07	3.41578414e-05
1.75000000e+01	1.47134614e+01	-1.34808070e+07	-5.24696524e+05	1.00000000e-09	1.00000000e-09	1.00000000e-10	1.00000000e-10	0.00000000e+00	3.14033713e-05
1.76000000e+01	1.47975384e+01	-1.34388270e+07	-5.23062591e+05	1.00000000e-09	1.00000000e-09	1.00000000e-10	1.00000000e-10	0.00000000e+00	2.88710202e-05
1.77000000e+01	1.48816153e+01	-1.33968535e+07	-5.21428911e+05	7.98334978e+02	1.00000000e-09	7.98334978e+01	1.00000000e-10	7.70276155e+07	2.65428765e-05
1.78000000e+01	1.49656922e+01	-1.33548840e+07	-5.19795382e+05	4.32312139e+02	1.00000000e-09	4.32312139e+01	1.00000000e-10	4.17117803e+07	2.44024731e-05
1.79000000e+01	1.50497691e+01	-1.33129144e+07	-5.18161853e+05	1.00000000e-09	1.00000000e-09	1.00000000e-10	1.00000000e-10	0.00000000e+00	2.24346707e-05
1.80000000e+01	1.51338460e+01	-1.32709448e+07	-5.16528323e+05	1.00000000e-09	1.00000000e-09	1.00000000e-10	1.00000000e-10	0.00000000e+00	2.06255509e-05
1.81000000e+01	1.52179230e+01	-1.32289804e+07	-5.14894996e+05	7.07711931e+02	1.00000000e-09	7.07711931e+01	1.00000000e-10	6.82838207e+07	1.89623175e-05
1.82000000e+01	1.53019999e+01	-1.31870209e+07	-5.13261856e+05	4.90343307e+02	1.00000000e-09	4.90343307e+01	1.00000000e-10	4.73109369e+07	1.74332063e-05
1.83000000e+01	1.53860768e+01	-1.31450613e+07	-5.11628717e+05	1.00000000e-09	1.00000000e-09	1.00000000e-10	1.00000000e-10	0.00000000e+00	1.60274019e-05
1.84000000e+01	1.54701537e+01	-1.31031017e+07	-5.09995577e+05	1.00000000e-09	1.00000000e-09	1.00000000e-10	1.00000000e-10	0.00000000e+00	1.47349607e-05
1.85000000e+01	1.55542307e+01	-1.30611459e+07	-5.08362582e+05	6.20177858e+02	1.00000000e-09	6.20177858e+01	1.00000000e-10	5.98380666e+07	1.35467414e-05
1.86000000e+01	1.56383076e+01	-1.30191954e+07	-5.06729797e+05	5.33488988e+02	1.00000000e-09	5.33488988e+01	1.00000000e-10	5.14738621e+07	1.24543394e-05
1.87000000e+01	1.57223845e+01	-1.29772450e+07	-5.05097012e+05	1.00000000e-09	1.00000000e-09	1.00000000e-10	1.00000000e-10	0.00000000e+00	1.14500281e-05
1.88000000e+01	1.58064614e+01	-1.29352945e+07	-5.03464227e+05	1.00000000e-09	1.00000000e-09	1.00000000e-10	1.00000000e-10	0.00000000e+00	1.05267039e-05
1.89000000e+01	1.58905384e+01	-1.28933462e+07	-5.01831528e+05	5.37760476e+02	1.00000000e-09	5.37760476e+01	1.00000000e-10	5.18859981e+07	9.67783615e-06
1.90000000e+01	1.59746153e+01	-1.28514036e+07	-5.00199045e+05	5.64970823e+02	1.00000000e-09	5.64970823e+01	1.00000000e-10	5.45113975e+07	8.89742061e-06
1.91000000e+01	1.60586922e+01	-1.28094609e+07	-4.98566563e+05	1.00000000e-09	1.00000000e-09	1.00000000e-10	1.00000000e-10	0.00000000e+00	8.17993736e-06
1.92000000e+01	1.61427691e+01	-1.27675182e+07	-4.96934080e+05	1.00000000e-09	1.00000000e-09	1.00000000e-10	1.00000000e-10	0.00000000e+00	7.52031158e-06
1.93000000e+01	1.62268460e+01	-1.27255763e+07	-4.95301628e+05	4.61418353e+02	1.00000000e-09	4.61418353e+01	1.00000000e-10	4.45201030e+07	6.91387767e-06
1.94000000e+01	1.63109230e+01	-1.26836397e+07	-4.93669384e+05	5.88008695e+02	1.00000000e-09	5.88008695e+01	1.00000000e-10	5.67342142e+07	6.35634627e-06
1.95000000e+01	1.63949999e+01	-1.26417032e+07	-4.92037140e+05	1.00000000e-09	1.00000000e-09	1.00000000e-10	1.00000000e-10	0.00000000e+00	5.84377390e-06
1.96000000e+01	1.64790768e+01	-1.25997666e+07	-4.90404896e+05	1.00000000e-09	1.00000000e-09	1.00000000e-10	1.00000000e-10	0.00000000e+00	5.37253509e-06
1.97000000e+01	1.65631537e+01	-1.25578300e+07	-4.88772652e+05	3.87772541e+02	1.00000000e-09	3.87772541e+01	1.00000000e-10	3.74143624e+07	4.93929673e-06
1.98000000e+01	1.66472307e+01	-1.25158983e+07	-4.87140596e+05	6.05344277e+02	1.00000000e-09	6.05344277e+01	1.00000000e-10	5.84068437e+07	4.54099448e-06
1.99000000e+01	1.67313076e+01	-1.24739676e+07	-4.85508581e+05	1.00000000e-09	1.00000000e-09	1.00000000e-10	1.00000000e-10	0.00000000e+00	4.17481111e-06
2.00000000e+01	1.68153845e+01	-1.24320369e+07	-4.83876565e+05	1.00000000e-09	1.00000000e-09	1.00000000e-10	1.00000000e-10	0.00000000e+00	3.83815657e-06
2.01000000e+01	1.68994614e+01	-1.23901063e+07	-4.82244550e+05	3.19322089e+02	1.00000000e-09	3.19322089e+01	1.00000000e-10	3.08098978e+07	3.52864967e-06
2.02000000e+01	1.69835383e+01	-1.23481796e+07	-4.80612692e+05	6.19683379e+02	1.00000000e-09	6.19683379e+01	1.00000000e-10	5.97903566e+07	3.24410125e-06
2.03000000e+01	1.70676153e+01	-1.23062549e+07	-4.78980909e+05	1.00000000e-09	1.00000000e-09	1.00000000e-10	1.00000000e-10	0.00000000e+00	2.98249865e-06
2.04000000e+01	1.71516922e+01	-1.22643302e+07	-4.77349127e+05	1.00000000e-09	1.00000000e-09	1.00000000e-10	1.00000000e-10	0.00000000e+00	2.74199155e-06
2.05000000e+01	1.72357691e+01	-1.22224055e+07	-4.75717345e+05	2.55472832e+02	1.00000000e-09	2.55472832e+01	1.00000000e-10	2.46493811e+07	2.52087882e-06
2.06000000e+01	1.73198460e+01	-1.21804839e+07	-4.74085681e+05	6.32777841e+02	1.00000000e-09	6.32777841e+01	1.00000000e-10	6.10537802e+07	2.31759650e-06
2.07000000e+01	1.74039230e+01	-1.21385648e+07	-4.72454118e+05	1.00000000e-09	1.00000000e-09	1.00000000e-10	1.00000000e-10	0.00000000e+00	2.13070675e-06
2.08000000e+01	1.74879999e+01	-1.20966457e+07	-4.70822554e+05	1.00000000e-09	1.00000000e-09	1.00000000e-10	1.00000000e-10	0.00000000e+00	1.95888770e-06
2.09000000e+01	1.75720768e+01	-1.20547266e+07	-4.69190990e+05	1.94294739e+02	1.00000000e-09	1.94294739e+01	1.00000000e-10	1.87465925e+07	1.80092404e-06
2.10000000e+01	1.76561537e+01	-1.20128096e+07	-4.67559505e+05	6.45549546e+02	1.00000000e-09	6.45549546e+01	1.00000000e-10	6.22860623e+07	1.65569849e-06
2.11000000e+01	1.77402306e+01	-1.19708953e+07	-4.65928129e+05	1.00000000e-09	1.00000000e-09	1.00000000e-10	1.00000000e-10	0.00000000e+00	1.52218384e-06
2.12000000e+01	1.78243076e+01	-1.19289811e+07	-4.64296753e+05	1.00000000e-09	1.00000000e-09	1.00000000e-10	1.00000000e-10	0.00000000e+00	1.39943575e-06
2.13000000e+01	1.79083845e+01	-1.18870668e+07	-4.62665377e+05	1.33604681e+02	1.00000000e-09	1.33604681e+01	1.00000000e-10	1.28908920e+07	1.28658600e-06
2.14000000e+01	1.79924614e+01	-1.18451535e+07	-4.61034038e+05	6.58033631e+02	1.00000000e-09	6.58033631e+01	1.00000000e-10	6.34905934e+07	1.18283639e-06
2.15000000e+01	1.80765383e+01	-1.18032430e+07	-4.59402807e+05	1.00000000e-09	1.00000000e-09	1.00000000e-10	1.00000000e-10	0.00000000e+00	1.08745310e-06
2.16000000e+01	1.81606153e+01	-1.17613324e+07	-4.57771576e+05	1.00000000e-09	1.00000000e-09	1.00000000e-10	1.00000000e-10	0.00000000e+00	9.99761460e-07
2.17000000e+01	1.82446922e+01	-1.17194219e+07	-4.56140345e+05	7.12379190e+01	1.00000000e-09	7.12379190e+00	1.00000000e-10	6.87341427e+06	9.19141229e-07
2.18000000e+01	1.83287691e+01	-1.16775114e+07	-4.54509114e+05	6.69266647e+02	1.00000000e-09	6.69266647e+01	1.00000000e-10	6.45744147e+07	8.45022171e-07
2.19000000e+01	1.84128460e+01	-1.16356033e+07	-4.52877978e+05	1.00000000e-09	1.00000000e-09	1.00000000e-10	1.00000000e-10	0.00000000e+00	7.76880034e-07
2.20000000e+01	1.84969229e+01	-1.15936955e+07	-4.51246852e+05	1.00000000e-09	1.00000000e-09	1.00000000e-10	1.00000000e-10	0.00000000e+00	7.14232843e-07
2.21000000e+01	1.85809999e+01	-1.15517876e+07	-4.49615727e+05	5.20979261e+00	1.00000000e-09	5.20979261e-01	1.00000000e-10	5.02668570e+05	6.56637488e-07
2.22000000e+01	1.86650768e+01	-1.15098798e+07	-4.47984602e+05	6.74453200e+02	1.00000000e-09	6.74453200e+01	1.00000000e-10	6.50748410e+07	6.03686592e-07
2.23000000e+01	1.87491537e+01	-1.14679738e+07	-4.46353547e+05	2.39070173e+01	1.00000000e-09	2.39070173e+00	1.00000000e-10	2.30667651e+06	5.55005627e-07
2.24000000e+01	1.88332306e+01	-1.14260688e+07	-4.44722532e+05	1.00000000e-09	1.00000000e-09	1.00000000e-10	1.00000000e-10	0.00000000e+00	5.10250270e-07
2.25000000e+01	1.89173076e+01	-1.13841639e+07	-4.43091517e+05	1.00000000e-09	1.00000000e-09	1.00000000e-10	1.00000000e-10	0.00000000e+00	4.69103960e-07
2.26000000e+01	1.90013845e+01	-1.13422589e+07	-4.41460502e+05	6.75851289e+02	1.00000000e-09	6.75851289e+01	1.00000000e-10	6.52097360e+07	4.31275667e-07
2.27000000e+01	1.90854614e+01	-1.13003549e+07	-4.39829526e+05	1.00135132e+02	1.00000000e-09	1.00135132e+01	1.00000000e-10	9.66157143e+06	3.96497828e-07
2.28000000e+01	1.91695383e+01	-1.12584524e+07	-4.38198608e+05	1.00000000e-09	1.00000000e-09	1.00000000e-10	1.00000000e-10	0.00000000e+00	3.64524455e-07
2.29000000e+01	1.92536153e+01	-1.12165499e+07	-4.36567690e+05	1.00000000e-09	1.00000000e-09	1.00000000e-10	1.00000000e-10	0.00000000e+00	3.35129397e-07
2.30000000e+01	1.93376922e+01	-1.11746474e+07	-4.34936772e+05	6.71003185e+02	1.00000000e-09	6.71003185e+01	1.00000000e-10	6.47419652e+07	3.08104742e-07
2.31000000e+01	1.94217691e+01	-1.11327451e+07	-4.33305859e+05	1.82088169e+02	1.00000000e-09	1.82088169e+01	1.00000000e-10	1.75688374e+07	2.83259340e-07
2.32000000e+01	1.95058460e+01	-1.10908443e+07	-4.31675010e+05	1.00000000e-09	1.00000000e-09	1.00000000e-10	1.00000000e-10	0.00000000e+00	2.60417458e-07
2.33000000e+01	1.95899229e+01	-1.10489437e+07	-4.30044163e+05	1.00000000e-09	1.00000000e-09	1.00000000e-10	1.00000000e-10	0.00000000e+00	2.39417533e-07
2.34000000e+01	1.96739999e+01	-1.10070430e+07	-4.28413316e+05	6.57178312e+02	1.00000000e-09	6.57178312e+01	1.00000000e-10	6.34080677e+07	2.20111031e-07
2.35000000e+01	1.97580768e+01	-1.09651423e+07	-4.26782469e+05	2.63927508e+02	1.00000000e-09	2.63927508e+01	1.00000000e-10	2.54651333e+07	2.02361395e-07
2.36000000e+01	1.98421537e+01	-1.09232431e+07	-4.25151677e+05	1.00000000e-09	1.00000000e-09	1.00000000e-10	1.00000000e-10	0.00000000e+00	1.86043080e-07
2.37000000e+01	1.99262306e+01	-1.08813448e+07	-4.23520923e+05	1.00000000e-09	1.00000000e-09	1.00000000e-10	1.00000000e-10	0.00000000e+00	1.71040665e-07
2.38000000e+01	2.00103076e+01	-1.08394465e+07	-4.21890168e+05	6.31651853e+02	1.00000000e-09	6.31651853e+01	1.00000000e-10	6.09451388e+07	1.57248037e-07
2.39000000e+01	2.00943845e+01	-1.07975482e+07	-4.20259414e+05	3.48969463e+02	1.00000000e-09	3.48969463e+01	1.00000000e-10	3.36704345e+07	1.44567640e-07
2.40000000e+01	2.01784614e+01	-1.07556509e+07	-4.18628695e+05	1.00000000e-09	1.00000000e-09	1.00000000e-10	1.00000000e-10	0.00000000e+00	1.32909782e-07
2.41000000e+01	2.02625383e+01	-1.07137552e+07	-4.16998044e+05	1.00000000e-09	1.00000000e-09	1.00000000e-10	1.00000000e-10	0.00000000e+00	1.22192009e-07
2.42000000e+01	2.03466152e+01	-1.06718596e+07	-4.15367393e+05	5.92099828e+02	1.00000000e-09	5.92099828e+01	1.00000000e-10	5.71289486e+07	1.12338510e-07
2.43000000e+01	2.04306922e+01	-1.06299640e+07	-4.13736741e+05	4.34732351e+02	1.00000000e-09	4.34732351e+01	1.00000000e-10	4.19452953e+07	1.03279593e-07
2.44000000e+01	2.05147691e+01	-1.05880685e+07	-4.12106096e+05	1.00000000e-09	1.00000000e-09	1.00000000e-10	1.00000000e-10	0.00000000e+00	9.49511815e-08
2.45000000e+01	2.05988460e+01	-1.05461753e+07	-4.10475541e+05	1.00000000e-09	1.00000000e-09	1.00000000e-10	1.00000000e-10	0.00000000e+00	8.72943689e-08
2.46000000e+01	2.06829229e+01	-1.05042822e+07	-4.08844989e+05	5.36133683e+02	1.00000000e-09	5.36133683e+01	1.00000000e-10	5.17290365e+07	8.02549976e-08
2.47000000e+01	2.07669999e+01	-1.04623892e+07	-4.07214438e+05	5.17905899e+02	1.00000000e-09	5.17905899e+01	1.00000000e-10	4.99703227e+07	7.37832774e-08
2.48000000e+01	2.08510768e+01	-1.04204961e+07	-4.05583886e+05	1.00000000e-09	1.00000000e-09	1.00000000e-10	1.00000000e-10	0.00000000e+00	6.78334333e-08
2.49000000e+01	2.09351537e+01	-1.03786056e+07	-4.03953436e+05	1.00000000e-09	1.00000000e-09	1.00000000e-10	1.00000000e-10	0.00000000e+00	6.23633815e-08
2.50000000e+01	2.10192306e+01	-1.03367162e+07	-4.02323029e+05	4.62218756e+02	1.00000000e-09	4.62218756e+01	1.00000000e-10	4.45973302e+07	5.73344317e-08
2.51000000e+01	2.11033075e+01	-1.02948269e+07	-4.00692621e+05	5.94840938e+02	1.00000000e-09	5.94840938e+01	1.00000000e-10	5.73934255e+07	5.27110137e-08
2.52000000e+01	2.11873845e+01	-1.02529375e+07	-3.99062214e+05	1.00000000e-09	1.00000000e-09	1.00000000e-10	1.00000000e-10	0.00000000e+00	4.84604257e-08
2.53000000e+01	2.12714614e+01	-1.02110507e+07	-3.97431908e+05	1.00000000e-09	1.00000000e-09	1.00000000e-10	1.00000000e-10	0.00000000e+00	4.45526029e-08
2.54000000e+01	2.13555383e+01	-1.01691662e+07	-3.95801687e+05	3.71857938e+02	1.00000000e-09	3.71857938e+01	1.00000000e-10	3.58788366e+07	4.09599048e-08
2.55000000e+01	2.14396152e+01	-1.01272816e+07	-3.94171466e+05	6.61384709e+02	1.00000000e-09	6.61384709e+01	1.00000000e-10	6.38139233e+07	3.76569199e-08
2.56000000e+01	2.15236922e+01	-1.00853970e+07	-3.92541245e+05	1.00000000e-09	1.00000000e-09	1.00000000e-10	1.00000000e-10	0.00000000e+00	3.46202860e-08
2.57000000e+01	2.16077691e+01	-1.00435147e+07	-3.90911112e+05	1.00000000e-09	1.00000000e-09	1.00000000e-10	1.00000000e-10	0.00000000e+00	3.18285246e-08
2.58000000e+01	2.16918460e+01	-1.00016356e+07	-3.89281105e+05	2.66595652e+02	1.00000000e-09	2.66595652e+01	1.00000000e-10	2.57225700e+07	2.92618894e-08
2.59000000e+01	2.17759229e+01	-9.95975651e+06	-3.87651098e+05	7.13340593e+02	1.00000000e-09	7.13340593e+01	1.00000000e-10	6.88269040e+07	2.69022262e-08
2.60000000e+01	2.18599998e+01	-9.91787743e+06	-3.86021091e+05	1.00000000e-09	1.00000000e-09	1.00000000e-10	1.00000000e-10	0.00000000e+00	2.47328451e-08
2.61000000e+01	2.19440768e+01	-9.87599992e+06	-3.84391145e+05	1.00000000e-09	1.00000000e-09	1.00000000e-10	1.00000000e-10	0.00000000e+00	2.27384017e-08
2.62000000e+01	2.20281537e+01	-9.83412662e+06	-3.82761364e+05	1.49145250e+02	1.00000000e-09	1.49145250e+01	1.00000000e-10	1.43903290e+07	2.09047891e-08
2.63000000e+01	2.21122306e+01	-9.79225332e+06	-3.81131582e+05	7.46788318e+02	1.00000000e-09	7.46788318e+01	1.00000000e-10	7.20541189e+07	1.92190381e-08
2.64000000e+01	2.21963075e+01	-9.75038002e+06	-3.79501800e+05	1.00000000e-09	1.00000000e-09	1.00000000e-10	1.00000000e-10	0.00000000e+00	1.76692251e-08
2.65000000e+01	2.22803845e+01	-9.70850729e+06	-3.77872040e+05	1.00000000e-09	1.00000000e-09	1.00000000e-10	1.00000000e-10	0.00000000e+00	1.62443882e-08
2.66000000e+01	2.23644614e+01	-9.66663953e+06	-3.76242474e+05	2.33138663e+01	1.00000000e-09	2.33138663e+00	1.00000000e-10	2.24944613e+06	1.49344494e-08
2.67000000e+01	2.24485383e+01	-9.62477177e+06	-3.74612908e+05	7.58359482e+02	1.00000000e-09	7.58359482e+01	1.00000000e-10	7.31705664e+07	1.37301434e-08
2.68000000e+01	2.25326152e+01	-9.58290401e+06	-3.72983341e+05	2.32236416e+01	1.00000000e-09	2.32236416e+00	1.00000000e-10	2.24074077e+06	1.26229520e-08
2.69000000e+01	2.26166921e+01	-9.54103625e+06	-3.71353775e+05	1.00000000e-09	1.00000000e-09	1.00000000e-10	1.00000000e-10	0.00000000e+00	1.16050438e-08
2.70000000e+01	2.27007691e+01	-9.49917393e+06	-3.69724421e+05	1.00000000e-09	1.00000000e-09	1.00000000e-10	1.00000000e-10	0.00000000e+00	1.06692193e-08
2.71000000e+01	2.27848460e+01	-9.45731298e+06	-3.68095120e+05	7.41169645e+02	1.00000000e-09	7.41169645e+01	1.00000000e-10	7.15119993e+07	9.80885916e-09
2.72000000e+01	2.28689229e+01	-9.41545203e+06	-3.66465818e+05	1.51926898e+02	1.00000000e-09	1.51926898e+01	1.00000000e-10	1.46587172e+07	9.01787799e-09
2.73000000e+01	2.29529998e+01	-9.37359108e+06	-3.64836517e+05	1.00000000e-09	1.00000000e-09	1.00000000e-10	1.00000000e-10	0.00000000e+00	8.29068113e-09
2.74000000e+01	2.30370768e+01	-9.33173569e+06	-3.63207432e+05	1.00000000e-09	1.00000000e-09	1.00000000e-10	1.00000000e-10	0.00000000e+00	7.62212503e-09
2.75000000e+01	2.31211537e+01	-9.28988318e+06	-3.61578459e+05	6.98040356e+02	1.00000000e-09	6.98040356e+01	1.00000000e-10	6.73506556e+07	7.00748093e-09
2.76000000e+01	2.32052306e+01	-9.24803066e+06	-3.59949486e+05	2.77280209e+02	1.00000000e-09	2.77280209e+01	1.00000000e-10	2.67534731e+07	6.44240141e-09
2.77000000e+01	2.32893075e+01	-9.20617815e+06	-3.58320514e+05	1.00000000e-09	1.00000000e-09	1.00000000e-10	1.00000000e-10	0.00000000e+00	5.92288960e-09
2.78000000e+01	2.33733845e+01	-9.16433091e+06	-3.56691746e+05	1.00000000e-09	1.00000000e-09	1.00000000e-10	1.00000000e-10	0.00000000e+00	5.44527095e-09
2.79000000e+01	2.34574614e+01	-9.12248811e+06	-3.55063151e+05	6.29291275e+02	1.00000000e-09	6.29291275e+01	1.00000000e-10	6.07173777e+07	5.00616720e-09
2.80000000e+01	2.35415383e+01	-9.08064531e+06	-3.53434557e+05	3.93440530e+02	1.00000000e-09	3.93440530e+01	1.00000000e-10	3.79612402e+07	4.60247255e-09
2.81000000e+01	2.36256152e+01	-9.03880251e+06	-3.51805962e+05	1.00000000e-09	1.00000000e-09	1.00000000e-10	1.00000000e-10	0.00000000e+00	4.23133162e-09
2.82000000e+01	2.37096921e+01	-8.99696429e+06	-3.50177545e+05	1.00000000e-09	1.00000000e-09	1.00000000e-10	1.00000000e-10	0.00000000e+00	3.89011930e-09
2.83000000e+01	2.37937691e+01	-8.95513201e+06	-3.48549360e+05	5.36671139e+02	1.00000000e-09	5.36671139e+01	1.00000000e-10	5.17808931e+07	3.57642216e-09
2.84000000e+01	2.38778460e+01	-8.91329973e+06	-3.46921175e+05	4.94562124e+02	1.00000000e-09	4.94562124e+01	1.00000000e-10	4.77179908e+07	3.28802138e-09
2.85000000e+01	2.39619229e+01	-8.87146745e+06	-3.45292990e+05	1.00000000e-09	1.00000000e-09	1.00000000e-10	1.00000000e-10	0.00000000e+00	3.02287709e-09
2.86000000e+01	2.40459998e+01	-8.82963864e+06	-3.43664939e+05	1.00000000e-09	1.00000000e-09	1.00000000e-10	1.00000000e-10	0.00000000e+00	2.77911390e-09
2.87000000e+01	2.41300768e+01	-8.78781711e+06	-3.42037172e+05	4.23364468e+02	1.00000000e-09	4.23364468e+01	1.00000000e-10	4.08484613e+07	2.55500764e-09
2.88000000e+01	2.42141537e+01	-8.74599559e+06	-3.40409406e+05	5.75149642e+02	1.00000000e-09	5.75149642e+01	1.00000000e-10	5.54935042e+07	2.34897319e-09
2.89000000e+01	2.42982306e+01	-8.70417406e+06	-3.38781639e+05	1.00000000e-09	1.00000000e-09	1.00000000e-10	1.00000000e-10	0.00000000e+00	2.15955324e-09
2.90000000e+01	2.43823075e+01	-8.66235450e+06	-3.37153949e+05	1.00000000e-09	1.00000000e-09	1.00000000e-10	1.00000000e-10	0.00000000e+00	1.98540802e-09
2.91000000e+01	2.44663844e+01	-8.62054330e+06	-3.35526584e+05	2.93914399e+02	1.00000000e-09	2.93914399e+01	1.00000000e-10	2.83584284e+07	1.82530578e-09
2.92000000e+01	2.45504614e+01	-8.57873211e+06	-3.33899219e+05	6.30411140e+02	1.00000000e-09	6.30411140e+01	1.00000000e-10	6.08254282e+07	1.67811410e-09
2.93000000e+01	2.46345383e+01	-8.53692091e+06	-3.32271854e+05	1.00000000e-09	1.00000000e-09	1.00000000e-10	1.00000000e-10	0.00000000e+00	1.54279187e-09
2.94000000e+01	2.47186152e+01	-8.49510986e+06	-3.30644496e+05	1.00000000e-09	1.00000000e-09	1.00000000e-10	1.00000000e-10	0.00000000e+00	1.41838196e-09
2.95000000e+01	2.48026921e+01	-8.45330789e+06	-3.29017490e+05	1.54062441e+02	1.00000000e-09	1.54062441e+01	1.00000000e-10	1.48647658e+07	1.30400439e-09
2.96000000e+01	2.48867691e+01	-8.41150672e+06	-3.27390515e+05	6.51167577e+02	1.00000000e-09	6.51167577e+01	1.00000000e-10	6.28281200e+07	1.19885018e-09
2.97000000e+01	2.49708460e+01	-8.36970554e+06	-3.25763541e+05	1.00000000e-09	1.00000000e-09	1.00000000e-10	1.00000000e-10	0.00000000e+00	1.10217554e-09
2.98000000e+01	2.50549229e+01	-8.32790437e+06	-3.24136566e+05	1.00000000e-09	1.00000000e-09	1.00000000e-10	1.00000000e-10	0.00000000e+00	1.01329669e-09
2.99000000e+01	2.51389998e+01	-8.28611254e+06	-3.22509955e+05	1.03788483e+01	1.00000000e-09	1.03788483e+00	1.00000000e-10	1.00140662e+06	9.31584987e-10
3.00000000e+01	2.52230767e+01	-8.24432370e+06	-3.20883461e+05	6.38609897e+02	1.00000000e-09	6.38609897e+01	1.00000000e-10	6.16164880e+07	8.56462471e-10
3.01000000e+01	2.53071537e+01	-8.20253486e+06	-3.19256966e+05	2.88841098e+01	1.00000000e-09	2.88841098e+00	1.00000000e-10	2.78689293e+06	7.87397794e-10
3.02000000e+01	2.53912306e+01	-8.16074602e+06	-3.17630471e+05	1.00000000e-09	1.00000000e-09	1.00000000e-10	1.00000000e-10	0.00000000e+00	7.23902457e-10
3.03000000e+01	2.54753075e+01	-8.11896627e+06	-3.16004331e+05	1.00000000e-09	1.00000000e-09	1.00000000e-10	1.00000000e-10	0.00000000e+00	6.65527349e-10
3.04000000e+01	2.55593844e+01	-8.07719175e+06	-3.14378393e+05	5.93610333e+02	1.00000000e-09	5.93610333e+01	1.00000000e-10	5.72746901e+07	6.11859579e-10
3.05000000e+01	2.56434614e+01	-8.03541722e+06	-3.12752456e+05	1.66181402e+02	1.00000000e-09	1.66181402e+01	1.00000000e-10	1.60340678e+07	5.62519549e-10
3.06000000e+01	2.57275383e+01	-7.99364270e+06	-3.11126519e+05	1.00000000e-09	1.00000000e-09	1.00000000e-10	1.00000000e-10	0.00000000e+00	5.17158273e-10
3.07000000e+01	2.58116152e+01	-7.95187649e+06	-3.09500905e+05	1.00000000e-09	1.00000000e-09	1.00000000e-10	1.00000000e-10	0.00000000e+00	4.75454906e-10
3.08000000e+01	2.58956921e+01	-7.91011770e+06	-3.07875580e+05	5.17436875e+02	1.00000000e-09	5.17436875e+01	1.00000000e-10	4.99250688e+07	4.37114476e-10
3.09000000e+01	2.59797690e+01	-7.86835890e+06	-3.06250255e+05	2.90330770e+02	1.00000000e-09	2.90330770e+01	1.00000000e-10	2.80126607e+07	4.01865798e-10
3.10000000e+01	2.60638460e+01	-7.82660010e+06	-3.04624929e+05	1.00000000e-09	1.00000000e-09	1.00000000e-10	1.00000000e-10	0.00000000e+00	3.69459555e-10
3.11000000e+01	2.61479229e+01	-7.78484831e+06	-3.02999877e+05	1.00000000e-09	1.00000000e-09	1.00000000e-10	1.00000000e-10	0.00000000e+00	3.39666533e-10
3.12000000e+01	2.62319998e+01	-7.74310594e+06	-3.01375191e+05	4.13161494e+02	1.00000000e-09	4.13161494e+01	1.00000000e-10	3.98640239e+07	3.12276006e-10
3.13000000e+01	2.63160767e+01	-7.70136357e+06	-2.99750505e+05	3.94058298e+02	1.00000000e-09	3.94058298e+01	1.00000000e-10	3.80208457e+07	2.87094235e-10
3.14000000e+01	2.64001537e+01	-7.65962120e+06	-2.98125819e+05	1.00000000e-09	1.00000000e-09	1.00000000e-10	1.00000000e-10	0.00000000e+00	2.63943109e-10
3.15000000e+01	2.64842306e+01	-7.61788401e+06	-2.96501335e+05	1.00000000e-09	1.00000000e-09	1.00000000e-10	1.00000000e-10	0.00000000e+00	2.42658878e-10
3.16000000e+01	2.65683075e+01	-7.57615796e+06	-2.94877284e+05	2.85617279e+02	1.00000000e-09	2.85617279e+01	1.00000000e-10	2.75578780e+07	2.23090996e-10
3.17000000e+01	2.66523844e+01	-7.53443191e+06	-2.93253234e+05	4.70772582e+02	1.00000000e-09	4.70772582e+01	1.00000000e-10	4.54226490e+07	2.05101057e-10
3.18000000e+01	2.67364614e+01	-7.49270585e+06	-2.91629183e+05	1.00000000e-09	1.00000000e-09	1.00000000e-10	1.00000000e-10	0.00000000e+00	1.88561817e-10
3.19000000e+01	2.68205383e+01	-7.45098270e+06	-2.90005245e+05	1.00000000e-09	1.00000000e-09	1.00000000e-10	1.00000000e-10	0.00000000e+00	1.73356293e-10
3.20000000e+01	2.69046152e+01	-7.40927197e+06	-2.88381791e+05	1.41251210e+02	1.00000000e-09	1.41251210e+01	1.00000000e-10	1.36286699e+07	1.59376934e-10
3.21000000e+01	2.69886921e+01	-7.36756125e+06	-2.86758336e+05	5.14995244e+02	1.00000000e-09	5.14995244e+01	1.00000000e-10	4.96894872e+07	1.46524863e-10
3.22000000e+01	2.70727690e+01	-7.32585052e+06	-2.85134882e+05	1.00000000e-09	1.00000000e-09	1.00000000e-10	1.00000000e-10	0.00000000e+00	1.34709176e-10
3.23000000e+01	2.71568460e+01	-7.28414005e+06	-2.83511438e+05	1.00000000e-09	1.00000000e-09	1.00000000e-10	1.00000000e-10	0.00000000e+00	1.23846300e-10
3.24000000e+01	2.72409229e+01	-7.24244277e+06	-2.81888507e+05	1.00000000e-09	1.00000000e-09	1.00000000e-10	1.00000000e-10	0.00000000e+00	1.13859401e-10
3.25000000e+01	2.73249998e+01	-7.20074653e+06	-2.80265617e+05	5.15672422e+02	1.00000000e-09	5.15672422e+01	1.00000000e-10	4.97548249e+07	1.04677839e-10
3.26000000e+01	2.74090767e+01	-7.15905029e+06	-2.78642726e+05	4.39061196e+01	1.00000000e-09	4.39061196e+00	1.00000000e-10	4.23629654e+06	9.62366743e-11
3.27000000e+01	2.74931537e+01	-7.11735405e+06	-2.77019836e+05	1.00000000e-09	1.00000000e-09	1.00000000e-10	1.00000000e-10	0.00000000e+00	8.84762003e-11
3.28000000e+01	2.75772306e+01	-7.07567113e+06	-2.75397464e+05	1.00000000e-09	1.00000000e-09	1.00000000e-10	1.00000000e-10	0.00000000e+00	8.13415267e-11
3.29000000e+01	2.76613075e+01	-7.03399227e+06	-2.73775250e+05	4.75238033e+02	1.00000000e-09	4.75238033e+01	1.00000000e-10	4.58534995e+07	7.47821894e-11
3.30000000e+01	2.77453844e+01	-6.99231341e+06	-2.72153036e+05	1.95260064e+02	1.00000000e-09	1.95260064e+01	1.00000000e-10	1.88397322e+07	6.87517936e-11
3.31000000e+01	2.78294613e+01	-6.95063455e+06	-2.70530822e+05	1.00000000e-09	1.00000000e-09	1.00000000e-10	1.00000000e-10	0.00000000e+00	6.32076857e-11
3.32000000e+01	2.79135383e+01	-6.90896849e+06	-2.68909106e+05	1.00000000e-09	1.00000000e-09	1.00000000e-10	1.00000000e-10	0.00000000e+00	5.81106517e-11
3.33000000e+01	2.79976152e+01	-6.86730952e+06	-2.67287666e+05	3.95909353e+02	1.00000000e-09	3.95909353e+01	1.00000000e-10	3.81994454e+07	5.34246397e-11
3.34000000e+01	2.80816921e+01	-6.82565055e+06	-2.65666227e+05	3.35164537e+02	1.00000000e-09	3.35164537e+01	1.00000000e-10	3.23384616e+07	4.91165053e-11
3.35000000e+01	2.81657690e+01	-6.78399158e+06	-2.64044787e+05	1.00000000e-09	1.00000000e-09	1.00000000e-10	1.00000000e-10	0.00000000e+00	4.51557765e-11
3.36000000e+01	2.82498460e+01	-6.74234418e+06	-2.62423797e+05	1.00000000e-09	1.00000000e-09	1.00000000e-10	1.00000000e-10	0.00000000e+00	4.15144388e-11
3.37000000e+01	2.83339229e+01	-6.70070672e+06	-2.60803195e+05	2.80800992e+02	1.00000000e-09	2.80800992e+01	1.00000000e-10	2.70931770e+07	3.81667366e-11
3.38000000e+01	2.84179998e+01	-6.65906926e+06	-2.59182592e+05	4.54321515e+02	1.00000000e-09	4.54321515e+01	1.00000000e-10	4.38353623e+07	3.50889914e-11
3.39000000e+01	2.85020767e+01	-6.61743180e+06	-2.57561990e+05	1.00000000e-09	1.00000000e-09	1.00000000e-10	1.00000000e-10	0.00000000e+00	3.22594338e-11
3.40000000e+01	2.85861536e+01	-6.57580402e+06	-2.55941764e+05	1.00000000e-09	1.00000000e-09	1.00000000e-10	1.00000000e-10	0.00000000e+00	2.96580503e-11
3.41000000e+01	2.86702306e+01	-6.53418874e+06	-2.54322024e+05	1.34827174e+02	1.00000000e-09	1.34827174e+01	1.00000000e-10	1.30088446e+07	2.72664410e-11
3.42000000e+01	2.87543075e+01	-6.49257345e+06	-2.52702285e+05	5.44120222e+02	1.00000000e-09	5.44120222e+01	1.00000000e-10	5.24996203e+07	2.50676897e-11
3.43000000e+01	2.88383844e+01	-6.45095816e+06	-2.51082545e+05	1.00000000e-09	1.00000000e-09	1.00000000e-10	1.00000000e-10	0.00000000e+00	2.30462446e-11
3.44000000e+01	2.89224613e+01	-6.40935005e+06	-2.49463085e+05	1.00000000e-09	1.00000000e-09	1.00000000e-10	1.00000000e-10	0.00000000e+00	2.11878078e-11
3.45000000e+01	2.90065383e+01	-6.36775653e+06	-2.47844193e+05	1.00000000e-09	1.00000000e-09	1.00000000e-10	1.00000000e-10	0.00000000e+00	1.94792342e-11
3.46000000e+01	2.90906152e+01	-6.32616301e+06	-2.46225300e+05	5.97087577e+02	1.00000000e-09	5.97087577e+01	1.00000000e-10	5.76101932e+07	1.79084392e-11
3.47000000e+01	2.91746921e+01	-6.28456949e+06	-2.44606408e+05	7.19102779e+01	1.00000000e-09	7.19102779e+00	1.00000000e-10	6.93828705e+06	1.64643122e-11
3.48000000e+01	2.92587690e+01	-6.24298013e+06	-2.42987678e+05	1.00000000e-09	1.00000000e-09	1.00000000e-10	1.00000000e-10	0.00000000e+00	1.51366389e-11
3.49000000e+01	2.93428459e+01	-6.20140688e+06	-2.41369574e+05	1.00000000e-09	1.00000000e-09	1.00000000e-10	1.00000000e-10	0.00000000e+00	1.39160284e-11
3.50000000e+01	2.94269229e+01	-6.15983364e+06	-2.39751471e+05	6.07395093e+02	1.00000000e-09	6.07395093e+01	1.00000000e-10	5.86047173e+07	1.27938473e-11
3.51000000e+01	2.95109998e+01	-6.11826039e+06	-2.38133368e+05	2.57517810e+02	1.00000000e-09	2.57517810e+01	1.00000000e-10	2.48466914e+07	1.17621583e-11
3.52000000e+01	2.95950767e+01	-6.07668790e+06	-2.36515294e+05	1.00000000e-09	1.00000000e-09	1.00000000e-10	1.00000000e-10	0.00000000e+00	1.08136641e-11
3.53000000e+01	2.96791536e+01	-6.03513235e+06	-2.34897879e+05	1.00000000e-09	1.00000000e-09	1.00000000e-10	1.00000000e-10	0.00000000e+00	9.94165601e-12
3.54000000e+01	2.97632306e+01	-5.99357766e+06	-2.33280498e+05	5.65402875e+02	1.00000000e-09	5.65402875e+01	1.00000000e-10	5.45530842e+07	9.13996618e-12
3.55000000e+01	2.98473075e+01	-5.95202297e+06	-2.31663117e+05	4.44796697e+02	1.00000000e-09	4.44796697e+01	1.00000000e-10	4.29163570e+07	8.40292419e-12
3.56000000e+01	2.99313844e+01	-5.91046829e+06	-2.30045737e+05	1.00000000e-09	1.00000000e-09	1.00000000e-10	1.00000000e-10	0.00000000e+00	7.72531687e-12
3.57000000e+01	3.00154613e+01	-5.86893059e+06	-2.28429017e+05	1.00000000e-09	1.00000000e-09	1.00000000e-10	1.00000000e-10	0.00000000e+00	7.10235144e-12
3.58000000e+01	3.00995383e+01	-5.82739750e+06	-2.26812477e+05	4.69894532e+02	1.00000000e-09	4.69894532e+01	1.00000000e-10	4.53379300e+07	6.52962161e-12
3.59000000e+01	3.01836152e+01	-5.78586440e+06	-2.25195936e+05	6.23065512e+02	1.00000000e-09	6.23065512e+01	1.00000000e-10	6.01166829e+07	6.00307641e-12
3.60000000e+01	3.02676921e+01	-5.74433131e+06	-2.23579395e+05	1.00000000e-09	1.00000000e-09	1.00000000e-10	1.00000000e-10	0.00000000e+00	5.51899153e-12
3.61000000e+01	3.03517690e+01	-5.70281445e+06	-2.21963487e+05	1.00000000e-09	1.00000000e-09	1.00000000e-10	1.00000000e-10	0.00000000e+00	5.07394300e-12
3.62000000e+01	3.04358459e+01	-5.66130590e+06	-2.20347902e+05	3.27758282e+02	1.00000000e-09	3.27758282e+01	1.00000000e-10	3.16238667e+07	4.66478295e-12
3.63000000e+01	3.05199229e+01	-5.61979734e+06	-2.18732316e+05	7.80943697e+02	1.00000000e-09	7.80943697e+01	1.00000000e-10	7.53496119e+07	4.28861734e-12
3.64000000e+01	3.06039998e+01	-5.57828879e+06	-2.17116731e+05	1.00000000e-09	1.00000000e-09	1.00000000e-10	1.00000000e-10	0.00000000e+00	3.94278553e-12
3.65000000e+01	3.06880767e+01	-5.53679490e+06	-2.15501717e+05	1.00000000e-09	1.00000000e-09	1.00000000e-10	1.00000000e-10	0.00000000e+00	3.62484141e-12
3.66000000e+01	3.07721536e+01	-5.49531282e+06	-2.13887161e+05	1.43377141e+02	1.00000000e-09	1.43377141e+01	1.00000000e-10	1.38337910e+07	3.33253613e-12
3.67000000e+01	3.08562306e+01	-5.45383073e+06	-2.12272606e+05	9.07438066e+02	1.00000000e-09	9.07438066e+01	1.00000000e-10	8.75544631e+07	3.06380220e-12
3.68000000e+01	3.09403075e+01	-5.41234865e+06	-2.10658051e+05	1.00000000e-09	1.00000000e-09	1.00000000e-10	1.00000000e-10	0.00000000e+00	2.81673882e-12
3.69000000e+01	3.10243844e+01	-5.37087890e+06	-2.09043976e+05	1.00000000e-09	1.00000000e-09	1.00000000e-10	1.00000000e-10	0.00000000e+00	2.58959851e-12
3.70000000e+01	3.11084613e+01	-5.32942400e+06	-2.07430479e+05	1.00000000e-09	1.00000000e-09	1.00000000e-10	1.00000000e-10	0.00000000e+00	2.38077467e-12
3.71000000e+01	3.11925382e+01	-5.28796910e+06	-2.05816982e+05	9.92559306e+02	1.00000000e-09	9.92559306e+01	1.00000000e-10	9.57674143e+07	2.18879027e-12
3.72000000e+01	3.12766152e+01	-5.24651420e+06	-2.04203485e+05	1.37474818e+02	1.00000000e-09	1.37474818e+01	1.00000000e-10	1.32643034e+07	2.01228739e-12
3.73000000e+01	3.13606921e+01	-5.20506861e+06	-2.02590350e+05	1.00000000e-09	1.00000000e-09	1.00000000e-10	1.00000000e-10	0.00000000e+00	1.85001761e-12
3.74000000e+01	3.14447690e+01	-5.16364036e+06	-2.00977891e+05	1.00000000e-09	1.00000000e-09	1.00000000e-10	1.00000000e-10	0.00000000e+00	1.70083318e-12
3.75000000e+01	3.15288459e+01	-5.12221211e+06	-1.99365431e+05	1.02791488e+03	1.00000000e-09	1.02791488e+02	1.00000000e-10	9.91787082e+07	1.56367890e-12
3.76000000e+01	3.16129229e+01	-5.08078386e+06	-1.97752971e+05	3.84679060e+02	1.00000000e-09	3.84679060e+01	1.00000000e-10	3.71158869e+07	1.43758467e-12
3.77000000e+01	3.16969998e+01	-5.03936133e+06	-1.96140734e+05	1.00000000e-09	1.00000000e-09	1.00000000e-10	1.00000000e-10	0.00000000e+00	1.32165861e-12
3.78000000e+01	3.17810767e+01	-4.99795792e+06	-1.94529241e+05	1.00000000e-09	1.00000000e-09	1.00000000e-10	1.00000000e-10	0.00000000e+00	1.21508076e-12
3.79000000e+01	3.18651536e+01	-4.95655452e+06	-1.92917748e+05	1.00722096e+03	1.00000000e-09	1.00722096e+02	1.00000000e-10	9.71820488e+07	1.11709730e-12
3.80000000e+01	3.19492305e+01	-4.91515111e+06	-1.91306256e+05	6.42821822e+02	1.00000000e-09	6.42821822e+01	1.00000000e-10	6.20228770e+07	1.02701517e-12
3.81000000e+01	3.20333075e+01	-4.87374941e+06	-1.89694829e+05	1.00000000e-09	1.00000000e-09	1.00000000e-10	1.00000000e-10	0.00000000e+00	9.44197214e-13
3.82000000e+01	3.21173844e+01	-4.83236781e+06	-1.88084185e+05	1.00000000e-09	1.00000000e-09	1.00000000e-10	1.00000000e-10	0.00000000e+00	8.68057654e-13
3.83000000e+01	3.22014613e+01	-4.79098639e+06	-1.86473548e+05	9.25529563e+02	1.00000000e-09	9.25529563e+01	1.00000000e-10	8.93000272e+07	7.98057949e-13
3.84000000e+01	3.22855382e+01	-4.74960497e+06	-1.84862911e+05	8.98865609e+02	1.00000000e-09	8.98865609e+01	1.00000000e-10	8.67273468e+07	7.33702982e-13
3.85000000e+01	3.23696152e+01	-4.70822355e+06	-1.83252274e+05	1.00000000e-09	1.00000000e-09	1.00000000e-10	1.00000000e-10	0.00000000e+00	6.74537565e-13
3.86000000e+01	3.24536921e+01	-4.66686232e+06	-1.81642423e+05	1.00000000e-09	1.00000000e-09	1.00000000e-10	1.00000000e-10	0.00000000e+00	6.20143216e-13
3.87000000e+01	3.25377690e+01	-4.62550563e+06	-1.80032748e+05	7.71010650e+02	1.00000000e-09	7.71010650e+01	1.00000000e-10	7.43912186e+07	5.70135198e-13
3.88000000e+01	3.26218459e+01	-4.58414894e+06	-1.78423074e+05	1.13937222e+03	1.00000000e-09	1.13937222e+02	1.00000000e-10	1.09932707e+08	5.24159800e-13
3.89000000e+01	3.27059228e+01	-4.54279224e+06	-1.76813399e+05	1.00000000e-09	1.00000000e-09	1.00000000e-10	1.00000000e-10	0.00000000e+00	4.81891834e-13
3.90000000e+01	3.27899998e+01	-4.50145490e+06	-1.75204477e+05	1.00000000e-09	1.00000000e-09	1.00000000e-10	1.00000000e-10	0.00000000e+00	4.43032333e-13
3.91000000e+01	3.28740767e+01	-4.46012640e+06	-1.73595900e+05	5.58035557e+02	1.00000000e-09	5.58035557e+01	1.00000000e-10	5.38422460e+07	4.07306443e-13
3.92000000e+01	3.29581536e+01	-4.41879790e+06	-1.71987323e+05	1.35055223e+03	1.00000000e-09	1.35055223e+02	1.00000000e-10	1.30308480e+08	3.74461468e-13
3.93000000e+01	3.30422305e+01	-4.37746939e+06	-1.70378745e+05	1.00000000e-09	1.00000000e-09	1.00000000e-10	1.00000000e-10	0.00000000e+00	3.44265096e-13
3.94000000e+01	3.31263075e+01	-4.33615847e+06	-1.68770852e+05	1.00000000e-09	1.00000000e-09	1.00000000e-10	1.00000000e-10	0.00000000e+00	3.16503742e-13
3.95000000e+01	3.32103844e+01	-4.29486045e+06	-1.67163461e+05	2.92437519e+02	1.00000000e-09	2.92437519e+01	1.00000000e-10	2.82159311e+07	2.90981049e-13
3.96000000e+01	3.32944613e+01	-4.25356242e+06	-1.65556070e+05	1.51917063e+03	1.00000000e-09	1.51917063e+02	1.00000000e-10	1.46577683e+08	2.67516493e-13
3.97000000e+01	3.33785382e+01	-4.21226440e+06	-1.63948679e+05	1.00000000e-09	1.00000000e-09	1.00000000e-10	1.00000000e-10	0.00000000e+00	2.45944106e-13
3.98000000e+01	3.34626152e+01	-4.17098130e+06	-1.62341869e+05	1.00000000e-09	1.00000000e-09	1.00000000e-10	1.00000000e-10	0.00000000e+00	2.26111304e-13
3.99000000e+01	3.35466921e+01	-4.12971471e+06	-1.60735701e+05	1.00000000e-09	1.00000000e-09	1.00000000e-10	1.00000000e-10	0.00000000e+00	2.07877809e-13
4.00000000e+01	3.36307690e+01	-4.08844812e+06	-1.59129533e+05	1.63324667e+03	1.00000000e-09	1.63324667e+02	1.00000000e-10	1.57584348e+08	1.91114654e-13
4.01000000e+01	3.37148459e+01	-4.04718153e+06	-1.57523366e+05	1.18629319e+02	1.00000000e-09	1.18629319e+01	1.00000000e-10	1.14459892e+07	1.75703270e-13
4.02000000e+01	3.37989228e+01	-4.00592643e+06	-1.55917645e+05	1.00000000e-09	1.00000000e-09	1.00000000e-10	1.00000000e-10	0.00000000e+00	1.61534652e-13
4.03000000e+01	3.38829998e+01	-3.96469076e+06	-1.54312681e+05	1.00000000e-09	1.00000000e-09	1.00000000e-10	1.00000000e-10	0.00000000e+00	1.48508584e-13
4.04000000e+01	3.39670767e+01	-3.92345509e+06	-1.52707717e+05	1.68275363e+03	1.00000000e-09	1.68275363e+02	1.00000000e-10	1.62361043e+08	1.36532931e-13
4.05000000e+01	3.40511536e+01	-3.88221942e+06	-1.51102752e+05	4.63126670e+02	1.00000000e-09	4.63126670e+01	1.00000000e-10	4.46849306e+07	1.25522989e-13
4.06000000e+01	3.41352305e+01	-3.84099116e+06	-1.49498076e+05	1.00000000e-09	1.00000000e-09	1.00000000e-10	1.00000000e-10	0.00000000e+00	1.15400882e-13
4.07000000e+01	3.42193075e+01	-3.79978442e+06	-1.47894238e+05	1.00000000e-09	1.00000000e-09	1.00000000e-10	1.00000000e-10	0.00000000e+00	1.06095016e-13
4.08000000e+01	3.43033844e+01	-3.75857768e+06	-1.46290400e+05	1.66024511e+03	1.00000000e-09	1.66024511e+02	1.00000000e-10	1.60189301e+08	9.75395708e-14
4.09000000e+01	3.43874613e+01	-3.71737094e+06	-1.44686562e+05	8.21017502e+02	1.00000000e-09	8.21017502e+01	1.00000000e-10	7.92161464e+07	8.96740319e-14
4.10000000e+01	3.44715382e+01	-3.67616705e+06	-1.43082835e+05	1.00000000e-09	1.00000000e-09	1.00000000e-10	1.00000000e-10	0.00000000e+00	8.24427658e-14
4.11000000e+01	3.45556151e+01	-3.63498585e+06	-1.41479991e+05	1.00000000e-09	1.00000000e-09	1.00000000e-10	1.00000000e-10	0.00000000e+00	7.57946252e-14
4.12000000e+01	3.46396921e+01	-3.59380465e+06	-1.39877146e+05	1.56140219e+03	1.00000000e-09	1.56140219e+02	1.00000000e-10	1.50652409e+08	6.96825871e-14
4.13000000e+01	3.47237690e+01	-3.55262345e+06	-1.38274302e+05	1.17638854e+03	1.00000000e-09	1.17638854e+02	1.00000000e-10	1.13504239e+08	6.40634205e-14
4.14000000e+01	3.48078459e+01	-3.51144225e+06	-1.36671458e+05	1.00000000e-09	1.00000000e-09	1.00000000e-10	1.00000000e-10	0.00000000e+00	5.88973804e-14
4.15000000e+01	3.48919228e+01	-3.47028388e+06	-1.35069503e+05	1.00000000e-09	1.00000000e-09	1.00000000e-10	1.00000000e-10	0.00000000e+00	5.41479271e-14
4.16000000e+01	3.49759998e+01	-3.42912969e+06	-1.33467710e+05	1.37037828e+03	1.00000000e-09	1.37037828e+02	1.00000000e-10	1.32221404e+08	4.97814672e-14
4.17000000e+01	3.50600767e+01	-3.38797550e+06	-1.31865917e+05	1.51243696e+03	1.00000000e-09	1.51243696e+02	1.00000000e-10	1.45927983e+08	4.57671163e-14
4.18000000e+01	3.51441536e+01	-3.34682130e+06	-1.30264124e+05	1.00000000e-09	1.00000000e-09	1.00000000e-10	1.00000000e-10	0.00000000e+00	4.20764804e-14
4.19000000e+01	3.52282305e+01	-3.30568903e+06	-1.28663184e+05	1.00000000e-09	1.00000000e-09	1.00000000e-10	1.00000000e-10	0.00000000e+00	3.86834555e-14
4.20000000e+01	3.53123074e+01	-3.26456576e+06	-1.27062595e+05	1.10535701e+03	1.00000000e-09	1.10535701e+02	1.00000000e-10	1.06650739e+08	3.55640423e-14
4.21000000e+01	3.53963844e+01	-3.22344250e+06	-1.25462005e+05	1.81278934e+03	1.00000000e-09	1.81278934e+02	1.00000000e-10	1.74907582e+08	3.26961769e-14
4.22000000e+01	3.54804613e+01	-3.18231923e+06	-1.23861416e+05	1.00000000e-09	1.00000000e-09	1.00000000e-10	1.00000000e-10	0.00000000e+00	3.00595747e-14
4.23000000e+01	3.55645382e+01	-3.14121593e+06	-1.22261604e+05	1.00000000e-09	1.00000000e-09	1.00000000e-10	1.00000000e-10	0.00000000e+00	2.76355866e-14
4.24000000e+01	3.56486151e+01	-3.10012616e+06	-1.20662318e+05	7.73416414e+02	1.00000000e-09	7.73416414e+01	1.00000000e-10	7.46233395e+07	2.54070677e-14
4.25000000e+01	3.57326921e+01	-3.05903639e+06	-1.19063033e+05	2.06152316e+03	1.00000000e-09	2.06152316e+02	1.00000000e-10	1.98906747e+08	2.33582553e-14
4.26000000e+01	3.58167690e+01	-3.01794662e+06	-1.17463747e+05	1.00000000e-09	1.00000000e-09	1.00000000e-10	1.00000000e-10	0.00000000e+00	2.14746581e-14
4.27000000e+01	3.59008459e+01	-2.97687390e+06	-1.15865125e+05	1.00000000e-09	1.00000000e-09	1.00000000e-10	1.00000000e-10	0.00000000e+00	1.97429531e-14
4.28000000e+01	3.59849228e+01	-2.93581871e+06	-1.14267186e+05	3.85113889e+02	1.00000000e-09	3.85113889e+01	1.00000000e-10	3.71578415e+07	1.81508919e-14
4.29000000e+01	3.60689997e+01	-2.89476351e+06	-1.12669246e+05	2.24429005e+03	1.00000000e-09	2.24429005e+02	1.00000000e-10	2.16541071e+08	1.66872137e-14
4.30000000e+01	3.61530767e+01	-2.85370832e+06	-1.11071306e+05	1.00000000e-09	1.00000000e-09	1.00000000e-10	1.00000000e-10	0.00000000e+00	1.53415657e-14
4.31000000e+01	3.62371536e+01	-2.81266642e+06	-1.09473884e+05	1.00000000e-09	1.00000000e-09	1.00000000e-10	1.00000000e-10	0.00000000e+00	1.41044300e-14
4.32000000e+01	3.63212305e+01	-2.77164530e+06	-1.07877270e+05	1.00000000e-09	1.00000000e-09	1.00000000e-10	1.00000000e-10	0.00000000e+00	1.29670563e-14
4.33000000e+01	3.64053074e+01	-2.73062418e+06	-1.06280657e+05	2.34909576e+03	1.00000000e-09	2.34909576e+02	1.00000000e-10	2.26653285e+08	1.19213998e-14
4.34000000e+01	3.64893844e+01	-2.68960306e+06	-1.04684043e+05	1.92993244e+02	1.00000000e-09	1.92993244e+01	1.00000000e-10	1.86210172e+07	1.09600645e-14
4.35000000e+01	3.65734613e+01	-2.64859079e+06	-1.03087774e+05	1.00000000e-09	1.00000000e-09	1.00000000e-10	1.00000000e-10	0.00000000e+00	1.00762507e-14
4.36000000e+01	3.66575382e+01	-2.60760166e+06	-1.01492406e+05	1.00000000e-09	1.00000000e-09	1.00000000e-10	1.00000000e-10	0.00000000e+00	9.26370726e-15
4.37000000e+01	3.67416151e+01	-2.56661254e+06	-9.98970373e+04	2.36699274e+03	1.00000000e-09	2.36699274e+02	1.00000000e-10	2.28380081e+08	8.51668685e-15
4.38000000e+01	3.68256921e+01	-2.52562341e+06	-9.83016690e+04	6.51588974e+02	1.00000000e-09	6.51588974e+01	1.00000000e-10	6.28687786e+07	7.82990577e-15
4.39000000e+01	3.69097690e+01	-2.48463819e+06	-9.67064530e+04	1.00000000e-09	1.00000000e-09	1.00000000e-10	1.00000000e-10	0.00000000e+00	7.19850635e-15
4.40000000e+01	3.69938459e+01	-2.44367741e+06	-9.51121878e+04	1.00000000e-09	1.00000000e-09	1.00000000e-10	1.00000000e-10	0.00000000e+00	6.61802264e-15
4.41000000e+01	3.70779228e+01	-2.40271662e+06	-9.35179226e+04	2.29263009e+03	1.00000000e-09	2.29263009e+02	1.00000000e-10	2.21205175e+08	6.08434883e-15
4.42000000e+01	3.71619997e+01	-2.36175584e+06	-9.19236574e+04	1.11214352e+03	1.00000000e-09	1.11214352e+02	1.00000000e-10	1.07305537e+08	5.59371018e-15
4.43000000e+01	3.72460767e+01	-2.32079505e+06	-9.03293921e+04	1.00000000e-09	1.00000000e-09	1.00000000e-10	1.00000000e-10	0.00000000e+00	5.14263638e-15
4.44000000e+01	3.73301536e+01	-2.27985888e+06	-8.87360850e+04	1.00000000e-09	1.00000000e-09	1.00000000e-10	1.00000000e-10	0.00000000e+00	4.72793693e-15
4.45000000e+01	3.74142305e+01	-2.23892635e+06	-8.71429192e+04	2.10868051e+03	1.00000000e-09	2.10868051e+02	1.00000000e-10	2.03456739e+08	4.34667862e-15
4.46000000e+01	3.74983074e+01	-2.19799381e+06	-8.55497534e+04	1.55480878e+03	1.00000000e-09	1.55480878e+02	1.00000000e-10	1.50016241e+08	3.99616478e-15
4.47000000e+01	3.75823844e+01	-2.15706127e+06	-8.39565876e+04	1.00000000e-09	1.00000000e-09	1.00000000e-10	1.00000000e-10	0.00000000e+00	3.67391618e-15
4.48000000e+01	3.76664613e+01	-2.11615241e+06	-8.23643435e+04	1.00000000e-09	1.00000000e-09	1.00000000e-10	1.00000000e-10	0.00000000e+00	3.37765354e-15
4.49000000e+01	3.77505382e+01	-2.07525234e+06	-8.07724412e+04	1.83480653e+03	1.00000000e-09	1.83480653e+02	1.00000000e-10	1.77031918e+08	3.10528136e-15
4.50000000e+01	3.78346151e+01	-2.03435226e+06	-7.91805389e+04	1.96103746e+03	1.00000000e-09	1.96103746e+02	1.00000000e-10	1.89211351e+08	2.85487313e-15
4.51000000e+01	3.79186920e+01	-1.99345219e+06	-7.75886367e+04	1.00000000e-09	1.00000000e-09	1.00000000e-10	1.00000000e-10	0.00000000e+00	2.62465769e-15
4.52000000e+01	3.80027690e+01	-1.95257376e+06	-7.59975771e+04	1.00000000e-09	1.00000000e-09	1.00000000e-10	1.00000000e-10	0.00000000e+00	2.41300669e-15
4.53000000e+01	3.80868459e+01	-1.91170894e+06	-7.44070469e+04	1.47847578e+03	1.00000000e-09	1.47847578e+02	1.00000000e-10	1.42651227e+08	2.21842312e-15
4.54000000e+01	3.81709228e+01	-1.87084412e+06	-7.28165167e+04	2.31246003e+03	1.00000000e-09	2.31246003e+02	1.00000000e-10	2.23118474e+08	2.03953067e-15
4.55000000e+01	3.82549997e+01	-1.82997929e+06	-7.12259865e+04	1.00000000e-09	1.00000000e-09	1.00000000e-10	1.00000000e-10	0.00000000e+00	1.87506400e-15
4.56000000e+01	3.83390767e+01	-1.78913308e+06	-6.96361808e+04	1.00000000e-09	1.00000000e-09	1.00000000e-10	1.00000000e-10	0.00000000e+00	1.72385984e-15
4.57000000e+01	3.84231536e+01	-1.74830473e+06	-6.80470699e+04	1.05096598e+03	1.00000000e-09	1.05096598e+02	1.00000000e-10	1.01402802e+08	1.58484870e-15
4.58000000e+01	3.85072305e+01	-1.70747637e+06	-6.64579591e+04	2.59242198e+03	1.00000000e-09	2.59242198e+02	1.00000000e-10	2.50130696e+08	1.45704735e-15
4.59000000e+01	3.85913074e+01	-1.66664802e+06	-6.48688483e+04	1.00000000e-09	1.00000000e-09	1.00000000e-10	1.00000000e-10	0.00000000e+00	1.33955183e-15
4.60000000e+01	3.86753843e+01	-1.62583435e+06	-6.32803092e+04	1.00000000e-09	1.00000000e-09	1.00000000e-10	1.00000000e-10	0.00000000e+00	1.23153109e-15
4.61000000e+01	3.87594613e+01	-1.58504203e+06	-6.16926008e+04	5.66996580e+02	1.00000000e-09	5.66996580e+01	1.00000000e-10	5.47068534e+07	1.13222108e-15
4.62000000e+01	3.88435382e+01	-1.54424970e+06	-6.01048925e+04	2.78679511e+03	1.00000000e-09	2.78679511e+02	1.00000000e-10	2.68884852e+08	1.04091937e-15
4.63000000e+01	3.89276151e+01	-1.50345738e+06	-5.85171841e+04	1.00000000e-09	1.00000000e-09	1.00000000e-10	1.00000000e-10	0.00000000e+00	9.56980191e-16
4.64000000e+01	3.90116920e+01	-1.46267512e+06	-5.69298672e+04	1.00000000e-09	1.00000000e-09	1.00000000e-10	1.00000000e-10	0.00000000e+00	8.79809819e-16
4.65000000e+01	3.90957690e+01	-1.42191674e+06	-5.53434801e+04	4.41907199e+01	1.00000000e-09	4.41907199e+00	1.00000000e-10	4.26375628e+06	8.08862425e-16
4.66000000e+01	3.91798459e+01	-1.38115837e+06	-5.37570931e+04	2.88470675e+03	1.00000000e-09	2.88470675e+02	1.00000000e-10	2.78331889e+08	7.43636191e-16
4.67000000e+01	3.92639228e+01	-1.34040000e+06	-5.21707061e+04	1.37650580e+02	1.00000000e-09	1.37650580e+01	1.00000000e-10	1.32812619e+07	6.83669765e-16
4.68000000e+01	3.93479997e+01	-1.29964654e+06	-5.05845106e+04	1.00000000e-09	1.00000000e-09	1.00000000e-10	1.00000000e-10	0.00000000e+00	6.28539001e-16
4.69000000e+01	3.94320766e+01	-1.25891846e+06	-4.89993027e+04	1.00000000e-09	1.00000000e-09	1.00000000e-10	1.00000000e-10	0.00000000e+00	5.77853951e-16
4.70000000e+01	3.95161536e+01	-1.21819038e+06	-4.74140949e+04	2.87914139e+03	1.00000000e-09	2.87914139e+02	1.00000000e-10	2.77794914e+08	5.31256117e-16
4.71000000e+01	3.96002305e+01	-1.17746231e+06	-4.58288870e+04	6.79243602e+02	1.00000000e-09	6.79243602e+01	1.00000000e-10	6.55370445e+07	4.88415907e-16
4.72000000e+01	3.96843074e+01	-1.13673423e+06	-4.42436791e+04	1.00000000e-09	1.00000000e-09	1.00000000e-10	1.00000000e-10	0.00000000e+00	4.49030309e-16
4.73000000e+01	3.97683843e+01	-1.09603180e+06	-4.26594698e+04	1.00000000e-09	1.00000000e-09	1.00000000e-10	1.00000000e-10	0.00000000e+00	4.12820745e-16
4.74000000e+01	3.98524613e+01	-1.05533233e+06	-4.10753752e+04	2.75054046e+03	1.00000000e-09	2.75054046e+02	1.00000000e-10	2.65386810e+08	3.79531100e-16
4.75000000e+01	3.99365382e+01	-1.01463285e+06	-3.94912806e+04	1.21067143e+03	1.00000000e-09	1.21067143e+02	1.00000000e-10	1.16812035e+08	3.48925915e-16
4.76000000e+01	4.00206151e+01	-9.73933375e+05	-3.79071860e+04	1.00000000e-09	1.00000000e-09	1.00000000e-10	1.00000000e-10	0.00000000e+00	3.20788716e-16
4.77000000e+01	4.01046920e+01	-9.33258663e+05	-3.63240552e+04	1.00000000e-09	1.00000000e-09	1.00000000e-10	1.00000000e-10	0.00000000e+00	2.94920485e-16
4.78000000e+01	4.01887690e+01	-8.92592273e+05	-3.47412484e+04	2.51867520e+03	1.00000000e-09	2.51867520e+02	1.00000000e-10	2.43015214e+08	2.71138254e-16
4.79000000e+01	4.02728459e+01	-8.51925883e+05	-3.31584415e+04	1.71170723e+03	1.00000000e-09	1.71170723e+02	1.00000000e-10	1.65154640e+08	2.49273810e-16
4.80000000e+01	4.03569228e+01	-8.11259493e+05	-3.15756347e+04	1.00000000e-09	1.00000000e-09	1.00000000e-10	1.00000000e-10	0.00000000e+00	2.29172503e-16
4.81000000e+01	4.04409997e+01	-7.70615836e+05	-2.99937127e+04	1.00000000e-09	1.00000000e-09	1.00000000e-10	1.00000000e-10	0.00000000e+00	2.10692155e-16
4.82000000e+01	4.05250766e+01	-7.29985529e+05	-2.84123102e+04	2.19042284e+03	1.00000000e-09	2.19042284e+02	1.00000000e-10	2.11343675e+08	1.93702052e-16
4.83000000e+01	4.06091536e+01	-6.89355222e+05	-2.68309078e+04	2.16180928e+03	1.00000000e-09	2.16180928e+02	1.00000000e-10	2.08582887e+08	1.78082022e-16
4.84000000e+01	4.06932305e+01	-6.48724915e+05	-2.52495054e+04	1.00000000e-09	1.00000000e-09	1.00000000e-10	1.00000000e-10	0.00000000e+00	1.63721583e-16
4.85000000e+01	4.07773074e+01	-6.08114254e+05	-2.36688676e+04	1.00000000e-09	1.00000000e-09	1.00000000e-10	1.00000000e-10	0.00000000e+00	1.50519162e-16
4.86000000e+01	4.08613843e+01	-5.67521385e+05	-2.20889223e+04	1.77682774e+03	1.00000000e-09	1.77682774e+02	1.00000000e-10	1.71437814e+08	1.38381377e-16
4.87000000e+01	4.09454613e+01	-5.26928516e+05	-2.05089771e+04	2.54211786e+03	1.00000000e-09	2.54211786e+02	1.00000000e-10	2.45277086e+08	1.27222377e-16
4.88000000e+01	4.10295382e+01	-4.86335648e+05	-1.89290318e+04	1.00000000e-09	1.00000000e-09	1.00000000e-10	1.00000000e-10	0.00000000e+00	1.16963232e-16
4.89000000e+01	4.11136151e+01	-4.45758417e+05	-1.73496952e+04	1.00000000e-09	1.00000000e-09	1.00000000e-10	1.00000000e-10	0.00000000e+00	1.07531379e-16
4.90000000e+01	4.11976920e+01	-4.05202622e+05	-1.57711929e+04	1.29273767e+03	1.00000000e-09	1.29273767e+02	1.00000000e-10	1.24730224e+08	9.88601065e-17
4.91000000e+01	4.12817689e+01	-3.64646828e+05	-1.41926907e+04	2.83634449e+03	1.00000000e-09	2.83634449e+02	1.00000000e-10	2.73665640e+08	9.08880802e-17
4.92000000e+01	4.13658459e+01	-3.24091033e+05	-1.26141884e+04	1.00000000e-09	1.00000000e-09	1.00000000e-10	1.00000000e-10	0.00000000e+00	8.35589140e-17
4.93000000e+01	4.14499228e+01	-2.83546129e+05	-1.10361100e+04	1.00000000e-09	1.00000000e-09	1.00000000e-10	1.00000000e-10	0.00000000e+00	7.68207678e-17
4.94000000e+01	4.15339997e+01	-2.43025328e+05	-9.45896971e+03	7.56239303e+02	1.00000000e-09	7.56239303e+01	1.00000000e-10	7.29660003e+07	7.06259821e-17
4.95000000e+01	4.16180766e+01	-2.02504526e+05	-7.88182943e+03	3.03158113e+03	1.00000000e-09	3.03158113e+02	1.00000000e-10	2.92503112e+08	6.49307406e-17
4.96000000e+01	4.17021536e+01	-1.61983725e+05	-6.30468916e+03	1.00000000e-09	1.00000000e-09	1.00000000e-10	1.00000000e-10	0.00000000e+00	5.96947603e-17
4.97000000e+01	4.17862305e+01	-1.21468549e+05	-4.72776782e+03	1.00000000e-09	1.00000000e-09	1.00000000e-10	1.00000000e-10	0.00000000e+00	5.48810067e-17
4.98000000e+01	4.18703074e+01	-8.09790324e+04	-3.15184521e+03	1.87914163e+02	1.00000000e-09	1.87914163e+01	1.00000000e-10	1.81309604e+07	5.04554316e-17
4.99000000e+01	4.19543843e+01	-4.04895162e+04	-1.57592261e+03	3.11897403e+03	1.00000000e-09	3.11897403e+02	1.00000000e-10	3.00935245e+08	4.63867326e-17
5.00000000e+01	4.20384612e+01	0.00000000e+00	0.00000000e+00	1.00000000e+01	1.00000000e+01	1.00000000e+00	1.00000000e+00	0.00000000e+00	4.26461312e-17
