# 1D PNP Solver Results
# Debye length: 1.18939 nm
# Surface potential: 100 mV
# Bulk concentration: 10 mol/m^3
# Thermal voltage: 25.6926 mV
# Grid: non-uniform with stretching factor 1
#
# Columns:
# 1: x [nm]
# 2: x/lambda_D [-]
# 3: phi [mV]
# 4: phi_normalized = e*phi/(kB*T) [-]
# 5: c+ [mol/m^3]
# 6: c- [mol/m^3]
# 7: c+/c0 [-]
# 8: c-/c0 [-]
# 9: rho [C/m^3]
# 10: phi_GC [mV] (Gouy-Chapman analytical)
0.00000000e+00	0.00000000e+00	1.00000000e+02	3.89217445e+00	1.00000000e-09	1.87975795e+05	1.00000000e-10	1.87975795e+04	-1.81369070e+10	1.00000000e+02
1.00000000e-01	8.40769225e-02	1.50174791e+04	5.84506484e+02	1.00000000e-09	1.00000000e-09	1.00000000e-10	1.00000000e-10	0.00000000e+00	8.70576373e+01
2.00000000e-01	1.68153845e-01	2.99349581e+04	1.16512079e+03	8.22554992e+05	1.00000000e-09	8.22554992e+04	1.00000000e-10	7.93644916e+10	7.68715638e+01
3.00000000e-01	2.52230767e-01	4.48524372e+04	1.74573510e+03	2.87670465e+05	2.44893018e+02	2.87670465e+04	2.44893018e+01	2.77323518e+10	6.85207345e+01
4.00000000e-01	3.36307690e-01	5.97979886e+04	2.32744203e+03	1.00000000e-09	7.45915244e+04	1.00000000e-10	7.45915244e+03	-7.19698800e+09	6.14862309e+01
5.00000000e-01	4.20384612e-01	8.63654335e+04	3.36149334e+03	1.00000000e-09	1.00000000e-09	1.00000000e-10	1.00000000e-10	0.00000000e+00	5.54461690e+01
6.00000000e-01	5.04461535e-01	1.12932878e+05	4.39554464e+03	7.48691340e+05	1.00000000e-09	7.48691340e+04	1.00000000e-10	7.22377326e+10	5.01866549e+01
7.00000000e-01	5.88538457e-01	1.39500323e+05	5.42959594e+03	3.08848074e+05	3.00337528e+02	3.08848074e+04	3.00337528e+01	2.97703309e+10	4.55579535e+01
8.00000000e-01	6.72615380e-01	1.66126963e+05	6.46595121e+03	1.00000000e-09	4.88032277e+04	1.00000000e-10	4.88032277e+03	-4.70879563e+09	4.14508515e+01
9.00000000e-01	7.56692302e-01	2.04389776e+05	7.95520665e+03	1.00000000e-09	1.00000000e-09	1.00000000e-10	1.00000000e-10	0.00000000e+00	3.77829914e+01
1.00000000e+00	8.40769225e-01	2.42652590e+05	9.44446210e+03	6.99560074e+05	1.00000000e-09	6.99560074e+04	1.00000000e-10	6.74972861e+10	3.44905241e+01
1.10000000e+00	9.24846147e-01	2.80915403e+05	1.09337175e+04	3.10057545e+05	3.35599362e+02	3.10057545e+04	3.35599362e+01	2.98836248e+10	3.15227780e+01
1.20000000e+00	1.00892307e+00	3.19272147e+05	1.24266289e+04	1.00000000e-09	3.62833441e+04	1.00000000e-10	3.62833441e+03	-3.50081050e+09	2.88387272e+01
1.30000000e+00	1.09299999e+00	3.69291985e+05	1.43734883e+04	1.00000000e-09	1.00000000e-09	1.00000000e-10	1.00000000e-10	0.00000000e+00	2.64045776e+01
1.40000000e+00	1.17707691e+00	4.19311823e+05	1.63203477e+04	6.63079352e+05	1.00000000e-09	6.63079352e+04	1.00000000e-10	6.39774315e+10	2.41920729e+01
1.50000000e+00	1.26115384e+00	4.69331661e+05	1.82672070e+04	3.06598526e+05	3.66261935e+02	3.06598526e+04	3.66261935e+01	2.95469217e+10	2.21772778e+01
1.60000000e+00	1.34523076e+00	5.19484503e+05	2.02192431e+04	1.00000000e-09	2.89038061e+04	1.00000000e-10	2.89038061e+03	-2.78879333e+09	2.03396868e+01
1.70000000e+00	1.42930768e+00	5.81342819e+05	2.26268767e+04	1.00000000e-09	1.00000000e-09	1.00000000e-10	1.00000000e-10	0.00000000e+00	1.86615585e+01
1.80000000e+00	1.51338460e+00	6.43201136e+05	2.50345103e+04	6.34175834e+05	1.00000000e-09	6.34175834e+04	1.00000000e-10	6.11886660e+10	1.71274116e+01
1.90000000e+00	1.59746153e+00	7.05059453e+05	2.74421439e+04	3.01736277e+05	3.96789151e+02	3.01736277e+04	3.96789151e+01	2.90748405e+10	1.57236358e+01
2.00000000e+00	1.68153845e+00	7.67095126e+05	2.98566805e+04	1.00000000e-09	2.40538422e+04	1.00000000e-10	2.40538422e+03	-2.32084296e+09	1.44381886e+01
2.10000000e+00	1.76561537e+00	8.40897867e+05	3.27292119e+04	1.00000000e-09	1.00000000e-09	1.00000000e-10	1.00000000e-10	0.00000000e+00	1.32603556e+01
2.20000000e+00	1.84969229e+00	9.14700608e+05	3.56017433e+04	6.10285471e+05	1.00000000e-09	6.10285471e+04	1.00000000e-10	5.88835964e+10	1.21805577e+01
2.30000000e+00	1.93376922e+00	9.88503349e+05	3.84742748e+04	2.96452267e+05	4.29378697e+02	2.96452267e+04	4.29378697e+01	2.85618667e+10	1.11901960e+01
2.40000000e+00	2.01784614e+00	1.06253434e+06	4.13556903e+04	1.00000000e-09	2.06392055e+04	1.00000000e-10	2.06392055e+03	-1.99138059e+09	1.02815237e+01
2.50000000e+00	2.10192306e+00	1.14841833e+06	4.46984447e+04	1.00000000e-09	1.00000000e-09	1.00000000e-10	1.00000000e-10	0.00000000e+00	9.44754093e+00
2.60000000e+00	2.18599998e+00	1.23430231e+06	4.80411992e+04	5.89935571e+05	1.00000000e-09	5.89935571e+04	1.00000000e-10	5.69201295e+10	8.68190590e+00
2.70000000e+00	2.27007691e+00	1.32018629e+06	5.13839537e+04	2.91079487e+05	4.65711926e+02	2.91079487e+04	4.65711926e+01	2.80399666e+10	7.97886054e+00
2.80000000e+00	2.35415383e+00	1.40635772e+06	5.47378958e+04	1.00000000e-09	1.81224969e+04	1.00000000e-10	1.81224969e+03	-1.74855513e+09	7.33316685e+00
2.90000000e+00	2.43823075e+00	1.50449959e+06	5.85577486e+04	1.00000000e-09	1.00000000e-09	1.00000000e-10	1.00000000e-10	0.00000000e+00	6.74005227e+00
3.00000000e+00	2.52230767e+00	1.60264146e+06	6.23776014e+04	5.72201266e+05	1.00000000e-09	5.72201266e+04	1.00000000e-10	5.52090292e+10	6.19516235e+00
3.10000000e+00	2.60638460e+00	1.70078333e+06	6.61974543e+04	2.85721159e+05	5.07577537e+02	2.85721159e+04	5.07577537e+01	2.75189271e+10	5.69451955e+00
3.20000000e+00	2.69046152e+00	1.79928259e+06	7.00312172e+04	1.00000000e-09	1.62114362e+04	1.00000000e-10	1.62114362e+03	-1.56416581e+09	5.23448697e+00
3.30000000e+00	2.77453844e+00	1.90991186e+06	7.43371016e+04	1.00000000e-09	1.00000000e-09	1.00000000e-10	1.00000000e-10	0.00000000e+00	4.81173646e+00
3.40000000e+00	2.85861536e+00	2.02054114e+06	7.86429860e+04	5.56460866e+05	1.00000000e-09	5.56460866e+04	1.00000000e-10	5.36903114e+10	4.42322017e+00
3.50000000e+00	2.94269229e+00	2.13117042e+06	8.29488704e+04	2.80383867e+05	5.57303885e+02	2.80383867e+04	5.57303885e+01	2.69991588e+10	4.06614534e+00
3.60000000e+00	3.02676921e+00	2.24224145e+06	8.72719488e+04	1.00000000e-09	1.47371760e+04	1.00000000e-10	1.47371760e+03	-1.42192133e+09	3.73795159e+00
3.70000000e+00	3.11084613e+00	2.36566043e+06	9.20756310e+04	1.00000000e-09	1.00000000e-09	1.00000000e-10	1.00000000e-10	0.00000000e+00	3.43629058e+00
3.80000000e+00	3.19492305e+00	2.48907942e+06	9.68793132e+04	5.42271663e+05	1.00000000e-09	5.42271663e+04	1.00000000e-10	5.23212615e+10	3.15900770e+00
3.90000000e+00	3.27899998e+00	2.61249840e+06	1.01682995e+05	2.75023359e+05	6.18312199e+02	2.75023359e+04	6.18312199e+01	2.64760621e+10	2.90412542e+00
4.00000000e+00	3.36307690e+00	2.73646364e+06	1.06507938e+05	1.00000000e-09	1.36016371e+04	1.00000000e-10	1.36016371e+03	-1.31235848e+09	2.66982829e+00
4.10000000e+00	3.44715382e+00	2.87307970e+06	1.11825274e+05	1.00000000e-09	1.00000000e-09	1.00000000e-10	1.00000000e-10	0.00000000e+00	2.45444929e+00
4.20000000e+00	3.53123074e+00	3.00969577e+06	1.17142610e+05	5.29299947e+05	1.00000000e-09	5.29299947e+04	1.00000000e-10	5.10696812e+10	2.25645740e+00
4.30000000e+00	3.61530767e+00	3.14631183e+06	1.22459945e+05	2.69556106e+05	6.96099226e+02	2.69556106e+04	6.96099226e+01	2.59410470e+10	2.07444628e+00
4.40000000e+00	3.69938459e+00	3.28360814e+06	1.27803757e+05	1.00000000e-09	1.27558926e+04	1.00000000e-10	1.27558926e+03	-1.23075654e+09	1.90712395e+00
4.50000000e+00	3.78346151e+00	3.43399033e+06	1.33656894e+05	1.00000000e-09	1.00000000e-09	1.00000000e-10	1.00000000e-10	0.00000000e+00	1.75330334e+00
4.60000000e+00	3.86753843e+00	3.58437253e+06	1.39510032e+05	5.17276406e+05	1.00000000e-09	5.17276406e+04	1.00000000e-10	4.99095859e+10	1.61189369e+00
4.70000000e+00	3.95161536e+00	3.73475473e+06	1.45363169e+05	2.63849610e+05	8.00278650e+02	2.63849610e+04	8.00278650e+01	2.53804021e+10	1.48189263e+00
4.80000000e+00	4.03569228e+00	3.88599735e+06	1.51249796e+05	1.00000000e-09	1.22003613e+04	1.00000000e-10	1.22003613e+03	-1.17715591e+09	1.36237899e+00
4.90000000e+00	4.11976920e+00	4.05098727e+06	1.57671491e+05	1.00000000e-09	1.00000000e-09	1.00000000e-10	1.00000000e-10	0.00000000e+00	1.25250612e+00
5.00000000e+00	4.20384612e+00	4.21597718e+06	1.64093187e+05	5.05961386e+05	1.00000000e-09	5.05961386e+04	1.00000000e-10	4.88178524e+10	1.15149587e+00
5.10000000e+00	4.28792305e+00	4.38096710e+06	1.70514882e+05	2.57683585e+05	9.49194282e+02	2.57683585e+04	9.49194282e+01	2.47711030e+10	1.05863300e+00
5.20000000e+00	4.37199997e+00	4.54707644e+06	1.76980147e+05	1.00000000e-09	1.20235657e+04	1.00000000e-10	1.20235657e+03	-1.16009773e+09	9.73260072e-01
5.30000000e+00	4.45607689e+00	4.72804467e+06	1.84023747e+05	1.00000000e-09	1.00000000e-09	1.00000000e-10	1.00000000e-10	0.00000000e+00	8.94772759e-01
5.40000000e+00	4.54015381e+00	4.90901290e+06	1.91067346e+05	4.95107500e+05	1.00000000e-09	4.95107500e+04	1.00000000e-10	4.77706115e+10	8.22615544e-01
5.50000000e+00	4.62423074e+00	5.08998114e+06	1.98110945e+05	2.50633234e+05	1.17794823e+03	2.50633234e+04	1.17794823e+02	2.40687761e+10	7.56277766e-01
5.60000000e+00	4.70830766e+00	5.27247330e+06	2.05213859e+05	1.00000000e-09	1.26097480e+04	1.00000000e-10	1.26097480e+03	-1.21665572e+09	6.95289988e-01
5.70000000e+00	4.79238458e+00	5.47211101e+06	2.12984107e+05	1.00000000e-09	1.00000000e-09	1.00000000e-10	1.00000000e-10	0.00000000e+00	6.39220665e-01
5.80000000e+00	4.87646150e+00	5.67174872e+06	2.20754354e+05	4.84415154e+05	1.00000000e-09	4.84415154e+04	1.00000000e-10	4.67389571e+10	5.87673079e-01
5.90000000e+00	4.96053843e+00	5.87138643e+06	2.28524602e+05	2.41615474e+05	1.32673752e+03	2.41615474e+04	1.32673752e+02	2.31843386e+10	5.40282524e-01
6.00000000e+00	5.04461535e+00	6.07291739e+06	2.36368539e+05	1.00000000e-09	1.68602730e+04	1.00000000e-10	1.68602730e+03	-1.62676904e+09	4.96713722e-01
6.10000000e+00	5.12869227e+00	6.29882759e+06	2.45161358e+05	1.00000000e-09	1.11864461e+03	1.00000000e-10	1.11864461e+02	-1.07932796e+08	4.56658442e-01
6.20000000e+00	5.21276919e+00	6.51551379e+06	2.53595163e+05	4.80099600e+05	1.00000000e-09	4.80099600e+04	1.00000000e-10	4.63225694e+10	4.19833321e-01
6.30000000e+00	5.29684612e+00	6.73148013e+06	2.62000950e+05	2.28034442e+05	1.00000000e-09	2.28034442e+04	1.00000000e-10	2.20019789e+10	3.85977854e-01
6.40000000e+00	5.38092304e+00	6.94744648e+06	2.70406737e+05	1.00000000e-09	7.96354449e+02	1.00000000e-10	7.96354449e+01	-7.68365235e+07	3.54852548e-01
6.50000000e+00	5.46499996e+00	7.16463926e+06	2.78860259e+05	1.00000000e-09	5.73549925e+02	1.00000000e-10	5.73549925e+01	-5.53391550e+07	3.26237227e-01
6.60000000e+00	5.54907688e+00	7.37899459e+06	2.87203342e+05	4.76013818e+05	1.00000000e-09	4.76013818e+04	1.00000000e-10	4.59283513e+10	2.99929475e-01
6.70000000e+00	5.63315381e+00	7.59250792e+06	2.95513653e+05	2.37922684e+05	1.00000000e-09	2.37922684e+04	1.00000000e-10	2.29560492e+10	2.75743201e-01
6.80000000e+00	5.71723073e+00	7.80602126e+06	3.03823965e+05	1.00000000e-09	7.70894850e+00	1.00000000e-10	7.70894850e-01	-7.43800457e+05	2.53507323e-01
6.90000000e+00	5.80130765e+00	8.01954630e+06	3.12134732e+05	1.00000000e-09	3.24313421e+00	1.00000000e-10	3.24313421e-01	-3.12914881e+05	2.33064554e-01
7.00000000e+00	5.88538457e+00	8.22937614e+06	3.20301675e+05	4.73511365e+05	1.00000000e-09	4.73511365e+04	1.00000000e-10	4.56869013e+10	2.14270296e-01
7.10000000e+00	5.96946150e+00	8.43826838e+06	3.28432126e+05	2.49250284e+05	1.00000000e-09	2.49250284e+04	1.00000000e-10	2.40489965e+10	1.96991610e-01
7.20000000e+00	6.05353842e+00	8.64716063e+06	3.36562577e+05	1.00000000e-09	2.38827953e+00	1.00000000e-10	2.38827953e-01	-2.30433943e+05	1.81106277e-01
7.30000000e+00	6.13761534e+00	8.85605642e+06	3.44693165e+05	1.00000000e-09	2.23095577e+00	1.00000000e-10	2.23095577e-01	-2.15254509e+05	1.66501937e-01
7.40000000e+00	6.22169226e+00	9.06127031e+06	3.52680448e+05	4.70612617e+05	1.00000000e-09	4.70612617e+04	1.00000000e-10	4.54072146e+10	1.53075289e-01
7.50000000e+00	6.30576919e+00	9.26544835e+06	3.60627413e+05	2.60812564e+05	1.00000000e-09	2.60812564e+04	1.00000000e-10	2.51645868e+10	1.40731363e-01
7.60000000e+00	6.38984611e+00	9.46962640e+06	3.68574379e+05	1.00000000e-09	6.23910695e-01	1.00000000e-10	6.23910695e-02	-6.01982305e+04	1.29382849e-01
7.70000000e+00	6.47392303e+00	9.67380534e+06	3.76521380e+05	1.00000000e-09	2.81805317e+00	1.00000000e-10	2.81805317e-01	-2.71900796e+05	1.18949475e-01
7.80000000e+00	6.55799995e+00	9.87432090e+06	3.84325795e+05	4.67276794e+05	9.16816217e-01	4.67276794e+04	9.16816217e-02	4.50852682e+10	1.09357445e-01
7.90000000e+00	6.64207688e+00	1.00737034e+07	3.92086110e+05	2.72619244e+05	1.00000000e-09	2.72619244e+04	1.00000000e-10	2.63037583e+10	1.00538914e-01
8.00000000e+00	6.72615380e+00	1.02730859e+07	3.99846425e+05	1.00000000e-09	1.00000000e-09	1.00000000e-10	1.00000000e-10	0.00000000e+00	9.24315047e-02
8.10000000e+00	6.81023072e+00	1.04724684e+07	4.07606740e+05	1.00000000e-09	1.96090078e-02	1.00000000e-10	1.96090078e-03	-1.89198153e+03	8.49778740e-02
8.20000000e+00	6.89430764e+00	1.06682115e+07	4.15225403e+05	4.63469229e+05	2.47329504e-02	4.63469229e+04	2.47329504e-03	4.47179801e+10	7.81253008e-02
8.30000000e+00	6.97838457e+00	1.08627170e+07	4.22795896e+05	2.84689767e+05	1.00000000e-09	2.84689767e+04	1.00000000e-10	2.74683867e+10	7.18253161e-02
8.40000000e+00	7.06246149e+00	1.10572225e+07	4.30366390e+05	1.00000000e-09	1.00000000e-09	1.00000000e-10	1.00000000e-10	0.00000000e+00	6.60333593e-02
8.50000000e+00	7.14653841e+00	1.12517280e+07	4.37936883e+05	1.00000000e-09	7.00302625e-04	1.00000000e-10	7.00302625e-05	-6.75688348e+01	6.07084632e-02
8.60000000e+00	7.23061533e+00	1.14426209e+07	4.45366766e+05	4.59140853e+05	2.04329254e-02	4.59140853e+04	2.04329254e-03	4.43003558e+10	5.58129641e-02
8.70000000e+00	7.31469226e+00	1.16321725e+07	4.52744446e+05	2.97040909e+05	2.72991530e-03	2.97040909e+04	2.72991530e-04	2.86600905e+10	5.13122357e-02
8.80000000e+00	7.39876918e+00	1.18217241e+07	4.60122125e+05	1.00000000e-09	1.00000000e-09	1.00000000e-10	1.00000000e-10	0.00000000e+00	4.71744438e-02
8.90000000e+00	7.48284610e+00	1.20112757e+07	4.67499805e+05	1.00000000e-09	1.00000000e-09	1.00000000e-10	1.00000000e-10	0.00000000e+00	4.33703214e-02
9.00000000e+00	7.56692302e+00	1.21972449e+07	4.74738049e+05	4.54242593e+05	1.22683563e-02	4.54242593e+04	1.22683563e-03	4.38277463e+10	3.98729614e-02
9.10000000e+00	7.65099995e+00	1.23817688e+07	4.81920044e+05	3.09693273e+05	1.79171367e-02	3.09693273e+04	1.79171367e-03	2.98808566e+10	3.66576268e-02
9.20000000e+00	7.73507687e+00	1.25662928e+07	4.89102039e+05	1.00000000e-09	1.09488558e-03	1.00000000e-10	1.09488558e-04	-1.05640302e+02	3.37015752e-02
9.30000000e+00	7.81915379e+00	1.27508168e+07	4.96284035e+05	1.00000000e-09	1.00000000e-09	1.00000000e-10	1.00000000e-10	0.00000000e+00	3.09838980e-02
9.40000000e+00	7.90323071e+00	1.29317925e+07	5.03327923e+05	4.48719260e+05	1.00000000e-09	4.48719260e+04	1.00000000e-10	4.32948269e+10	2.84853728e-02
9.50000000e+00	7.98730764e+00	1.31112187e+07	5.10311503e+05	3.22668554e+05	5.12597681e-04	3.22668554e+04	5.12597681e-05	3.11327826e+10	2.61883275e-02
9.60000000e+00	8.07138456e+00	1.32906448e+07	5.17295083e+05	1.00000000e-09	5.06353594e-04	1.00000000e-10	5.06353594e-05	-4.88555982e+01	2.40765146e-02
9.70000000e+00	8.15546148e+00	1.34700710e+07	5.24278662e+05	1.00000000e-09	1.00000000e-09	1.00000000e-10	1.00000000e-10	0.00000000e+00	2.21349973e-02
9.80000000e+00	8.23953840e+00	1.36459872e+07	5.31125629e+05	4.42509155e+05	1.00000000e-09	4.42509155e+04	1.00000000e-10	4.26956428e+10	2.03500429e-02
9.90000000e+00	8.32361533e+00	1.38202491e+07	5.37908202e+05	3.35989607e+05	5.76450814e-05	3.35989607e+04	5.76450814e-06	3.24180689e+10	1.87090262e-02
1.00000000e+01	8.40769225e+00	1.39945109e+07	5.44690776e+05	1.00000000e-09	6.31498402e-04	1.00000000e-10	6.31498402e-05	-6.09302366e+01	1.72003403e-02
1.01000000e+01	8.49176917e+00	1.41687727e+07	5.51473350e+05	1.00000000e-09	2.11198280e-04	1.00000000e-10	2.11198280e-05	-2.03774397e+01	1.58133140e-02
1.02000000e+01	8.57584609e+00	1.43395675e+07	5.58120984e+05	4.35542879e+05	1.00000000e-09	4.35542879e+04	1.00000000e-10	4.20234994e+10	1.45381368e-02
1.03000000e+01	8.65992302e+00	1.45086024e+07	5.64700115e+05	3.49680499e+05	1.00000000e-09	3.49680499e+04	1.00000000e-10	3.37390391e+10	1.33657892e-02
1.04000000e+01	8.74399994e+00	1.46776372e+07	5.71279246e+05	1.00000000e-09	1.93332398e-05	1.00000000e-10	1.93332398e-06	-1.86527758e+00	1.22879791e-02
1.05000000e+01	8.82807686e+00	1.48466721e+07	5.77858377e+05	1.00000000e-09	1.55557063e-05	1.00000000e-10	1.55557063e-06	-1.50080100e+00	1.12970830e-02
1.06000000e+01	8.91215378e+00	1.50122879e+07	5.84304434e+05	4.27742614e+05	1.00000000e-09	4.27742614e+04	1.00000000e-10	4.12708881e+10	1.03860923e-02
1.07000000e+01	8.99623071e+00	1.51760374e+07	5.90677848e+05	3.63766489e+05	1.00000000e-09	3.63766489e+04	1.00000000e-10	3.50981306e+10	9.54856333e-03
1.08000000e+01	9.08030763e+00	1.53397868e+07	5.97051263e+05	1.00000000e-09	8.21715326e-06	1.00000000e-10	8.21715326e-07	-7.92738276e-01	8.77857228e-03
1.09000000e+01	9.16438455e+00	1.55035363e+07	6.03424678e+05	1.00000000e-09	1.07248018e-05	1.00000000e-10	1.07248018e-06	-1.03468958e+00	8.07067289e-03
1.10000000e+01	9.24846147e+00	1.56639199e+07	6.09667088e+05	4.19020947e+05	1.00000000e-09	4.19020947e+04	1.00000000e-10	4.04293752e+10	7.41985814e-03
1.11000000e+01	9.33253840e+00	1.58223300e+07	6.15832687e+05	3.78273992e+05	1.00000000e-09	3.78273992e+04	1.00000000e-10	3.64978917e+10	6.82152474e-03
1.12000000e+01	9.41661532e+00	1.59807402e+07	6.21998286e+05	1.00000000e-09	5.44495838e-06	1.00000000e-10	5.44495838e-07	-5.25262133e-01	6.27144062e-03
1.13000000e+01	9.50069224e+00	1.61391503e+07	6.28163885e+05	1.00000000e-09	9.81624109e-06	1.00000000e-10	9.81624109e-07	-9.47026796e-01	5.76571500e-03
1.14000000e+01	9.58476916e+00	1.62942534e+07	6.34200768e+05	4.09279631e+05	1.00000000e-09	4.09279631e+04	1.00000000e-10	3.94894812e+10	5.30077082e-03
1.15000000e+01	9.66884609e+00	1.64472751e+07	6.40156637e+05	3.93230489e+05	1.00000000e-09	3.93230489e+04	1.00000000e-10	3.79409743e+10	4.87331949e-03
1.16000000e+01	9.75292301e+00	1.66002967e+07	6.46112506e+05	1.00000000e-09	4.16449193e-06	1.00000000e-10	4.16449193e-07	-4.01715902e-01	4.48033760e-03
1.17000000e+01	9.83699993e+00	1.67533183e+07	6.52068375e+05	1.00000000e-09	1.10430769e-05	1.00000000e-10	1.10430769e-06	-1.06539845e+00	4.11904557e-03
1.18000000e+01	9.92107685e+00	1.69030977e+07	6.57898048e+05	3.98408148e+05	1.00000000e-09	3.98408148e+04	1.00000000e-10	3.84405425e+10	3.78688794e-03
1.19000000e+01	1.00051538e+01	1.70506867e+07	6.63642469e+05	4.08664380e+05	1.00000000e-09	4.08664380e+04	1.00000000e-10	3.94301185e+10	3.48151531e-03
1.20000000e+01	1.00892307e+01	1.71982757e+07	6.69386891e+05	1.00000000e-09	1.00000000e-09	1.00000000e-10	1.00000000e-10	0.00000000e+00	3.20076778e-03
1.21000000e+01	1.01733076e+01	1.73458647e+07	6.75131312e+05	1.00000000e-09	1.00000000e-09	1.00000000e-10	1.00000000e-10	0.00000000e+00	2.94265957e-03
1.22000000e+01	1.02573845e+01	1.74902825e+07	6.80752305e+05	3.86282082e+05	1.13385161e-06	3.86282082e+04	1.13385161e-07	3.72705550e+10	2.70536508e-03
1.23000000e+01	1.03414615e+01	1.76324001e+07	6.86283771e+05	4.24604737e+05	3.75685532e-07	4.24604737e+04	3.75685532e-08	4.09681291e+10	2.48720588e-03
1.24000000e+01	1.04255384e+01	1.77745177e+07	6.91815238e+05	1.00000000e-09	1.00000000e-09	1.00000000e-10	1.00000000e-10	0.00000000e+00	2.28663893e-03
1.25000000e+01	1.05096153e+01	1.79166354e+07	6.97346704e+05	1.00000000e-09	1.00000000e-09	1.00000000e-10	1.00000000e-10	0.00000000e+00	2.10224558e-03
1.26000000e+01	1.05936922e+01	1.80556597e+07	7.02757772e+05	3.72761314e+05	3.62834079e-07	3.72761314e+04	3.62834079e-08	3.59659992e+10	1.93272162e-03
1.27000000e+01	1.06777692e+01	1.81922730e+07	7.08075000e+05	4.41080912e+05	2.21980165e-07	4.41080912e+04	2.21980165e-08	4.25578383e+10	1.77686798e-03
1.28000000e+01	1.07618461e+01	1.83288863e+07	7.13392228e+05	1.00000000e-09	1.00000000e-09	1.00000000e-10	1.00000000e-10	0.00000000e+00	1.63358230e-03
1.29000000e+01	1.08459230e+01	1.84654996e+07	7.18709456e+05	1.00000000e-09	1.00000000e-09	1.00000000e-10	1.00000000e-10	0.00000000e+00	1.50185109e-03
1.30000000e+01	1.09299999e+01	1.85991046e+07	7.23909597e+05	3.57688002e+05	2.83465983e-07	3.57688002e+04	2.83465983e-08	3.45116457e+10	1.38074262e-03
1.31000000e+01	1.10140768e+01	1.87301868e+07	7.29011544e+05	4.58121967e+05	2.06479334e-07	4.58121967e+04	2.06479334e-08	4.42020501e+10	1.26940027e-03
1.32000000e+01	1.10981538e+01	1.88612689e+07	7.34113491e+05	1.00000000e-09	1.00000000e-09	1.00000000e-10	1.00000000e-10	0.00000000e+00	1.16703651e-03
1.33000000e+01	1.11822307e+01	1.89923511e+07	7.39215437e+05	1.00000000e-09	1.00000000e-09	1.00000000e-10	1.00000000e-10	0.00000000e+00	1.07292731e-03
1.34000000e+01	1.12663076e+01	1.91205178e+07	7.44203907e+05	3.40884376e+05	1.00000000e-09	3.40884376e+04	1.00000000e-10	3.28903422e+10	9.86407027e-04
1.35000000e+01	1.13503845e+01	1.92460486e+07	7.49089786e+05	4.75755829e+05	1.00000000e-09	4.75755829e+04	1.00000000e-10	4.59034592e+10	9.06863691e-04
1.36000000e+01	1.14344615e+01	1.93715794e+07	7.53975665e+05	1.00000000e-09	5.12378338e-09	1.00000000e-10	5.12378338e-10	-3.97884609e-04	8.33734687e-04
1.37000000e+01	1.15185384e+01	1.94971103e+07	7.58861545e+05	1.00000000e-09	3.18139652e-09	1.00000000e-10	3.18139652e-10	-2.10472767e-04	7.66502767e-04
1.38000000e+01	1.16026153e+01	1.96198265e+07	7.63637876e+05	3.22150343e+05	1.00000000e-09	3.22150343e+04	1.00000000e-10	3.10827828e+10	7.04692393e-04
1.39000000e+01	1.16866922e+01	1.97397930e+07	7.68307178e+05	4.94008074e+05	1.00000000e-09	4.94008074e+04	1.00000000e-10	4.76645331e+10	6.47866374e-04
1.40000000e+01	1.17707691e+01	1.98597594e+07	7.72976481e+05	1.00000000e-09	1.52246108e-09	1.00000000e-10	1.52246108e-10	-5.04098305e-05	5.95622776e-04
1.41000000e+01	1.18548461e+01	1.99797258e+07	7.77645784e+05	1.00000000e-09	2.09873267e-09	1.00000000e-10	2.09873267e-10	-1.06011587e-04	5.47592073e-04
1.42000000e+01	1.19389230e+01	2.00969873e+07	7.82209805e+05	3.01260972e+05	1.00000000e-09	3.01260972e+04	1.00000000e-10	2.90672650e+10	5.03434541e-04
1.43000000e+01	1.20229999e+01	2.02113839e+07	7.86662320e+05	5.12900176e+05	1.00000000e-09	5.12900176e+04	1.00000000e-10	4.94873438e+10	4.62837848e-04
1.44000000e+01	1.21070768e+01	2.03257805e+07	7.91114835e+05	1.00000000e-09	1.00000000e-09	1.00000000e-10	1.00000000e-10	0.00000000e+00	4.25514851e-04
1.45000000e+01	1.21911538e+01	2.04401771e+07	7.95567349e+05	1.00000000e-09	2.21123241e-09	1.00000000e-10	2.21123241e-10	-1.16866161e-04	3.91201561e-04
1.46000000e+01	1.22752307e+01	2.05519875e+07	7.99919207e+05	2.77963920e+05	1.00000000e-09	2.77963920e+04	1.00000000e-10	2.68194411e+10	3.59655276e-04
1.47000000e+01	1.23593076e+01	2.06608171e+07	8.04155043e+05	5.32447024e+05	1.00000000e-09	5.32447024e+04	1.00000000e-10	5.13733279e+10	3.30652866e-04
1.48000000e+01	1.24433845e+01	2.07696466e+07	8.08390880e+05	1.00000000e-09	1.00000000e-09	1.00000000e-10	1.00000000e-10	0.00000000e+00	3.03989196e-04
1.49000000e+01	1.25274615e+01	2.08784762e+07	8.12626716e+05	1.00000000e-09	1.00000000e-09	1.00000000e-10	1.00000000e-10	0.00000000e+00	2.79475669e-04
1.50000000e+01	1.26115384e+01	2.09848481e+07	8.16766897e+05	2.51976940e+05	1.00000000e-09	2.51976940e+04	1.00000000e-10	2.43120787e+10	2.56938901e-04
1.51000000e+01	1.26956153e+01	2.10881224e+07	8.20786511e+05	5.52653378e+05	1.00000000e-09	5.52653378e+04	1.00000000e-10	5.33229447e+10	2.36219485e-04
1.52000000e+01	1.27796922e+01	2.11913966e+07	8.24806125e+05	1.00000000e-09	1.00000000e-09	1.00000000e-10	1.00000000e-10	0.00000000e+00	2.17170872e-04
1.53000000e+01	1.28637691e+01	2.12946709e+07	8.28825738e+05	1.00000000e-09	1.00000000e-09	1.00000000e-10	1.00000000e-10	0.00000000e+00	1.99658328e-04
1.54000000e+01	1.29478461e+01	2.13956262e+07	8.32755095e+05	2.22985710e+05	1.00000000e-09	2.22985710e+04	1.00000000e-10	2.15148503e+10	1.83557987e-04
1.55000000e+01	1.30319230e+01	2.14933664e+07	8.36559316e+05	5.73508852e+05	1.00000000e-09	5.73508852e+04	1.00000000e-10	5.53351921e+10	1.68755969e-04
1.56000000e+01	1.31159999e+01	2.15911067e+07	8.40363537e+05	1.00000000e-09	1.00000000e-09	1.00000000e-10	1.00000000e-10	0.00000000e+00	1.55147578e-04
1.57000000e+01	1.32000768e+01	2.16888469e+07	8.44167758e+05	1.00000000e-09	1.00000000e-09	1.00000000e-10	1.00000000e-10	0.00000000e+00	1.42636560e-04
1.58000000e+01	1.32841538e+01	2.17844175e+07	8.47887533e+05	1.90642298e+05	1.00000000e-09	1.90642298e+04	1.00000000e-10	1.83941854e+10	1.31134424e-04
1.59000000e+01	1.33682307e+01	2.18766555e+07	8.51477596e+05	5.94980790e+05	1.00000000e-09	5.94980790e+04	1.00000000e-10	5.74069192e+10	1.20559814e-04
1.60000000e+01	1.34523076e+01	2.19688935e+07	8.55067658e+05	1.00000000e-09	1.00000000e-09	1.00000000e-10	1.00000000e-10	0.00000000e+00	1.10837935e-04
1.61000000e+01	1.35363845e+01	2.20611314e+07	8.58657721e+05	1.00000000e-09	1.00000000e-09	1.00000000e-10	1.00000000e-10	0.00000000e+00	1.01900023e-04
1.62000000e+01	1.36204614e+01	2.21513600e+07	8.62169572e+05	1.54564794e+05	1.00000000e-09	1.54564794e+04	1.00000000e-10	1.49132355e+10	9.36828597e-05
1.63000000e+01	1.37045384e+01	2.22381386e+07	8.65547147e+05	6.17004159e+05	1.00000000e-09	6.17004159e+04	1.00000000e-10	5.95318512e+10	8.61283240e-05
1.64000000e+01	1.37886153e+01	2.23249172e+07	8.68924721e+05	1.00000000e-09	1.00000000e-09	1.00000000e-10	1.00000000e-10	0.00000000e+00	7.91829819e-05
1.65000000e+01	1.38726922e+01	2.24116958e+07	8.72302296e+05	1.00000000e-09	1.00000000e-09	1.00000000e-10	1.00000000e-10	0.00000000e+00	7.27977085e-05
1.66000000e+01	1.39567691e+01	2.24966362e+07	8.75608326e+05	1.14338876e+05	1.00000000e-09	1.14338876e+04	1.00000000e-10	1.10320244e+10	6.69273402e-05
1.67000000e+01	1.40408461e+01	2.25780104e+07	8.78775553e+05	6.39467211e+05	1.00000000e-09	6.39467211e+04	1.00000000e-10	6.16992062e+10	6.15303552e-05
1.68000000e+01	1.41249230e+01	2.26593847e+07	8.81942780e+05	1.00000000e-09	1.00000000e-09	1.00000000e-10	1.00000000e-10	0.00000000e+00	5.65685802e-05
1.69000000e+01	1.42089999e+01	2.27407589e+07	8.85110007e+05	1.00000000e-09	1.00000000e-09	1.00000000e-10	1.00000000e-10	0.00000000e+00	5.20069201e-05
1.70000000e+01	1.42930768e+01	2.28204773e+07	8.88212788e+05	6.95224365e+04	1.00000000e-09	6.95224365e+03	1.00000000e-10	6.70789538e+09	4.78131098e-05
1.71000000e+01	1.43771537e+01	2.28965152e+07	8.91172313e+05	6.62191149e+05	1.00000000e-09	6.62191149e+04	1.00000000e-10	6.38917330e+10	4.39574862e-05
1.72000000e+01	1.44612307e+01	2.29725530e+07	8.94131838e+05	1.00000000e-09	1.00000000e-09	1.00000000e-10	1.00000000e-10	0.00000000e+00	4.04127779e-05
1.73000000e+01	1.45453076e+01	2.30485908e+07	8.97091362e+05	1.00000000e-09	1.00000000e-09	1.00000000e-10	1.00000000e-10	0.00000000e+00	3.71539131e-05
1.74000000e+01	1.46293845e+01	2.31231661e+07	8.99993963e+05	1.96549484e+04	1.00000000e-09	1.96549484e+03	1.00000000e-10	1.89641422e+09	3.41578414e-05
1.75000000e+01	1.47134614e+01	2.31939492e+07	9.02748966e+05	6.84901762e+05	1.00000000e-09	6.84901762e+04	1.00000000e-10	6.60829740e+10	3.14033713e-05
1.76000000e+01	1.47975384e+01	2.32647324e+07	9.05503970e+05	5.20533964e+03	1.00000000e-09	5.20533964e+02	1.00000000e-10	5.02238924e+08	2.88710202e-05
1.77000000e+01	1.48816153e+01	2.33355155e+07	9.08258973e+05	1.00000000e-09	1.00000000e-09	1.00000000e-10	1.00000000e-10	0.00000000e+00	2.65428765e-05
1.78000000e+01	1.49656922e+01	2.34050398e+07	9.10964978e+05	1.00000000e-09	1.00000000e-09	1.00000000e-10	1.00000000e-10	0.00000000e+00	2.44024731e-05
1.79000000e+01	1.50497691e+01	2.34706643e+07	9.13519200e+05	7.07189996e+05	1.00000000e-09	7.07189996e+04	1.00000000e-10	6.82334616e+10	2.24346707e-05
1.80000000e+01	1.51338460e+01	2.35362889e+07	9.16073422e+05	6.34131565e+04	1.00000000e-09	6.34131565e+03	1.00000000e-10	6.11843947e+09	2.06255509e-05
1.81000000e+01	1.52179230e+01	2.36019134e+07	9.18627644e+05	1.00000000e-09	1.00000000e-09	1.00000000e-10	1.00000000e-10	0.00000000e+00	1.89623175e-05
1.82000000e+01	1.53019999e+01	2.36664925e+07	9.21141175e+05	1.00000000e-09	1.00000000e-09	1.00000000e-10	1.00000000e-10	0.00000000e+00	1.74332063e-05
1.83000000e+01	1.53860768e+01	2.37270695e+07	9.23498938e+05	7.28455983e+05	1.00000000e-09	7.28455983e+04	1.00000000e-10	7.02853174e+10	1.60274019e-05
1.84000000e+01	1.54701537e+01	2.37876466e+07	9.25856702e+05	1.27952604e+05	1.00000000e-09	1.27952604e+04	1.00000000e-10	1.23455495e+10	1.47349607e-05
1.85000000e+01	1.55542307e+01	2.38482236e+07	9.28214465e+05	1.00000000e-09	1.00000000e-09	1.00000000e-10	1.00000000e-10	0.00000000e+00	1.35467414e-05
1.86000000e+01	1.56383076e+01	2.39079780e+07	9.30540212e+05	1.00000000e-09	1.00000000e-09	1.00000000e-10	1.00000000e-10	0.00000000e+00	1.24543394e-05
1.87000000e+01	1.57223845e+01	2.39636343e+07	9.32706451e+05	7.47832267e+05	1.00000000e-09	7.47832267e+04	1.00000000e-10	7.21548447e+10	1.14500281e-05
1.88000000e+01	1.58064614e+01	2.40192905e+07	9.34872690e+05	1.99219186e+05	1.00000000e-09	1.99219186e+04	1.00000000e-10	1.92217294e+10	1.05267039e-05
1.89000000e+01	1.58905384e+01	2.40749468e+07	9.37038929e+05	1.00000000e-09	1.00000000e-09	1.00000000e-10	1.00000000e-10	0.00000000e+00	9.67783615e-06
1.90000000e+01	1.59746153e+01	2.41300092e+07	9.39182053e+05	1.00000000e-09	1.00000000e-09	1.00000000e-10	1.00000000e-10	0.00000000e+00	8.89742061e-06
1.91000000e+01	1.60586922e+01	2.41808846e+07	9.41162211e+05	7.64076521e+05	1.00000000e-09	7.64076521e+04	1.00000000e-10	7.37221769e+10	8.17993736e-06
1.92000000e+01	1.61427691e+01	2.42317599e+07	9.43142369e+05	2.77471310e+05	1.00000000e-09	2.77471310e+04	1.00000000e-10	2.67719115e+10	7.52031158e-06
1.93000000e+01	1.62268460e+01	2.42826353e+07	9.45122527e+05	1.00000000e-09	1.00000000e-09	1.00000000e-10	1.00000000e-10	0.00000000e+00	6.91387767e-06
1.94000000e+01	1.63109230e+01	2.43331527e+07	9.47088750e+05	1.00000000e-09	1.00000000e-09	1.00000000e-10	1.00000000e-10	0.00000000e+00	6.35634627e-06
1.95000000e+01	1.63949999e+01	2.43794025e+07	9.48888876e+05	7.75412983e+05	1.00000000e-09	7.75412983e+04	1.00000000e-10	7.48159792e+10	5.84377390e-06
1.96000000e+01	1.64790768e+01	2.44256524e+07	9.50689001e+05	3.62665635e+05	1.00000000e-09	3.62665635e+04	1.00000000e-10	3.49919143e+10	5.37253509e-06
1.97000000e+01	1.65631537e+01	2.44719022e+07	9.52489126e+05	1.00000000e-09	1.00000000e-09	1.00000000e-10	1.00000000e-10	0.00000000e+00	4.93929673e-06
1.98000000e+01	1.66472307e+01	2.45180386e+07	9.54284833e+05	1.00000000e-09	1.00000000e-09	1.00000000e-10	1.00000000e-10	0.00000000e+00	4.54099448e-06
1.99000000e+01	1.67313076e+01	2.45598371e+07	9.55911703e+05	7.79310472e+05	1.00000000e-09	7.79310472e+04	1.00000000e-10	7.51920297e+10	4.17481111e-06
2.00000000e+01	1.68153845e+01	2.46016356e+07	9.57538573e+05	4.54216104e+05	1.00000000e-09	4.54216104e+04	1.00000000e-10	4.38251916e+10	3.83815657e-06
2.01000000e+01	1.68994614e+01	2.46434340e+07	9.59165443e+05	1.00000000e-09	1.00000000e-09	1.00000000e-10	1.00000000e-10	0.00000000e+00	3.52864967e-06
2.02000000e+01	1.69835383e+01	2.46852325e+07	9.60792313e+05	1.00000000e-09	1.00000000e-09	1.00000000e-10	1.00000000e-10	0.00000000e+00	3.24410125e-06
2.03000000e+01	1.70676153e+01	2.47226351e+07	9.62248087e+05	7.72075509e+05	1.00000000e-09	7.72075509e+04	1.00000000e-10	7.44939619e+10	2.98249865e-06
2.04000000e+01	1.71516922e+01	2.47597804e+07	9.63693848e+05	5.55311190e+05	1.00000000e-09	5.55311190e+04	1.00000000e-10	5.35793846e+10	2.74199155e-06
2.05000000e+01	1.72357691e+01	2.47969258e+07	9.65139608e+05	1.00000000e-09	1.00000000e-09	1.00000000e-10	1.00000000e-10	0.00000000e+00	2.52087882e-06
2.06000000e+01	1.73198460e+01	2.48340711e+07	9.66585369e+05	1.00000000e-09	1.00000000e-09	1.00000000e-10	1.00000000e-10	0.00000000e+00	2.31759650e-06
2.07000000e+01	1.74039230e+01	2.48667777e+07	9.67858367e+05	7.47228439e+05	1.00000000e-09	7.47228439e+04	1.00000000e-10	7.20965841e+10	2.13070675e-06
2.08000000e+01	1.74879999e+01	2.48989538e+07	9.69110718e+05	6.71050560e+05	1.00000000e-09	6.71050560e+04	1.00000000e-10	6.47465361e+10	1.95888770e-06
2.09000000e+01	1.75720768e+01	2.49311299e+07	9.70363069e+05	1.00000000e-09	1.00000000e-09	1.00000000e-10	1.00000000e-10	0.00000000e+00	1.80092404e-06
2.10000000e+01	1.76561537e+01	2.49633060e+07	9.71615419e+05	1.00000000e-09	1.00000000e-09	1.00000000e-10	1.00000000e-10	0.00000000e+00	1.65569849e-06
2.11000000e+01	1.77402306e+01	2.49910198e+07	9.72694087e+05	6.92431428e+05	1.00000000e-09	6.92431428e+04	1.00000000e-10	6.68094763e+10	1.52218384e-06
2.12000000e+01	1.78243076e+01	2.50179121e+07	9.73740782e+05	8.06139717e+05	1.00000000e-09	8.06139717e+04	1.00000000e-10	7.77806583e+10	1.39943575e-06
2.13000000e+01	1.79083845e+01	2.50448044e+07	9.74787477e+05	1.00000000e-09	1.00000000e-09	1.00000000e-10	1.00000000e-10	0.00000000e+00	1.28658600e-06
2.14000000e+01	1.79924614e+01	2.50716967e+07	9.75834172e+05	1.00000000e-09	1.00000000e-09	1.00000000e-10	1.00000000e-10	0.00000000e+00	1.18283639e-06
2.15000000e+01	1.80765383e+01	2.50941273e+07	9.76707213e+05	5.82475892e+05	1.00000000e-09	5.82475892e+04	1.00000000e-10	5.62003799e+10	1.08745310e-06
2.16000000e+01	1.81606153e+01	2.51154241e+07	9.77536121e+05	9.66192635e+05	1.00000000e-09	9.66192635e+04	1.00000000e-10	9.32234173e+10	9.99761460e-07
2.17000000e+01	1.82446922e+01	2.51367209e+07	9.78365030e+05	1.00000000e-09	1.00000000e-09	1.00000000e-10	1.00000000e-10	0.00000000e+00	9.19141229e-07
2.18000000e+01	1.83287691e+01	2.51580177e+07	9.79193939e+05	1.00000000e-09	1.00000000e-09	1.00000000e-10	1.00000000e-10	0.00000000e+00	8.45022171e-07
2.19000000e+01	1.84128460e+01	2.51748849e+07	9.79850440e+05	3.58234050e+05	1.00000000e-09	3.58234050e+04	1.00000000e-10	3.45643313e+10	7.76880034e-07
2.20000000e+01	1.84969229e+01	2.51902804e+07	9.80449656e+05	1.15287752e+06	1.00000000e-09	1.15287752e+05	1.00000000e-10	1.11235771e+11	7.14232843e-07
2.21000000e+01	1.85809999e+01	2.52056758e+07	9.81048872e+05	1.00000000e-09	1.00000000e-09	1.00000000e-10	1.00000000e-10	0.00000000e+00	6.56637488e-07
2.22000000e+01	1.86650768e+01	2.52210712e+07	9.81648088e+05	1.00000000e-09	1.00000000e-09	1.00000000e-10	1.00000000e-10	0.00000000e+00	6.03686592e-07
2.23000000e+01	1.87491537e+01	2.52321093e+07	9.82077709e+05	1.00000000e-09	1.00000000e-09	1.00000000e-10	1.00000000e-10	0.00000000e+00	5.55005627e-07
2.24000000e+01	1.88332306e+01	2.52413078e+07	9.82435733e+05	1.31671629e+06	1.00000000e-09	1.31671629e+05	1.00000000e-10	1.27043808e+11	5.10250270e-07
2.25000000e+01	1.89173076e+01	2.52505064e+07	9.82793758e+05	5.22948579e+05	1.00000000e-09	5.22948579e+04	1.00000000e-10	5.04568673e+10	4.69103960e-07
2.26000000e+01	1.90013845e+01	2.52597049e+07	9.83151782e+05	1.00000000e-09	1.00000000e-09	1.00000000e-10	1.00000000e-10	0.00000000e+00	4.31275667e-07
2.27000000e+01	1.90854614e+01	2.52646703e+07	9.83345041e+05	1.00000000e-09	1.00000000e-09	1.00000000e-10	1.00000000e-10	0.00000000e+00	3.96497828e-07
2.28000000e+01	1.91695383e+01	2.52673948e+07	9.83451084e+05	1.88499457e+05	1.00000000e-09	1.88499457e+04	1.00000000e-10	1.81874327e+10	3.64524455e-07
2.29000000e+01	1.92536153e+01	2.52701193e+07	9.83557126e+05	1.99350237e+06	1.00000000e-09	1.99350237e+05	1.00000000e-10	1.92343738e+11	3.35129397e-07
2.30000000e+01	1.93376922e+01	2.52728438e+07	9.83663168e+05	1.69141117e+06	1.00000000e-09	1.69141117e+05	1.00000000e-10	1.63196369e+11	3.08104742e-07
2.31000000e+01	1.94217691e+01	2.52715257e+07	9.83611867e+05	9.61277959e+04	1.00000000e-09	9.61277959e+03	1.00000000e-10	9.27492231e+09	2.83259340e-07
2.32000000e+01	1.95058460e+01	2.52675290e+07	9.83456306e+05	1.00000000e-09	1.00000000e-09	1.00000000e-10	1.00000000e-10	0.00000000e+00	2.60417458e-07
2.33000000e+01	1.95899229e+01	2.52635322e+07	9.83300745e+05	1.00000000e-09	4.92686413e+02	1.00000000e-10	4.92686413e+01	-4.75370122e+07	2.39417533e-07
2.34000000e+01	1.96739999e+01	2.52595354e+07	9.83145184e+05	7.43779131e+04	7.48679697e+02	7.43779131e+03	7.48679697e+01	7.10414104e+09	2.20111031e-07
2.35000000e+01	1.97580768e+01	2.52517715e+07	9.82843000e+05	4.19972006e+04	1.00000000e-09	4.19972006e+03	1.00000000e-10	4.05211384e+09	2.02361395e-07
2.36000000e+01	1.98421537e+01	2.52408531e+07	9.82418035e+05	1.00000000e-09	1.00000000e-09	1.00000000e-10	1.00000000e-10	0.00000000e+00	1.86043080e-07
2.37000000e+01	1.99262306e+01	2.52299347e+07	9.81993071e+05	1.00000000e-09	1.00000000e-09	1.00000000e-10	1.00000000e-10	0.00000000e+00	1.71040665e-07
2.38000000e+01	2.00103076e+01	2.52190162e+07	9.81568106e+05	3.44638118e+04	5.05581177e+02	3.44638118e+03	5.05581177e+01	3.27647116e+09	1.57248037e-07
2.39000000e+01	2.00943845e+01	2.52047125e+07	9.81011380e+05	2.97731755e+04	1.82203752e+02	2.97731755e+03	1.82203752e+01	2.85509473e+09	1.44567640e-07
2.40000000e+01	2.01784614e+01	2.51867421e+07	9.80311941e+05	1.00000000e-09	1.00000000e-09	1.00000000e-10	1.00000000e-10	0.00000000e+00	1.32909782e-07
2.41000000e+01	2.02625383e+01	2.51687717e+07	9.79612502e+05	1.00000000e-09	1.00000000e-09	1.00000000e-10	1.00000000e-10	0.00000000e+00	1.22192009e-07
2.42000000e+01	2.03466152e+01	2.51508013e+07	9.78913064e+05	1.96441341e+04	3.42629850e+02	1.96441341e+03	3.42629850e+01	1.86231205e+09	1.12338510e-07
2.43000000e+01	2.04306922e+01	2.51299576e+07	9.78101791e+05	2.45628812e+04	2.45713475e+02	2.45628812e+03	2.45713475e+01	2.34625000e+09	1.03279593e-07
2.44000000e+01	2.05147691e+01	2.51049065e+07	9.77126755e+05	1.00000000e-09	1.00000000e-09	1.00000000e-10	1.00000000e-10	0.00000000e+00	9.49511815e-08
2.45000000e+01	2.05988460e+01	2.50798553e+07	9.76151719e+05	1.00000000e-09	1.00000000e-09	1.00000000e-10	1.00000000e-10	0.00000000e+00	8.72943689e-08
2.46000000e+01	2.06829229e+01	2.50548041e+07	9.75176683e+05	1.13871227e+04	2.31948646e+02	1.13871227e+03	2.31948646e+01	1.07631067e+09	8.02549976e-08
2.47000000e+01	2.07669999e+01	2.50275441e+07	9.74115677e+05	2.17721151e+04	2.72159253e+02	2.17721151e+03	2.72159253e+01	2.07443038e+09	7.37832774e-08
2.48000000e+01	2.08510768e+01	2.49955247e+07	9.72869426e+05	1.00000000e-09	1.00000000e-09	1.00000000e-10	1.00000000e-10	0.00000000e+00	6.78334333e-08
2.49000000e+01	2.09351537e+01	2.49635053e+07	9.71623175e+05	1.00000000e-09	1.00000000e-09	1.00000000e-10	1.00000000e-10	0.00000000e+00	6.23633815e-08
2.50000000e+01	2.10192306e+01	2.49314859e+07	9.70376924e+05	5.73504644e+03	1.52664065e+02	5.73504644e+02	1.52664065e+01	5.38618017e+08	5.73344317e-08
2.51000000e+01	2.11033075e+01	2.48980884e+07	9.69077035e+05	2.00437426e+04	2.86184768e+02	2.00437426e+03	2.86184768e+01	1.90631453e+09	5.27110137e-08
2.52000000e+01	2.11873845e+01	2.48594022e+07	9.67571300e+05	1.00000000e-09	1.00000000e-09	1.00000000e-10	1.00000000e-10	0.00000000e+00	4.84604257e-08
2.53000000e+01	2.12714614e+01	2.48207160e+07	9.66065565e+05	1.00000000e-09	1.00000000e-09	1.00000000e-10	1.00000000e-10	0.00000000e+00	4.45526029e-08
2.54000000e+01	2.13555383e+01	2.47820298e+07	9.64559831e+05	1.30245235e+03	9.32835901e+01	1.30245235e+02	9.32835901e+00	1.16667049e+08	4.09599048e-08
2.55000000e+01	2.14396152e+01	2.47429738e+07	9.63039706e+05	1.87931155e+04	2.97031874e+02	1.87931155e+03	2.97031874e+01	1.78460077e+09	3.76569199e-08
2.56000000e+01	2.15236922e+01	2.46981775e+07	9.61296154e+05	5.98268545e+02	1.00000000e-09	5.98268545e+01	1.00000000e-10	5.77241393e+07	3.46202860e-08
2.57000000e+01	2.16077691e+01	2.46531858e+07	9.59545000e+05	1.00000000e-09	1.00000000e-09	1.00000000e-10	1.00000000e-10	0.00000000e+00	3.18285246e-08
2.58000000e+01	2.16918460e+01	2.46081942e+07	9.57793847e+05	1.00000000e-09	4.71956381e+01	1.00000000e-10	4.71956381e+00	-4.55368682e+06	2.92618894e-08
2.59000000e+01	2.17759229e+01	2.45632026e+07	9.56042694e+05	1.73318431e+04	3.02109176e+02	1.73318431e+03	3.02109176e+01	1.64311953e+09	2.69022262e-08
2.60000000e+01	2.18599998e+01	2.45121713e+07	9.54056467e+05	4.00195086e+03	1.00000000e-09	4.00195086e+02	1.00000000e-10	3.86129557e+08	2.47328451e-08
2.61000000e+01	2.19440768e+01	2.44596388e+07	9.52011810e+05	1.00000000e-09	1.00000000e-09	1.00000000e-10	1.00000000e-10	0.00000000e+00	2.27384017e-08
2.62000000e+01	2.20281537e+01	2.44071062e+07	9.49967153e+05	1.00000000e-09	1.19832990e+01	1.00000000e-10	1.19832990e+00	-1.15621259e+06	2.09047891e-08
2.63000000e+01	2.21122306e+01	2.43545737e+07	9.47922496e+05	1.49748548e+04	2.95353014e+02	1.49748548e+03	2.95353014e+01	1.41635660e+09	1.92190381e-08
2.64000000e+01	2.21963075e+01	2.42960260e+07	9.45643715e+05	7.31377449e+03	2.20888539e+00	7.31377449e+02	2.20888539e-01	7.05458836e+08	1.76692251e-08
2.65000000e+01	2.22803845e+01	2.42343028e+07	9.43241340e+05	1.00000000e-09	1.00000000e-09	1.00000000e-10	1.00000000e-10	0.00000000e+00	1.62443882e-08
2.66000000e+01	2.23644614e+01	2.41725795e+07	9.40838965e+05	1.00000000e-09	1.00000000e-09	1.00000000e-10	1.00000000e-10	0.00000000e+00	1.49344494e-08
2.67000000e+01	2.24485383e+01	2.41108563e+07	9.38436590e+05	1.13346581e+04	2.79488928e+02	1.13346581e+03	2.79488928e+01	1.06666167e+09	1.37301434e-08
2.68000000e+01	2.25326152e+01	2.40438740e+07	9.35829520e+05	1.07555388e+04	2.34984441e+01	1.07555388e+03	2.34984441e+00	1.03548447e+09	1.26229520e-08
2.69000000e+01	2.26166921e+01	2.39714962e+07	9.33012450e+05	1.00000000e-09	1.00000000e-09	1.00000000e-10	1.00000000e-10	0.00000000e+00	1.16050438e-08
2.70000000e+01	2.27007691e+01	2.38991184e+07	9.30195380e+05	1.00000000e-09	1.00000000e-09	1.00000000e-10	1.00000000e-10	0.00000000e+00	1.06692193e-08
2.71000000e+01	2.27848460e+01	2.38267406e+07	9.27378310e+05	5.27821309e+03	2.56661053e+02	5.27821309e+02	2.56661053e+01	4.84506116e+08	9.80885916e-09
2.72000000e+01	2.28689229e+01	2.37515621e+07	9.24452232e+05	1.44199530e+04	4.02056550e+01	1.44199530e+03	4.02056550e+00	1.38743470e+09	9.01787799e-09
2.73000000e+01	2.29529998e+01	2.36681709e+07	9.21206500e+05	1.00000000e-09	1.00000000e-09	1.00000000e-10	1.00000000e-10	0.00000000e+00	8.29068113e-09
2.74000000e+01	2.30370768e+01	2.35847797e+07	9.17960768e+05	1.00000000e-09	1.00000000e-09	1.00000000e-10	1.00000000e-10	0.00000000e+00	7.62212503e-09
2.75000000e+01	2.31211537e+01	2.35013884e+07	9.14715036e+05	1.00000000e-09	2.28688019e+02	1.00000000e-10	2.28688019e+01	-2.20650395e+07	7.00748093e-09
2.76000000e+01	2.32052306e+01	2.34179972e+07	9.11469304e+05	1.54109119e+04	5.43421647e+01	1.54109119e+03	5.43421647e+00	1.48168374e+09	6.44240141e-09
2.77000000e+01	2.32893075e+01	2.33248501e+07	9.07843856e+05	1.25818964e+04	1.00000000e-09	1.25818964e+03	1.00000000e-10	1.21396845e+09	5.92288960e-09
2.78000000e+01	2.33733845e+01	2.32229133e+07	9.03876299e+05	1.00000000e-09	1.00000000e-09	1.00000000e-10	1.00000000e-10	0.00000000e+00	5.44527095e-09
2.79000000e+01	2.34574614e+01	2.31209765e+07	8.99908741e+05	1.00000000e-09	2.01856537e+02	1.00000000e-10	2.01856537e+01	-1.94761950e+07	5.00616720e-09
2.80000000e+01	2.35415383e+01	2.30190398e+07	8.95941184e+05	1.00000000e-09	5.98665657e+01	1.00000000e-10	5.98665657e+00	-5.77624548e+06	4.60247255e-09
2.81000000e+01	2.36256152e+01	2.29171030e+07	8.91973627e+05	1.00000000e-09	1.00000000e-09	1.00000000e-10	1.00000000e-10	0.00000000e+00	4.23133162e-09
2.82000000e+01	2.37096921e+01	2.28151662e+07	8.88006069e+05	1.00000000e-09	1.00000000e-09	1.00000000e-10	1.00000000e-10	0.00000000e+00	3.89011930e-09
2.83000000e+01	2.37937691e+01	2.27132294e+07	8.84038512e+05	8.21459796e+00	1.98711459e+02	8.21459796e-01	1.98711459e+01	-1.83801529e+07	3.57642216e-09
2.84000000e+01	2.38778460e+01	2.26112866e+07	8.80070721e+05	2.70436937e+02	6.99205090e+01	2.70436937e+01	6.99205090e+00	1.93468942e+07	3.28802138e-09
2.85000000e+01	2.39619229e+01	2.25091463e+07	8.76095242e+05	1.86504282e+03	1.00000000e-09	1.86504282e+02	1.00000000e-10	1.79949276e+08	3.02287709e-09
2.86000000e+01	2.40459998e+01	2.24056334e+07	8.72066340e+05	1.18556148e+03	1.00000000e-09	1.18556148e+02	1.00000000e-10	1.14389293e+08	2.77911390e-09
2.87000000e+01	2.41300768e+01	2.23012386e+07	8.68003110e+05	8.54514276e+01	1.93089625e+02	8.54514276e+00	1.93089625e+01	-1.03855072e+07	2.55500764e-09
2.88000000e+01	2.42141537e+01	2.21967799e+07	8.63937394e+05	1.00000000e-09	7.85763735e+01	1.00000000e-10	7.85763735e+00	-7.58146750e+06	2.34897319e-09
2.89000000e+01	2.42982306e+01	2.20923283e+07	8.59871957e+05	1.00000000e-09	1.00000000e-09	1.00000000e-10	1.00000000e-10	0.00000000e+00	2.15955324e-09
2.90000000e+01	2.43823075e+01	2.19878814e+07	8.55806701e+05	1.75300415e+02	1.00000000e-09	1.75300415e+01	1.00000000e-10	1.69139187e+07	1.98540802e-09
2.91000000e+01	2.44663844e+01	2.18833034e+07	8.51736343e+05	7.31858724e+01	2.07903523e+02	7.31858724e+00	2.07903523e+01	-1.29982772e+07	1.82530578e-09
2.92000000e+01	2.45504614e+01	2.17786706e+07	8.47663852e+05	1.00000000e-09	1.01430521e+02	1.00000000e-10	1.01430521e+01	-9.78655754e+06	1.67811410e-09
2.93000000e+01	2.46345383e+01	2.16740404e+07	8.43591464e+05	1.00000000e-09	1.00000000e-09	1.00000000e-10	1.00000000e-10	0.00000000e+00	1.54279187e-09
2.94000000e+01	2.47186152e+01	2.15694177e+07	8.39519364e+05	5.56491890e+01	1.00000000e-09	5.56491890e+00	1.00000000e-10	5.36933048e+06	1.41838196e-09
2.95000000e+01	2.48026921e+01	2.14647533e+07	8.35445645e+05	6.33813587e+01	2.09213931e+02	6.33813587e+00	2.09213931e+01	-1.40707041e+07	1.30400439e-09
2.96000000e+01	2.48867691e+01	2.13600415e+07	8.31370077e+05	1.00000000e-09	1.31802139e+02	1.00000000e-10	1.31802139e+01	-1.27169732e+07	1.19885018e-09
2.97000000e+01	2.49708460e+01	2.12553297e+07	8.27294510e+05	1.00000000e-09	1.00000000e-09	1.00000000e-10	1.00000000e-10	0.00000000e+00	1.10217554e-09
2.98000000e+01	2.50549229e+01	2.11506242e+07	8.23219193e+05	6.27623352e+00	1.00000000e-09	6.27623352e-01	1.00000000e-10	6.05564476e+05	1.01329669e-09
2.99000000e+01	2.51389998e+01	2.10459189e+07	8.19143877e+05	5.43400080e+01	1.89372963e+02	5.43400080e+00	1.89372963e+01	-1.30286995e+07	9.31584987e-10
3.00000000e+01	2.52230767e+01	2.09411728e+07	8.15066976e+05	8.46227644e+00	1.58813684e+02	8.46227644e-01	1.58813684e+01	-1.45067055e+07	8.56462471e-10
3.01000000e+01	2.53071537e+01	2.08364203e+07	8.10989829e+05	1.00000000e-09	1.00000000e-09	1.00000000e-10	1.00000000e-10	0.00000000e+00	7.87397794e-10
3.02000000e+01	2.53912306e+01	2.07316708e+07	8.06912793e+05	1.00000000e-09	1.00000000e-09	1.00000000e-10	1.00000000e-10	0.00000000e+00	7.23902457e-10
3.03000000e+01	2.54753075e+01	2.06269284e+07	8.02836038e+05	3.42771180e+01	1.61829317e+02	3.42771180e+00	1.61829317e+01	-1.23069163e+07	6.65527349e-10
3.04000000e+01	2.55593844e+01	2.05221604e+07	7.98758282e+05	2.88535559e+01	1.75049165e+02	2.88535559e+00	1.75049165e+01	-1.41057319e+07	6.11859579e-10
3.05000000e+01	2.56434614e+01	2.04173707e+07	7.94679685e+05	1.00000000e-09	1.00000000e-09	1.00000000e-10	1.00000000e-10	0.00000000e+00	5.62519549e-10
3.06000000e+01	2.57275383e+01	2.03125810e+07	7.90601087e+05	1.00000000e-09	1.00000000e-09	1.00000000e-10	1.00000000e-10	0.00000000e+00	5.17158273e-10
3.07000000e+01	2.58116152e+01	2.02077982e+07	7.86522757e+05	5.10914445e+00	1.34592903e+02	5.10914445e-01	1.34592903e+01	-1.24932835e+07	4.75454906e-10
3.08000000e+01	2.58956921e+01	2.01030153e+07	7.82444423e+05	3.26620478e+01	1.72088223e+02	3.26620478e+00	1.72088223e+01	-1.34525809e+07	4.37114476e-10
3.09000000e+01	2.59797690e+01	1.99982079e+07	7.78365136e+05	7.03718487e+00	1.00000000e-09	7.03718487e-01	1.00000000e-10	6.78985119e+05	4.01865798e-10
3.10000000e+01	2.60638460e+01	1.98933952e+07	7.74285644e+05	1.00000000e-09	1.00000000e-09	1.00000000e-10	1.00000000e-10	0.00000000e+00	3.69459555e-10
3.11000000e+01	2.61479229e+01	1.97885867e+07	7.70206315e+05	1.00000000e-09	1.14721840e+02	1.00000000e-10	1.14721840e+01	-1.10689749e+07	3.39666533e-10
3.12000000e+01	2.62319998e+01	1.96837849e+07	7.66127246e+05	1.81947040e+01	1.60112039e+02	1.81947040e+00	1.60112039e+01	-1.36929412e+07	3.12276006e-10
3.13000000e+01	2.63160767e+01	1.95789694e+07	7.62047645e+05	2.30122662e+01	1.00000000e-09	2.30122662e+00	1.00000000e-10	2.22034614e+06	2.87094235e-10
3.14000000e+01	2.64001537e+01	1.94741367e+07	7.57967373e+05	1.00000000e-09	1.00000000e-09	1.00000000e-10	1.00000000e-10	0.00000000e+00	2.63943109e-10
3.15000000e+01	2.64842306e+01	1.93693042e+07	7.53887108e+05	1.00000000e-09	1.06272067e+02	1.00000000e-10	1.06272067e+01	-1.02536957e+07	2.42658878e-10
3.16000000e+01	2.65683075e+01	1.92644790e+07	7.49807129e+05	1.00000000e-09	1.45566126e+02	1.00000000e-10	1.45566126e+01	-1.40449960e+07	2.23090996e-10
3.17000000e+01	2.66523844e+01	1.91596557e+07	7.45727222e+05	2.18275007e+01	1.00000000e-09	2.18275007e+00	1.00000000e-10	2.10603365e+06	2.05101057e-10
3.18000000e+01	2.67364614e+01	1.90548159e+07	7.41646677e+05	1.33488102e+01	1.00000000e-09	1.33488102e+00	1.00000000e-10	1.28796439e+06	1.88561817e-10
3.19000000e+01	2.68205383e+01	1.89499662e+07	7.37565743e+05	1.00000000e-09	1.04026914e+02	1.00000000e-10	1.04026914e+01	-1.00370714e+07	1.73356293e-10
3.20000000e+01	2.69046152e+01	1.88451222e+07	7.33485033e+05	1.00000000e-09	1.35212692e+02	1.00000000e-10	1.35212692e+01	-1.30460415e+07	1.59376934e-10
3.21000000e+01	2.69886921e+01	1.87402836e+07	7.29404529e+05	3.09281317e+00	1.00000000e-09	3.09281317e-01	1.00000000e-10	2.98411106e+05	1.46524863e-10
3.22000000e+01	2.70727690e+01	1.86354426e+07	7.25323935e+05	2.26158757e+01	1.00000000e-09	2.26158757e+00	1.00000000e-10	2.18210028e+06	1.34709176e-10
3.23000000e+01	2.71568460e+01	1.85305846e+07	7.21242680e+05	1.25360568e+01	1.11630379e+02	1.25360568e+00	1.11630379e+01	-9.56114863e+06	1.23846300e-10
3.24000000e+01	2.72409229e+01	1.84257197e+07	7.17161155e+05	1.00000000e-09	1.34140108e+02	1.00000000e-10	1.34140108e+01	-1.29425529e+07	1.13859401e-10
3.25000000e+01	2.73249998e+01	1.83208619e+07	7.13079905e+05	1.00000000e-09	1.00000000e-09	1.00000000e-10	1.00000000e-10	0.00000000e+00	1.04677839e-10
3.26000000e+01	2.74090767e+01	1.82160040e+07	7.08998654e+05	1.00000000e-09	1.00000000e-09	1.00000000e-10	1.00000000e-10	0.00000000e+00	9.62366743e-11
3.27000000e+01	2.74931537e+01	1.81111462e+07	7.04917404e+05	3.91414023e+00	1.24038647e+02	3.91414023e-01	1.24038647e+01	-1.15902530e+07	8.84762003e-11
3.28000000e+01	2.75772306e+01	1.80062854e+07	7.00836039e+05	1.90938189e+00	1.40297049e+02	1.90938189e-01	1.40297049e+01	-1.33523800e+07	8.13415267e-11
3.29000000e+01	2.76613075e+01	1.79014299e+07	6.96754882e+05	1.23453470e+00	1.00000000e-09	1.23453470e-01	1.00000000e-10	1.19114490e+05	7.47821894e-11
3.30000000e+01	2.77453844e+01	1.77965767e+07	6.92673813e+05	5.24806534e-01	1.00000000e-09	5.24806534e-02	1.00000000e-10	5.06361327e+04	6.87517936e-11
3.31000000e+01	2.78294613e+01	1.76917232e+07	6.88592728e+05	1.56129510e-06	1.35109998e+02	1.56129510e-07	1.35109998e+01	-1.30361329e+07	6.32076857e-11
3.32000000e+01	2.79135383e+01	1.75868696e+07	6.84511644e+05	5.74413607e-07	1.55646790e+02	5.74413607e-08	1.55646790e+01	-1.50176322e+07	5.81106517e-11
3.33000000e+01	2.79976152e+01	1.74820206e+07	6.80430738e+05	1.77703722e-01	1.00000000e-09	1.77703722e-02	1.00000000e-10	1.71458026e+04	5.34246397e-11
3.34000000e+01	2.80816921e+01	1.73771774e+07	6.76350060e+05	1.84254597e-01	1.00000000e-09	1.84254597e-02	1.00000000e-10	1.77778658e+04	4.91165053e-11
3.35000000e+01	2.81657690e+01	1.72723342e+07	6.72269377e+05	1.00000000e-09	1.39341840e+02	1.00000000e-10	1.39341840e+01	-1.34444437e+07	4.51557765e-11
3.36000000e+01	2.82498460e+01	1.71674909e+07	6.68188694e+05	1.00000000e-09	1.78817225e+02	1.00000000e-10	1.78817225e+01	-1.72532394e+07	4.15144388e-11
3.37000000e+01	2.83339229e+01	1.70626487e+07	6.64108055e+05	6.03453504e-02	1.00000000e-09	6.03453504e-03	1.00000000e-10	5.82244108e+03	3.81667366e-11
3.38000000e+01	2.84179998e+01	1.69578137e+07	6.60027690e+05	1.22421517e-01	1.00000000e-09	1.22421517e-02	1.00000000e-10	1.18118806e+04	3.50889914e-11
3.39000000e+01	2.85020767e+01	1.68529792e+07	6.55947351e+05	1.00000000e-09	1.30999646e+02	1.00000000e-10	1.30999646e+01	-1.26395444e+07	3.22594338e-11
3.40000000e+01	2.85861536e+01	1.67481448e+07	6.51867013e+05	1.00000000e-09	2.04641396e+02	1.00000000e-10	2.04641396e+01	-1.97448930e+07	2.96580503e-11
3.41000000e+01	2.86702306e+01	1.66433104e+07	6.47786674e+05	1.57576100e-02	1.00000000e-09	1.57576100e-03	1.00000000e-10	1.52037813e+03	2.72664410e-11
3.42000000e+01	2.87543075e+01	1.65384822e+07	6.43706577e+05	9.08088745e-02	1.00000000e-09	9.08088745e-03	1.00000000e-10	8.76172432e+03	2.50676897e-11
3.43000000e+01	2.88383844e+01	1.64336581e+07	6.39626643e+05	1.00000000e-09	1.09041959e+02	1.00000000e-10	1.09041959e+01	-1.05209496e+07	2.30462446e-11
3.44000000e+01	2.89224613e+01	1.63288341e+07	6.35546708e+05	1.00000000e-09	2.27234384e+02	1.00000000e-10	2.27234384e+01	-2.19247850e+07	2.11878078e-11
3.45000000e+01	2.90065383e+01	1.62240100e+07	6.31466774e+05	1.00000000e-09	1.00000000e-09	1.00000000e-10	1.00000000e-10	0.00000000e+00	1.94792342e-11
3.46000000e+01	2.90906152e+01	1.61191897e+07	6.27386981e+05	6.70312724e-02	1.00000000e-09	6.70312724e-03	1.00000000e-10	6.46753448e+03	1.79084392e-11
3.47000000e+01	2.91746921e+01	1.60143758e+07	6.23307443e+05	1.38297993e-02	7.98359858e+01	1.38297993e-03	7.98359858e+00	-7.70166723e+06	1.64643122e-11
3.48000000e+01	2.92587690e+01	1.59095619e+07	6.19227904e+05	1.00000000e-09	2.41569680e+02	1.00000000e-10	2.41569680e+01	-2.33079308e+07	1.51366389e-11
3.49000000e+01	2.93428459e+01	1.58047481e+07	6.15148366e+05	1.00000000e-09	1.00000000e-09	1.00000000e-10	1.00000000e-10	0.00000000e+00	1.39160284e-11
3.50000000e+01	2.94269229e+01	1.56999343e+07	6.11068830e+05	4.30792890e-02	1.00000000e-09	4.30792890e-03	1.00000000e-10	4.15651941e+03	1.27938473e-11
3.51000000e+01	2.95109998e+01	1.55951276e+07	6.06989572e+05	2.39578334e-02	4.86280974e+01	2.39578334e-03	4.86280974e+00	-4.68958655e+06	1.17621583e-11
3.52000000e+01	2.95950767e+01	1.54903226e+07	6.02910377e+05	1.00000000e-09	2.40369336e+02	1.00000000e-10	2.40369336e+01	-2.31921152e+07	1.08136641e-11
3.53000000e+01	2.96791536e+01	1.53855175e+07	5.98831182e+05	1.00000000e-09	1.00000000e-09	1.00000000e-10	1.00000000e-10	0.00000000e+00	9.94165601e-12
3.54000000e+01	2.97632306e+01	1.52807125e+07	5.94751986e+05	1.96371481e-02	1.00000000e-09	1.96371481e-03	1.00000000e-10	1.89469666e+03	9.13996618e-12
3.55000000e+01	2.98473075e+01	1.51759132e+07	5.90673016e+05	2.71864016e-02	2.11959883e+01	2.71864016e-03	2.11959883e+00	-2.04247888e+06	8.40292419e-12
3.56000000e+01	2.99313844e+01	1.50711187e+07	5.86594232e+05	1.00000000e-09	2.28940460e+02	1.00000000e-10	2.28940460e+01	-2.20893963e+07	7.72531687e-12
3.57000000e+01	3.00154613e+01	1.49663243e+07	5.82515449e+05	1.00000000e-09	1.00000000e-09	1.00000000e-10	1.00000000e-10	0.00000000e+00	7.10235144e-12
3.58000000e+01	3.00995383e+01	1.48615298e+07	5.78436665e+05	1.00000000e-09	1.00000000e-09	1.00000000e-10	1.00000000e-10	0.00000000e+00	6.52962161e-12
3.59000000e+01	3.01836152e+01	1.47567383e+07	5.74357996e+05	2.31677321e-02	2.01115408e+00	2.31677321e-03	2.01115408e-01	-1.91811523e+05	6.00307641e-12
3.60000000e+01	3.02676921e+01	1.46519534e+07	5.70279587e+05	7.68380161e-03	2.11286937e+02	7.68380161e-04	2.11286937e+01	-2.03853489e+07	5.51899153e-12
3.61000000e+01	3.03517690e+01	1.45471686e+07	5.66201178e+05	1.00000000e-09	3.16946749e+00	1.00000000e-10	3.16946749e-01	-3.05807123e+05	5.07394300e-12
3.62000000e+01	3.04358459e+01	1.44423837e+07	5.62122769e+05	1.00000000e-09	1.00000000e-09	1.00000000e-10	1.00000000e-10	0.00000000e+00	4.66478295e-12
3.63000000e+01	3.05199229e+01	1.43375989e+07	5.58044360e+05	9.38830012e-03	1.00000000e-09	9.38830012e-04	1.00000000e-10	9.05833159e+02	4.28861734e-12
3.64000000e+01	3.06039998e+01	1.42328208e+07	5.53966216e+05	2.46038393e-02	1.92557784e+02	2.46038393e-03	1.92557784e+01	-1.85766279e+07	3.94278553e-12
3.65000000e+01	3.06880767e+01	1.41280450e+07	5.49888158e+05	1.00000000e-09	7.15530769e+00	1.00000000e-10	7.15530769e-01	-6.90382238e+05	3.62484141e-12
3.66000000e+01	3.07721536e+01	1.40232692e+07	5.45810099e+05	1.00000000e-09	1.00000000e-09	1.00000000e-10	1.00000000e-10	0.00000000e+00	3.33253613e-12
3.67000000e+01	3.08562306e+01	1.39184933e+07	5.41732040e+05	1.00000000e-09	1.00000000e-09	1.00000000e-10	1.00000000e-10	0.00000000e+00	3.06380220e-12
3.68000000e+01	3.09403075e+01	1.38137226e+07	5.37654183e+05	3.20848626e-02	1.78114705e+02	3.20848626e-03	1.78114705e+01	-1.71823608e+07	2.81673882e-12
3.69000000e+01	3.10243844e+01	1.37089570e+07	5.33576522e+05	2.10487574e-02	2.55951960e+00	2.10487574e-03	2.55951960e-01	-2.44925202e+05	2.58959851e-12
3.70000000e+01	3.11084613e+01	1.36041914e+07	5.29498861e+05	1.00000000e-09	1.00000000e-09	1.00000000e-10	1.00000000e-10	0.00000000e+00	2.38077467e-12
3.71000000e+01	3.11925382e+01	1.34994257e+07	5.25421199e+05	1.00000000e-09	1.00000000e-09	1.00000000e-10	1.00000000e-10	0.00000000e+00	2.18879027e-12
3.72000000e+01	3.12766152e+01	1.33946623e+07	5.21343622e+05	2.24699276e-02	1.71994899e+02	2.24699276e-03	1.71994899e+01	-1.65928170e+07	2.01228739e-12
3.73000000e+01	3.13606921e+01	1.32899053e+07	5.17266300e+05	4.33099481e-02	1.00000000e-09	4.33099481e-03	1.00000000e-10	4.17877463e+03	1.85001761e-12
3.74000000e+01	3.14447690e+01	1.31851484e+07	5.13188976e+05	1.00000000e-09	1.00000000e-09	1.00000000e-10	1.00000000e-10	0.00000000e+00	1.70083318e-12
3.75000000e+01	3.15288459e+01	1.30803914e+07	5.09111653e+05	1.00000000e-09	2.32133374e+00	1.00000000e-10	2.32133374e-01	-2.23974657e+05	1.56367890e-12
3.76000000e+01	3.16129229e+01	1.29756345e+07	5.05034329e+05	1.00000000e-09	1.72212266e+02	1.00000000e-10	1.72212266e+01	-1.66159577e+07	1.43758467e-12
3.77000000e+01	3.16969998e+01	1.28708838e+07	5.00957250e+05	5.32565612e-02	1.00000000e-09	5.32565612e-03	1.00000000e-10	5.13847689e+03	1.32165861e-12
3.78000000e+01	3.17810767e+01	1.27661359e+07	4.96880280e+05	1.57944867e-02	1.00000000e-09	1.57944867e-03	1.00000000e-10	1.52393620e+03	1.21508076e-12
3.79000000e+01	3.18651536e+01	1.26613880e+07	4.92803310e+05	1.00000000e-09	1.06246984e+01	1.00000000e-10	1.06246984e+00	-1.02512755e+06	1.11709730e-12
3.80000000e+01	3.19492305e+01	1.25566401e+07	4.88726339e+05	1.00000000e-09	1.80554178e+02	1.00000000e-10	1.80554178e+01	-1.74208299e+07	1.02701517e-12
3.81000000e+01	3.20333075e+01	1.24518966e+07	4.84649537e+05	3.42127314e-02	1.00000000e-09	3.42127314e-03	1.00000000e-10	3.30102666e+03	9.44197214e-13
3.82000000e+01	3.21173844e+01	1.23471584e+07	4.80572944e+05	4.63427367e-02	1.00000000e-09	4.63427367e-03	1.00000000e-10	4.47139424e+03	8.68057654e-13
3.83000000e+01	3.22014613e+01	1.22424202e+07	4.76496350e+05	1.00000000e-09	1.30422569e+01	1.00000000e-10	1.30422569e+00	-1.25838649e+06	7.98057949e-13
3.84000000e+01	3.22855382e+01	1.21376819e+07	4.72419755e+05	1.00000000e-09	1.95943705e+02	1.00000000e-10	1.95943705e+01	-1.89056935e+07	7.33702982e-13
3.85000000e+01	3.23696152e+01	1.20329449e+07	4.68343207e+05	1.00000000e-09	1.00000000e-09	1.00000000e-10	1.00000000e-10	0.00000000e+00	6.74537565e-13
3.86000000e+01	3.24536921e+01	1.19282143e+07	4.64266911e+05	3.85896482e-02	1.00000000e-09	3.85896482e-03	1.00000000e-10	3.72333493e+03	6.20143216e-13
3.87000000e+01	3.25377690e+01	1.18234843e+07	4.60190633e+05	3.30426241e-02	4.83292215e+00	3.30426241e-03	4.83292215e-01	-4.63117971e+05	5.70135198e-13
3.88000000e+01	3.26218459e+01	1.17187541e+07	4.56114355e+05	1.00000000e-09	2.13862927e+02	1.00000000e-10	2.13862927e+01	-2.06346355e+07	5.24159800e-13
3.89000000e+01	3.27059228e+01	1.16140240e+07	4.52038076e+05	1.00000000e-09	4.13601477e-01	1.00000000e-10	4.13601477e-02	-3.99064758e+04	4.81891834e-13
3.90000000e+01	3.27899998e+01	1.15092997e+07	4.47962020e+05	1.00000000e-09	1.00000000e-09	1.00000000e-10	1.00000000e-10	0.00000000e+00	4.43032333e-13
3.91000000e+01	3.28740767e+01	1.14045790e+07	4.43886109e+05	1.00000000e-09	1.00000000e-09	1.00000000e-10	1.00000000e-10	0.00000000e+00	4.07306443e-13
3.92000000e+01	3.29581536e+01	1.12998583e+07	4.39810198e+05	4.54321942e-03	2.28972185e+02	4.54321942e-04	2.28972185e+01	-2.20920189e+07	3.74461468e-13
3.93000000e+01	3.30422305e+01	1.11951376e+07	4.35734286e+05	3.24727633e-02	2.16639731e+01	3.24727633e-03	2.16639731e+00	-2.08712249e+06	3.44265096e-13
3.94000000e+01	3.31263075e+01	1.10904204e+07	4.31658507e+05	3.14008265e-02	1.00000000e-09	3.14008265e-03	1.00000000e-10	3.02971908e+03	3.16503742e-13
3.95000000e+01	3.32103844e+01	1.09857090e+07	4.27582957e+05	9.41431334e-03	1.00000000e-09	9.41431334e-04	1.00000000e-10	9.08343053e+02	2.90981049e-13
3.96000000e+01	3.32944613e+01	1.08809976e+07	4.23507407e+05	5.48878280e-03	2.36630969e+02	5.48878280e-04	2.36630969e+01	-2.28308881e+07	2.67516493e-13
3.97000000e+01	3.33785382e+01	1.07762862e+07	4.19431857e+05	1.11636839e-02	4.92715210e+01	1.11636839e-03	4.92715210e+00	-4.75290194e+06	2.45944106e-13
3.98000000e+01	3.34626152e+01	1.06715750e+07	4.15356314e+05	1.07265185e-02	1.00000000e-09	1.07265185e-03	1.00000000e-10	1.03495160e+03	2.26111304e-13
3.99000000e+01	3.35466921e+01	1.05668702e+07	4.11281023e+05	1.00000000e-09	1.00000000e-09	1.00000000e-10	1.00000000e-10	0.00000000e+00	2.07877809e-13
4.00000000e+01	3.36307690e+01	1.04621669e+07	4.07205786e+05	1.00000000e-09	2.30437086e+02	1.00000000e-10	2.30437086e+01	-2.22337988e+07	1.91114654e-13
4.01000000e+01	3.37148459e+01	1.03574635e+07	4.03130550e+05	4.99224666e-03	7.82724414e+01	4.99224666e-04	7.82724414e+00	-7.55166083e+06	1.75703270e-13
4.02000000e+01	3.37989228e+01	1.02527602e+07	3.99055313e+05	5.90366828e-03	1.00000000e-09	5.90366828e-04	1.00000000e-10	5.69617299e+02	1.61534652e-13
4.03000000e+01	3.38829998e+01	1.01480622e+07	3.94980284e+05	1.00000000e-09	1.00000000e-09	1.00000000e-10	1.00000000e-10	0.00000000e+00	1.48508584e-13
4.04000000e+01	3.39670767e+01	1.00433685e+07	3.90905424e+05	1.00000000e-09	2.14373096e+02	1.00000000e-10	2.14373096e+01	-2.06838594e+07	1.36532931e-13
4.05000000e+01	3.40511536e+01	9.93867488e+06	3.86830564e+05	2.81031998e-03	1.03596260e+02	2.81031998e-04	1.03596260e+01	-9.99524842e+06	1.25522989e-13
4.06000000e+01	3.41352305e+01	9.83398123e+06	3.82755705e+05	4.11404100e-03	1.00000000e-09	4.11404100e-04	1.00000000e-10	3.96944516e+02	1.15400882e-13
4.07000000e+01	3.42193075e+01	9.72929039e+06	3.78680955e+05	1.00000000e-09	1.00000000e-09	1.00000000e-10	1.00000000e-10	0.00000000e+00	1.06095016e-13
4.08000000e+01	3.43033844e+01	9.62460573e+06	3.74606445e+05	1.00000000e-09	1.92291470e+02	1.00000000e-10	1.92291470e+01	-1.85533063e+07	9.75395708e-14
4.09000000e+01	3.43874613e+01	9.51992107e+06	3.70531936e+05	1.81784469e-03	1.21157167e+02	1.81784469e-04	1.21157167e+01	-1.16897141e+07	8.96740319e-14
4.10000000e+01	3.44715382e+01	9.41523641e+06	3.66457426e+05	3.18330677e-03	1.00000000e-09	3.18330677e-04	1.00000000e-10	3.07142314e+02	8.24427658e-14
4.11000000e+01	3.45556151e+01	9.31055175e+06	3.62382916e+05	1.00000000e-09	1.00000000e-09	1.00000000e-10	1.00000000e-10	0.00000000e+00	7.57946252e-14
4.12000000e+01	3.46396921e+01	9.20587353e+06	3.58308657e+05	1.00000000e-09	1.68837345e+02	1.00000000e-10	1.68837345e+01	-1.62903273e+07	6.96825871e-14
4.13000000e+01	3.47237690e+01	9.10119712e+06	3.54234469e+05	1.24838493e-03	1.25061398e+02	1.24838493e-04	1.25061398e+01	-1.20664701e+07	6.40634205e-14
4.14000000e+01	3.48078459e+01	8.99652070e+06	3.50160280e+05	2.61180987e-03	1.00000000e-09	2.61180987e-04	1.00000000e-10	2.52001246e+02	5.88973804e-14
4.15000000e+01	3.48919228e+01	8.89184428e+06	3.46086091e+05	1.00000000e-09	1.00000000e-09	1.00000000e-10	1.00000000e-10	0.00000000e+00	5.41479271e-14
4.16000000e+01	3.49759998e+01	8.78717288e+06	3.42012098e+05	1.00000000e-09	1.49062576e+02	1.00000000e-10	1.49062576e+01	-1.43823521e+07	4.97814672e-14
4.17000000e+01	3.50600767e+01	8.68250592e+06	3.37938277e+05	8.76495358e-04	1.20768017e+02	8.76495358e-05	1.20768017e+01	-1.16522576e+07	4.57671163e-14
4.18000000e+01	3.51441536e+01	8.57783896e+06	3.33864456e+05	2.22404853e-03	1.00000000e-09	2.22404853e-04	1.00000000e-10	2.14587965e+02	4.20764804e-14
4.19000000e+01	3.52282305e+01	8.47317200e+06	3.29790636e+05	1.00000000e-09	1.00000000e-09	1.00000000e-10	1.00000000e-10	0.00000000e+00	3.86834555e-14
4.20000000e+01	3.53123074e+01	8.36850745e+06	3.25716909e+05	1.00000000e-09	1.36527113e+02	1.00000000e-10	1.36527113e+01	-1.31728638e+07	3.55640423e-14
4.21000000e+01	3.53963844e+01	8.26384879e+06	3.21643411e+05	6.12156156e-04	1.11810445e+02	6.12156156e-05	1.11810445e+01	-1.07880088e+07	3.26961769e-14
4.22000000e+01	3.54804613e+01	8.15919012e+06	3.17569913e+05	1.94246795e-03	1.00000000e-09	1.94246795e-04	1.00000000e-10	1.87419569e+02	3.00595747e-14
4.23000000e+01	3.55645382e+01	8.05453146e+06	3.13496415e+05	1.00000000e-09	1.00000000e-09	1.00000000e-10	1.00000000e-10	0.00000000e+00	2.76355866e-14
4.24000000e+01	3.56486151e+01	7.94987279e+06	3.09422918e+05	1.00000000e-09	1.30956835e+02	1.00000000e-10	1.30956835e+01	-1.26354138e+07	2.54070677e-14
4.25000000e+01	3.57326921e+01	7.84521993e+06	3.05349645e+05	4.12386500e-04	1.02633401e+02	4.12386500e-05	1.02633401e+01	-9.90257799e+06	2.33582553e-14
4.26000000e+01	3.58167690e+01	7.74056894e+06	3.01276447e+05	1.72741685e-03	1.00000000e-09	1.72741685e-04	1.00000000e-10	1.66670292e+02	2.14746581e-14
4.27000000e+01	3.59008459e+01	7.63591796e+06	2.97203248e+05	1.00000000e-09	1.00000000e-09	1.00000000e-10	1.00000000e-10	0.00000000e+00	1.97429531e-14
4.28000000e+01	3.59849228e+01	7.53126697e+06	2.93130049e+05	1.00000000e-09	1.30927873e+02	1.00000000e-10	1.30927873e+01	-1.26326193e+07	1.81508919e-14
4.29000000e+01	3.60689997e+01	7.42662030e+06	2.89057018e+05	2.54162927e-04	9.74723082e+01	2.54162927e-05	9.74723082e+00	-9.40462351e+06	1.66872137e-14
4.30000000e+01	3.61530767e+01	7.32197774e+06	2.84984147e+05	1.55654013e-03	1.00000000e-09	1.55654013e-04	1.00000000e-10	1.50183195e+02	1.53415657e-14
4.31000000e+01	3.62371536e+01	7.21733519e+06	2.80911276e+05	1.00000000e-09	1.00000000e-09	1.00000000e-10	1.00000000e-10	0.00000000e+00	1.41044300e-14
4.32000000e+01	3.63212305e+01	7.11269263e+06	2.76838405e+05	1.00000000e-09	1.37194833e+02	1.00000000e-10	1.37194833e+01	-1.32372890e+07	1.29670563e-14
4.33000000e+01	3.64053074e+01	7.00805190e+06	2.72765605e+05	1.24047490e-04	9.93324219e+01	1.24047490e-05	9.93324219e+00	-9.58410975e+06	1.19213998e-14
4.34000000e+01	3.64893844e+01	6.90341629e+06	2.68693005e+05	1.41636165e-03	1.00000000e-09	1.41636165e-04	1.00000000e-10	1.36658028e+02	1.09600645e-14
4.35000000e+01	3.65734613e+01	6.79878069e+06	2.64620405e+05	1.00000000e-09	1.00000000e-09	1.00000000e-10	1.00000000e-10	0.00000000e+00	1.00762507e-14
4.36000000e+01	3.66575382e+01	6.69414508e+06	2.60547805e+05	1.00000000e-09	1.46092832e+02	1.00000000e-10	1.46092832e+01	-1.40958154e+07	9.26370726e-15
4.37000000e+01	3.67416151e+01	6.58950948e+06	2.56475204e+05	1.36559302e-05	1.06568935e+02	1.36559302e-06	1.06568935e+01	-1.02823378e+07	8.51668685e-15
4.38000000e+01	3.68256921e+01	6.48487859e+06	2.52402788e+05	1.29813655e-03	1.00000000e-09	1.29813655e-04	1.00000000e-10	1.25251040e+02	7.82990577e-15
4.39000000e+01	3.69097690e+01	6.38024973e+06	2.48330450e+05	7.95058288e-06	1.00000000e-09	7.95058288e-07	1.00000000e-10	7.67018144e-01	7.19850635e-15
4.40000000e+01	3.69938459e+01	6.27562087e+06	2.44258112e+05	1.00000000e-09	1.53407976e+02	1.00000000e-10	1.53407976e+01	-1.48016195e+07	6.61802264e-15
4.41000000e+01	3.70779228e+01	6.17099201e+06	2.40185774e+05	1.00000000e-09	1.19642984e+02	1.00000000e-10	1.19642984e+01	-1.15437931e+07	6.08434883e-15
4.42000000e+01	3.71619997e+01	6.06636627e+06	2.36113558e+05	1.19037343e-03	1.00000000e-09	1.19037343e-04	1.00000000e-10	1.14853479e+02	5.59371018e-15
4.43000000e+01	3.72460767e+01	5.96174428e+06	2.32041488e+05	9.65742165e-05	1.00000000e-09	9.65742165e-06	1.00000000e-10	9.31789887e+00	5.14263638e-15
4.44000000e+01	3.73301536e+01	5.85712229e+06	2.27969417e+05	1.00000000e-09	1.55649561e+02	1.00000000e-10	1.55649561e+01	-1.50178996e+07	4.72793693e-15
4.45000000e+01	3.74142305e+01	5.75250030e+06	2.23897347e+05	1.00000000e-09	1.37493086e+02	1.00000000e-10	1.37493086e+01	-1.32660660e+07	4.34667862e-15
4.46000000e+01	3.74983074e+01	5.64787917e+06	2.19825310e+05	1.08568333e-03	1.00000000e-09	1.08568333e-04	1.00000000e-10	1.04752420e+02	3.99616478e-15
4.47000000e+01	3.75823844e+01	5.54326231e+06	2.15753439e+05	1.74177649e-04	1.00000000e-09	1.74177649e-05	1.00000000e-10	1.68054918e+01	3.67391618e-15
4.48000000e+01	3.76664613e+01	5.43864573e+06	2.11681580e+05	1.00000000e-09	1.50087065e+02	1.00000000e-10	1.50087065e+01	-1.44812003e+07	3.37765354e-15
4.49000000e+01	3.77505382e+01	5.33402916e+06	2.07609720e+05	1.00000000e-09	1.56492949e+02	1.00000000e-10	1.56492949e+01	-1.50992741e+07	3.10528136e-15
4.50000000e+01	3.78346151e+01	5.22941258e+06	2.03537860e+05	9.84557749e-04	1.00000000e-09	9.84557749e-05	1.00000000e-10	9.49952849e+01	2.85487313e-15
4.51000000e+01	3.79186920e+01	5.12479954e+06	1.99466138e+05	2.41654571e-04	1.00000000e-09	2.41654571e-05	1.00000000e-10	2.33160251e+01	2.62465769e-15
4.52000000e+01	3.80027690e+01	5.02018881e+06	1.95394506e+05	1.00000000e-09	1.35799381e+02	1.00000000e-10	1.35799381e+01	-1.31026484e+07	2.41300669e-15
4.53000000e+01	3.80868459e+01	4.91557809e+06	1.91322874e+05	1.00000000e-09	1.72967808e+02	1.00000000e-10	1.72967808e+01	-1.66888564e+07	2.21842312e-15
4.54000000e+01	3.81709228e+01	4.81096736e+06	1.87251242e+05	8.87175324e-04	1.00000000e-09	8.87175324e-05	1.00000000e-10	8.55993093e+01	2.03953067e-15
4.55000000e+01	3.82549997e+01	4.70635850e+06	1.83179683e+05	2.99870184e-04	1.00000000e-09	2.99870184e-05	1.00000000e-10	2.89329778e+01	1.87506400e-15
4.56000000e+01	3.83390767e+01	4.60175311e+06	1.79108259e+05	1.00000000e-09	1.17744110e+02	1.00000000e-10	1.17744110e+01	-1.13605796e+07	1.72385984e-15
4.57000000e+01	3.84231536e+01	4.49714771e+06	1.75036834e+05	1.00000000e-09	1.84148133e+02	1.00000000e-10	1.84148133e+01	-1.77675938e+07	1.58484870e-15
4.58000000e+01	3.85072305e+01	4.39254231e+06	1.70965410e+05	7.93508792e-04	1.00000000e-09	7.93508792e-05	1.00000000e-10	7.65618629e+01	1.45704735e-15
4.59000000e+01	3.85913074e+01	4.28793692e+06	1.66893985e+05	3.49622417e-04	1.00000000e-09	3.49622417e-05	1.00000000e-10	3.37333385e+01	1.33955183e-15
4.60000000e+01	3.86753843e+01	4.18333498e+06	1.62822695e+05	1.00000000e-09	9.92771126e+01	1.00000000e-10	9.92771126e+00	-9.57878519e+06	1.23153109e-15
4.61000000e+01	3.87594613e+01	4.07873415e+06	1.58751448e+05	1.00000000e-09	1.86378734e+02	1.00000000e-10	1.86378734e+01	-1.79828140e+07	1.13222108e-15
4.62000000e+01	3.88435382e+01	3.97413331e+06	1.54680201e+05	7.03456173e-04	1.00000000e-09	7.03456173e-05	1.00000000e-10	6.78731060e+01	1.04091937e-15
4.63000000e+01	3.89276151e+01	3.86953248e+06	1.50608955e+05	3.91663654e-04	1.00000000e-09	3.91663654e-05	1.00000000e-10	3.77897012e+01	9.56980191e-16
4.64000000e+01	3.90116920e+01	3.76493408e+06	1.46537802e+05	1.00000000e-09	8.34943219e+01	1.00000000e-10	8.34943219e+00	-8.05597738e+06	8.79809819e-16
4.65000000e+01	3.90957690e+01	3.66033826e+06	1.42466750e+05	1.00000000e-09	1.83765746e+02	1.00000000e-10	1.83765746e+01	-1.77306990e+07	8.08862425e-16
4.66000000e+01	3.91798459e+01	3.55574244e+06	1.38395699e+05	6.16855321e-04	1.00000000e-09	6.16855321e-05	1.00000000e-10	5.95173940e+01	7.43636191e-16
4.67000000e+01	3.92639228e+01	3.45114662e+06	1.34324647e+05	4.26661092e-04	1.00000000e-09	4.26661092e-05	1.00000000e-10	4.11664407e+01	6.83669765e-16
4.68000000e+01	3.93479997e+01	3.34655156e+06	1.30253625e+05	1.00000000e-09	7.23652802e+01	1.00000000e-10	7.23652802e+00	-6.98218809e+06	6.28539001e-16
4.69000000e+01	3.94320766e+01	3.24195963e+06	1.26182725e+05	1.00000000e-09	1.79021626e+02	1.00000000e-10	1.79021626e+01	-1.72729611e+07	5.77853951e-16
4.70000000e+01	3.95161536e+01	3.13736780e+06	1.22111828e+05	5.33401802e-04	1.00000000e-09	5.33401802e-05	1.00000000e-10	5.14653536e+01	5.31256117e-16
4.71000000e+01	3.96002305e+01	3.03277597e+06	1.18040931e+05	4.55155250e-04	1.00000000e-09	4.55155250e-05	1.00000000e-10	4.39157090e+01	4.88415907e-16
4.72000000e+01	3.96843074e+01	2.92818413e+06	1.13970035e+05	1.00000000e-09	6.37888584e+01	1.00000000e-10	6.37888584e+00	-6.15468919e+06	4.49030309e-16
4.73000000e+01	3.97683843e+01	2.82359495e+06	1.09899241e+05	1.00000000e-09	1.75105549e+02	1.00000000e-10	1.75105549e+01	-1.68951171e+07	4.12820745e-16
4.74000000e+01	3.98524613e+01	2.71900747e+06	1.05828514e+05	4.52787216e-04	1.00000000e-09	4.52787216e-05	1.00000000e-10	4.36872285e+01	3.79531100e-16
4.75000000e+01	3.99365382e+01	2.61441999e+06	1.01757787e+05	4.77612892e-04	1.00000000e-09	4.77612892e-05	1.00000000e-10	4.60825420e+01	3.48925915e-16
4.76000000e+01	4.00206151e+01	2.50983251e+06	9.76870598e+04	1.00000000e-09	5.97688831e+01	1.00000000e-10	5.97688831e+00	-5.76682053e+06	3.20788716e-16
4.77000000e+01	4.01046920e+01	2.40524640e+06	9.36163857e+04	1.00000000e-09	1.74465289e+02	1.00000000e-10	1.74465289e+01	-1.68333413e+07	2.94920485e-16
4.78000000e+01	4.01887690e+01	2.30066289e+06	8.95458133e+04	3.74724768e-04	1.00000000e-09	3.74724768e-05	1.00000000e-10	3.61553472e+01	2.71138254e-16
4.79000000e+01	4.02728459e+01	2.19607939e+06	8.54752409e+04	4.94458702e-04	1.00000000e-09	4.94458702e-05	1.00000000e-10	4.77079156e+01	2.49273810e-16
4.80000000e+01	4.03569228e+01	2.09149589e+06	8.14046685e+04	1.00000000e-09	5.82267999e+01	1.00000000e-10	5.82267999e+00	-5.61803213e+06	2.29172503e-16
4.81000000e+01	4.04409997e+01	1.98691238e+06	7.73340960e+04	1.00000000e-09	1.77432374e+02	1.00000000e-10	1.77432374e+01	-1.71196215e+07	2.10692155e-16
4.82000000e+01	4.05250766e+01	1.88233145e+06	7.32636237e+04	2.98902565e-04	1.00000000e-09	2.98902565e-05	1.00000000e-10	2.88396168e+01	1.93702052e-16
4.83000000e+01	4.06091536e+01	1.77775147e+06	6.91931885e+04	5.06007380e-04	1.00000000e-09	5.06007380e-05	1.00000000e-10	4.88221936e+01	1.78082022e-16
4.84000000e+01	4.06932305e+01	1.67317149e+06	6.51227534e+04	1.00000000e-09	5.63654449e+01	1.00000000e-10	5.63654449e+00	-5.43843867e+06	1.63721583e-16
4.85000000e+01	4.07773074e+01	1.56859152e+06	6.10523182e+04	1.00000000e-09	1.82902380e+02	1.00000000e-10	1.82902380e+01	-1.76473969e+07	1.50519162e-16
4.86000000e+01	4.08613843e+01	1.46401319e+06	5.69819475e+04	2.24981564e-04	1.00000000e-09	2.24981564e-05	1.00000000e-10	2.17073245e+01	1.38381377e-16
4.87000000e+01	4.09454613e+01	1.35943698e+06	5.29116586e+04	5.12472732e-04	1.00000000e-09	5.12472732e-05	1.00000000e-10	4.94460053e+01	1.27222377e-16
4.88000000e+01	4.10295382e+01	1.25486076e+06	4.88413697e+04	1.00000000e-09	5.16813682e+01	1.00000000e-10	5.16813682e+00	-4.98649397e+06	1.16963232e-16
4.89000000e+01	4.11136151e+01	1.15028454e+06	4.47710808e+04	1.00000000e-09	1.91251281e+02	1.00000000e-10	1.91251281e+01	-1.84529433e+07	1.07531379e-16
4.90000000e+01	4.11976920e+01	1.04570852e+06	4.07007999e+04	1.52651032e-04	1.00000000e-09	1.52651032e-05	1.00000000e-10	1.47284890e+01	9.88601065e-17
4.91000000e+01	4.12817689e+01	9.41134928e+05	3.66306132e+04	5.14028577e-04	1.00000000e-09	5.14028577e-05	1.00000000e-10	4.95961215e+01	9.08880802e-17
4.92000000e+01	4.13658459e+01	8.36561789e+05	3.25604442e+04	1.00000000e-09	4.14174656e+01	1.00000000e-10	4.14174656e+00	-3.99617792e+06	8.35589140e-17
4.93000000e+01	4.14499228e+01	7.31988649e+05	2.84902752e+04	1.00000000e-09	1.99986080e+02	1.00000000e-10	1.99986080e+01	-1.92957234e+07	7.68207678e-17
4.94000000e+01	4.15339997e+01	6.27415510e+05	2.44201062e+04	8.16236214e-05	1.00000000e-09	8.16236214e-06	1.00000000e-10	7.87538574e+00	7.06259821e-17
4.95000000e+01	4.16180766e+01	5.22844202e+05	2.03500084e+04	5.10788912e-04	1.00000000e-09	5.10788912e-05	1.00000000e-10	4.92835413e+01	6.49307406e-17
4.96000000e+01	4.17021536e+01	4.18274657e+05	1.62799793e+04	1.00000000e-09	2.66779304e+01	1.00000000e-10	2.66779304e+00	-2.57402898e+06	5.96947603e-17
4.97000000e+01	4.17862305e+01	3.13705112e+05	1.22099502e+04	1.00000000e-09	2.06499235e+02	1.00000000e-10	2.06499235e+01	-1.99241473e+07	5.48810067e-17
4.98000000e+01	4.18703074e+01	2.09135567e+05	8.13992111e+03	1.16128280e-05	1.00000000e-09	1.16128280e-06	1.00000000e-10	1.12037108e+00	5.04554316e-17
4.99000000e+01	4.19543843e+01	1.04566586e+05	4.06991395e+03	5.02766281e-04	1.00000000e-09	5.02766281e-05	1.00000000e-10	4.85094752e+01	4.63867326e-17
5.00000000e+01	4.20384612e+01	0.00000000e+00	0.00000000e+00	1.00000000e+01	1.00000000e+01	1.00000000e+00	1.00000000e+00	0.00000000e+00	4.26461312e-17
