# 1D PNP Solver Results
# Debye length: 1.18939 nm
# Surface potential: 100 mV
# Bulk concentration: 10 mol/m^3
# Thermal voltage: 25.6926 mV
# Grid: non-uniform with stretching factor 1
#
# Columns:
# 1: x [nm]
# 2: x/lambda_D [-]
# 3: phi [mV]
# 4: phi_normalized = e*phi/(kB*T) [-]
# 5: c+ [mol/m^3]
# 6: c- [mol/m^3]
# 7: c+/c0 [-]
# 8: c-/c0 [-]
# 9: rho [C/m^3]
# 10: phi_GC [mV] (Gouy-Chapman analytical)
0.00000000e+00	0.00000000e+00	1.00000000e+02	3.89217445e+00	1.00000000e-09	1.86663625e+05	1.00000000e-10	1.86663625e+04	-1.80103018e+10	1.00000000e+02
1.00000000e-01	8.40769225e-02	-1.16136692e+05	-4.52024265e+03	1.00000000e-09	1.00000000e-09	1.00000000e-10	1.00000000e-10	0.00000000e+00	8.70576373e+01
2.00000000e-01	1.68153845e-01	-2.32297395e+05	-9.04141984e+03	1.00000000e-09	1.00000000e-09	1.00000000e-10	1.00000000e-10	0.00000000e+00	7.68715638e+01
3.00000000e-01	2.52230767e-01	-3.48458097e+05	-1.35625970e+04	1.00000000e-09	1.00000000e-09	1.00000000e-10	1.00000000e-10	0.00000000e+00	6.85207345e+01
4.00000000e-01	3.36307690e-01	-4.64618800e+05	-1.80837742e+04	1.00000000e-09	1.87046669e+05	1.00000000e-10	1.87046669e+04	-1.80472600e+10	6.14862309e+01
5.00000000e-01	4.20384612e-01	-5.77535418e+05	-2.24786860e+04	1.00000000e-09	1.00000000e-09	1.00000000e-10	1.00000000e-10	0.00000000e+00	5.54461690e+01
6.00000000e-01	5.04461535e-01	-6.90220508e+05	-2.68645862e+04	1.00000000e-09	1.00000000e-09	1.00000000e-10	1.00000000e-10	0.00000000e+00	5.01866549e+01
7.00000000e-01	5.88538457e-01	-8.02905597e+05	-3.12504865e+04	1.00000000e-09	1.00000000e-09	1.00000000e-10	1.00000000e-10	0.00000000e+00	4.55579535e+01
8.00000000e-01	6.72615380e-01	-9.15590686e+05	-3.56363867e+04	1.00000000e-09	1.88074509e+05	1.00000000e-10	1.88074509e+04	-1.81464315e+10	4.14508515e+01
9.00000000e-01	7.56692302e-01	-1.02504428e+06	-3.98965118e+04	1.00000000e-09	1.00000000e-09	1.00000000e-10	1.00000000e-10	0.00000000e+00	3.77829914e+01
1.00000000e+00	8.40769225e-01	-1.13411093e+06	-4.41415758e+04	1.00000000e-09	1.00000000e-09	1.00000000e-10	1.00000000e-10	0.00000000e+00	3.44905241e+01
1.10000000e+00	9.24846147e-01	-1.24317757e+06	-4.83866398e+04	1.00000000e-09	1.00000000e-09	1.00000000e-10	1.00000000e-10	0.00000000e+00	3.15227780e+01
1.20000000e+00	1.00892307e+00	-1.35224422e+06	-5.26317039e+04	1.00000000e-09	1.89787941e+05	1.00000000e-10	1.89787941e+04	-1.83117525e+10	2.88387272e+01
1.30000000e+00	1.09299999e+00	-1.45809929e+06	-5.67517679e+04	1.00000000e-09	1.00000000e-09	1.00000000e-10	1.00000000e-10	0.00000000e+00	2.64045776e+01
1.40000000e+00	1.17707691e+00	-1.56341242e+06	-6.08507386e+04	1.00000000e-09	1.00000000e-09	1.00000000e-10	1.00000000e-10	0.00000000e+00	2.41920729e+01
1.50000000e+00	1.26115384e+00	-1.66872554e+06	-6.49497093e+04	1.00000000e-09	1.00000000e-09	1.00000000e-10	1.00000000e-10	0.00000000e+00	2.21772778e+01
1.60000000e+00	1.34523076e+00	-1.77403867e+06	-6.90486800e+04	1.00000000e-09	1.92232978e+05	1.00000000e-10	1.92232978e+04	-1.85476627e+10	2.03396868e+01
1.70000000e+00	1.42930768e+00	-1.87616752e+06	-7.30237129e+04	1.00000000e-09	1.00000000e-09	1.00000000e-10	1.00000000e-10	0.00000000e+00	1.86615585e+01
1.80000000e+00	1.51338460e+00	-1.97760019e+06	-7.69716495e+04	1.00000000e-09	1.00000000e-09	1.00000000e-10	1.00000000e-10	0.00000000e+00	1.71274116e+01
1.90000000e+00	1.59746153e+00	-2.07903287e+06	-8.09195860e+04	1.00000000e-09	1.00000000e-09	1.00000000e-10	1.00000000e-10	0.00000000e+00	1.57236358e+01
2.00000000e+00	1.68153845e+00	-2.18046554e+06	-8.48675226e+04	1.00000000e-09	1.95461444e+05	1.00000000e-10	1.95461444e+04	-1.88591623e+10	1.44381886e+01
2.10000000e+00	1.76561537e+00	-2.27874867e+06	-8.86928734e+04	1.00000000e-09	1.00000000e-09	1.00000000e-10	1.00000000e-10	0.00000000e+00	1.32603556e+01
2.20000000e+00	1.84969229e+00	-2.37618244e+06	-9.24851657e+04	1.00000000e-09	1.00000000e-09	1.00000000e-10	1.00000000e-10	0.00000000e+00	1.21805577e+01
2.30000000e+00	1.93376922e+00	-2.47361621e+06	-9.62774580e+04	1.00000000e-09	1.00000000e-09	1.00000000e-10	1.00000000e-10	0.00000000e+00	1.11901960e+01
2.40000000e+00	2.01784614e+00	-2.57104998e+06	-1.00069750e+05	1.00000000e-09	1.99531574e+05	1.00000000e-10	1.99531574e+04	-1.92518702e+10	1.02815237e+01
2.50000000e+00	2.10192306e+00	-2.66537648e+06	-1.03741102e+05	1.00000000e-09	7.95022624e+02	1.00000000e-10	7.95022624e+01	-7.67080219e+07	9.44754093e+00
2.60000000e+00	2.18599998e+00	-2.75870177e+06	-1.07373486e+05	1.00000000e-09	1.00000000e-09	1.00000000e-10	1.00000000e-10	0.00000000e+00	8.68190590e+00
2.70000000e+00	2.27007691e+00	-2.85202707e+06	-1.11005869e+05	1.00000000e-09	1.00000000e-09	1.00000000e-10	1.00000000e-10	0.00000000e+00	7.97886054e+00
2.80000000e+00	2.35415383e+00	-2.94535236e+06	-1.14638252e+05	1.00000000e-09	2.04508570e+05	1.00000000e-10	2.04508570e+04	-1.97320773e+10	7.33316685e+00
2.90000000e+00	2.43823075e+00	-3.03562032e+06	-1.18151639e+05	1.00000000e-09	2.88601381e+03	1.00000000e-10	2.88601381e+02	-2.78458001e+08	6.74005227e+00
3.00000000e+00	2.52230767e+00	-3.12473683e+06	-1.21620209e+05	1.00000000e-09	1.00000000e-09	1.00000000e-10	1.00000000e-10	0.00000000e+00	6.19516235e+00
3.10000000e+00	2.60638460e+00	-3.21385335e+06	-1.25088779e+05	1.00000000e-09	1.00000000e-09	1.00000000e-10	1.00000000e-10	0.00000000e+00	5.69451955e+00
3.20000000e+00	2.69046152e+00	-3.30296986e+06	-1.28557349e+05	1.00000000e-09	2.10465043e+05	1.00000000e-10	2.10465043e+04	-2.03067896e+10	5.23448697e+00
3.30000000e+00	2.77453844e+00	-3.38908677e+06	-1.31909169e+05	1.00000000e-09	5.69763571e+03	1.00000000e-10	5.69763571e+02	-5.49738274e+08	4.81173646e+00
3.40000000e+00	2.85861536e+00	-3.47390387e+06	-1.35210399e+05	1.00000000e-09	1.00000000e-09	1.00000000e-10	1.00000000e-10	0.00000000e+00	4.42322017e+00
3.50000000e+00	2.94269229e+00	-3.55872096e+06	-1.38511628e+05	1.00000000e-09	1.00000000e-09	1.00000000e-10	1.00000000e-10	0.00000000e+00	4.06614534e+00
3.60000000e+00	3.02676921e+00	-3.64353806e+06	-1.41812857e+05	1.00000000e-09	2.17481203e+05	1.00000000e-10	2.17481203e+04	-2.09837461e+10	3.73795159e+00
3.70000000e+00	3.11084613e+00	-3.72542129e+06	-1.44999896e+05	1.00000000e-09	9.42406005e+03	1.00000000e-10	9.42406005e+02	-9.09283564e+08	3.43629058e+00
3.80000000e+00	3.19492305e+00	-3.80585846e+06	-1.48130650e+05	1.00000000e-09	1.00000000e-09	1.00000000e-10	1.00000000e-10	0.00000000e+00	3.15900770e+00
3.90000000e+00	3.27899998e+00	-3.88629562e+06	-1.51261405e+05	1.00000000e-09	1.00000000e-09	1.00000000e-10	1.00000000e-10	0.00000000e+00	2.90412542e+00
4.00000000e+00	3.36307690e+00	-3.96673279e+06	-1.54392160e+05	1.00000000e-09	2.25644598e+05	1.00000000e-10	2.25644598e+04	-2.17713940e+10	2.66982829e+00
4.10000000e+00	3.44715382e+00	-4.04431006e+06	-1.57411603e+05	1.00000000e-09	1.43050209e+04	1.00000000e-10	1.43050209e+03	-1.38022470e+09	2.45444929e+00
4.20000000e+00	3.53123074e+00	-4.12029738e+06	-1.60369162e+05	1.00000000e-09	1.00000000e-09	1.00000000e-10	1.00000000e-10	0.00000000e+00	2.25645740e+00
4.30000000e+00	3.61530767e+00	-4.19628469e+06	-1.63326721e+05	1.00000000e-09	1.00000000e-09	1.00000000e-10	1.00000000e-10	0.00000000e+00	2.07444628e+00
4.40000000e+00	3.69938459e+00	-4.27227201e+06	-1.66284280e+05	1.00000000e-09	2.35049021e+05	1.00000000e-10	2.35049021e+04	-2.26787829e+10	1.90712395e+00
4.50000000e+00	3.78346151e+00	-4.34548192e+06	-1.69133737e+05	1.00000000e-09	2.06383508e+04	1.00000000e-10	2.06383508e+03	-1.99129813e+09	1.75330334e+00
4.60000000e+00	3.86753843e+00	-4.41696060e+06	-1.71915812e+05	1.00000000e-09	1.00000000e-09	1.00000000e-10	1.00000000e-10	0.00000000e+00	1.61189369e+00
4.70000000e+00	3.95161536e+00	-4.48843927e+06	-1.74697887e+05	1.00000000e-09	1.00000000e-09	1.00000000e-10	1.00000000e-10	0.00000000e+00	1.48189263e+00
4.80000000e+00	4.03569228e+00	-4.55991795e+06	-1.77479961e+05	1.00000000e-09	2.45791995e+05	1.00000000e-10	2.45791995e+04	-2.37153223e+10	1.36237899e+00
4.90000000e+00	4.11976920e+00	-4.62871058e+06	-1.80157490e+05	1.00000000e-09	2.87963319e+04	1.00000000e-10	2.87963319e+03	-2.77842365e+09	1.25250612e+00
5.00000000e+00	4.20384612e+00	-4.69563353e+06	-1.82762248e+05	1.00000000e-09	1.00000000e-09	1.00000000e-10	1.00000000e-10	0.00000000e+00	1.15149587e+00
5.10000000e+00	4.28792305e+00	-4.76255648e+06	-1.85367006e+05	1.00000000e-09	1.00000000e-09	1.00000000e-10	1.00000000e-10	0.00000000e+00	1.05863300e+00
5.20000000e+00	4.37199997e+00	-4.82947943e+06	-1.87971764e+05	1.00000000e-09	2.57969802e+05	1.00000000e-10	2.57969802e+04	-2.48903020e+10	9.73260072e-01
5.30000000e+00	4.45607689e+00	-4.89381700e+06	-1.90475895e+05	1.00000000e-09	3.92470998e+04	1.00000000e-10	3.92470998e+03	-3.78676946e+09	8.94772759e-01
5.40000000e+00	4.54015381e+00	-4.95614952e+06	-1.92901985e+05	1.00000000e-09	1.00000000e-09	1.00000000e-10	1.00000000e-10	0.00000000e+00	8.22615544e-01
5.50000000e+00	4.62423074e+00	-5.01848204e+06	-1.95328076e+05	1.00000000e-09	1.00000000e-09	1.00000000e-10	1.00000000e-10	0.00000000e+00	7.56277766e-01
5.60000000e+00	4.70830766e+00	-5.08081457e+06	-1.97754166e+05	1.00000000e-09	2.71668353e+05	1.00000000e-10	2.71668353e+04	-2.62120113e+10	6.95289988e-01
5.70000000e+00	4.79238458e+00	-5.14067219e+06	-2.00083929e+05	1.00000000e-09	5.25826996e+04	1.00000000e-10	5.25826996e+03	-5.07345923e+09	6.39220665e-01
5.80000000e+00	4.87646150e+00	-5.19839270e+06	-2.02330513e+05	1.00000000e-09	1.00000000e-09	1.00000000e-10	1.00000000e-10	0.00000000e+00	5.87673079e-01
5.90000000e+00	4.96053843e+00	-5.25611322e+06	-2.04577096e+05	1.00000000e-09	1.00000000e-09	1.00000000e-10	1.00000000e-10	0.00000000e+00	5.40282524e-01
6.00000000e+00	5.04461535e+00	-5.31383373e+06	-2.06823679e+05	1.00000000e-09	2.86946922e+05	1.00000000e-10	2.86946922e+04	-2.76861691e+10	4.96713722e-01
6.10000000e+00	5.12869227e+00	-5.36920027e+06	-2.08978641e+05	1.00000000e-09	6.95557976e+04	1.00000000e-10	6.95557976e+03	-6.71111423e+09	4.56658442e-01
6.20000000e+00	5.21276919e+00	-5.42230120e+06	-2.11045422e+05	1.00000000e-09	1.00000000e-09	1.00000000e-10	1.00000000e-10	0.00000000e+00	4.19833321e-01
6.30000000e+00	5.29684612e+00	-5.47540212e+06	-2.13112202e+05	1.00000000e-09	1.00000000e-09	1.00000000e-10	1.00000000e-10	0.00000000e+00	3.85977854e-01
6.40000000e+00	5.38092304e+00	-5.52850305e+06	-2.15178983e+05	1.00000000e-09	3.03809622e+05	1.00000000e-10	3.03809622e+04	-2.93131722e+10	3.54852548e-01
6.50000000e+00	5.46499996e+00	-5.57938209e+06	-2.17159284e+05	1.00000000e-09	9.11273389e+04	1.00000000e-10	9.11273389e+03	-8.79245156e+09	3.26237227e-01
6.60000000e+00	5.54907688e+00	-5.62787085e+06	-2.19046551e+05	1.00000000e-09	1.00000000e-09	1.00000000e-10	1.00000000e-10	0.00000000e+00	2.99929475e-01
6.70000000e+00	5.63315381e+00	-5.67635960e+06	-2.20933818e+05	1.00000000e-09	1.00000000e-09	1.00000000e-10	1.00000000e-10	0.00000000e+00	2.75743201e-01
6.80000000e+00	5.71723073e+00	-5.72484836e+06	-2.22821085e+05	1.00000000e-09	3.22155538e+05	1.00000000e-10	3.22155538e+04	-3.10832841e+10	2.53507323e-01
6.90000000e+00	5.80130765e+00	-5.77125936e+06	-2.24627482e+05	1.00000000e-09	1.18527252e+05	1.00000000e-10	1.18527252e+04	-1.14361412e+10	2.33064554e-01
7.00000000e+00	5.88538457e+00	-5.81515952e+06	-2.26336153e+05	1.00000000e-09	1.00000000e-09	1.00000000e-10	1.00000000e-10	0.00000000e+00	2.14270296e-01
7.10000000e+00	5.96946150e+00	-5.85905968e+06	-2.28044824e+05	1.00000000e-09	1.00000000e-09	1.00000000e-10	1.00000000e-10	0.00000000e+00	1.96991610e-01
7.20000000e+00	6.05353842e+00	-5.90295983e+06	-2.29753494e+05	1.00000000e-09	3.41691156e+05	1.00000000e-10	3.41691156e+04	-3.29681847e+10	1.81106277e-01
7.30000000e+00	6.13761534e+00	-5.94493944e+06	-2.31387414e+05	1.00000000e-09	1.53328585e+05	1.00000000e-10	1.53328585e+04	-1.47939594e+10	1.66501937e-01
7.40000000e+00	6.22169226e+00	-5.98429208e+06	-2.32919087e+05	1.00000000e-09	1.00000000e-09	1.00000000e-10	1.00000000e-10	0.00000000e+00	1.53075289e-01
7.50000000e+00	6.30576919e+00	-6.02364471e+06	-2.34450760e+05	1.00000000e-09	1.00000000e-09	1.00000000e-10	1.00000000e-10	0.00000000e+00	1.40731363e-01
7.60000000e+00	6.38984611e+00	-6.06299734e+06	-2.35982433e+05	1.00000000e-09	3.61774893e+05	1.00000000e-10	3.61774893e+04	-3.49059707e+10	1.29382849e-01
7.70000000e+00	6.47392303e+00	-6.10060090e+06	-2.37446029e+05	1.00000000e-09	1.97529583e+05	1.00000000e-10	1.97529583e+04	-1.90587074e+10	1.18949475e-01
7.80000000e+00	6.55799995e+00	-6.13546616e+06	-2.38803046e+05	1.00000000e-09	1.00000000e-09	1.00000000e-10	1.00000000e-10	0.00000000e+00	1.09357445e-01
7.90000000e+00	6.64207688e+00	-6.17033141e+06	-2.40160063e+05	1.00000000e-09	1.00000000e-09	1.00000000e-10	1.00000000e-10	0.00000000e+00	1.00538914e-01
8.00000000e+00	6.72615380e+00	-6.20519667e+06	-2.41517079e+05	1.00000000e-09	3.81136711e+05	1.00000000e-10	3.81136711e+04	-3.67741022e+10	9.24315047e-02
8.10000000e+00	6.81023072e+00	-6.23849996e+06	-2.42813301e+05	1.00000000e-09	2.53621229e+05	1.00000000e-10	2.53621229e+04	-2.44707285e+10	8.49778740e-02
8.20000000e+00	6.89430764e+00	-6.26895887e+06	-2.43998815e+05	1.00000000e-09	1.00000000e-09	1.00000000e-10	1.00000000e-10	0.00000000e+00	7.81253008e-02
8.30000000e+00	6.97838457e+00	-6.29941778e+06	-2.45184329e+05	1.00000000e-09	1.00000000e-09	1.00000000e-10	1.00000000e-10	0.00000000e+00	7.18253161e-02
8.40000000e+00	7.06246149e+00	-6.32987669e+06	-2.46369843e+05	1.00000000e-09	3.97362156e+05	1.00000000e-10	3.97362156e+04	-3.83396196e+10	6.60333593e-02
8.50000000e+00	7.14653841e+00	-6.35897792e+06	-2.47502514e+05	1.00000000e-09	3.24571396e+05	1.00000000e-10	3.24571396e+04	-3.13163790e+10	6.07084632e-02
8.60000000e+00	7.23061533e+00	-6.38513448e+06	-2.48520573e+05	1.00000000e-09	1.00000000e-09	1.00000000e-10	1.00000000e-10	0.00000000e+00	5.58129641e-02
8.70000000e+00	7.31469226e+00	-6.41129104e+06	-2.49538632e+05	1.00000000e-09	1.00000000e-09	1.00000000e-10	1.00000000e-10	0.00000000e+00	5.13122357e-02
8.80000000e+00	7.39876918e+00	-6.43744760e+06	-2.50556691e+05	1.00000000e-09	4.05920324e+05	1.00000000e-10	4.05920324e+04	-3.91653573e+10	4.71744438e-02
8.90000000e+00	7.48284610e+00	-6.46246961e+06	-2.51530591e+05	1.00000000e-09	4.13530840e+05	1.00000000e-10	4.13530840e+04	-3.98996605e+10	4.33703214e-02
9.00000000e+00	7.56692302e+00	-6.48445310e+06	-2.52386227e+05	1.00000000e-09	1.00000000e-09	1.00000000e-10	1.00000000e-10	0.00000000e+00	3.98729614e-02
9.10000000e+00	7.65099995e+00	-6.50643658e+06	-2.53241862e+05	1.00000000e-09	1.00000000e-09	1.00000000e-10	1.00000000e-10	0.00000000e+00	3.66576268e-02
9.20000000e+00	7.73507687e+00	-6.52842006e+06	-2.54097498e+05	1.00000000e-09	3.98286639e+05	1.00000000e-10	3.98286639e+04	-3.84288186e+10	3.37015752e-02
9.30000000e+00	7.81915379e+00	-6.54951264e+06	-2.54918458e+05	1.00000000e-09	5.22717142e+05	1.00000000e-10	5.22717142e+04	-5.04345371e+10	3.09838980e-02
9.40000000e+00	7.90323071e+00	-6.56748011e+06	-2.55617783e+05	1.00000000e-09	1.00000000e-09	1.00000000e-10	1.00000000e-10	0.00000000e+00	2.84853728e-02
9.50000000e+00	7.98730764e+00	-6.58544757e+06	-2.56317108e+05	1.00000000e-09	1.00000000e-09	1.00000000e-10	1.00000000e-10	0.00000000e+00	2.61883275e-02
9.60000000e+00	8.07138456e+00	-6.60341503e+06	-2.57016433e+05	1.00000000e-09	3.58241275e+05	1.00000000e-10	3.58241275e+04	-3.45650284e+10	2.40765146e-02
9.70000000e+00	8.15546148e+00	-6.62075711e+06	-2.57691417e+05	1.00000000e-09	6.49925279e+05	1.00000000e-10	6.49925279e+04	-6.27082564e+10	2.21349973e-02
9.80000000e+00	8.23953840e+00	-6.63489581e+06	-2.58241720e+05	1.00000000e-09	1.00000000e-09	1.00000000e-10	1.00000000e-10	0.00000000e+00	2.03500429e-02
9.90000000e+00	8.32361533e+00	-6.64903452e+06	-2.58792023e+05	1.00000000e-09	1.00000000e-09	1.00000000e-10	1.00000000e-10	0.00000000e+00	1.87090262e-02
1.00000000e+01	8.40769225e+00	-6.66317322e+06	-2.59342326e+05	1.00000000e-09	2.54576479e+05	1.00000000e-10	2.54576479e+04	-2.45628962e+10	1.72003403e-02
1.01000000e+01	8.49176917e+00	-6.67697440e+06	-2.59879492e+05	1.00000000e-09	7.78041419e+05	1.00000000e-10	7.78041419e+04	-7.50695847e+10	1.58133140e-02
1.02000000e+01	8.57584609e+00	-6.68750361e+06	-2.60289307e+05	1.00000000e-09	1.00000000e-09	1.00000000e-10	1.00000000e-10	0.00000000e+00	1.45381368e-02
1.03000000e+01	8.65992302e+00	-6.69803283e+06	-2.60699122e+05	1.00000000e-09	1.00000000e-09	1.00000000e-10	1.00000000e-10	0.00000000e+00	1.33657892e-02
1.04000000e+01	8.74399994e+00	-6.70856204e+06	-2.61108938e+05	1.00000000e-09	2.81039721e+04	1.00000000e-10	2.81039721e+03	-2.71162109e+09	1.22879791e-02
1.05000000e+01	8.82807686e+00	-6.71906219e+06	-2.61517622e+05	1.00000000e-09	8.42996148e+05	1.00000000e-10	8.42996148e+04	-8.13367633e+10	1.12970830e-02
1.06000000e+01	8.91215378e+00	-6.72623313e+06	-2.61796727e+05	1.00000000e-09	1.29529897e+05	1.00000000e-10	1.29529897e+04	-1.24977352e+10	1.03860923e-02
1.07000000e+01	8.99623071e+00	-6.73328224e+06	-2.62071091e+05	1.00000000e-09	1.00000000e-09	1.00000000e-10	1.00000000e-10	0.00000000e+00	9.54856333e-03
1.08000000e+01	9.08030763e+00	-6.74033135e+06	-2.62345455e+05	1.00000000e-09	1.00000000e-09	1.00000000e-10	1.00000000e-10	0.00000000e+00	8.77857228e-03
1.09000000e+01	9.16438455e+00	-6.74738047e+06	-2.62619819e+05	1.00000000e-09	6.59731598e+05	1.00000000e-10	6.59731598e+04	-6.36544223e+10	8.07067289e-03
1.10000000e+01	9.24846147e+00	-6.75105642e+06	-2.62762893e+05	1.00000000e-09	1.01968069e+06	1.00000000e-10	1.01968069e+05	-9.83842301e+10	7.41985814e-03
1.11000000e+01	9.33253840e+00	-6.75427187e+06	-2.62888044e+05	1.00000000e-09	2.00241105e+04	1.00000000e-10	2.00241105e+03	-1.93203295e+09	6.82152474e-03
1.12000000e+01	9.41661532e+00	-6.75748732e+06	-2.63013195e+05	1.00000000e-09	1.00000000e-09	1.00000000e-10	1.00000000e-10	0.00000000e+00	6.27144062e-03
1.13000000e+01	9.50069224e+00	-6.76070277e+06	-2.63138346e+05	1.00000000e-09	1.00000000e-09	1.00000000e-10	1.00000000e-10	0.00000000e+00	5.76571500e-03
1.14000000e+01	9.58476916e+00	-6.76051679e+06	-2.63131107e+05	1.00000000e-09	6.00488218e+04	1.00000000e-10	6.00488218e+03	-5.79383052e+09	5.30077082e-03
1.15000000e+01	9.66884609e+00	-6.75953785e+06	-2.63093005e+05	1.00000000e-09	1.00000000e-09	1.00000000e-10	1.00000000e-10	0.00000000e+00	4.87331949e-03
1.16000000e+01	9.75292301e+00	-6.75855892e+06	-2.63054903e+05	1.00000000e-09	1.00000000e-09	1.00000000e-10	1.00000000e-10	0.00000000e+00	4.48033760e-03
1.17000000e+01	9.83699993e+00	-6.75757998e+06	-2.63016802e+05	1.00000000e-09	1.21577191e+05	1.00000000e-10	1.21577191e+04	-1.17304157e+10	4.11904557e-03
1.18000000e+01	9.92107685e+00	-6.75318988e+06	-2.62845931e+05	1.00000000e-09	2.56561148e+04	1.00000000e-10	2.56561148e+03	-2.47543875e+09	3.78688794e-03
1.19000000e+01	1.00051538e+01	-6.74766797e+06	-2.62631009e+05	3.33760049e+03	1.00000000e-09	3.33760049e+02	1.00000000e-10	3.22029492e+08	3.48151531e-03
1.20000000e+01	1.00892307e+01	-6.74214606e+06	-2.62416086e+05	4.37870092e+03	1.00000000e-09	4.37870092e+02	1.00000000e-10	4.22480412e+08	3.20076778e-03
1.21000000e+01	1.01733076e+01	-6.73662415e+06	-2.62201164e+05	1.00000000e-09	5.64198258e+04	1.00000000e-10	5.64198258e+03	-5.44368563e+09	2.94265957e-03
1.22000000e+01	1.02573845e+01	-6.72771142e+06	-2.61854265e+05	1.00000000e-09	1.92900215e+04	1.00000000e-10	1.92900215e+03	-1.86120413e+09	2.70536508e-03
1.23000000e+01	1.03414615e+01	-6.71730645e+06	-2.61449285e+05	3.51356310e+02	1.00000000e-09	3.51356310e+01	1.00000000e-10	3.39007303e+07	2.48720588e-03
1.24000000e+01	1.04255384e+01	-6.70690148e+06	-2.61044306e+05	3.17442381e+03	1.00000000e-09	3.17442381e+02	1.00000000e-10	3.06285335e+08	2.28663893e-03
1.25000000e+01	1.05096153e+01	-6.69649650e+06	-2.60639326e+05	4.32491272e+02	3.47523273e+04	4.32491272e+01	3.47523273e+03	-3.31136077e+09	2.10224558e-03
1.26000000e+01	1.05936922e+01	-6.68281772e+06	-2.60106924e+05	1.00000000e-09	1.74414900e+04	1.00000000e-10	1.74414900e+03	-1.68284795e+09	1.93272162e-03
1.27000000e+01	1.06777692e+01	-6.66717285e+06	-2.59497998e+05	1.00000000e-09	1.00000000e-09	1.00000000e-10	1.00000000e-10	0.00000000e+00	1.77686798e-03
1.28000000e+01	1.07618461e+01	-6.65152798e+06	-2.58889073e+05	2.20840786e+03	1.00000000e-09	2.20840786e+02	1.00000000e-10	2.13078966e+08	1.63358230e-03
1.29000000e+01	1.08459230e+01	-6.63588311e+06	-2.58280147e+05	1.12401920e+03	1.63420749e+04	1.12401920e+02	1.63420749e+03	-1.46831916e+09	1.50185109e-03
1.30000000e+01	1.09299999e+01	-6.61817736e+06	-2.57591008e+05	1.00000000e-09	4.63951229e+03	1.00000000e-10	4.63951229e+02	-4.47644884e+08	1.38074262e-03
1.31000000e+01	1.10140768e+01	-6.59985029e+06	-2.56877687e+05	1.00000000e-09	1.61235843e+03	1.00000000e-10	1.61235843e+02	-1.55568939e+08	1.26940027e-03
1.32000000e+01	1.10981538e+01	-6.58129842e+06	-2.56155615e+05	1.77100685e+03	8.74854419e+02	1.77100685e+02	8.74854419e+01	8.64655652e+07	1.16703651e-03
1.33000000e+01	1.11822307e+01	-6.56262349e+06	-2.55428755e+05	1.78164156e+03	4.96424747e+02	1.78164156e+02	4.96424747e+01	1.24004571e+08	1.07292731e-03
1.34000000e+01	1.12663076e+01	-6.54388315e+06	-2.54699348e+05	1.00000000e-09	1.00000000e-09	1.00000000e-10	1.00000000e-10	0.00000000e+00	9.86407027e-04
1.35000000e+01	1.13503845e+01	-6.52515311e+06	-2.53970342e+05	1.00000000e-09	1.00000000e-09	1.00000000e-10	1.00000000e-10	0.00000000e+00	9.06863691e-04
1.36000000e+01	1.14344615e+01	-6.50642307e+06	-2.53241336e+05	1.29633558e+03	6.50047506e+01	1.29633558e+02	6.50047506e+00	1.18805364e+08	8.33734687e-04
1.37000000e+01	1.15185384e+01	-6.48768384e+06	-2.52511973e+05	2.33336540e+03	2.24672530e+02	2.33336540e+02	2.24672530e+01	2.03457932e+08	7.66502767e-04
1.38000000e+01	1.16026153e+01	-6.46891430e+06	-2.51781430e+05	1.00000000e-09	1.00000000e-09	1.00000000e-10	1.00000000e-10	0.00000000e+00	7.04692393e-04
1.39000000e+01	1.16866922e+01	-6.45015624e+06	-2.51051333e+05	1.00000000e-09	1.00000000e-09	1.00000000e-10	1.00000000e-10	0.00000000e+00	6.47866374e-04
1.40000000e+01	1.17707691e+01	-6.43139817e+06	-2.50321236e+05	6.35623125e+02	1.09632152e+01	6.35623125e+01	1.09632152e+00	6.02705189e+07	5.95622776e-04
1.41000000e+01	1.18548461e+01	-6.41263855e+06	-2.49591079e+05	2.73131767e+03	1.93802106e+02	2.73131767e+02	1.93802106e+01	2.44833032e+08	5.47592073e-04
1.42000000e+01	1.19389230e+01	-6.39385145e+06	-2.48859853e+05	1.00000000e-09	3.59587685e+01	1.00000000e-10	3.59587685e+00	-3.46949372e+06	5.03434541e-04
1.43000000e+01	1.20229999e+01	-6.37507058e+06	-2.48128868e+05	1.00000000e-09	1.44185294e+01	1.00000000e-10	1.44185294e+00	-1.39117660e+06	4.62837848e-04
1.44000000e+01	1.21070768e+01	-6.35628999e+06	-2.47397895e+05	1.00000000e-09	2.95706198e+01	1.00000000e-10	2.95706198e+00	-2.85313107e+06	4.25514851e-04
1.45000000e+01	1.21911538e+01	-6.33750520e+06	-2.46666758e+05	2.91393936e+03	1.53977722e+01	2.91393936e+02	1.53977722e+00	2.79666747e+08	3.91201561e-04
1.46000000e+01	1.22752307e+01	-6.31871822e+06	-2.45935536e+05	5.74245850e+02	1.00000000e-09	5.74245850e+01	1.00000000e-10	5.54063016e+07	3.59655276e-04
1.47000000e+01	1.23593076e+01	-6.29994196e+06	-2.45204731e+05	1.00000000e-09	1.00000000e-09	1.00000000e-10	1.00000000e-10	0.00000000e+00	3.30652866e-04
1.48000000e+01	1.24433845e+01	-6.28117034e+06	-2.44474107e+05	1.00000000e-09	4.21464386e+00	1.00000000e-10	4.21464386e-01	-4.06651312e+05	3.03989196e-04
1.49000000e+01	1.25274615e+01	-6.26239813e+06	-2.43743460e+05	2.85402086e+03	9.91523723e+00	2.85402086e+02	9.91523723e-01	2.74414475e+08	2.79475669e-04
1.50000000e+01	1.26115384e+01	-6.24362451e+06	-2.43012758e+05	1.44527092e+03	1.00000000e-09	1.44527092e+02	1.00000000e-10	1.39447445e+08	2.56938901e-04
1.51000000e+01	1.26956153e+01	-6.22486054e+06	-2.42282431e+05	1.00000000e-09	1.00000000e-09	1.00000000e-10	1.00000000e-10	0.00000000e+00	2.36219485e-04
1.52000000e+01	1.27796922e+01	-6.20610334e+06	-2.41552368e+05	1.00000000e-09	1.00000000e-09	1.00000000e-10	1.00000000e-10	0.00000000e+00	2.17170872e-04
1.53000000e+01	1.28637691e+01	-6.18734613e+06	-2.40822305e+05	2.53852305e+03	1.00000000e-09	2.53852305e+02	1.00000000e-10	2.44930240e+08	1.99658328e-04
1.54000000e+01	1.29478461e+01	-6.16858893e+06	-2.40092242e+05	2.27955143e+03	7.28471519e-01	2.27955143e+02	7.28471519e-02	2.19872990e+08	1.83557987e-04
1.55000000e+01	1.30319230e+01	-6.14983981e+06	-2.39362494e+05	1.00000000e-09	1.00000000e-09	1.00000000e-10	1.00000000e-10	0.00000000e+00	1.68755969e-04
1.56000000e+01	1.31159999e+01	-6.13109929e+06	-2.38633080e+05	1.00000000e-09	1.00000000e-09	1.00000000e-10	1.00000000e-10	0.00000000e+00	1.55147578e-04
1.57000000e+01	1.32000768e+01	-6.11235878e+06	-2.37903667e+05	1.97597402e+03	1.00000000e-09	1.97597402e+02	1.00000000e-10	1.90652510e+08	1.42636560e-04
1.58000000e+01	1.32841538e+01	-6.09361826e+06	-2.37174253e+05	3.00378648e+03	4.15033734e-01	3.00378648e+02	4.15033734e-02	2.89781292e+08	1.31134424e-04
1.59000000e+01	1.33682307e+01	-6.07488403e+06	-2.36445084e+05	1.00000000e-09	2.03846199e-01	1.00000000e-10	2.03846199e-02	-1.96681681e+04	1.20559814e-04
1.60000000e+01	1.34523076e+01	-6.05615988e+06	-2.35716307e+05	1.00000000e-09	1.00000000e-09	1.00000000e-10	1.00000000e-10	0.00000000e+00	1.10837935e-04
1.61000000e+01	1.35363845e+01	-6.03743573e+06	-2.34987531e+05	1.19582328e+03	1.00000000e-09	1.19582328e+02	1.00000000e-10	1.15379407e+08	1.01900023e-04
1.62000000e+01	1.36204614e+01	-6.01871158e+06	-2.34258754e+05	3.55009026e+03	7.90002863e-03	3.55009026e+02	7.90002863e-04	3.42530875e+08	9.36828597e-05
1.63000000e+01	1.37045384e+01	-5.99999163e+06	-2.33530141e+05	1.00000000e-09	7.41910411e-03	1.00000000e-10	7.41910411e-04	-7.15834627e+02	8.61283240e-05
1.64000000e+01	1.37886153e+01	-5.98128289e+06	-2.32801964e+05	1.00000000e-09	1.00000000e-09	1.00000000e-10	1.00000000e-10	0.00000000e+00	7.91829819e-05
1.65000000e+01	1.38726922e+01	-5.96257415e+06	-2.32073787e+05	2.46864762e+02	1.00000000e-09	2.46864762e+01	1.00000000e-10	2.38188286e+07	7.27977085e-05
1.66000000e+01	1.39567691e+01	-5.94386540e+06	-2.31345610e+05	3.86154843e+03	1.03437932e-03	3.86154843e+02	1.03437932e-04	3.72582683e+08	6.69273402e-05
1.67000000e+01	1.40408461e+01	-5.92515853e+06	-2.30617507e+05	2.55071233e+02	5.39671133e-03	2.55071233e+01	5.39671133e-04	2.46101119e+07	6.15303552e-05
1.68000000e+01	1.41249230e+01	-5.90646350e+06	-2.29889863e+05	1.00000000e-09	1.11462596e-03	1.00000000e-10	1.11462596e-04	-1.07544959e+02	5.65685802e-05
1.69000000e+01	1.42089999e+01	-5.88776846e+06	-2.29162220e+05	1.00000000e-09	1.00000000e-09	1.00000000e-10	1.00000000e-10	0.00000000e+00	5.20069201e-05
1.70000000e+01	1.42930768e+01	-5.86907342e+06	-2.28434576e+05	3.89721315e+03	1.00000000e-09	3.89721315e+02	1.00000000e-10	3.76023905e+08	4.78131098e-05
1.71000000e+01	1.43771537e+01	-5.85037838e+06	-2.27706933e+05	1.34147950e+03	1.00000000e-09	1.34147950e+02	1.00000000e-10	1.29433095e+08	4.39574862e-05
1.72000000e+01	1.44612307e+01	-5.83169532e+06	-2.26979755e+05	1.00000000e-09	1.00000000e-09	1.00000000e-10	1.00000000e-10	0.00000000e+00	4.04127779e-05
1.73000000e+01	1.45453076e+01	-5.81301390e+06	-2.26252642e+05	1.00000000e-09	1.00000000e-09	1.00000000e-10	1.00000000e-10	0.00000000e+00	3.71539131e-05
1.74000000e+01	1.46293845e+01	-5.79433249e+06	-2.25525529e+05	3.63492101e+03	1.41675617e-04	3.63492101e+02	1.41675617e-05	3.50716548e+08	3.41578414e-05
1.75000000e+01	1.47134614e+01	-5.77565107e+06	-2.24798415e+05	2.40236265e+03	1.92771753e-04	2.40236265e+02	1.92771753e-05	2.31792740e+08	3.14033713e-05
1.76000000e+01	1.47975384e+01	-5.75698127e+06	-2.24071754e+05	1.00000000e-09	1.00000000e-09	1.00000000e-10	1.00000000e-10	0.00000000e+00	2.88710202e-05
1.77000000e+01	1.48816153e+01	-5.73831556e+06	-2.23345252e+05	1.00000000e-09	1.00000000e-09	1.00000000e-10	1.00000000e-10	0.00000000e+00	2.65428765e-05
1.78000000e+01	1.49656922e+01	-5.71964985e+06	-2.22618750e+05	3.07743621e+03	5.35416565e-05	3.07743621e+02	5.35416565e-06	2.96927450e+08	2.44024731e-05
1.79000000e+01	1.50497691e+01	-5.70098413e+06	-2.21892248e+05	3.36773443e+03	1.13897724e-04	3.36773443e+02	1.13897724e-05	3.24936964e+08	2.24346707e-05
1.80000000e+01	1.51338460e+01	-5.68232918e+06	-2.21166165e+05	1.00000000e-09	1.00000000e-09	1.00000000e-10	1.00000000e-10	0.00000000e+00	2.06255509e-05
1.81000000e+01	1.52179230e+01	-5.66368062e+06	-2.20440330e+05	1.00000000e-09	1.00000000e-09	1.00000000e-10	1.00000000e-10	0.00000000e+00	1.89623175e-05
1.82000000e+01	1.53019999e+01	-5.64503206e+06	-2.19714496e+05	2.24839195e+03	2.70267545e-05	2.24839195e+02	2.70267545e-06	2.16936842e+08	1.74332063e-05
1.83000000e+01	1.53860768e+01	-5.62638350e+06	-2.18988661e+05	4.15839537e+03	8.38328683e-05	4.15839537e+02	8.38328683e-06	4.01224151e+08	1.60274019e-05
1.84000000e+01	1.54701537e+01	-5.60774437e+06	-2.18263194e+05	1.00000000e-09	1.00000000e-09	1.00000000e-10	1.00000000e-10	0.00000000e+00	1.47349607e-05
1.85000000e+01	1.55542307e+01	-5.58911372e+06	-2.17538056e+05	1.00000000e-09	1.00000000e-09	1.00000000e-10	1.00000000e-10	0.00000000e+00	1.35467414e-05
1.86000000e+01	1.56383076e+01	-5.57048306e+06	-2.16812919e+05	1.19344318e+03	1.29798337e-05	1.19344318e+02	1.29798337e-06	1.15149760e+08	1.24543394e-05
1.87000000e+01	1.57223845e+01	-5.55185241e+06	-2.16087781e+05	4.70450216e+03	6.88491197e-05	4.70450216e+02	6.88491197e-06	4.53915447e+08	1.14500281e-05
1.88000000e+01	1.58064614e+01	-5.53322945e+06	-2.15362943e+05	1.00000000e-09	1.00000000e-09	1.00000000e-10	1.00000000e-10	0.00000000e+00	1.05267039e-05
1.89000000e+01	1.58905384e+01	-5.51461674e+06	-2.14638504e+05	1.00000000e-09	1.00000000e-09	1.00000000e-10	1.00000000e-10	0.00000000e+00	9.67783615e-06
1.90000000e+01	1.59746153e+01	-5.49600404e+06	-2.13914065e+05	1.00000000e-09	2.86788730e-06	1.00000000e-10	2.86788730e-07	-2.76612573e-01	8.89742061e-06
1.91000000e+01	1.60586922e+01	-5.47739133e+06	-2.13189626e+05	4.95130450e+03	6.08490131e-05	4.95130450e+02	6.08490131e-06	4.77728253e+08	8.17993736e-06
1.92000000e+01	1.61427691e+01	-5.45878422e+06	-2.12465404e+05	6.20841036e+02	3.60528657e-07	6.20841036e+01	3.60528657e-08	5.99020535e+07	7.52031158e-06
1.93000000e+01	1.62268460e+01	-5.44018876e+06	-2.11741637e+05	1.00000000e-09	1.00000000e-09	1.00000000e-10	1.00000000e-10	0.00000000e+00	6.91387767e-06
1.94000000e+01	1.63109230e+01	-5.42159331e+06	-2.11017870e+05	1.00000000e-09	1.00000000e-09	1.00000000e-10	1.00000000e-10	0.00000000e+00	6.35634627e-06
1.95000000e+01	1.63949999e+01	-5.40299785e+06	-2.10294102e+05	4.86394276e+03	5.62044468e-05	4.86394276e+02	5.62044468e-06	4.69299127e+08	5.84377390e-06
1.96000000e+01	1.64790768e+01	-5.38440562e+06	-2.09570460e+05	1.94146045e+03	8.78670948e-06	1.94146045e+02	8.78670948e-07	1.87322456e+08	5.37253509e-06
1.97000000e+01	1.65631537e+01	-5.36582600e+06	-2.08847309e+05	1.00000000e-09	1.00000000e-09	1.00000000e-10	1.00000000e-10	0.00000000e+00	4.93929673e-06
1.98000000e+01	1.66472307e+01	-5.34724639e+06	-2.08124158e+05	1.00000000e-09	1.00000000e-09	1.00000000e-10	1.00000000e-10	0.00000000e+00	4.54099448e-06
1.99000000e+01	1.67313076e+01	-5.32866678e+06	-2.07401007e+05	4.43091166e+03	5.29796004e-05	4.43091166e+02	5.29796004e-06	4.27517978e+08	4.17481111e-06
2.00000000e+01	1.68153845e+01	-5.31008781e+06	-2.06677881e+05	3.20689728e+03	1.86361159e-05	3.20689728e+02	1.86361159e-06	3.09418547e+08	3.83815657e-06
2.01000000e+01	1.68994614e+01	-5.29152195e+06	-2.05955265e+05	1.00000000e-09	1.00000000e-09	1.00000000e-10	1.00000000e-10	0.00000000e+00	3.52864967e-06
2.02000000e+01	1.69835383e+01	-5.27295662e+06	-2.05232670e+05	1.00000000e-09	1.00000000e-09	1.00000000e-10	1.00000000e-10	0.00000000e+00	3.24410125e-06
2.03000000e+01	1.70676153e+01	-5.25439128e+06	-2.04510075e+05	3.66470526e+03	5.29701051e-05	3.66470526e+02	5.29701051e-06	3.53590299e+08	2.98249865e-06
2.04000000e+01	1.71516922e+01	-5.23582595e+06	-2.03787480e+05	4.30202950e+03	3.42320805e-05	4.30202950e+02	3.42320805e-06	4.15082742e+08	2.74199155e-06
2.05000000e+01	1.72357691e+01	-5.21727367e+06	-2.03065393e+05	1.00000000e-09	1.00000000e-09	1.00000000e-10	1.00000000e-10	0.00000000e+00	2.52087882e-06
2.06000000e+01	1.73198460e+01	-5.19872459e+06	-2.02343430e+05	1.00000000e-09	1.00000000e-09	1.00000000e-10	1.00000000e-10	0.00000000e+00	2.31759650e-06
2.07000000e+01	1.74039230e+01	-5.18017550e+06	-2.01621467e+05	2.60526594e+03	1.00000000e-09	2.60526594e+02	1.00000000e-10	2.51369949e+08	2.13070675e-06
2.08000000e+01	1.74879999e+01	-5.16162642e+06	-2.00899505e+05	5.16525351e+03	1.00000000e-09	5.16525351e+02	1.00000000e-10	4.98371200e+08	1.95888770e-06
2.09000000e+01	1.75720768e+01	-5.14308984e+06	-2.00178029e+05	1.00000000e-09	6.06879913e-06	1.00000000e-10	6.06879913e-07	-5.85453614e-01	1.80092404e-06
2.10000000e+01	1.76561537e+01	-5.12455905e+06	-1.99456778e+05	1.00000000e-09	7.41643845e-06	1.00000000e-10	7.41643845e-07	-7.15481042e-01	1.65569849e-06
2.11000000e+01	1.77402306e+01	-5.10602826e+06	-1.98735527e+05	1.31330604e+03	1.00000000e-09	1.31330604e+02	1.00000000e-10	1.26714769e+08	1.52218384e-06
2.12000000e+01	1.78243076e+01	-5.08749747e+06	-1.98014277e+05	5.72606185e+03	1.00000000e-09	5.72606185e+02	1.00000000e-10	5.52480979e+08	1.39943575e-06
2.13000000e+01	1.79083845e+01	-5.06897812e+06	-1.97293471e+05	1.00000000e-09	9.19060166e-07	1.00000000e-10	9.19060166e-08	-8.85793400e-02	1.28658600e-06
2.14000000e+01	1.79924614e+01	-5.05046702e+06	-1.96572987e+05	1.00000000e-09	3.31082184e-06	1.00000000e-10	3.31082184e-07	-3.19349259e-01	1.18283639e-06
2.15000000e+01	1.80765383e+01	-5.03195592e+06	-1.95852503e+05	1.00000000e-09	1.00000000e-09	1.00000000e-10	1.00000000e-10	0.00000000e+00	1.08745310e-06
2.16000000e+01	1.81606153e+01	-5.01344482e+06	-1.95132018e+05	5.93282545e+03	1.00000000e-09	5.93282545e+02	1.00000000e-10	5.72430634e+08	9.99761460e-07
2.17000000e+01	1.82446922e+01	-4.99494360e+06	-1.94411919e+05	8.04312820e+02	3.21545512e-07	8.04312820e+01	3.21545512e-08	7.76043896e+07	9.19141229e-07
2.18000000e+01	1.83287691e+01	-4.97645285e+06	-1.93692226e+05	1.00000000e-09	2.18117053e-06	1.00000000e-10	2.18117053e-07	-2.10354478e-01	8.45022171e-07
2.19000000e+01	1.84128460e+01	-4.95796209e+06	-1.92972534e+05	1.00000000e-09	1.00000000e-09	1.00000000e-10	1.00000000e-10	0.00000000e+00	7.76880034e-07
2.20000000e+01	1.84969229e+01	-4.93947134e+06	-1.92252841e+05	5.75716076e+03	1.00000000e-09	5.75716076e+02	1.00000000e-10	5.55481568e+08	7.14232843e-07
2.21000000e+01	1.85809999e+01	-4.92098847e+06	-1.91533456e+05	2.31600391e+03	7.60921339e-08	2.31600391e+02	7.60921339e-09	2.23460407e+08	6.56637488e-07
2.22000000e+01	1.86650768e+01	-4.90251794e+06	-1.90814551e+05	1.00000000e-09	1.64872938e-06	1.00000000e-10	1.64872938e-07	-1.58981717e-01	6.03686592e-07
2.23000000e+01	1.87491537e+01	-4.88404741e+06	-1.90095646e+05	1.00000000e-09	1.00000000e-09	1.00000000e-10	1.00000000e-10	0.00000000e+00	5.55005627e-07
2.24000000e+01	1.88332306e+01	-4.86557688e+06	-1.89376740e+05	5.19672110e+03	1.00000000e-09	5.19672110e+02	1.00000000e-10	5.01407361e+08	5.10250270e-07
2.25000000e+01	1.89173076e+01	-4.84711188e+06	-1.88658050e+05	3.73816667e+03	1.00000000e-09	3.73816667e+02	1.00000000e-10	3.60678253e+08	4.69103960e-07
2.26000000e+01	1.90013845e+01	-4.82866068e+06	-1.87939897e+05	1.00000000e-09	1.32736509e-06	1.00000000e-10	1.32736509e-07	-1.27974777e-01	4.31275667e-07
2.27000000e+01	1.90854614e+01	-4.81020947e+06	-1.87221744e+05	1.00000000e-09	1.07597640e-07	1.00000000e-10	1.07597640e-08	-1.02851087e-02	3.96497828e-07
2.28000000e+01	1.91695383e+01	-4.79175827e+06	-1.86503591e+05	4.27629431e+03	1.00000000e-09	4.27629431e+02	1.00000000e-10	4.12599676e+08	3.64524455e-07
2.29000000e+01	1.92536153e+01	-4.77330993e+06	-1.85785550e+05	4.97154869e+03	1.00000000e-09	4.97154869e+02	1.00000000e-10	4.79681527e+08	3.35129397e-07
2.30000000e+01	1.93376922e+01	-4.75487639e+06	-1.85068084e+05	1.00000000e-09	1.09153386e-06	1.00000000e-10	1.09153386e-07	-1.05220522e-01	3.08104742e-07
2.31000000e+01	1.94217691e+01	-4.73644284e+06	-1.84350618e+05	1.00000000e-09	1.95509830e-07	1.00000000e-10	1.95509830e-08	-1.87673455e-02	2.83259340e-07
2.32000000e+01	1.95058460e+01	-4.71800930e+06	-1.83633152e+05	3.04680050e+03	1.00000000e-09	3.04680050e+02	1.00000000e-10	2.93971558e+08	2.60417458e-07
2.33000000e+01	1.95899229e+01	-4.69957577e+06	-1.82915687e+05	5.92759959e+03	1.00000000e-09	5.92759959e+02	1.00000000e-10	5.71926415e+08	2.39417533e-07
2.34000000e+01	1.96739999e+01	-4.68115750e+06	-1.82198816e+05	1.00000000e-09	9.10273987e-07	1.00000000e-10	9.10273987e-08	-8.77316026e-02	2.20111031e-07
2.35000000e+01	1.97580768e+01	-4.66274060e+06	-1.81481998e+05	1.00000000e-09	2.69112434e-07	1.00000000e-10	2.69112434e-08	-2.58689172e-02	2.02361395e-07
2.36000000e+01	1.98421537e+01	-4.64432369e+06	-1.80765180e+05	1.57922644e+03	1.00000000e-09	1.57922644e+02	1.00000000e-10	1.52372188e+08	1.86043080e-07
2.37000000e+01	1.99262306e+01	-4.62590679e+06	-1.80048362e+05	6.51206223e+03	1.00000000e-09	6.51206223e+02	1.00000000e-10	6.28318487e+08	1.71040665e-07
2.38000000e+01	2.00103076e+01	-4.60750508e+06	-1.79332136e+05	1.00000000e-09	7.66055960e-07	1.00000000e-10	7.66055960e-08	-7.38166784e-02	1.57248037e-07
2.39000000e+01	2.00943845e+01	-4.58910769e+06	-1.78616077e+05	1.00000000e-09	3.36220750e-07	1.00000000e-10	3.36220750e-08	-3.23438854e-02	1.44567640e-07
2.40000000e+01	2.01784614e+01	-4.57071030e+06	-1.77900018e+05	1.00000000e-09	1.00000000e-09	1.00000000e-10	1.00000000e-10	0.00000000e+00	1.32909782e-07
2.41000000e+01	2.02625383e+01	-4.55231291e+06	-1.77183960e+05	6.70193312e+03	1.00000000e-09	6.70193312e+02	1.00000000e-10	6.46638243e+08	1.22192009e-07
2.42000000e+01	2.03466152e+01	-4.53393008e+06	-1.76468468e+05	7.44232034e+02	6.47081634e-07	7.44232034e+01	6.47081634e-08	7.18074749e+07	1.12338510e-07
2.43000000e+01	2.04306922e+01	-4.51555447e+06	-1.75753257e+05	1.00000000e-09	4.03113825e-07	1.00000000e-10	4.03113825e-08	-3.87980860e-02	1.03279593e-07
2.44000000e+01	2.05147691e+01	-4.49717886e+06	-1.75038046e+05	1.00000000e-09	1.00000000e-09	1.00000000e-10	1.00000000e-10	0.00000000e+00	9.49511815e-08
2.45000000e+01	2.05988460e+01	-4.47880325e+06	-1.74322836e+05	6.47639689e+03	1.00000000e-09	6.47639689e+02	1.00000000e-10	6.24877305e+08	8.72943689e-08
2.46000000e+01	2.06829229e+01	-4.46044102e+06	-1.73608146e+05	2.38381256e+03	5.44134797e-07	2.38381256e+02	5.44134797e-08	2.30002946e+08	8.02549976e-08
2.47000000e+01	2.07669999e+01	-4.44208876e+06	-1.72893844e+05	1.00000000e-09	4.76012495e-07	1.00000000e-10	4.76012495e-08	-4.58317384e-02	7.37832774e-08
2.48000000e+01	2.08510768e+01	-4.42373651e+06	-1.72179542e+05	1.00000000e-09	1.00000000e-09	1.00000000e-10	1.00000000e-10	0.00000000e+00	6.78334333e-08
2.49000000e+01	2.09351537e+01	-4.40538425e+06	-1.71465240e+05	5.84265199e+03	1.00000000e-09	5.84265199e+02	1.00000000e-10	5.63730218e+08	6.23633815e-08
2.50000000e+01	2.10192306e+01	-4.38704368e+06	-1.70751393e+05	3.90600345e+03	4.47181998e-07	3.90600345e+02	4.47181998e-08	3.76872041e+08	5.73344317e-08
2.51000000e+01	2.11033075e+01	-4.36871558e+06	-1.70038031e+05	1.00000000e-09	5.62533115e-07	1.00000000e-10	5.62533115e-08	-5.41797091e-02	5.27110137e-08
2.52000000e+01	2.11873845e+01	-4.35038747e+06	-1.69324670e+05	1.00000000e-09	1.00000000e-09	1.00000000e-10	1.00000000e-10	0.00000000e+00	4.84604257e-08
2.53000000e+01	2.12714614e+01	-4.33205936e+06	-1.68611308e+05	4.83598708e+03	1.00000000e-09	4.83598708e+02	1.00000000e-10	4.66601819e+08	4.45526029e-08
2.54000000e+01	2.13555383e+01	-4.31374078e+06	-1.67898316e+05	5.20943755e+03	3.36564346e-07	5.20943755e+02	3.36564346e-08	5.02634312e+08	4.09599048e-08
2.55000000e+01	2.14396152e+01	-4.29543681e+06	-1.67185894e+05	1.00000000e-09	6.73271942e-07	1.00000000e-10	6.73271942e-08	-6.48643816e-02	3.76569199e-08
2.56000000e+01	2.15236922e+01	-4.27713283e+06	-1.66473471e+05	1.00000000e-09	1.00000000e-09	1.00000000e-10	1.00000000e-10	0.00000000e+00	3.46202860e-08
2.57000000e+01	2.16077691e+01	-4.25882886e+06	-1.65761049e+05	3.51783303e+03	1.00000000e-09	3.51783303e+02	1.00000000e-10	3.39419288e+08	3.18285246e-08
2.58000000e+01	2.16918460e+01	-4.24053183e+06	-1.65048897e+05	6.20660969e+03	1.29907359e-07	6.20660969e+02	1.29907359e-08	5.98846798e+08	2.92618894e-08
2.59000000e+01	2.17759229e+01	-4.22225114e+06	-1.64337380e+05	1.00000000e-09	8.10930710e-07	1.00000000e-10	8.10930710e-08	-7.81464335e-02	2.69022262e-08
2.60000000e+01	2.18599998e+01	-4.20397045e+06	-1.63625864e+05	1.00000000e-09	4.46907480e-07	1.00000000e-10	4.46907480e-08	-4.30235313e-02	2.47328451e-08
2.61000000e+01	2.19440768e+01	-4.18568975e+06	-1.62914347e+05	1.97183905e+03	2.54540324e-07	1.97183905e+02	2.54540324e-08	1.90253546e+08	2.27384017e-08
2.62000000e+01	2.20281537e+01	-4.16741311e+06	-1.62202988e+05	6.83045312e+03	1.45157716e-07	6.83045312e+02	1.45157716e-08	6.59038538e+08	2.09047891e-08
2.63000000e+01	2.21122306e+01	-4.14915402e+06	-1.61492313e+05	1.00000000e-09	7.86932412e-08	1.00000000e-10	7.86932412e-09	-7.49625818e-03	1.92190381e-08
2.64000000e+01	2.21963075e+01	-4.13089493e+06	-1.60781637e+05	1.00000000e-09	4.36317037e-09	1.00000000e-10	4.36317037e-10	-3.24496611e-04	1.76692251e-08
2.65000000e+01	2.22803845e+01	-4.11263584e+06	-1.60070961e+05	2.98178300e+02	1.00000000e-09	2.98178300e+01	1.00000000e-10	2.87698323e+07	1.62443882e-08
2.66000000e+01	2.23644614e+01	-4.09437766e+06	-1.59360321e+05	7.03953893e+03	1.00000000e-09	7.03953893e+02	1.00000000e-10	6.79212252e+08	1.49344494e-08
2.67000000e+01	2.24485383e+01	-4.07613772e+06	-1.58650391e+05	4.10107058e+02	2.50643642e-08	4.10107058e+01	2.50643642e-09	3.95693157e+07	1.37301434e-08
2.68000000e+01	2.25326152e+01	-4.05789848e+06	-1.57940488e+05	1.00000000e-09	6.77718519e-09	1.00000000e-10	6.77718519e-10	-5.57413632e-04	1.26229520e-08
2.69000000e+01	2.26166921e+01	-4.03965924e+06	-1.57230585e+05	1.00000000e-09	1.00000000e-09	1.00000000e-10	1.00000000e-10	0.00000000e+00	1.16050438e-08
2.70000000e+01	2.27007691e+01	-4.02141999e+06	-1.56520682e+05	6.79634804e+03	1.00000000e-09	6.79634804e+02	1.00000000e-10	6.55747898e+08	1.06692193e-08
2.71000000e+01	2.27848460e+01	-4.00319910e+06	-1.55811493e+05	2.06998511e+03	1.41084827e-08	2.06998511e+02	1.41084827e-09	1.99723201e+08	9.80885916e-09
2.72000000e+01	2.28689229e+01	-3.98498223e+06	-1.55102460e+05	1.00000000e-09	9.06888500e-09	1.00000000e-10	9.06888500e-10	-7.78529049e-04	9.01787799e-09
2.73000000e+01	2.29529998e+01	-3.96676536e+06	-1.54393428e+05	1.00000000e-09	1.00000000e-09	1.00000000e-10	1.00000000e-10	0.00000000e+00	8.29068113e-09
2.74000000e+01	2.30370768e+01	-3.94854849e+06	-1.53684396e+05	6.14581233e+03	1.00000000e-09	6.14581233e+02	1.00000000e-10	5.92980744e+08	7.62212503e-09
2.75000000e+01	2.31211537e+01	-3.93034948e+06	-1.52976058e+05	3.58935179e+03	3.68939162e-09	3.58935179e+02	3.68939162e-10	3.46319799e+08	7.00748093e-09
2.76000000e+01	2.32052306e+01	-3.91215777e+06	-1.52268005e+05	1.00000000e-09	1.45992172e-08	1.00000000e-10	1.45992172e-09	-1.31212499e-03	6.44240141e-09
2.77000000e+01	2.32893075e+01	-3.89396605e+06	-1.51559952e+05	1.00000000e-09	6.11284955e-09	1.00000000e-10	6.11284955e-10	-4.93314987e-04	5.92288960e-09
2.78000000e+01	2.33733845e+01	-3.87577433e+06	-1.50851898e+05	5.13309284e+03	1.00000000e-09	5.13309284e+02	1.00000000e-10	4.95268167e+08	5.44527095e-09
2.79000000e+01	2.34574614e+01	-3.85759939e+06	-1.50144498e+05	4.87063979e+03	1.00000000e-09	4.87063979e+02	1.00000000e-10	4.69945298e+08	5.00616720e-09
2.80000000e+01	2.35415383e+01	-3.83943489e+06	-1.49437504e+05	1.00000000e-09	1.00000000e-09	1.00000000e-10	1.00000000e-10	0.00000000e+00	4.60247255e-09
2.81000000e+01	2.36256152e+01	-3.82127038e+06	-1.48730510e+05	1.00000000e-09	1.00000000e-09	1.00000000e-10	1.00000000e-10	0.00000000e+00	4.23133162e-09
2.82000000e+01	2.37096921e+01	-3.80310588e+06	-1.48023515e+05	3.82849990e+03	1.00000000e-09	3.82849990e+02	1.00000000e-10	3.69394084e+08	3.89011930e-09
2.83000000e+01	2.37937691e+01	-3.78495651e+06	-1.47317110e+05	5.83328828e+03	1.00000000e-09	5.83328828e+02	1.00000000e-10	5.62826757e+08	3.57642216e-09
2.84000000e+01	2.38778460e+01	-3.76682048e+06	-1.46611224e+05	1.00000000e-09	1.00000000e-09	1.00000000e-10	1.00000000e-10	0.00000000e+00	3.28802138e-09
2.85000000e+01	2.39619229e+01	-3.74868445e+06	-1.45905338e+05	1.00000000e-09	1.00000000e-09	1.00000000e-10	1.00000000e-10	0.00000000e+00	3.02287709e-09
2.86000000e+01	2.40459998e+01	-3.73054842e+06	-1.45199452e+05	2.32217493e+03	1.00000000e-09	2.32217493e+02	1.00000000e-10	2.24055820e+08	2.77911390e-09
2.87000000e+01	2.41300768e+01	-3.71242536e+06	-1.44494071e+05	6.41965707e+03	1.00000000e-09	6.41965707e+02	1.00000000e-10	6.19402745e+08	2.55500764e-09
2.88000000e+01	2.42141537e+01	-3.69431821e+06	-1.43789310e+05	1.00000000e-09	1.00000000e-09	1.00000000e-10	1.00000000e-10	0.00000000e+00	2.34897319e-09
2.89000000e+01	2.42982306e+01	-3.67621107e+06	-1.43084548e+05	1.00000000e-09	1.00000000e-09	1.00000000e-10	1.00000000e-10	0.00000000e+00	2.15955324e-09
2.90000000e+01	2.43823075e+01	-3.65810392e+06	-1.42379786e+05	7.17619645e+02	1.00000000e-09	7.17619645e+01	1.00000000e-10	6.92397698e+07	1.98540802e-09
2.91000000e+01	2.44663844e+01	-3.64000713e+06	-1.41675428e+05	6.59933714e+03	1.00000000e-09	6.59933714e+02	1.00000000e-10	6.36739236e+08	1.82530578e-09
2.92000000e+01	2.45504614e+01	-3.62192841e+06	-1.40971772e+05	1.00000000e-09	1.00000000e-09	1.00000000e-10	1.00000000e-10	0.00000000e+00	1.67811410e-09
2.93000000e+01	2.46345383e+01	-3.60384969e+06	-1.40268117e+05	1.00000000e-09	1.00000000e-09	1.00000000e-10	1.00000000e-10	0.00000000e+00	1.54279187e-09
2.94000000e+01	2.47186152e+01	-3.58577097e+06	-1.39564461e+05	1.00000000e-09	1.00000000e-09	1.00000000e-10	1.00000000e-10	0.00000000e+00	1.41838196e-09
2.95000000e+01	2.48026921e+01	-3.56769959e+06	-1.38861092e+05	6.37147403e+03	1.00000000e-09	6.37147403e+02	1.00000000e-10	6.14753787e+08	1.30400439e-09
2.96000000e+01	2.48867691e+01	-3.54964795e+06	-1.38158491e+05	1.47428651e+03	1.00000000e-09	1.47428651e+02	1.00000000e-10	1.42247024e+08	1.19885018e-09
2.97000000e+01	2.49708460e+01	-3.53159632e+06	-1.37455890e+05	1.00000000e-09	1.00000000e-09	1.00000000e-10	1.00000000e-10	0.00000000e+00	1.10217554e-09
2.98000000e+01	2.50549229e+01	-3.51354468e+06	-1.36753288e+05	1.00000000e-09	1.00000000e-09	1.00000000e-10	1.00000000e-10	0.00000000e+00	1.01329669e-09
2.99000000e+01	2.51389998e+01	-3.49549709e+06	-1.36050845e+05	5.76483690e+03	1.00000000e-09	5.76483690e+02	1.00000000e-10	5.56222203e+08	9.31584987e-10
3.00000000e+01	2.52230767e+01	-3.47747036e+06	-1.35349213e+05	2.84827847e+03	1.00000000e-09	2.84827847e+02	1.00000000e-10	2.74817094e+08	8.56462471e-10
3.01000000e+01	2.53071537e+01	-3.45944363e+06	-1.34647581e+05	1.00000000e-09	1.00000000e-09	1.00000000e-10	1.00000000e-10	0.00000000e+00	7.87397794e-10
3.02000000e+01	2.53912306e+01	-3.44141690e+06	-1.33945949e+05	1.00000000e-09	1.00000000e-09	1.00000000e-10	1.00000000e-10	0.00000000e+00	7.23902457e-10
3.03000000e+01	2.54753075e+01	-3.42339072e+06	-1.33244339e+05	4.83553624e+03	1.00000000e-09	4.83553624e+02	1.00000000e-10	4.66558320e+08	6.65527349e-10
3.04000000e+01	2.55593844e+01	-3.40538592e+06	-1.32543561e+05	3.97033812e+03	1.00000000e-09	3.97033812e+02	1.00000000e-10	3.83079392e+08	6.11859579e-10
3.05000000e+01	2.56434614e+01	-3.38738221e+06	-1.31842825e+05	1.00000000e-09	1.00000000e-09	1.00000000e-10	1.00000000e-10	0.00000000e+00	5.62519549e-10
3.06000000e+01	2.57275383e+01	-3.36937849e+06	-1.31142089e+05	1.00000000e-09	1.00000000e-09	1.00000000e-10	1.00000000e-10	0.00000000e+00	5.17158273e-10
3.07000000e+01	2.58116152e+01	-3.35137478e+06	-1.30441353e+05	3.63231332e+03	1.00000000e-09	3.63231332e+02	1.00000000e-10	3.50464957e+08	4.75454906e-10
3.08000000e+01	2.58956921e+01	-3.33339236e+06	-1.29741446e+05	4.77128910e+03	1.00000000e-09	4.77128910e+02	1.00000000e-10	4.60359413e+08	4.37114476e-10
3.09000000e+01	2.59797690e+01	-3.31541463e+06	-1.29041721e+05	1.00000000e-09	1.00000000e-09	1.00000000e-10	1.00000000e-10	0.00000000e+00	4.01865798e-10
3.10000000e+01	2.60638460e+01	-3.29743689e+06	-1.28341996e+05	1.00000000e-09	1.00000000e-09	1.00000000e-10	1.00000000e-10	0.00000000e+00	3.69459555e-10
3.11000000e+01	2.61479229e+01	-3.27945916e+06	-1.27642271e+05	2.28136298e+03	1.00000000e-09	2.28136298e+02	1.00000000e-10	2.20118065e+08	3.39666533e-10
3.12000000e+01	2.62319998e+01	-3.26150202e+06	-1.26943348e+05	5.21141836e+03	1.00000000e-09	5.21141836e+02	1.00000000e-10	5.02825431e+08	3.12276006e-10
3.13000000e+01	2.63160767e+01	-3.24355309e+06	-1.26244745e+05	1.00000000e-09	1.00000000e-09	1.00000000e-10	1.00000000e-10	0.00000000e+00	2.87094235e-10
3.14000000e+01	2.64001537e+01	-3.22560417e+06	-1.25546141e+05	1.00000000e-09	1.00000000e-09	1.00000000e-10	1.00000000e-10	0.00000000e+00	2.63943109e-10
3.15000000e+01	2.64842306e+01	-3.20765524e+06	-1.24847538e+05	8.85716541e+02	1.00000000e-09	8.85716541e+01	1.00000000e-10	8.54586547e+07	2.42658878e-10
3.16000000e+01	2.65683075e+01	-3.18972562e+06	-1.24149685e+05	5.27807197e+03	1.00000000e-09	5.27807197e+02	1.00000000e-10	5.09256527e+08	2.23090996e-10
3.17000000e+01	2.66523844e+01	-3.17180755e+06	-1.23452283e+05	1.00000000e-09	1.00000000e-09	1.00000000e-10	1.00000000e-10	0.00000000e+00	2.05101057e-10
3.18000000e+01	2.67364614e+01	-3.15388949e+06	-1.22754881e+05	1.00000000e-09	1.00000000e-09	1.00000000e-10	1.00000000e-10	0.00000000e+00	1.88561817e-10
3.19000000e+01	2.68205383e+01	-3.13597142e+06	-1.22057478e+05	1.00000000e-09	1.00000000e-09	1.00000000e-10	1.00000000e-10	0.00000000e+00	1.73356293e-10
3.20000000e+01	2.69046152e+01	-3.11807080e+06	-1.21360755e+05	4.98756635e+03	1.00000000e-09	4.98756635e+02	1.00000000e-10	4.81226995e+08	1.59376934e-10
3.21000000e+01	2.69886921e+01	-3.10018481e+06	-1.20664601e+05	9.36561846e+02	1.00000000e-09	9.36561846e+01	1.00000000e-10	9.03644807e+07	1.46524863e-10
3.22000000e+01	2.70727690e+01	-3.08229882e+06	-1.19968447e+05	1.00000000e-09	1.00000000e-09	1.00000000e-10	1.00000000e-10	0.00000000e+00	1.34709176e-10
3.23000000e+01	2.71568460e+01	-3.06441283e+06	-1.19272293e+05	1.00000000e-09	1.00000000e-09	1.00000000e-10	1.00000000e-10	0.00000000e+00	1.23846300e-10
3.24000000e+01	2.72409229e+01	-3.04654191e+06	-1.18576726e+05	4.38366000e+03	1.00000000e-09	4.38366000e+02	1.00000000e-10	4.22958891e+08	1.13859401e-10
3.25000000e+01	2.73249998e+01	-3.02868833e+06	-1.17881833e+05	1.99137603e+03	1.00000000e-09	1.99137603e+02	1.00000000e-10	1.92138578e+08	1.04677839e-10
3.26000000e+01	2.74090767e+01	-3.01083475e+06	-1.17186941e+05	1.00000000e-09	1.00000000e-09	1.00000000e-10	1.00000000e-10	0.00000000e+00	9.62366743e-11
3.27000000e+01	2.74931537e+01	-2.99298116e+06	-1.16492048e+05	1.00000000e-09	1.00000000e-09	1.00000000e-10	1.00000000e-10	0.00000000e+00	8.84762003e-11
3.28000000e+01	2.75772306e+01	-2.97513984e+06	-1.15797633e+05	3.53381631e+03	1.00000000e-09	3.53381631e+02	1.00000000e-10	3.40961440e+08	8.13415267e-11
3.29000000e+01	2.76613075e+01	-2.95731811e+06	-1.15103980e+05	2.78227645e+03	1.00000000e-09	2.78227645e+02	1.00000000e-10	2.68448867e+08	7.47821894e-11
3.30000000e+01	2.77453844e+01	-2.93949637e+06	-1.14410327e+05	1.00000000e-09	1.00000000e-09	1.00000000e-10	1.00000000e-10	0.00000000e+00	6.87517936e-11
3.31000000e+01	2.78294613e+01	-2.92167464e+06	-1.13716674e+05	1.00000000e-09	1.00000000e-09	1.00000000e-10	1.00000000e-10	0.00000000e+00	6.32076857e-11
3.32000000e+01	2.79135383e+01	-2.90386199e+06	-1.13023375e+05	2.52348753e+03	1.00000000e-09	2.52348753e+02	1.00000000e-10	2.43479533e+08	5.81106517e-11
3.33000000e+01	2.79976152e+01	-2.88607068e+06	-1.12330905e+05	3.26305617e+03	1.00000000e-09	3.26305617e+02	1.00000000e-10	3.14837059e+08	5.34246397e-11
3.34000000e+01	2.80816921e+01	-2.86827936e+06	-1.11638436e+05	1.00000000e-09	1.00000000e-09	1.00000000e-10	1.00000000e-10	0.00000000e+00	4.91165053e-11
3.35000000e+01	2.81657690e+01	-2.85048804e+06	-1.10945967e+05	1.00000000e-09	1.00000000e-09	1.00000000e-10	1.00000000e-10	0.00000000e+00	4.51557765e-11
3.36000000e+01	2.82498460e+01	-2.83270237e+06	-1.10253718e+05	1.44883291e+03	1.00000000e-09	1.44883291e+02	1.00000000e-10	1.39791125e+08	4.15144388e-11
3.37000000e+01	2.83339229e+01	-2.81493920e+06	-1.09562344e+05	3.41515451e+03	1.00000000e-09	3.41515451e+02	1.00000000e-10	3.29512317e+08	3.81667366e-11
3.38000000e+01	2.84179998e+01	-2.79717603e+06	-1.08870971e+05	1.00000000e-09	1.00000000e-09	1.00000000e-10	1.00000000e-10	0.00000000e+00	3.50889914e-11
3.39000000e+01	2.85020767e+01	-2.77941286e+06	-1.08179597e+05	1.00000000e-09	1.00000000e-09	1.00000000e-10	1.00000000e-10	0.00000000e+00	3.22594338e-11
3.40000000e+01	2.85861536e+01	-2.76165174e+06	-1.07488303e+05	4.08364575e+02	1.00000000e-09	4.08364575e+01	1.00000000e-10	3.94011917e+07	2.96580503e-11
3.41000000e+01	2.86702306e+01	-2.74391367e+06	-1.06797907e+05	3.24927711e+03	1.00000000e-09	3.24927711e+02	1.00000000e-10	3.13507581e+08	2.72664410e-11
3.42000000e+01	2.87543075e+01	-2.72617561e+06	-1.06107510e+05	6.22747222e+01	1.00000000e-09	6.22747222e+00	1.00000000e-10	6.00859725e+06	2.50676897e-11
3.43000000e+01	2.88383844e+01	-2.70843754e+06	-1.05417114e+05	1.00000000e-09	1.00000000e-09	1.00000000e-10	1.00000000e-10	0.00000000e+00	2.30462446e-11
3.44000000e+01	2.89224613e+01	-2.69069948e+06	-1.04726718e+05	1.00000000e-09	1.00000000e-09	1.00000000e-10	1.00000000e-10	0.00000000e+00	2.11878078e-11
3.45000000e+01	2.90065383e+01	-2.67298438e+06	-1.04037215e+05	2.80045867e+03	1.00000000e-09	2.80045867e+02	1.00000000e-10	2.70203185e+08	1.94792342e-11
3.46000000e+01	2.90906152e+01	-2.65527246e+06	-1.03347836e+05	8.87277604e+02	1.00000000e-09	8.87277604e+01	1.00000000e-10	8.56092743e+07	1.79084392e-11
3.47000000e+01	2.91746921e+01	-2.63756054e+06	-1.02658457e+05	1.00000000e-09	1.00000000e-09	1.00000000e-10	1.00000000e-10	0.00000000e+00	1.64643122e-11
3.48000000e+01	2.92587690e+01	-2.61984862e+06	-1.01969078e+05	1.00000000e-09	1.00000000e-09	1.00000000e-10	1.00000000e-10	0.00000000e+00	1.51366389e-11
3.49000000e+01	2.93428459e+01	-2.60215898e+06	-1.01280567e+05	2.13351202e+03	1.00000000e-09	2.13351202e+02	1.00000000e-10	2.05852616e+08	1.39160284e-11
3.50000000e+01	2.94269229e+01	-2.58447607e+06	-1.00592317e+05	1.47776491e+03	1.00000000e-09	1.47776491e+02	1.00000000e-10	1.42582638e+08	1.27938473e-11
3.51000000e+01	2.95109998e+01	-2.56679315e+06	-9.99040673e+04	1.00000000e-09	1.00000000e-09	1.00000000e-10	1.00000000e-10	0.00000000e+00	1.17621583e-11
3.52000000e+01	2.95950767e+01	-2.54911024e+06	-9.92158174e+04	1.00000000e-09	1.00000000e-09	1.00000000e-10	1.00000000e-10	0.00000000e+00	1.08136641e-11
3.53000000e+01	2.96791536e+01	-2.53144835e+06	-9.85283858e+04	1.32879709e+03	1.00000000e-09	1.32879709e+02	1.00000000e-10	1.28209429e+08	9.94165601e-12
3.54000000e+01	2.97632306e+01	-2.51379653e+06	-9.78413462e+04	1.78949770e+03	1.00000000e-09	1.78949770e+02	1.00000000e-10	1.72660280e+08	9.13996618e-12
3.55000000e+01	2.98473075e+01	-2.49614471e+06	-9.71543067e+04	1.00000000e-09	1.00000000e-09	1.00000000e-10	1.00000000e-10	0.00000000e+00	8.40292419e-12
3.56000000e+01	2.99313844e+01	-2.47849289e+06	-9.64672672e+04	1.00000000e-09	1.00000000e-09	1.00000000e-10	1.00000000e-10	0.00000000e+00	7.72531687e-12
3.57000000e+01	3.00154613e+01	-2.46086030e+06	-9.57809759e+04	4.77624191e+02	1.00000000e-09	4.77624191e+01	1.00000000e-10	4.60837287e+07	7.10235144e-12
3.58000000e+01	3.00995383e+01	-2.44324084e+06	-9.50951959e+04	1.80515536e+03	1.00000000e-09	1.80515536e+02	1.00000000e-10	1.74171014e+08	6.52962161e-12
3.59000000e+01	3.01836152e+01	-2.42562139e+06	-9.44094159e+04	1.00000000e-09	1.00000000e-09	1.00000000e-10	1.00000000e-10	0.00000000e+00	6.00307641e-12
3.60000000e+01	3.02676921e+01	-2.40800193e+06	-9.37236359e+04	1.00000000e-09	1.00000000e-09	1.00000000e-10	1.00000000e-10	0.00000000e+00	5.51899153e-12
3.61000000e+01	3.03517690e+01	-2.39039942e+06	-9.30385156e+04	1.00000000e-09	1.00000000e-09	1.00000000e-10	1.00000000e-10	0.00000000e+00	5.07394300e-12
3.62000000e+01	3.04358459e+01	-2.37281274e+06	-9.23540113e+04	1.53586870e+03	1.00000000e-09	1.53586870e+02	1.00000000e-10	1.48188802e+08	4.66478295e-12
3.63000000e+01	3.05199229e+01	-2.35522606e+06	-9.16695070e+04	5.50262025e+02	1.00000000e-09	5.50262025e+01	1.00000000e-10	5.30922143e+07	4.28861734e-12
3.64000000e+01	3.06039998e+01	-2.33763938e+06	-9.09850026e+04	1.00000000e-09	1.00000000e-09	1.00000000e-10	1.00000000e-10	0.00000000e+00	3.94278553e-12
3.65000000e+01	3.06880767e+01	-2.32006697e+06	-9.03010539e+04	1.00000000e-09	1.00000000e-09	1.00000000e-10	1.00000000e-10	0.00000000e+00	3.62484141e-12
3.66000000e+01	3.07721536e+01	-2.30251264e+06	-8.96178085e+04	1.02031114e+03	1.00000000e-09	1.02031114e+02	1.00000000e-10	9.84450589e+07	3.33253613e-12
3.67000000e+01	3.08562306e+01	-2.28495830e+06	-8.89345632e+04	1.14265894e+03	1.00000000e-09	1.14265894e+02	1.00000000e-10	1.10249828e+08	3.06380220e-12
3.68000000e+01	3.09403075e+01	-2.26740397e+06	-8.82513178e+04	1.00000000e-09	1.00000000e-09	1.00000000e-10	1.00000000e-10	0.00000000e+00	2.81673882e-12
3.69000000e+01	3.10243844e+01	-2.24986091e+06	-8.75685114e+04	1.00000000e-09	1.00000000e-09	1.00000000e-10	1.00000000e-10	0.00000000e+00	2.58959851e-12
3.70000000e+01	3.11084613e+01	-2.23233767e+06	-8.68864765e+04	3.21330050e+02	1.00000000e-09	3.21330050e+01	1.00000000e-10	3.10036366e+07	2.38077467e-12
3.71000000e+01	3.11925382e+01	-2.21481444e+06	-8.62044417e+04	1.49730778e+03	1.00000000e-09	1.49730778e+02	1.00000000e-10	1.44468239e+08	2.18879027e-12
3.72000000e+01	3.12766152e+01	-2.19729120e+06	-8.55224068e+04	1.00000000e-09	1.00000000e-09	1.00000000e-10	1.00000000e-10	0.00000000e+00	2.01228739e-12
3.73000000e+01	3.13606921e+01	-2.17977602e+06	-8.48406853e+04	1.00000000e-09	1.00000000e-09	1.00000000e-10	1.00000000e-10	0.00000000e+00	1.85001761e-12
3.74000000e+01	3.14447690e+01	-2.16228188e+06	-8.41597828e+04	1.00000000e-09	1.00000000e-09	1.00000000e-10	1.00000000e-10	0.00000000e+00	1.70083318e-12
3.75000000e+01	3.15288459e+01	-2.14478774e+06	-8.34788803e+04	1.57253830e+03	1.00000000e-09	1.57253830e+02	1.00000000e-10	1.51726880e+08	1.56367890e-12
3.76000000e+01	3.16129229e+01	-2.12729360e+06	-8.27979778e+04	7.10632118e+02	1.00000000e-09	7.10632118e+01	1.00000000e-10	6.85655759e+07	1.43758467e-12
3.77000000e+01	3.16969998e+01	-2.10980415e+06	-8.21172581e+04	1.00000000e-09	1.00000000e-09	1.00000000e-10	1.00000000e-10	0.00000000e+00	1.32165861e-12
3.78000000e+01	3.17810767e+01	-2.09233641e+06	-8.14373831e+04	1.00000000e-09	1.00000000e-09	1.00000000e-10	1.00000000e-10	0.00000000e+00	1.21508076e-12
3.79000000e+01	3.18651536e+01	-2.07486867e+06	-8.07575082e+04	1.35473119e+03	1.00000000e-09	1.35473119e+02	1.00000000e-10	1.30711689e+08	1.11709730e-12
3.80000000e+01	3.19492305e+01	-2.05740093e+06	-8.00776332e+04	1.48952286e+03	1.00000000e-09	1.48952286e+02	1.00000000e-10	1.43717108e+08	1.02701517e-12
3.81000000e+01	3.20333075e+01	-2.03993449e+06	-7.93978090e+04	1.00000000e-09	1.00000000e-09	1.00000000e-10	1.00000000e-10	0.00000000e+00	9.44197214e-13
3.82000000e+01	3.21173844e+01	-2.02248987e+06	-7.87188338e+04	1.00000000e-09	1.00000000e-09	1.00000000e-10	1.00000000e-10	0.00000000e+00	8.68057654e-13
3.83000000e+01	3.22014613e+01	-2.00504528e+06	-7.80398602e+04	8.59338970e+02	1.00000000e-09	8.59338970e+01	1.00000000e-10	8.29136059e+07	7.98057949e-13
3.84000000e+01	3.22855382e+01	-1.98760070e+06	-7.73608866e+04	2.14210720e+03	1.00000000e-09	2.14210720e+02	1.00000000e-10	2.06681925e+08	7.33702982e-13
3.85000000e+01	3.23696152e+01	-1.97015612e+06	-7.66819130e+04	1.00000000e-09	1.00000000e-09	1.00000000e-10	1.00000000e-10	0.00000000e+00	6.74537565e-13
3.86000000e+01	3.24536921e+01	-1.95273291e+06	-7.60037715e+04	1.00000000e-09	1.00000000e-09	1.00000000e-10	1.00000000e-10	0.00000000e+00	6.20143216e-13
3.87000000e+01	3.25377690e+01	-1.93531299e+06	-7.53257576e+04	1.11332524e+02	1.00000000e-09	1.11332524e+01	1.00000000e-10	1.07419555e+07	5.70135198e-13
3.88000000e+01	3.26218459e+01	-1.91789306e+06	-7.46477437e+04	2.58850882e+03	1.00000000e-09	2.58850882e+02	1.00000000e-10	2.49753133e+08	5.24159800e-13
3.89000000e+01	3.27059228e+01	-1.90047314e+06	-7.39697298e+04	2.70445616e+02	1.00000000e-09	2.70445616e+01	1.00000000e-10	2.60940351e+07	4.81891834e-13
3.90000000e+01	3.27899998e+01	-1.88307364e+06	-7.32925112e+04	1.00000000e-09	1.00000000e-09	1.00000000e-10	1.00000000e-10	0.00000000e+00	4.43032333e-13
3.91000000e+01	3.28740767e+01	-1.86568048e+06	-7.26155389e+04	1.00000000e-09	1.00000000e-09	1.00000000e-10	1.00000000e-10	0.00000000e+00	4.07306443e-13
3.92000000e+01	3.29581536e+01	-1.84828731e+06	-7.19385666e+04	2.76579131e+03	1.00000000e-09	2.76579131e+02	1.00000000e-10	2.66858293e+08	3.74461468e-13
3.93000000e+01	3.30422305e+01	-1.83089415e+06	-7.12615943e+04	1.20801142e+03	1.00000000e-09	1.20801142e+02	1.00000000e-10	1.16555383e+08	3.44265096e-13
3.94000000e+01	3.31263075e+01	-1.81352001e+06	-7.05853625e+04	1.00000000e-09	1.00000000e-09	1.00000000e-10	1.00000000e-10	0.00000000e+00	3.16503742e-13
3.95000000e+01	3.32103844e+01	-1.79615497e+06	-6.99094850e+04	1.00000000e-09	1.00000000e-09	1.00000000e-10	1.00000000e-10	0.00000000e+00	2.90981049e-13
3.96000000e+01	3.32944613e+01	-1.77878994e+06	-6.92336076e+04	2.63573549e+03	1.00000000e-09	2.63573549e+02	1.00000000e-10	2.54309814e+08	2.67516493e-13
3.97000000e+01	3.33785382e+01	-1.76142490e+06	-6.85577301e+04	2.17603279e+03	1.00000000e-09	2.17603279e+02	1.00000000e-10	2.09955246e+08	2.45944106e-13
3.98000000e+01	3.34626152e+01	-1.74407708e+06	-6.78825225e+04	1.00000000e-09	1.00000000e-09	1.00000000e-10	1.00000000e-10	0.00000000e+00	2.26111304e-13
3.99000000e+01	3.35466921e+01	-1.72674080e+06	-6.72077643e+04	1.00000000e-09	1.00000000e-09	1.00000000e-10	1.00000000e-10	0.00000000e+00	2.07877809e-13
4.00000000e+01	3.36307690e+01	-1.70940452e+06	-6.65330061e+04	2.18910148e+03	1.00000000e-09	2.18910148e+02	1.00000000e-10	2.11216183e+08	1.91114654e-13
4.01000000e+01	3.37148459e+01	-1.69206824e+06	-6.58582479e+04	3.07517610e+03	1.00000000e-09	3.07517610e+02	1.00000000e-10	2.96709387e+08	1.75703270e-13
4.02000000e+01	3.37989228e+01	-1.67474695e+06	-6.51840730e+04	1.00000000e-09	1.00000000e-09	1.00000000e-10	1.00000000e-10	0.00000000e+00	1.61534652e-13
4.03000000e+01	3.38829998e+01	-1.65743925e+06	-6.45104270e+04	1.00000000e-09	1.00000000e-09	1.00000000e-10	1.00000000e-10	0.00000000e+00	1.48508584e-13
4.04000000e+01	3.39670767e+01	-1.64013155e+06	-6.38367811e+04	1.44620579e+03	1.00000000e-09	1.44620579e+02	1.00000000e-10	1.39537646e+08	1.36532931e-13
4.05000000e+01	3.40511536e+01	-1.62282385e+06	-6.31631351e+04	3.80828779e+03	1.00000000e-09	3.80828779e+02	1.00000000e-10	3.67443912e+08	1.25522989e-13
4.06000000e+01	3.41352305e+01	-1.60552865e+06	-6.24899759e+04	1.00000000e-09	1.00000000e-09	1.00000000e-10	1.00000000e-10	0.00000000e+00	1.15400882e-13
4.07000000e+01	3.42193075e+01	-1.58824865e+06	-6.18174083e+04	1.00000000e-09	1.00000000e-09	1.00000000e-10	1.00000000e-10	0.00000000e+00	1.06095016e-13
4.08000000e+01	3.43033844e+01	-1.57096865e+06	-6.11448406e+04	4.58376083e+02	1.00000000e-09	4.58376083e+01	1.00000000e-10	4.42265686e+07	9.75395708e-14
4.09000000e+01	3.43874613e+01	-1.55368866e+06	-6.04722729e+04	4.29010660e+03	1.00000000e-09	4.29010660e+02	1.00000000e-10	4.13932360e+08	8.96740319e-14
4.10000000e+01	3.44715382e+01	-1.53641851e+06	-5.98000887e+04	1.81791500e+01	1.00000000e-09	1.81791500e+00	1.00000000e-10	1.75402132e+06	8.24427658e-14
4.11000000e+01	3.45556151e+01	-1.51916471e+06	-5.91285408e+04	1.00000000e-09	1.00000000e-09	1.00000000e-10	1.00000000e-10	0.00000000e+00	7.57946252e-14
4.12000000e+01	3.46396921e+01	-1.50191092e+06	-5.84569929e+04	1.00000000e-09	1.00000000e-09	1.00000000e-10	1.00000000e-10	0.00000000e+00	6.96825871e-14
4.13000000e+01	3.47237690e+01	-1.48465712e+06	-5.77854450e+04	4.45571100e+03	1.00000000e-09	4.45571100e+02	1.00000000e-10	4.29910755e+08	6.40634205e-14
4.14000000e+01	3.48078459e+01	-1.46741043e+06	-5.71141739e+04	1.24451857e+03	1.00000000e-09	1.24451857e+02	1.00000000e-10	1.20077787e+08	5.88973804e-14
4.15000000e+01	3.48919228e+01	-1.45018078e+06	-5.64435656e+04	1.00000000e-09	1.00000000e-09	1.00000000e-10	1.00000000e-10	0.00000000e+00	5.41479271e-14
4.16000000e+01	3.49759998e+01	-1.43295112e+06	-5.57729574e+04	1.00000000e-09	1.00000000e-09	1.00000000e-10	1.00000000e-10	0.00000000e+00	4.97814672e-14
4.17000000e+01	3.50600767e+01	-1.41572147e+06	-5.51023492e+04	4.26734561e+03	1.00000000e-09	4.26734561e+02	1.00000000e-10	4.11736258e+08	4.57671163e-14
4.18000000e+01	3.51441536e+01	-1.39849618e+06	-5.44319110e+04	2.48884459e+03	1.00000000e-09	2.48884459e+02	1.00000000e-10	2.40136997e+08	4.20764804e-14
4.19000000e+01	3.52282305e+01	-1.38128815e+06	-5.37621445e+04	1.00000000e-09	1.00000000e-09	1.00000000e-10	1.00000000e-10	0.00000000e+00	3.86834555e-14
4.20000000e+01	3.53123074e+01	-1.36408012e+06	-5.30923781e+04	1.00000000e-09	1.00000000e-09	1.00000000e-10	1.00000000e-10	0.00000000e+00	3.55640423e-14
4.21000000e+01	3.53963844e+01	-1.34687210e+06	-5.24226116e+04	3.71889626e+03	1.00000000e-09	3.71889626e+02	1.00000000e-10	3.58818941e+08	3.26961769e-14
4.22000000e+01	3.54804613e+01	-1.32966577e+06	-5.17529115e+04	3.64105628e+03	1.00000000e-09	3.64105628e+02	1.00000000e-10	3.51308525e+08	3.00595747e-14
4.23000000e+01	3.55645382e+01	-1.31247650e+06	-5.10838751e+04	1.00000000e-09	1.00000000e-09	1.00000000e-10	1.00000000e-10	0.00000000e+00	2.76355866e-14
4.24000000e+01	3.56486151e+01	-1.29528723e+06	-5.04148386e+04	1.00000000e-09	1.00000000e-09	1.00000000e-10	1.00000000e-10	0.00000000e+00	2.54070677e-14
4.25000000e+01	3.57326921e+01	-1.27809796e+06	-4.97458022e+04	2.83749131e+03	1.00000000e-09	2.83749131e+02	1.00000000e-10	2.73776292e+08	2.33582553e-14
4.26000000e+01	3.58167690e+01	-1.26090869e+06	-4.90767657e+04	4.58218341e+03	1.00000000e-09	4.58218341e+02	1.00000000e-10	4.42113488e+08	2.14746581e-14
4.27000000e+01	3.59008459e+01	-1.24373586e+06	-4.84083694e+04	1.00000000e-09	1.00000000e-09	1.00000000e-10	1.00000000e-10	0.00000000e+00	1.97429531e-14
4.28000000e+01	3.59849228e+01	-1.22656464e+06	-4.77400355e+04	1.00000000e-09	1.00000000e-09	1.00000000e-10	1.00000000e-10	0.00000000e+00	1.81508919e-14
4.29000000e+01	3.60689997e+01	-1.20939342e+06	-4.70717017e+04	1.68167014e+03	1.00000000e-09	1.68167014e+02	1.00000000e-10	1.62256502e+08	1.66872137e-14
4.30000000e+01	3.61530767e+01	-1.19222220e+06	-4.64033678e+04	5.22361650e+03	1.00000000e-09	5.22361650e+02	1.00000000e-10	5.04002372e+08	1.53415657e-14
4.31000000e+01	3.62371536e+01	-1.17506647e+06	-4.57356370e+04	1.00000000e-09	1.00000000e-09	1.00000000e-10	1.00000000e-10	0.00000000e+00	1.41044300e-14
4.32000000e+01	3.63212305e+01	-1.15791447e+06	-4.50680512e+04	1.00000000e-09	1.00000000e-09	1.00000000e-10	1.00000000e-10	0.00000000e+00	1.29670563e-14
4.33000000e+01	3.64053074e+01	-1.14076247e+06	-4.44004655e+04	3.38626769e+02	1.00000000e-09	3.38626769e+01	1.00000000e-10	3.26725163e+07	1.19213998e-14
4.34000000e+01	3.64893844e+01	-1.12361047e+06	-4.37328798e+04	5.51018603e+03	1.00000000e-09	5.51018603e+02	1.00000000e-10	5.31652130e+08	1.09600645e-14
4.35000000e+01	3.65734613e+01	-1.10647273e+06	-4.30658488e+04	2.51864339e+02	1.00000000e-09	2.51864339e+01	1.00000000e-10	2.43012144e+07	1.00762507e-14
4.36000000e+01	3.66575382e+01	-1.08934054e+06	-4.23990342e+04	1.00000000e-09	1.00000000e-09	1.00000000e-10	1.00000000e-10	0.00000000e+00	9.26370726e-15
4.37000000e+01	3.67416151e+01	-1.07220836e+06	-4.17322197e+04	1.00000000e-09	1.00000000e-09	1.00000000e-10	1.00000000e-10	0.00000000e+00	8.51668685e-15
4.38000000e+01	3.68256921e+01	-1.05507617e+06	-4.10654051e+04	5.40307570e+03	1.00000000e-09	5.40307570e+02	1.00000000e-10	5.21317553e+08	7.82990577e-15
4.39000000e+01	3.69097690e+01	-1.03795677e+06	-4.03990883e+04	1.68693417e+03	1.00000000e-09	1.68693417e+02	1.00000000e-10	1.62764404e+08	7.19850635e-15
4.40000000e+01	3.69938459e+01	-1.02084444e+06	-3.97330466e+04	1.00000000e-09	1.00000000e-09	1.00000000e-10	1.00000000e-10	0.00000000e+00	6.61802264e-15
4.41000000e+01	3.70779228e+01	-1.00373212e+06	-3.90670050e+04	1.00000000e-09	1.00000000e-09	1.00000000e-10	1.00000000e-10	0.00000000e+00	6.08434883e-15
4.42000000e+01	3.71619997e+01	-9.86619788e+05	-3.84009633e+04	4.89687412e+03	1.00000000e-09	4.89687412e+02	1.00000000e-10	4.72476526e+08	5.59371018e-15
4.43000000e+01	3.72460767e+01	-9.69518630e+05	-3.77353564e+04	3.03054413e+03	1.00000000e-09	3.03054413e+02	1.00000000e-10	2.92403057e+08	5.14263638e-15
4.44000000e+01	3.73301536e+01	-9.52425710e+05	-3.70700701e+04	1.00000000e-09	1.00000000e-09	1.00000000e-10	1.00000000e-10	0.00000000e+00	4.72793693e-15
4.45000000e+01	3.74142305e+01	-9.35332789e+05	-3.64047838e+04	1.00000000e-09	1.00000000e-09	1.00000000e-10	1.00000000e-10	0.00000000e+00	4.34667862e-15
4.46000000e+01	3.74983074e+01	-9.18239869e+05	-3.57394976e+04	4.02106403e+03	1.00000000e-09	4.02106403e+02	1.00000000e-10	3.87973698e+08	3.99616478e-15
4.47000000e+01	3.75823844e+01	-9.01156416e+05	-3.50745798e+04	4.16898920e+03	1.00000000e-09	4.16898920e+02	1.00000000e-10	4.02246307e+08	3.67391618e-15
4.48000000e+01	3.76664613e+01	-8.84082026e+05	-3.44100147e+04	1.00000000e-09	1.00000000e-09	1.00000000e-10	1.00000000e-10	0.00000000e+00	3.37765354e-15
4.49000000e+01	3.77505382e+01	-8.67007636e+05	-3.37454497e+04	1.00000000e-09	1.00000000e-09	1.00000000e-10	1.00000000e-10	0.00000000e+00	3.10528136e-15
4.50000000e+01	3.78346151e+01	-8.49933247e+05	-3.30808847e+04	2.83843278e+03	1.00000000e-09	2.83843278e+02	1.00000000e-10	2.73867129e+08	2.85487313e-15
4.51000000e+01	3.79186920e+01	-8.32866593e+05	-3.24166207e+04	5.00377158e+03	1.00000000e-09	5.00377158e+02	1.00000000e-10	4.82790563e+08	2.62465769e-15
4.52000000e+01	3.80027690e+01	-8.15809492e+05	-3.17527286e+04	1.00000000e-09	1.00000000e-09	1.00000000e-10	1.00000000e-10	0.00000000e+00	2.41300669e-15
4.53000000e+01	3.80868459e+01	-7.98752391e+05	-3.10888365e+04	1.00000000e-09	1.00000000e-09	1.00000000e-10	1.00000000e-10	0.00000000e+00	2.21842312e-15
4.54000000e+01	3.81709228e+01	-7.81695290e+05	-3.04249443e+04	1.44014116e+03	1.00000000e-09	1.44014116e+02	1.00000000e-10	1.38952498e+08	2.03953067e-15
4.55000000e+01	3.82549997e+01	-7.64644165e+05	-2.97612848e+04	5.46159834e+03	1.00000000e-09	5.46159834e+02	1.00000000e-10	5.26964130e+08	1.87506400e-15
4.56000000e+01	3.83390767e+01	-7.47602766e+05	-2.90980038e+04	1.00000000e-09	1.00000000e-09	1.00000000e-10	1.00000000e-10	0.00000000e+00	1.72385984e-15
4.57000000e+01	3.84231536e+01	-7.30561367e+05	-2.84347229e+04	1.00000000e-09	1.00000000e-09	1.00000000e-10	1.00000000e-10	0.00000000e+00	1.58484870e-15
4.58000000e+01	3.85072305e+01	-7.13519968e+05	-2.77714419e+04	1.00000000e-09	1.00000000e-09	1.00000000e-10	1.00000000e-10	0.00000000e+00	1.45704735e-15
4.59000000e+01	3.85913074e+01	-6.96482895e+05	-2.71083293e+04	5.49923651e+03	1.00000000e-09	5.49923651e+02	1.00000000e-10	5.30595661e+08	1.33955183e-15
4.60000000e+01	3.86753843e+01	-6.79455438e+05	-2.64455909e+04	7.32183603e+02	1.00000000e-09	7.32183603e+01	1.00000000e-10	7.06449782e+07	1.23153109e-15
4.61000000e+01	3.87594613e+01	-6.62427980e+05	-2.57828526e+04	1.00000000e-09	1.00000000e-09	1.00000000e-10	1.00000000e-10	0.00000000e+00	1.13222108e-15
4.62000000e+01	3.88435382e+01	-6.45400522e+05	-2.51201142e+04	1.00000000e-09	1.00000000e-09	1.00000000e-10	1.00000000e-10	0.00000000e+00	1.04091937e-15
4.63000000e+01	3.89276151e+01	-6.28375902e+05	-2.44574863e+04	5.10928561e+03	1.00000000e-09	5.10928561e+02	1.00000000e-10	4.92971119e+08	9.56980191e-16
4.64000000e+01	3.90116920e+01	-6.11360545e+05	-2.37952189e+04	2.16358143e+03	1.00000000e-09	2.16358143e+02	1.00000000e-10	2.08753872e+08	8.79809819e-16
4.65000000e+01	3.90957690e+01	-5.94345189e+05	-2.31329516e+04	1.00000000e-09	1.00000000e-09	1.00000000e-10	1.00000000e-10	0.00000000e+00	8.08862425e-16
4.66000000e+01	3.91798459e+01	-5.77329833e+05	-2.24706842e+04	1.00000000e-09	1.00000000e-09	1.00000000e-10	1.00000000e-10	0.00000000e+00	7.43636191e-16
4.67000000e+01	3.92639228e+01	-5.60316026e+05	-2.18084772e+04	4.32148179e+03	1.00000000e-09	4.32148179e+02	1.00000000e-10	4.16959606e+08	6.83669765e-16
4.68000000e+01	3.93479997e+01	-5.43310944e+05	-2.11466097e+04	3.39498419e+03	1.00000000e-09	3.39498419e+02	1.00000000e-10	3.27566177e+08	6.28539001e-16
4.69000000e+01	3.94320766e+01	-5.26305861e+05	-2.04847423e+04	1.00000000e-09	1.00000000e-09	1.00000000e-10	1.00000000e-10	0.00000000e+00	5.77853951e-16
4.70000000e+01	3.95161536e+01	-5.09300779e+05	-1.98228748e+04	1.00000000e-09	1.00000000e-09	1.00000000e-10	1.00000000e-10	0.00000000e+00	5.31256117e-16
4.71000000e+01	3.96002305e+01	-4.92296187e+05	-1.91610264e+04	3.20059764e+03	1.00000000e-09	3.20059764e+02	1.00000000e-10	3.08810726e+08	4.88415907e-16
4.72000000e+01	3.96843074e+01	-4.75299648e+05	-1.84994915e+04	4.32204816e+03	1.00000000e-09	4.32204816e+02	1.00000000e-10	4.17014252e+08	4.49030309e-16
4.73000000e+01	3.97683843e+01	-4.58303109e+05	-1.78379565e+04	1.00000000e-09	1.00000000e-09	1.00000000e-10	1.00000000e-10	0.00000000e+00	4.12820745e-16
4.74000000e+01	3.98524613e+01	-4.41306571e+05	-1.71764216e+04	1.00000000e-09	1.00000000e-09	1.00000000e-10	1.00000000e-10	0.00000000e+00	3.79531100e-16
4.75000000e+01	3.99365382e+01	-4.24310032e+05	-1.65148866e+04	1.83571895e+03	1.00000000e-09	1.83571895e+02	1.00000000e-10	1.77119952e+08	3.48925915e-16
4.76000000e+01	4.00206151e+01	-4.07320802e+05	-1.58536362e+04	4.86502322e+03	1.00000000e-09	4.86502322e+02	1.00000000e-10	4.69403381e+08	3.20788716e-16
4.77000000e+01	4.01046920e+01	-3.90331796e+05	-1.51923944e+04	1.00000000e-09	1.00000000e-09	1.00000000e-10	1.00000000e-10	0.00000000e+00	2.94920485e-16
4.78000000e+01	4.01887690e+01	-3.73342790e+05	-1.45311527e+04	1.00000000e-09	1.00000000e-09	1.00000000e-10	1.00000000e-10	0.00000000e+00	2.71138254e-16
4.79000000e+01	4.02728459e+01	-3.56353785e+05	-1.38699110e+04	3.42756356e+02	1.00000000e-09	3.42756356e+01	1.00000000e-10	3.30709609e+07	2.49273810e-16
4.80000000e+01	4.03569228e+01	-3.39371329e+05	-1.32089242e+04	4.97661689e+03	1.00000000e-09	4.97661689e+02	1.00000000e-10	4.80170533e+08	2.29172503e-16
4.81000000e+01	4.04409997e+01	-3.22389504e+05	-1.25479619e+04	3.99662666e+02	1.00000000e-09	3.99662666e+01	1.00000000e-10	3.85615851e+07	2.10692155e-16
4.82000000e+01	4.05250766e+01	-3.05407678e+05	-1.18869996e+04	1.00000000e-09	1.00000000e-09	1.00000000e-10	1.00000000e-10	0.00000000e+00	1.93702052e-16
4.83000000e+01	4.06091536e+01	-2.88425853e+05	-1.12260374e+04	1.00000000e-09	1.00000000e-09	1.00000000e-10	1.00000000e-10	0.00000000e+00	1.78082022e-16
4.84000000e+01	4.06932305e+01	-2.71449860e+05	-1.05653021e+04	4.64758175e+03	1.00000000e-09	4.64758175e+02	1.00000000e-10	4.48423469e+08	1.63721583e-16
4.85000000e+01	4.07773074e+01	-2.54474684e+05	-9.90459864e+03	1.83330465e+03	1.00000000e-09	1.83330465e+02	1.00000000e-10	1.76887008e+08	1.50519162e-16
4.86000000e+01	4.08613843e+01	-2.37499509e+05	-9.24389520e+03	1.00000000e-09	1.00000000e-09	1.00000000e-10	1.00000000e-10	0.00000000e+00	1.38381377e-16
4.87000000e+01	4.09454613e+01	-2.20524333e+05	-8.58319175e+03	1.00000000e-09	1.00000000e-09	1.00000000e-10	1.00000000e-10	0.00000000e+00	1.27222377e-16
4.88000000e+01	4.10295382e+01	-2.03554363e+05	-7.92269092e+03	3.90695201e+03	1.00000000e-09	3.90695201e+02	1.00000000e-10	3.76963562e+08	1.16963232e-16
4.89000000e+01	4.11136151e+01	-1.86585209e+05	-7.26222182e+03	3.07280618e+03	1.00000000e-09	3.07280618e+02	1.00000000e-10	2.96480725e+08	1.07531379e-16
4.90000000e+01	4.11976920e+01	-1.69616054e+05	-6.60175271e+03	1.00000000e-09	1.00000000e-09	1.00000000e-10	1.00000000e-10	0.00000000e+00	9.88601065e-17
4.91000000e+01	4.12817689e+01	-1.52646899e+05	-5.94128361e+03	1.00000000e-09	1.00000000e-09	1.00000000e-10	1.00000000e-10	0.00000000e+00	9.08880802e-17
4.92000000e+01	4.13658459e+01	-1.35682457e+05	-5.28099793e+03	2.81977052e+03	1.00000000e-09	2.81977052e+02	1.00000000e-10	2.72066495e+08	8.35589140e-17
4.93000000e+01	4.14499228e+01	-1.18718677e+05	-4.62073800e+03	4.01008348e+03	1.00000000e-09	4.01008348e+02	1.00000000e-10	3.86914237e+08	7.68207678e-17
4.94000000e+01	4.15339997e+01	-1.01754896e+05	-3.96047807e+03	1.00000000e-09	1.00000000e-09	1.00000000e-10	1.00000000e-10	0.00000000e+00	7.06259821e-17
4.95000000e+01	4.16180766e+01	-8.47911155e+04	-3.30021813e+03	1.00000000e-09	1.00000000e-09	1.00000000e-10	1.00000000e-10	0.00000000e+00	6.49307406e-17
4.96000000e+01	4.17021536e+01	-6.78317208e+04	-2.64012891e+03	1.48155587e+03	1.00000000e-09	1.48155587e+02	1.00000000e-10	1.42948411e+08	5.96947603e-17
4.97000000e+01	4.17862305e+01	-5.08727290e+04	-1.98005536e+03	4.56300266e+03	1.00000000e-09	4.56300266e+02	1.00000000e-10	4.40262827e+08	5.48810067e-17
4.98000000e+01	4.18703074e+01	-3.39137371e+04	-1.31998181e+03	1.00000000e-09	1.00000000e-09	1.00000000e-10	1.00000000e-10	0.00000000e+00	5.04554316e-17
4.99000000e+01	4.19543843e+01	-1.69547453e+04	-6.59908263e+02	1.00000000e-09	1.00000000e-09	1.00000000e-10	1.00000000e-10	0.00000000e+00	4.63867326e-17
5.00000000e+01	4.20384612e+01	0.00000000e+00	0.00000000e+00	1.00000000e+01	1.00000000e+01	1.00000000e+00	1.00000000e+00	0.00000000e+00	4.26461312e-17
