# 1D PNP Solver Results
# Debye length: 1.18939 nm
# Surface potential: 100 mV
# Bulk concentration: 10 mol/m^3
# Thermal voltage: 25.6926 mV
# Grid: non-uniform with stretching factor 1
#
# Columns:
# 1: x [nm]
# 2: x/lambda_D [-]
# 3: phi [mV]
# 4: phi_normalized = e*phi/(kB*T) [-]
# 5: c+ [mol/m^3]
# 6: c- [mol/m^3]
# 7: c+/c0 [-]
# 8: c-/c0 [-]
# 9: rho [C/m^3]
# 10: phi_GC [mV] (Gouy-Chapman analytical)
0.00000000e+00	0.00000000e+00	1.00000000e+02	3.89217445e+00	1.00000000e-09	1.00000000e-09	1.00000000e-10	1.00000000e-10	0.00000000e+00	1.00000000e+02
1.00000000e-01	8.40769225e-02	-2.91130745e+05	-1.13313165e+04	1.00000000e-09	1.00000000e-09	1.00000000e-10	1.00000000e-10	0.00000000e+00	8.70576373e+01
2.00000000e-01	1.68153845e-01	-5.82292485e+05	-2.26638393e+04	1.00000000e-09	6.29798841e+07	1.00000000e-10	6.29798841e+06	-6.07663503e+12	7.68715638e+01
3.00000000e-01	2.52230767e-01	-8.73454226e+05	-3.39963622e+04	1.00000000e-09	1.11777673e+06	1.00000000e-10	1.11777673e+05	-1.07849059e+11	6.85207345e+01
4.00000000e-01	3.36307690e-01	-1.16461597e+06	-4.53288851e+04	1.00000000e-09	1.00000000e-09	1.00000000e-10	1.00000000e-10	0.00000000e+00	6.14862309e+01
5.00000000e-01	4.20384612e-01	-1.44908013e+06	-5.64007264e+04	1.00000000e-09	1.00000000e-09	1.00000000e-10	1.00000000e-10	0.00000000e+00	5.54461690e+01
6.00000000e-01	5.04461535e-01	-1.73325510e+06	-6.74613123e+04	1.00000000e-09	6.30182663e+07	1.00000000e-10	6.30182663e+06	-6.08033835e+12	5.01866549e+01
7.00000000e-01	5.88538457e-01	-2.01743008e+06	-7.85218981e+04	1.00000000e-09	2.28925120e+06	1.00000000e-10	2.28925120e+05	-2.20879163e+11	4.55579535e+01
8.00000000e-01	6.72615380e-01	-2.30160506e+06	-8.95824840e+04	1.00000000e-09	1.00000000e-09	1.00000000e-10	1.00000000e-10	0.00000000e+00	4.14508515e+01
9.00000000e-01	7.56692302e-01	-2.57908386e+06	-1.00382443e+05	1.00000000e-09	1.00000000e-09	1.00000000e-10	1.00000000e-10	0.00000000e+00	3.77829914e+01
1.00000000e+00	8.40769225e-01	-2.85603977e+06	-1.11162050e+05	1.00000000e-09	6.30887503e+07	1.00000000e-10	6.30887503e+06	-6.08713902e+12	3.44905241e+01
1.10000000e+00	9.24846147e-01	-3.13299567e+06	-1.21941657e+05	1.00000000e-09	3.51989681e+06	1.00000000e-10	3.51989681e+05	-3.39618413e+11	3.15227780e+01
1.20000000e+00	1.00892307e+00	-3.40995158e+06	-1.32721264e+05	1.00000000e-09	1.00000000e-09	1.00000000e-10	1.00000000e-10	0.00000000e+00	2.88387272e+01
1.30000000e+00	1.09299999e+00	-3.68021458e+06	-1.43240372e+05	1.00000000e-09	1.00000000e-09	1.00000000e-10	1.00000000e-10	0.00000000e+00	2.64045776e+01
1.40000000e+00	1.17707691e+00	-3.94970608e+06	-1.53729451e+05	1.00000000e-09	6.31956338e+07	1.00000000e-10	6.31956338e+06	-6.09745172e+12	2.41920729e+01
1.50000000e+00	1.26115384e+00	-4.21919757e+06	-1.64218530e+05	1.00000000e-09	4.81600487e+06	1.00000000e-10	4.81600487e+05	-4.64673829e+11	2.21772778e+01
1.60000000e+00	1.34523076e+00	-4.48868907e+06	-1.74707609e+05	1.00000000e-09	1.00000000e-09	1.00000000e-10	1.00000000e-10	0.00000000e+00	2.03396868e+01
1.70000000e+00	1.42930768e+00	-4.75149319e+06	-1.84936404e+05	1.00000000e-09	1.00000000e-09	1.00000000e-10	1.00000000e-10	0.00000000e+00	1.86615585e+01
1.80000000e+00	1.51338460e+00	-5.01326075e+06	-1.95124854e+05	1.00000000e-09	6.33440603e+07	1.00000000e-10	6.33440603e+06	-6.11177270e+12	1.71274116e+01
1.90000000e+00	1.59746153e+00	-5.27502831e+06	-2.05313304e+05	1.00000000e-09	6.18484977e+06	1.00000000e-10	6.18484977e+05	-5.96747284e+11	1.57236358e+01
2.00000000e+00	1.68153845e+00	-5.53679587e+06	-2.15501754e+05	1.00000000e-09	1.00000000e-09	1.00000000e-10	1.00000000e-10	0.00000000e+00	1.44381886e+01
2.10000000e+00	1.76561537e+00	-5.79188436e+06	-2.25430243e+05	1.00000000e-09	1.00000000e-09	1.00000000e-10	1.00000000e-10	0.00000000e+00	1.32603556e+01
2.20000000e+00	1.84969229e+00	-6.04565301e+06	-2.35307362e+05	1.00000000e-09	6.35402331e+07	1.00000000e-10	6.35402331e+06	-6.13070049e+12	1.21805577e+01
2.30000000e+00	1.93376922e+00	-6.29942166e+06	-2.45184480e+05	1.00000000e-09	7.63489677e+06	1.00000000e-10	7.63489677e+05	-7.36655551e+11	1.11901960e+01
2.40000000e+00	2.01784614e+00	-6.55319031e+06	-2.55061599e+05	1.00000000e-09	1.00000000e-09	1.00000000e-10	1.00000000e-10	0.00000000e+00	1.02815237e+01
2.50000000e+00	2.10192306e+00	-6.80029159e+06	-2.64679212e+05	1.00000000e-09	1.00000000e-09	1.00000000e-10	1.00000000e-10	0.00000000e+00	9.44754093e+00
2.60000000e+00	2.18599998e+00	-7.04576951e+06	-2.74233641e+05	1.00000000e-09	6.37916988e+07	1.00000000e-10	6.37916988e+06	-6.15496324e+12	8.68190590e+00
2.70000000e+00	2.27007691e+00	-7.29124743e+06	-2.83788069e+05	1.00000000e-09	9.17606574e+06	1.00000000e-10	9.17606574e+05	-8.85355751e+11	7.97886054e+00
2.80000000e+00	2.35415383e+00	-7.53672534e+06	-2.93342498e+05	1.00000000e-09	1.00000000e-09	1.00000000e-10	1.00000000e-10	0.00000000e+00	7.33316685e+00
2.90000000e+00	2.43823075e+00	-7.77555179e+06	-3.02638040e+05	1.00000000e-09	1.00000000e-09	1.00000000e-10	1.00000000e-10	0.00000000e+00	6.74005227e+00
3.00000000e+00	2.52230767e+00	-8.01242874e+06	-3.11857704e+05	1.00000000e-09	6.41077263e+07	1.00000000e-10	6.41077263e+06	-6.18545527e+12	6.19516235e+00
3.10000000e+00	2.60638460e+00	-8.24930569e+06	-3.21077368e+05	1.00000000e-09	1.08200699e+07	1.00000000e-10	1.08200699e+06	-1.04397804e+12	5.69451955e+00
3.20000000e+00	2.69046152e+00	-8.48618265e+06	-3.30297033e+05	1.00000000e-09	1.00000000e-09	1.00000000e-10	1.00000000e-10	0.00000000e+00	5.23448697e+00
3.30000000e+00	2.77453844e+00	-8.71642917e+06	-3.39258629e+05	1.00000000e-09	1.00000000e-09	1.00000000e-10	1.00000000e-10	0.00000000e+00	4.81173646e+00
3.40000000e+00	2.85861536e+00	-8.94437481e+06	-3.48130671e+05	1.00000000e-09	6.44998223e+07	1.00000000e-10	6.44998223e+06	-6.22328677e+12	4.42322017e+00
3.50000000e+00	2.94269229e+00	-9.17232045e+06	-3.57002713e+05	1.00000000e-09	1.25808558e+07	1.00000000e-10	1.25808558e+06	-1.21386805e+12	4.06614534e+00
3.60000000e+00	3.02676921e+00	-9.40026609e+06	-3.65874755e+05	1.00000000e-09	1.00000000e-09	1.00000000e-10	1.00000000e-10	0.00000000e+00	3.73795159e+00
3.70000000e+00	3.11084613e+00	-9.62160873e+06	-3.74489797e+05	1.00000000e-09	1.00000000e-09	1.00000000e-10	1.00000000e-10	0.00000000e+00	3.43629058e+00
3.80000000e+00	3.19492305e+00	-9.84027067e+06	-3.83000501e+05	1.00000000e-09	6.49824422e+07	1.00000000e-10	6.49824422e+06	-6.26985252e+12	3.15900770e+00
3.90000000e+00	3.27899998e+00	-1.00589326e+07	-3.91511205e+05	1.00000000e-09	1.44751826e+07	1.00000000e-10	1.44751826e+06	-1.39664280e+12	2.90412542e+00
4.00000000e+00	3.36307690e+00	-1.02775946e+07	-4.00021909e+05	1.00000000e-09	1.00000000e-09	1.00000000e-10	1.00000000e-10	0.00000000e+00	2.66982829e+00
4.10000000e+00	3.44715382e+00	-1.04896889e+07	-4.08276991e+05	1.00000000e-09	1.00000000e-09	1.00000000e-10	1.00000000e-10	0.00000000e+00	2.45444929e+00
4.20000000e+00	3.53123074e+00	-1.06986906e+07	-4.16411704e+05	1.00000000e-09	6.55739920e+07	1.00000000e-10	6.55739920e+06	-6.32692840e+12	2.25645740e+00
4.30000000e+00	3.61530767e+00	-1.09076924e+07	-4.24546416e+05	1.00000000e-09	1.65233955e+07	1.00000000e-10	1.65233955e+06	-1.59426530e+12	2.07444628e+00
4.40000000e+00	3.69938459e+00	-1.11166941e+07	-4.32681128e+05	1.00000000e-09	1.00000000e-09	1.00000000e-10	1.00000000e-10	0.00000000e+00	1.90712395e+00
4.50000000e+00	3.78346151e+00	-1.13191737e+07	-4.40561985e+05	1.00000000e-09	1.00000000e-09	1.00000000e-10	1.00000000e-10	0.00000000e+00	1.75330334e+00
4.60000000e+00	3.86753843e+00	-1.15181123e+07	-4.48305024e+05	1.00000000e-09	6.62982666e+07	1.00000000e-10	6.62982666e+06	-6.39681027e+12	1.61189369e+00
4.70000000e+00	3.95161536e+00	-1.17170509e+07	-4.56048063e+05	1.00000000e-09	1.87504753e+07	1.00000000e-10	1.87504753e+06	-1.80914584e+12	1.48189263e+00
4.80000000e+00	4.03569228e+00	-1.19159896e+07	-4.63791101e+05	1.00000000e-09	1.00000000e-09	1.00000000e-10	1.00000000e-10	0.00000000e+00	1.36237899e+00
4.90000000e+00	4.11976920e+00	-1.21084640e+07	-4.71282542e+05	1.00000000e-09	1.00000000e-09	1.00000000e-10	1.00000000e-10	0.00000000e+00	1.25250612e+00
5.00000000e+00	4.20384612e+00	-1.22969078e+07	-4.78617102e+05	1.00000000e-09	6.71865654e+07	1.00000000e-10	6.71865654e+06	-6.48251807e+12	1.15149587e+00
5.10000000e+00	4.28792305e+00	-1.24853515e+07	-4.85951661e+05	1.00000000e-09	2.11874889e+07	1.00000000e-10	2.11874889e+06	-2.04428190e+12	1.05863300e+00
5.20000000e+00	4.37199997e+00	-1.26737953e+07	-4.93286221e+05	1.00000000e-09	1.00000000e-09	1.00000000e-10	1.00000000e-10	0.00000000e+00	9.73260072e-01
5.30000000e+00	4.45607689e+00	-1.28558489e+07	-5.00372066e+05	1.00000000e-09	1.00000000e-09	1.00000000e-10	1.00000000e-10	0.00000000e+00	8.94772759e-01
5.40000000e+00	4.54015381e+00	-1.30333345e+07	-5.07280115e+05	1.00000000e-09	6.82809044e+07	1.00000000e-10	6.82809044e+06	-6.58810574e+12	8.22615544e-01
5.50000000e+00	4.62423074e+00	-1.32108201e+07	-5.14188165e+05	1.00000000e-09	2.38736341e+07	1.00000000e-10	2.38736341e+06	-2.30345552e+12	7.56277766e-01
5.60000000e+00	4.70830766e+00	-1.33883057e+07	-5.21096214e+05	1.00000000e-09	1.00000000e-09	1.00000000e-10	1.00000000e-10	0.00000000e+00	6.95289988e-01
5.70000000e+00	4.79238458e+00	-1.35594960e+07	-5.27759238e+05	1.00000000e-09	1.00000000e-09	1.00000000e-10	1.00000000e-10	0.00000000e+00	6.39220665e-01
5.80000000e+00	4.87646150e+00	-1.37255257e+07	-5.34221404e+05	1.00000000e-09	6.96391263e+07	1.00000000e-10	6.96391263e+06	-6.71915423e+12	5.87673079e-01
5.90000000e+00	4.96053843e+00	-1.38915554e+07	-5.40683571e+05	1.00000000e-09	2.68591955e+07	1.00000000e-10	2.68591955e+06	-2.59151840e+12	5.40282524e-01
6.00000000e+00	5.04461535e+00	-1.40575852e+07	-5.47145738e+05	1.00000000e-09	1.00000000e-09	1.00000000e-10	1.00000000e-10	0.00000000e+00	4.96713722e-01
6.10000000e+00	5.12869227e+00	-1.42174414e+07	-5.53367621e+05	1.00000000e-09	1.00000000e-09	1.00000000e-10	1.00000000e-10	0.00000000e+00	4.56658442e-01
6.20000000e+00	5.21276919e+00	-1.43714799e+07	-5.59363069e+05	1.00000000e-09	7.13431971e+07	1.00000000e-10	7.13431971e+06	-6.88357206e+12	4.19833321e-01
6.30000000e+00	5.29684612e+00	-1.45255184e+07	-5.65358517e+05	1.00000000e-09	3.02099352e+07	1.00000000e-10	3.02099352e+06	-2.91481563e+12	3.85977854e-01
6.40000000e+00	5.38092304e+00	-1.46795569e+07	-5.71353964e+05	1.00000000e-09	1.00000000e-09	1.00000000e-10	1.00000000e-10	0.00000000e+00	3.54852548e-01
6.50000000e+00	5.46499996e+00	-1.48275797e+07	-5.77115269e+05	1.00000000e-09	1.00000000e-09	1.00000000e-10	1.00000000e-10	0.00000000e+00	3.26237227e-01
6.60000000e+00	5.54907688e+00	-1.49690510e+07	-5.82621578e+05	1.00000000e-09	7.35132956e+07	1.00000000e-10	7.35132956e+06	-7.09295474e+12	2.99929475e-01
6.70000000e+00	5.63315381e+00	-1.51105223e+07	-5.88127886e+05	1.00000000e-09	3.40138278e+07	1.00000000e-10	3.40138278e+06	-3.28183547e+12	2.75743201e-01
6.80000000e+00	5.71723073e+00	-1.52519935e+07	-5.93634195e+05	1.00000000e-09	1.00000000e-09	1.00000000e-10	1.00000000e-10	0.00000000e+00	2.53507323e-01
6.90000000e+00	5.80130765e+00	-1.53876556e+07	-5.98914398e+05	1.00000000e-09	1.00000000e-09	1.00000000e-10	1.00000000e-10	0.00000000e+00	2.33064554e-01
7.00000000e+00	5.88538457e+00	-1.55159402e+07	-6.03907459e+05	1.00000000e-09	7.63331120e+07	1.00000000e-10	7.63331120e+06	-7.36502566e+12	2.14270296e-01
7.10000000e+00	5.96946150e+00	-1.56442248e+07	-6.08900520e+05	1.00000000e-09	3.83917885e+07	1.00000000e-10	3.83917885e+06	-3.70424446e+12	1.96991610e-01
7.20000000e+00	6.05353842e+00	-1.57725094e+07	-6.13893581e+05	1.00000000e-09	1.00000000e-09	1.00000000e-10	1.00000000e-10	0.00000000e+00	1.81106277e-01
7.30000000e+00	6.13761534e+00	-1.58952593e+07	-6.18671221e+05	1.00000000e-09	1.00000000e-09	1.00000000e-10	1.00000000e-10	0.00000000e+00	1.66501937e-01
7.40000000e+00	6.22169226e+00	-1.60096933e+07	-6.23125192e+05	1.00000000e-09	8.00982580e+07	1.00000000e-10	8.00982580e+06	-7.72830702e+12	1.53075289e-01
7.50000000e+00	6.30576919e+00	-1.61241273e+07	-6.27579162e+05	1.00000000e-09	4.35155884e+07	1.00000000e-10	4.35155884e+06	-4.19861600e+12	1.40731363e-01
7.60000000e+00	6.38984611e+00	-1.62385613e+07	-6.32033133e+05	1.00000000e-09	1.00000000e-09	1.00000000e-10	1.00000000e-10	0.00000000e+00	1.29382849e-01
7.70000000e+00	6.47392303e+00	-1.63478334e+07	-6.36286194e+05	1.00000000e-09	1.00000000e-09	1.00000000e-10	1.00000000e-10	0.00000000e+00	1.18949475e-01
7.80000000e+00	6.55799995e+00	-1.64477107e+07	-6.40173592e+05	1.00000000e-09	8.53165995e+07	1.00000000e-10	8.53165995e+06	-8.23180044e+12	1.09357445e-01
7.90000000e+00	6.64207688e+00	-1.65475879e+07	-6.44060990e+05	1.00000000e-09	4.96396112e+07	1.00000000e-10	4.96396112e+06	-4.78949437e+12	1.00538914e-01
8.00000000e+00	6.72615380e+00	-1.66474652e+07	-6.47948387e+05	1.00000000e-09	1.00000000e-09	1.00000000e-10	1.00000000e-10	0.00000000e+00	9.24315047e-02
8.10000000e+00	6.81023072e+00	-1.67427028e+07	-6.51655200e+05	1.00000000e-09	1.00000000e-09	1.00000000e-10	1.00000000e-10	0.00000000e+00	8.49778740e-02
8.20000000e+00	6.89430764e+00	-1.68272868e+07	-6.54947359e+05	1.00000000e-09	9.29384337e+07	1.00000000e-10	9.29384337e+06	-8.96719564e+12	7.81253008e-02
8.30000000e+00	6.97838457e+00	-1.69118709e+07	-6.58239518e+05	1.00000000e-09	5.71618809e+07	1.00000000e-10	5.71618809e+06	-5.51528307e+12	7.18253161e-02
8.40000000e+00	7.06246149e+00	-1.69964550e+07	-6.61531677e+05	1.00000000e-09	1.00000000e-09	1.00000000e-10	1.00000000e-10	0.00000000e+00	6.60333593e-02
8.50000000e+00	7.14653841e+00	-1.70771645e+07	-6.64673032e+05	1.00000000e-09	1.00000000e-09	1.00000000e-10	1.00000000e-10	0.00000000e+00	6.07084632e-02
8.60000000e+00	7.23061533e+00	-1.71457243e+07	-6.67341502e+05	1.00000000e-09	1.04959839e+08	1.00000000e-10	1.04959839e+07	-1.01270849e+13	5.58129641e-02
8.70000000e+00	7.31469226e+00	-1.72142842e+07	-6.70009971e+05	1.00000000e-09	6.67561956e+07	1.00000000e-10	6.67561956e+06	-6.44099371e+12	5.13122357e-02
8.80000000e+00	7.39876918e+00	-1.72828441e+07	-6.72678441e+05	1.00000000e-09	1.00000000e-09	1.00000000e-10	1.00000000e-10	0.00000000e+00	4.71744438e-02
8.90000000e+00	7.48284610e+00	-1.73487324e+07	-6.75242929e+05	1.00000000e-09	1.00000000e-09	1.00000000e-10	1.00000000e-10	0.00000000e+00	4.33703214e-02
9.00000000e+00	7.56692302e+00	-1.74006500e+07	-6.77263654e+05	1.00000000e-09	1.26316993e+08	1.00000000e-10	1.26316993e+07	-1.21877370e+13	3.98729614e-02
9.10000000e+00	7.65099995e+00	-1.74525676e+07	-6.79284379e+05	1.00000000e-09	7.97207649e+07	1.00000000e-10	7.97207649e+06	-7.69188448e+12	3.66576268e-02
9.20000000e+00	7.73507687e+00	-1.75044853e+07	-6.81305104e+05	1.00000000e-09	1.00000000e-09	1.00000000e-10	1.00000000e-10	0.00000000e+00	3.37015752e-02
9.30000000e+00	7.81915379e+00	-1.75558672e+07	-6.83304976e+05	1.00000000e-09	1.00000000e-09	1.00000000e-10	1.00000000e-10	0.00000000e+00	3.09838980e-02
9.40000000e+00	7.90323071e+00	-1.75910038e+07	-6.84672554e+05	1.00000000e-09	1.72481266e+08	1.00000000e-10	1.72481266e+07	-1.66419123e+13	2.84853728e-02
9.50000000e+00	7.98730764e+00	-1.76254507e+07	-6.86013289e+05	1.00000000e-09	1.01268359e+08	1.00000000e-10	1.01268359e+07	-9.77091125e+12	2.61883275e-02
9.60000000e+00	8.07138456e+00	-1.76598976e+07	-6.87354024e+05	1.00000000e-09	1.00000000e-09	1.00000000e-10	1.00000000e-10	0.00000000e+00	2.40765146e-02
9.70000000e+00	8.15546148e+00	-1.76943446e+07	-6.88694758e+05	1.00000000e-09	1.00000000e-09	1.00000000e-10	1.00000000e-10	0.00000000e+00	2.21349973e-02
9.80000000e+00	8.23953840e+00	-1.77097863e+07	-6.89295778e+05	1.00000000e-09	3.48671372e+08	1.00000000e-10	3.48671372e+07	-3.36416732e+13	2.03500429e-02
9.90000000e+00	8.32361533e+00	-1.77185479e+07	-6.89636796e+05	1.00000000e-09	3.02187937e+08	1.00000000e-10	3.02187937e+07	-2.91567035e+13	1.87090262e-02
1.00000000e+01	8.40769225e+00	-1.77273095e+07	-6.89977813e+05	1.00000000e-09	1.00000000e-09	1.00000000e-10	1.00000000e-10	0.00000000e+00	1.72003403e-02
1.01000000e+01	8.49176917e+00	-1.77360711e+07	-6.90318830e+05	1.00000000e-09	1.00000000e-09	1.00000000e-10	1.00000000e-10	0.00000000e+00	1.58133140e-02
1.02000000e+01	8.57584609e+00	-1.77326288e+07	-6.90184848e+05	1.00000000e-09	2.24231163e+05	1.00000000e-10	2.24231163e+04	-2.16350182e+10	1.45381368e-02
1.03000000e+01	8.65992302e+00	-1.76930712e+07	-6.88645197e+05	1.00000000e-09	1.26155762e+04	1.00000000e-10	1.26155762e+03	-1.21721806e+09	1.33657892e-02
1.04000000e+01	8.74399994e+00	-1.76497064e+07	-6.86957364e+05	5.70609839e+02	1.00000000e-09	5.70609839e+01	1.00000000e-10	5.50554798e+07	1.22879791e-02
1.05000000e+01	8.82807686e+00	-1.76063430e+07	-6.85269584e+05	5.03286942e+01	1.00000000e-09	5.03286942e+00	1.00000000e-10	4.85598078e+06	1.12970830e-02
1.06000000e+01	8.91215378e+00	-1.75629796e+07	-6.83581805e+05	1.00000000e-09	2.07634519e+03	1.00000000e-10	2.07634519e+02	-2.00336855e+08	1.03860923e-02
1.07000000e+01	8.99623071e+00	-1.75189560e+07	-6.81868331e+05	1.00000000e-09	2.05601240e+03	1.00000000e-10	2.05601240e+02	-1.98375039e+08	9.54856333e-03
1.08000000e+01	9.08030763e+00	-1.74742714e+07	-6.80129128e+05	5.40212337e+02	1.08969174e+02	5.40212337e+01	1.08969174e+01	4.16086398e+07	8.77857228e-03
1.09000000e+01	9.16438455e+00	-1.74295529e+07	-6.78388606e+05	1.03849616e+02	6.80469489e+00	1.03849616e+01	6.80469489e-01	9.36341148e+06	8.07067289e-03
1.10000000e+01	9.24846147e+00	-1.73848322e+07	-6.76647998e+05	1.00000000e-09	9.52912464e-01	1.00000000e-10	9.52912464e-02	-9.19420755e+04	7.41985814e-03
1.11000000e+01	9.33253840e+00	-1.73401112e+07	-6.74907378e+05	1.00000000e-09	2.32386708e-01	1.00000000e-10	2.32386708e-02	-2.24219086e+04	6.82152474e-03
1.12000000e+01	9.41661532e+00	-1.72953921e+07	-6.73166831e+05	5.14257469e+02	1.06896434e-01	5.14257469e+01	1.06896434e-02	4.96079887e+07	6.27144062e-03
1.13000000e+01	9.50069224e+00	-1.72506747e+07	-6.71426354e+05	1.52436325e+02	1.74740786e-01	1.52436325e+01	1.74740786e-02	1.46910095e+07	5.76571500e-03
1.14000000e+01	9.58476916e+00	-1.72059573e+07	-6.69685874e+05	1.00000000e-09	3.15560220e-02	1.00000000e-10	3.15560220e-03	-3.04469317e+03	5.30077082e-03
1.15000000e+01	9.66884609e+00	-1.71612399e+07	-6.67945394e+05	1.00000000e-09	1.00000000e-09	1.00000000e-10	1.00000000e-10	0.00000000e+00	4.87331949e-03
1.16000000e+01	9.75292301e+00	-1.71165241e+07	-6.66204979e+05	4.84686651e+02	1.00000000e-09	4.84686651e+01	1.00000000e-10	4.67651525e+07	4.48033760e-03
1.17000000e+01	9.83699993e+00	-1.70718104e+07	-6.64464644e+05	1.96113635e+02	1.00000000e-09	1.96113635e+01	1.00000000e-10	1.89220892e+07	4.11904557e-03
1.18000000e+01	9.92107685e+00	-1.70270968e+07	-6.62724310e+05	1.00000000e-09	1.00000000e-09	1.00000000e-10	1.00000000e-10	0.00000000e+00	3.78688794e-03
1.19000000e+01	1.00051538e+01	-1.69823831e+07	-6.60983976e+05	1.00000000e-09	1.00000000e-09	1.00000000e-10	1.00000000e-10	0.00000000e+00	3.48151531e-03
1.20000000e+01	1.00892307e+01	-1.69376707e+07	-6.59243692e+05	4.52266355e+02	1.03634073e-02	4.52266355e+01	1.03634073e-03	4.36360696e+07	3.20076778e-03
1.21000000e+01	1.01733076e+01	-1.68929607e+07	-6.57503498e+05	2.34834116e+02	6.68361288e-03	2.34834116e+01	6.68361288e-04	2.26574028e+07	2.94265957e-03
1.22000000e+01	1.02573845e+01	-1.68482506e+07	-6.55763304e+05	1.00000000e-09	1.00000000e-09	1.00000000e-10	1.00000000e-10	0.00000000e+00	2.70536508e-03
1.23000000e+01	1.03414615e+01	-1.68035405e+07	-6.54023110e+05	1.00000000e-09	1.00000000e-09	1.00000000e-10	1.00000000e-10	0.00000000e+00	2.48720588e-03
1.24000000e+01	1.04255384e+01	-1.67588314e+07	-6.52282953e+05	4.17746550e+02	3.25101760e-03	4.17746550e+01	3.25101760e-04	4.03061009e+07	2.28663893e-03
1.25000000e+01	1.05096153e+01	-1.67141247e+07	-6.50542891e+05	2.68664020e+02	3.35860854e-03	2.68664020e+01	3.35860854e-04	2.59218131e+07	2.10224558e-03
1.26000000e+01	1.05936922e+01	-1.66694180e+07	-6.48802829e+05	1.00000000e-09	1.00000000e-09	1.00000000e-10	1.00000000e-10	0.00000000e+00	1.93272162e-03
1.27000000e+01	1.06777692e+01	-1.66247113e+07	-6.47062767e+05	1.00000000e-09	1.00000000e-09	1.00000000e-10	1.00000000e-10	0.00000000e+00	1.77686798e-03
1.28000000e+01	1.07618461e+01	-1.65800052e+07	-6.45322727e+05	3.81818815e+02	1.50506114e-03	3.81818815e+01	1.50506114e-04	3.68397700e+07	1.63358230e-03
1.29000000e+01	1.08459230e+01	-1.65353017e+07	-6.43582786e+05	2.97772828e+02	2.15361178e-03	2.97772828e+01	2.15361178e-04	2.87305024e+07	1.50185109e-03
1.30000000e+01	1.09299999e+01	-1.64905981e+07	-6.41842845e+05	1.00000000e-09	1.00000000e-09	1.00000000e-10	1.00000000e-10	0.00000000e+00	1.38074262e-03
1.31000000e+01	1.10140768e+01	-1.64458945e+07	-6.40102904e+05	1.00000000e-09	1.00000000e-09	1.00000000e-10	1.00000000e-10	0.00000000e+00	1.26940027e-03
1.32000000e+01	1.10981538e+01	-1.64011911e+07	-6.38362971e+05	3.45099728e+02	1.55623660e-04	3.45099728e+01	1.55623660e-05	3.32970469e+07	1.16703651e-03
1.33000000e+01	1.11822307e+01	-1.63564903e+07	-6.36623137e+05	3.22418539e+02	1.00000000e-09	3.22418539e+01	1.00000000e-10	3.11086598e+07	1.07292731e-03
1.34000000e+01	1.12663076e+01	-1.63117895e+07	-6.34883304e+05	1.00000000e-09	1.00000000e-09	1.00000000e-10	1.00000000e-10	0.00000000e+00	9.86407027e-04
1.35000000e+01	1.13503845e+01	-1.62670887e+07	-6.33143470e+05	1.00000000e-09	2.72651830e-03	1.00000000e-10	2.72651830e-04	-2.63068927e+02	9.06863691e-04
1.36000000e+01	1.14344615e+01	-1.62223879e+07	-6.31403636e+05	3.06957734e+02	1.30731924e-03	3.06957734e+01	1.30731924e-04	2.96167928e+07	8.33734687e-04
1.37000000e+01	1.15185384e+01	-1.61776896e+07	-6.29663901e+05	3.42863379e+02	1.00000000e-09	3.42863379e+01	1.00000000e-10	3.30812870e+07	7.66502767e-04
1.38000000e+01	1.16026153e+01	-1.61329917e+07	-6.27924180e+05	1.00000000e-09	1.00000000e-09	1.00000000e-10	1.00000000e-10	0.00000000e+00	7.04692393e-04
1.39000000e+01	1.16866922e+01	-1.60882937e+07	-6.26184458e+05	1.00000000e-09	1.00000000e-09	1.00000000e-10	1.00000000e-10	0.00000000e+00	6.47866374e-04
1.40000000e+01	1.17707691e+01	-1.60435958e+07	-6.24444737e+05	2.68899115e+02	6.73912008e-04	2.68899115e+01	6.73912008e-05	2.59447554e+07	5.95622776e-04
1.41000000e+01	1.18548461e+01	-1.59989003e+07	-6.22705111e+05	3.59549233e+02	2.19665722e-04	3.59549233e+01	2.19665722e-05	3.46912060e+07	5.47592073e-04
1.42000000e+01	1.19389230e+01	-1.59542056e+07	-6.20965513e+05	1.00000000e-09	1.00000000e-09	1.00000000e-10	1.00000000e-10	0.00000000e+00	5.03434541e-04
1.43000000e+01	1.20229999e+01	-1.59095108e+07	-6.19225916e+05	1.00000000e-09	1.00000000e-09	1.00000000e-10	1.00000000e-10	0.00000000e+00	4.62837848e-04
1.44000000e+01	1.21070768e+01	-1.58648161e+07	-6.17486318e+05	2.31407676e+02	1.00000000e-09	2.31407676e+01	1.00000000e-10	2.23274465e+07	4.25514851e-04
1.45000000e+01	1.21911538e+01	-1.58201236e+07	-6.15746810e+05	3.72888960e+02	1.00000000e-09	3.72888960e+01	1.00000000e-10	3.59783151e+07	3.91201561e-04
1.46000000e+01	1.22752307e+01	-1.57754323e+07	-6.14007344e+05	1.00000000e-09	1.00000000e-09	1.00000000e-10	1.00000000e-10	0.00000000e+00	3.59655276e-04
1.47000000e+01	1.23593076e+01	-1.57307409e+07	-6.12267878e+05	1.00000000e-09	1.38295752e-06	1.00000000e-10	1.38295752e-07	-1.33338631e-01	3.30652866e-04
1.48000000e+01	1.24433845e+01	-1.56860495e+07	-6.10528412e+05	1.94736269e+02	1.00000000e-09	1.94736269e+01	1.00000000e-10	1.87891936e+07	3.03989196e-04
1.49000000e+01	1.25274615e+01	-1.56413603e+07	-6.08789028e+05	3.83304626e+02	1.00000000e-09	3.83304626e+01	1.00000000e-10	3.69832741e+07	2.79475669e-04
1.50000000e+01	1.26115384e+01	-1.55966724e+07	-6.07049699e+05	1.00000000e-09	3.25245187e-07	1.00000000e-10	3.25245187e-08	-3.12849046e-02	2.56938901e-04
1.51000000e+01	1.26956153e+01	-1.55519846e+07	-6.05310370e+05	1.00000000e-09	6.44661123e-07	1.00000000e-10	6.44661123e-08	-6.21038573e-02	2.36219485e-04
1.52000000e+01	1.27796922e+01	-1.55072967e+07	-6.03571041e+05	1.59033612e+02	1.00000000e-09	1.59033612e+01	1.00000000e-10	1.53444108e+07	2.17170872e-04
1.53000000e+01	1.28637691e+01	-1.54626107e+07	-6.01831784e+05	3.91206487e+02	1.00000000e-09	3.91206487e+01	1.00000000e-10	3.77456878e+07	1.99658328e-04
1.54000000e+01	1.29478461e+01	-1.54179264e+07	-6.00092593e+05	1.00000000e-09	1.42813045e-07	1.00000000e-10	1.42813045e-08	-1.36828787e-02	1.83557987e-04
1.55000000e+01	1.30319230e+01	-1.53732421e+07	-5.98353402e+05	1.00000000e-09	4.37736494e-07	1.00000000e-10	4.37736494e-08	-4.21386657e-02	1.68755969e-04
1.56000000e+01	1.31159999e+01	-1.53285578e+07	-5.96614211e+05	1.24349583e+02	1.00000000e-09	1.24349583e+01	1.00000000e-10	1.19979108e+07	1.55147578e-04
1.57000000e+01	1.32000768e+01	-1.52838751e+07	-5.94875081e+05	3.96972823e+02	1.00000000e-09	3.96972823e+01	1.00000000e-10	3.83020547e+07	1.42636560e-04
1.58000000e+01	1.32841538e+01	-1.52391943e+07	-5.93136026e+05	1.00000000e-09	5.67564789e-08	1.00000000e-10	5.67564789e-09	-5.37968238e-03	1.31134424e-04
1.59000000e+01	1.33682307e+01	-1.51945135e+07	-5.91396972e+05	1.00000000e-09	3.47461742e-07	1.00000000e-10	3.47461742e-08	-3.34284762e-02	1.20559814e-04
1.60000000e+01	1.34523076e+01	-1.51498327e+07	-5.89657917e+05	9.06444109e+01	1.00000000e-09	9.06444109e+00	1.00000000e-10	8.74585609e+06	1.10837935e-04
1.61000000e+01	1.35363845e+01	-1.51051531e+07	-5.87918911e+05	4.00931153e+02	1.00000000e-09	4.00931153e+01	1.00000000e-10	3.86839754e+07	1.01900023e-04
1.62000000e+01	1.36204614e+01	-1.50604757e+07	-5.86179987e+05	1.00000000e-09	1.00000000e-09	1.00000000e-10	1.00000000e-10	0.00000000e+00	9.36828597e-05
1.63000000e+01	1.37045384e+01	-1.50157983e+07	-5.84441064e+05	1.00000000e-09	3.06777591e-07	1.00000000e-10	3.06777591e-08	-2.95030524e-02	8.61283240e-05
1.64000000e+01	1.37886153e+01	-1.49711209e+07	-5.82702141e+05	5.77882414e+01	2.14119398e-08	5.77882414e+00	2.14119398e-09	5.57571766e+06	7.91829819e-05
1.65000000e+01	1.38726922e+01	-1.49264443e+07	-5.80963252e+05	4.03341135e+02	1.00000000e-09	4.03341135e+01	1.00000000e-10	3.89165034e+07	7.27977085e-05
1.66000000e+01	1.39567691e+01	-1.48817700e+07	-5.79224451e+05	1.00000000e-09	1.00000000e-09	1.00000000e-10	1.00000000e-10	0.00000000e+00	6.69273402e-05
1.67000000e+01	1.40408461e+01	-1.48370958e+07	-5.77485650e+05	1.00000000e-09	2.99638723e-07	1.00000000e-10	2.99638723e-08	-2.88142563e-02	6.15303552e-05
1.68000000e+01	1.41249230e+01	-1.47924215e+07	-5.75746849e+05	2.55986052e+01	1.00674286e-07	2.55986052e+00	1.00674286e-08	2.46988991e+06	5.65685802e-05
1.69000000e+01	1.42089999e+01	-1.47477477e+07	-5.74008069e+05	4.04382322e+02	1.00000000e-09	4.04382322e+01	1.00000000e-10	3.90169626e+07	5.20069201e-05
1.70000000e+01	1.42930768e+01	-1.47030763e+07	-5.72269379e+05	1.00000000e-09	1.00000000e-09	1.00000000e-10	1.00000000e-10	0.00000000e+00	4.78131098e-05
1.71000000e+01	1.43771537e+01	-1.46584049e+07	-5.70530689e+05	1.00000000e-09	1.00000000e-09	1.00000000e-10	1.00000000e-10	0.00000000e+00	4.39574862e-05
1.72000000e+01	1.44612307e+01	-1.46137335e+07	-5.68792000e+05	1.00000000e-09	1.00000000e-09	1.00000000e-10	1.00000000e-10	0.00000000e+00	4.04127779e-05
1.73000000e+01	1.45453076e+01	-1.45690622e+07	-5.67053315e+05	4.04146857e+02	6.18881814e-08	4.04146857e+01	6.18881814e-09	3.89942437e+07	3.71539131e-05
1.74000000e+01	1.46293845e+01	-1.45243932e+07	-5.65314723e+05	1.44712120e+01	5.44033640e-08	1.44712120e+00	5.44033640e-09	1.39625969e+06	3.41578414e-05
1.75000000e+01	1.47134614e+01	-1.44797243e+07	-5.63576131e+05	1.00000000e-09	1.00000000e-09	1.00000000e-10	1.00000000e-10	0.00000000e+00	3.14033713e-05
1.76000000e+01	1.47975384e+01	-1.44350554e+07	-5.61837540e+05	1.00000000e-09	1.00000000e-09	1.00000000e-10	1.00000000e-10	0.00000000e+00	2.88710202e-05
1.77000000e+01	1.48816153e+01	-1.43903865e+07	-5.60098948e+05	4.01349207e+02	5.77333705e-09	4.01349207e+01	5.77333705e-10	3.87243116e+07	2.65428765e-05
1.78000000e+01	1.49656922e+01	-1.43457200e+07	-5.58360447e+05	4.61458733e+01	2.87957554e-08	4.61458733e+00	2.87957554e-09	4.45239991e+06	2.44024731e-05
1.79000000e+01	1.50497691e+01	-1.43010538e+07	-5.56621961e+05	1.00000000e-09	1.00000000e-09	1.00000000e-10	1.00000000e-10	0.00000000e+00	2.24346707e-05
1.80000000e+01	1.51338460e+01	-1.42563876e+07	-5.54883475e+05	1.00000000e-09	1.00000000e-09	1.00000000e-10	1.00000000e-10	0.00000000e+00	2.06255509e-05
1.81000000e+01	1.52179230e+01	-1.42117214e+07	-5.53144989e+05	3.97258624e+02	1.00000000e-09	3.97258624e+01	1.00000000e-10	3.83296303e+07	1.89623175e-05
1.82000000e+01	1.53019999e+01	-1.41670574e+07	-5.51406589e+05	7.81174985e+01	2.09437333e-08	7.81174985e+00	2.09437333e-09	7.53719279e+06	1.74332063e-05
1.83000000e+01	1.53860768e+01	-1.41223942e+07	-5.49668218e+05	1.00000000e-09	4.93293724e-09	1.00000000e-10	4.93293724e-10	-3.79470756e-04	1.60274019e-05
1.84000000e+01	1.54701537e+01	-1.40777310e+07	-5.47929847e+05	1.00000000e-09	1.00000000e-09	1.00000000e-10	1.00000000e-10	0.00000000e+00	1.47349607e-05
1.85000000e+01	1.55542307e+01	-1.40330677e+07	-5.46191477e+05	3.91737314e+02	1.00000000e-09	3.91737314e+01	1.00000000e-10	3.77969049e+07	1.35467414e-05
1.86000000e+01	1.56383076e+01	-1.39884065e+07	-5.44453186e+05	1.10561924e+02	1.41411684e-08	1.10561924e+01	1.41411684e-09	1.06676040e+07	1.24543394e-05
1.87000000e+01	1.57223845e+01	-1.39437464e+07	-5.42714936e+05	1.00000000e-09	9.31482669e-09	1.00000000e-10	9.31482669e-10	-8.02258815e-04	1.14500281e-05
1.88000000e+01	1.58064614e+01	-1.38990863e+07	-5.40976687e+05	1.00000000e-09	1.00000000e-09	1.00000000e-10	1.00000000e-10	0.00000000e+00	1.05267039e-05
1.89000000e+01	1.58905384e+01	-1.38544262e+07	-5.39238438e+05	3.84570898e+02	1.00000000e-09	3.84570898e+01	1.00000000e-10	3.71054508e+07	9.67783615e-06
1.90000000e+01	1.59746153e+01	-1.38097680e+07	-5.37500261e+05	1.43596110e+02	5.00156559e-09	1.43596110e+01	5.00156559e-10	1.38549184e+07	8.89742061e-06
1.91000000e+01	1.60586922e+01	-1.37651111e+07	-5.35762137e+05	1.00000000e-09	1.41365828e-08	1.00000000e-10	1.41365828e-09	-1.26748755e-03	8.17993736e-06
1.92000000e+01	1.61427691e+01	-1.37204542e+07	-5.34024013e+05	1.00000000e-09	1.21603389e-09	1.00000000e-10	1.21603389e-10	-2.08441013e-05	7.52031158e-06
1.93000000e+01	1.62268460e+01	-1.36757973e+07	-5.32285889e+05	3.75482167e+02	1.00000000e-09	3.75482167e+01	1.00000000e-10	3.62285216e+07	6.91387767e-06
1.94000000e+01	1.63109230e+01	-1.36311420e+07	-5.30547827e+05	1.77263305e+02	1.00000000e-09	1.77263305e+01	1.00000000e-10	1.71033088e+07	6.35634627e-06
1.95000000e+01	1.63949999e+01	-1.35864883e+07	-5.28809828e+05	1.00000000e-09	1.00000000e-09	1.00000000e-10	1.00000000e-10	0.00000000e+00	5.84377390e-06
1.96000000e+01	1.64790768e+01	-1.35418347e+07	-5.27071829e+05	1.00000000e-09	1.00000000e-09	1.00000000e-10	1.00000000e-10	0.00000000e+00	5.37253509e-06
1.97000000e+01	1.65631537e+01	-1.34971810e+07	-5.25333830e+05	3.64148422e+02	1.00000000e-09	3.64148422e+01	1.00000000e-10	3.51349814e+07	4.93929673e-06
1.98000000e+01	1.66472307e+01	-1.34525286e+07	-5.23595883e+05	2.11522184e+02	1.00000000e-09	2.11522184e+01	1.00000000e-10	2.04087882e+07	4.54099448e-06
1.99000000e+01	1.67313076e+01	-1.34078781e+07	-5.21858006e+05	1.00000000e-09	1.00000000e-09	1.00000000e-10	1.00000000e-10	0.00000000e+00	4.17481111e-06
2.00000000e+01	1.68153845e+01	-1.33632276e+07	-5.20120130e+05	1.00000000e-09	1.00000000e-09	1.00000000e-10	1.00000000e-10	0.00000000e+00	3.83815657e-06
2.01000000e+01	1.68994614e+01	-1.33185771e+07	-5.18382253e+05	3.50219518e+02	1.00000000e-09	3.50219518e+01	1.00000000e-10	3.37910465e+07	3.52864967e-06
2.02000000e+01	1.69835383e+01	-1.32739275e+07	-5.16644416e+05	2.46240320e+02	1.00000000e-09	2.46240320e+01	1.00000000e-10	2.37585790e+07	3.24410125e-06
2.03000000e+01	1.70676153e+01	-1.32292800e+07	-5.14906656e+05	1.00000000e-09	1.00000000e-09	1.00000000e-10	1.00000000e-10	0.00000000e+00	2.98249865e-06
2.04000000e+01	1.71516922e+01	-1.31846325e+07	-5.13168896e+05	1.00000000e-09	1.00000000e-09	1.00000000e-10	1.00000000e-10	0.00000000e+00	2.74199155e-06
2.05000000e+01	1.72357691e+01	-1.31399849e+07	-5.11431136e+05	3.33324087e+02	1.00000000e-09	3.33324087e+01	1.00000000e-10	3.21608852e+07	2.52087882e-06
2.06000000e+01	1.73198460e+01	-1.30953381e+07	-5.09693402e+05	2.81190553e+02	1.00000000e-09	2.81190553e+01	1.00000000e-10	2.71307639e+07	2.31759650e-06
2.07000000e+01	1.74039230e+01	-1.30506933e+07	-5.07955749e+05	1.00000000e-09	1.00000000e-09	1.00000000e-10	1.00000000e-10	0.00000000e+00	2.13070675e-06
2.08000000e+01	1.74879999e+01	-1.30060485e+07	-5.06218097e+05	1.00000000e-09	1.00000000e-09	1.00000000e-10	1.00000000e-10	0.00000000e+00	1.95888770e-06
2.09000000e+01	1.75720768e+01	-1.29614037e+07	-5.04480445e+05	3.13123875e+02	1.00000000e-09	3.13123875e+01	1.00000000e-10	3.02118611e+07	1.80092404e-06
2.10000000e+01	1.76561537e+01	-1.29167593e+07	-5.02742806e+05	3.16055332e+02	1.00000000e-09	3.16055332e+01	1.00000000e-10	3.04947037e+07	1.65569849e-06
2.11000000e+01	1.77402306e+01	-1.28721170e+07	-5.01005250e+05	1.00000000e-09	1.00000000e-09	1.00000000e-10	1.00000000e-10	0.00000000e+00	1.52218384e-06
2.12000000e+01	1.78243076e+01	-1.28274747e+07	-4.99267694e+05	1.00000000e-09	1.00000000e-09	1.00000000e-10	1.00000000e-10	0.00000000e+00	1.39943575e-06
2.13000000e+01	1.79083845e+01	-1.27828325e+07	-4.97530139e+05	2.89314197e+02	1.00000000e-09	2.89314197e+01	1.00000000e-10	2.79145764e+07	1.28658600e-06
2.14000000e+01	1.79924614e+01	-1.27381902e+07	-4.95792583e+05	3.50432778e+02	1.00000000e-09	3.50432778e+01	1.00000000e-10	3.38116230e+07	1.18283639e-06
2.15000000e+01	1.80765383e+01	-1.26935500e+07	-4.94055111e+05	1.00000000e-09	1.00000000e-09	1.00000000e-10	1.00000000e-10	0.00000000e+00	1.08745310e-06
2.16000000e+01	1.81606153e+01	-1.26489100e+07	-4.92317645e+05	1.00000000e-09	1.00000000e-09	1.00000000e-10	1.00000000e-10	0.00000000e+00	9.99761460e-07
2.17000000e+01	1.82446922e+01	-1.26042701e+07	-4.90580179e+05	2.61585948e+02	1.00000000e-09	2.61585948e+01	1.00000000e-10	2.52392071e+07	9.19141229e-07
2.18000000e+01	1.83287691e+01	-1.25596301e+07	-4.88842713e+05	3.82711016e+02	1.00000000e-09	3.82711016e+01	1.00000000e-10	3.69259994e+07	8.45022171e-07
2.19000000e+01	1.84128460e+01	-1.25149922e+07	-4.87105328e+05	1.00000000e-09	1.00000000e-09	1.00000000e-10	1.00000000e-10	0.00000000e+00	7.76880034e-07
2.20000000e+01	1.84969229e+01	-1.24703548e+07	-4.85367962e+05	1.00000000e-09	1.00000000e-09	1.00000000e-10	1.00000000e-10	0.00000000e+00	7.14232843e-07
2.21000000e+01	1.85809999e+01	-1.24257174e+07	-4.83630596e+05	2.29813611e+02	1.00000000e-09	2.29813611e+01	1.00000000e-10	2.21736426e+07	6.56637488e-07
2.22000000e+01	1.86650768e+01	-1.23810799e+07	-4.81893230e+05	4.13535613e+02	1.00000000e-09	4.13535613e+01	1.00000000e-10	3.99001210e+07	6.03686592e-07
2.23000000e+01	1.87491537e+01	-1.23364445e+07	-4.80155942e+05	1.00000000e-09	1.00000000e-09	1.00000000e-10	1.00000000e-10	0.00000000e+00	5.55005627e-07
2.24000000e+01	1.88332306e+01	-1.22918099e+07	-4.78418685e+05	1.00000000e-09	1.00000000e-09	1.00000000e-10	1.00000000e-10	0.00000000e+00	5.10250270e-07
2.25000000e+01	1.89173076e+01	-1.22471753e+07	-4.76681428e+05	1.93882701e+02	1.00000000e-09	1.93882701e+01	1.00000000e-10	1.87068368e+07	4.69103960e-07
2.26000000e+01	1.90013845e+01	-1.22025407e+07	-4.74944170e+05	4.42328580e+02	1.00000000e-09	4.42328580e+01	1.00000000e-10	4.26782199e+07	4.31275667e-07
2.27000000e+01	1.90854614e+01	-1.21579079e+07	-4.73206986e+05	1.00000000e-09	1.00000000e-09	1.00000000e-10	1.00000000e-10	0.00000000e+00	3.96497828e-07
2.28000000e+01	1.91695383e+01	-1.21132763e+07	-4.71469843e+05	1.00000000e-09	1.00000000e-09	1.00000000e-10	1.00000000e-10	0.00000000e+00	3.64524455e-07
2.29000000e+01	1.92536153e+01	-1.20686446e+07	-4.69732701e+05	1.53765304e+02	1.00000000e-09	1.53765304e+01	1.00000000e-10	1.48360964e+07	3.35129397e-07
2.30000000e+01	1.93376922e+01	-1.20240129e+07	-4.67995559e+05	4.68467605e+02	1.00000000e-09	4.68467605e+01	1.00000000e-10	4.52002524e+07	3.08104742e-07
2.31000000e+01	1.94217691e+01	-1.19793829e+07	-4.66258482e+05	1.00000000e-09	1.00000000e-09	1.00000000e-10	1.00000000e-10	0.00000000e+00	2.83259340e-07
2.32000000e+01	1.95058460e+01	-1.19347543e+07	-4.64521457e+05	1.00000000e-09	1.00000000e-09	1.00000000e-10	1.00000000e-10	0.00000000e+00	2.60417458e-07
2.33000000e+01	1.95899229e+01	-1.18901257e+07	-4.62784433e+05	1.09528380e+02	1.00000000e-09	1.09528380e+01	1.00000000e-10	1.05678821e+07	2.39417533e-07
2.34000000e+01	1.96739999e+01	-1.18454970e+07	-4.61047409e+05	4.91298967e+02	1.00000000e-09	4.91298967e+01	1.00000000e-10	4.74031440e+07	2.20111031e-07
2.35000000e+01	1.97580768e+01	-1.18008699e+07	-4.59310441e+05	1.00000000e-09	1.00000000e-09	1.00000000e-10	1.00000000e-10	0.00000000e+00	2.02361395e-07
2.36000000e+01	1.98421537e+01	-1.17562443e+07	-4.57573536e+05	1.00000000e-09	1.00000000e-09	1.00000000e-10	1.00000000e-10	0.00000000e+00	1.86043080e-07
2.37000000e+01	1.99262306e+01	-1.17116187e+07	-4.55836631e+05	6.13402470e+01	1.00000000e-09	6.13402470e+00	1.00000000e-10	5.91843411e+06	1.71040665e-07
2.38000000e+01	2.00103076e+01	-1.16669931e+07	-4.54099725e+05	5.10154581e+02	1.00000000e-09	5.10154581e+01	1.00000000e-10	4.92224342e+07	1.57248037e-07
2.39000000e+01	2.00943845e+01	-1.16223688e+07	-4.52362867e+05	1.00000000e-09	1.00000000e-09	1.00000000e-10	1.00000000e-10	0.00000000e+00	1.44567640e-07
2.40000000e+01	2.01784614e+01	-1.15777462e+07	-4.50626078e+05	1.00000000e-09	1.00000000e-09	1.00000000e-10	1.00000000e-10	0.00000000e+00	1.32909782e-07
2.41000000e+01	2.02625383e+01	-1.15331236e+07	-4.48889290e+05	9.47510098e+00	1.00000000e-09	9.47510098e-01	1.00000000e-10	9.14208265e+05	1.22192009e-07
2.42000000e+01	2.03466152e+01	-1.14885010e+07	-4.47152501e+05	5.24367222e+02	1.00000000e-09	5.24367222e+01	1.00000000e-10	5.05937456e+07	1.12338510e-07
2.43000000e+01	2.04306922e+01	-1.14438794e+07	-4.45415749e+05	1.48253353e+01	1.00000000e-09	1.48253353e+00	1.00000000e-10	1.43042740e+06	1.03279593e-07
2.44000000e+01	2.05147691e+01	-1.13992597e+07	-4.43679073e+05	1.00000000e-09	1.00000000e-09	1.00000000e-10	1.00000000e-10	0.00000000e+00	9.49511815e-08
2.45000000e+01	2.05988460e+01	-1.13546400e+07	-4.41942396e+05	1.00000000e-09	1.00000000e-09	1.00000000e-10	1.00000000e-10	0.00000000e+00	8.72943689e-08
2.46000000e+01	2.06829229e+01	-1.13100203e+07	-4.40205720e+05	5.33286229e+02	1.00000000e-09	5.33286229e+01	1.00000000e-10	5.14542989e+07	8.02549976e-08
2.47000000e+01	2.07669999e+01	-1.12654012e+07	-4.38469068e+05	7.24183448e+01	1.00000000e-09	7.24183448e+00	1.00000000e-10	6.98730805e+06	7.37832774e-08
2.48000000e+01	2.08510768e+01	-1.12207842e+07	-4.36732496e+05	1.00000000e-09	1.00000000e-09	1.00000000e-10	1.00000000e-10	0.00000000e+00	6.78334333e-08
2.49000000e+01	2.09351537e+01	-1.11761672e+07	-4.34995925e+05	1.00000000e-09	1.00000000e-09	1.00000000e-10	1.00000000e-10	0.00000000e+00	6.23633815e-08
2.50000000e+01	2.10192306e+01	-1.11315502e+07	-4.33259353e+05	5.36293539e+02	1.00000000e-09	5.36293539e+01	1.00000000e-10	5.17444603e+07	5.73344317e-08
2.51000000e+01	2.11033075e+01	-1.10869335e+07	-4.31522794e+05	1.32576126e+02	1.00000000e-09	1.32576126e+01	1.00000000e-10	1.27916516e+07	5.27110137e-08
2.52000000e+01	2.11873845e+01	-1.10423190e+07	-4.29786318e+05	1.00000000e-09	1.00000000e-09	1.00000000e-10	1.00000000e-10	0.00000000e+00	4.84604257e-08
2.53000000e+01	2.12714614e+01	-1.09977044e+07	-4.28049841e+05	1.00000000e-09	1.00000000e-09	1.00000000e-10	1.00000000e-10	0.00000000e+00	4.45526029e-08
2.54000000e+01	2.13555383e+01	-1.09530899e+07	-4.26313365e+05	5.32820677e+02	1.00000000e-09	5.32820677e+01	1.00000000e-10	5.14093800e+07	4.09599048e-08
2.55000000e+01	2.14396152e+01	-1.09084753e+07	-4.24576889e+05	1.94487394e+02	1.00000000e-09	1.94487394e+01	1.00000000e-10	1.87651808e+07	3.76569199e-08
2.56000000e+01	2.15236922e+01	-1.08638629e+07	-4.22840497e+05	1.00000000e-09	1.00000000e-09	1.00000000e-10	1.00000000e-10	0.00000000e+00	3.46202860e-08
2.57000000e+01	2.16077691e+01	-1.08192507e+07	-4.21104112e+05	1.00000000e-09	1.00000000e-09	1.00000000e-10	1.00000000e-10	0.00000000e+00	3.18285246e-08
2.58000000e+01	2.16918460e+01	-1.07746385e+07	-4.19367726e+05	5.22317023e+02	1.00000000e-09	5.22317023e+01	1.00000000e-10	5.03959314e+07	2.92618894e-08
2.59000000e+01	2.17759229e+01	-1.07300263e+07	-4.17631341e+05	2.56521476e+02	1.00000000e-09	2.56521476e+01	1.00000000e-10	2.47505598e+07	2.69022262e-08
2.60000000e+01	2.18599998e+01	-1.06854162e+07	-4.15895039e+05	1.00000000e-09	1.00000000e-09	1.00000000e-10	1.00000000e-10	0.00000000e+00	2.47328451e-08
2.61000000e+01	2.19440768e+01	-1.06408066e+07	-4.14158757e+05	1.00000000e-09	1.00000000e-09	1.00000000e-10	1.00000000e-10	0.00000000e+00	2.27384017e-08
2.62000000e+01	2.20281537e+01	-1.05961971e+07	-4.12422475e+05	5.04422819e+02	1.00000000e-09	5.04422819e+01	1.00000000e-10	4.86694032e+07	2.09047891e-08
2.63000000e+01	2.21122306e+01	-1.05515875e+07	-4.10686192e+05	3.18802271e+02	1.00000000e-09	3.18802271e+01	1.00000000e-10	3.07597430e+07	1.92190381e-08
2.64000000e+01	2.21963075e+01	-1.05069800e+07	-4.08949990e+05	1.00000000e-09	1.00000000e-09	1.00000000e-10	1.00000000e-10	0.00000000e+00	1.76692251e-08
2.65000000e+01	2.22803845e+01	-1.04623733e+07	-4.07213820e+05	1.00000000e-09	1.00000000e-09	1.00000000e-10	1.00000000e-10	0.00000000e+00	1.62443882e-08
2.66000000e+01	2.23644614e+01	-1.04177666e+07	-4.05477650e+05	4.78823562e+02	1.00000000e-09	4.78823562e+01	1.00000000e-10	4.61994504e+07	1.49344494e-08
2.67000000e+01	2.24485383e+01	-1.03731599e+07	-4.03741480e+05	3.80392113e+02	1.00000000e-09	3.80392113e+01	1.00000000e-10	3.67022593e+07	1.37301434e-08
2.68000000e+01	2.25326152e+01	-1.03285552e+07	-4.02005385e+05	1.00000000e-09	1.00000000e-09	1.00000000e-10	1.00000000e-10	0.00000000e+00	1.26229520e-08
2.69000000e+01	2.26166921e+01	-1.02839516e+07	-4.00269335e+05	1.00000000e-09	1.00000000e-09	1.00000000e-10	1.00000000e-10	0.00000000e+00	1.16050438e-08
2.70000000e+01	2.27007691e+01	-1.02393479e+07	-3.98533284e+05	4.45322689e+02	1.00000000e-09	4.45322689e+01	1.00000000e-10	4.29671075e+07	1.06692193e-08
2.71000000e+01	2.27848460e+01	-1.01947443e+07	-3.96797234e+05	4.40280803e+02	1.00000000e-09	4.40280803e+01	1.00000000e-10	4.24806395e+07	9.80885916e-09
2.72000000e+01	2.28689229e+01	-1.01501425e+07	-3.95061252e+05	1.00000000e-09	1.00000000e-09	1.00000000e-10	1.00000000e-10	0.00000000e+00	9.01787799e-09
2.73000000e+01	2.29529998e+01	-1.01055420e+07	-3.93325326e+05	1.00000000e-09	1.00000000e-09	1.00000000e-10	1.00000000e-10	0.00000000e+00	8.29068113e-09
2.74000000e+01	2.30370768e+01	-1.00609416e+07	-3.91589399e+05	4.03856585e+02	1.00000000e-09	4.03856585e+01	1.00000000e-10	3.89662368e+07	7.62212503e-09
2.75000000e+01	2.31211537e+01	-1.00163412e+07	-3.89853473e+05	4.97401676e+02	1.00000000e-09	4.97401676e+01	1.00000000e-10	4.79919660e+07	7.00748093e-09
2.76000000e+01	2.32052306e+01	-9.97174231e+06	-3.88117606e+05	1.00000000e-09	1.00000000e-09	1.00000000e-10	1.00000000e-10	0.00000000e+00	6.44240141e-09
2.77000000e+01	2.32893075e+01	-9.92714510e+06	-3.86381805e+05	1.00000000e-09	1.00000000e-09	1.00000000e-10	1.00000000e-10	0.00000000e+00	5.92288960e-09
2.78000000e+01	2.33733845e+01	-9.88254790e+06	-3.84646004e+05	3.54506129e+02	1.00000000e-09	3.54506129e+01	1.00000000e-10	3.42046416e+07	5.44527095e-09
2.79000000e+01	2.34574614e+01	-9.83795069e+06	-3.82910203e+05	5.50650107e+02	1.00000000e-09	5.50650107e+01	1.00000000e-10	5.31296584e+07	5.00616720e-09
2.80000000e+01	2.35415383e+01	-9.79335478e+06	-3.81174453e+05	1.00000000e-09	1.00000000e-09	1.00000000e-10	1.00000000e-10	0.00000000e+00	4.60247255e-09
2.81000000e+01	2.36256152e+01	-9.74876077e+06	-3.79438776e+05	1.00000000e-09	1.00000000e-09	1.00000000e-10	1.00000000e-10	0.00000000e+00	4.23133162e-09
2.82000000e+01	2.37096921e+01	-9.70416676e+06	-3.77703099e+05	2.97502231e+02	1.00000000e-09	2.97502231e+01	1.00000000e-10	2.87046016e+07	3.89011930e-09
2.83000000e+01	2.37937691e+01	-9.65957274e+06	-3.75967422e+05	5.98904396e+02	1.00000000e-09	5.98904396e+01	1.00000000e-10	5.77854896e+07	3.57642216e-09
2.84000000e+01	2.38778460e+01	-9.61497974e+06	-3.74231785e+05	1.00000000e-09	1.00000000e-09	1.00000000e-10	1.00000000e-10	0.00000000e+00	3.28802138e-09
2.85000000e+01	2.39619229e+01	-9.57038881e+06	-3.72496228e+05	1.00000000e-09	1.00000000e-09	1.00000000e-10	1.00000000e-10	0.00000000e+00	3.02287709e-09
2.86000000e+01	2.40459998e+01	-9.52579788e+06	-3.70760671e+05	2.33246876e+02	1.00000000e-09	2.33246876e+01	1.00000000e-10	2.25049023e+07	2.77911390e-09
2.87000000e+01	2.41300768e+01	-9.48120694e+06	-3.69025114e+05	6.41049445e+02	1.00000000e-09	6.41049445e+01	1.00000000e-10	6.18518686e+07	2.55500764e-09
2.88000000e+01	2.42141537e+01	-9.43661671e+06	-3.67289584e+05	1.00000000e-09	1.00000000e-09	1.00000000e-10	1.00000000e-10	0.00000000e+00	2.34897319e-09
2.89000000e+01	2.42982306e+01	-9.39202868e+06	-3.65554141e+05	1.00000000e-09	1.00000000e-09	1.00000000e-10	1.00000000e-10	0.00000000e+00	2.15955324e-09
2.90000000e+01	2.43823075e+01	-9.34744065e+06	-3.63818697e+05	1.62310101e+02	1.00000000e-09	1.62310101e+01	1.00000000e-10	1.56605440e+07	1.98540802e-09
2.91000000e+01	2.44663844e+01	-9.30285262e+06	-3.62083253e+05	6.76001394e+02	1.00000000e-09	6.76001394e+01	1.00000000e-10	6.52242190e+07	1.82530578e-09
2.92000000e+01	2.45504614e+01	-9.25826495e+06	-3.60347823e+05	1.00000000e-09	1.00000000e-09	1.00000000e-10	1.00000000e-10	0.00000000e+00	1.67811410e-09
2.93000000e+01	2.46345383e+01	-9.21367957e+06	-3.58612482e+05	1.00000000e-09	1.00000000e-09	1.00000000e-10	1.00000000e-10	0.00000000e+00	1.54279187e-09
2.94000000e+01	2.47186152e+01	-9.16909419e+06	-3.56877141e+05	8.54306818e+01	1.00000000e-09	8.54306818e+00	1.00000000e-10	8.24280770e+06	1.41838196e-09
2.95000000e+01	2.48026921e+01	-9.12450881e+06	-3.55141801e+05	7.02733228e+02	1.00000000e-09	7.02733228e+01	1.00000000e-10	6.78034489e+07	1.30400439e-09
2.96000000e+01	2.48867691e+01	-9.07992345e+06	-3.53406460e+05	1.00000000e-09	1.00000000e-09	1.00000000e-10	1.00000000e-10	0.00000000e+00	1.19885018e-09
2.97000000e+01	2.49708460e+01	-9.03534040e+06	-3.51671211e+05	1.00000000e-09	1.00000000e-09	1.00000000e-10	1.00000000e-10	0.00000000e+00	1.10217554e-09
2.98000000e+01	2.50549229e+01	-8.99075751e+06	-3.49935967e+05	2.52846604e+00	1.00000000e-09	2.52846604e-01	1.00000000e-10	2.43959886e+05	1.01329669e-09
2.99000000e+01	2.51389998e+01	-8.94617462e+06	-3.48200723e+05	7.20244107e+02	1.00000000e-09	7.20244107e+01	1.00000000e-10	6.94929918e+07	9.31584987e-10
3.00000000e+01	2.52230767e+01	-8.90159173e+06	-3.46465479e+05	3.89783285e+01	1.00000000e-09	3.89783285e+00	1.00000000e-10	3.76083698e+06	8.56462471e-10
3.01000000e+01	2.53071537e+01	-8.85701114e+06	-3.44730325e+05	1.00000000e-09	1.00000000e-09	1.00000000e-10	1.00000000e-10	0.00000000e+00	7.87397794e-10
3.02000000e+01	2.53912306e+01	-8.81243105e+06	-3.42995190e+05	1.00000000e-09	1.00000000e-09	1.00000000e-10	1.00000000e-10	0.00000000e+00	7.23902457e-10
3.03000000e+01	2.54753075e+01	-8.76785097e+06	-3.41260055e+05	7.27763028e+02	1.00000000e-09	7.27763028e+01	1.00000000e-10	7.02184574e+07	6.65527349e-10
3.04000000e+01	2.55593844e+01	-8.72327089e+06	-3.39524921e+05	1.26358206e+02	1.00000000e-09	1.26358206e+01	1.00000000e-10	1.21917135e+07	6.11859579e-10
3.05000000e+01	2.56434614e+01	-8.67869302e+06	-3.37789872e+05	1.00000000e-09	1.00000000e-09	1.00000000e-10	1.00000000e-10	0.00000000e+00	5.62519549e-10
3.06000000e+01	2.57275383e+01	-8.63411601e+06	-3.36054857e+05	1.00000000e-09	1.00000000e-09	1.00000000e-10	1.00000000e-10	0.00000000e+00	5.17158273e-10
3.07000000e+01	2.58116152e+01	-8.58953900e+06	-3.34319842e+05	7.24589074e+02	1.00000000e-09	7.24589074e+01	1.00000000e-10	6.99122175e+07	4.75454906e-10
3.08000000e+01	2.58956921e+01	-8.54496199e+06	-3.32584827e+05	2.15860197e+02	1.00000000e-09	2.15860197e+01	1.00000000e-10	2.08273428e+07	4.37114476e-10
3.09000000e+01	2.59797690e+01	-8.50038707e+06	-3.30849894e+05	1.00000000e-09	1.00000000e-09	1.00000000e-10	1.00000000e-10	0.00000000e+00	4.01865798e-10
3.10000000e+01	2.60638460e+01	-8.45581333e+06	-3.29115006e+05	1.00000000e-09	1.00000000e-09	1.00000000e-10	1.00000000e-10	0.00000000e+00	3.69459555e-10
3.11000000e+01	2.61479229e+01	-8.41123959e+06	-3.27380118e+05	7.10177820e+02	1.00000000e-09	7.10177820e+01	1.00000000e-10	6.85217428e+07	3.39666533e-10
3.12000000e+01	2.62319998e+01	-8.36666584e+06	-3.25645230e+05	3.06094299e+02	1.00000000e-09	3.06094299e+01	1.00000000e-10	2.95336101e+07	3.12276006e-10
3.13000000e+01	2.63160767e+01	-8.32209401e+06	-3.23910417e+05	1.00000000e-09	1.00000000e-09	1.00000000e-10	1.00000000e-10	0.00000000e+00	2.87094235e-10
3.14000000e+01	2.64001537e+01	-8.27752366e+06	-3.22175661e+05	1.00000000e-09	1.00000000e-09	1.00000000e-10	1.00000000e-10	0.00000000e+00	2.63943109e-10
3.15000000e+01	2.64842306e+01	-8.23295331e+06	-3.20440905e+05	6.84153140e+02	1.00000000e-09	6.84153140e+01	1.00000000e-10	6.60107430e+07	2.42658878e-10
3.16000000e+01	2.65683075e+01	-8.18838296e+06	-3.18706149e+05	3.95566822e+02	1.00000000e-09	3.95566822e+01	1.00000000e-10	3.81663962e+07	2.23090996e-10
3.17000000e+01	2.66523844e+01	-8.14381429e+06	-3.16971459e+05	1.00000000e-09	1.00000000e-09	1.00000000e-10	1.00000000e-10	0.00000000e+00	2.05101057e-10
3.18000000e+01	2.67364614e+01	-8.09924737e+06	-3.15236837e+05	1.00000000e-09	1.00000000e-09	1.00000000e-10	1.00000000e-10	0.00000000e+00	1.88561817e-10
3.19000000e+01	2.68205383e+01	-8.05468045e+06	-3.13502214e+05	6.46349590e+02	1.00000000e-09	6.46349590e+01	1.00000000e-10	6.23632548e+07	1.73356293e-10
3.20000000e+01	2.69046152e+01	-8.01011352e+06	-3.11767592e+05	4.82708911e+02	1.00000000e-09	4.82708911e+01	1.00000000e-10	4.65743296e+07	1.59376934e-10
3.21000000e+01	2.69886921e+01	-7.96554801e+06	-3.10033024e+05	1.00000000e-09	1.00000000e-09	1.00000000e-10	1.00000000e-10	0.00000000e+00	1.46524863e-10
3.22000000e+01	2.70727690e+01	-7.92098448e+06	-3.08298534e+05	1.00000000e-09	1.00000000e-09	1.00000000e-10	1.00000000e-10	0.00000000e+00	1.34709176e-10
3.23000000e+01	2.71568460e+01	-7.87642094e+06	-3.06564044e+05	5.96818862e+02	1.00000000e-09	5.96818862e+01	1.00000000e-10	5.75842661e+07	1.23846300e-10
3.24000000e+01	2.72409229e+01	-7.83185741e+06	-3.04829553e+05	5.65903596e+02	1.00000000e-09	5.65903596e+01	1.00000000e-10	5.46013964e+07	1.13859401e-10
3.25000000e+01	2.73249998e+01	-7.78729497e+06	-3.03095105e+05	1.00000000e-09	1.00000000e-09	1.00000000e-10	1.00000000e-10	0.00000000e+00	1.04677839e-10
3.26000000e+01	2.74090767e+01	-7.74273470e+06	-3.01360742e+05	1.00000000e-09	1.00000000e-09	1.00000000e-10	1.00000000e-10	0.00000000e+00	9.62366743e-11
3.27000000e+01	2.74931537e+01	-7.69817443e+06	-2.99626378e+05	5.35843345e+02	1.00000000e-09	5.35843345e+01	1.00000000e-10	5.17010231e+07	8.84762003e-11
3.28000000e+01	2.75772306e+01	-7.65361417e+06	-2.97892015e+05	6.43517929e+02	1.00000000e-09	6.43517929e+01	1.00000000e-10	6.20900411e+07	8.13415267e-11
3.29000000e+01	2.76613075e+01	-7.60905465e+06	-2.96157681e+05	1.00000000e-09	1.00000000e-09	1.00000000e-10	1.00000000e-10	0.00000000e+00	7.47821894e-11
3.30000000e+01	2.77453844e+01	-7.56449744e+06	-2.94423437e+05	1.00000000e-09	1.00000000e-09	1.00000000e-10	1.00000000e-10	0.00000000e+00	6.87517936e-11
3.31000000e+01	2.78294613e+01	-7.51994023e+06	-2.92689192e+05	4.63945288e+02	1.00000000e-09	4.63945288e+01	1.00000000e-10	4.47639152e+07	6.32076857e-11
3.32000000e+01	2.79135383e+01	-7.47538302e+06	-2.90954948e+05	7.13938409e+02	1.00000000e-09	7.13938409e+01	1.00000000e-10	6.88845845e+07	5.81106517e-11
3.33000000e+01	2.79976152e+01	-7.43082621e+06	-2.89220719e+05	1.00000000e-09	1.00000000e-09	1.00000000e-10	1.00000000e-10	0.00000000e+00	5.34246397e-11
3.34000000e+01	2.80816921e+01	-7.38627178e+06	-2.87486583e+05	1.00000000e-09	1.00000000e-09	1.00000000e-10	1.00000000e-10	0.00000000e+00	4.91165053e-11
3.35000000e+01	2.81657690e+01	-7.34171735e+06	-2.85752447e+05	3.81889793e+02	1.00000000e-09	3.81889793e+01	1.00000000e-10	3.68467635e+07	4.51557765e-11
3.36000000e+01	2.82498460e+01	-7.29716292e+06	-2.84018311e+05	7.75608783e+02	1.00000000e-09	7.75608783e+01	1.00000000e-10	7.48348710e+07	4.15144388e-11
3.37000000e+01	2.83339229e+01	-7.25260852e+06	-2.82284176e+05	1.00000000e-09	1.00000000e-09	1.00000000e-10	1.00000000e-10	0.00000000e+00	3.81667366e-11
3.38000000e+01	2.84179998e+01	-7.20805652e+06	-2.80550134e+05	1.00000000e-09	1.00000000e-09	1.00000000e-10	1.00000000e-10	0.00000000e+00	3.50889914e-11
3.39000000e+01	2.85020767e+01	-7.16350465e+06	-2.78816098e+05	2.89834728e+02	1.00000000e-09	2.89834728e+01	1.00000000e-10	2.79648000e+07	3.22594338e-11
3.40000000e+01	2.85861536e+01	-7.11895278e+06	-2.77082061e+05	8.27009174e+02	1.00000000e-09	8.27009174e+01	1.00000000e-10	7.97942548e+07	2.96580503e-11
3.41000000e+01	2.86702306e+01	-7.07440091e+06	-2.75348025e+05	1.00000000e-09	1.00000000e-09	1.00000000e-10	1.00000000e-10	0.00000000e+00	2.72664410e-11
3.42000000e+01	2.87543075e+01	-7.02985140e+06	-2.73614080e+05	1.00000000e-09	1.00000000e-09	1.00000000e-10	1.00000000e-10	0.00000000e+00	2.50676897e-11
3.43000000e+01	2.88383844e+01	-6.98530237e+06	-2.71880154e+05	1.89637538e+02	1.00000000e-09	1.89637538e+01	1.00000000e-10	1.82972408e+07	2.30462446e-11
3.44000000e+01	2.89224613e+01	-6.94075335e+06	-2.70146228e+05	8.66873768e+02	1.00000000e-09	8.66873768e+01	1.00000000e-10	8.36406034e+07	2.11878078e-11
3.45000000e+01	2.90065383e+01	-6.89620432e+06	-2.68412303e+05	1.00000000e-09	1.00000000e-09	1.00000000e-10	1.00000000e-10	0.00000000e+00	1.94792342e-11
3.46000000e+01	2.90906152e+01	-6.85165755e+06	-2.66678464e+05	1.00000000e-09	1.00000000e-09	1.00000000e-10	1.00000000e-10	0.00000000e+00	1.79084392e-11
3.47000000e+01	2.91746921e+01	-6.80711161e+06	-2.64944659e+05	8.30083077e+01	1.00000000e-09	8.30083077e+00	1.00000000e-10	8.00908414e+06	1.64643122e-11
3.48000000e+01	2.92587690e+01	-6.76256568e+06	-2.63210854e+05	8.94051211e+02	1.00000000e-09	8.94051211e+01	1.00000000e-10	8.62628280e+07	1.51366389e-11
3.49000000e+01	2.93428459e+01	-6.71801975e+06	-2.61477048e+05	1.00000000e-09	1.00000000e-09	1.00000000e-10	1.00000000e-10	0.00000000e+00	1.39160284e-11
3.50000000e+01	2.94269229e+01	-6.67347591e+06	-2.59743324e+05	1.00000000e-09	1.00000000e-09	1.00000000e-10	1.00000000e-10	0.00000000e+00	1.27938473e-11
3.51000000e+01	2.95109998e+01	-6.62893325e+06	-2.58009646e+05	1.00000000e-09	1.00000000e-09	1.00000000e-10	1.00000000e-10	0.00000000e+00	1.17621583e-11
3.52000000e+01	2.95950767e+01	-6.58439058e+06	-2.56275968e+05	9.07594629e+02	1.00000000e-09	9.07594629e+01	1.00000000e-10	8.75695692e+07	1.08136641e-11
3.53000000e+01	2.96791536e+01	-6.53984791e+06	-2.54542289e+05	8.07552860e+01	1.00000000e-09	8.07552860e+00	1.00000000e-10	7.79170059e+06	9.94165601e-12
3.54000000e+01	2.97632306e+01	-6.49530714e+06	-2.52808685e+05	1.00000000e-09	1.00000000e-09	1.00000000e-10	1.00000000e-10	0.00000000e+00	9.13996618e-12
3.55000000e+01	2.98473075e+01	-6.45076782e+06	-2.51075137e+05	1.00000000e-09	1.00000000e-09	1.00000000e-10	1.00000000e-10	0.00000000e+00	8.40292419e-12
3.56000000e+01	2.99313844e+01	-6.40622851e+06	-2.49341589e+05	9.06790516e+02	1.00000000e-09	9.06790516e+01	1.00000000e-10	8.74919841e+07	7.72531687e-12
3.57000000e+01	3.00154613e+01	-6.36168919e+06	-2.47608041e+05	1.95107017e+02	1.00000000e-09	1.95107017e+01	1.00000000e-10	1.88249653e+07	7.10235144e-12
3.58000000e+01	3.00995383e+01	-6.31715153e+06	-2.45874558e+05	1.00000000e-09	1.00000000e-09	1.00000000e-10	1.00000000e-10	0.00000000e+00	6.52962161e-12
3.59000000e+01	3.01836152e+01	-6.27261558e+06	-2.44141141e+05	1.00000000e-09	1.00000000e-09	1.00000000e-10	1.00000000e-10	0.00000000e+00	6.00307641e-12
3.60000000e+01	3.02676921e+01	-6.22807963e+06	-2.42407724e+05	8.91181802e+02	1.00000000e-09	8.91181802e+01	1.00000000e-10	8.59859722e+07	5.51899153e-12
3.61000000e+01	3.03517690e+01	-6.18354369e+06	-2.40674307e+05	3.09666092e+02	1.00000000e-09	3.09666092e+01	1.00000000e-10	2.98782357e+07	5.07394300e-12
3.62000000e+01	3.04358459e+01	-6.13900911e+06	-2.38940944e+05	1.00000000e-09	1.00000000e-09	1.00000000e-10	1.00000000e-10	0.00000000e+00	4.66478295e-12
3.63000000e+01	3.05199229e+01	-6.09447646e+06	-2.37207656e+05	1.00000000e-09	1.00000000e-09	1.00000000e-10	1.00000000e-10	0.00000000e+00	4.28861734e-12
3.64000000e+01	3.06039998e+01	-6.04994381e+06	-2.35474367e+05	8.60585263e+02	1.00000000e-09	8.60585263e+01	1.00000000e-10	8.30338549e+07	3.94278553e-12
3.65000000e+01	3.06880767e+01	-6.00541116e+06	-2.33741079e+05	4.22414056e+02	1.00000000e-09	4.22414056e+01	1.00000000e-10	4.07567605e+07	3.62484141e-12
3.66000000e+01	3.07721536e+01	-5.96087957e+06	-2.32007832e+05	1.00000000e-09	1.00000000e-09	1.00000000e-10	1.00000000e-10	0.00000000e+00	3.33253613e-12
3.67000000e+01	3.08562306e+01	-5.91635007e+06	-2.30274666e+05	1.00000000e-09	1.00000000e-09	1.00000000e-10	1.00000000e-10	0.00000000e+00	3.06380220e-12
3.68000000e+01	3.09403075e+01	-5.87182057e+06	-2.28541500e+05	8.15100211e+02	1.00000000e-09	8.15100211e+01	1.00000000e-10	7.86452145e+07	2.81673882e-12
3.69000000e+01	3.10243844e+01	-5.82729107e+06	-2.26808334e+05	5.31317812e+02	1.00000000e-09	5.31317812e+01	1.00000000e-10	5.12643755e+07	2.58959851e-12
3.70000000e+01	3.11084613e+01	-5.78276231e+06	-2.25075197e+05	1.00000000e-09	1.00000000e-09	1.00000000e-10	1.00000000e-10	0.00000000e+00	2.38077467e-12
3.71000000e+01	3.11925382e+01	-5.73823575e+06	-2.23342146e+05	1.00000000e-09	1.00000000e-09	1.00000000e-10	1.00000000e-10	0.00000000e+00	2.18879027e-12
3.72000000e+01	3.12766152e+01	-5.69370918e+06	-2.21609094e+05	7.55111724e+02	1.00000000e-09	7.55111724e+01	1.00000000e-10	7.28572055e+07	2.01228739e-12
3.73000000e+01	3.13606921e+01	-5.64918262e+06	-2.19876042e+05	6.34368474e+02	1.00000000e-09	6.34368474e+01	1.00000000e-10	6.12072529e+07	1.85001761e-12
3.74000000e+01	3.14447690e+01	-5.60465646e+06	-2.18143007e+05	1.00000000e-09	1.00000000e-09	1.00000000e-10	1.00000000e-10	0.00000000e+00	1.70083318e-12
3.75000000e+01	3.15288459e+01	-5.56013256e+06	-2.16410059e+05	1.00000000e-09	1.00000000e-09	1.00000000e-10	1.00000000e-10	0.00000000e+00	1.56367890e-12
3.76000000e+01	3.16129229e+01	-5.51560865e+06	-2.14677111e+05	6.81286460e+02	1.00000000e-09	6.81286460e+01	1.00000000e-10	6.57341504e+07	1.43758467e-12
3.77000000e+01	3.16969998e+01	-5.47108475e+06	-2.12944163e+05	7.29619930e+02	1.00000000e-09	7.29619930e+01	1.00000000e-10	7.03976213e+07	1.32165861e-12
3.78000000e+01	3.17810767e+01	-5.42656091e+06	-2.11211217e+05	1.00000000e-09	1.00000000e-09	1.00000000e-10	1.00000000e-10	0.00000000e+00	1.21508076e-12
3.79000000e+01	3.18651536e+01	-5.38203933e+06	-2.09478360e+05	1.00000000e-09	1.00000000e-09	1.00000000e-10	1.00000000e-10	0.00000000e+00	1.11709730e-12
3.80000000e+01	3.19492305e+01	-5.33751785e+06	-2.07745506e+05	5.93974345e+02	1.00000000e-09	5.93974345e+01	1.00000000e-10	5.73098120e+07	1.02701517e-12
3.81000000e+01	3.20333075e+01	-5.29299636e+06	-2.06012652e+05	8.15193897e+02	1.00000000e-09	8.15193897e+01	1.00000000e-10	7.86542539e+07	9.44197214e-13
3.82000000e+01	3.21173844e+01	-5.24847487e+06	-2.04279798e+05	1.00000000e-09	1.00000000e-09	1.00000000e-10	1.00000000e-10	0.00000000e+00	8.68057654e-13
3.83000000e+01	3.22014613e+01	-5.20395561e+06	-2.02547030e+05	1.00000000e-09	1.00000000e-09	1.00000000e-10	1.00000000e-10	0.00000000e+00	7.98057949e-13
3.84000000e+01	3.22855382e+01	-5.15943676e+06	-2.00814279e+05	4.94540063e+02	1.00000000e-09	4.94540063e+01	1.00000000e-10	4.77158622e+07	7.33702982e-13
3.85000000e+01	3.23696152e+01	-5.11491792e+06	-1.99081528e+05	8.89425240e+02	1.00000000e-09	8.89425240e+01	1.00000000e-10	8.58164896e+07	6.74537565e-13
3.86000000e+01	3.24536921e+01	-5.07039908e+06	-1.97348777e+05	1.00000000e-09	1.00000000e-09	1.00000000e-10	1.00000000e-10	0.00000000e+00	6.20143216e-13
3.87000000e+01	3.25377690e+01	-5.02588236e+06	-1.95616109e+05	1.00000000e-09	1.00000000e-09	1.00000000e-10	1.00000000e-10	0.00000000e+00	5.70135198e-13
3.88000000e+01	3.26218459e+01	-4.98136640e+06	-1.93883470e+05	3.84874765e+02	1.00000000e-09	3.84874765e+01	1.00000000e-10	3.71347695e+07	5.24159800e-13
3.89000000e+01	3.27059228e+01	-4.93685043e+06	-1.92150831e+05	9.50780151e+02	1.00000000e-09	9.50780151e+01	1.00000000e-10	9.17363387e+07	4.81891834e-13
3.90000000e+01	3.27899998e+01	-4.89233446e+06	-1.90418192e+05	1.00000000e-09	1.00000000e-09	1.00000000e-10	1.00000000e-10	0.00000000e+00	4.43032333e-13
3.91000000e+01	3.28740767e+01	-4.84782049e+06	-1.88685630e+05	1.00000000e-09	1.00000000e-09	1.00000000e-10	1.00000000e-10	0.00000000e+00	4.07306443e-13
3.92000000e+01	3.29581536e+01	-4.80330756e+06	-1.86953110e+05	2.66638405e+02	1.00000000e-09	2.66638405e+01	1.00000000e-10	2.57266951e+07	3.74461468e-13
3.93000000e+01	3.30422305e+01	-4.75879463e+06	-1.85220589e+05	9.97925702e+02	1.00000000e-09	9.97925702e+01	1.00000000e-10	9.62851928e+07	3.44265096e-13
3.94000000e+01	3.31263075e+01	-4.71428171e+06	-1.83488068e+05	1.00000000e-09	1.00000000e-09	1.00000000e-10	1.00000000e-10	0.00000000e+00	3.16503742e-13
3.95000000e+01	3.32103844e+01	-4.66977059e+06	-1.81755618e+05	1.00000000e-09	1.00000000e-09	1.00000000e-10	1.00000000e-10	0.00000000e+00	2.90981049e-13
3.96000000e+01	3.32944613e+01	-4.62526081e+06	-1.80023219e+05	1.41674341e+02	1.00000000e-09	1.41674341e+01	1.00000000e-10	1.36694959e+07	2.67516493e-13
3.97000000e+01	3.33785382e+01	-4.58075102e+06	-1.78290821e+05	1.02975627e+03	1.00000000e-09	1.02975627e+02	1.00000000e-10	9.93563755e+07	2.45944106e-13
3.98000000e+01	3.34626152e+01	-4.53624123e+06	-1.76558422e+05	1.00000000e-09	1.00000000e-09	1.00000000e-10	1.00000000e-10	0.00000000e+00	2.26111304e-13
3.99000000e+01	3.35466921e+01	-4.49173304e+06	-1.74826086e+05	1.00000000e-09	1.00000000e-09	1.00000000e-10	1.00000000e-10	0.00000000e+00	2.07877809e-13
4.00000000e+01	3.36307690e+01	-4.44722642e+06	-1.73093810e+05	1.19790401e+01	1.00000000e-09	1.19790401e+00	1.00000000e-10	1.15580167e+06	1.91114654e-13
4.01000000e+01	3.37148459e+01	-4.40271980e+06	-1.71361535e+05	1.04541632e+03	1.00000000e-09	1.04541632e+02	1.00000000e-10	1.00867341e+08	1.75703270e-13
4.02000000e+01	3.37989228e+01	-4.35821317e+06	-1.69629260e+05	4.83702747e+01	1.00000000e-09	4.83702747e+00	1.00000000e-10	4.66702202e+06	1.61534652e-13
4.03000000e+01	3.38829998e+01	-4.31370791e+06	-1.67897037e+05	1.00000000e-09	1.00000000e-09	1.00000000e-10	1.00000000e-10	0.00000000e+00	1.48508584e-13
4.04000000e+01	3.39670767e+01	-4.26920441e+06	-1.66164883e+05	1.00000000e-09	1.00000000e-09	1.00000000e-10	1.00000000e-10	0.00000000e+00	1.36532931e-13
4.05000000e+01	3.40511536e+01	-4.22470092e+06	-1.64432730e+05	1.04431934e+03	1.00000000e-09	1.04431934e+02	1.00000000e-10	1.00761499e+08	1.25522989e-13
4.06000000e+01	3.41352305e+01	-4.18019742e+06	-1.62700576e+05	1.80621057e+02	1.00000000e-09	1.80621057e+01	1.00000000e-10	1.74272826e+07	1.15400882e-13
4.07000000e+01	3.42193075e+01	-4.13569500e+06	-1.60968464e+05	1.00000000e-09	1.00000000e-09	1.00000000e-10	1.00000000e-10	0.00000000e+00	1.06095016e-13
4.08000000e+01	3.43033844e+01	-4.09119453e+06	-1.59236428e+05	1.00000000e-09	1.00000000e-09	1.00000000e-10	1.00000000e-10	0.00000000e+00	9.75395708e-14
4.09000000e+01	3.43874613e+01	-4.04669405e+06	-1.57504392e+05	1.02616269e+03	1.00000000e-09	1.02616269e+02	1.00000000e-10	9.90096478e+07	8.96740319e-14
4.10000000e+01	3.44715382e+01	-4.00219357e+06	-1.55772356e+05	3.12299661e+02	1.00000000e-09	3.12299661e+01	1.00000000e-10	3.01323366e+07	8.24427658e-14
4.11000000e+01	3.45556151e+01	-3.95769388e+06	-1.54040350e+05	1.00000000e-09	1.00000000e-09	1.00000000e-10	1.00000000e-10	0.00000000e+00	7.57946252e-14
4.12000000e+01	3.46396921e+01	-3.91319624e+06	-1.52308424e+05	1.00000000e-09	1.00000000e-09	1.00000000e-10	1.00000000e-10	0.00000000e+00	6.96825871e-14
4.13000000e+01	3.47237690e+01	-3.86869861e+06	-1.50576499e+05	9.90937969e+02	1.00000000e-09	9.90937969e+01	1.00000000e-10	9.56109790e+07	6.40634205e-14
4.14000000e+01	3.48078459e+01	-3.82420098e+06	-1.48844573e+05	4.41155901e+02	1.00000000e-09	4.41155901e+01	1.00000000e-10	4.25650736e+07	5.88973804e-14
4.15000000e+01	3.48919228e+01	-3.77970381e+06	-1.47112666e+05	1.00000000e-09	1.00000000e-09	1.00000000e-10	1.00000000e-10	0.00000000e+00	5.41479271e-14
4.16000000e+01	3.49759998e+01	-3.73520879e+06	-1.45380842e+05	1.00000000e-09	1.00000000e-09	1.00000000e-10	1.00000000e-10	0.00000000e+00	4.97814672e-14
4.17000000e+01	3.50600767e+01	-3.69071376e+06	-1.43649018e+05	9.38937594e+02	1.00000000e-09	9.38937594e+01	1.00000000e-10	9.05937056e+07	4.57671163e-14
4.18000000e+01	3.51441536e+01	-3.64621874e+06	-1.41917194e+05	5.64948003e+02	1.00000000e-09	5.64948003e+01	1.00000000e-10	5.45091957e+07	4.20764804e-14
4.19000000e+01	3.52282305e+01	-3.60172386e+06	-1.40185376e+05	1.00000000e-09	1.00000000e-09	1.00000000e-10	1.00000000e-10	0.00000000e+00	3.86834555e-14
4.20000000e+01	3.53123074e+01	-3.55723115e+06	-1.38453642e+05	1.00000000e-09	1.00000000e-09	1.00000000e-10	1.00000000e-10	0.00000000e+00	3.55640423e-14
4.21000000e+01	3.53963844e+01	-3.51273846e+06	-1.36721909e+05	8.70643580e+02	1.00000000e-09	8.70643580e+01	1.00000000e-10	8.40043349e+07	3.26961769e-14
4.22000000e+01	3.54804613e+01	-3.46824577e+06	-1.34990176e+05	6.81477355e+02	1.00000000e-09	6.81477355e+01	1.00000000e-10	6.57525689e+07	3.00595747e-14
4.23000000e+01	3.55645382e+01	-3.42375308e+06	-1.33258442e+05	1.00000000e-09	1.00000000e-09	1.00000000e-10	1.00000000e-10	0.00000000e+00	2.76355866e-14
4.24000000e+01	3.56486151e+01	-3.37926255e+06	-1.31526793e+05	1.00000000e-09	1.00000000e-09	1.00000000e-10	1.00000000e-10	0.00000000e+00	2.54070677e-14
4.25000000e+01	3.57326921e+01	-3.33477236e+06	-1.29795158e+05	7.86183617e+02	1.00000000e-09	7.86183617e+01	1.00000000e-10	7.58551874e+07	2.33582553e-14
4.26000000e+01	3.58167690e+01	-3.29028217e+06	-1.28063522e+05	7.88652321e+02	1.00000000e-09	7.88652321e+01	1.00000000e-10	7.60933811e+07	2.14746581e-14
4.27000000e+01	3.59008459e+01	-3.24579199e+06	-1.26331886e+05	1.00000000e-09	1.00000000e-09	1.00000000e-10	1.00000000e-10	0.00000000e+00	1.97429531e-14
4.28000000e+01	3.59849228e+01	-3.20130390e+06	-1.24600332e+05	1.00000000e-09	1.00000000e-09	1.00000000e-10	1.00000000e-10	0.00000000e+00	1.81508919e-14
4.29000000e+01	3.60689997e+01	-3.15681647e+06	-1.22868804e+05	6.87635574e+02	1.00000000e-09	6.87635574e+01	1.00000000e-10	6.63467467e+07	1.66872137e-14
4.30000000e+01	3.61530767e+01	-3.11232904e+06	-1.21137276e+05	8.84498483e+02	1.00000000e-09	8.84498483e+01	1.00000000e-10	8.53411299e+07	1.53415657e-14
4.31000000e+01	3.62371536e+01	-3.06784162e+06	-1.19405748e+05	1.00000000e-09	1.00000000e-09	1.00000000e-10	1.00000000e-10	0.00000000e+00	1.41044300e-14
4.32000000e+01	3.63212305e+01	-3.02335617e+06	-1.17674296e+05	1.00000000e-09	1.00000000e-09	1.00000000e-10	1.00000000e-10	0.00000000e+00	1.29670563e-14
4.33000000e+01	3.64053074e+01	-2.97887170e+06	-1.15942883e+05	5.76456973e+02	1.00000000e-09	5.76456973e+01	1.00000000e-10	5.56196425e+07	1.19213998e-14
4.34000000e+01	3.64893844e+01	-2.93438723e+06	-1.14211470e+05	9.67206757e+02	1.00000000e-09	9.67206757e+01	1.00000000e-10	9.33212652e+07	1.09600645e-14
4.35000000e+01	3.65734613e+01	-2.88990275e+06	-1.12480057e+05	1.00000000e-09	1.00000000e-09	1.00000000e-10	1.00000000e-10	0.00000000e+00	1.00762507e-14
4.36000000e+01	3.66575382e+01	-2.84542010e+06	-1.10748714e+05	1.00000000e-09	1.00000000e-09	1.00000000e-10	1.00000000e-10	0.00000000e+00	9.26370726e-15
4.37000000e+01	3.67416151e+01	-2.80093871e+06	-1.09017421e+05	4.54351469e+02	1.00000000e-09	4.54351469e+01	1.00000000e-10	4.38382524e+07	8.51668685e-15
4.38000000e+01	3.68256921e+01	-2.75645732e+06	-1.07286127e+05	1.03516909e+03	1.00000000e-09	1.03516909e+02	1.00000000e-10	9.98786335e+07	7.82990577e-15
4.39000000e+01	3.69097690e+01	-2.71197592e+06	-1.05554834e+05	1.00000000e-09	1.00000000e-09	1.00000000e-10	1.00000000e-10	0.00000000e+00	7.19850635e-15
4.40000000e+01	3.69938459e+01	-2.66749616e+06	-1.03823604e+05	1.00000000e-09	1.00000000e-09	1.00000000e-10	1.00000000e-10	0.00000000e+00	6.61802264e-15
4.41000000e+01	3.70779228e+01	-2.62301790e+06	-1.02092433e+05	3.23242612e+02	1.00000000e-09	3.23242612e+01	1.00000000e-10	3.11881708e+07	6.08434883e-15
4.42000000e+01	3.71619997e+01	-2.57853965e+06	-1.00361261e+05	1.08701120e+03	1.00000000e-09	1.08701120e+02	1.00000000e-10	1.04880637e+08	5.59371018e-15
4.43000000e+01	3.72460767e+01	-2.53406139e+06	-9.86300900e+04	1.00000000e-09	1.00000000e-09	1.00000000e-10	1.00000000e-10	0.00000000e+00	5.14263638e-15
4.44000000e+01	3.73301536e+01	-2.48958452e+06	-9.68989728e+04	1.00000000e-09	1.00000000e-09	1.00000000e-10	1.00000000e-10	0.00000000e+00	4.72793693e-15
4.45000000e+01	3.74142305e+01	-2.44510939e+06	-9.51679231e+04	1.85243023e+02	1.00000000e-09	1.85243023e+01	1.00000000e-10	1.78732346e+07	4.34667862e-15
4.46000000e+01	3.74983074e+01	-2.40063426e+06	-9.34368734e+04	1.12162161e+03	1.00000000e-09	1.12162161e+02	1.00000000e-10	1.08220033e+08	3.99616478e-15
4.47000000e+01	3.75823844e+01	-2.35615913e+06	-9.17058237e+04	1.00000000e-09	1.00000000e-09	1.00000000e-10	1.00000000e-10	0.00000000e+00	3.67391618e-15
4.48000000e+01	3.76664613e+01	-2.31168512e+06	-8.99748175e+04	1.00000000e-09	1.00000000e-09	1.00000000e-10	1.00000000e-10	0.00000000e+00	3.37765354e-15
4.49000000e+01	3.77505382e+01	-2.26721302e+06	-8.82438861e+04	4.26192659e+01	1.00000000e-09	4.26192659e+00	1.00000000e-10	4.11213402e+06	3.10528136e-15
4.50000000e+01	3.78346151e+01	-2.22274093e+06	-8.65129546e+04	1.13817793e+03	1.00000000e-09	1.13817793e+02	1.00000000e-10	1.09817475e+08	2.85487313e-15
4.51000000e+01	3.79186920e+01	-2.17826884e+06	-8.47820232e+04	2.31359631e+01	1.00000000e-09	2.31359631e+00	1.00000000e-10	2.23228109e+06	2.62465769e-15
4.52000000e+01	3.80027690e+01	-2.13379757e+06	-8.30511236e+04	1.00000000e-09	1.00000000e-09	1.00000000e-10	1.00000000e-10	0.00000000e+00	2.41300669e-15
4.53000000e+01	3.80868459e+01	-2.08932835e+06	-8.13203044e+04	1.00000000e-09	1.00000000e-09	1.00000000e-10	1.00000000e-10	0.00000000e+00	2.21842312e-15
4.54000000e+01	3.81709228e+01	-2.04485914e+06	-7.95894851e+04	1.13616547e+03	1.00000000e-09	1.13616547e+02	1.00000000e-10	1.09623303e+08	2.03953067e-15
4.55000000e+01	3.82549997e+01	-2.00038993e+06	-7.78586659e+04	1.67889873e+02	1.00000000e-09	1.67889873e+01	1.00000000e-10	1.61989101e+07	1.87506400e-15
4.56000000e+01	3.83390767e+01	-1.95592122e+06	-7.61278660e+04	1.00000000e-09	1.00000000e-09	1.00000000e-10	1.00000000e-10	0.00000000e+00	1.72385984e-15
4.57000000e+01	3.84231536e+01	-1.91145467e+06	-7.43971502e+04	1.00000000e-09	1.00000000e-09	1.00000000e-10	1.00000000e-10	0.00000000e+00	1.58484870e-15
4.58000000e+01	3.85072305e+01	-1.86698811e+06	-7.26664344e+04	1.11539198e+03	1.00000000e-09	1.11539198e+02	1.00000000e-10	1.07618965e+08	1.45704735e-15
4.59000000e+01	3.85913074e+01	-1.82252156e+06	-7.09357186e+04	3.11345177e+02	1.00000000e-09	3.11345177e+01	1.00000000e-10	3.00402428e+07	1.33955183e-15
4.60000000e+01	3.86753843e+01	-1.77805517e+06	-6.92050092e+04	1.00000000e-09	1.00000000e-09	1.00000000e-10	1.00000000e-10	0.00000000e+00	1.23153109e-15
4.61000000e+01	3.87594613e+01	-1.73359099e+06	-6.74743856e+04	1.00000000e-09	1.00000000e-09	1.00000000e-10	1.00000000e-10	0.00000000e+00	1.13222108e-15
4.62000000e+01	3.88435382e+01	-1.68912681e+06	-6.57437620e+04	1.07599696e+03	1.00000000e-09	1.07599696e+02	1.00000000e-10	1.03817924e+08	1.04091937e-15
4.63000000e+01	3.89276151e+01	-1.64466262e+06	-6.40131383e+04	4.51022085e+02	1.00000000e-09	4.51022085e+01	1.00000000e-10	4.35170156e+07	9.56980191e-16
4.64000000e+01	3.90116920e+01	-1.60019844e+06	-6.22825147e+04	1.00000000e-09	1.00000000e-09	1.00000000e-10	1.00000000e-10	0.00000000e+00	8.79809819e-16
4.65000000e+01	3.90957690e+01	-1.55573645e+06	-6.05519766e+04	1.00000000e-09	1.00000000e-09	1.00000000e-10	1.00000000e-10	0.00000000e+00	8.08862425e-16
4.66000000e+01	3.91798459e+01	-1.51127479e+06	-5.88214513e+04	1.01745743e+03	1.00000000e-09	1.01745743e+02	1.00000000e-10	9.81697176e+07	7.43636191e-16
4.67000000e+01	3.92639228e+01	-1.46681313e+06	-5.70909260e+04	5.84481252e+02	1.00000000e-09	5.84481252e+01	1.00000000e-10	5.63938677e+07	6.83669765e-16
4.68000000e+01	3.93479997e+01	-1.42235148e+06	-5.53604007e+04	1.00000000e-09	1.00000000e-09	1.00000000e-10	1.00000000e-10	0.00000000e+00	6.28539001e-16
4.69000000e+01	3.94320766e+01	-1.37789195e+06	-5.36299586e+04	1.00000000e-09	1.00000000e-09	1.00000000e-10	1.00000000e-10	0.00000000e+00	5.77853951e-16
4.70000000e+01	3.95161536e+01	-1.33343310e+06	-5.18995423e+04	9.41615337e+02	1.00000000e-09	9.41615337e+01	1.00000000e-10	9.08520685e+07	5.31256117e-16
4.71000000e+01	3.96002305e+01	-1.28897424e+06	-5.01691260e+04	7.09355159e+02	1.00000000e-09	7.09355159e+01	1.00000000e-10	6.84423681e+07	4.88415907e-16
4.72000000e+01	3.96843074e+01	-1.24451538e+06	-4.84387097e+04	1.00000000e-09	1.00000000e-09	1.00000000e-10	1.00000000e-10	0.00000000e+00	4.49030309e-16
4.73000000e+01	3.97683843e+01	-1.20005854e+06	-4.67083720e+04	1.00000000e-09	1.00000000e-09	1.00000000e-10	1.00000000e-10	0.00000000e+00	4.12820745e-16
4.74000000e+01	3.98524613e+01	-1.15560269e+06	-4.49780727e+04	8.49621292e+02	1.00000000e-09	8.49621292e+01	1.00000000e-10	8.19759925e+07	3.79531100e-16
4.75000000e+01	3.99365382e+01	-1.11114684e+06	-4.32477734e+04	8.23397754e+02	1.00000000e-09	8.23397754e+01	1.00000000e-10	7.94458058e+07	3.48925915e-16
4.76000000e+01	4.00206151e+01	-1.06669099e+06	-4.15174742e+04	1.00000000e-09	1.00000000e-09	1.00000000e-10	1.00000000e-10	0.00000000e+00	3.20788716e-16
4.77000000e+01	4.01046920e+01	-1.02223699e+06	-3.97872471e+04	1.00000000e-09	1.00000000e-09	1.00000000e-10	1.00000000e-10	0.00000000e+00	2.94920485e-16
4.78000000e+01	4.01887690e+01	-9.77784282e+05	-3.80570700e+04	7.42933260e+02	1.00000000e-09	7.42933260e+01	1.00000000e-10	7.16821623e+07	2.71138254e-16
4.79000000e+01	4.02728459e+01	-9.33331570e+05	-3.63268929e+04	9.24537091e+02	1.00000000e-09	9.24537091e+01	1.00000000e-10	8.92042683e+07	2.49273810e-16
4.80000000e+01	4.03569228e+01	-8.88878857e+05	-3.45967158e+04	1.00000000e-09	1.00000000e-09	1.00000000e-10	1.00000000e-10	0.00000000e+00	2.29172503e-16
4.81000000e+01	4.04409997e+01	-8.44427789e+05	-3.28666026e+04	1.00000000e-09	1.00000000e-09	1.00000000e-10	1.00000000e-10	0.00000000e+00	2.10692155e-16
4.82000000e+01	4.05250766e+01	-7.99978272e+05	-3.11365499e+04	6.23294384e+02	1.00000000e-09	6.23294384e+01	1.00000000e-10	6.01387657e+07	1.93702052e-16
4.83000000e+01	4.06091536e+01	-7.55528755e+05	-2.94064972e+04	1.01091327e+03	1.00000000e-09	1.01091327e+02	1.00000000e-10	9.75383027e+07	1.78082022e-16
4.84000000e+01	4.06932305e+01	-7.11079239e+05	-2.76764444e+04	1.00000000e-09	1.00000000e-09	1.00000000e-10	1.00000000e-10	0.00000000e+00	1.63721583e-16
4.85000000e+01	4.07773074e+01	-6.66631111e+05	-2.59464458e+04	1.00000000e-09	1.00000000e-09	1.00000000e-10	1.00000000e-10	0.00000000e+00	1.50519162e-16
4.86000000e+01	4.08613843e+01	-6.22184765e+05	-2.42165165e+04	4.92704604e+02	1.00000000e-09	4.92704604e+01	1.00000000e-10	4.75387673e+07	1.38381377e-16
4.87000000e+01	4.09454613e+01	-5.77738419e+05	-2.24865871e+04	1.08091910e+03	1.00000000e-09	1.08091910e+02	1.00000000e-10	1.04292838e+08	1.27222377e-16
4.88000000e+01	4.10295382e+01	-5.33292074e+05	-2.07566578e+04	1.00000000e-09	1.00000000e-09	1.00000000e-10	1.00000000e-10	0.00000000e+00	1.16963232e-16
4.89000000e+01	4.11136151e+01	-4.88846826e+05	-1.90267713e+04	1.00000000e-09	1.00000000e-09	1.00000000e-10	1.00000000e-10	0.00000000e+00	1.07531379e-16
4.90000000e+01	4.11976920e+01	-4.44403546e+05	-1.72969613e+04	3.53385147e+02	1.00000000e-09	3.53385147e+01	1.00000000e-10	3.40964832e+07	9.88601065e-17
4.91000000e+01	4.12817689e+01	-3.99960266e+05	-1.55671513e+04	1.13323651e+03	1.00000000e-09	1.13323651e+02	1.00000000e-10	1.09340701e+08	9.08880802e-17
4.92000000e+01	4.13658459e+01	-3.55516986e+05	-1.38373413e+04	1.00000000e-09	1.00000000e-09	1.00000000e-10	1.00000000e-10	0.00000000e+00	8.35589140e-17
4.93000000e+01	4.14499228e+01	-3.11074485e+05	-1.21075616e+04	1.00000000e-09	1.00000000e-09	1.00000000e-10	1.00000000e-10	0.00000000e+00	7.68207678e-17
4.94000000e+01	4.15339997e+01	-2.66634086e+05	-1.03778638e+04	2.07736521e+02	1.00000000e-09	2.07736521e+01	1.00000000e-10	2.00435273e+07	7.06259821e-17
4.95000000e+01	4.16180766e+01	-2.22193687e+05	-8.64816591e+03	1.16686815e+03	1.00000000e-09	1.16686815e+02	1.00000000e-10	1.12585661e+08	6.49307406e-17
4.96000000e+01	4.17021536e+01	-1.77753288e+05	-6.91846806e+03	1.00000000e-09	1.00000000e-09	1.00000000e-10	1.00000000e-10	0.00000000e+00	5.96947603e-17
4.97000000e+01	4.17862305e+01	-1.33313329e+05	-5.18878734e+03	1.00000000e-09	1.00000000e-09	1.00000000e-10	1.00000000e-10	0.00000000e+00	5.48810067e-17
4.98000000e+01	4.18703074e+01	-8.88755528e+04	-3.45919156e+03	5.82912082e+01	1.00000000e-09	5.82912082e+00	1.00000000e-10	5.62424658e+06	5.04554316e-17
4.99000000e+01	4.19543843e+01	-4.44377764e+04	-1.72959578e+03	1.18116185e+03	1.00000000e-09	1.18116185e+02	1.00000000e-10	1.13964794e+08	4.63867326e-17
5.00000000e+01	4.20384612e+01	0.00000000e+00	0.00000000e+00	1.00000000e+01	1.00000000e+01	1.00000000e+00	1.00000000e+00	0.00000000e+00	4.26461312e-17
