# 1D PNP Solver Results
# Debye length: 1.18939 nm
# Surface potential: 100 mV
# Bulk concentration: 10 mol/m^3
# Thermal voltage: 25.6926 mV
# Grid: non-uniform with stretching factor 1
#
# Columns:
# 1: x [nm]
# 2: x/lambda_D [-]
# 3: phi [mV]
# 4: phi_normalized = e*phi/(kB*T) [-]
# 5: c+ [mol/m^3]
# 6: c- [mol/m^3]
# 7: c+/c0 [-]
# 8: c-/c0 [-]
# 9: rho [C/m^3]
# 10: phi_GC [mV] (Gouy-Chapman analytical)
0.00000000e+00	0.00000000e+00	1.00000000e+02	3.89217445e+00	1.00000000e-09	1.00000000e-09	1.00000000e-10	1.00000000e-10	0.00000000e+00	1.00000000e+02
1.00000000e-01	8.40769225e-02	-3.26454809e+04	-1.27061907e+03	1.00000000e-09	1.00000000e-09	1.00000000e-10	1.00000000e-10	0.00000000e+00	8.70576373e+01
2.00000000e-01	1.68153845e-01	-6.53909618e+04	-2.54513031e+03	1.00000000e-09	4.22203698e+04	1.00000000e-10	4.22203698e+03	-4.07364641e+09	7.68715638e+01
3.00000000e-01	2.52230767e-01	-9.81364427e+04	-3.81964155e+03	1.00000000e-09	1.69037434e+04	1.00000000e-10	1.69037434e+03	-1.63096329e+09	6.85207345e+01
4.00000000e-01	3.36307690e-01	-1.30864943e+05	-5.09349186e+03	1.00000000e-09	1.00000000e-09	1.00000000e-10	1.00000000e-10	0.00000000e+00	6.14862309e+01
5.00000000e-01	4.20384612e-01	-1.62409802e+05	-6.32127283e+03	1.00000000e-09	1.00000000e-09	1.00000000e-10	1.00000000e-10	0.00000000e+00	5.54461690e+01
6.00000000e-01	5.04461535e-01	-1.93954662e+05	-7.54905380e+03	1.00000000e-09	3.84966009e+04	1.00000000e-10	3.84966009e+03	-3.71435732e+09	5.01866549e+01
7.00000000e-01	5.88538457e-01	-2.25499522e+05	-8.77683476e+03	1.00000000e-09	3.46340521e+04	1.00000000e-10	3.46340521e+03	-3.34167802e+09	4.55579535e+01
8.00000000e-01	6.72615380e-01	-2.57009141e+05	-1.00032441e+04	1.00000000e-09	1.00000000e-09	1.00000000e-10	1.00000000e-10	0.00000000e+00	4.14508515e+01
9.00000000e-01	7.56692302e-01	-2.87329417e+05	-1.11833622e+04	1.00000000e-09	1.00000000e-09	1.00000000e-10	1.00000000e-10	0.00000000e+00	3.77829914e+01
1.00000000e+00	8.40769225e-01	-3.17649694e+05	-1.23634802e+04	1.00000000e-09	3.17829970e+04	1.00000000e-10	3.17829970e+03	-3.06659302e+09	3.44905241e+01
1.10000000e+00	9.24846147e-01	-3.47969970e+05	-1.35435983e+04	1.00000000e-09	5.28372099e+04	1.00000000e-10	5.28372099e+03	-5.09801575e+09	3.15227780e+01
1.20000000e+00	1.00892307e+00	-3.78235653e+05	-1.47215914e+04	1.00000000e-09	1.00000000e-09	1.00000000e-10	1.00000000e-10	0.00000000e+00	2.88387272e+01
1.30000000e+00	1.09299999e+00	-4.07302232e+05	-1.58529134e+04	1.00000000e-09	1.00000000e-09	1.00000000e-10	1.00000000e-10	0.00000000e+00	2.64045776e+01
1.40000000e+00	1.17707691e+00	-4.36368811e+05	-1.69842354e+04	1.00000000e-09	2.17528381e+04	1.00000000e-10	2.17528381e+03	-2.09882981e+09	2.41920729e+01
1.50000000e+00	1.26115384e+00	-4.65435390e+05	-1.81155573e+04	1.00000000e-09	7.10746361e+04	1.00000000e-10	7.10746361e+03	-6.85765987e+09	2.21772778e+01
1.60000000e+00	1.34523076e+00	-4.94427314e+05	-1.92439736e+04	1.00000000e-09	1.00000000e-09	1.00000000e-10	1.00000000e-10	0.00000000e+00	2.03396868e+01
1.70000000e+00	1.42930768e+00	-5.22205073e+05	-2.03251324e+04	1.00000000e-09	1.00000000e-09	1.00000000e-10	1.00000000e-10	0.00000000e+00	1.86615585e+01
1.80000000e+00	1.51338460e+00	-5.49982833e+05	-2.14062913e+04	1.00000000e-09	8.09473781e+03	1.00000000e-10	8.09473781e+02	-7.81023466e+08	1.71274116e+01
1.90000000e+00	1.59746153e+00	-5.77760593e+05	-2.24874502e+04	1.00000000e-09	8.87987685e+04	1.00000000e-10	8.87987685e+03	-8.56777867e+09	1.57236358e+01
2.00000000e+00	1.68153845e+00	-6.05443501e+05	-2.35649173e+04	1.00000000e-09	1.00000000e-09	1.00000000e-10	1.00000000e-10	0.00000000e+00	1.44381886e+01
2.10000000e+00	1.76561537e+00	-6.31890959e+05	-2.45942985e+04	1.00000000e-09	1.00000000e-09	1.00000000e-10	1.00000000e-10	0.00000000e+00	1.32603556e+01
2.20000000e+00	1.84969229e+00	-6.58338417e+05	-2.56236796e+04	1.00000000e-09	1.00000000e-09	1.00000000e-10	1.00000000e-10	0.00000000e+00	1.21805577e+01
2.30000000e+00	1.93376922e+00	-6.84785874e+05	-2.66530608e+04	1.00000000e-09	1.05325962e+05	1.00000000e-10	1.05325962e+04	-1.01624104e+10	1.11901960e+01
2.40000000e+00	2.01784614e+00	-7.11118971e+05	-2.76779909e+04	1.00000000e-09	1.85597135e+04	1.00000000e-10	1.85597135e+03	-1.79074013e+09	1.02815237e+01
2.50000000e+00	2.10192306e+00	-7.36188030e+05	-2.86537224e+04	1.00000000e-09	1.00000000e-09	1.00000000e-10	1.00000000e-10	0.00000000e+00	9.44754093e+00
2.60000000e+00	2.18599998e+00	-7.61257088e+05	-2.96294539e+04	1.00000000e-09	1.00000000e-09	1.00000000e-10	1.00000000e-10	0.00000000e+00	8.68190590e+00
2.70000000e+00	2.27007691e+00	-7.86326147e+05	-3.06051854e+04	1.00000000e-09	1.19806390e+05	1.00000000e-10	1.19806390e+04	-1.15595593e+10	7.97886054e+00
2.80000000e+00	2.35415383e+00	-8.11263230e+05	-3.15757802e+04	1.00000000e-09	4.21768780e+04	1.00000000e-10	4.21768780e+03	-4.06945008e+09	7.33316685e+00
2.90000000e+00	2.43823075e+00	-8.34899153e+05	-3.24957315e+04	1.00000000e-09	1.00000000e-09	1.00000000e-10	1.00000000e-10	0.00000000e+00	6.74005227e+00
3.00000000e+00	2.52230767e+00	-8.58535076e+05	-3.34156829e+04	1.00000000e-09	1.00000000e-09	1.00000000e-10	1.00000000e-10	0.00000000e+00	6.19516235e+00
3.10000000e+00	2.60638460e+00	-8.82170999e+05	-3.43356342e+04	1.00000000e-09	1.31184174e+05	1.00000000e-10	1.31184174e+04	-1.26573486e+10	5.69451955e+00
3.20000000e+00	2.69046152e+00	-9.05660991e+05	-3.52499057e+04	1.00000000e-09	7.00572154e+04	1.00000000e-10	7.00572154e+03	-6.75949369e+09	5.23448697e+00
3.30000000e+00	2.77453844e+00	-9.27802769e+05	-3.61117023e+04	1.00000000e-09	1.00000000e-09	1.00000000e-10	1.00000000e-10	0.00000000e+00	4.81173646e+00
3.40000000e+00	2.85861536e+00	-9.49944548e+05	-3.69734990e+04	1.00000000e-09	1.00000000e-09	1.00000000e-10	1.00000000e-10	0.00000000e+00	4.42322017e+00
3.50000000e+00	2.94269229e+00	-9.72086327e+05	-3.78352956e+04	1.00000000e-09	1.38144679e+05	1.00000000e-10	1.38144679e+04	-1.33289352e+10	4.06614534e+00
3.60000000e+00	3.02676921e+00	-9.94074460e+05	-3.86911122e+04	1.00000000e-09	1.02036612e+05	1.00000000e-10	1.02036612e+04	-9.84503641e+09	3.73795159e+00
3.70000000e+00	3.11084613e+00	-1.01465586e+06	-3.94921763e+04	1.00000000e-09	1.00000000e-09	1.00000000e-10	1.00000000e-10	0.00000000e+00	3.43629058e+00
3.80000000e+00	3.19492305e+00	-1.03523727e+06	-4.02932404e+04	1.00000000e-09	1.00000000e-09	1.00000000e-10	1.00000000e-10	0.00000000e+00	3.15900770e+00
3.90000000e+00	3.27899998e+00	-1.05581867e+06	-4.10943044e+04	1.00000000e-09	1.39046805e+05	1.00000000e-10	1.39046805e+04	-1.34159771e+10	2.90412542e+00
4.00000000e+00	3.36307690e+00	-1.07624876e+06	-4.18894794e+04	1.00000000e-09	1.37573580e+05	1.00000000e-10	1.37573580e+04	-1.32738326e+10	2.66982829e+00
4.10000000e+00	3.44715382e+00	-1.09520056e+06	-4.26271162e+04	1.00000000e-09	1.00000000e-09	1.00000000e-10	1.00000000e-10	0.00000000e+00	2.45444929e+00
4.20000000e+00	3.53123074e+00	-1.11415235e+06	-4.33647530e+04	1.00000000e-09	1.00000000e-09	1.00000000e-10	1.00000000e-10	0.00000000e+00	2.25645740e+00
4.30000000e+00	3.61530767e+00	-1.13310414e+06	-4.41023897e+04	1.00000000e-09	1.31843462e+05	1.00000000e-10	1.31843462e+04	-1.27209602e+10	2.07444628e+00
4.40000000e+00	3.69938459e+00	-1.15192269e+06	-4.48348405e+04	1.00000000e-09	1.75476068e+05	1.00000000e-10	1.75476068e+04	-1.69308667e+10	1.90712395e+00
4.50000000e+00	3.78346151e+00	-1.16917687e+06	-4.55064035e+04	1.00000000e-09	1.00000000e-09	1.00000000e-10	1.00000000e-10	0.00000000e+00	1.75330334e+00
4.60000000e+00	3.86753843e+00	-1.18643106e+06	-4.61779665e+04	1.00000000e-09	1.00000000e-09	1.00000000e-10	1.00000000e-10	0.00000000e+00	1.61189369e+00
4.70000000e+00	3.95161536e+00	-1.20368524e+06	-4.68495295e+04	1.00000000e-09	1.14012202e+05	1.00000000e-10	1.14012202e+04	-1.10005052e+10	1.48189263e+00
4.80000000e+00	4.03569228e+00	-1.22084856e+06	-4.75175558e+04	1.00000000e-09	2.13428384e+05	1.00000000e-10	2.13428384e+04	-2.05927085e+10	1.36237899e+00
4.90000000e+00	4.11976920e+00	-1.23634621e+06	-4.81207514e+04	1.00000000e-09	1.00000000e-09	1.00000000e-10	1.00000000e-10	0.00000000e+00	1.25250612e+00
5.00000000e+00	4.20384612e+00	-1.25184386e+06	-4.87239469e+04	1.00000000e-09	1.00000000e-09	1.00000000e-10	1.00000000e-10	0.00000000e+00	1.15149587e+00
5.10000000e+00	4.28792305e+00	-1.26734151e+06	-4.93271425e+04	1.00000000e-09	8.25753599e+04	1.00000000e-10	8.25753599e+03	-7.96731102e+09	1.05863300e+00
5.20000000e+00	4.37199997e+00	-1.28282820e+06	-4.99299116e+04	1.00000000e-09	2.47201002e+05	1.00000000e-10	2.47201002e+04	-2.38512707e+10	9.73260072e-01
5.30000000e+00	4.45607689e+00	-1.29653377e+06	-5.04633560e+04	1.00000000e-09	1.00000000e-09	1.00000000e-10	1.00000000e-10	0.00000000e+00	8.94772759e-01
5.40000000e+00	4.54015381e+00	-1.31023933e+06	-5.09968005e+04	1.00000000e-09	1.00000000e-09	1.00000000e-10	1.00000000e-10	0.00000000e+00	8.22615544e-01
5.50000000e+00	4.62423074e+00	-1.32394489e+06	-5.15302449e+04	1.00000000e-09	3.44513756e+04	1.00000000e-10	3.44513756e+03	-3.32405242e+09	7.56277766e-01
5.60000000e+00	4.70830766e+00	-1.33765046e+06	-5.20636894e+04	1.00000000e-09	2.69356233e+05	1.00000000e-10	2.69356233e+04	-2.59889256e+10	6.95289988e-01
5.70000000e+00	4.79238458e+00	-1.34945102e+06	-5.25229878e+04	1.00000000e-09	1.00000000e-09	1.00000000e-10	1.00000000e-10	0.00000000e+00	6.39220665e-01
5.80000000e+00	4.87646150e+00	-1.36120192e+06	-5.29803534e+04	1.00000000e-09	1.00000000e-09	1.00000000e-10	1.00000000e-10	0.00000000e+00	5.87673079e-01
5.90000000e+00	4.96053843e+00	-1.37295283e+06	-5.34377191e+04	1.00000000e-09	1.00000000e-09	1.00000000e-10	1.00000000e-10	0.00000000e+00	5.40282524e-01
6.00000000e+00	5.04461535e+00	-1.38470373e+06	-5.38950847e+04	1.00000000e-09	2.70244380e+05	1.00000000e-10	2.70244380e+04	-2.60746187e+10	4.96713722e-01
6.10000000e+00	5.12869227e+00	-1.39443475e+06	-5.42738332e+04	1.00000000e-09	5.32640159e+04	1.00000000e-10	5.32640159e+03	-5.13919626e+09	4.56658442e-01
6.20000000e+00	5.21276919e+00	-1.40383649e+06	-5.46397652e+04	1.00000000e-09	1.00000000e-09	1.00000000e-10	1.00000000e-10	0.00000000e+00	4.19833321e-01
6.30000000e+00	5.29684612e+00	-1.41323822e+06	-5.50056971e+04	1.00000000e-09	1.00000000e-09	1.00000000e-10	1.00000000e-10	0.00000000e+00	3.85977854e-01
6.40000000e+00	5.38092304e+00	-1.42263996e+06	-5.53716290e+04	1.00000000e-09	2.39965988e+05	1.00000000e-10	2.39965988e+04	-2.31531980e+10	3.54852548e-01
6.50000000e+00	5.46499996e+00	-1.42996404e+06	-5.56566948e+04	1.00000000e-09	1.68784200e+05	1.00000000e-10	1.68784200e+04	-1.62851996e+10	3.26237227e-01
6.60000000e+00	5.54907688e+00	-1.43648473e+06	-5.59104915e+04	1.00000000e-09	1.00000000e-09	1.00000000e-10	1.00000000e-10	0.00000000e+00	2.99929475e-01
6.70000000e+00	5.63315381e+00	-1.44300542e+06	-5.61642881e+04	1.00000000e-09	1.00000000e-09	1.00000000e-10	1.00000000e-10	0.00000000e+00	2.75743201e-01
6.80000000e+00	5.71723073e+00	-1.44952611e+06	-5.64180847e+04	1.00000000e-09	1.34450564e+05	1.00000000e-10	1.34450564e+04	-1.29725074e+10	2.53507323e-01
6.90000000e+00	5.80130765e+00	-1.45410569e+06	-5.65963302e+04	1.00000000e-09	3.29292694e+05	1.00000000e-10	3.29292694e+04	-3.17719150e+10	2.33064554e-01
7.00000000e+00	5.88538457e+00	-1.45708428e+06	-5.67122619e+04	1.00000000e-09	1.00000000e-09	1.00000000e-10	1.00000000e-10	0.00000000e+00	2.14270296e-01
7.10000000e+00	5.96946150e+00	-1.46006286e+06	-5.68281935e+04	1.00000000e-09	1.00000000e-09	1.00000000e-10	1.00000000e-10	0.00000000e+00	1.96991610e-01
7.20000000e+00	6.05353842e+00	-1.46304144e+06	-5.69441252e+04	1.00000000e-09	1.00000000e-09	1.00000000e-10	1.00000000e-10	0.00000000e+00	1.81106277e-01
7.30000000e+00	6.13761534e+00	-1.46485029e+06	-5.70145286e+04	4.45071276e+00	8.91853001e+04	4.45071276e-01	8.91853001e+03	-8.60464387e+09	1.66501937e-01
7.40000000e+00	6.22169226e+00	-1.46383585e+06	-5.69750447e+04	1.92082597e+01	1.00000000e-09	1.92082597e+00	1.00000000e-10	1.85331532e+06	1.53075289e-01
7.50000000e+00	6.30576919e+00	-1.46282140e+06	-5.69355608e+04	4.41976256e+01	1.00000000e-09	4.41976256e+00	1.00000000e-10	4.26442258e+06	1.40731363e-01
7.60000000e+00	6.38984611e+00	-1.46180696e+06	-5.68960769e+04	9.27300976e+01	1.00000000e-09	9.27300976e+00	1.00000000e-10	8.94709427e+06	1.29382849e-01
7.70000000e+00	6.47392303e+00	-1.46079252e+06	-5.68565931e+04	1.90657860e+02	2.57358354e+04	1.90657860e+01	2.57358354e+03	-2.46473494e+09	1.18949475e-01
7.80000000e+00	6.55799995e+00	-1.45931796e+06	-5.67992008e+04	2.68403182e+02	2.37389856e+01	2.68403182e+01	2.37389856e+00	2.36065062e+07	1.09357445e-01
7.90000000e+00	6.64207688e+00	-1.45784294e+06	-5.67417906e+04	2.76784436e+02	5.86741646e+01	2.76784436e+01	5.86741646e+00	2.10444420e+07	1.00538914e-01
8.00000000e+00	6.72615380e+00	-1.45636680e+06	-5.66843366e+04	2.09806372e+02	4.84191407e+04	2.09806372e+01	4.84191407e+03	-4.65149363e+09	9.24315047e-02
8.10000000e+00	6.81023072e+00	-1.45375128e+06	-5.65825358e+04	1.00000000e-09	1.95720526e+04	1.00000000e-10	1.95720526e+03	-1.88841600e+09	8.49778740e-02
8.20000000e+00	6.89430764e+00	-1.45055670e+06	-5.64581974e+04	1.00000000e-09	1.00000000e-09	1.00000000e-10	1.00000000e-10	0.00000000e+00	7.81253008e-02
8.30000000e+00	6.97838457e+00	-1.44736220e+06	-5.63338619e+04	1.00000000e-09	1.00000000e-09	1.00000000e-10	1.00000000e-10	0.00000000e+00	7.18253161e-02
8.40000000e+00	7.06246149e+00	-1.44416770e+06	-5.62095264e+04	8.35595749e+01	4.13117614e+03	8.35595749e+00	4.13117614e+02	-3.90535629e+08	6.60333593e-02
8.50000000e+00	7.14653841e+00	-1.44084046e+06	-5.60800243e+04	2.42082737e+02	5.33674767e+03	2.42082737e+01	5.33674767e+02	-4.91560438e+08	6.07084632e-02
8.60000000e+00	7.23061533e+00	-1.43733610e+06	-5.59436286e+04	8.14087999e+01	1.00000000e-09	8.14087999e+00	1.00000000e-10	7.85475509e+06	5.58129641e-02
8.70000000e+00	7.31469226e+00	-1.43383209e+06	-5.58072464e+04	1.00000000e-09	1.00000000e-09	1.00000000e-10	1.00000000e-10	0.00000000e+00	5.13122357e-02
8.80000000e+00	7.39876918e+00	-1.43032808e+06	-5.56708643e+04	1.00000000e-09	1.00000000e-09	1.00000000e-10	1.00000000e-10	0.00000000e+00	4.71744438e-02
8.90000000e+00	7.48284610e+00	-1.42682408e+06	-5.55344821e+04	3.77131979e+01	2.85506302e+02	3.77131979e+00	2.85506302e+01	-2.39083999e+07	4.33703214e-02
9.00000000e+00	7.56692302e+00	-1.42331039e+06	-5.53977234e+04	2.62802637e+02	1.00000000e-09	2.62802637e+01	1.00000000e-10	2.53565997e+07	3.98729614e-02
9.10000000e+00	7.65099995e+00	-1.41979703e+06	-5.52609774e+04	1.28352427e+02	1.00000000e-09	1.28352427e+01	1.00000000e-10	1.23841266e+07	3.66576268e-02
9.20000000e+00	7.73507687e+00	-1.41628392e+06	-5.51242409e+04	1.00000000e-09	2.76030150e+01	1.00000000e-10	2.76030150e+00	-2.66328607e+06	3.37015752e-02
9.30000000e+00	7.81915379e+00	-1.41276987e+06	-5.49874680e+04	1.00000000e-09	3.91824937e-01	1.00000000e-10	3.91824937e-02	-3.78053591e+04	3.09838980e-02
9.40000000e+00	7.90323071e+00	-1.40925581e+06	-5.48506946e+04	1.00000000e-09	1.00000000e-09	1.00000000e-10	1.00000000e-10	0.00000000e+00	2.84853728e-02
9.50000000e+00	7.98730764e+00	-1.40574182e+06	-5.47139238e+04	2.56539841e+02	1.00000000e-09	2.56539841e+01	1.00000000e-10	2.47523318e+07	2.61883275e-02
9.60000000e+00	8.07138456e+00	-1.40222823e+06	-5.45771689e+04	1.60794954e+02	4.97009729e-02	1.60794954e+01	4.97009729e-03	1.55095591e+07	2.40765146e-02
9.70000000e+00	8.15546148e+00	-1.39871471e+06	-5.44404165e+04	1.00000000e-09	1.55755779e-01	1.00000000e-10	1.55755779e-02	-1.50281480e+04	2.21349973e-02
9.80000000e+00	8.23953840e+00	-1.39520118e+06	-5.43036638e+04	1.00000000e-09	8.31051268e-03	1.00000000e-10	8.31051268e-04	-8.01842480e+02	2.03500429e-02
9.90000000e+00	8.32361533e+00	-1.39168765e+06	-5.41669112e+04	1.00000000e-09	2.12176810e-04	1.00000000e-10	2.12176810e-05	-2.04718535e+01	1.87090262e-02
1.00000000e+01	8.40769225e+00	-1.38817448e+06	-5.40301723e+04	2.00827419e+02	1.00000000e-09	2.00827419e+01	1.00000000e-10	1.93769002e+07	1.72003403e-02
1.01000000e+01	8.49176917e+00	-1.38466169e+06	-5.38934486e+04	1.66131780e+02	1.00000000e-09	1.66131780e+01	1.00000000e-10	1.60292800e+07	1.58133140e-02
1.02000000e+01	8.57584609e+00	-1.38114891e+06	-5.37567248e+04	1.00000000e-09	1.08770329e-06	1.00000000e-10	1.08770329e-07	-1.04850928e-01	1.45381368e-02
1.03000000e+01	8.65992302e+00	-1.37763612e+06	-5.36200010e+04	1.00000000e-09	1.00000000e-09	1.00000000e-10	1.00000000e-10	0.00000000e+00	1.33657892e-02
1.04000000e+01	8.74399994e+00	-1.37412345e+06	-5.34832819e+04	1.00000000e-09	1.00000000e-09	1.00000000e-10	1.00000000e-10	0.00000000e+00	1.22879791e-02
1.05000000e+01	8.82807686e+00	-1.37061138e+06	-5.33465858e+04	1.07703802e+02	3.04675832e-08	1.07703802e+01	3.04675832e-09	1.03918371e+07	1.12970830e-02
1.06000000e+01	8.91215378e+00	-1.36709930e+06	-5.32098896e+04	1.73024588e+02	1.00000000e-09	1.73024588e+01	1.00000000e-10	1.66943348e+07	1.03860923e-02
1.07000000e+01	8.99623071e+00	-1.36358722e+06	-5.30731935e+04	1.88722535e+01	1.00000000e-09	1.88722535e+00	1.00000000e-10	1.82089565e+06	9.54856333e-03
1.08000000e+01	9.08030763e+00	-1.36007515e+06	-5.29364974e+04	1.00000000e-09	1.00000000e-09	1.00000000e-10	1.00000000e-10	0.00000000e+00	8.77857228e-03
1.09000000e+01	9.16438455e+00	-1.35656365e+06	-5.27998239e+04	1.00000000e-09	1.61252648e-09	1.00000000e-10	1.61252648e-10	-5.90998207e-05	8.07067289e-03
1.10000000e+01	9.24846147e+00	-1.35305234e+06	-5.26631576e+04	1.10108641e+01	1.00000000e-09	1.10108641e+00	1.00000000e-10	1.06238688e+06	7.41985814e-03
1.11000000e+01	9.33253840e+00	-1.34954104e+06	-5.25264914e+04	1.90491871e+02	1.00000000e-09	1.90491871e+01	1.00000000e-10	1.83796715e+07	6.82152474e-03
1.12000000e+01	9.41661532e+00	-1.34602973e+06	-5.23898251e+04	1.28373810e+02	1.00000000e-09	1.28373810e+01	1.00000000e-10	1.23861897e+07	6.27144062e-03
1.13000000e+01	9.50069224e+00	-1.34251886e+06	-5.22531762e+04	1.00000000e-09	1.16632199e-09	1.00000000e-10	1.16632199e-10	-1.60476320e-05	5.76571500e-03
1.14000000e+01	9.58476916e+00	-1.33900839e+06	-5.21165426e+04	1.00000000e-09	1.00000000e-09	1.00000000e-10	1.00000000e-10	0.00000000e+00	5.30077082e-03
1.15000000e+01	9.66884609e+00	-1.33549792e+06	-5.19799090e+04	1.00000000e-09	1.00000000e-09	1.00000000e-10	1.00000000e-10	0.00000000e+00	4.87331949e-03
1.16000000e+01	9.75292301e+00	-1.33198745e+06	-5.18432754e+04	2.16497798e+02	1.00000000e-09	2.16497798e+01	1.00000000e-10	2.08888619e+07	4.48033760e-03
1.17000000e+01	9.83699993e+00	-1.32847725e+06	-5.17066523e+04	1.92147069e+02	1.00000000e-09	1.92147069e+01	1.00000000e-10	1.85393738e+07	4.11904557e-03
1.18000000e+01	9.92107685e+00	-1.32496758e+06	-5.15700495e+04	1.00000000e-09	1.00000000e-09	1.00000000e-10	1.00000000e-10	0.00000000e+00	3.78688794e-03
1.19000000e+01	1.00051538e+01	-1.32145790e+06	-5.14334467e+04	1.00000000e-09	1.00000000e-09	1.00000000e-10	1.00000000e-10	0.00000000e+00	3.48151531e-03
1.20000000e+01	1.00892307e+01	-1.31794822e+06	-5.12968439e+04	1.00000000e-09	1.00000000e-09	1.00000000e-10	1.00000000e-10	0.00000000e+00	3.20076778e-03
1.21000000e+01	1.01733076e+01	-1.31443866e+06	-5.11602455e+04	2.06632114e+02	1.00000000e-09	2.06632114e+01	1.00000000e-10	1.99369682e+07	2.94265957e-03
1.22000000e+01	1.02573845e+01	-1.31092972e+06	-5.10236716e+04	1.86442822e+02	1.00000000e-09	1.86442822e+01	1.00000000e-10	1.79889976e+07	2.70536508e-03
1.23000000e+01	1.03414615e+01	-1.30742078e+06	-5.08870977e+04	1.00000000e-09	1.00000000e-09	1.00000000e-10	1.00000000e-10	0.00000000e+00	2.48720588e-03
1.24000000e+01	1.04255384e+01	-1.30391185e+06	-5.07505238e+04	1.00000000e-09	1.00000000e-09	1.00000000e-10	1.00000000e-10	0.00000000e+00	2.28663893e-03
1.25000000e+01	1.05096153e+01	-1.30040291e+06	-5.06139499e+04	1.00000000e-09	1.00000000e-09	1.00000000e-10	1.00000000e-10	0.00000000e+00	2.10224558e-03
1.26000000e+01	1.05936922e+01	-1.29689473e+06	-5.04774052e+04	1.01198774e+02	1.00000000e-09	1.01198774e+01	1.00000000e-10	9.76419737e+06	1.93272162e-03
1.27000000e+01	1.06777692e+01	-1.29338654e+06	-5.03408604e+04	1.78102182e+02	1.00000000e-09	1.78102182e+01	1.00000000e-10	1.71842482e+07	1.77686798e-03
1.28000000e+01	1.07618461e+01	-1.28987835e+06	-5.02043157e+04	2.92362814e+01	1.00000000e-09	2.92362814e+00	1.00000000e-10	2.82087232e+06	1.63358230e-03
1.29000000e+01	1.08459230e+01	-1.28637017e+06	-5.00677710e+04	1.00000000e-09	1.00000000e-09	1.00000000e-10	1.00000000e-10	0.00000000e+00	1.50185109e-03
1.30000000e+01	1.09299999e+01	-1.28286278e+06	-4.99312572e+04	1.00000000e-09	1.00000000e-09	1.00000000e-10	1.00000000e-10	0.00000000e+00	1.38074262e-03
1.31000000e+01	1.10140768e+01	-1.27935542e+06	-4.97947447e+04	1.46326267e+00	1.00000000e-09	1.46326267e-01	1.00000000e-10	1.41183384e+05	1.26940027e-03
1.32000000e+01	1.10981538e+01	-1.27584806e+06	-4.96582322e+04	2.09106935e+02	1.00000000e-09	2.09106935e+01	1.00000000e-10	2.01757521e+07	1.16703651e-03
1.33000000e+01	1.11822307e+01	-1.27234070e+06	-4.95217198e+04	1.51714642e+02	1.00000000e-09	1.51714642e+01	1.00000000e-10	1.46382376e+07	1.07292731e-03
1.34000000e+01	1.12663076e+01	-1.26883415e+06	-4.93852387e+04	1.00000000e-09	1.00000000e-09	1.00000000e-10	1.00000000e-10	0.00000000e+00	9.86407027e-04
1.35000000e+01	1.13503845e+01	-1.26532796e+06	-4.92487714e+04	1.00000000e-09	1.00000000e-09	1.00000000e-10	1.00000000e-10	0.00000000e+00	9.06863691e-04
1.36000000e+01	1.14344615e+01	-1.26182176e+06	-4.91123042e+04	1.00000000e-09	1.00000000e-09	1.00000000e-10	1.00000000e-10	0.00000000e+00	8.33734687e-04
1.37000000e+01	1.15185384e+01	-1.25831557e+06	-4.89758369e+04	2.58356753e+02	1.00000000e-09	2.58356753e+01	1.00000000e-10	2.49276372e+07	7.66502767e-04
1.38000000e+01	1.16026153e+01	-1.25481007e+06	-4.88393970e+04	1.89341231e+02	1.00000000e-09	1.89341231e+01	1.00000000e-10	1.82686516e+07	7.04692393e-04
1.39000000e+01	1.16866922e+01	-1.25130533e+06	-4.87029865e+04	1.00000000e-09	1.00000000e-09	1.00000000e-10	1.00000000e-10	0.00000000e+00	6.47866374e-04
1.40000000e+01	1.17707691e+01	-1.24780060e+06	-4.85665760e+04	1.00000000e-09	1.00000000e-09	1.00000000e-10	1.00000000e-10	0.00000000e+00	5.95622776e-04
1.41000000e+01	1.18548461e+01	-1.24429586e+06	-4.84301655e+04	1.00000000e-09	1.00000000e-09	1.00000000e-10	1.00000000e-10	0.00000000e+00	5.47592073e-04
1.42000000e+01	1.19389230e+01	-1.24079154e+06	-4.82937711e+04	2.47901335e+02	1.00000000e-09	2.47901335e+01	1.00000000e-10	2.39188427e+07	5.03434541e-04
1.43000000e+01	1.20229999e+01	-1.23728834e+06	-4.81574207e+04	1.45813744e+02	1.00000000e-09	1.45813744e+01	1.00000000e-10	1.40688875e+07	4.62837848e-04
1.44000000e+01	1.21070768e+01	-1.23378515e+06	-4.80210703e+04	1.00000000e-09	1.00000000e-09	1.00000000e-10	1.00000000e-10	0.00000000e+00	4.25514851e-04
1.45000000e+01	1.21911538e+01	-1.23028195e+06	-4.78847199e+04	1.00000000e-09	1.00000000e-09	1.00000000e-10	1.00000000e-10	0.00000000e+00	3.91201561e-04
1.46000000e+01	1.22752307e+01	-1.22677876e+06	-4.77483695e+04	1.00000000e-09	1.00000000e-09	1.00000000e-10	1.00000000e-10	0.00000000e+00	3.59655276e-04
1.47000000e+01	1.23593076e+01	-1.22327691e+06	-4.76120712e+04	1.10492312e+02	1.00000000e-09	1.10492312e+01	1.00000000e-10	1.06608874e+07	3.30652866e-04
1.48000000e+01	1.24433845e+01	-1.21977505e+06	-4.74757729e+04	1.22866451e+02	1.00000000e-09	1.22866451e+01	1.00000000e-10	1.18548104e+07	3.03989196e-04
1.49000000e+01	1.25274615e+01	-1.21627320e+06	-4.73394746e+04	1.00000000e-09	1.00000000e-09	1.00000000e-10	1.00000000e-10	0.00000000e+00	2.79475669e-04
1.50000000e+01	1.26115384e+01	-1.21277134e+06	-4.72031763e+04	1.00000000e-09	1.00000000e-09	1.00000000e-10	1.00000000e-10	0.00000000e+00	2.56938901e-04
1.51000000e+01	1.26956153e+01	-1.20927064e+06	-4.70669231e+04	1.00000000e-09	1.00000000e-09	1.00000000e-10	1.00000000e-10	0.00000000e+00	2.36219485e-04
1.52000000e+01	1.27796922e+01	-1.20577038e+06	-4.69306866e+04	1.00000000e-09	1.00000000e-09	1.00000000e-10	1.00000000e-10	0.00000000e+00	2.17170872e-04
1.53000000e+01	1.28637691e+01	-1.20227011e+06	-4.67944502e+04	1.56091591e+02	1.00000000e-09	1.56091591e+01	1.00000000e-10	1.50605490e+07	1.99658328e-04
1.54000000e+01	1.29478461e+01	-1.19876985e+06	-4.66582138e+04	1.39633637e+02	1.00000000e-09	1.39633637e+01	1.00000000e-10	1.34725978e+07	1.83557987e-04
1.55000000e+01	1.30319230e+01	-1.19527037e+06	-4.65220081e+04	1.00000000e-09	1.00000000e-09	1.00000000e-10	1.00000000e-10	0.00000000e+00	1.68755969e-04
1.56000000e+01	1.31159999e+01	-1.19177166e+06	-4.63858319e+04	1.00000000e-09	1.00000000e-09	1.00000000e-10	1.00000000e-10	0.00000000e+00	1.55147578e-04
1.57000000e+01	1.32000768e+01	-1.18827294e+06	-4.62496557e+04	1.00000000e-09	1.00000000e-09	1.00000000e-10	1.00000000e-10	0.00000000e+00	1.42636560e-04
1.58000000e+01	1.32841538e+01	-1.18477422e+06	-4.61134794e+04	2.18578369e+02	1.00000000e-09	2.18578369e+01	1.00000000e-10	2.10896066e+07	1.31134424e-04
1.59000000e+01	1.33682307e+01	-1.18127586e+06	-4.59773174e+04	2.24456253e+02	1.00000000e-09	2.24456253e+01	1.00000000e-10	2.16567361e+07	1.20559814e-04
1.60000000e+01	1.34523076e+01	-1.17777840e+06	-4.58411899e+04	1.00000000e-09	1.00000000e-09	1.00000000e-10	1.00000000e-10	0.00000000e+00	1.10837935e-04
1.61000000e+01	1.35363845e+01	-1.17428093e+06	-4.57050624e+04	1.00000000e-09	1.00000000e-09	1.00000000e-10	1.00000000e-10	0.00000000e+00	1.01900023e-04
1.62000000e+01	1.36204614e+01	-1.17078346e+06	-4.55689349e+04	1.00000000e-09	1.00000000e-09	1.00000000e-10	1.00000000e-10	0.00000000e+00	9.36828597e-05
1.63000000e+01	1.37045384e+01	-1.16728601e+06	-4.54328077e+04	2.37371856e+02	1.00000000e-09	2.37371856e+01	1.00000000e-10	2.29029023e+07	8.61283240e-05
1.64000000e+01	1.37886153e+01	-1.16378942e+06	-4.52967146e+04	2.10668359e+02	1.00000000e-09	2.10668359e+01	1.00000000e-10	2.03264066e+07	7.91829819e-05
1.65000000e+01	1.38726922e+01	-1.16029284e+06	-4.51606215e+04	1.00000000e-09	1.00000000e-09	1.00000000e-10	1.00000000e-10	0.00000000e+00	7.27977085e-05
1.66000000e+01	1.39567691e+01	-1.15679626e+06	-4.50245284e+04	1.00000000e-09	1.00000000e-09	1.00000000e-10	1.00000000e-10	0.00000000e+00	6.69273402e-05
1.67000000e+01	1.40408461e+01	-1.15329967e+06	-4.48884353e+04	1.00000000e-09	1.00000000e-09	1.00000000e-10	1.00000000e-10	0.00000000e+00	6.15303552e-05
1.68000000e+01	1.41249230e+01	-1.14980391e+06	-4.47523739e+04	1.19628575e+02	1.00000000e-09	1.19628575e+01	1.00000000e-10	1.15424028e+07	5.65685802e-05
1.69000000e+01	1.42089999e+01	-1.14630815e+06	-4.46163130e+04	2.03641924e+02	1.00000000e-09	2.03641924e+01	1.00000000e-10	1.96484586e+07	5.20069201e-05
1.70000000e+01	1.42930768e+01	-1.14281240e+06	-4.44802521e+04	3.00411408e+01	1.00000000e-09	3.00411408e+00	1.00000000e-10	2.89852944e+06	4.78131098e-05
1.71000000e+01	1.43771537e+01	-1.13931664e+06	-4.43441912e+04	1.00000000e-09	1.00000000e-09	1.00000000e-10	1.00000000e-10	0.00000000e+00	4.39574862e-05
1.72000000e+01	1.44612307e+01	-1.13582154e+06	-4.42081558e+04	1.00000000e-09	1.00000000e-09	1.00000000e-10	1.00000000e-10	0.00000000e+00	4.04127779e-05
1.73000000e+01	1.45453076e+01	-1.13232658e+06	-4.40721256e+04	1.14154050e+01	1.00000000e-09	1.14154050e+00	1.00000000e-10	1.10141914e+06	3.71539131e-05
1.74000000e+01	1.46293845e+01	-1.12883161e+06	-4.39360955e+04	2.24747692e+02	1.00000000e-09	2.24747692e+01	1.00000000e-10	2.16848557e+07	3.41578414e-05
1.75000000e+01	1.47134614e+01	-1.12533665e+06	-4.38000654e+04	1.53803650e+02	1.00000000e-09	1.53803650e+01	1.00000000e-10	1.48397962e+07	3.14033713e-05
1.76000000e+01	1.47975384e+01	-1.12184222e+06	-4.36640564e+04	1.00000000e-09	1.00000000e-09	1.00000000e-10	1.00000000e-10	0.00000000e+00	2.88710202e-05
1.77000000e+01	1.48816153e+01	-1.11834808e+06	-4.35280582e+04	1.00000000e-09	1.00000000e-09	1.00000000e-10	1.00000000e-10	0.00000000e+00	2.65428765e-05
1.78000000e+01	1.49656922e+01	-1.11485394e+06	-4.33920601e+04	1.00000000e-09	1.00000000e-09	1.00000000e-10	1.00000000e-10	0.00000000e+00	2.44024731e-05
1.79000000e+01	1.50497691e+01	-1.11135979e+06	-4.32560619e+04	2.48037085e+02	1.00000000e-09	2.48037085e+01	1.00000000e-10	2.39319405e+07	2.24346707e-05
1.80000000e+01	1.51338460e+01	-1.10786608e+06	-4.31200805e+04	2.05862147e+02	1.00000000e-09	2.05862147e+01	1.00000000e-10	1.98626776e+07	2.06255509e-05
1.81000000e+01	1.52179230e+01	-1.10437283e+06	-4.29841171e+04	1.00000000e-09	1.00000000e-09	1.00000000e-10	1.00000000e-10	0.00000000e+00	1.89623175e-05
1.82000000e+01	1.53019999e+01	-1.10087958e+06	-4.28481537e+04	1.00000000e-09	1.00000000e-09	1.00000000e-10	1.00000000e-10	0.00000000e+00	1.74332063e-05
1.83000000e+01	1.53860768e+01	-1.09738633e+06	-4.27121903e+04	1.00000000e-09	1.00000000e-09	1.00000000e-10	1.00000000e-10	0.00000000e+00	1.60274019e-05
1.84000000e+01	1.54701537e+01	-1.09389332e+06	-4.25762362e+04	2.19075572e+02	1.00000000e-09	2.19075572e+01	1.00000000e-10	2.11375793e+07	1.47349607e-05
1.85000000e+01	1.55542307e+01	-1.09040095e+06	-4.24403070e+04	1.99183304e+02	1.00000000e-09	1.99183304e+01	1.00000000e-10	1.92182673e+07	1.35467414e-05
1.86000000e+01	1.56383076e+01	-1.08690858e+06	-4.23043779e+04	1.00000000e-09	1.00000000e-09	1.00000000e-10	1.00000000e-10	0.00000000e+00	1.24543394e-05
1.87000000e+01	1.57223845e+01	-1.08341620e+06	-4.21684487e+04	1.00000000e-09	1.00000000e-09	1.00000000e-10	1.00000000e-10	0.00000000e+00	1.14500281e-05
1.88000000e+01	1.58064614e+01	-1.07992383e+06	-4.20325195e+04	1.00000000e-09	1.00000000e-09	1.00000000e-10	1.00000000e-10	0.00000000e+00	1.05267039e-05
1.89000000e+01	1.58905384e+01	-1.07643216e+06	-4.18966175e+04	1.12658901e+02	1.00000000e-09	1.12658901e+01	1.00000000e-10	1.08699315e+07	9.67783615e-06
1.90000000e+01	1.59746153e+01	-1.07294054e+06	-4.17607178e+04	1.91547342e+02	1.00000000e-09	1.91547342e+01	1.00000000e-10	1.84815089e+07	8.89742061e-06
1.91000000e+01	1.60586922e+01	-1.06944893e+06	-4.16248180e+04	2.82886093e+01	1.00000000e-09	2.82886093e+00	1.00000000e-10	2.72943586e+06	8.17993736e-06
1.92000000e+01	1.61427691e+01	-1.06595731e+06	-4.14889182e+04	1.00000000e-09	1.00000000e-09	1.00000000e-10	1.00000000e-10	0.00000000e+00	7.52031158e-06
1.93000000e+01	1.62268460e+01	-1.06246622e+06	-4.13530388e+04	1.00000000e-09	1.00000000e-09	1.00000000e-10	1.00000000e-10	0.00000000e+00	6.91387767e-06
1.94000000e+01	1.63109230e+01	-1.05897548e+06	-4.12171729e+04	1.00000000e-09	1.00000000e-09	1.00000000e-10	1.00000000e-10	0.00000000e+00	6.35634627e-06
1.95000000e+01	1.63949999e+01	-1.05548473e+06	-4.10813070e+04	1.94927408e+02	1.00000000e-09	1.94927408e+01	1.00000000e-10	1.88076357e+07	5.84377390e-06
1.96000000e+01	1.64790768e+01	-1.05199399e+06	-4.09454412e+04	1.45392527e+02	1.00000000e-09	1.45392527e+01	1.00000000e-10	1.40282463e+07	5.37253509e-06
1.97000000e+01	1.65631537e+01	-1.04850343e+06	-4.08095826e+04	1.00000000e-09	1.00000000e-09	1.00000000e-10	1.00000000e-10	0.00000000e+00	4.93929673e-06
1.98000000e+01	1.66472307e+01	-1.04501333e+06	-4.06737418e+04	1.00000000e-09	1.00000000e-09	1.00000000e-10	1.00000000e-10	0.00000000e+00	4.54099448e-06
1.99000000e+01	1.67313076e+01	-1.04152323e+06	-4.05379009e+04	1.00000000e-09	1.00000000e-09	1.00000000e-10	1.00000000e-10	0.00000000e+00	4.17481111e-06
2.00000000e+01	1.68153845e+01	-1.03803313e+06	-4.04020601e+04	1.94270485e+02	1.00000000e-09	1.94270485e+01	1.00000000e-10	1.87442523e+07	3.83815657e-06
2.01000000e+01	1.68994614e+01	-1.03454303e+06	-4.02662193e+04	2.30000909e+02	1.00000000e-09	2.30000909e+01	1.00000000e-10	2.21917141e+07	3.52864967e-06
2.02000000e+01	1.69835383e+01	-1.03105325e+06	-4.01303913e+04	1.00000000e-09	1.00000000e-09	1.00000000e-10	1.00000000e-10	0.00000000e+00	3.24410125e-06
2.03000000e+01	1.70676153e+01	-1.02756373e+06	-3.99945728e+04	1.00000000e-09	1.00000000e-09	1.00000000e-10	1.00000000e-10	0.00000000e+00	2.98249865e-06
2.04000000e+01	1.71516922e+01	-1.02407420e+06	-3.98587542e+04	1.00000000e-09	1.00000000e-09	1.00000000e-10	1.00000000e-10	0.00000000e+00	2.74199155e-06
2.05000000e+01	1.72357691e+01	-1.02058467e+06	-3.97229357e+04	1.69825423e+02	1.00000000e-09	1.69825423e+01	1.00000000e-10	1.63856623e+07	2.52087882e-06
2.06000000e+01	1.73198460e+01	-1.01709518e+06	-3.95871186e+04	2.81960557e+02	1.00000000e-09	2.81960557e+01	1.00000000e-10	2.72050580e+07	2.31759650e-06
2.07000000e+01	1.74039230e+01	-1.01360604e+06	-3.94513151e+04	9.65417768e+00	1.00000000e-09	9.65417768e-01	1.00000000e-10	9.31486540e+05	2.13070675e-06
2.08000000e+01	1.74879999e+01	-1.01011700e+06	-3.93155159e+04	1.00000000e-09	1.00000000e-09	1.00000000e-10	1.00000000e-10	0.00000000e+00	1.95888770e-06
2.09000000e+01	1.75720768e+01	-1.00662797e+06	-3.91797167e+04	1.00000000e-09	1.00000000e-09	1.00000000e-10	1.00000000e-10	0.00000000e+00	1.80092404e-06
2.10000000e+01	1.76561537e+01	-1.00313894e+06	-3.90439175e+04	1.22810051e+02	1.00000000e-09	1.22810051e+01	1.00000000e-10	1.18493685e+07	1.65569849e-06
2.11000000e+01	1.77402306e+01	-9.99650092e+05	-3.89081255e+04	2.94160741e+02	1.00000000e-09	2.94160741e+01	1.00000000e-10	2.83821968e+07	1.52218384e-06
2.12000000e+01	1.78243076e+01	-9.96161589e+05	-3.87723469e+04	6.58657128e+01	1.00000000e-09	6.58657128e+00	1.00000000e-10	6.35507518e+06	1.39943575e-06
2.13000000e+01	1.79083845e+01	-9.92673087e+05	-3.86365682e+04	1.00000000e-09	1.00000000e-09	1.00000000e-10	1.00000000e-10	0.00000000e+00	1.28658600e-06
2.14000000e+01	1.79924614e+01	-9.89184584e+05	-3.85007896e+04	1.00000000e-09	1.00000000e-09	1.00000000e-10	1.00000000e-10	0.00000000e+00	1.18283639e-06
2.15000000e+01	1.80765383e+01	-9.85696081e+05	-3.83650110e+04	6.38949209e+01	1.00000000e-09	6.38949209e+00	1.00000000e-10	6.16492266e+06	1.08745310e-06
2.16000000e+01	1.81606153e+01	-9.82207949e+05	-3.82292468e+04	2.63792917e+02	1.00000000e-09	2.63792917e+01	1.00000000e-10	2.54521472e+07	9.99761460e-07
2.17000000e+01	1.82446922e+01	-9.78720006e+05	-3.80934900e+04	1.15097958e+02	1.00000000e-09	1.15097958e+01	1.00000000e-10	1.11052647e+07	9.19141229e-07
2.18000000e+01	1.83287691e+01	-9.75232063e+05	-3.79577332e+04	1.00000000e-09	1.00000000e-09	1.00000000e-10	1.00000000e-10	0.00000000e+00	8.45022171e-07
2.19000000e+01	1.84128460e+01	-9.71744120e+05	-3.78219763e+04	1.00000000e-09	1.00000000e-09	1.00000000e-10	1.00000000e-10	0.00000000e+00	7.76880034e-07
2.20000000e+01	1.84969229e+01	-9.68256402e+05	-3.76862283e+04	1.00000000e-09	1.00000000e-09	1.00000000e-10	1.00000000e-10	0.00000000e+00	7.14232843e-07
2.21000000e+01	1.85809999e+01	-9.64769041e+05	-3.75504941e+04	2.02513045e+02	1.00000000e-09	2.02513045e+01	1.00000000e-10	1.95395384e+07	6.56637488e-07
2.22000000e+01	1.86650768e+01	-9.61281679e+05	-3.74147599e+04	1.70432751e+02	1.00000000e-09	1.70432751e+01	1.00000000e-10	1.64442606e+07	6.03686592e-07
2.23000000e+01	1.87491537e+01	-9.57794317e+05	-3.72790257e+04	1.00000000e-09	1.00000000e-09	1.00000000e-10	1.00000000e-10	0.00000000e+00	5.55005627e-07
2.24000000e+01	1.88332306e+01	-9.54306990e+05	-3.71432928e+04	1.00000000e-09	1.00000000e-09	1.00000000e-10	1.00000000e-10	0.00000000e+00	5.10250270e-07
2.25000000e+01	1.89173076e+01	-9.50820061e+05	-3.70075755e+04	1.00000000e-09	1.00000000e-09	1.00000000e-10	1.00000000e-10	0.00000000e+00	4.69103960e-07
2.26000000e+01	1.90013845e+01	-9.47333132e+05	-3.68718581e+04	1.38028736e+02	1.00000000e-09	1.38028736e+01	1.00000000e-10	1.33177485e+07	4.31275667e-07
2.27000000e+01	1.90854614e+01	-9.43846203e+05	-3.67361408e+04	2.26473982e+02	1.00000000e-09	2.26473982e+01	1.00000000e-10	2.18514174e+07	3.96497828e-07
2.28000000e+01	1.91695383e+01	-9.40359274e+05	-3.66004234e+04	2.88430519e+01	1.00000000e-09	2.88430519e+00	1.00000000e-10	2.78293144e+06	3.64524455e-07
2.29000000e+01	1.92536153e+01	-9.36872737e+05	-3.64647213e+04	1.00000000e-09	1.00000000e-09	1.00000000e-10	1.00000000e-10	0.00000000e+00	3.35129397e-07
2.30000000e+01	1.93376922e+01	-9.33386200e+05	-3.63290192e+04	1.00000000e-09	1.00000000e-09	1.00000000e-10	1.00000000e-10	0.00000000e+00	3.08104742e-07
2.31000000e+01	1.94217691e+01	-9.29899663e+05	-3.61933171e+04	8.70650179e+01	1.00000000e-09	8.70650179e+00	1.00000000e-10	8.40049717e+06	2.83259340e-07
2.32000000e+01	1.95058460e+01	-9.26413126e+05	-3.60576150e+04	2.67679382e+02	1.00000000e-09	2.67679382e+01	1.00000000e-10	2.58271341e+07	2.60417458e-07
2.33000000e+01	1.95899229e+01	-9.22926954e+05	-3.59219271e+04	8.05464537e+01	1.00000000e-09	8.05464537e+00	1.00000000e-10	7.77155134e+06	2.39417533e-07
2.34000000e+01	1.96739999e+01	-9.19440782e+05	-3.57862392e+04	1.00000000e-09	1.00000000e-09	1.00000000e-10	1.00000000e-10	0.00000000e+00	2.20111031e-07
2.35000000e+01	1.97580768e+01	-9.15954610e+05	-3.56505513e+04	1.00000000e-09	1.00000000e-09	1.00000000e-10	1.00000000e-10	0.00000000e+00	2.02361395e-07
2.36000000e+01	1.98421537e+01	-9.12468439e+05	-3.55148634e+04	3.58089314e+01	1.00000000e-09	3.58089314e+00	1.00000000e-10	3.45503664e+06	1.86043080e-07
2.37000000e+01	1.99262306e+01	-9.08982707e+05	-3.53791927e+04	2.24803513e+02	1.00000000e-09	2.24803513e+01	1.00000000e-10	2.16902416e+07	1.71040665e-07
2.38000000e+01	2.00103076e+01	-9.05497011e+05	-3.52435233e+04	1.26950111e+02	1.00000000e-09	1.26950111e+01	1.00000000e-10	1.22488236e+07	1.57248037e-07
2.39000000e+01	2.00943845e+01	-9.02011315e+05	-3.51078539e+04	1.00000000e-09	1.00000000e-09	1.00000000e-10	1.00000000e-10	0.00000000e+00	1.44567640e-07
2.40000000e+01	2.01784614e+01	-8.98525619e+05	-3.49721846e+04	1.00000000e-09	1.00000000e-09	1.00000000e-10	1.00000000e-10	0.00000000e+00	1.32909782e-07
2.41000000e+01	2.02625383e+01	-8.95040473e+05	-3.48365366e+04	1.00000000e-09	1.00000000e-09	1.00000000e-10	1.00000000e-10	0.00000000e+00	1.22192009e-07
2.42000000e+01	2.03466152e+01	-8.91555620e+05	-3.47009000e+04	1.42164258e+02	1.00000000e-09	1.42164258e+01	1.00000000e-10	1.37167657e+07	1.12338510e-07
2.43000000e+01	2.04306922e+01	-8.88070767e+05	-3.45652635e+04	1.83011189e+02	1.00000000e-09	1.83011189e+01	1.00000000e-10	1.76578953e+07	1.03279593e-07
2.44000000e+01	2.05147691e+01	-8.84585914e+05	-3.44296269e+04	1.00000000e-09	1.00000000e-09	1.00000000e-10	1.00000000e-10	0.00000000e+00	9.49511815e-08
2.45000000e+01	2.05988460e+01	-8.81101600e+05	-3.42940114e+04	1.00000000e-09	1.00000000e-09	1.00000000e-10	1.00000000e-10	0.00000000e+00	8.72943689e-08
2.46000000e+01	2.06829229e+01	-8.77617995e+05	-3.41584234e+04	1.00000000e-09	1.00000000e-09	1.00000000e-10	1.00000000e-10	0.00000000e+00	8.02549976e-08
2.47000000e+01	2.07669999e+01	-8.74134389e+05	-3.40228353e+04	6.87985721e+01	1.00000000e-09	6.87985721e+00	1.00000000e-10	6.63805308e+06	7.37832774e-08
2.48000000e+01	2.08510768e+01	-8.70650783e+05	-3.38872473e+04	2.72219090e+02	1.00000000e-09	2.72219090e+01	1.00000000e-10	2.62651494e+07	6.78334333e-08
2.49000000e+01	2.09351537e+01	-8.67167466e+05	-3.37516706e+04	1.08500235e+02	1.00000000e-09	1.08500235e+01	1.00000000e-10	1.04686812e+07	6.23633815e-08
2.50000000e+01	2.10192306e+01	-8.63685273e+05	-3.36161375e+04	1.00000000e-09	1.00000000e-09	1.00000000e-10	1.00000000e-10	0.00000000e+00	5.73344317e-08
2.51000000e+01	2.11033075e+01	-8.60203079e+05	-3.34806044e+04	1.00000000e-09	1.00000000e-09	1.00000000e-10	1.00000000e-10	0.00000000e+00	5.27110137e-08
2.52000000e+01	2.11873845e+01	-8.56720885e+05	-3.33450714e+04	4.91049881e+01	1.00000000e-09	4.91049881e+00	1.00000000e-10	4.73791108e+06	4.84604257e-08
2.53000000e+01	2.12714614e+01	-8.53238691e+05	-3.32095383e+04	3.53895229e+02	1.00000000e-09	3.53895229e+01	1.00000000e-10	3.41456987e+07	4.45526029e-08
2.54000000e+01	2.13555383e+01	-8.49757714e+05	-3.30740526e+04	1.13192978e+02	1.00000000e-09	1.13192978e+01	1.00000000e-10	1.09214621e+07	4.09599048e-08
2.55000000e+01	2.14396152e+01	-8.46276896e+05	-3.29385731e+04	1.00000000e-09	1.00000000e-09	1.00000000e-10	1.00000000e-10	0.00000000e+00	3.76569199e-08
2.56000000e+01	2.15236922e+01	-8.42796077e+05	-3.28030936e+04	1.00000000e-09	1.00000000e-09	1.00000000e-10	1.00000000e-10	0.00000000e+00	3.46202860e-08
2.57000000e+01	2.16077691e+01	-8.39315259e+05	-3.26676140e+04	4.53820373e+01	1.00000000e-09	4.53820373e+00	1.00000000e-10	4.37870094e+06	3.18285246e-08
2.58000000e+01	2.16918460e+01	-8.35835469e+05	-3.25321745e+04	2.72257008e+02	1.00000000e-09	2.72257008e+01	1.00000000e-10	2.62688078e+07	2.92618894e-08
2.59000000e+01	2.17759229e+01	-8.32356354e+05	-3.23967613e+04	1.00722474e+02	1.00000000e-09	1.00722474e+01	1.00000000e-10	9.71824138e+06	2.69022262e-08
2.60000000e+01	2.18599998e+01	-8.28877240e+05	-3.22613481e+04	1.00000000e-09	1.00000000e-09	1.00000000e-10	1.00000000e-10	0.00000000e+00	2.47328451e-08
2.61000000e+01	2.19440768e+01	-8.25398125e+05	-3.21259349e+04	1.00000000e-09	1.00000000e-09	1.00000000e-10	1.00000000e-10	0.00000000e+00	2.27384017e-08
2.62000000e+01	2.20281537e+01	-8.21919623e+05	-3.19905456e+04	1.00000000e-09	1.00000000e-09	1.00000000e-10	1.00000000e-10	0.00000000e+00	2.09047891e-08
2.63000000e+01	2.21122306e+01	-8.18442142e+05	-3.18551959e+04	1.38552864e+02	1.00000000e-09	1.38552864e+01	1.00000000e-10	1.33683191e+07	1.92190381e-08
2.64000000e+01	2.21963075e+01	-8.14964661e+05	-3.17198463e+04	1.36566641e+02	1.00000000e-09	1.36566641e+01	1.00000000e-10	1.31766777e+07	1.76692251e-08
2.65000000e+01	2.22803845e+01	-8.11487180e+05	-3.15844967e+04	1.00000000e-09	1.00000000e-09	1.00000000e-10	1.00000000e-10	0.00000000e+00	1.62443882e-08
2.66000000e+01	2.23644614e+01	-8.08009822e+05	-3.14491518e+04	1.00000000e-09	1.00000000e-09	1.00000000e-10	1.00000000e-10	0.00000000e+00	1.49344494e-08
2.67000000e+01	2.24485383e+01	-8.04533597e+05	-3.13138511e+04	1.00000000e-09	1.00000000e-09	1.00000000e-10	1.00000000e-10	0.00000000e+00	1.37301434e-08
2.68000000e+01	2.25326152e+01	-8.01057371e+05	-3.11785503e+04	3.88600757e+01	1.00000000e-09	3.88600757e+00	1.00000000e-10	3.74942731e+06	1.26229520e-08
2.69000000e+01	2.26166921e+01	-7.97581146e+05	-3.10432496e+04	2.12131361e+02	1.00000000e-09	2.12131361e+01	1.00000000e-10	2.04675648e+07	1.16050438e-08
2.70000000e+01	2.27007691e+01	-7.94104920e+05	-3.09079488e+04	1.17924977e+02	1.00000000e-09	1.17924977e+01	1.00000000e-10	1.13780305e+07	1.06692193e-08
2.71000000e+01	2.27848460e+01	-7.90629763e+05	-3.07726896e+04	1.00000000e-09	1.00000000e-09	1.00000000e-10	1.00000000e-10	0.00000000e+00	9.80885916e-09
2.72000000e+01	2.28689229e+01	-7.87154670e+05	-3.06374330e+04	1.00000000e-09	1.00000000e-09	1.00000000e-10	1.00000000e-10	0.00000000e+00	9.01787799e-09
2.73000000e+01	2.29529998e+01	-7.83679577e+05	-3.05021763e+04	5.07170793e+00	1.00000000e-09	5.07170793e-01	1.00000000e-10	4.89345424e+05	8.29068113e-09
2.74000000e+01	2.30370768e+01	-7.80204484e+05	-3.03669196e+04	2.83622979e+02	1.00000000e-09	2.83622979e+01	1.00000000e-10	2.73654573e+07	7.62212503e-09
2.75000000e+01	2.31211537e+01	-7.76730208e+05	-3.02316947e+04	1.38175638e+02	1.00000000e-09	1.38175638e+01	1.00000000e-10	1.33319223e+07	7.00748093e-09
2.76000000e+01	2.32052306e+01	-7.73256152e+05	-3.00964784e+04	1.00000000e-09	1.00000000e-09	1.00000000e-10	1.00000000e-10	0.00000000e+00	6.44240141e-09
2.77000000e+01	2.32893075e+01	-7.69782096e+05	-2.99612621e+04	1.00000000e-09	1.00000000e-09	1.00000000e-10	1.00000000e-10	0.00000000e+00	5.92288960e-09
2.78000000e+01	2.33733845e+01	-7.66308040e+05	-2.98260457e+04	1.00000000e-09	1.00000000e-09	1.00000000e-10	1.00000000e-10	0.00000000e+00	5.44527095e-09
2.79000000e+01	2.34574614e+01	-7.62834624e+05	-2.96908543e+04	2.24805968e+02	1.00000000e-09	2.24805968e+01	1.00000000e-10	2.16904785e+07	5.00616720e-09
2.80000000e+01	2.35415383e+01	-7.59361537e+05	-2.95556757e+04	1.51370282e+02	1.00000000e-09	1.51370282e+01	1.00000000e-10	1.46050119e+07	4.60247255e-09
2.81000000e+01	2.36256152e+01	-7.55888449e+05	-2.94204971e+04	1.00000000e-09	1.00000000e-09	1.00000000e-10	1.00000000e-10	0.00000000e+00	4.23133162e-09
2.82000000e+01	2.37096921e+01	-7.52415362e+05	-2.92853185e+04	1.00000000e-09	1.00000000e-09	1.00000000e-10	1.00000000e-10	0.00000000e+00	3.89011930e-09
2.83000000e+01	2.37937691e+01	-7.48942818e+05	-2.91501610e+04	1.00000000e-09	1.00000000e-09	1.00000000e-10	1.00000000e-10	0.00000000e+00	3.57642216e-09
2.84000000e+01	2.38778460e+01	-7.45470777e+05	-2.90150231e+04	1.16084057e+02	1.00000000e-09	1.16084057e+01	1.00000000e-10	1.12004088e+07	3.28802138e-09
2.85000000e+01	2.39619229e+01	-7.41998736e+05	-2.88798852e+04	1.91097280e+02	1.00000000e-09	1.91097280e+01	1.00000000e-10	1.84380846e+07	3.02287709e-09
2.86000000e+01	2.40459998e+01	-7.38526695e+05	-2.87447473e+04	2.53250357e+01	1.00000000e-09	2.53250357e+00	1.00000000e-10	2.44349448e+06	2.77911390e-09
2.87000000e+01	2.41300768e+01	-7.35055079e+05	-2.86096260e+04	1.00000000e-09	1.00000000e-09	1.00000000e-10	1.00000000e-10	0.00000000e+00	2.55500764e-09
2.88000000e+01	2.42141537e+01	-7.31584228e+05	-2.84745344e+04	1.00000000e-09	1.00000000e-09	1.00000000e-10	1.00000000e-10	0.00000000e+00	2.34897319e-09
2.89000000e+01	2.42982306e+01	-7.28113378e+05	-2.83394428e+04	2.87127695e+01	1.00000000e-09	2.87127695e+00	1.00000000e-10	2.77036110e+06	2.15955324e-09
2.90000000e+01	2.43823075e+01	-7.24642527e+05	-2.82043513e+04	2.62201375e+02	1.00000000e-09	2.62201375e+01	1.00000000e-10	2.52985867e+07	1.98540802e-09
2.91000000e+01	2.44663844e+01	-7.21171852e+05	-2.80692666e+04	1.51008632e+02	1.00000000e-09	1.51008632e+01	1.00000000e-10	1.45701180e+07	1.82530578e-09
2.92000000e+01	2.45504614e+01	-7.17702194e+05	-2.79342214e+04	1.00000000e-09	1.00000000e-09	1.00000000e-10	1.00000000e-10	0.00000000e+00	1.67811410e-09
2.93000000e+01	2.46345383e+01	-7.14232535e+05	-2.77991762e+04	1.00000000e-09	1.00000000e-09	1.00000000e-10	1.00000000e-10	0.00000000e+00	1.54279187e-09
2.94000000e+01	2.47186152e+01	-7.10762876e+05	-2.76641311e+04	1.00000000e-09	1.00000000e-09	1.00000000e-10	1.00000000e-10	0.00000000e+00	1.41838196e-09
2.95000000e+01	2.48026921e+01	-7.07293218e+05	-2.75290859e+04	3.18984036e+02	1.00000000e-09	3.18984036e+01	1.00000000e-10	3.07772806e+07	1.30400439e-09
2.96000000e+01	2.48867691e+01	-7.03824601e+05	-2.73940813e+04	1.57756387e+02	1.00000000e-09	1.57756387e+01	1.00000000e-10	1.52211774e+07	1.19885018e-09
2.97000000e+01	2.49708460e+01	-7.00356157e+05	-2.72590834e+04	1.00000000e-09	1.00000000e-09	1.00000000e-10	1.00000000e-10	0.00000000e+00	1.10217554e-09
2.98000000e+01	2.50549229e+01	-6.96887712e+05	-2.71240855e+04	1.00000000e-09	1.00000000e-09	1.00000000e-10	1.00000000e-10	0.00000000e+00	1.01329669e-09
2.99000000e+01	2.51389998e+01	-6.93419268e+05	-2.69890876e+04	1.00000000e-09	1.00000000e-09	1.00000000e-10	1.00000000e-10	0.00000000e+00	9.31584987e-10
3.00000000e+01	2.52230767e+01	-6.89951599e+05	-2.68541198e+04	2.40410486e+02	1.00000000e-09	2.40410486e+01	1.00000000e-10	2.31960855e+07	8.56462471e-10
3.01000000e+01	2.53071537e+01	-6.86484482e+05	-2.67191736e+04	1.52400460e+02	1.00000000e-09	1.52400460e+01	1.00000000e-10	1.47044090e+07	7.87397794e-10
3.02000000e+01	2.53912306e+01	-6.83017365e+05	-2.65842274e+04	1.00000000e-09	1.00000000e-09	1.00000000e-10	1.00000000e-10	0.00000000e+00	7.23902457e-10
3.03000000e+01	2.54753075e+01	-6.79550248e+05	-2.64492811e+04	1.00000000e-09	1.00000000e-09	1.00000000e-10	1.00000000e-10	0.00000000e+00	6.65527349e-10
3.04000000e+01	2.55593844e+01	-6.76083474e+05	-2.63143482e+04	1.00000000e-09	1.00000000e-09	1.00000000e-10	1.00000000e-10	0.00000000e+00	6.11859579e-10
3.05000000e+01	2.56434614e+01	-6.72617403e+05	-2.61794427e+04	1.27605857e+02	1.00000000e-09	1.27605857e+01	1.00000000e-10	1.23120935e+07	5.62519549e-10
3.06000000e+01	2.57275383e+01	-6.69151333e+05	-2.60445372e+04	1.77973152e+02	1.00000000e-09	1.77973152e+01	1.00000000e-10	1.71717986e+07	5.17158273e-10
3.07000000e+01	2.58116152e+01	-6.65685262e+05	-2.59096317e+04	4.31845029e+00	1.00000000e-09	4.31845029e-01	1.00000000e-10	4.16667111e+05	4.75454906e-10
3.08000000e+01	2.58956921e+01	-6.62219192e+05	-2.57747262e+04	1.00000000e-09	1.00000000e-09	1.00000000e-10	1.00000000e-10	0.00000000e+00	4.37114476e-10
3.09000000e+01	2.59797690e+01	-6.58753706e+05	-2.56398434e+04	1.00000000e-09	1.00000000e-09	1.00000000e-10	1.00000000e-10	0.00000000e+00	4.01865798e-10
3.10000000e+01	2.60638460e+01	-6.55288315e+05	-2.55049644e+04	3.24470642e+01	1.00000000e-09	3.24470642e+00	1.00000000e-10	3.13066576e+06	3.69459555e-10
3.11000000e+01	2.61479229e+01	-6.51822923e+05	-2.53700853e+04	2.05668617e+02	1.00000000e-09	2.05668617e+01	1.00000000e-10	1.98440048e+07	3.39666533e-10
3.12000000e+01	2.62319998e+01	-6.48357531e+05	-2.52352062e+04	1.20036626e+02	1.00000000e-09	1.20036626e+01	1.00000000e-10	1.15817737e+07	3.12276006e-10
3.13000000e+01	2.63160767e+01	-6.44892437e+05	-2.51003387e+04	1.00000000e-09	1.00000000e-09	1.00000000e-10	1.00000000e-10	0.00000000e+00	2.87094235e-10
3.14000000e+01	2.64001537e+01	-6.41427588e+05	-2.49654807e+04	1.00000000e-09	1.00000000e-09	1.00000000e-10	1.00000000e-10	0.00000000e+00	2.63943109e-10
3.15000000e+01	2.64842306e+01	-6.37962739e+05	-2.48306227e+04	1.00000000e-09	1.00000000e-09	1.00000000e-10	1.00000000e-10	0.00000000e+00	2.42658878e-10
3.16000000e+01	2.65683075e+01	-6.34497890e+05	-2.46957648e+04	2.14669102e+02	1.00000000e-09	2.14669102e+01	1.00000000e-10	2.07124196e+07	2.23090996e-10
3.17000000e+01	2.66523844e+01	-6.31033058e+05	-2.45609074e+04	1.98219002e+02	1.00000000e-09	1.98219002e+01	1.00000000e-10	1.91252262e+07	2.05101057e-10
3.18000000e+01	2.67364614e+01	-6.27568400e+05	-2.44260569e+04	1.00000000e-09	1.00000000e-09	1.00000000e-10	1.00000000e-10	0.00000000e+00	1.88561817e-10
3.19000000e+01	2.68205383e+01	-6.24103802e+05	-2.42912087e+04	1.00000000e-09	1.00000000e-09	1.00000000e-10	1.00000000e-10	0.00000000e+00	1.73356293e-10
3.20000000e+01	2.69046152e+01	-6.20639203e+05	-2.41563605e+04	1.00000000e-09	1.00000000e-09	1.00000000e-10	1.00000000e-10	0.00000000e+00	1.59376934e-10
3.21000000e+01	2.69886921e+01	-6.17174605e+05	-2.40215123e+04	1.79540807e+02	1.00000000e-09	1.79540807e+01	1.00000000e-10	1.73230544e+07	1.46524863e-10
3.22000000e+01	2.70727690e+01	-6.13710007e+05	-2.38866641e+04	2.46875189e+02	1.00000000e-09	2.46875189e+01	1.00000000e-10	2.38198346e+07	1.34709176e-10
3.23000000e+01	2.71568460e+01	-6.10245533e+05	-2.37518207e+04	1.00000000e-09	1.00000000e-09	1.00000000e-10	1.00000000e-10	0.00000000e+00	1.23846300e-10
3.24000000e+01	2.72409229e+01	-6.06781116e+05	-2.36169796e+04	1.00000000e-09	1.00000000e-09	1.00000000e-10	1.00000000e-10	0.00000000e+00	1.13859401e-10
3.25000000e+01	2.73249998e+01	-6.03316700e+05	-2.34821384e+04	1.00000000e-09	1.00000000e-09	1.00000000e-10	1.00000000e-10	0.00000000e+00	1.04677839e-10
3.26000000e+01	2.74090767e+01	-5.99852284e+05	-2.33472973e+04	1.20298891e+02	1.00000000e-09	1.20298891e+01	1.00000000e-10	1.16070784e+07	9.62366743e-11
3.27000000e+01	2.74931537e+01	-5.96387908e+05	-2.32124578e+04	2.69498687e+02	1.00000000e-09	2.69498687e+01	1.00000000e-10	2.60026703e+07	8.84762003e-11
3.28000000e+01	2.75772306e+01	-5.92923702e+05	-2.30776248e+04	6.58081124e+01	1.00000000e-09	6.58081124e+00	1.00000000e-10	6.34951758e+06	8.13415267e-11
3.29000000e+01	2.76613075e+01	-5.89459495e+05	-2.29427919e+04	1.00000000e-09	1.00000000e-09	1.00000000e-10	1.00000000e-10	0.00000000e+00	7.47821894e-11
3.30000000e+01	2.77453844e+01	-5.85995288e+05	-2.28079589e+04	1.00000000e-09	1.00000000e-09	1.00000000e-10	1.00000000e-10	0.00000000e+00	6.87517936e-11
3.31000000e+01	2.78294613e+01	-5.82531081e+05	-2.26731259e+04	5.04914488e+01	1.00000000e-09	5.04914488e+00	1.00000000e-10	4.87168421e+06	6.32076857e-11
3.32000000e+01	2.79135383e+01	-5.79067038e+05	-2.25382993e+04	2.53582012e+02	1.00000000e-09	2.53582012e+01	1.00000000e-10	2.44669446e+07	5.81106517e-11
3.33000000e+01	2.79976152e+01	-5.75603036e+05	-2.24034743e+04	1.34234134e+02	1.00000000e-09	1.34234134e+01	1.00000000e-10	1.29516250e+07	5.34246397e-11
3.34000000e+01	2.80816921e+01	-5.72139034e+05	-2.22686493e+04	1.00000000e-09	1.00000000e-09	1.00000000e-10	1.00000000e-10	0.00000000e+00	4.91165053e-11
3.35000000e+01	2.81657690e+01	-5.68675032e+05	-2.21338243e+04	1.00000000e-09	1.00000000e-09	1.00000000e-10	1.00000000e-10	0.00000000e+00	4.51557765e-11
3.36000000e+01	2.82498460e+01	-5.65211154e+05	-2.19990041e+04	1.00000000e-09	1.00000000e-09	1.00000000e-10	1.00000000e-10	0.00000000e+00	4.15144388e-11
3.37000000e+01	2.83339229e+01	-5.61747291e+05	-2.18641846e+04	2.17254395e+02	1.00000000e-09	2.17254395e+01	1.00000000e-10	2.09618624e+07	3.81667366e-11
3.38000000e+01	2.84179998e+01	-5.58283429e+05	-2.17293650e+04	2.01530760e+02	1.00000000e-09	2.01530760e+01	1.00000000e-10	1.94447623e+07	3.50889914e-11
3.39000000e+01	2.85020767e+01	-5.54819566e+05	-2.15945454e+04	1.00000000e-09	1.00000000e-09	1.00000000e-10	1.00000000e-10	0.00000000e+00	3.22594338e-11
3.40000000e+01	2.85861536e+01	-5.51355853e+05	-2.14597316e+04	1.00000000e-09	1.00000000e-09	1.00000000e-10	1.00000000e-10	0.00000000e+00	2.96580503e-11
3.41000000e+01	2.86702306e+01	-5.47892141e+05	-2.13249179e+04	1.00000000e-09	1.00000000e-09	1.00000000e-10	1.00000000e-10	0.00000000e+00	2.72664410e-11
3.42000000e+01	2.87543075e+01	-5.44428428e+05	-2.11901042e+04	1.69041668e+02	1.00000000e-09	1.69041668e+01	1.00000000e-10	1.63100415e+07	2.50676897e-11
3.43000000e+01	2.88383844e+01	-5.40964715e+05	-2.10552904e+04	2.53486577e+02	1.00000000e-09	2.53486577e+01	1.00000000e-10	2.44577366e+07	2.30462446e-11
3.44000000e+01	2.89224613e+01	-5.37501272e+05	-2.09204872e+04	1.00000000e-09	1.00000000e-09	1.00000000e-10	1.00000000e-10	0.00000000e+00	2.11878078e-11
3.45000000e+01	2.90065383e+01	-5.34037861e+05	-2.07856852e+04	1.00000000e-09	1.00000000e-09	1.00000000e-10	1.00000000e-10	0.00000000e+00	1.94792342e-11
3.46000000e+01	2.90906152e+01	-5.30574451e+05	-2.06508832e+04	1.00000000e-09	1.00000000e-09	1.00000000e-10	1.00000000e-10	0.00000000e+00	1.79084392e-11
3.47000000e+01	2.91746921e+01	-5.27111041e+05	-2.05160813e+04	1.18460146e+02	1.00000000e-09	1.18460146e+01	1.00000000e-10	1.14296665e+07	1.64643122e-11
3.48000000e+01	2.92587690e+01	-5.23648024e+05	-2.03812946e+04	2.44466525e+02	1.00000000e-09	2.44466525e+01	1.00000000e-10	2.35874338e+07	1.51366389e-11
3.49000000e+01	2.93428459e+01	-5.20185274e+05	-2.02465183e+04	4.10628618e+01	1.00000000e-09	4.10628618e+00	1.00000000e-10	3.96196386e+06	1.39160284e-11
3.50000000e+01	2.94269229e+01	-5.16722525e+05	-2.01117421e+04	1.00000000e-09	1.00000000e-09	1.00000000e-10	1.00000000e-10	0.00000000e+00	1.27938473e-11
3.51000000e+01	2.95109998e+01	-5.13259775e+05	-1.99769658e+04	1.00000000e-09	1.00000000e-09	1.00000000e-10	1.00000000e-10	0.00000000e+00	1.17621583e-11
3.52000000e+01	2.95950767e+01	-5.09797411e+05	-1.98422046e+04	3.42280159e+01	1.00000000e-09	3.42280159e+00	1.00000000e-10	3.30250149e+06	1.08136641e-11
3.53000000e+01	2.96791536e+01	-5.06335680e+05	-1.97074680e+04	1.73522578e+02	1.00000000e-09	1.73522578e+01	1.00000000e-10	1.67423835e+07	9.94165601e-12
3.54000000e+01	2.97632306e+01	-5.02873949e+05	-1.95727314e+04	9.45585026e+01	1.00000000e-09	9.45585026e+00	1.00000000e-10	9.12350853e+06	9.13996618e-12
3.55000000e+01	2.98473075e+01	-4.99412219e+05	-1.94379948e+04	1.00000000e-09	1.00000000e-09	1.00000000e-10	1.00000000e-10	0.00000000e+00	8.40292419e-12
3.56000000e+01	2.99313844e+01	-4.95950642e+05	-1.93032642e+04	1.00000000e-09	1.00000000e-09	1.00000000e-10	1.00000000e-10	0.00000000e+00	7.72531687e-12
3.57000000e+01	3.00154613e+01	-4.92489998e+05	-1.91685699e+04	1.00000000e-09	1.00000000e-09	1.00000000e-10	1.00000000e-10	0.00000000e+00	7.10235144e-12
3.58000000e+01	3.00995383e+01	-4.89029354e+05	-1.90338756e+04	1.02692195e+02	1.00000000e-09	1.02692195e+01	1.00000000e-10	9.90829056e+06	6.52962161e-12
3.59000000e+01	3.01836152e+01	-4.85568710e+05	-1.88991813e+04	1.85612795e+02	1.00000000e-09	1.85612795e+01	1.00000000e-10	1.79089121e+07	6.00307641e-12
3.60000000e+01	3.02676921e+01	-4.82108066e+05	-1.87644870e+04	3.51108071e+01	1.00000000e-09	3.51108071e+00	1.00000000e-10	3.38767788e+06	5.51899153e-12
3.61000000e+01	3.03517690e+01	-4.78648423e+05	-1.86298316e+04	1.00000000e-09	1.00000000e-09	1.00000000e-10	1.00000000e-10	0.00000000e+00	5.07394300e-12
3.62000000e+01	3.04358459e+01	-4.75189028e+05	-1.84951859e+04	1.00000000e-09	1.00000000e-09	1.00000000e-10	1.00000000e-10	0.00000000e+00	4.66478295e-12
3.63000000e+01	3.05199229e+01	-4.71729633e+05	-1.83605402e+04	6.71544602e+01	1.00000000e-09	6.71544602e+00	1.00000000e-10	6.47942040e+06	4.28861734e-12
3.64000000e+01	3.06039998e+01	-4.68270238e+05	-1.82258945e+04	2.84582125e+02	1.00000000e-09	2.84582125e+01	1.00000000e-10	2.74580008e+07	3.94278553e-12
3.65000000e+01	3.06880767e+01	-4.64811663e+05	-1.80912808e+04	7.70832011e+01	1.00000000e-09	7.70832011e+00	1.00000000e-10	7.43739826e+06	3.62484141e-12
3.66000000e+01	3.07721536e+01	-4.61353791e+05	-1.79566944e+04	1.00000000e-09	1.00000000e-09	1.00000000e-10	1.00000000e-10	0.00000000e+00	3.33253613e-12
3.67000000e+01	3.08562306e+01	-4.57895919e+05	-1.78221080e+04	1.00000000e-09	1.00000000e-09	1.00000000e-10	1.00000000e-10	0.00000000e+00	3.06380220e-12
3.68000000e+01	3.09403075e+01	-4.54438047e+05	-1.76875215e+04	7.02998349e+01	1.00000000e-09	7.02998349e+00	1.00000000e-10	6.78290292e+06	2.81673882e-12
3.69000000e+01	3.10243844e+01	-4.50980616e+05	-1.75529523e+04	3.04829145e+02	1.00000000e-09	3.04829145e+01	1.00000000e-10	2.94115413e+07	2.58959851e-12
3.70000000e+01	3.11084613e+01	-4.47524193e+05	-1.74184223e+04	7.38385277e+01	1.00000000e-09	7.38385277e+00	1.00000000e-10	7.12433486e+06	2.38077467e-12
3.71000000e+01	3.11925382e+01	-4.44067769e+05	-1.72838923e+04	1.00000000e-09	1.00000000e-09	1.00000000e-10	1.00000000e-10	0.00000000e+00	2.18879027e-12
3.72000000e+01	3.12766152e+01	-4.40611346e+05	-1.71493622e+04	1.00000000e-09	1.00000000e-09	1.00000000e-10	1.00000000e-10	0.00000000e+00	2.01228739e-12
3.73000000e+01	3.13606921e+01	-4.37154923e+05	-1.70148322e+04	5.69538559e+01	1.00000000e-09	5.69538559e+00	1.00000000e-10	5.49521170e+06	1.85001761e-12
3.74000000e+01	3.14447690e+01	-4.33699609e+05	-1.68803454e+04	2.11206914e+02	1.00000000e-09	2.11206914e+01	1.00000000e-10	2.03783693e+07	1.70083318e-12
3.75000000e+01	3.15288459e+01	-4.30244295e+05	-1.67458585e+04	1.00092669e+02	1.00000000e-09	1.00092669e+01	1.00000000e-10	9.65747438e+06	1.56367890e-12
3.76000000e+01	3.16129229e+01	-4.26788981e+05	-1.66113717e+04	1.00000000e-09	1.00000000e-09	1.00000000e-10	1.00000000e-10	0.00000000e+00	1.43758467e-12
3.77000000e+01	3.16969998e+01	-4.23333667e+05	-1.64768848e+04	1.00000000e-09	1.00000000e-09	1.00000000e-10	1.00000000e-10	0.00000000e+00	1.32165861e-12
3.78000000e+01	3.17810767e+01	-4.19879356e+05	-1.63424370e+04	1.00000000e-09	1.00000000e-09	1.00000000e-10	1.00000000e-10	0.00000000e+00	1.21508076e-12
3.79000000e+01	3.18651536e+01	-4.16425223e+05	-1.62079961e+04	1.16276111e+02	1.00000000e-09	1.16276111e+01	1.00000000e-10	1.12189392e+07	1.11709730e-12
3.80000000e+01	3.19492305e+01	-4.12971090e+05	-1.60735552e+04	1.81904031e+02	1.00000000e-09	1.81904031e+01	1.00000000e-10	1.75510709e+07	1.02701517e-12
3.81000000e+01	3.20333075e+01	-4.09516956e+05	-1.59391143e+04	1.90279844e+01	1.00000000e-09	1.90279844e+00	1.00000000e-10	1.83592140e+06	9.44197214e-13
3.82000000e+01	3.21173844e+01	-4.06063586e+05	-1.58047031e+04	1.00000000e-09	1.00000000e-09	1.00000000e-10	1.00000000e-10	0.00000000e+00	8.68057654e-13
3.83000000e+01	3.22014613e+01	-4.02610587e+05	-1.56703064e+04	1.00000000e-09	1.00000000e-09	1.00000000e-10	1.00000000e-10	0.00000000e+00	7.98057949e-13
3.84000000e+01	3.22855382e+01	-3.99157587e+05	-1.55359096e+04	6.60018542e+01	1.00000000e-09	6.60018542e+00	1.00000000e-10	6.36821082e+06	7.33702982e-13
3.85000000e+01	3.23696152e+01	-3.95704588e+05	-1.54015129e+04	2.69895136e+02	1.00000000e-09	2.69895136e+01	1.00000000e-10	2.60409218e+07	6.74537565e-13
3.86000000e+01	3.24536921e+01	-3.92252157e+05	-1.52671382e+04	8.82676680e+01	1.00000000e-09	8.82676680e+00	1.00000000e-10	8.51653526e+06	6.20143216e-13
3.87000000e+01	3.25377690e+01	-3.88800251e+05	-1.51327840e+04	1.00000000e-09	1.00000000e-09	1.00000000e-10	1.00000000e-10	0.00000000e+00	5.70135198e-13
3.88000000e+01	3.26218459e+01	-3.85348344e+05	-1.49984298e+04	1.00000000e-09	1.00000000e-09	1.00000000e-10	1.00000000e-10	0.00000000e+00	5.24159800e-13
3.89000000e+01	3.27059228e+01	-3.81896438e+05	-1.48640756e+04	4.45758415e+01	1.00000000e-09	4.45758415e+00	1.00000000e-10	4.30091487e+06	4.81891834e-13
3.90000000e+01	3.27899998e+01	-3.78444953e+05	-1.47297378e+04	2.71006776e+02	1.00000000e-09	2.71006776e+01	1.00000000e-10	2.61481788e+07	4.43032333e-13
3.91000000e+01	3.28740767e+01	-3.74994190e+05	-1.45954281e+04	9.78884779e+01	1.00000000e-09	9.78884779e+00	1.00000000e-10	9.44480230e+06	4.07306443e-13
3.92000000e+01	3.29581536e+01	-3.71543428e+05	-1.44611184e+04	1.00000000e-09	1.00000000e-09	1.00000000e-10	1.00000000e-10	0.00000000e+00	3.74461468e-13
3.93000000e+01	3.30422305e+01	-3.68092666e+05	-1.43268087e+04	1.00000000e-09	1.00000000e-09	1.00000000e-10	1.00000000e-10	0.00000000e+00	3.44265096e-13
3.94000000e+01	3.31263075e+01	-3.64642143e+05	-1.41925083e+04	1.00000000e-09	1.00000000e-09	1.00000000e-10	1.00000000e-10	0.00000000e+00	3.16503742e-13
3.95000000e+01	3.32103844e+01	-3.61192594e+05	-1.40582459e+04	1.62429857e+02	1.00000000e-09	1.62429857e+01	1.00000000e-10	1.56720987e+07	2.90981049e-13
3.96000000e+01	3.32944613e+01	-3.57743046e+05	-1.39239834e+04	1.25165122e+02	1.00000000e-09	1.25165122e+01	1.00000000e-10	1.20765983e+07	2.67516493e-13
3.97000000e+01	3.33785382e+01	-3.54293497e+05	-1.37897210e+04	1.00000000e-09	1.00000000e-09	1.00000000e-10	1.00000000e-10	0.00000000e+00	2.45944106e-13
3.98000000e+01	3.34626152e+01	-3.50843948e+05	-1.36554585e+04	1.00000000e-09	1.00000000e-09	1.00000000e-10	1.00000000e-10	0.00000000e+00	2.26111304e-13
3.99000000e+01	3.35466921e+01	-3.47395546e+05	-1.35212407e+04	1.00000000e-09	1.00000000e-09	1.00000000e-10	1.00000000e-10	0.00000000e+00	2.07877809e-13
4.00000000e+01	3.36307690e+01	-3.43947144e+05	-1.33870229e+04	6.00904781e+01	1.00000000e-09	6.00904781e+00	1.00000000e-10	5.79784973e+06	1.91114654e-13
4.01000000e+01	3.37148459e+01	-3.40498742e+05	-1.32528051e+04	2.01295263e+02	1.00000000e-09	2.01295263e+01	1.00000000e-10	1.94220403e+07	1.75703270e-13
4.02000000e+01	3.37989228e+01	-3.37050341e+05	-1.31185872e+04	8.98860806e+01	1.00000000e-09	8.98860806e+00	1.00000000e-10	8.67268834e+06	1.61534652e-13
4.03000000e+01	3.38829998e+01	-3.33602999e+05	-1.29844107e+04	1.00000000e-09	1.00000000e-09	1.00000000e-10	1.00000000e-10	0.00000000e+00	1.48508584e-13
4.04000000e+01	3.39670767e+01	-3.30156024e+05	-1.28502484e+04	1.00000000e-09	1.00000000e-09	1.00000000e-10	1.00000000e-10	0.00000000e+00	1.36532931e-13
4.05000000e+01	3.40511536e+01	-3.26709049e+05	-1.27160861e+04	8.90273097e+00	1.00000000e-09	8.90273097e-01	1.00000000e-10	8.58982955e+05	1.25522989e-13
4.06000000e+01	3.41352305e+01	-3.23262075e+05	-1.25819239e+04	2.91669220e+02	1.00000000e-09	2.91669220e+01	1.00000000e-10	2.81418016e+07	1.15400882e-13
4.07000000e+01	3.42193075e+01	-3.19815870e+05	-1.24477916e+04	1.45352858e+02	1.00000000e-09	1.45352858e+01	1.00000000e-10	1.40244188e+07	1.06095016e-13
4.08000000e+01	3.43033844e+01	-3.16370413e+05	-1.23136884e+04	1.00000000e-09	1.00000000e-09	1.00000000e-10	1.00000000e-10	0.00000000e+00	9.75395708e-14
4.09000000e+01	3.43874613e+01	-3.12924957e+05	-1.21795852e+04	1.00000000e-09	1.00000000e-09	1.00000000e-10	1.00000000e-10	0.00000000e+00	8.96740319e-14
4.10000000e+01	3.44715382e+01	-3.09479500e+05	-1.20454820e+04	2.92953555e-01	1.00000000e-09	2.92953555e-02	1.00000000e-10	2.82657209e+04	8.24427658e-14
4.11000000e+01	3.45556151e+01	-3.06034375e+05	-1.19113918e+04	3.00952105e+02	1.00000000e-09	3.00952105e+01	1.00000000e-10	2.90374638e+07	7.57946252e-14
4.12000000e+01	3.46396921e+01	-3.02590186e+05	-1.17773379e+04	1.47322217e+02	1.00000000e-09	1.47322217e+01	1.00000000e-10	1.42144330e+07	6.96825871e-14
4.13000000e+01	3.47237690e+01	-2.99145997e+05	-1.16432841e+04	1.00000000e-09	1.00000000e-09	1.00000000e-10	1.00000000e-10	0.00000000e+00	6.40634205e-14
4.14000000e+01	3.48078459e+01	-2.95701808e+05	-1.15092302e+04	1.00000000e-09	1.00000000e-09	1.00000000e-10	1.00000000e-10	0.00000000e+00	5.88973804e-14
4.15000000e+01	3.48919228e+01	-2.92257619e+05	-1.13751764e+04	1.00000000e-09	1.00000000e-09	1.00000000e-10	1.00000000e-10	0.00000000e+00	5.41479271e-14
4.16000000e+01	3.49759998e+01	-2.88814312e+05	-1.12411569e+04	1.98600332e+02	1.00000000e-09	1.98600332e+01	1.00000000e-10	1.91620190e+07	4.97814672e-14
4.17000000e+01	3.50600767e+01	-2.85371048e+05	-1.11071390e+04	1.69908313e+02	1.00000000e-09	1.69908313e+01	1.00000000e-10	1.63936600e+07	4.57671163e-14
4.18000000e+01	3.51441536e+01	-2.81927784e+05	-1.09731212e+04	1.00000000e-09	1.00000000e-09	1.00000000e-10	1.00000000e-10	0.00000000e+00	4.20764804e-14
4.19000000e+01	3.52282305e+01	-2.78484519e+05	-1.08391033e+04	1.00000000e-09	1.00000000e-09	1.00000000e-10	1.00000000e-10	0.00000000e+00	3.86834555e-14
4.20000000e+01	3.53123074e+01	-2.75041911e+05	-1.07051110e+04	1.00000000e-09	1.00000000e-09	1.00000000e-10	1.00000000e-10	0.00000000e+00	3.55640423e-14
4.21000000e+01	3.53963844e+01	-2.71599583e+05	-1.05711296e+04	8.94260608e+01	1.00000000e-09	8.94260608e+00	1.00000000e-10	8.62830318e+06	3.26961769e-14
4.22000000e+01	3.54804613e+01	-2.68157254e+05	-1.04371481e+04	2.15677073e+02	1.00000000e-09	2.15677073e+01	1.00000000e-10	2.08096741e+07	3.00595747e-14
4.23000000e+01	3.55645382e+01	-2.64714925e+05	-1.03031667e+04	7.15492742e+01	1.00000000e-09	7.15492742e+00	1.00000000e-10	6.90345549e+06	2.76355866e-14
4.24000000e+01	3.56486151e+01	-2.61272906e+05	-1.01691973e+04	1.00000000e-09	1.00000000e-09	1.00000000e-10	1.00000000e-10	0.00000000e+00	2.54070677e-14
4.25000000e+01	3.57326921e+01	-2.57831172e+05	-1.00352390e+04	1.00000000e-09	1.00000000e-09	1.00000000e-10	1.00000000e-10	0.00000000e+00	2.33582553e-14
4.26000000e+01	3.58167690e+01	-2.54389438e+05	-9.90128072e+03	1.22191126e+01	1.00000000e-09	1.22191126e+00	1.00000000e-10	1.17896514e+06	2.14746581e-14
4.27000000e+01	3.59008459e+01	-2.50947704e+05	-9.76732243e+03	2.44268902e+02	1.00000000e-09	2.44268902e+01	1.00000000e-10	2.35683661e+07	1.97429531e-14
4.28000000e+01	3.59849228e+01	-2.47506061e+05	-9.63336765e+03	1.62713056e+02	1.00000000e-09	1.62713056e+01	1.00000000e-10	1.56994232e+07	1.81508919e-14
4.29000000e+01	3.60689997e+01	-2.44064577e+05	-9.49941909e+03	1.00000000e-09	1.00000000e-09	1.00000000e-10	1.00000000e-10	0.00000000e+00	1.66872137e-14
4.30000000e+01	3.61530767e+01	-2.40623093e+05	-9.36547053e+03	1.00000000e-09	1.00000000e-09	1.00000000e-10	1.00000000e-10	0.00000000e+00	1.53415657e-14
4.31000000e+01	3.62371536e+01	-2.37181609e+05	-9.23152197e+03	1.00000000e-09	1.00000000e-09	1.00000000e-10	1.00000000e-10	0.00000000e+00	1.41044300e-14
4.32000000e+01	3.63212305e+01	-2.33740171e+05	-9.09757522e+03	2.14605271e+02	1.00000000e-09	2.14605271e+01	1.00000000e-10	2.07062608e+07	1.29670563e-14
4.33000000e+01	3.64053074e+01	-2.30298776e+05	-8.96363010e+03	2.18071225e+02	1.00000000e-09	2.18071225e+01	1.00000000e-10	2.10406745e+07	1.19213998e-14
4.34000000e+01	3.64893844e+01	-2.26857380e+05	-8.82968498e+03	1.00000000e-09	1.00000000e-09	1.00000000e-10	1.00000000e-10	0.00000000e+00	1.09600645e-14
4.35000000e+01	3.65734613e+01	-2.23415985e+05	-8.69573987e+03	1.00000000e-09	1.00000000e-09	1.00000000e-10	1.00000000e-10	0.00000000e+00	1.00762507e-14
4.36000000e+01	3.66575382e+01	-2.19974695e+05	-8.56179888e+03	1.00000000e-09	1.00000000e-09	1.00000000e-10	1.00000000e-10	0.00000000e+00	9.26370726e-15
4.37000000e+01	3.67416151e+01	-2.16533423e+05	-8.42785855e+03	1.44422272e+02	1.00000000e-09	1.44422272e+01	1.00000000e-10	1.39346309e+07	8.51668685e-15
4.38000000e+01	3.68256921e+01	-2.13092150e+05	-8.29391821e+03	2.56442953e+02	1.00000000e-09	2.56442953e+01	1.00000000e-10	2.47429835e+07	7.82990577e-15
4.39000000e+01	3.69097690e+01	-2.09650877e+05	-8.15997787e+03	4.70383134e+01	1.00000000e-09	4.70383134e+00	1.00000000e-10	4.53850729e+06	7.19850635e-15
4.40000000e+01	3.69938459e+01	-2.06209756e+05	-8.02604342e+03	1.00000000e-09	1.00000000e-09	1.00000000e-10	1.00000000e-10	0.00000000e+00	6.61802264e-15
4.41000000e+01	3.70779228e+01	-2.02768704e+05	-7.89211168e+03	1.00000000e-09	1.00000000e-09	1.00000000e-10	1.00000000e-10	0.00000000e+00	6.08434883e-15
4.42000000e+01	3.71619997e+01	-1.99327652e+05	-7.75817993e+03	6.40670600e+01	1.00000000e-09	6.40670600e+00	1.00000000e-10	6.18153157e+06	5.59371018e-15
4.43000000e+01	3.72460767e+01	-1.95886600e+05	-7.62424818e+03	2.75124923e+02	1.00000000e-09	2.75124923e+01	1.00000000e-10	2.65455195e+07	5.14263638e-15
4.44000000e+01	3.73301536e+01	-1.92445656e+05	-7.49032065e+03	1.32449950e+02	1.00000000e-09	1.32449950e+01	1.00000000e-10	1.27794775e+07	4.72793693e-15
4.45000000e+01	3.74142305e+01	-1.89004809e+05	-7.35639687e+03	1.00000000e-09	1.00000000e-09	1.00000000e-10	1.00000000e-10	0.00000000e+00	4.34667862e-15
4.46000000e+01	3.74983074e+01	-1.85563961e+05	-7.22247309e+03	1.00000000e-09	1.00000000e-09	1.00000000e-10	1.00000000e-10	0.00000000e+00	3.99616478e-15
4.47000000e+01	3.75823844e+01	-1.82123114e+05	-7.08854931e+03	1.00000000e-09	1.00000000e-09	1.00000000e-10	1.00000000e-10	0.00000000e+00	3.67391618e-15
4.48000000e+01	3.76664613e+01	-1.78682282e+05	-6.95462613e+03	2.55706954e+02	1.00000000e-09	2.55706954e+01	1.00000000e-10	2.46719704e+07	3.37765354e-15
4.49000000e+01	3.77505382e+01	-1.75241458e+05	-6.82070327e+03	2.07662624e+02	1.00000000e-09	2.07662624e+01	1.00000000e-10	2.00363972e+07	3.10528136e-15
4.50000000e+01	3.78346151e+01	-1.71800635e+05	-6.68678041e+03	1.00000000e-09	1.00000000e-09	1.00000000e-10	1.00000000e-10	0.00000000e+00	2.85487313e-15
4.51000000e+01	3.79186920e+01	-1.68359811e+05	-6.55285755e+03	1.00000000e-09	1.00000000e-09	1.00000000e-10	1.00000000e-10	0.00000000e+00	2.62465769e-15
4.52000000e+01	3.80027690e+01	-1.64918993e+05	-6.41893491e+03	1.00000000e-09	1.00000000e-09	1.00000000e-10	1.00000000e-10	0.00000000e+00	2.41300669e-15
4.53000000e+01	3.80868459e+01	-1.61478175e+05	-6.28501227e+03	1.99935031e+02	1.00000000e-09	1.99935031e+01	1.00000000e-10	1.92907978e+07	2.21842312e-15
4.54000000e+01	3.81709228e+01	-1.58037357e+05	-6.15108963e+03	2.60285848e+02	1.00000000e-09	2.60285848e+01	1.00000000e-10	2.51137665e+07	2.03953067e-15
4.55000000e+01	3.82549997e+01	-1.54596669e+05	-6.01717206e+03	1.00000000e-09	1.00000000e-09	1.00000000e-10	1.00000000e-10	0.00000000e+00	1.87506400e-15
4.56000000e+01	3.83390767e+01	-1.51156116e+05	-5.88325973e+03	1.00000000e-09	1.00000000e-09	1.00000000e-10	1.00000000e-10	0.00000000e+00	1.72385984e-15
4.57000000e+01	3.84231536e+01	-1.47715563e+05	-5.74934741e+03	1.00000000e-09	1.00000000e-09	1.00000000e-10	1.00000000e-10	0.00000000e+00	1.58484870e-15
4.58000000e+01	3.85072305e+01	-1.44275010e+05	-5.61543509e+03	1.37596405e+02	1.00000000e-09	1.37596405e+01	1.00000000e-10	1.32760349e+07	1.45704735e-15
4.59000000e+01	3.85913074e+01	-1.40834643e+05	-5.48152997e+03	2.82979942e+02	1.00000000e-09	2.82979942e+01	1.00000000e-10	2.73034136e+07	1.33955183e-15
4.60000000e+01	3.86753843e+01	-1.37394652e+05	-5.34763954e+03	4.27181524e+01	1.00000000e-09	4.27181524e+00	1.00000000e-10	4.12167512e+06	1.23153109e-15
4.61000000e+01	3.87594613e+01	-1.33954661e+05	-5.21374910e+03	1.00000000e-09	1.00000000e-09	1.00000000e-10	1.00000000e-10	0.00000000e+00	1.13222108e-15
4.62000000e+01	3.88435382e+01	-1.30514671e+05	-5.07985867e+03	1.00000000e-09	1.00000000e-09	1.00000000e-10	1.00000000e-10	0.00000000e+00	1.04091937e-15
4.63000000e+01	3.89276151e+01	-1.27074726e+05	-4.94597000e+03	7.53789237e+01	1.00000000e-09	7.53789237e+00	1.00000000e-10	7.27296049e+06	9.56980191e-16
4.64000000e+01	3.90116920e+01	-1.23635422e+05	-4.81210630e+03	2.33835015e+02	1.00000000e-09	2.33835015e+01	1.00000000e-10	2.25616491e+07	8.79809819e-16
4.65000000e+01	3.90957690e+01	-1.20196118e+05	-4.67824259e+03	9.93024924e+01	1.00000000e-09	9.93024924e+00	1.00000000e-10	9.58123396e+06	8.08862425e-16
4.66000000e+01	3.91798459e+01	-1.16756814e+05	-4.54437889e+03	1.00000000e-09	1.00000000e-09	1.00000000e-10	1.00000000e-10	0.00000000e+00	7.43636191e-16
4.67000000e+01	3.92639228e+01	-1.13317510e+05	-4.41051518e+03	1.00000000e-09	1.00000000e-09	1.00000000e-10	1.00000000e-10	0.00000000e+00	6.83669765e-16
4.68000000e+01	3.93479997e+01	-1.09878971e+05	-4.27668124e+03	1.00000000e-09	1.00000000e-09	1.00000000e-10	1.00000000e-10	0.00000000e+00	6.28539001e-16
4.69000000e+01	3.94320766e+01	-1.06440761e+05	-4.14286008e+03	1.41835557e+02	1.00000000e-09	1.41835557e+01	1.00000000e-10	1.36850508e+07	5.77853951e-16
4.70000000e+01	3.95161536e+01	-1.03002550e+05	-4.00903893e+03	1.72537391e+02	1.00000000e-09	1.72537391e+01	1.00000000e-10	1.66473275e+07	5.31256117e-16
4.71000000e+01	3.96002305e+01	-9.95643392e+04	-3.87521777e+03	1.00000000e-09	1.00000000e-09	1.00000000e-10	1.00000000e-10	0.00000000e+00	4.88415907e-16
4.72000000e+01	3.96843074e+01	-9.61267656e+04	-3.74142141e+03	1.00000000e-09	1.00000000e-09	1.00000000e-10	1.00000000e-10	0.00000000e+00	4.49030309e-16
4.73000000e+01	3.97683843e+01	-9.26899755e+04	-3.60765554e+03	1.00000000e-09	1.00000000e-09	1.00000000e-10	1.00000000e-10	0.00000000e+00	4.12820745e-16
4.74000000e+01	3.98524613e+01	-8.92531854e+04	-3.47388968e+03	6.49472497e+01	1.00000000e-09	6.49472497e+00	1.00000000e-10	6.26645696e+06	3.79531100e-16
4.75000000e+01	3.99365382e+01	-8.58163952e+04	-3.34012381e+03	2.75561296e+02	1.00000000e-09	2.75561296e+01	1.00000000e-10	2.65876231e+07	3.48925915e-16
4.76000000e+01	4.00206151e+01	-8.23798743e+04	-3.20636842e+03	1.18909427e+02	1.00000000e-09	1.18909427e+01	1.00000000e-10	1.14730156e+07	3.20788716e-16
4.77000000e+01	4.01046920e+01	-7.89444509e+04	-3.07265575e+03	1.00000000e-09	1.00000000e-09	1.00000000e-10	1.00000000e-10	0.00000000e+00	2.94920485e-16
4.78000000e+01	4.01887690e+01	-7.55090275e+04	-2.93894307e+03	1.00000000e-09	1.00000000e-09	1.00000000e-10	1.00000000e-10	0.00000000e+00	2.71138254e-16
4.79000000e+01	4.02728459e+01	-7.20736041e+04	-2.80523040e+03	3.31917237e+01	1.00000000e-09	3.31917237e+00	1.00000000e-10	3.20251449e+06	2.49273810e-16
4.80000000e+01	4.03569228e+01	-6.86381807e+04	-2.67151773e+03	3.50978873e+02	1.00000000e-09	3.50978873e+01	1.00000000e-10	3.38643132e+07	2.29172503e-16
4.81000000e+01	4.04409997e+01	-6.52039175e+04	-2.53785022e+03	1.33791724e+02	1.00000000e-09	1.33791724e+01	1.00000000e-10	1.29089389e+07	2.10692155e-16
4.82000000e+01	4.05250766e+01	-6.17697581e+04	-2.40418674e+03	1.00000000e-09	1.00000000e-09	1.00000000e-10	1.00000000e-10	0.00000000e+00	1.93702052e-16
4.83000000e+01	4.06091536e+01	-5.83355987e+04	-2.27052327e+03	1.00000000e-09	1.00000000e-09	1.00000000e-10	1.00000000e-10	0.00000000e+00	1.78082022e-16
4.84000000e+01	4.06932305e+01	-5.49014394e+04	-2.13685980e+03	1.41322926e+01	1.00000000e-09	1.41322926e+00	1.00000000e-10	1.36355895e+06	1.63721583e-16
4.85000000e+01	4.07773074e+01	-5.14681828e+04	-2.00323146e+03	2.64160748e+02	1.00000000e-09	2.64160748e+01	1.00000000e-10	2.54876375e+07	1.50519162e-16
4.86000000e+01	4.08613843e+01	-4.80353391e+04	-1.86961920e+03	1.49542809e+02	1.00000000e-09	1.49542809e+01	1.00000000e-10	1.44286876e+07	1.38381377e-16
4.87000000e+01	4.09454613e+01	-4.46024954e+04	-1.73600693e+03	1.00000000e-09	1.00000000e-09	1.00000000e-10	1.00000000e-10	0.00000000e+00	1.27222377e-16
4.88000000e+01	4.10295382e+01	-4.11696518e+04	-1.60239467e+03	1.00000000e-09	1.00000000e-09	1.00000000e-10	1.00000000e-10	0.00000000e+00	1.16963232e-16
4.89000000e+01	4.11136151e+01	-3.77374074e+04	-1.46880573e+03	1.00000000e-09	1.00000000e-09	1.00000000e-10	1.00000000e-10	0.00000000e+00	1.07531379e-16
4.90000000e+01	4.11976920e+01	-3.43057274e+04	-1.33523876e+03	1.46338877e+02	1.00000000e-09	1.46338877e+01	1.00000000e-10	1.41195552e+07	9.88601065e-17
4.91000000e+01	4.12817689e+01	-3.08740475e+04	-1.20167179e+03	2.03936030e+02	1.00000000e-09	2.03936030e+01	1.00000000e-10	1.96768356e+07	9.08880802e-17
4.92000000e+01	4.13658459e+01	-2.74423675e+04	-1.06810482e+03	6.34559903e+00	1.00000000e-09	6.34559903e-01	1.00000000e-10	6.12257230e+05	8.35589140e-17
4.93000000e+01	4.14499228e+01	-2.40110656e+04	-9.34552562e+02	1.00000000e-09	1.00000000e-09	1.00000000e-10	1.00000000e-10	0.00000000e+00	7.68207678e-17
4.94000000e+01	4.15339997e+01	-2.05804235e+04	-8.01025985e+02	1.00000000e-09	1.00000000e-09	1.00000000e-10	1.00000000e-10	0.00000000e+00	7.06259821e-17
4.95000000e+01	4.16180766e+01	-1.71497813e+04	-6.67499407e+02	5.56693363e+01	1.00000000e-09	5.56693363e+00	1.00000000e-10	5.37127440e+06	6.49307406e-17
4.96000000e+01	4.17021536e+01	-1.37191392e+04	-5.33972830e+02	2.74982688e+02	1.00000000e-09	2.74982688e+01	1.00000000e-10	2.65317960e+07	5.96947603e-17
4.97000000e+01	4.17862305e+01	-1.02887410e+04	-4.00455749e+02	1.30155084e+02	1.00000000e-09	1.30155084e+01	1.00000000e-10	1.25580565e+07	5.48810067e-17
4.98000000e+01	4.18703074e+01	-6.85916068e+03	-2.66970499e+02	1.00000000e-09	1.00000000e-09	1.00000000e-10	1.00000000e-10	0.00000000e+00	5.04554316e-17
4.99000000e+01	4.19543843e+01	-3.42958034e+03	-1.33485250e+02	1.00000000e-09	1.00000000e-09	1.00000000e-10	1.00000000e-10	0.00000000e+00	4.63867326e-17
5.00000000e+01	4.20384612e+01	0.00000000e+00	0.00000000e+00	1.00000000e+01	1.00000000e+01	1.00000000e+00	1.00000000e+00	0.00000000e+00	4.26461312e-17
