# 1D PNP Solver Results
# Debye length: 1.18939 nm
# Surface potential: 100 mV
# Bulk concentration: 10 mol/m^3
# Thermal voltage: 25.6926 mV
# Grid: non-uniform with stretching factor 1
#
# Columns:
# 1: x [nm]
# 2: x/lambda_D [-]
# 3: phi [mV]
# 4: phi_normalized = e*phi/(kB*T) [-]
# 5: c+ [mol/m^3]
# 6: c- [mol/m^3]
# 7: c+/c0 [-]
# 8: c-/c0 [-]
# 9: rho [C/m^3]
# 10: phi_GC [mV] (Gouy-Chapman analytical)
0.00000000e+00	0.00000000e+00	1.00000000e+02	3.89217445e+00	3.72795711e-02	4.99286272e+05	3.72795711e-03	4.99286272e+04	-4.81737981e+10	1.00000000e+02
1.00000000e-01	8.40769225e-02	-6.41195925e+05	-2.49564640e+04	1.00000000e-09	1.00000000e-09	1.00000000e-10	1.00000000e-10	0.00000000e+00	8.70576373e+01
2.00000000e-01	1.68153845e-01	-1.28247941e+06	-4.99163361e+04	1.00000000e-09	1.00000000e-09	1.00000000e-10	1.00000000e-10	0.00000000e+00	7.68715638e+01
3.00000000e-01	2.52230767e-01	-1.92376290e+06	-7.48762082e+04	1.00000000e-09	1.00000000e-09	1.00000000e-10	1.00000000e-10	0.00000000e+00	6.85207345e+01
4.00000000e-01	3.36307690e-01	-2.56504639e+06	-9.98360803e+04	4.74074842e-03	4.99305628e+05	4.74074842e-04	4.99305628e+04	-4.81756689e+10	6.14862309e+01
5.00000000e-01	4.20384612e-01	-3.19834312e+06	-1.24485094e+05	4.66874816e-05	1.00000000e-09	4.66874816e-06	1.00000000e-10	4.50456069e+00	5.54461690e+01
6.00000000e-01	5.04461535e-01	-3.83156667e+06	-1.49131259e+05	1.00000000e-09	1.00000000e-09	1.00000000e-10	1.00000000e-10	0.00000000e+00	5.01866549e+01
7.00000000e-01	5.88538457e-01	-4.46479021e+06	-1.73777424e+05	1.00000000e-09	1.00000000e-09	1.00000000e-10	1.00000000e-10	0.00000000e+00	4.55579535e+01
8.00000000e-01	6.72615380e-01	-5.09801376e+06	-1.98423589e+05	4.77440652e-03	4.99396400e+05	4.77440652e-04	4.99396400e+04	-4.81844270e+10	4.14508515e+01
9.00000000e-01	7.56692302e-01	-5.72324812e+06	-2.22758801e+05	9.76105679e-05	1.00000000e-09	9.76105679e-06	1.00000000e-10	9.41789158e+00	3.77829914e+01
1.00000000e+00	8.40769225e-01	-6.34834685e+06	-2.47088734e+05	1.00000000e-09	1.00000000e-09	1.00000000e-10	1.00000000e-10	0.00000000e+00	3.44905241e+01
1.10000000e+00	9.24846147e-01	-6.97344559e+06	-2.71418668e+05	1.00000000e-09	1.00000000e-09	1.00000000e-10	1.00000000e-10	0.00000000e+00	3.15227780e+01
1.20000000e+00	1.00892307e+00	-7.59854433e+06	-2.95748601e+05	4.81716370e-03	4.99562486e+05	4.81716370e-04	4.99562486e+04	-4.82004519e+10	2.88387272e+01
1.30000000e+00	1.09299999e+00	-8.21565032e+06	-3.19767443e+05	1.52285923e-04	1.00000000e-09	1.52285923e-05	1.00000000e-10	1.46932614e+01	2.64045776e+01
1.40000000e+00	1.17707691e+00	-8.83255648e+06	-3.43778507e+05	1.00000000e-09	1.00000000e-09	1.00000000e-10	1.00000000e-10	0.00000000e+00	2.41920729e+01
1.50000000e+00	1.26115384e+00	-9.44946264e+06	-3.67789571e+05	1.00000000e-09	1.00000000e-09	1.00000000e-10	1.00000000e-10	0.00000000e+00	2.21772778e+01
1.60000000e+00	1.34523076e+00	-1.00663688e+07	-3.91800635e+05	4.86957603e-03	4.99808072e+05	4.86957603e-04	4.99808072e+04	-4.82241474e+10	2.03396868e+01
1.70000000e+00	1.42930768e+00	-1.06752775e+07	-4.15500425e+05	2.11357152e-04	4.05143377e+02	2.11357152e-05	4.05143377e+01	-3.90903729e+07	1.86615585e+01
1.80000000e+00	1.51338460e+00	-1.12839204e+07	-4.39189867e+05	1.00000000e-09	1.00000000e-09	1.00000000e-10	1.00000000e-10	0.00000000e+00	1.71274116e+01
1.90000000e+00	1.59746153e+00	-1.18925633e+07	-4.62879310e+05	1.00000000e-09	1.00000000e-09	1.00000000e-10	1.00000000e-10	0.00000000e+00	1.57236358e+01
2.00000000e+00	1.68153845e+00	-1.25012062e+07	-4.86568752e+05	4.93232776e-03	5.00137656e+05	4.93232776e-04	5.00137656e+04	-4.82559474e+10	1.44381886e+01
2.10000000e+00	1.76561537e+00	-1.31018459e+07	-5.09946697e+05	2.75573744e-04	9.19432031e+02	2.75573744e-05	9.19432031e+01	-8.87116783e+07	1.32603556e+01
2.20000000e+00	1.84969229e+00	-1.37021517e+07	-5.33311648e+05	1.00000000e-09	1.00000000e-09	1.00000000e-10	1.00000000e-10	0.00000000e+00	1.21805577e+01
2.30000000e+00	1.93376922e+00	-1.43024576e+07	-5.56676599e+05	1.00000000e-09	1.00000000e-09	1.00000000e-10	1.00000000e-10	0.00000000e+00	1.11901960e+01
2.40000000e+00	2.01784614e+00	-1.49027634e+07	-5.80041551e+05	5.00625316e-03	5.00556079e+05	5.00625316e-04	5.00556079e+04	-4.82963191e+10	1.02815237e+01
2.50000000e+00	2.10192306e+00	-1.54950593e+07	-6.03094738e+05	3.45816022e-04	1.44830476e+03	3.45816022e-05	1.44830476e+02	-1.39740132e+08	9.44754093e+00
2.60000000e+00	2.18599998e+00	-1.60869513e+07	-6.26132210e+05	1.00000000e-09	1.00000000e-09	1.00000000e-10	1.00000000e-10	0.00000000e+00	8.68190590e+00
2.70000000e+00	2.27007691e+00	-1.66788434e+07	-6.49169681e+05	1.00000000e-09	1.00000000e-09	1.00000000e-10	1.00000000e-10	0.00000000e+00	7.97886054e+00
2.80000000e+00	2.35415383e+00	-1.72707355e+07	-6.72207153e+05	5.09236465e-03	5.01068559e+05	5.09236465e-04	5.01068559e+04	-4.83457658e+10	7.33316685e+00
2.90000000e+00	2.43823075e+00	-1.78546096e+07	-6.94932554e+05	4.23126928e-04	1.99278613e+03	4.23126928e-05	1.99278613e+02	-1.92274591e+08	6.74005227e+00
3.00000000e+00	2.52230767e+00	-1.84380080e+07	-7.17639435e+05	1.00000000e-09	1.00000000e-09	1.00000000e-10	1.00000000e-10	0.00000000e+00	6.19516235e+00
3.10000000e+00	2.60638460e+00	-1.90214063e+07	-7.40346317e+05	1.00000000e-09	1.00000000e-09	1.00000000e-10	1.00000000e-10	0.00000000e+00	5.69451955e+00
3.20000000e+00	2.69046152e+00	-1.96048047e+07	-7.63053198e+05	5.19188927e-03	5.01680725e+05	5.19188927e-04	5.01680725e+04	-4.84048309e+10	5.23448697e+00
3.30000000e+00	2.77453844e+00	-2.01801762e+07	-7.85447662e+05	5.08753010e-04	2.55403199e+03	5.08753010e-05	2.55403199e+02	-2.46426576e+08	4.81173646e+00
3.40000000e+00	2.85861536e+00	-2.07549977e+07	-8.07820717e+05	1.00000000e-09	1.00000000e-09	1.00000000e-10	1.00000000e-10	0.00000000e+00	4.42322017e+00
3.50000000e+00	2.94269229e+00	-2.13298192e+07	-8.30193772e+05	1.00000000e-09	1.00000000e-09	1.00000000e-10	1.00000000e-10	0.00000000e+00	4.06614534e+00
3.60000000e+00	3.02676921e+00	-2.19046407e+07	-8.52566828e+05	5.30631610e-03	5.02398662e+05	5.30631610e-04	5.02398662e+04	-4.84741012e+10	3.73795159e+00
3.70000000e+00	3.11084613e+00	-2.24714255e+07	-8.74627080e+05	6.04197932e-04	3.13334436e+03	6.04197932e-05	3.13334436e+02	-3.02321713e+08	3.43629058e+00
3.80000000e+00	3.19492305e+00	-2.30375837e+07	-8.96662946e+05	1.00000000e-09	1.00000000e-09	1.00000000e-10	1.00000000e-10	0.00000000e+00	3.15900770e+00
3.90000000e+00	3.27899998e+00	-2.36037419e+07	-9.18698812e+05	1.00000000e-09	1.00000000e-09	1.00000000e-10	1.00000000e-10	0.00000000e+00	2.90412542e+00
4.00000000e+00	3.36307690e+00	-2.41699002e+07	-9.40734678e+05	5.43745869e-03	5.03228952e+05	5.43745869e-04	5.03228952e+04	-4.85542120e+10	2.66982829e+00
4.10000000e+00	3.44715382e+00	-2.47280108e+07	-9.62457317e+05	7.11293281e-04	3.73218873e+03	7.11293281e-05	3.73218873e+02	-3.60101400e+08	2.45444929e+00
4.20000000e+00	3.53123074e+00	-2.52854160e+07	-9.84152500e+05	1.00000000e-09	1.00000000e-09	1.00000000e-10	1.00000000e-10	0.00000000e+00	2.25645740e+00
4.30000000e+00	3.61530767e+00	-2.58428212e+07	-1.00584768e+06	1.00000000e-09	1.00000000e-09	1.00000000e-10	1.00000000e-10	0.00000000e+00	2.07444628e+00
4.40000000e+00	3.69938459e+00	-2.64002264e+07	-1.02754287e+06	5.58753808e-03	5.04178731e+05	5.58753808e-04	5.04178731e+04	-4.86458517e+10	1.90712395e+00
4.50000000e+00	3.78346151e+00	-2.69495720e+07	-1.04892436e+06	8.32293633e-04	4.35221391e+03	8.32293633e-05	4.35221391e+02	-4.19924724e+08	1.75330334e+00
4.60000000e+00	3.86753843e+00	-2.74981310e+07	-1.07027523e+06	1.00000000e-09	1.00000000e-09	1.00000000e-10	1.00000000e-10	0.00000000e+00	1.61189369e+00
4.70000000e+00	3.95161536e+00	-2.80466899e+07	-1.09162610e+06	1.00000000e-09	1.00000000e-09	1.00000000e-10	1.00000000e-10	0.00000000e+00	1.48189263e+00
4.80000000e+00	4.03569228e+00	-2.85952489e+07	-1.11297697e+06	5.75929468e-03	5.05255742e+05	5.75929468e-04	5.05255742e+04	-4.87497675e+10	1.36237899e+00
4.90000000e+00	4.11976920e+00	-2.91357354e+07	-1.13401365e+06	9.70006284e-04	4.99527505e+03	9.70006284e-05	4.99527505e+02	-4.81970679e+08	1.25250612e+00
5.00000000e+00	4.20384612e+00	-2.96753513e+07	-1.15501644e+06	1.00000000e-09	1.00000000e-09	1.00000000e-10	1.00000000e-10	0.00000000e+00	1.15149587e+00
5.10000000e+00	4.28792305e+00	-3.02149672e+07	-1.17601923e+06	1.00000000e-09	1.00000000e-09	1.00000000e-10	1.00000000e-10	0.00000000e+00	1.05863300e+00
5.20000000e+00	4.37199997e+00	-3.07545831e+07	-1.19702203e+06	5.95614161e-03	5.06468403e+05	5.95614161e-04	5.06468403e+04	-4.88667715e+10	9.73260072e-01
5.30000000e+00	4.45607689e+00	-3.12861128e+07	-1.21771009e+06	1.12797149e-03	5.66346028e+03	1.12797149e-04	5.66346028e+02	-5.46440737e+08	8.94772759e-01
5.40000000e+00	4.54015381e+00	-3.18166853e+07	-1.23836089e+06	1.00000000e-09	1.00000000e-09	1.00000000e-10	1.00000000e-10	0.00000000e+00	8.22615544e-01
5.50000000e+00	4.62423074e+00	-3.23472577e+07	-1.25901170e+06	1.00000000e-09	1.00000000e-09	1.00000000e-10	1.00000000e-10	0.00000000e+00	7.56277766e-01
5.60000000e+00	4.70830766e+00	-3.28778302e+07	-1.27966251e+06	6.18237847e-03	5.07825881e+05	6.18237847e-04	5.07825881e+04	-4.89977482e+10	6.95289988e-01
5.70000000e+00	4.79238458e+00	-3.34003017e+07	-1.29999801e+06	1.31071799e-03	6.35912161e+03	1.31071799e-04	6.35912161e+02	-6.13561834e+08	6.39220665e-01
5.80000000e+00	4.87646150e+00	-3.39217265e+07	-1.32029277e+06	1.00000000e-09	1.00000000e-09	1.00000000e-10	1.00000000e-10	0.00000000e+00	5.87673079e-01
5.90000000e+00	4.96053843e+00	-3.44431514e+07	-1.34058754e+06	1.00000000e-09	1.00000000e-09	1.00000000e-10	1.00000000e-10	0.00000000e+00	5.40282524e-01
6.00000000e+00	5.04461535e+00	-3.49645762e+07	-1.36088230e+06	6.44349580e-03	5.09338170e+05	6.44349580e-04	5.09338170e+04	-4.91436618e+10	4.96713722e-01
6.10000000e+00	5.12869227e+00	-3.54778845e+07	-1.38086115e+06	1.52413361e-03	7.08491101e+03	1.52413361e-04	7.08491101e+02	-6.83589845e+08	4.56658442e-01
6.20000000e+00	5.21276919e+00	-3.59900537e+07	-1.40079567e+06	1.00000000e-09	1.00000000e-09	1.00000000e-10	1.00000000e-10	0.00000000e+00	4.19833321e-01
6.30000000e+00	5.29684612e+00	-3.65022229e+07	-1.42073019e+06	1.00000000e-09	1.00000000e-09	1.00000000e-10	1.00000000e-10	0.00000000e+00	3.85977854e-01
6.40000000e+00	5.38092304e+00	-3.70143921e+07	-1.44066471e+06	6.74661895e-03	5.11016189e+05	6.74661895e-04	5.11016189e+04	-4.93055660e+10	3.54852548e-01
6.50000000e+00	5.46499996e+00	-3.75184282e+07	-1.46028268e+06	1.77601724e-03	7.84382245e+03	1.77601724e-04	7.84382245e+02	-7.56813643e+08	3.26237227e-01
6.60000000e+00	5.54907688e+00	-3.80212299e+07	-1.47985260e+06	1.00000000e-09	1.00000000e-09	1.00000000e-10	1.00000000e-10	0.00000000e+00	2.99929475e-01
6.70000000e+00	5.63315381e+00	-3.85240316e+07	-1.49942251e+06	1.00000000e-09	1.00000000e-09	1.00000000e-10	1.00000000e-10	0.00000000e+00	2.75743201e-01
6.80000000e+00	5.71723073e+00	-3.90268332e+07	-1.51899243e+06	7.10117340e-03	5.12871884e+05	7.10117340e-04	5.12871884e+04	-4.94846134e+10	2.53507323e-01
6.90000000e+00	5.80130765e+00	-3.95214844e+07	-1.53824512e+06	2.07692583e-03	8.63924125e+03	2.07692583e-04	8.63924125e+02	-8.33559861e+08	2.33064554e-01
7.00000000e+00	5.88538457e+00	-4.00148025e+07	-1.55744592e+06	1.00000000e-09	1.00000000e-09	1.00000000e-10	1.00000000e-10	0.00000000e+00	2.14270296e-01
7.10000000e+00	5.96946150e+00	-4.05081207e+07	-1.57664672e+06	1.00000000e-09	1.00000000e-09	1.00000000e-10	1.00000000e-10	0.00000000e+00	1.96991610e-01
7.20000000e+00	6.05353842e+00	-4.10014388e+07	-1.59584752e+06	7.51991410e-03	5.14918348e+05	7.51991410e-04	5.14918348e+04	-4.96820671e+10	1.81106277e-01
7.30000000e+00	6.13761534e+00	-4.14865882e+07	-1.61473039e+06	2.44152166e-03	9.47500203e+03	2.44152166e-04	9.47500203e+02	-9.14198482e+08	1.66501937e-01
7.40000000e+00	6.22169226e+00	-4.19703026e+07	-1.63355740e+06	1.00000000e-09	1.00000000e-09	1.00000000e-10	1.00000000e-10	0.00000000e+00	1.53075289e-01
7.50000000e+00	6.30576919e+00	-4.24540171e+07	-1.65238441e+06	1.00000000e-09	1.00000000e-09	1.00000000e-10	1.00000000e-10	0.00000000e+00	1.40731363e-01
7.60000000e+00	6.38984611e+00	-4.29377315e+07	-1.67121141e+06	8.02057884e-03	5.17169952e+05	8.02057884e-04	5.17169952e+04	-4.98993138e+10	1.29382849e-01
7.70000000e+00	6.47392303e+00	-4.34132582e+07	-1.68971974e+06	2.89080652e-03	1.03554573e+04	2.89080652e-04	1.03554573e+03	-9.99149454e+08	1.18949475e-01
7.80000000e+00	6.55799995e+00	-4.38872446e+07	-1.70816812e+06	1.00000000e-09	1.00000000e-09	1.00000000e-10	1.00000000e-10	0.00000000e+00	1.09357445e-01
7.90000000e+00	6.64207688e+00	-4.43612310e+07	-1.72661650e+06	1.00000000e-09	1.00000000e-09	1.00000000e-10	1.00000000e-10	0.00000000e+00	1.00538914e-01
8.00000000e+00	6.72615380e+00	-4.48352174e+07	-1.74506487e+06	8.62866498e-03	5.19642496e+05	8.62866498e-04	5.19642496e+04	-5.01378780e+10	9.24315047e-02
8.10000000e+00	6.81023072e+00	-4.53009962e+07	-1.76319380e+06	3.45602004e-03	1.12855584e+04	3.45602004e-04	1.12855584e+03	-1.08889052e+09	8.49778740e-02
8.20000000e+00	6.89430764e+00	-4.57651259e+07	-1.78125854e+06	1.00000000e-09	1.00000000e-09	1.00000000e-10	1.00000000e-10	0.00000000e+00	7.81253008e-02
8.30000000e+00	6.97838457e+00	-4.62292556e+07	-1.79932327e+06	1.00000000e-09	1.00000000e-09	1.00000000e-10	1.00000000e-10	0.00000000e+00	7.18253161e-02
8.40000000e+00	7.06246149e+00	-4.66933852e+07	-1.81738801e+06	9.38235123e-03	5.22353374e+05	9.38235123e-04	5.22353374e+04	-5.03994378e+10	6.60333593e-02
8.50000000e+00	7.14653841e+00	-4.71492869e+07	-1.83513250e+06	4.18587782e-03	1.22709529e+04	4.18587782e-04	1.22709529e+03	-1.18396656e+09	6.07084632e-02
8.60000000e+00	7.23061533e+00	-4.76034268e+07	-1.85280841e+06	1.00000000e-09	1.00000000e-09	1.00000000e-10	1.00000000e-10	0.00000000e+00	5.58129641e-02
8.70000000e+00	7.31469226e+00	-4.80575666e+07	-1.87048433e+06	1.00000000e-09	1.00000000e-09	1.00000000e-10	1.00000000e-10	0.00000000e+00	5.13122357e-02
8.80000000e+00	7.39876918e+00	-4.85117065e+07	-1.88816025e+06	1.03418239e-02	5.25321756e+05	1.03418239e-03	5.25321756e+04	-5.06858431e+10	4.71744438e-02
8.90000000e+00	7.48284610e+00	-4.89575973e+07	-1.90551509e+06	5.16110996e-03	1.33181000e+04	5.16110996e-04	1.33181000e+03	-1.28500081e+09	4.33703214e-02
9.00000000e+00	7.56692302e+00	-4.94016099e+07	-1.92279684e+06	1.00000000e-09	1.00000000e-09	1.00000000e-10	1.00000000e-10	0.00000000e+00	3.98729614e-02
9.10000000e+00	7.65099995e+00	-4.98456226e+07	-1.94007859e+06	1.00000000e-09	1.00000000e-09	1.00000000e-10	1.00000000e-10	0.00000000e+00	3.66576268e-02
9.20000000e+00	7.73507687e+00	-5.02896352e+07	-1.95736033e+06	1.16085156e-02	5.28568787e+05	1.16085156e-03	5.28568787e+04	-5.09991339e+10	3.37015752e-02
9.30000000e+00	7.81915379e+00	-5.07253772e+07	-1.97432017e+06	6.52681819e-03	1.44344115e+04	6.52681819e-04	1.44344115e+03	-1.39270836e+09	3.09838980e-02
9.40000000e+00	7.90323071e+00	-5.11591208e+07	-1.99120223e+06	1.00000000e-09	1.00000000e-09	1.00000000e-10	1.00000000e-10	0.00000000e+00	2.84853728e-02
9.50000000e+00	7.98730764e+00	-5.15928644e+07	-2.00808429e+06	1.00000000e-09	1.00000000e-09	1.00000000e-10	1.00000000e-10	0.00000000e+00	2.61883275e-02
9.60000000e+00	8.07138456e+00	-5.20266080e+07	-2.02496634e+06	1.33694899e-02	5.32117787e+05	1.33694899e-03	5.32117787e+04	-5.13415601e+10	2.40765146e-02
9.70000000e+00	8.15546148e+00	-5.24520589e+07	-2.04152563e+06	8.57537102e-03	1.56284223e+04	8.57537102e-04	1.56284223e+03	-1.50791269e+09	2.21349973e-02
9.80000000e+00	8.23953840e+00	-5.28753874e+07	-2.05800232e+06	1.00000000e-09	1.00000000e-09	1.00000000e-10	1.00000000e-10	0.00000000e+00	2.03500429e-02
9.90000000e+00	8.32361533e+00	-5.32987160e+07	-2.07447901e+06	1.00000000e-09	1.00000000e-09	1.00000000e-10	1.00000000e-10	0.00000000e+00	1.87090262e-02
1.00000000e+01	8.40769225e+00	-5.37220446e+07	-2.09095569e+06	1.60168837e-02	5.35994433e+05	1.60168837e-03	5.35994433e+04	-5.17155994e+10	1.72003403e-02
1.01000000e+01	8.49176917e+00	-5.41370581e+07	-2.10710874e+06	1.20077985e-02	1.69100039e+04	1.20077985e-03	1.69100039e+03	-1.63156618e+09	1.58133140e-02
1.02000000e+01	8.57584609e+00	-5.45498216e+07	-2.12317422e+06	1.00000000e-09	1.00000000e-09	1.00000000e-10	1.00000000e-10	0.00000000e+00	1.45381368e-02
1.03000000e+01	8.65992302e+00	-5.49625852e+07	-2.13923970e+06	1.00000000e-09	1.00000000e-09	1.00000000e-10	1.00000000e-10	0.00000000e+00	1.33657892e-02
1.04000000e+01	8.74399994e+00	-5.53753487e+07	-2.15530517e+06	2.05474142e-02	5.40226881e+05	2.05474142e-03	5.40226881e+04	-5.21239680e+10	1.22879791e-02
1.05000000e+01	8.82807686e+00	-5.57797748e+07	-2.17104614e+06	1.91012424e-02	1.82906360e+04	1.91012424e-03	1.82906360e+03	-1.76477625e+09	1.12970830e-02
1.06000000e+01	8.91215378e+00	-5.61818200e+07	-2.18669444e+06	1.00000000e-09	1.00000000e-09	1.00000000e-10	1.00000000e-10	0.00000000e+00	1.03860923e-02
1.07000000e+01	8.99623071e+00	-5.65838652e+07	-2.20234274e+06	1.00000000e-09	1.00000000e-09	1.00000000e-10	1.00000000e-10	0.00000000e+00	9.54856333e-03
1.08000000e+01	9.08030763e+00	-5.69859104e+07	-2.21799105e+06	2.99118512e-02	5.44845633e+05	2.99118512e-03	5.44845633e+04	-5.25696090e+10	8.77857228e-03
1.09000000e+01	9.16438455e+00	-5.73795963e+07	-2.23331398e+06	4.51327010e-02	1.97837870e+04	4.51327010e-03	1.97837870e+03	-1.90884090e+09	8.07067289e-03
1.10000000e+01	9.24846147e+00	-5.77707679e+07	-2.24853907e+06	1.00000000e-09	1.00000000e-09	1.00000000e-10	1.00000000e-10	0.00000000e+00	7.41985814e-03
1.11000000e+01	9.33253840e+00	-5.81619395e+07	-2.26376415e+06	1.00000000e-09	1.00000000e-09	1.00000000e-10	1.00000000e-10	0.00000000e+00	6.82152474e-03
1.12000000e+01	9.41661532e+00	-5.85531111e+07	-2.27898923e+06	1.00000000e-09	5.49882562e+05	1.00000000e-10	5.49882562e+04	-5.30556017e+10	6.27144062e-03
1.13000000e+01	9.50069224e+00	-5.89359021e+07	-2.29388812e+06	1.59129180e-03	2.14051985e+04	1.59129180e-04	2.14051985e+03	-2.06528753e+09	5.76571500e-03
1.14000000e+01	9.58476916e+00	-5.93160459e+07	-2.30868398e+06	1.38387551e-04	1.00000000e-09	1.38387551e-05	1.00000000e-10	1.33522724e+01	5.30077082e-03
1.15000000e+01	9.66884609e+00	-5.96961897e+07	-2.32347984e+06	1.00000000e-09	1.00000000e-09	1.00000000e-10	1.00000000e-10	0.00000000e+00	4.87331949e-03
1.16000000e+01	9.75292301e+00	-6.00763335e+07	-2.33827570e+06	1.00000000e-09	5.55367285e+05	1.00000000e-10	5.55367285e+04	-5.35847969e+10	4.48033760e-03
1.17000000e+01	9.83699993e+00	-6.04480739e+07	-2.35274449e+06	1.41932364e-03	2.31712412e+04	1.41932364e-04	2.31712412e+03	-2.23568476e+09	4.11904557e-03
1.18000000e+01	9.92107685e+00	-6.08170264e+07	-2.36710476e+06	9.41075593e-04	1.00000000e-09	9.41075593e-05	1.00000000e-10	9.07998946e+01	3.78688794e-03
1.19000000e+01	1.00051538e+01	-6.11859789e+07	-2.38146504e+06	2.50997250e-04	1.00000000e-09	2.50997250e-05	1.00000000e-10	2.42174566e+01	3.48151531e-03
1.20000000e+01	1.00892307e+01	-6.15549314e+07	-2.39582531e+06	2.82485285e-05	5.61351636e+05	2.82485285e-06	5.61351636e+04	-5.41621990e+10	3.20076778e-03
1.21000000e+01	1.01733076e+01	-6.19154563e+07	-2.40985757e+06	3.56177049e-06	2.51013388e+04	3.56177049e-07	2.51013388e+03	-2.42191101e+09	2.94265957e-03
1.22000000e+01	1.02573845e+01	-6.22730433e+07	-2.42377548e+06	1.00000000e-09	1.00000000e-09	1.00000000e-10	1.00000000e-10	0.00000000e+00	2.70536508e-03
1.23000000e+01	1.03414615e+01	-6.26306303e+07	-2.43769339e+06	1.00000000e-09	1.00000000e-09	1.00000000e-10	1.00000000e-10	0.00000000e+00	2.48720588e-03
1.24000000e+01	1.04255384e+01	-6.29882173e+07	-2.45161130e+06	2.29156345e-07	5.67897915e+05	2.29156345e-08	5.67897915e+04	-5.47938189e+10	2.28663893e-03
1.25000000e+01	1.05096153e+01	-6.33373511e+07	-2.46520019e+06	3.58301761e-07	2.72186143e+04	3.58301761e-08	2.72186143e+03	-2.62619704e+09	2.10224558e-03
1.26000000e+01	1.05936922e+01	-6.36833885e+07	-2.47866857e+06	1.00000000e-09	1.00000000e-09	1.00000000e-10	1.00000000e-10	0.00000000e+00	1.93272162e-03
1.27000000e+01	1.06777692e+01	-6.40294259e+07	-2.49213695e+06	1.00000000e-09	1.00000000e-09	1.00000000e-10	1.00000000e-10	0.00000000e+00	1.77686798e-03
1.28000000e+01	1.07618461e+01	-6.43754633e+07	-2.50560533e+06	7.58336960e-08	5.75075232e+05	7.58336960e-09	5.75075232e+04	-5.54863248e+10	1.63358230e-03
1.29000000e+01	1.08459230e+01	-6.47130204e+07	-2.51874364e+06	2.61079132e-07	2.95504938e+04	2.61079132e-08	2.95504938e+03	-2.85118921e+09	1.50185109e-03
1.30000000e+01	1.09299999e+01	-6.50473131e+07	-2.53175490e+06	1.00000000e-09	1.00000000e-09	1.00000000e-10	1.00000000e-10	0.00000000e+00	1.38074262e-03
1.31000000e+01	1.10140768e+01	-6.53816059e+07	-2.54476616e+06	1.00000000e-09	1.00000000e-09	1.00000000e-10	1.00000000e-10	0.00000000e+00	1.26940027e-03
1.32000000e+01	1.10981538e+01	-6.57158987e+07	-2.55777742e+06	1.00000000e-09	5.82964890e+05	1.00000000e-10	5.82964890e+04	-5.62475610e+10	1.16703651e-03
1.33000000e+01	1.11822307e+01	-6.60416825e+07	-2.57045749e+06	1.00000000e-09	3.21297234e+04	1.00000000e-10	3.21297234e+03	-3.10004703e+09	1.07292731e-03
1.34000000e+01	1.12663076e+01	-6.63640236e+07	-2.58300357e+06	1.00000000e-09	1.00000000e-09	1.00000000e-10	1.00000000e-10	0.00000000e+00	9.86407027e-04
1.35000000e+01	1.13503845e+01	-6.66863647e+07	-2.59554965e+06	3.17178834e-08	1.00000000e-09	3.17178834e-09	1.00000000e-10	2.96382518e-03	9.06863691e-04
1.36000000e+01	1.14344615e+01	-6.70087058e+07	-2.60809573e+06	1.00000000e-09	5.91663224e+05	1.00000000e-10	5.91663224e+04	-5.70868227e+10	8.33734687e-04
1.37000000e+01	1.15185384e+01	-6.73225075e+07	-2.62030943e+06	1.00000000e-09	3.49957190e+04	1.00000000e-10	3.49957190e+03	-3.37657357e+09	7.66502767e-04
1.38000000e+01	1.16026153e+01	-6.76326765e+07	-2.63238175e+06	1.00000000e-09	1.00000000e-09	1.00000000e-10	1.00000000e-10	0.00000000e+00	7.04692393e-04
1.39000000e+01	1.16866922e+01	-6.79428455e+07	-2.64445407e+06	1.30625896e-08	1.00000000e-09	1.30625896e-09	1.00000000e-10	1.16386296e-03	6.47866374e-04
1.40000000e+01	1.17707691e+01	-6.82530145e+07	-2.65652639e+06	2.89869746e-09	6.01285312e+05	2.89869746e-10	6.01285312e+04	-5.80152130e+10	5.95622776e-04
1.41000000e+01	1.18548461e+01	-6.85546116e+07	-2.66826508e+06	1.00000000e-09	3.81963516e+04	1.00000000e-10	3.81963516e+03	-3.68538767e+09	5.47592073e-04
1.42000000e+01	1.19389230e+01	-6.88523733e+07	-2.67985448e+06	1.00000000e-09	1.00000000e-09	1.00000000e-10	1.00000000e-10	0.00000000e+00	5.03434541e-04
1.43000000e+01	1.20229999e+01	-6.91501349e+07	-2.69144388e+06	2.93631361e-09	1.00000000e-09	2.93631361e-10	1.00000000e-10	1.86825862e-04	4.62837848e-04
1.44000000e+01	1.21070768e+01	-6.94478966e+07	-2.70303329e+06	1.18291772e-08	6.11969839e+05	1.18291772e-09	6.11969839e+04	-5.90461131e+10	4.25514851e-04
1.45000000e+01	1.21911538e+01	-6.97370515e+07	-2.71428770e+06	4.13286161e-09	4.17903398e+04	4.13286161e-10	4.17903398e+03	-4.03215481e+09	3.91201561e-04
1.46000000e+01	1.22752307e+01	-7.00221541e+07	-2.72538439e+06	1.00000000e-09	1.00000000e-09	1.00000000e-10	1.00000000e-10	0.00000000e+00	3.59655276e-04
1.47000000e+01	1.23593076e+01	-7.03072567e+07	-2.73648108e+06	1.00000000e-09	1.00000000e-09	1.00000000e-10	1.00000000e-10	0.00000000e+00	3.30652866e-04
1.48000000e+01	1.24433845e+01	-7.05923592e+07	-2.74757777e+06	1.00000000e-09	6.23885596e+05	1.00000000e-10	6.23885596e+04	-6.01958089e+10	3.03989196e-04
1.49000000e+01	1.25274615e+01	-7.08688175e+07	-2.75833801e+06	1.00000000e-09	4.58505059e+04	1.00000000e-10	4.58505059e+03	-4.42390129e+09	2.79475669e-04
1.50000000e+01	1.26115384e+01	-7.11409905e+07	-2.76893146e+06	1.00000000e-09	1.00000000e-09	1.00000000e-10	1.00000000e-10	0.00000000e+00	2.56938901e-04
1.51000000e+01	1.26956153e+01	-7.14131636e+07	-2.77952491e+06	1.00000000e-09	1.00000000e-09	1.00000000e-10	1.00000000e-10	0.00000000e+00	2.36219485e-04
1.52000000e+01	1.27796922e+01	-7.16853366e+07	-2.79011836e+06	1.00000000e-09	6.37240270e+05	1.00000000e-10	6.37240270e+04	-6.14843391e+10	2.17170872e-04
1.53000000e+01	1.28637691e+01	-7.19488248e+07	-2.80037378e+06	1.00000000e-09	5.04682870e+04	1.00000000e-10	5.04682870e+03	-4.86944943e+09	1.99658328e-04
1.54000000e+01	1.29478461e+01	-7.22077771e+07	-2.81045265e+06	1.00000000e-09	1.00000000e-09	1.00000000e-10	1.00000000e-10	0.00000000e+00	1.83557987e-04
1.55000000e+01	1.30319230e+01	-7.24667293e+07	-2.82053152e+06	1.00000000e-09	1.00000000e-09	1.00000000e-10	1.00000000e-10	0.00000000e+00	1.68755969e-04
1.56000000e+01	1.31159999e+01	-7.27256816e+07	-2.83061040e+06	1.00000000e-09	6.52292558e+05	1.00000000e-10	6.52292558e+04	-6.29366641e+10	1.55147578e-04
1.57000000e+01	1.32000768e+01	-7.29759049e+07	-2.84034952e+06	1.00000000e-09	5.57601021e+04	1.00000000e-10	5.57601021e+03	-5.38003197e+09	1.42636560e-04
1.58000000e+01	1.32841538e+01	-7.32213214e+07	-2.84990156e+06	1.00000000e-09	1.00000000e-09	1.00000000e-10	1.00000000e-10	0.00000000e+00	1.31134424e-04
1.59000000e+01	1.33682307e+01	-7.34667379e+07	-2.85945360e+06	1.00000000e-09	1.00000000e-09	1.00000000e-10	1.00000000e-10	0.00000000e+00	1.20559814e-04
1.60000000e+01	1.34523076e+01	-7.37121544e+07	-2.86900564e+06	1.00000000e-09	6.69369174e+05	1.00000000e-10	6.69369174e+04	-6.45843071e+10	1.10837935e-04
1.61000000e+01	1.35363845e+01	-7.39487938e+07	-2.87821606e+06	1.00000000e-09	6.18765393e+04	1.00000000e-10	6.18765393e+03	-5.97017844e+09	1.01900023e-04
1.62000000e+01	1.36204614e+01	-7.41803327e+07	-2.88722796e+06	1.00000000e-09	1.00000000e-09	1.00000000e-10	1.00000000e-10	0.00000000e+00	9.36828597e-05
1.63000000e+01	1.37045384e+01	-7.44118716e+07	-2.89623985e+06	1.00000000e-09	1.00000000e-09	1.00000000e-10	1.00000000e-10	0.00000000e+00	8.61283240e-05
1.64000000e+01	1.37886153e+01	-7.46434105e+07	-2.90525175e+06	1.00000000e-09	6.88889276e+05	1.00000000e-10	6.88889276e+04	-6.64677106e+10	7.91829819e-05
1.65000000e+01	1.38726922e+01	-7.48661196e+07	-2.91391998e+06	1.00000000e-09	6.90159411e+04	1.00000000e-10	6.90159411e+03	-6.65902600e+09	7.27977085e-05
1.66000000e+01	1.39567691e+01	-7.50834082e+07	-2.92237723e+06	1.00000000e-09	1.00000000e-09	1.00000000e-10	1.00000000e-10	0.00000000e+00	6.69273402e-05
1.67000000e+01	1.40408461e+01	-7.53006968e+07	-2.93083448e+06	1.00000000e-09	1.00000000e-09	1.00000000e-10	1.00000000e-10	0.00000000e+00	6.15303552e-05
1.68000000e+01	1.41249230e+01	-7.55179855e+07	-2.93929173e+06	1.00000000e-09	7.11400406e+05	1.00000000e-10	7.11400406e+04	-6.86397044e+10	5.65685802e-05
1.69000000e+01	1.42089999e+01	-7.57263861e+07	-2.94740305e+06	1.00000000e-09	7.74450715e+04	1.00000000e-10	7.74450715e+03	-7.47231344e+09	5.20069201e-05
1.70000000e+01	1.42930768e+01	-7.59290164e+07	-2.95528978e+06	1.00000000e-09	1.00000000e-09	1.00000000e-10	1.00000000e-10	0.00000000e+00	4.78131098e-05
1.71000000e+01	1.43771537e+01	-7.61316468e+07	-2.96317650e+06	1.00000000e-09	1.00000000e-09	1.00000000e-10	1.00000000e-10	0.00000000e+00	4.39574862e-05
1.72000000e+01	1.44612307e+01	-7.63342771e+07	-2.97106323e+06	1.00000000e-09	7.37632956e+05	1.00000000e-10	7.37632956e+04	-7.11707607e+10	4.04127779e-05
1.73000000e+01	1.45453076e+01	-7.65279547e+07	-2.97860150e+06	1.00000000e-09	8.75315993e+04	1.00000000e-10	8.75315993e+03	-8.44551543e+09	3.71539131e-05
1.74000000e+01	1.46293845e+01	-7.67154777e+07	-2.98590022e+06	1.00000000e-09	1.00000000e-09	1.00000000e-10	1.00000000e-10	0.00000000e+00	3.41578414e-05
1.75000000e+01	1.47134614e+01	-7.69030007e+07	-2.99319894e+06	1.00000000e-09	1.00000000e-09	1.00000000e-10	1.00000000e-10	0.00000000e+00	3.14033713e-05
1.76000000e+01	1.47975384e+01	-7.70905237e+07	-3.00049767e+06	1.00000000e-09	7.68585500e+05	1.00000000e-10	7.68585500e+04	-7.41572273e+10	2.88710202e-05
1.77000000e+01	1.48816153e+01	-7.72690216e+07	-3.00744512e+06	1.00000000e-09	9.97971576e+04	1.00000000e-10	9.97971576e+03	-9.62896189e+09	2.65428765e-05
1.78000000e+01	1.49656922e+01	-7.74409402e+07	-3.01413649e+06	1.00000000e-09	1.00000000e-09	1.00000000e-10	1.00000000e-10	0.00000000e+00	2.44024731e-05
1.79000000e+01	1.50497691e+01	-7.76128588e+07	-3.02082786e+06	1.00000000e-09	1.00000000e-09	1.00000000e-10	1.00000000e-10	0.00000000e+00	2.24346707e-05
1.80000000e+01	1.51338460e+01	-7.77847774e+07	-3.02751923e+06	1.00000000e-09	8.05663917e+05	1.00000000e-10	8.05663917e+04	-7.77347507e+10	2.06255509e-05
1.81000000e+01	1.52179230e+01	-7.79475895e+07	-3.03385616e+06	1.00000000e-09	1.15008061e+05	1.00000000e-10	1.15008061e+04	-1.10965910e+10	1.89623175e-05
1.82000000e+01	1.53019999e+01	-7.81033501e+07	-3.03991864e+06	1.00000000e-09	1.00000000e-09	1.00000000e-10	1.00000000e-10	0.00000000e+00	1.74332063e-05
1.83000000e+01	1.53860768e+01	-7.82591107e+07	-3.04598111e+06	1.00000000e-09	1.00000000e-09	1.00000000e-10	1.00000000e-10	0.00000000e+00	1.60274019e-05
1.84000000e+01	1.54701537e+01	-7.84148713e+07	-3.05204358e+06	1.00000000e-09	8.50919275e+05	1.00000000e-10	8.50919275e+04	-8.21012289e+10	1.47349607e-05
1.85000000e+01	1.55542307e+01	-7.85614327e+07	-3.05774801e+06	1.00000000e-09	1.34339251e+05	1.00000000e-10	1.34339251e+04	-1.29617673e+10	1.35467414e-05
1.86000000e+01	1.56383076e+01	-7.87004144e+07	-3.06315742e+06	1.00000000e-09	1.00000000e-09	1.00000000e-10	1.00000000e-10	0.00000000e+00	1.24543394e-05
1.87000000e+01	1.57223845e+01	-7.88393961e+07	-3.06856683e+06	1.00000000e-09	1.00000000e-09	1.00000000e-10	1.00000000e-10	0.00000000e+00	1.14500281e-05
1.88000000e+01	1.58064614e+01	-7.89783778e+07	-3.07397624e+06	1.00000000e-09	9.07479052e+05	1.00000000e-10	9.07479052e+04	-8.75584177e+10	1.05267039e-05
1.89000000e+01	1.58905384e+01	-7.91080541e+07	-3.07902347e+06	1.00000000e-09	1.59691610e+05	1.00000000e-10	1.59691610e+04	-1.54078980e+10	9.67783615e-06
1.90000000e+01	1.59746153e+01	-7.92295546e+07	-3.08375248e+06	1.00000000e-09	1.00000000e-09	1.00000000e-10	1.00000000e-10	0.00000000e+00	8.89742061e-06
1.91000000e+01	1.60586922e+01	-7.93510551e+07	-3.08848149e+06	1.00000000e-09	1.00000000e-09	1.00000000e-10	1.00000000e-10	0.00000000e+00	8.17993736e-06
1.92000000e+01	1.61427691e+01	-7.94725555e+07	-3.09321050e+06	1.00000000e-09	9.80388272e+05	1.00000000e-10	9.80388272e+04	-9.45930881e+10	7.52031158e-06
1.93000000e+01	1.62268460e+01	-7.95846276e+07	-3.09757254e+06	1.00000000e-09	1.94362310e+05	1.00000000e-10	1.94362310e+04	-1.87531120e+10	6.91387767e-06
1.94000000e+01	1.63109230e+01	-7.96878451e+07	-3.10158995e+06	1.00000000e-09	1.00000000e-09	1.00000000e-10	1.00000000e-10	0.00000000e+00	6.35634627e-06
1.95000000e+01	1.63949999e+01	-7.97910627e+07	-3.10560736e+06	1.00000000e-09	1.00000000e-09	1.00000000e-10	1.00000000e-10	0.00000000e+00	5.84377390e-06
1.96000000e+01	1.64790768e+01	-7.98942802e+07	-3.10962476e+06	1.00000000e-09	1.07841393e+06	1.00000000e-10	1.07841393e+05	-1.04051126e+11	5.37253509e-06
1.97000000e+01	1.65631537e+01	-7.99879249e+07	-3.11326958e+06	1.00000000e-09	2.44635018e+05	1.00000000e-10	2.44635018e+04	-2.36036910e+10	4.93929673e-06
1.98000000e+01	1.66472307e+01	-8.00719338e+07	-3.11653935e+06	1.00000000e-09	1.00000000e-09	1.00000000e-10	1.00000000e-10	0.00000000e+00	4.54099448e-06
1.99000000e+01	1.67313076e+01	-8.01559426e+07	-3.11980912e+06	1.00000000e-09	1.00000000e-09	1.00000000e-10	1.00000000e-10	0.00000000e+00	4.17481111e-06
2.00000000e+01	1.68153845e+01	-8.02399515e+07	-3.12307889e+06	1.00000000e-09	1.21844870e+06	1.00000000e-10	1.21844870e+05	-1.17562427e+11	3.83815657e-06
2.01000000e+01	1.68994614e+01	-8.03142155e+07	-3.12596938e+06	1.00000000e-09	3.24216305e+05	1.00000000e-10	3.24216305e+04	-3.12821179e+10	3.52864967e-06
2.02000000e+01	1.69835383e+01	-8.03779321e+07	-3.12844934e+06	1.00000000e-09	1.00000000e-09	1.00000000e-10	1.00000000e-10	0.00000000e+00	3.24410125e-06
2.03000000e+01	1.70676153e+01	-8.04416487e+07	-3.13092930e+06	1.00000000e-09	1.00000000e-09	1.00000000e-10	1.00000000e-10	0.00000000e+00	2.98249865e-06
2.04000000e+01	1.71516922e+01	-8.05053653e+07	-3.13340926e+06	1.00000000e-09	1.43847135e+06	1.00000000e-10	1.43847135e+05	-1.38791386e+11	2.74199155e-06
2.05000000e+01	1.72357691e+01	-8.05591287e+07	-3.13550183e+06	1.00000000e-09	4.70081525e+05	1.00000000e-10	4.70081525e+04	-4.53559721e+10	2.52087882e-06
2.06000000e+01	1.73198460e+01	-8.06012632e+07	-3.13714177e+06	1.00000000e-09	1.00000000e-09	1.00000000e-10	1.00000000e-10	0.00000000e+00	2.31759650e-06
2.07000000e+01	1.74039230e+01	-8.06433976e+07	-3.13878172e+06	1.00000000e-09	1.00000000e-09	1.00000000e-10	1.00000000e-10	0.00000000e+00	2.13070675e-06
2.08000000e+01	1.74879999e+01	-8.06855321e+07	-3.14042166e+06	1.00000000e-09	1.84923610e+06	1.00000000e-10	1.84923610e+05	-1.78424159e+11	1.95888770e-06
2.09000000e+01	1.75720768e+01	-8.07174552e+07	-3.14166417e+06	1.00000000e-09	8.30479586e+05	1.00000000e-10	8.30479586e+04	-8.01290987e+10	1.80092404e-06
2.10000000e+01	1.76561537e+01	-8.07364387e+07	-3.14240304e+06	1.00000000e-09	1.00000000e-09	1.00000000e-10	1.00000000e-10	0.00000000e+00	1.65569849e-06
2.11000000e+01	1.77402306e+01	-8.07554221e+07	-3.14314191e+06	1.00000000e-09	1.00000000e-09	1.00000000e-10	1.00000000e-10	0.00000000e+00	1.52218384e-06
2.12000000e+01	1.78243076e+01	-8.07744056e+07	-3.14388078e+06	1.00000000e-09	3.01935382e+06	1.00000000e-10	3.01935382e+05	-2.91323356e+11	1.39943575e-06
2.13000000e+01	1.79083845e+01	-8.07828485e+07	-3.14420939e+06	6.36954720e+02	3.40368860e+06	6.36954720e+01	3.40368860e+05	-3.28344568e+11	1.28658600e-06
2.14000000e+01	1.79924614e+01	-8.07767167e+07	-3.14397073e+06	1.14391081e+03	1.00000000e-09	1.14391081e+02	1.00000000e-10	1.10370614e+08	1.18283639e-06
2.15000000e+01	1.80765383e+01	-8.07705849e+07	-3.14373207e+06	1.00000000e-09	1.00000000e-09	1.00000000e-10	1.00000000e-10	0.00000000e+00	1.08745310e-06
2.16000000e+01	1.81606153e+01	-8.07644530e+07	-3.14349341e+06	1.00000000e-09	1.20339074e+05	1.00000000e-10	1.20339074e+04	-1.16109555e+10	9.99761460e-07
2.17000000e+01	1.82446922e+01	-8.07473428e+07	-3.14282744e+06	1.00000000e-09	8.83502634e+04	1.00000000e-10	8.83502634e+03	-8.52450451e+09	9.19141229e-07
2.18000000e+01	1.83287691e+01	-8.07135277e+07	-3.14151130e+06	6.02726008e+02	1.00000000e-09	6.02726008e+01	1.00000000e-10	5.81542190e+07	8.45022171e-07
2.19000000e+01	1.84128460e+01	-8.06797126e+07	-3.14019516e+06	1.70984393e+02	1.00000000e-09	1.70984393e+01	1.00000000e-10	1.64974859e+07	7.76880034e-07
2.20000000e+01	1.84969229e+01	-8.06458975e+07	-3.13887902e+06	1.00000000e-09	4.01202375e+04	1.00000000e-10	4.01202375e+03	-3.87101444e+09	7.14232843e-07
2.21000000e+01	1.85809999e+01	-8.06004831e+07	-3.13711141e+06	1.00000000e-09	4.92087638e+04	1.00000000e-10	4.92087638e+03	-4.74792392e+09	6.56637488e-07
2.22000000e+01	1.86650768e+01	-8.05354040e+07	-3.13457842e+06	4.05194065e+02	1.00000000e-09	4.05194065e+01	1.00000000e-10	3.90952839e+07	6.03686592e-07
2.23000000e+01	1.87491537e+01	-8.04703249e+07	-3.13204543e+06	1.76673128e+02	1.00000000e-09	1.76673128e+01	1.00000000e-10	1.70463654e+07	5.55005627e-07
2.24000000e+01	1.88332306e+01	-8.04052458e+07	-3.12951243e+06	1.00000000e-09	2.45015933e+04	1.00000000e-10	2.45015933e+03	-2.36404437e+09	5.10250270e-07
2.25000000e+01	1.89173076e+01	-8.03275828e+07	-3.12648965e+06	1.00000000e-09	3.76470299e+04	1.00000000e-10	3.76470299e+03	-3.63238619e+09	4.69103960e-07
2.26000000e+01	1.90013845e+01	-8.02256852e+07	-3.12252362e+06	2.99444614e+02	1.00000000e-09	2.99444614e+01	1.00000000e-10	2.88920131e+07	4.31275667e-07
2.27000000e+01	1.90854614e+01	-8.01237876e+07	-3.11855759e+06	1.68770436e+02	1.00000000e-09	1.68770436e+01	1.00000000e-10	1.62838715e+07	3.96497828e-07
2.28000000e+01	1.91695383e+01	-8.00218899e+07	-3.11459155e+06	1.00000000e-09	1.86874296e+04	1.00000000e-10	1.86874296e+03	-1.80306285e+09	3.64524455e-07
2.29000000e+01	1.92536153e+01	-7.99053980e+07	-3.11005748e+06	1.00000000e-09	3.46896985e+04	1.00000000e-10	3.46896985e+03	-3.34704708e+09	3.35129397e-07
2.30000000e+01	1.93376922e+01	-7.97559890e+07	-3.10424223e+06	2.27504120e+02	1.00000000e-09	2.27504120e+01	1.00000000e-10	2.19508106e+07	3.08104742e-07
2.31000000e+01	1.94217691e+01	-7.96065800e+07	-3.09842697e+06	1.58049203e+02	1.00000000e-09	1.58049203e+01	1.00000000e-10	1.52494298e+07	2.83259340e-07
2.32000000e+01	1.95058460e+01	-7.94571710e+07	-3.09261171e+06	1.00000000e-09	3.14432605e+04	1.00000000e-10	3.14432605e+03	-3.03381343e+09	2.60417458e-07
2.33000000e+01	1.95899229e+01	-7.92700795e+07	-3.08532978e+06	1.00000000e-09	5.18081327e+04	1.00000000e-10	5.18081327e+03	-4.99872489e+09	2.39417533e-07
2.34000000e+01	1.96739999e+01	-7.89985348e+07	-3.07476079e+06	1.53652030e+02	1.03510294e+04	1.53652030e+01	1.03510294e+03	-9.83897347e+08	2.20111031e-07
2.35000000e+01	1.97580768e+01	-7.87062726e+07	-3.06338543e+06	1.18122163e+02	5.42138712e+02	1.18122163e+01	5.42138712e+01	-4.09113775e+07	2.02361395e-07
2.36000000e+01	1.98421537e+01	-7.84128846e+07	-3.05196626e+06	1.00000000e-09	1.00000000e-09	1.00000000e-10	1.00000000e-10	0.00000000e+00	1.86043080e-07
2.37000000e+01	1.99262306e+01	-7.81194967e+07	-3.04054709e+06	1.00000000e-09	1.00000000e-09	1.00000000e-10	1.00000000e-10	0.00000000e+00	1.71040665e-07
2.38000000e+01	2.00103076e+01	-7.78261087e+07	-3.02912792e+06	1.52398089e+02	2.23628378e+02	1.52398089e+01	2.23628378e+01	-6.87267801e+06	1.57248037e-07
2.39000000e+01	2.00943845e+01	-7.75322557e+07	-3.01769065e+06	1.19554309e+02	2.25613838e+02	1.19554309e+01	2.25613838e+01	-1.02331889e+07	1.44567640e-07
2.40000000e+01	2.01784614e+01	-7.72379327e+07	-3.00623508e+06	1.00000000e-09	1.00000000e-09	1.00000000e-10	1.00000000e-10	0.00000000e+00	1.32909782e-07
2.41000000e+01	2.02625383e+01	-7.69436097e+07	-2.99477952e+06	1.00000000e-09	1.00000000e-09	1.00000000e-10	1.00000000e-10	0.00000000e+00	1.22192009e-07
2.42000000e+01	2.03466152e+01	-7.66492867e+07	-2.98332395e+06	1.51121107e+02	1.16423429e+02	1.51121107e+01	1.16423429e+01	3.34781700e+06	1.12338510e-07
2.43000000e+01	2.04306922e+01	-7.63547210e+07	-2.97185894e+06	1.21444529e+02	1.47220000e+02	1.21444529e+01	1.47220000e+01	-2.48695482e+06	1.03279593e-07
2.44000000e+01	2.05147691e+01	-7.60598482e+07	-2.96038198e+06	1.00000000e-09	1.00000000e-09	1.00000000e-10	1.00000000e-10	0.00000000e+00	9.49511815e-08
2.45000000e+01	2.05988460e+01	-7.57649754e+07	-2.94890501e+06	1.00000000e-09	1.00000000e-09	1.00000000e-10	1.00000000e-10	0.00000000e+00	8.72943689e-08
2.46000000e+01	2.06829229e+01	-7.54701025e+07	-2.93742805e+06	1.49746285e+02	7.71189009e+01	1.49746285e+01	7.71189009e+00	7.00747730e+06	8.02549976e-08
2.47000000e+01	2.07669999e+01	-7.51750687e+07	-2.92594482e+06	1.23517359e+02	1.11890561e+02	1.23517359e+01	1.11890561e+01	1.12181545e+06	7.37832774e-08
2.48000000e+01	2.08510768e+01	-7.48798013e+07	-2.91445250e+06	1.00000000e-09	1.00000000e-09	1.00000000e-10	1.00000000e-10	0.00000000e+00	6.78334333e-08
2.49000000e+01	2.09351537e+01	-7.45845339e+07	-2.90296017e+06	1.00000000e-09	1.00000000e-09	1.00000000e-10	1.00000000e-10	0.00000000e+00	6.23633815e-08
2.50000000e+01	2.10192306e+01	-7.42892665e+07	-2.89146785e+06	1.48284289e+02	5.66749224e+01	1.48284289e+01	5.66749224e+00	8.83896011e+06	5.73344317e-08
2.51000000e+01	2.11033075e+01	-7.39938807e+07	-2.87997092e+06	1.25682927e+02	9.19149890e+01	1.25682927e+01	9.19149890e+00	3.25811072e+06	5.27110137e-08
2.52000000e+01	2.11873845e+01	-7.36983028e+07	-2.86846651e+06	1.00000000e-09	1.00000000e-09	1.00000000e-10	1.00000000e-10	0.00000000e+00	4.84604257e-08
2.53000000e+01	2.12714614e+01	-7.34027249e+07	-2.85696210e+06	1.00000000e-09	1.00000000e-09	1.00000000e-10	1.00000000e-10	0.00000000e+00	4.45526029e-08
2.54000000e+01	2.13555383e+01	-7.31071470e+07	-2.84545770e+06	1.46745517e+02	4.40817552e+01	1.46745517e+01	4.40817552e+00	9.90554712e+06	4.09599048e-08
2.55000000e+01	2.14396152e+01	-7.28114769e+07	-2.83394970e+06	1.27899409e+02	7.91598901e+01	1.27899409e+01	7.91598901e+00	4.70264871e+06	3.76569199e-08
2.56000000e+01	2.15236922e+01	-7.25156414e+07	-2.82243527e+06	1.00000000e-09	1.00000000e-09	1.00000000e-10	1.00000000e-10	0.00000000e+00	3.46202860e-08
2.57000000e+01	2.16077691e+01	-7.22198058e+07	-2.81092083e+06	1.00000000e-09	1.00000000e-09	1.00000000e-10	1.00000000e-10	0.00000000e+00	3.18285246e-08
2.58000000e+01	2.16918460e+01	-7.19239702e+07	-2.79940639e+06	1.45137667e+02	3.54720848e+01	1.45137667e+01	3.54720848e+00	1.05811201e+07	2.92618894e-08
2.59000000e+01	2.17759229e+01	-7.16280604e+07	-2.78788907e+06	1.30143415e+02	7.03726312e+01	1.30143415e+01	7.03726312e+00	5.76700389e+06	2.69022262e-08
2.60000000e+01	2.18599998e+01	-7.13320034e+07	-2.77636601e+06	1.00000000e-09	1.00000000e-09	1.00000000e-10	1.00000000e-10	0.00000000e+00	2.47328451e-08
2.61000000e+01	2.19440768e+01	-7.10359465e+07	-2.76484296e+06	1.00000000e-09	1.00000000e-09	1.00000000e-10	1.00000000e-10	0.00000000e+00	2.27384017e-08
2.62000000e+01	2.20281537e+01	-7.07398895e+07	-2.75331990e+06	1.43466511e+02	2.91245274e+01	1.43466511e+01	2.91245274e+00	1.10323243e+07	2.09047891e-08
2.63000000e+01	2.21122306e+01	-7.04437715e+07	-2.74179448e+06	1.32400278e+02	6.39927234e+01	1.32400278e+01	6.39927234e+00	6.60032566e+06	1.92190381e-08
2.64000000e+01	2.21963075e+01	-7.01475196e+07	-2.73026384e+06	1.00000000e-09	1.00000000e-09	1.00000000e-10	1.00000000e-10	0.00000000e+00	1.76692251e-08
2.65000000e+01	2.22803845e+01	-6.98512677e+07	-2.71873320e+06	1.00000000e-09	1.00000000e-09	1.00000000e-10	1.00000000e-10	0.00000000e+00	1.62443882e-08
2.66000000e+01	2.23644614e+01	-6.95550159e+07	-2.70720256e+06	1.41736582e+02	2.41390328e+01	1.41736582e+01	2.41390328e+00	1.13464386e+07	1.49344494e-08
2.67000000e+01	2.24485383e+01	-6.92587134e+07	-2.69566995e+06	1.34660069e+02	5.91702625e+01	1.34660069e+01	5.91702625e+00	7.28365908e+06	1.37301434e-08
2.68000000e+01	2.25326152e+01	-6.89622871e+07	-2.68413252e+06	1.00000000e-09	1.00000000e-09	1.00000000e-10	1.00000000e-10	0.00000000e+00	1.26229520e-08
2.69000000e+01	2.26166921e+01	-6.86658608e+07	-2.67259509e+06	1.00000000e-09	1.00000000e-09	1.00000000e-10	1.00000000e-10	0.00000000e+00	1.16050438e-08
2.70000000e+01	2.27007691e+01	-6.83694345e+07	-2.66105766e+06	1.39951636e+02	1.99742457e+01	1.39951636e+01	1.99742457e+00	1.15760584e+07	1.06692193e-08
2.71000000e+01	2.27848460e+01	-6.80729663e+07	-2.64951860e+06	1.36915695e+02	5.53908984e+01	1.36915695e+01	5.53908984e+00	7.86594711e+06	9.80885916e-09
2.72000000e+01	2.28689229e+01	-6.77763822e+07	-2.63797503e+06	1.00000000e-09	1.00000000e-09	1.00000000e-10	1.00000000e-10	0.00000000e+00	9.01787799e-09
2.73000000e+01	2.29529998e+01	-6.74797980e+07	-2.62643146e+06	1.00000000e-09	1.00000000e-09	1.00000000e-10	1.00000000e-10	0.00000000e+00	8.29068113e-09
2.74000000e+01	2.30370768e+01	-6.71832139e+07	-2.61488789e+06	1.38114988e+02	1.62472810e+01	1.38114988e+01	1.62472810e+00	1.17584461e+07	7.62212503e-09
2.75000000e+01	2.31211537e+01	-6.68865957e+07	-2.60334299e+06	1.39161926e+02	5.23064781e+01	1.39161926e+01	5.23064781e+00	8.38027670e+06	7.00748093e-09
2.76000000e+01	2.32052306e+01	-6.65898679e+07	-2.59179382e+06	1.00000000e-09	1.00000000e-09	1.00000000e-10	1.00000000e-10	0.00000000e+00	6.44240141e-09
2.77000000e+01	2.32893075e+01	-6.62931401e+07	-2.58024466e+06	1.00000000e-09	1.00000000e-09	1.00000000e-10	1.00000000e-10	0.00000000e+00	5.92288960e-09
2.78000000e+01	2.33733845e+01	-6.59964123e+07	-2.56869550e+06	1.36229769e+02	1.26200542e+01	1.36229769e+01	1.26200542e+00	1.19265244e+07	5.44527095e-09
2.79000000e+01	2.34574614e+01	-6.56996581e+07	-2.55714531e+06	1.41394878e+02	4.96426946e+01	1.41394878e+01	4.96426946e+00	8.85273991e+06	5.00616720e-09
2.80000000e+01	2.35415383e+01	-6.54027999e+07	-2.54559107e+06	1.00000000e-09	1.00000000e-09	1.00000000e-10	1.00000000e-10	0.00000000e+00	4.60247255e-09
2.81000000e+01	2.36256152e+01	-6.51059417e+07	-2.53403683e+06	1.00000000e-09	1.00000000e-09	1.00000000e-10	1.00000000e-10	0.00000000e+00	4.23133162e-09
2.82000000e+01	2.37096921e+01	-6.48090834e+07	-2.52248259e+06	1.34299204e+02	8.69692698e+00	1.34299204e+01	8.69692698e-01	1.21187774e+07	3.89011930e-09
2.83000000e+01	2.37937691e+01	-6.45122070e+07	-2.51092764e+06	1.43611803e+02	4.71295596e+01	1.43611803e+01	4.71295596e+00	9.30912129e+06	3.57642216e-09
2.84000000e+01	2.38778460e+01	-6.42152318e+07	-2.49936884e+06	1.00000000e-09	1.00000000e-09	1.00000000e-10	1.00000000e-10	0.00000000e+00	3.28802138e-09
2.85000000e+01	2.39619229e+01	-6.39182566e+07	-2.48781005e+06	1.00000000e-09	1.00000000e-09	1.00000000e-10	1.00000000e-10	0.00000000e+00	3.02287709e-09
2.86000000e+01	2.40459998e+01	-6.36212814e+07	-2.47625126e+06	1.32326975e+02	3.86283143e+00	1.32326975e+01	3.86283143e-01	1.23949055e+07	2.77911390e-09
2.87000000e+01	2.41300768e+01	-6.33242981e+07	-2.46469215e+06	1.45811150e+02	4.44130373e+01	1.45811150e+01	4.44130373e+00	9.78343060e+06	2.55500764e-09
2.88000000e+01	2.42141537e+01	-6.30272218e+07	-2.45312942e+06	1.00000000e-09	1.00000000e-09	1.00000000e-10	1.00000000e-10	0.00000000e+00	2.34897319e-09
2.89000000e+01	2.42982306e+01	-6.27301455e+07	-2.44156670e+06	1.00000000e-09	1.00000000e-09	1.00000000e-10	1.00000000e-10	0.00000000e+00	2.15955324e-09
2.90000000e+01	2.43823075e+01	-6.24330692e+07	-2.43000397e+06	1.30317854e+02	1.00000000e-09	1.30317854e+01	1.00000000e-10	1.25737614e+07	1.98540802e-09
2.91000000e+01	2.44663844e+01	-6.21359930e+07	-2.41844124e+06	1.47989877e+02	4.25746088e+01	1.47989877e+01	4.25746088e+00	1.01710272e+07	1.82530578e-09
2.92000000e+01	2.45504614e+01	-6.18388275e+07	-2.40687505e+06	1.00000000e-09	6.61296087e+00	1.00000000e-10	6.61296087e-01	-6.38053726e+05	1.67811410e-09
2.93000000e+01	2.46345383e+01	-6.15416482e+07	-2.39530831e+06	1.00000000e-09	1.00000000e-09	1.00000000e-10	1.00000000e-10	0.00000000e+00	1.54279187e-09
2.94000000e+01	2.47186152e+01	-6.12444688e+07	-2.38374157e+06	1.28274855e+02	1.00000000e-09	1.28274855e+01	1.00000000e-10	1.23766420e+07	1.41838196e-09
2.95000000e+01	2.48026921e+01	-6.09472895e+07	-2.37217483e+06	1.50135156e+02	4.11777224e+01	1.50135156e+01	4.11777224e+00	1.05127942e+07	1.30400439e-09
2.96000000e+01	2.48867691e+01	-6.06500239e+07	-2.36060473e+06	1.00000000e-09	2.26256967e+01	1.00000000e-10	2.26256967e+00	-2.18304786e+06	1.19885018e-09
2.97000000e+01	2.49708460e+01	-6.03527105e+07	-2.34903278e+06	1.00000000e-09	1.00000000e-09	1.00000000e-10	1.00000000e-10	0.00000000e+00	1.10217554e-09
2.98000000e+01	2.50549229e+01	-6.00553972e+07	-2.33746082e+06	1.26192174e+02	1.00000000e-09	1.26192174e+01	1.00000000e-10	1.21756938e+07	1.01329669e-09
2.99000000e+01	2.51389998e+01	-5.97580839e+07	-2.32588887e+06	1.52234687e+02	1.00000000e-09	1.52234687e+01	1.00000000e-10	1.46884143e+07	9.31584987e-10
3.00000000e+01	2.52230767e+01	-5.94607711e+07	-2.31431694e+06	1.00000000e-09	1.00000000e-09	1.00000000e-10	1.00000000e-10	0.00000000e+00	8.56462471e-10
3.01000000e+01	2.53071537e+01	-5.91634584e+07	-2.30274501e+06	1.00000000e-09	1.00000000e-09	1.00000000e-10	1.00000000e-10	0.00000000e+00	7.87397794e-10
3.02000000e+01	2.53912306e+01	-5.88661457e+07	-2.29117308e+06	1.24090723e+02	3.12394796e-01	1.24090723e+01	3.12394796e-02	1.19427931e+07	7.23902457e-10
3.03000000e+01	2.54753075e+01	-5.85688324e+07	-2.27960113e+06	1.54324908e+02	1.00000000e-09	1.54324908e+01	1.00000000e-10	1.48900900e+07	6.65527349e-10
3.04000000e+01	2.55593844e+01	-5.82715196e+07	-2.26802920e+06	1.00000000e-09	1.00000000e-09	1.00000000e-10	1.00000000e-10	0.00000000e+00	6.11859579e-10
3.05000000e+01	2.56434614e+01	-5.79742069e+07	-2.25645727e+06	1.00000000e-09	4.34238893e-01	1.00000000e-10	4.34238893e-02	-4.18976838e+04	5.62519549e-10
3.06000000e+01	2.57275383e+01	-5.76768932e+07	-2.24488530e+06	1.21953026e+02	1.79845550e-01	1.21953026e+01	1.79845550e-02	1.17493258e+07	5.17158273e-10
3.07000000e+01	2.58116152e+01	-5.73795793e+07	-2.23331332e+06	1.56380221e+02	1.00000000e-09	1.56380221e+01	1.00000000e-10	1.50883976e+07	4.75454906e-10
3.08000000e+01	2.58956921e+01	-5.70822659e+07	-2.22174137e+06	1.00000000e-09	1.00000000e-09	1.00000000e-10	1.00000000e-10	0.00000000e+00	4.37114476e-10
3.09000000e+01	2.59797690e+01	-5.67849525e+07	-2.21016941e+06	1.00000000e-09	2.30553169e-01	1.00000000e-10	2.30553169e-02	-2.22449990e+04	4.01865798e-10
3.10000000e+01	2.60638460e+01	-5.64876386e+07	-2.19859744e+06	1.19781608e+02	1.38667780e-01	1.19781608e+01	1.38667780e-02	1.15437888e+07	3.69459555e-10
3.11000000e+01	2.61479229e+01	-5.61903244e+07	-2.18702545e+06	1.58400449e+02	1.00000000e-09	1.58400449e+01	1.00000000e-10	1.52833199e+07	3.39666533e-10
3.12000000e+01	2.62319998e+01	-5.58930109e+07	-2.17545349e+06	1.00000000e-09	1.00000000e-09	1.00000000e-10	1.00000000e-10	0.00000000e+00	3.12276006e-10
3.13000000e+01	2.63160767e+01	-5.55956973e+07	-2.16388153e+06	1.00000000e-09	1.46725816e-01	1.00000000e-10	1.46725816e-02	-1.41568890e+04	2.87094235e-10
3.14000000e+01	2.64001537e+01	-5.52983835e+07	-2.15230955e+06	1.17576658e+02	1.18083342e-01	1.17576658e+01	1.18083342e-02	1.13330296e+07	2.63943109e-10
3.15000000e+01	2.64842306e+01	-5.50010694e+07	-2.14073757e+06	1.60385226e+02	1.00000000e-09	1.60385226e+01	1.00000000e-10	1.54748218e+07	2.42658878e-10
3.16000000e+01	2.65683075e+01	-5.47037559e+07	-2.12916561e+06	1.00000000e-09	1.00000000e-09	1.00000000e-10	1.00000000e-10	0.00000000e+00	2.23090996e-10
3.17000000e+01	2.66523844e+01	-5.44064425e+07	-2.11759365e+06	1.00000000e-09	1.00166419e-01	1.00000000e-10	1.00166419e-02	-9.66459014e+03	2.05101057e-10
3.18000000e+01	2.67364614e+01	-5.41091288e+07	-2.10602168e+06	1.15338623e+02	1.05322386e-01	1.15338623e+01	1.05322386e-02	1.11183233e+07	1.88561817e-10
3.19000000e+01	2.68205383e+01	-5.38118149e+07	-2.09444971e+06	1.62334114e+02	1.00000000e-09	1.62334114e+01	1.00000000e-10	1.56628609e+07	1.73356293e-10
3.20000000e+01	2.69046152e+01	-5.35145016e+07	-2.08287776e+06	1.00000000e-09	1.00000000e-09	1.00000000e-10	1.00000000e-10	0.00000000e+00	1.59376934e-10
3.21000000e+01	2.69886921e+01	-5.32171884e+07	-2.07130581e+06	1.00000000e-09	6.98667492e-02	1.00000000e-10	6.98667492e-03	-6.74111640e+03	1.46524863e-10
3.22000000e+01	2.70727690e+01	-5.29198749e+07	-2.05973385e+06	1.13068027e+02	9.62680819e-02	1.13068027e+01	9.62680819e-03	1.09001176e+07	1.34709176e-10
3.23000000e+01	2.71568460e+01	-5.26225613e+07	-2.04816189e+06	1.64246646e+02	1.00000000e-09	1.64246646e+01	1.00000000e-10	1.58473922e+07	1.23846300e-10
3.24000000e+01	2.72409229e+01	-5.23252483e+07	-2.03658995e+06	1.00000000e-09	1.00000000e-09	1.00000000e-10	1.00000000e-10	0.00000000e+00	1.13859401e-10
3.25000000e+01	2.73249998e+01	-5.20279353e+07	-2.02501801e+06	1.00000000e-09	4.80123175e-02	1.00000000e-10	4.80123175e-03	-4.63248430e+03	1.04677839e-10
3.26000000e+01	2.74090767e+01	-5.17306222e+07	-2.01344606e+06	1.10765433e+02	8.91604632e-02	1.10765433e+01	8.91604632e-03	1.06786369e+07	9.62366743e-11
3.27000000e+01	2.74931537e+01	-5.14333090e+07	-2.00187411e+06	1.66122340e+02	1.00000000e-09	1.66122340e+01	1.00000000e-10	1.60283692e+07	8.84762003e-11
3.28000000e+01	2.75772306e+01	-5.11359963e+07	-1.99030218e+06	1.00000000e-09	1.00000000e-09	1.00000000e-10	1.00000000e-10	0.00000000e+00	8.13415267e-11
3.29000000e+01	2.76613075e+01	-5.08386837e+07	-1.97873026e+06	1.00000000e-09	3.10248577e-02	1.00000000e-10	3.10248577e-03	-2.99344360e+03	7.47821894e-11
3.30000000e+01	2.77453844e+01	-5.05413709e+07	-1.96715833e+06	1.08431432e+02	8.30957144e-02	1.08431432e+01	8.30957144e-03	1.04540252e+07	6.87517936e-11
3.31000000e+01	2.78294613e+01	-5.02440581e+07	-1.95558639e+06	1.67960711e+02	1.00000000e-09	1.67960711e+01	1.00000000e-10	1.62057449e+07	6.32076857e-11
3.32000000e+01	2.79135383e+01	-4.99467458e+07	-1.94401448e+06	1.00000000e-09	1.00000000e-09	1.00000000e-10	1.00000000e-10	0.00000000e+00	5.81106517e-11
3.33000000e+01	2.79976152e+01	-4.96494335e+07	-1.93244256e+06	1.00000000e-09	1.70326584e-02	1.00000000e-10	1.70326584e-03	-1.64340160e+03	5.34246397e-11
3.34000000e+01	2.80816921e+01	-4.93521212e+07	-1.92087065e+06	1.06066636e+02	7.75397219e-02	1.06066636e+01	7.75397219e-03	1.02263932e+07	4.91165053e-11
3.35000000e+01	2.81657690e+01	-4.90548087e+07	-1.90929873e+06	1.69761269e+02	1.00000000e-09	1.69761269e+01	1.00000000e-10	1.63794724e+07	4.51557765e-11
3.36000000e+01	2.82498460e+01	-4.87574969e+07	-1.89772684e+06	1.00000000e-09	1.00000000e-09	1.00000000e-10	1.00000000e-10	0.00000000e+00	4.15144388e-11
3.37000000e+01	2.83339229e+01	-4.84601850e+07	-1.88615494e+06	1.00000000e-09	4.96336459e-03	1.00000000e-10	4.96336459e-04	-4.78891785e+02	3.81667366e-11
3.38000000e+01	2.84179998e+01	-4.81628731e+07	-1.87458304e+06	1.03671674e+02	7.21373205e-02	1.03671674e+01	7.21373205e-03	9.99583573e+06	3.50889914e-11
3.39000000e+01	2.85020767e+01	-4.78655612e+07	-1.86301114e+06	1.71523531e+02	3.28966756e-04	1.71523531e+01	3.28966756e-05	1.65494732e+07	3.22594338e-11
3.40000000e+01	2.85861536e+01	-4.75682498e+07	-1.85143926e+06	1.00000000e-09	1.00000000e-09	1.00000000e-10	1.00000000e-10	0.00000000e+00	2.96580503e-11
3.41000000e+01	2.86702306e+01	-4.72709384e+07	-1.83986738e+06	1.00000000e-09	1.00000000e-09	1.00000000e-10	1.00000000e-10	0.00000000e+00	2.72664410e-11
3.42000000e+01	2.87543075e+01	-4.69736269e+07	-1.82829551e+06	1.01247186e+02	6.61711710e-02	1.01247186e+01	6.61711710e-03	9.76248386e+06	2.50676897e-11
3.43000000e+01	2.88383844e+01	-4.66763154e+07	-1.81672362e+06	1.73247021e+02	1.03060061e-02	1.73247021e+01	1.03060061e-03	1.67148019e+07	2.30462446e-11
3.44000000e+01	2.89224613e+01	-4.63790045e+07	-1.80515176e+06	1.00000000e-09	1.00000000e-09	1.00000000e-10	1.00000000e-10	0.00000000e+00	2.11878078e-11
3.45000000e+01	2.90065383e+01	-4.60816935e+07	-1.79357990e+06	1.00000000e-09	1.00000000e-09	1.00000000e-10	1.00000000e-10	0.00000000e+00	1.94792342e-11
3.46000000e+01	2.90906152e+01	-4.57843826e+07	-1.78200804e+06	9.87938235e+01	5.88363014e-02	9.87938235e+00	5.88363014e-03	9.52647803e+06	1.79084392e-11
3.47000000e+01	2.91746921e+01	-4.54870716e+07	-1.77043618e+06	1.74931267e+02	1.90769888e-02	1.74931267e+01	1.90769888e-03	1.68764607e+07	1.64643122e-11
3.48000000e+01	2.92587690e+01	-4.51897611e+07	-1.75886433e+06	1.00000000e-09	1.00000000e-09	1.00000000e-10	1.00000000e-10	0.00000000e+00	1.51366389e-11
3.49000000e+01	2.93428459e+01	-4.48924506e+07	-1.74729249e+06	1.00000000e-09	1.00000000e-09	1.00000000e-10	1.00000000e-10	0.00000000e+00	1.39160284e-11
3.50000000e+01	2.94269229e+01	-4.45951401e+07	-1.73572065e+06	9.63122526e+01	5.08123495e-02	9.63122526e+00	5.08123495e-03	9.28781703e+06	1.27938473e-11
3.51000000e+01	2.95109998e+01	-4.42978295e+07	-1.72414880e+06	1.76575807e+02	2.65723190e-02	1.76575807e+01	2.65723190e-03	1.70344115e+07	1.17621583e-11
3.52000000e+01	2.95950767e+01	-4.40005194e+07	-1.71257698e+06	1.00000000e-09	1.00000000e-09	1.00000000e-10	1.00000000e-10	0.00000000e+00	1.08136641e-11
3.53000000e+01	2.96791536e+01	-4.37032094e+07	-1.70100515e+06	1.00000000e-09	1.00000000e-09	1.00000000e-10	1.00000000e-10	0.00000000e+00	9.94165601e-12
3.54000000e+01	2.97632306e+01	-4.34058993e+07	-1.68943332e+06	9.38031424e+01	4.22970332e-02	9.38031424e+00	4.22970332e-03	9.04654631e+06	9.13996618e-12
3.55000000e+01	2.98473075e+01	-4.31085892e+07	-1.67786150e+06	1.78180185e+02	3.27758120e-02	1.78180185e+01	3.27758120e-03	1.71886119e+07	8.40292419e-12
3.56000000e+01	2.99313844e+01	-4.28112796e+07	-1.66628969e+06	1.00000000e-09	1.00000000e-09	1.00000000e-10	1.00000000e-10	0.00000000e+00	7.72531687e-12
3.57000000e+01	3.00154613e+01	-4.25139700e+07	-1.65471788e+06	1.00000000e-09	1.00000000e-09	1.00000000e-10	1.00000000e-10	0.00000000e+00	7.10235144e-12
3.58000000e+01	3.00995383e+01	-4.22166604e+07	-1.64314607e+06	9.12671648e+01	3.34041832e-02	9.12671648e+00	3.34041832e-03	8.80271969e+06	6.52962161e-12
3.59000000e+01	3.01836152e+01	-4.19193508e+07	-1.63157426e+06	1.79743953e+02	3.76745046e-02	1.79743953e+01	3.76745046e-03	1.73390199e+07	6.00307641e-12
3.60000000e+01	3.02676921e+01	-4.16220416e+07	-1.62000247e+06	1.00000000e-09	1.00000000e-09	1.00000000e-10	1.00000000e-10	0.00000000e+00	5.51899153e-12
3.61000000e+01	3.03517690e+01	-4.13247325e+07	-1.60843068e+06	1.00000000e-09	1.00000000e-09	1.00000000e-10	1.00000000e-10	0.00000000e+00	5.07394300e-12
3.62000000e+01	3.04358459e+01	-4.10274234e+07	-1.59685889e+06	8.87049953e+01	2.41797772e-02	8.87049953e+00	2.41797772e-03	8.55639794e+06	4.66478295e-12
3.63000000e+01	3.05199229e+01	-4.07301142e+07	-1.58528710e+06	1.81266672e+02	4.12276093e-02	1.81266672e+01	4.12276093e-03	1.74855972e+07	4.28861734e-12
3.64000000e+01	3.06039998e+01	-4.04328055e+07	-1.57371533e+06	1.00000000e-09	1.00000000e-09	1.00000000e-10	1.00000000e-10	0.00000000e+00	3.94278553e-12
3.65000000e+01	3.06880767e+01	-4.01354968e+07	-1.56214355e+06	1.00000000e-09	1.00000000e-09	1.00000000e-10	1.00000000e-10	0.00000000e+00	3.62484141e-12
3.66000000e+01	3.07721536e+01	-3.98381882e+07	-1.55057178e+06	8.61173147e+01	1.46219734e-02	8.61173147e+00	1.46219734e-03	8.30764690e+06	3.33253613e-12
3.67000000e+01	3.08562306e+01	-3.95408795e+07	-1.53900001e+06	1.82747913e+02	4.33385447e-02	1.82747913e+01	4.33385447e-03	1.76283116e+07	3.06380220e-12
3.68000000e+01	3.09403075e+01	-3.92435713e+07	-1.52742825e+06	1.00000000e-09	1.00000000e-09	1.00000000e-10	1.00000000e-10	0.00000000e+00	2.81673882e-12
3.69000000e+01	3.10243844e+01	-3.89462631e+07	-1.51585650e+06	1.00000000e-09	1.00000000e-09	1.00000000e-10	1.00000000e-10	0.00000000e+00	2.58959851e-12
3.70000000e+01	3.11084613e+01	-3.86489549e+07	-1.50428475e+06	8.35048101e+01	4.70355838e-03	8.35048101e+00	4.70355838e-04	8.05653551e+06	2.38077467e-12
3.71000000e+01	3.11925382e+01	-3.83516467e+07	-1.49271299e+06	1.84187257e+02	4.38263545e-02	1.84187257e+01	4.38263545e-03	1.77671401e+07	2.18879027e-12
3.72000000e+01	3.12766152e+01	-3.80543390e+07	-1.48114126e+06	1.00000000e-09	3.28914201e-04	1.00000000e-10	3.28914201e-05	-3.17352994e+01	2.01228739e-12
3.73000000e+01	3.13606921e+01	-3.77570313e+07	-1.46956953e+06	1.00000000e-09	1.00000000e-09	1.00000000e-10	1.00000000e-10	0.00000000e+00	1.85001761e-12
3.74000000e+01	3.14447690e+01	-3.74597236e+07	-1.45799779e+06	8.08681758e+01	1.00000000e-09	8.08681758e+00	1.00000000e-10	7.80259280e+06	1.70083318e-12
3.75000000e+01	3.15288459e+01	-3.71624159e+07	-1.44642606e+06	1.85584289e+02	4.21103399e-02	1.85584289e+01	4.21103399e-03	1.79020987e+07	1.56367890e-12
3.76000000e+01	3.16129229e+01	-3.68651087e+07	-1.43485434e+06	1.00000000e-09	1.06444243e-02	1.00000000e-10	1.06444243e-03	-1.02703072e+03	1.43758467e-12
3.77000000e+01	3.16969998e+01	-3.65678015e+07	-1.42328263e+06	1.00000000e-09	1.00000000e-09	1.00000000e-10	1.00000000e-10	0.00000000e+00	1.32165861e-12
3.78000000e+01	3.17810767e+01	-3.62704943e+07	-1.41171091e+06	7.82081095e+01	1.00000000e-09	7.82081095e+00	1.00000000e-10	7.54593542e+06	1.21508076e-12
3.79000000e+01	3.18651536e+01	-3.59731871e+07	-1.40013920e+06	1.86938592e+02	3.71911415e-02	1.86938592e+01	3.71911415e-03	1.80332437e+07	1.11709730e-12
3.80000000e+01	3.19492305e+01	-3.56758804e+07	-1.38856750e+06	1.00000000e-09	2.06420832e-02	1.00000000e-10	2.06420832e-03	-1.99165815e+03	1.02701517e-12
3.81000000e+01	3.20333075e+01	-3.53785737e+07	-1.37699581e+06	1.00000000e-09	1.00000000e-09	1.00000000e-10	1.00000000e-10	0.00000000e+00	9.44197214e-13
3.82000000e+01	3.21173844e+01	-3.50812669e+07	-1.36542411e+06	7.55253047e+01	1.00000000e-09	7.55253047e+00	1.00000000e-10	7.28708411e+06	8.68057654e-13
3.83000000e+01	3.22014613e+01	-3.47839602e+07	-1.35385241e+06	1.88249777e+02	2.90412540e-02	1.88249777e+01	2.90412540e-03	1.81605402e+07	7.98057949e-13
3.84000000e+01	3.22855382e+01	-3.44866540e+07	-1.34228074e+06	1.00000000e-09	2.94815943e-02	1.00000000e-10	2.94815943e-03	-2.84454132e+03	7.33702982e-13
3.85000000e+01	3.23696152e+01	-3.41893477e+07	-1.33070906e+06	1.00000000e-09	1.00000000e-09	1.00000000e-10	1.00000000e-10	0.00000000e+00	6.74537565e-13
3.86000000e+01	3.24536921e+01	-3.38920414e+07	-1.31913738e+06	7.28204650e+01	1.00000000e-09	7.28204650e+00	1.00000000e-10	7.02610675e+06	6.20143216e-13
3.87000000e+01	3.25377690e+01	-3.35947352e+07	-1.30756570e+06	1.89517469e+02	1.78976872e-02	1.89517469e+01	1.78976872e-03	1.82839291e+07	5.70135198e-13
3.88000000e+01	3.26218459e+01	-3.32974294e+07	-1.29599404e+06	1.00000000e-09	3.62085900e-02	1.00000000e-10	3.62085900e-03	-3.49359773e+03	5.24159800e-13
3.89000000e+01	3.27059228e+01	-3.30001236e+07	-1.28442238e+06	1.00000000e-09	1.00000000e-09	1.00000000e-10	1.00000000e-10	0.00000000e+00	4.81891834e-13
3.90000000e+01	3.27899998e+01	-3.27028178e+07	-1.27285072e+06	7.00943051e+01	1.00000000e-09	7.00943051e+00	1.00000000e-10	6.76307231e+06	4.43032333e-13
3.91000000e+01	3.28740767e+01	-3.24055120e+07	-1.26127906e+06	1.90741304e+02	4.31287671e-03	1.90741304e+01	4.31287671e-04	1.84033219e+07	4.07306443e-13
3.92000000e+01	3.29581536e+01	-3.21082068e+07	-1.24970742e+06	1.00000000e-09	3.97033044e-02	1.00000000e-10	3.97033044e-03	-3.83078642e+03	3.74461468e-13
3.93000000e+01	3.30422305e+01	-3.18109015e+07	-1.23813578e+06	1.00000000e-09	3.29052733e-03	1.00000000e-10	3.29052733e-04	-3.17487526e+02	3.44265096e-13
3.94000000e+01	3.31263075e+01	-3.15135962e+07	-1.22656414e+06	6.73475511e+01	1.00000000e-09	6.73475511e+00	1.00000000e-10	6.49805083e+06	3.16503742e-13
3.95000000e+01	3.32103844e+01	-3.12162909e+07	-1.21499250e+06	1.91919550e+02	1.00000000e-09	1.91919550e+01	1.00000000e-10	1.85174215e+07	2.90981049e-13
3.96000000e+01	3.32944613e+01	-3.09189862e+07	-1.20342088e+06	1.00000000e-09	3.80218155e-02	1.00000000e-10	3.80218155e-03	-3.66854740e+03	2.67516493e-13
3.97000000e+01	3.33785382e+01	-3.06216813e+07	-1.19184926e+06	1.00000000e-09	1.77754141e-02	1.00000000e-10	1.77754141e-03	-1.71506664e+03	2.45944106e-13
3.98000000e+01	3.34626152e+01	-3.03243765e+07	-1.18027763e+06	6.45809331e+01	1.00000000e-09	6.45809331e+00	1.00000000e-10	6.23111278e+06	2.26111304e-13
3.99000000e+01	3.35466921e+01	-3.00270717e+07	-1.16870601e+06	1.93053032e+02	1.00000000e-09	1.93053032e+01	1.00000000e-10	1.86267859e+07	2.07877809e-13
4.00000000e+01	3.36307690e+01	-2.97297674e+07	-1.15713441e+06	1.00000000e-09	2.94521455e-02	1.00000000e-10	2.94521455e-03	-2.84169994e+03	1.91114654e-13
4.01000000e+01	3.37148459e+01	-2.94324631e+07	-1.14556281e+06	1.00000000e-09	3.01402663e-02	1.00000000e-10	3.01402663e-03	-2.90809351e+03	1.75703270e-13
4.02000000e+01	3.37989228e+01	-2.91351587e+07	-1.13399120e+06	6.17952053e+01	1.00000000e-09	6.17952053e+00	1.00000000e-10	5.96233091e+06	1.61534652e-13
4.03000000e+01	3.38829998e+01	-2.88378543e+07	-1.12241960e+06	1.94141653e+02	1.00000000e-09	1.94141653e+01	1.00000000e-10	1.87318219e+07	1.48508584e-13
4.04000000e+01	3.39670767e+01	-2.85405505e+07	-1.11084801e+06	1.00000000e-09	1.37623169e-02	1.00000000e-10	1.37623169e-03	-1.32786162e+03	1.36532931e-13
4.05000000e+01	3.40511536e+01	-2.82432467e+07	-1.09927643e+06	1.00000000e-09	3.76934766e-02	1.00000000e-10	3.76934766e-03	-3.63686752e+03	1.25522989e-13
4.06000000e+01	3.41352305e+01	-2.79459428e+07	-1.08770485e+06	5.89911283e+01	1.00000000e-09	5.89911283e+00	1.00000000e-10	5.69177861e+06	1.15400882e-13
4.07000000e+01	3.42193075e+01	-2.76486389e+07	-1.07613326e+06	1.95185107e+02	1.00000000e-09	1.95185107e+01	1.00000000e-10	1.88324999e+07	1.06095016e-13
4.08000000e+01	3.43033844e+01	-2.73513356e+07	-1.06456170e+06	1.00000000e-09	1.00000000e-09	1.00000000e-10	1.00000000e-10	0.00000000e+00	9.75395708e-14
4.09000000e+01	3.43874613e+01	-2.70540323e+07	-1.05299013e+06	1.00000000e-09	3.59691261e-02	1.00000000e-10	3.59691261e-03	-3.47049298e+03	8.96740319e-14
4.10000000e+01	3.44715382e+01	-2.67567289e+07	-1.04141857e+06	5.61694711e+01	1.91693682e-02	5.61694711e+00	1.91693682e-03	5.41768051e+06	8.24427658e-14
4.11000000e+01	3.45556151e+01	-2.64594255e+07	-1.02984700e+06	1.96183061e+02	1.00000000e-09	1.96183061e+01	1.00000000e-10	1.89287878e+07	7.57946252e-14
4.12000000e+01	3.46396921e+01	-2.61621227e+07	-1.01827545e+06	1.00000000e-09	1.00000000e-09	1.00000000e-10	1.00000000e-10	0.00000000e+00	6.96825871e-14
4.13000000e+01	3.47237690e+01	-2.58648199e+07	-1.00670391e+06	1.00000000e-09	1.71958550e-02	1.00000000e-10	1.71958550e-03	-1.65914769e+03	6.40634205e-14
4.14000000e+01	3.48078459e+01	-2.55675170e+07	-9.95132364e+05	5.33309894e+01	3.81022205e-02	5.33309894e+00	3.81022205e-03	5.14198192e+06	5.88973804e-14
4.15000000e+01	3.48919228e+01	-2.52702141e+07	-9.83560815e+05	1.97135207e+02	1.00000000e-09	1.97135207e+01	1.00000000e-10	1.90206559e+07	5.41479271e-14
4.16000000e+01	3.49759998e+01	-2.49729117e+07	-9.71989289e+05	1.00000000e-09	1.00000000e-09	1.00000000e-10	1.00000000e-10	0.00000000e+00	4.97814672e-14
4.17000000e+01	3.50600767e+01	-2.46756094e+07	-9.60417764e+05	1.00000000e-09	1.00000000e-09	1.00000000e-10	1.00000000e-10	0.00000000e+00	4.57671163e-14
4.18000000e+01	3.51441536e+01	-2.43783071e+07	-9.48846239e+05	5.04764249e+01	3.24000269e-02	5.04764249e+00	3.24000269e-03	4.86710850e+06	4.20764804e-14
4.19000000e+01	3.52282305e+01	-2.40810047e+07	-9.37274711e+05	1.98041301e+02	3.83238097e-02	1.98041301e+01	3.83238097e-03	1.91043830e+07	3.86834555e-14
4.20000000e+01	3.53123074e+01	-2.37837028e+07	-9.25703203e+05	1.00000000e-09	1.00000000e-09	1.00000000e-10	1.00000000e-10	0.00000000e+00	3.55640423e-14
4.21000000e+01	3.53963844e+01	-2.34864009e+07	-9.14131696e+05	1.00000000e-09	1.00000000e-09	1.00000000e-10	1.00000000e-10	0.00000000e+00	3.26961769e-14
4.22000000e+01	3.54804613e+01	-2.31890991e+07	-9.02560188e+05	4.76065351e+01	1.00000000e-09	4.76065351e+00	1.00000000e-10	4.59333235e+06	3.00595747e-14
4.23000000e+01	3.55645382e+01	-2.28917972e+07	-8.90988681e+05	1.98901112e+02	2.99741652e-02	1.98901112e+01	2.99741652e-03	1.91881478e+07	2.76355866e-14
4.24000000e+01	3.56486151e+01	-2.25944958e+07	-8.79417194e+05	1.00000000e-09	7.30258816e-02	1.00000000e-10	7.30258816e-03	-7.04592635e+03	2.54070677e-14
4.25000000e+01	3.57326921e+01	-2.22971944e+07	-8.67845702e+05	1.00000000e-09	7.52534466e-02	1.00000000e-10	7.52534466e-03	-7.26085369e+03	2.33582553e-14
4.26000000e+01	3.58167690e+01	-2.19998927e+07	-8.56274204e+05	4.47221126e+01	6.11240725e-02	4.47221126e+00	6.11240725e-03	4.30913031e+06	2.14746581e-14
4.27000000e+01	3.59008459e+01	-2.17025910e+07	-8.44702701e+05	1.99714153e+02	3.64823421e-02	1.99714153e+01	3.64823421e-03	1.92659663e+07	1.97429531e-14
4.28000000e+01	3.59849228e+01	-2.14052897e+07	-8.33131218e+05	1.00000000e-09	1.03994361e-02	1.00000000e-10	1.03994361e-03	-1.00339295e+03	1.81508919e-14
4.29000000e+01	3.60689997e+01	-2.11079885e+07	-8.21559735e+05	1.00000000e-09	1.58359829e-07	1.00000000e-10	1.58359829e-08	-1.51829154e-02	1.66872137e-14
4.30000000e+01	3.61530767e+01	-2.08106872e+07	-8.09988251e+05	4.18238588e+01	6.35188797e-09	4.18238588e+00	6.35188797e-10	4.03538891e+06	1.53415657e-14
4.31000000e+01	3.62371536e+01	-2.05133860e+07	-7.98416768e+05	2.00480538e+02	4.14365929e-04	2.00480538e+01	4.14365929e-05	1.93433913e+07	1.41044300e-14
4.32000000e+01	3.63212305e+01	-2.02160853e+07	-7.86845308e+05	1.00000000e-09	5.03046420e-04	1.00000000e-10	5.03046420e-05	-4.85365045e+01	1.29670563e-14
4.33000000e+01	3.64053074e+01	-1.99187847e+07	-7.75273849e+05	1.00000000e-09	1.00000000e-09	1.00000000e-10	1.00000000e-10	0.00000000e+00	1.19213998e-14
4.34000000e+01	3.64893844e+01	-1.96214841e+07	-7.63702390e+05	3.89126261e+01	1.00000000e-09	3.89126261e+00	1.00000000e-10	3.75449765e+06	1.09600645e-14
4.35000000e+01	3.65734613e+01	-1.93241835e+07	-7.52130931e+05	2.01199884e+02	1.74171533e-04	2.01199884e+01	1.74171533e-05	1.94128208e+07	1.00762507e-14
4.36000000e+01	3.66575382e+01	-1.90268834e+07	-7.40559495e+05	1.00000000e-09	3.35297819e-04	1.00000000e-10	3.35297819e-05	-3.23512250e+01	9.26370726e-15
4.37000000e+01	3.67416151e+01	-1.87295834e+07	-7.28988060e+05	1.00000000e-09	1.00000000e-09	1.00000000e-10	1.00000000e-10	0.00000000e+00	8.51668685e-15
4.38000000e+01	3.68256921e+01	-1.84322834e+07	-7.17416625e+05	3.59892058e+01	1.00000000e-09	3.59892058e+00	1.00000000e-10	3.47243047e+06	7.82990577e-15
4.39000000e+01	3.69097690e+01	-1.81349834e+07	-7.05845190e+05	2.01871958e+02	8.59962676e-05	2.01871958e+01	8.59962676e-06	1.94776746e+07	7.19850635e-15
4.40000000e+01	3.69938459e+01	-1.78376840e+07	-6.94273778e+05	1.00000000e-09	2.58390049e-04	1.00000000e-10	2.58390049e-05	-2.49307532e+01	6.61802264e-15
4.41000000e+01	3.70779228e+01	-1.75403846e+07	-6.82702367e+05	1.00000000e-09	1.00000000e-09	1.00000000e-10	1.00000000e-10	0.00000000e+00	6.08434883e-15
4.42000000e+01	3.71619997e+01	-1.72430852e+07	-6.71130957e+05	3.30544042e+01	1.00000000e-09	3.30544042e+00	1.00000000e-10	3.18926516e+06	5.59371018e-15
4.43000000e+01	3.72460767e+01	-1.69457858e+07	-6.59559546e+05	2.02496566e+02	3.88441924e-05	2.02496566e+01	3.88441924e-06	1.95379447e+07	5.14263638e-15
4.44000000e+01	3.73301536e+01	-1.66484870e+07	-6.47988159e+05	1.00000000e-09	2.13356927e-04	1.00000000e-10	2.13356927e-05	-2.05857175e+01	4.72793693e-15
4.45000000e+01	3.74142305e+01	-1.63511883e+07	-6.36416773e+05	1.00000000e-09	1.00000000e-09	1.00000000e-10	1.00000000e-10	0.00000000e+00	4.34667862e-15
4.46000000e+01	3.74983074e+01	-1.60538895e+07	-6.24845386e+05	3.01090193e+01	1.00000000e-09	3.01090193e+00	1.00000000e-10	2.90507872e+06	3.99616478e-15
4.47000000e+01	3.75823844e+01	-1.57565908e+07	-6.13274000e+05	2.03073525e+02	8.53429565e-06	2.03073525e+01	8.53429565e-07	1.95936157e+07	3.67391618e-15
4.48000000e+01	3.76664613e+01	-1.54592926e+07	-6.01702637e+05	1.00000000e-09	1.83120797e-04	1.00000000e-10	1.83120797e-05	-1.76683744e+01	3.37765354e-15
4.49000000e+01	3.77505382e+01	-1.51619945e+07	-5.90131276e+05	1.00000000e-09	2.68718119e-06	1.00000000e-10	2.68718119e-07	-2.59177084e-01	3.10528136e-15
4.50000000e+01	3.78346151e+01	-1.48646964e+07	-5.78559914e+05	2.71538550e+01	1.00000000e-09	2.71538550e+00	1.00000000e-10	2.61994872e+06	2.85487313e-15
4.51000000e+01	3.79186920e+01	-1.45673982e+07	-5.66988553e+05	2.03602659e+02	1.00000000e-09	2.03602659e+01	1.00000000e-10	1.96446702e+07	2.62465769e-15
4.52000000e+01	3.80027690e+01	-1.42701007e+07	-5.55417214e+05	1.00000000e-09	1.58984840e-04	1.00000000e-10	1.58984840e-05	-1.53396086e+01	2.41300669e-15
4.53000000e+01	3.80868459e+01	-1.39728032e+07	-5.43845877e+05	1.00000000e-09	2.03330472e-05	1.00000000e-10	2.03330472e-06	-1.96174432e+00	2.21842312e-15
4.54000000e+01	3.81709228e+01	-1.36755057e+07	-5.32274540e+05	2.41897201e+01	1.00000000e-09	2.41897201e+00	1.00000000e-10	2.33395318e+06	2.03953067e-15
4.55000000e+01	3.82549997e+01	-1.33782083e+07	-5.20703204e+05	2.04083810e+02	1.00000000e-09	2.04083810e+01	1.00000000e-10	1.96910942e+07	1.87506400e-15
4.56000000e+01	3.83390767e+01	-1.30809114e+07	-5.09131890e+05	1.00000000e-09	1.36598548e-04	1.00000000e-10	1.36598548e-05	-1.31796598e+01	1.72385984e-15
4.57000000e+01	3.84231536e+01	-1.27836145e+07	-4.97560578e+05	1.00000000e-09	3.34768888e-05	1.00000000e-10	3.34768888e-06	-3.22993225e+00	1.58484870e-15
4.58000000e+01	3.85072305e+01	-1.24863177e+07	-4.85989266e+05	2.12174281e+01	1.00000000e-09	2.12174281e+00	1.00000000e-10	2.04717060e+06	1.45704735e-15
4.59000000e+01	3.85913074e+01	-1.21890208e+07	-4.74417954e+05	2.04516832e+02	1.00000000e-09	2.04516832e+01	1.00000000e-10	1.97328745e+07	1.33955183e-15
4.60000000e+01	3.86753843e+01	-1.18917246e+07	-4.62846665e+05	1.00000000e-09	1.16301616e-04	1.00000000e-10	1.16301616e-05	-1.12213036e+01	1.23153109e-15
4.61000000e+01	3.87594613e+01	-1.15944284e+07	-4.51275378e+05	1.00000000e-09	4.30621169e-05	1.00000000e-10	4.30621169e-06	-4.15476617e+00	1.13222108e-15
4.62000000e+01	3.88435382e+01	-1.12971322e+07	-4.39704091e+05	1.82377955e+01	1.00000000e-09	1.82377955e+00	1.00000000e-10	1.75967976e+06	1.04091937e-15
4.63000000e+01	3.89276151e+01	-1.09998359e+07	-4.28132804e+05	2.04901596e+02	1.00000000e-09	2.04901596e+01	1.00000000e-10	1.97699985e+07	9.56980191e-16
4.64000000e+01	3.90116920e+01	-1.07025403e+07	-4.16561540e+05	1.00000000e-09	9.81143540e-05	1.00000000e-10	9.81143540e-06	-9.46649955e+00	8.79809819e-16
4.65000000e+01	3.90957690e+01	-1.04052448e+07	-4.04990278e+05	1.00000000e-09	4.98776032e-05	1.00000000e-10	4.98776032e-06	-4.81236063e+00	8.08862425e-16
4.66000000e+01	3.91798459e+01	-1.01079492e+07	-3.93419017e+05	1.52516409e+01	1.00000000e-09	1.52516409e+00	1.00000000e-10	1.47155964e+06	7.43636191e-16
4.67000000e+01	3.92639228e+01	-9.81065365e+06	-3.81847755e+05	2.05237987e+02	1.00000000e-09	2.05237987e+01	1.00000000e-10	1.98024553e+07	6.83669765e-16
4.68000000e+01	3.93479997e+01	-9.51335868e+06	-3.70276516e+05	1.00000000e-09	8.18996869e-05	1.00000000e-10	8.18996869e-06	-7.90202200e+00	6.28539001e-16
4.69000000e+01	3.94320766e+01	-9.21606377e+06	-3.58705279e+05	1.00000000e-09	5.45490321e-05	1.00000000e-10	5.45490321e-06	-5.26308500e+00	5.77853951e-16
4.70000000e+01	3.95161536e+01	-8.91876886e+06	-3.47134043e+05	1.22597837e+01	1.00000000e-09	1.22597837e+00	1.00000000e-10	1.18288930e+06	5.31256117e-16
4.71000000e+01	3.96002305e+01	-8.62147395e+06	-3.35562806e+05	2.05525906e+02	1.00000000e-09	2.05525906e+01	1.00000000e-10	1.98302353e+07	4.88415907e-16
4.72000000e+01	3.96843074e+01	-8.32417962e+06	-3.23991592e+05	1.00000000e-09	6.74566904e-05	1.00000000e-10	6.74566904e-06	-6.50848469e+00	4.49030309e-16
4.73000000e+01	3.97683843e+01	-8.02688536e+06	-3.12420381e+05	1.00000000e-09	5.75587519e-05	1.00000000e-10	5.75587519e-06	-5.55347881e+00	4.12820745e-16
4.74000000e+01	3.98524613e+01	-7.72959111e+06	-3.00849170e+05	9.26304422e+00	1.00000000e-09	9.26304422e-01	1.00000000e-10	8.93747898e+05	3.79531100e-16
4.75000000e+01	3.99365382e+01	-7.43229685e+06	-2.89277959e+05	2.05765269e+02	1.00000000e-09	2.05765269e+01	1.00000000e-10	1.98533303e+07	3.48925915e-16
4.76000000e+01	4.00206151e+01	-7.13500318e+06	-2.77706771e+05	1.00000000e-09	5.45703859e-05	1.00000000e-10	5.45703859e-06	-5.26514532e+00	3.20788716e-16
4.77000000e+01	4.01046920e+01	-6.83770957e+06	-2.66135585e+05	1.00000000e-09	5.92729468e-05	1.00000000e-10	5.92729468e-06	-5.71887347e+00	2.94920485e-16
4.78000000e+01	4.01887690e+01	-6.54041597e+06	-2.54564399e+05	6.26224287e+00	1.00000000e-09	6.26224287e-01	1.00000000e-10	6.04214583e+05	2.71138254e-16
4.79000000e+01	4.02728459e+01	-6.24312237e+06	-2.42993214e+05	2.05956003e+02	1.00000000e-09	2.05956003e+01	1.00000000e-10	1.98717334e+07	2.49273810e-16
4.80000000e+01	4.03569228e+01	-5.94582935e+06	-2.31422051e+05	1.00000000e-09	4.30360397e-05	1.00000000e-10	4.30360397e-06	-4.15225010e+00	2.29172503e-16
4.81000000e+01	4.04409997e+01	-5.64853641e+06	-2.19850891e+05	1.00000000e-09	5.99673583e-05	1.00000000e-10	5.99673583e-06	-5.78587400e+00	2.10692155e-16
4.82000000e+01	4.05250766e+01	-5.35124346e+06	-2.08279731e+05	3.25820071e+00	1.00000000e-09	3.25820071e-01	1.00000000e-10	3.14368578e+05	1.93702052e-16
4.83000000e+01	4.06091536e+01	-5.05395052e+06	-1.96708571e+05	2.06098052e+02	1.00000000e-09	2.06098052e+01	1.00000000e-10	1.98854390e+07	1.78082022e-16
4.84000000e+01	4.06932305e+01	-4.75665816e+06	-1.85137434e+05	1.00000000e-09	3.26694879e-05	1.00000000e-10	3.26694879e-06	-3.15202991e+00	1.63721583e-16
4.85000000e+01	4.07773074e+01	-4.45936588e+06	-1.73566299e+05	1.00000000e-09	5.98487034e-05	1.00000000e-10	5.98487034e-06	-5.77442554e+00	1.50519162e-16
4.86000000e+01	4.08613843e+01	-4.16207360e+06	-1.61995165e+05	2.51739337e-01	1.00000000e-09	2.51739337e-02	1.00000000e-10	2.42891534e+04	1.38381377e-16
4.87000000e+01	4.09454613e+01	-3.86478131e+06	-1.50424031e+05	2.06191373e+02	1.00000000e-09	2.06191373e+01	1.00000000e-10	1.98944431e+07	1.27222377e-16
4.88000000e+01	4.10295382e+01	-3.56748962e+06	-1.38852919e+05	9.73778194e-01	2.33101734e-05	9.73778194e-02	2.33101734e-06	9.39530634e+04	1.16963232e-16
4.89000000e+01	4.11136151e+01	-3.27019800e+06	-1.27281811e+05	1.00000000e-09	5.90714580e-05	1.00000000e-10	5.90714580e-06	-5.69943276e+00	1.07531379e-16
4.90000000e+01	4.11976920e+01	-2.97290638e+06	-1.15710703e+05	1.00000000e-09	1.00000000e-09	1.00000000e-10	1.00000000e-10	0.00000000e+00	9.88601065e-17
4.91000000e+01	4.12817689e+01	-2.67561477e+06	-1.04139594e+05	2.06235934e+02	1.00000000e-09	2.06235934e+01	1.00000000e-10	1.98987426e+07	9.08880802e-17
4.92000000e+01	4.13658459e+01	-2.37832373e+06	-9.25685087e+04	3.98241926e+00	1.48206502e-05	3.98241926e-01	1.48206502e-06	3.84243615e+05	8.35589140e-17
4.93000000e+01	4.14499228e+01	-2.08103279e+06	-8.09974264e+04	1.00000000e-09	5.77506020e-05	1.00000000e-10	5.77506020e-06	-5.57198953e+00	7.68207678e-17
4.94000000e+01	4.15339997e+01	-1.78374184e+06	-6.94263440e+04	1.00000000e-09	1.00000000e-09	1.00000000e-10	1.00000000e-10	0.00000000e+00	7.06259821e-17
4.95000000e+01	4.16180766e+01	-1.48645089e+06	-5.78552617e+04	2.06231720e+02	1.00000000e-09	2.06231720e+01	1.00000000e-10	1.98983360e+07	6.49307406e-17
4.96000000e+01	4.17021536e+01	-1.18916052e+06	-4.62842021e+04	6.99143408e+00	7.08456016e-06	6.99143408e-01	7.08456016e-07	6.74570156e+05	5.96947603e-17
4.97000000e+01	4.17862305e+01	-8.91870247e+05	-3.47131459e+04	1.00000000e-09	5.59711353e-05	1.00000000e-10	5.59711353e-06	-5.40029709e+00	5.48810067e-17
4.98000000e+01	4.18703074e+01	-5.94579970e+05	-2.31420897e+04	1.00000000e-09	1.00000000e-09	1.00000000e-10	1.00000000e-10	0.00000000e+00	5.04554316e-17
4.99000000e+01	4.19543843e+01	-2.97289693e+05	-1.15710335e+04	2.06178728e+02	1.00000000e-09	2.06178728e+01	1.00000000e-10	1.98932230e+07	4.63867326e-17
5.00000000e+01	4.20384612e+01	0.00000000e+00	0.00000000e+00	1.00000000e+01	1.00000000e+01	1.00000000e+00	1.00000000e+00	0.00000000e+00	4.26461312e-17
