# 1D PNP Solver Results
# Debye length: 1.18939 nm
# Surface potential: 100 mV
# Bulk concentration: 10 mol/m^3
# Thermal voltage: 25.6926 mV
# Grid: non-uniform with stretching factor 1
#
# Columns:
# 1: x [nm]
# 2: x/lambda_D [-]
# 3: phi [mV]
# 4: phi_normalized = e*phi/(kB*T) [-]
# 5: c+ [mol/m^3]
# 6: c- [mol/m^3]
# 7: c+/c0 [-]
# 8: c-/c0 [-]
# 9: rho [C/m^3]
# 10: phi_GC [mV] (Gouy-Chapman analytical)
0.00000000e+00	0.00000000e+00	1.00000000e+02	3.89217445e+00	1.00000000e-09	1.00000000e-09	1.00000000e-10	1.00000000e-10	0.00000000e+00	1.00000000e+02
1.00000000e-01	8.40769225e-02	3.20732682e+06	1.24834755e+05	1.00000000e-09	1.00000000e-09	1.00000000e-10	1.00000000e-10	0.00000000e+00	8.70576373e+01
2.00000000e-01	1.68153845e-01	6.41361984e+06	2.49629273e+05	1.70145118e+06	1.00000000e-09	1.70145118e+05	1.00000000e-10	1.64165082e+11	7.68715638e+01
3.00000000e-01	2.52230767e-01	9.61991285e+06	3.74423790e+05	9.50467159e+03	1.00000000e-09	9.50467159e+02	1.00000000e-10	9.17061395e+08	6.85207345e+01
4.00000000e-01	3.36307690e-01	1.28262059e+07	4.99218308e+05	1.00000000e-09	1.00000000e-09	1.00000000e-10	1.00000000e-10	0.00000000e+00	6.14862309e+01
5.00000000e-01	4.20384612e-01	1.59556838e+07	6.21023049e+05	1.00000000e-09	1.00000000e-09	1.00000000e-10	1.00000000e-10	0.00000000e+00	5.54461690e+01
6.00000000e-01	5.04461535e-01	1.90822413e+07	7.42714119e+05	1.70275373e+06	1.00000000e-09	1.70275373e+05	1.00000000e-10	1.64290759e+11	5.01866549e+01
7.00000000e-01	5.88538457e-01	2.22087987e+07	8.64405190e+05	1.94787339e+04	1.00000000e-09	1.94787339e+03	1.00000000e-10	1.87941211e+09	4.55579535e+01
8.00000000e-01	6.72615380e-01	2.53353562e+07	9.86096260e+05	1.00000000e-09	1.00000000e-09	1.00000000e-10	1.00000000e-10	0.00000000e+00	4.14508515e+01
9.00000000e-01	7.56692302e-01	2.83851294e+07	1.10479875e+06	1.00000000e-09	1.00000000e-09	1.00000000e-10	1.00000000e-10	0.00000000e+00	3.77829914e+01
1.00000000e+00	8.40769225e-01	3.14299041e+07	1.22330670e+06	1.70504448e+06	1.00000000e-09	1.70504448e+05	1.00000000e-10	1.64511783e+11	3.44905241e+01
1.10000000e+00	9.24846147e-01	3.44746789e+07	1.34181464e+06	2.99656657e+04	1.00000000e-09	2.99656657e+03	1.00000000e-10	2.89124720e+09	3.15227780e+01
1.20000000e+00	1.00892307e+00	3.75194536e+07	1.46032259e+06	1.00000000e-09	1.00000000e-09	1.00000000e-10	1.00000000e-10	0.00000000e+00	2.88387272e+01
1.30000000e+00	1.09299999e+00	4.04874802e+07	1.57584336e+06	1.00000000e-09	1.00000000e-09	1.00000000e-10	1.00000000e-10	0.00000000e+00	2.64045776e+01
1.40000000e+00	1.17707691e+00	4.34483312e+07	1.69108485e+06	1.70843130e+06	1.00000000e-09	1.70843130e+05	1.00000000e-10	1.64838562e+11	2.41920729e+01
1.50000000e+00	1.26115384e+00	4.64091822e+07	1.80632633e+06	4.10149965e+04	1.00000000e-09	4.10149965e+03	1.00000000e-10	3.95734556e+09	2.21772778e+01
1.60000000e+00	1.34523076e+00	4.93700332e+07	1.92156782e+06	1.00000000e-09	1.00000000e-09	1.00000000e-10	1.00000000e-10	0.00000000e+00	2.03396868e+01
1.70000000e+00	1.42930768e+00	5.22541778e+07	2.03382376e+06	1.00000000e-09	1.00000000e-09	1.00000000e-10	1.00000000e-10	0.00000000e+00	1.86615585e+01
1.80000000e+00	1.51338460e+00	5.51288618e+07	2.14571147e+06	1.71304127e+06	1.00000000e-09	1.71304127e+05	1.00000000e-10	1.65283356e+11	1.71274116e+01
1.90000000e+00	1.59746153e+00	5.80035457e+07	2.25759918e+06	5.26834671e+04	1.00000000e-09	5.26834671e+03	1.00000000e-10	5.08318182e+09	1.57236358e+01
2.00000000e+00	1.68153845e+00	6.08782296e+07	2.36948690e+06	1.00000000e-09	1.00000000e-09	1.00000000e-10	1.00000000e-10	0.00000000e+00	1.44381886e+01
2.10000000e+00	1.76561537e+00	6.36762550e+07	2.47839093e+06	1.00000000e-09	1.00000000e-09	1.00000000e-10	1.00000000e-10	0.00000000e+00	1.32603556e+01
2.20000000e+00	1.84969229e+00	6.64624165e+07	2.58683319e+06	1.71902516e+06	1.00000000e-09	1.71902516e+05	1.00000000e-10	1.65860714e+11	1.21805577e+01
2.30000000e+00	1.93376922e+00	6.92485779e+07	2.69527546e+06	6.50364768e+04	1.00000000e-09	6.50364768e+03	1.00000000e-10	6.27506607e+09	1.11901960e+01
2.40000000e+00	2.01784614e+00	7.20347393e+07	2.80371772e+06	1.00000000e-09	1.00000000e-09	1.00000000e-10	1.00000000e-10	0.00000000e+00	1.02815237e+01
2.50000000e+00	2.10192306e+00	7.47442969e+07	2.90917843e+06	1.00000000e-09	1.00000000e-09	1.00000000e-10	1.00000000e-10	0.00000000e+00	9.44754093e+00
2.60000000e+00	2.18599998e+00	7.74394574e+07	3.01407878e+06	1.72656329e+06	1.00000000e-09	1.72656329e+05	1.00000000e-10	1.66588032e+11	8.68190590e+00
2.70000000e+00	2.27007691e+00	8.01346179e+07	3.11897912e+06	7.81499102e+04	1.00000000e-09	7.81499102e+03	1.00000000e-10	7.54032004e+09	7.97886054e+00
2.80000000e+00	2.35415383e+00	8.28297785e+07	3.22387947e+06	1.00000000e-09	1.00000000e-09	1.00000000e-10	1.00000000e-10	0.00000000e+00	7.33316685e+00
2.90000000e+00	2.43823075e+00	8.54483970e+07	3.32580068e+06	1.00000000e-09	1.00000000e-09	1.00000000e-10	1.00000000e-10	0.00000000e+00	6.74005227e+00
3.00000000e+00	2.52230767e+00	8.80499425e+07	3.42705736e+06	1.73587313e+06	1.00000000e-09	1.73587313e+05	1.00000000e-10	1.67486296e+11	6.19516235e+00
3.10000000e+00	2.60638460e+00	9.06514880e+07	3.52831405e+06	9.21124647e+04	1.00000000e-09	9.21124647e+03	1.00000000e-10	8.88750175e+09	5.69451955e+00
3.20000000e+00	2.69046152e+00	9.32530334e+07	3.62957074e+06	1.00000000e-09	1.00000000e-09	1.00000000e-10	1.00000000e-10	0.00000000e+00	5.23448697e+00
3.30000000e+00	2.77453844e+00	9.57781070e+07	3.72785101e+06	1.00000000e-09	1.00000000e-09	1.00000000e-10	1.00000000e-10	0.00000000e+00	4.81173646e+00
3.40000000e+00	2.85861536e+00	9.82832729e+07	3.82535643e+06	1.74721958e+06	1.00000000e-09	1.74721958e+05	1.00000000e-10	1.68581062e+11	4.42322017e+00
3.50000000e+00	2.94269229e+00	1.00788439e+08	3.92286186e+06	1.07028655e+05	1.00000000e-09	1.07028655e+04	1.00000000e-10	1.03266953e+10	4.06614534e+00
3.60000000e+00	3.02676921e+00	1.03293605e+08	4.02036729e+06	1.00000000e-09	1.00000000e-09	1.00000000e-10	1.00000000e-10	0.00000000e+00	3.73795159e+00
3.70000000e+00	3.11084613e+00	1.05722378e+08	4.11489938e+06	1.00000000e-09	1.00000000e-09	1.00000000e-10	1.00000000e-10	0.00000000e+00	3.43629058e+00
3.80000000e+00	3.19492305e+00	1.08128232e+08	4.20853942e+06	1.76092871e+06	1.00000000e-09	1.76092871e+05	1.00000000e-10	1.69903791e+11	3.15900770e+00
3.90000000e+00	3.27899998e+00	1.10534086e+08	4.30217946e+06	1.23022738e+05	1.00000000e-09	1.23022738e+04	1.00000000e-10	1.18698897e+10	2.90412542e+00
4.00000000e+00	3.36307690e+00	1.12939941e+08	4.39581951e+06	1.00000000e-09	1.00000000e-09	1.00000000e-10	1.00000000e-10	0.00000000e+00	2.66982829e+00
4.10000000e+00	3.44715382e+00	1.15269492e+08	4.48648971e+06	1.00000000e-09	1.00000000e-09	1.00000000e-10	1.00000000e-10	0.00000000e+00	2.45444929e+00
4.20000000e+00	3.53123074e+00	1.17572915e+08	4.57614296e+06	1.77740676e+06	1.00000000e-09	1.77740676e+05	1.00000000e-10	1.71493681e+11	2.25645740e+00
4.30000000e+00	3.61530767e+00	1.19876338e+08	4.66579621e+06	1.40243925e+05	1.00000000e-09	1.40243925e+04	1.00000000e-10	1.35314817e+10	2.07444628e+00
4.40000000e+00	3.69938459e+00	1.22179762e+08	4.75544946e+06	1.00000000e-09	1.00000000e-09	1.00000000e-10	1.00000000e-10	0.00000000e+00	1.90712395e+00
4.50000000e+00	3.78346151e+00	1.24406984e+08	4.84213683e+06	1.00000000e-09	1.00000000e-09	1.00000000e-10	1.00000000e-10	0.00000000e+00	1.75330334e+00
4.60000000e+00	3.86753843e+00	1.26604645e+08	4.92767366e+06	1.79716675e+06	1.00000000e-09	1.79716675e+05	1.00000000e-10	1.73400230e+11	1.61189369e+00
4.70000000e+00	3.95161536e+00	1.28802307e+08	5.01321049e+06	1.58873401e+05	1.00000000e-09	1.58873401e+04	1.00000000e-10	1.53289528e+10	1.48189263e+00
4.80000000e+00	4.03569228e+00	1.30999969e+08	5.09874733e+06	1.00000000e-09	1.00000000e-09	1.00000000e-10	1.00000000e-10	0.00000000e+00	1.36237899e+00
4.90000000e+00	4.11976920e+00	1.33121546e+08	5.18132278e+06	1.00000000e-09	1.00000000e-09	1.00000000e-10	1.00000000e-10	0.00000000e+00	1.25250612e+00
5.00000000e+00	4.20384612e+00	1.35209876e+08	5.26260426e+06	1.82086659e+06	1.00000000e-09	1.82086659e+05	1.00000000e-10	1.75686918e+11	1.15149587e+00
5.10000000e+00	4.28792305e+00	1.37298207e+08	5.34388574e+06	1.79133969e+05	1.00000000e-09	1.79133969e+04	1.00000000e-10	1.72838005e+10	1.05863300e+00
5.20000000e+00	4.37199997e+00	1.39386538e+08	5.42516722e+06	1.00000000e-09	1.00000000e-09	1.00000000e-10	1.00000000e-10	0.00000000e+00	9.73260072e-01
5.30000000e+00	4.45607689e+00	1.41398916e+08	5.50349249e+06	1.00000000e-09	1.00000000e-09	1.00000000e-10	1.00000000e-10	0.00000000e+00	8.94772759e-01
5.40000000e+00	4.54015381e+00	1.43374074e+08	5.58036906e+06	1.84936496e+06	1.00000000e-09	1.84936496e+05	1.00000000e-10	1.78436593e+11	8.22615544e-01
5.50000000e+00	4.62423074e+00	1.45349231e+08	5.65724563e+06	2.01303572e+05	1.00000000e-09	2.01303572e+04	1.00000000e-10	1.94228420e+10	7.56277766e-01
5.60000000e+00	4.70830766e+00	1.47324388e+08	5.73412220e+06	1.00000000e-09	1.00000000e-09	1.00000000e-10	1.00000000e-10	0.00000000e+00	6.95289988e-01
5.70000000e+00	4.79238458e+00	1.49223746e+08	5.80804853e+06	1.00000000e-09	1.00000000e-09	1.00000000e-10	1.00000000e-10	0.00000000e+00	6.39220665e-01
5.80000000e+00	4.87646150e+00	1.51081574e+08	5.88035841e+06	1.88380559e+06	1.00000000e-09	1.88380559e+05	1.00000000e-10	1.81759608e+11	5.87673079e-01
5.90000000e+00	4.96053843e+00	1.52939401e+08	5.95266828e+06	2.25734696e+05	1.00000000e-09	2.25734696e+04	1.00000000e-10	2.17800871e+10	5.40282524e-01
6.00000000e+00	5.04461535e+00	1.54797228e+08	6.02497816e+06	1.00000000e-09	1.00000000e-09	1.00000000e-10	1.00000000e-10	0.00000000e+00	4.96713722e-01
6.10000000e+00	5.12869227e+00	1.56579435e+08	6.09434476e+06	1.00000000e-09	1.00000000e-09	1.00000000e-10	1.00000000e-10	0.00000000e+00	4.56658442e-01
6.20000000e+00	5.21276919e+00	1.58315411e+08	6.16191197e+06	1.92574842e+06	1.00000000e-09	1.92574842e+05	1.00000000e-10	1.85806476e+11	4.19833321e-01
6.30000000e+00	5.29684612e+00	1.60051387e+08	6.22947918e+06	2.52882995e+05	1.00000000e-09	2.52882995e+04	1.00000000e-10	2.43994997e+10	3.85977854e-01
6.40000000e+00	5.38092304e+00	1.61787363e+08	6.29704639e+06	1.00000000e-09	1.00000000e-09	1.00000000e-10	1.00000000e-10	0.00000000e+00	3.54852548e-01
6.50000000e+00	5.46499996e+00	1.63447930e+08	6.36167858e+06	1.00000000e-09	1.00000000e-09	1.00000000e-10	1.00000000e-10	0.00000000e+00	3.26237227e-01
6.60000000e+00	5.54907688e+00	1.65057106e+08	6.42431049e+06	1.97738158e+06	1.00000000e-09	1.97738158e+05	1.00000000e-10	1.90788319e+11	2.99929475e-01
6.70000000e+00	5.63315381e+00	1.66666281e+08	6.48694240e+06	2.83350877e+05	1.00000000e-09	2.83350877e+04	1.00000000e-10	2.73392035e+10	2.75743201e-01
6.80000000e+00	5.71723073e+00	1.68275456e+08	6.54957432e+06	1.00000000e-09	1.00000000e-09	1.00000000e-10	1.00000000e-10	0.00000000e+00	2.53507323e-01
6.90000000e+00	5.80130765e+00	1.69809479e+08	6.60928115e+06	1.00000000e-09	1.00000000e-09	1.00000000e-10	1.00000000e-10	0.00000000e+00	2.33064554e-01
7.00000000e+00	5.88538457e+00	1.71286398e+08	6.66676540e+06	2.04187949e+06	1.00000000e-09	2.04187949e+05	1.00000000e-10	1.97011421e+11	2.14270296e-01
7.10000000e+00	5.96946150e+00	1.72763316e+08	6.72424965e+06	3.17956420e+05	1.00000000e-09	3.17956420e+04	1.00000000e-10	3.06781307e+10	1.96991610e-01
7.20000000e+00	6.05353842e+00	1.74240235e+08	6.78173390e+06	1.00000000e-09	1.00000000e-09	1.00000000e-10	1.00000000e-10	0.00000000e+00	1.81106277e-01
7.30000000e+00	6.13761534e+00	1.75642315e+08	6.83630529e+06	1.00000000e-09	1.00000000e-09	1.00000000e-10	1.00000000e-10	0.00000000e+00	1.66501937e-01
7.40000000e+00	6.22169226e+00	1.76980910e+08	6.88840577e+06	2.12404092e+06	1.00000000e-09	2.12404092e+05	1.00000000e-10	2.04938794e+11	1.53075289e-01
7.50000000e+00	6.30576919e+00	1.78319506e+08	6.94050625e+06	3.57847358e+05	1.00000000e-09	3.57847358e+04	1.00000000e-10	3.45270212e+10	1.40731363e-01
7.60000000e+00	6.38984611e+00	1.79658102e+08	6.99260673e+06	1.00000000e-09	1.00000000e-09	1.00000000e-10	1.00000000e-10	0.00000000e+00	1.29382849e-01
7.70000000e+00	6.47392303e+00	1.80922254e+08	7.04180976e+06	1.00000000e-09	1.00000000e-09	1.00000000e-10	1.00000000e-10	0.00000000e+00	1.18949475e-01
7.80000000e+00	6.55799995e+00	1.82115717e+08	7.08826141e+06	2.23150383e+06	1.00000000e-09	2.23150383e+05	1.00000000e-10	2.15307388e+11	1.09357445e-01
7.90000000e+00	6.64207688e+00	1.83309180e+08	7.13471306e+06	4.04700452e+05	1.00000000e-09	4.04700452e+04	1.00000000e-10	3.90476575e+10	1.00538914e-01
8.00000000e+00	6.72615380e+00	1.84502642e+08	7.18116470e+06	1.00000000e-09	1.00000000e-09	1.00000000e-10	1.00000000e-10	0.00000000e+00	9.24315047e-02
8.10000000e+00	6.81023072e+00	1.85622178e+08	7.22473899e+06	1.00000000e-09	1.00000000e-09	1.00000000e-10	1.00000000e-10	0.00000000e+00	8.49778740e-02
8.20000000e+00	6.89430764e+00	1.86662775e+08	7.26524085e+06	2.37725989e+06	1.00000000e-09	2.37725989e+05	1.00000000e-10	2.29370710e+11	7.81253008e-02
8.30000000e+00	6.97838457e+00	1.87703372e+08	7.30574270e+06	4.61095569e+05	1.00000000e-09	4.61095569e+04	1.00000000e-10	4.44889591e+10	7.18253161e-02
8.40000000e+00	7.06246149e+00	1.88743969e+08	7.34624455e+06	1.00000000e-09	1.00000000e-09	1.00000000e-10	1.00000000e-10	0.00000000e+00	6.60333593e-02
8.50000000e+00	7.14653841e+00	1.89711339e+08	7.38389626e+06	1.00000000e-09	1.00000000e-09	1.00000000e-10	1.00000000e-10	0.00000000e+00	6.07084632e-02
8.60000000e+00	7.23061533e+00	1.90590172e+08	7.41810199e+06	2.58546468e+06	1.00000000e-09	2.58546468e+05	1.00000000e-10	2.49459418e+11	5.58129641e-02
8.70000000e+00	7.31469226e+00	1.91469006e+08	7.45230772e+06	5.31285623e+05	1.00000000e-09	5.31285623e+04	1.00000000e-10	5.12612698e+10	5.13122357e-02
8.80000000e+00	7.39876918e+00	1.92347839e+08	7.48651345e+06	1.00000000e-09	1.00000000e-09	1.00000000e-10	1.00000000e-10	0.00000000e+00	4.71744438e-02
8.90000000e+00	7.48284610e+00	1.93154441e+08	7.51790781e+06	1.00000000e-09	1.00000000e-09	1.00000000e-10	1.00000000e-10	0.00000000e+00	4.33703214e-02
9.00000000e+00	7.56692302e+00	1.93861112e+08	7.54541268e+06	2.90706918e+06	1.00000000e-09	2.90706918e+05	1.00000000e-10	2.80489535e+11	3.98729614e-02
9.10000000e+00	7.65099995e+00	1.94567783e+08	7.57291755e+06	6.22998453e+05	1.00000000e-09	6.22998453e+04	1.00000000e-10	6.01102127e+10	3.66576268e-02
9.20000000e+00	7.73507687e+00	1.95274454e+08	7.60042241e+06	1.00000000e-09	1.00000000e-09	1.00000000e-10	1.00000000e-10	0.00000000e+00	3.37015752e-02
9.30000000e+00	7.81915379e+00	1.95910406e+08	7.62517475e+06	1.00000000e-09	1.00000000e-09	1.00000000e-10	1.00000000e-10	0.00000000e+00	3.09838980e-02
9.40000000e+00	7.90323071e+00	1.96432553e+08	7.64549763e+06	3.47263421e+06	1.00000000e-09	3.47263421e+05	1.00000000e-10	3.35058265e+11	2.84853728e-02
9.50000000e+00	7.98730764e+00	1.96954700e+08	7.66582050e+06	7.52562936e+05	1.00000000e-09	7.52562936e+04	1.00000000e-10	7.26112848e+10	2.61883275e-02
9.60000000e+00	8.07138456e+00	1.97476847e+08	7.68614338e+06	1.00000000e-09	1.00000000e-09	1.00000000e-10	1.00000000e-10	0.00000000e+00	2.40765146e-02
9.70000000e+00	8.15546148e+00	1.97930773e+08	7.70381097e+06	1.00000000e-09	1.00000000e-09	1.00000000e-10	1.00000000e-10	0.00000000e+00	2.21349973e-02
9.80000000e+00	8.23953840e+00	1.98253483e+08	7.71637143e+06	4.75698788e+06	1.00000000e-09	4.75698788e+05	1.00000000e-10	4.58979555e+11	2.03500429e-02
9.90000000e+00	8.32361533e+00	1.98576194e+08	7.72893188e+06	9.65695346e+05	1.00000000e-09	9.65695346e+04	1.00000000e-10	9.31754362e+10	1.87090262e-02
1.00000000e+01	8.40769225e+00	1.98898904e+08	7.74149234e+06	1.00000000e-09	1.00000000e-09	1.00000000e-10	1.00000000e-10	0.00000000e+00	1.72003403e-02
1.01000000e+01	8.49176917e+00	1.99158056e+08	7.75157896e+06	1.00000000e-09	1.00000000e-09	1.00000000e-10	1.00000000e-10	0.00000000e+00	1.58133140e-02
1.02000000e+01	8.57584609e+00	1.99263471e+08	7.75568191e+06	1.12308495e+07	1.00000000e-09	1.12308495e+06	1.00000000e-10	1.08361224e+12	1.45381368e-02
1.03000000e+01	8.65992302e+00	1.99368886e+08	7.75978485e+06	1.59274205e+06	1.00000000e-09	1.59274205e+05	1.00000000e-10	1.53676245e+11	1.33657892e-02
1.04000000e+01	8.74399994e+00	1.99474302e+08	7.76388780e+06	1.00000000e-09	1.00000000e-09	1.00000000e-10	1.00000000e-10	0.00000000e+00	1.22879791e-02
1.05000000e+01	8.82807686e+00	1.99526699e+08	7.76592721e+06	1.00000000e-09	2.49095297e+01	1.00000000e-10	2.49095297e+00	-2.40340424e+06	1.12970830e-02
1.06000000e+01	8.91215378e+00	1.99396854e+08	7.76087339e+06	1.00000000e-09	1.05448342e+01	1.00000000e-10	1.05448342e+00	-1.01742183e+06	1.03860923e-02
1.07000000e+01	8.99623071e+00	1.99267008e+08	7.75581956e+06	1.00000000e-09	1.00000000e-09	1.00000000e-10	1.00000000e-10	0.00000000e+00	9.54856333e-03
1.08000000e+01	9.08030763e+00	1.99137162e+08	7.75076574e+06	1.87102665e+04	1.00000000e-09	1.87102665e+03	1.00000000e-10	1.80526628e+09	8.77857228e-03
1.09000000e+01	9.16438455e+00	1.98988745e+08	7.74498907e+06	1.12558315e+05	2.14190231e+01	1.12558315e+04	2.14190231e+00	1.08581598e+10	8.07067289e-03
1.10000000e+01	9.24846147e+00	1.98642520e+08	7.73151340e+06	4.72540191e+04	4.88875593e+00	4.72540191e+03	4.88875593e-01	4.55884804e+09	7.41985814e-03
1.11000000e+01	9.33253840e+00	1.98156940e+08	7.71261378e+06	5.14526275e+03	1.00000000e-09	5.14526275e+02	1.00000000e-10	4.96442385e+08	6.82152474e-03
1.12000000e+01	9.41661532e+00	1.97653324e+08	7.69301218e+06	6.97526644e+02	1.00000000e-09	6.97526644e+01	1.00000000e-10	6.73010899e+07	6.27144062e-03
1.13000000e+01	9.50069224e+00	1.97147212e+08	7.67331343e+06	4.43267143e+02	1.51466684e+01	4.43267143e+01	1.51466684e+00	4.13073462e+07	5.76571500e-03
1.14000000e+01	9.58476916e+00	1.96639508e+08	7.65355270e+06	5.25064517e+02	4.85307745e+00	5.25064517e+01	4.85307745e-01	5.01927735e+07	5.30077082e-03
1.15000000e+01	9.66884609e+00	1.96129912e+08	7.63371831e+06	1.05388837e+02	1.00000000e-09	1.05388837e+01	1.00000000e-10	1.01684769e+07	4.87331949e-03
1.16000000e+01	9.75292301e+00	1.95619934e+08	7.61386910e+06	1.00000000e-09	1.00000000e-09	1.00000000e-10	1.00000000e-10	0.00000000e+00	4.48033760e-03
1.17000000e+01	9.83699993e+00	1.95109969e+08	7.59402037e+06	1.00000000e-09	8.13035012e+00	1.00000000e-10	8.13035012e-01	-7.84459532e+05	4.11904557e-03
1.18000000e+01	9.92107685e+00	1.94600006e+08	7.57417170e+06	1.00000000e-09	4.26942861e+00	1.00000000e-10	4.26942861e-01	-4.11937237e+05	3.78688794e-03
1.19000000e+01	1.00051538e+01	1.94090042e+08	7.55432302e+06	1.01556893e+01	1.00000000e-09	1.01556893e+00	1.00000000e-10	9.79875053e+05	3.48151531e-03
1.20000000e+01	1.00892307e+01	1.93580041e+08	7.53447291e+06	1.59295535e+00	1.00000000e-09	1.59295535e-01	1.00000000e-10	1.53696826e+05	3.20076778e-03
1.21000000e+01	1.01733076e+01	1.93070047e+08	7.51462304e+06	1.00000000e-09	1.55882102e+00	1.00000000e-10	1.55882102e-01	-1.50403363e+05	2.94265957e-03
1.22000000e+01	1.02573845e+01	1.92560056e+08	7.49477329e+06	1.00000000e-09	2.59477619e+00	1.00000000e-10	2.59477619e-01	-2.50357843e+05	2.70536508e-03
1.23000000e+01	1.03414615e+01	1.92050064e+08	7.47492354e+06	4.75626694e+00	1.00000000e-09	4.75626694e-01	1.00000000e-10	4.58909995e+05	2.48720588e-03
1.24000000e+01	1.04255384e+01	1.91540056e+08	7.45507312e+06	3.59476265e+00	1.00000000e-09	3.59476265e-01	1.00000000e-10	3.46841868e+05	2.28663893e-03
1.25000000e+01	1.05096153e+01	1.91030046e+08	7.43522262e+06	2.22926884e-01	1.00000000e-09	2.22926884e-02	1.00000000e-10	2.15091744e+04	2.10224558e-03
1.26000000e+01	1.05936922e+01	1.90520039e+08	7.41537228e+06	6.83349975e-02	1.00000000e-09	6.83349975e-03	1.00000000e-10	6.59332483e+03	1.93272162e-03
1.27000000e+01	1.06777692e+01	1.90010032e+08	7.39552193e+06	8.47751475e-03	4.58275764e+00	8.47751475e-04	4.58275764e-01	-4.41350937e+05	1.77686798e-03
1.28000000e+01	1.07618461e+01	1.89500025e+08	7.37567157e+06	1.00000000e-09	8.12592143e-02	1.00000000e-10	8.12592143e-03	-7.84032219e+03	1.63358230e-03
1.29000000e+01	1.08459230e+01	1.88990029e+08	7.35582162e+06	1.00000000e-09	1.00000000e-09	1.00000000e-10	1.00000000e-10	0.00000000e+00	1.50185109e-03
1.30000000e+01	1.09299999e+01	1.88480039e+08	7.33597191e+06	3.70276900e-03	1.00000000e-09	3.70276900e-04	1.00000000e-10	3.57262800e+02	1.38074262e-03
1.31000000e+01	1.10140768e+01	1.87970048e+08	7.31612219e+06	3.31485263e-03	1.02287056e+01	3.31485263e-04	1.02287056e+00	-9.86600218e+05	1.26940027e-03
1.32000000e+01	1.10981538e+01	1.87460058e+08	7.29627248e+06	1.00000000e-09	3.67254962e+00	1.00000000e-10	3.67254962e-01	-3.54347169e+05	1.16703651e-03
1.33000000e+01	1.11822307e+01	1.86950077e+08	7.27642313e+06	1.00000000e-09	1.00000000e-09	1.00000000e-10	1.00000000e-10	0.00000000e+00	1.07292731e-03
1.34000000e+01	1.12663076e+01	1.86440103e+08	7.25657407e+06	2.16157328e-03	1.00000000e-09	2.16157328e-04	1.00000000e-10	2.08560019e+02	9.86407027e-04
1.35000000e+01	1.13503845e+01	1.85930130e+08	7.23672501e+06	2.29913278e-03	1.52641319e+01	2.29913278e-04	1.52641319e+00	-1.47254301e+06	9.06863691e-04
1.36000000e+01	1.14344615e+01	1.85420156e+08	7.21687595e+06	1.00000000e-09	8.08125214e+00	1.00000000e-10	8.08125214e-01	-7.79722296e+05	8.33734687e-04
1.37000000e+01	1.15185384e+01	1.84910191e+08	7.19702721e+06	1.00000000e-09	1.00000000e-09	1.00000000e-10	1.00000000e-10	0.00000000e+00	7.66502767e-04
1.38000000e+01	1.16026153e+01	1.84400234e+08	7.17717880e+06	6.42510986e-04	1.00000000e-09	6.42510986e-05	1.00000000e-10	6.19927894e+01	7.04692393e-04
1.39000000e+01	1.16866922e+01	1.83890278e+08	7.15733040e+06	1.00000000e-09	1.95719224e+01	1.00000000e-10	1.95719224e+00	-1.88840343e+06	6.47866374e-04
1.40000000e+01	1.17707691e+01	1.83380321e+08	7.13748200e+06	1.00000000e-09	1.31987424e+01	1.00000000e-10	1.31987424e+00	-1.27348504e+06	5.95622776e-04
1.41000000e+01	1.18548461e+01	1.82870371e+08	7.11763385e+06	3.66097197e-04	1.00000000e-09	3.66097197e-05	1.00000000e-10	3.53229132e+01	5.47592073e-04
1.42000000e+01	1.19389230e+01	1.82360431e+08	7.09778609e+06	1.91104283e-04	1.00000000e-09	1.91104283e-05	1.00000000e-10	1.84386637e+01	5.03434541e-04
1.43000000e+01	1.20229999e+01	1.81850490e+08	7.07793832e+06	1.00000000e-09	2.30524784e+01	1.00000000e-10	2.30524784e+00	-2.22422604e+06	4.62837848e-04
1.44000000e+01	1.21070768e+01	1.81340550e+08	7.05809056e+06	1.00000000e-09	1.89010203e+01	1.00000000e-10	1.89010203e+00	-1.82367123e+06	4.25514851e-04
1.45000000e+01	1.21911538e+01	1.80830615e+08	7.03824299e+06	1.31894240e-04	1.00000000e-09	1.31894240e-05	1.00000000e-10	1.27257631e+01	3.91201561e-04
1.46000000e+01	1.22752307e+01	1.80320690e+08	7.01839584e+06	1.53288274e-04	1.00000000e-09	1.53288274e-05	1.00000000e-10	1.47899735e+01	3.59655276e-04
1.47000000e+01	1.23593076e+01	1.79810766e+08	6.99854868e+06	1.00000000e-09	2.56258504e+01	1.00000000e-10	2.56258504e+00	-2.47251868e+06	3.30652866e-04
1.48000000e+01	1.24433845e+01	1.79300841e+08	6.97870153e+06	1.00000000e-09	2.50516523e+01	1.00000000e-10	2.50516523e+00	-2.41711699e+06	3.03989196e-04
1.49000000e+01	1.25274615e+01	1.78790920e+08	6.95885451e+06	1.00000000e-09	1.00000000e-09	1.00000000e-10	1.00000000e-10	0.00000000e+00	2.79475669e-04
1.50000000e+01	1.26115384e+01	1.78281010e+08	6.93900792e+06	1.00000000e-09	1.00000000e-09	1.00000000e-10	1.00000000e-10	0.00000000e+00	2.56938901e-04
1.51000000e+01	1.26956153e+01	1.77771100e+08	6.91916133e+06	1.00000000e-09	2.72334877e+01	1.00000000e-10	2.72334877e+00	-2.62763211e+06	2.36219485e-04
1.52000000e+01	1.27796922e+01	1.77261190e+08	6.89931474e+06	1.00000000e-09	3.15050085e+01	1.00000000e-10	3.15050085e+00	-3.03977121e+06	2.17170872e-04
1.53000000e+01	1.28637691e+01	1.76751282e+08	6.87946822e+06	1.22329044e-06	1.00000000e-09	1.22329044e-07	1.00000000e-10	1.17933099e-01	1.99658328e-04
1.54000000e+01	1.29478461e+01	1.76241385e+08	6.85962214e+06	5.35110398e-07	1.00000000e-09	5.35110398e-08	1.00000000e-10	5.15338192e-02	1.83557987e-04
1.55000000e+01	1.30319230e+01	1.75731488e+08	6.83977607e+06	1.00000000e-09	2.78394288e+01	1.00000000e-10	2.78394288e+00	-2.68609654e+06	1.68755969e-04
1.56000000e+01	1.31159999e+01	1.75221591e+08	6.81992999e+06	1.00000000e-09	3.81097060e+01	1.00000000e-10	3.81097060e+00	-3.67702764e+06	1.55147578e-04
1.57000000e+01	1.32000768e+01	1.74711694e+08	6.80008391e+06	1.00000000e-09	1.00000000e-09	1.00000000e-10	1.00000000e-10	0.00000000e+00	1.42636560e-04
1.58000000e+01	1.32841538e+01	1.74201808e+08	6.78023828e+06	5.42476794e-07	1.00000000e-09	5.42476794e-08	1.00000000e-10	5.22445683e-02	1.31134424e-04
1.59000000e+01	1.33682307e+01	1.73691924e+08	6.76039268e+06	4.65940485e-07	2.69640773e+01	4.65940485e-08	2.69640773e+00	-2.60163791e+06	1.20559814e-04
1.60000000e+01	1.34523076e+01	1.73182039e+08	6.74054708e+06	9.88127653e-08	4.47095958e+01	9.88127653e-09	4.47095958e+00	-4.31382019e+06	1.10837935e-04
1.61000000e+01	1.35363845e+01	1.72672154e+08	6.72070147e+06	1.00000000e-09	1.00000000e-09	1.00000000e-10	1.00000000e-10	0.00000000e+00	1.01900023e-04
1.62000000e+01	1.36204614e+01	1.72162281e+08	6.70085631e+06	1.00000000e-09	1.00000000e-09	1.00000000e-10	1.00000000e-10	0.00000000e+00	9.36828597e-05
1.63000000e+01	1.37045384e+01	1.71652410e+08	6.68101124e+06	1.00000000e-09	2.50914061e+01	1.00000000e-10	2.50914061e+00	-2.42095265e+06	8.61283240e-05
1.64000000e+01	1.37886153e+01	1.71142539e+08	6.66116617e+06	1.00000000e-09	5.11547147e+01	1.00000000e-10	5.11547147e+00	-4.93567964e+06	7.91829819e-05
1.65000000e+01	1.38726922e+01	1.70632668e+08	6.64132110e+06	1.00000000e-09	1.00000000e-09	1.00000000e-10	1.00000000e-10	0.00000000e+00	7.27977085e-05
1.66000000e+01	1.39567691e+01	1.70122807e+08	6.62147644e+06	1.00000000e-09	1.00000000e-09	1.00000000e-10	1.00000000e-10	0.00000000e+00	6.69273402e-05
1.67000000e+01	1.40408461e+01	1.69612951e+08	6.60163194e+06	1.00000000e-09	2.22709062e+01	1.00000000e-10	2.22709062e+00	-2.14881578e+06	6.15303552e-05
1.68000000e+01	1.41249230e+01	1.69103095e+08	6.58178745e+06	1.00000000e-09	5.72976099e+01	1.00000000e-10	5.72976099e+00	-5.52837892e+06	5.65685802e-05
1.69000000e+01	1.42089999e+01	1.68593238e+08	6.56194295e+06	1.02450871e-08	1.00000000e-09	1.02450871e-09	1.00000000e-10	8.92015302e-04	5.20069201e-05
1.70000000e+01	1.42930768e+01	1.68083392e+08	6.54209884e+06	1.40072319e-08	1.00000000e-09	1.40072319e-09	1.00000000e-10	1.25500709e-03	4.78131098e-05
1.71000000e+01	1.43771537e+01	1.67573551e+08	6.52225495e+06	1.00000000e-09	1.85677503e+01	1.00000000e-10	1.85677503e+00	-1.79151556e+06	4.39574862e-05
1.72000000e+01	1.44612307e+01	1.67063710e+08	6.50241105e+06	1.00000000e-09	6.29990789e+01	1.00000000e-10	6.29990789e+00	-6.07848705e+06	4.04127779e-05
1.73000000e+01	1.45453076e+01	1.66553870e+08	6.48256716e+06	6.94937025e-09	1.00000000e-09	6.94937025e-10	1.00000000e-10	5.74026965e-04	3.71539131e-05
1.74000000e+01	1.46293845e+01	1.66044038e+08	6.46272361e+06	7.71123504e-09	1.00000000e-09	7.71123504e-10	1.00000000e-10	6.47535742e-04	3.41578414e-05
1.75000000e+01	1.47134614e+01	1.65534213e+08	6.44288034e+06	1.00000000e-09	1.40667260e+01	1.00000000e-10	1.40667260e+00	-1.35723273e+06	3.14033713e-05
1.76000000e+01	1.47975384e+01	1.65024388e+08	6.42303706e+06	1.00000000e-09	6.81314295e+01	1.00000000e-10	6.81314295e+00	-6.57368360e+06	2.88710202e-05
1.77000000e+01	1.48816153e+01	1.64514563e+08	6.40319379e+06	5.24486255e-09	1.00000000e-09	5.24486255e-10	1.00000000e-10	4.09566973e-04	2.65428765e-05
1.78000000e+01	1.49656922e+01	1.64004746e+08	6.38335082e+06	4.82255624e-09	1.00000000e-09	4.82255624e-10	1.00000000e-10	3.68820608e-04	2.44024731e-05
1.79000000e+01	1.50497691e+01	1.63494937e+08	6.36350816e+06	1.00000000e-09	8.87008345e+00	1.00000000e-10	8.87008345e-01	-8.55832947e+05	2.24346707e-05
1.80000000e+01	1.51338460e+01	1.62985128e+08	6.34366550e+06	1.00000000e-09	7.25813458e+01	1.00000000e-10	7.25813458e+00	-7.00303526e+06	2.06255509e-05
1.81000000e+01	1.52179230e+01	1.62475319e+08	6.32382284e+06	4.87689713e-09	1.00000000e-09	4.87689713e-10	1.00000000e-10	3.74063708e-04	1.89623175e-05
1.82000000e+01	1.53019999e+01	1.61965516e+08	6.30398044e+06	3.38096861e-09	1.00000000e-09	3.38096861e-10	1.00000000e-10	2.29728547e-04	1.74332063e-05
1.83000000e+01	1.53860768e+01	1.61455723e+08	6.28413839e+06	1.00000000e-09	3.09499504e+00	1.00000000e-10	3.09499504e-01	-2.98621624e+05	1.60274019e-05
1.84000000e+01	1.54701537e+01	1.60945929e+08	6.26429634e+06	1.00000000e-09	7.62522989e+01	1.00000000e-10	7.62522989e+00	-7.35722838e+06	1.47349607e-05
1.85000000e+01	1.55542307e+01	1.60436136e+08	6.24445429e+06	5.04219668e-09	1.00000000e-09	5.04219668e-10	1.00000000e-10	3.90012690e-04	1.35467414e-05
1.86000000e+01	1.56383076e+01	1.59926347e+08	6.22461243e+06	2.85856984e-09	1.00000000e-09	2.85856984e-10	1.00000000e-10	1.79324729e-04	1.24543394e-05
1.87000000e+01	1.57223845e+01	1.59416569e+08	6.20477096e+06	1.00000000e-09	1.00000000e-09	1.00000000e-10	1.00000000e-10	0.00000000e+00	1.14500281e-05
1.88000000e+01	1.58064614e+01	1.58906790e+08	6.18492949e+06	1.00000000e-09	7.90666346e+01	1.00000000e-10	7.90666346e+00	-7.62877050e+06	1.05267039e-05
1.89000000e+01	1.58905384e+01	1.58397012e+08	6.16508802e+06	5.31940013e-09	3.52779995e+00	5.31940013e-10	3.52779995e-01	-3.40380949e+05	9.67783615e-06
1.90000000e+01	1.59746153e+01	1.57887237e+08	6.14524668e+06	3.10880470e-09	1.00000000e-09	3.10880470e-10	1.00000000e-10	2.03468722e-04	8.89742061e-06
1.91000000e+01	1.60586922e+01	1.57377472e+08	6.12540575e+06	1.00000000e-09	1.00000000e-09	1.00000000e-10	1.00000000e-10	0.00000000e+00	8.17993736e-06
1.92000000e+01	1.61427691e+01	1.56867707e+08	6.10556482e+06	1.00000000e-09	8.09672008e+01	1.00000000e-10	8.09672008e+00	-7.81214726e+06	7.52031158e-06
1.93000000e+01	1.62268460e+01	1.56357942e+08	6.08572388e+06	5.31211924e-09	1.00727403e+01	5.31211924e-10	1.00727403e+00	-9.71871694e+05	6.91387767e-06
1.94000000e+01	1.63109230e+01	1.55848180e+08	6.06588303e+06	4.01644088e-09	1.00000000e-09	4.01644088e-10	1.00000000e-10	2.91042300e-04	6.35634627e-06
1.95000000e+01	1.63949999e+01	1.55338427e+08	6.04604258e+06	1.00000000e-09	1.00000000e-09	1.00000000e-10	1.00000000e-10	0.00000000e+00	5.84377390e-06
1.96000000e+01	1.64790768e+01	1.54828675e+08	6.02620214e+06	1.00000000e-09	8.19184765e+01	1.00000000e-10	8.19184765e+00	-7.90393142e+06	5.37253509e-06
1.97000000e+01	1.65631537e+01	1.54318923e+08	6.00636170e+06	4.56712778e-09	1.67801448e+01	4.56712778e-10	1.67801448e+00	-1.61903784e+06	4.93929673e-06
1.98000000e+01	1.66472307e+01	1.53809171e+08	5.98652126e+06	5.33665230e-09	1.00000000e-09	5.33665230e-10	1.00000000e-10	4.18423337e-04	4.54099448e-06
1.99000000e+01	1.67313076e+01	1.53299430e+08	5.96668125e+06	1.00000000e-09	1.00000000e-09	1.00000000e-10	1.00000000e-10	0.00000000e+00	4.17481111e-06
2.00000000e+01	1.68153845e+01	1.52789689e+08	5.94684125e+06	1.00000000e-09	8.16547561e+01	1.00000000e-10	8.16547561e+00	-7.87848626e+06	3.83815657e-06
2.01000000e+01	1.68994614e+01	1.52279949e+08	5.92700125e+06	2.52588166e-09	2.35026547e+01	2.52588166e-10	2.35026547e+00	-2.26766145e+06	3.52864967e-06
2.02000000e+01	1.69835383e+01	1.51770208e+08	5.90716125e+06	6.54047891e-09	1.00000000e-09	6.54047891e-10	1.00000000e-10	5.34574948e-04	3.24410125e-06
2.03000000e+01	1.70676153e+01	1.51260477e+08	5.88732165e+06	1.00000000e-09	1.00000000e-09	1.00000000e-10	1.00000000e-10	0.00000000e+00	2.98249865e-06
2.04000000e+01	1.71516922e+01	1.50750749e+08	5.86748214e+06	1.00000000e-09	8.02572173e+01	1.00000000e-10	8.02572173e+00	-7.74364426e+06	2.74199155e-06
2.05000000e+01	1.72357691e+01	1.50241021e+08	5.84764262e+06	1.00000000e-09	3.00968588e+01	1.00000000e-10	3.00968588e+00	-2.90390541e+06	2.52087882e-06
2.06000000e+01	1.73198460e+01	1.49731292e+08	5.82780311e+06	5.85094879e-09	1.00000000e-09	5.85094879e-10	1.00000000e-10	4.68045405e-04	2.31759650e-06
2.07000000e+01	1.74039230e+01	1.49221574e+08	5.80796398e+06	2.74593624e-09	1.00000000e-09	2.74593624e-10	1.00000000e-10	1.68457238e-04	2.13070675e-06
2.08000000e+01	1.74879999e+01	1.48711859e+08	5.78812499e+06	1.00000000e-09	7.79580122e+01	1.00000000e-10	7.79580122e+00	-7.52180470e+06	1.95888770e-06
2.09000000e+01	1.75720768e+01	1.48202144e+08	5.76828600e+06	1.00000000e-09	3.64225111e+01	1.00000000e-10	3.64225111e+00	-3.51423808e+06	1.80092404e-06
2.10000000e+01	1.76561537e+01	1.47692430e+08	5.74844701e+06	1.00000000e-09	1.00000000e-09	1.00000000e-10	1.00000000e-10	0.00000000e+00	1.65569849e-06
2.11000000e+01	1.77402306e+01	1.47182724e+08	5.72860838e+06	1.00000000e-09	1.00000000e-09	1.00000000e-10	1.00000000e-10	0.00000000e+00	1.52218384e-06
2.12000000e+01	1.78243076e+01	1.46673024e+08	5.70876995e+06	1.00000000e-09	7.48180845e+01	1.00000000e-10	7.48180845e+00	-7.21884773e+06	1.39943575e-06
2.13000000e+01	1.79083845e+01	1.46163323e+08	5.68893151e+06	1.91204774e-09	4.23472895e+01	1.91204774e-10	4.23472895e+00	-4.08589229e+06	1.28658600e-06
2.14000000e+01	1.79924614e+01	1.45653622e+08	5.66909308e+06	3.48909822e-09	1.00000000e-09	3.48909822e-10	1.00000000e-10	2.40161468e-04	1.18283639e-06
2.15000000e+01	1.80765383e+01	1.45143930e+08	5.64925497e+06	1.00000000e-09	1.00000000e-09	1.00000000e-10	1.00000000e-10	0.00000000e+00	1.08745310e-06
2.16000000e+01	1.81606153e+01	1.44634244e+08	5.62941710e+06	1.00000000e-09	7.09169893e+01	1.00000000e-10	7.09169893e+00	-6.84244927e+06	9.99761460e-07
2.17000000e+01	1.82446922e+01	1.44124558e+08	5.60957924e+06	1.00000000e-09	4.77499710e+01	1.00000000e-10	4.77499710e+00	-4.60717181e+06	9.19141229e-07
2.18000000e+01	1.83287691e+01	1.43614872e+08	5.58974137e+06	1.34162628e-09	1.00000000e-09	1.34162628e-10	1.00000000e-10	3.29619252e-05	8.45022171e-07
2.19000000e+01	1.84128460e+01	1.43105194e+08	5.56990379e+06	1.00000000e-09	1.00000000e-09	1.00000000e-10	1.00000000e-10	0.00000000e+00	7.76880034e-07
2.20000000e+01	1.84969229e+01	1.42595523e+08	5.55006649e+06	1.00000000e-09	6.63508118e+01	1.00000000e-10	6.63508118e+00	-6.40188011e+06	7.14232843e-07
2.21000000e+01	1.85809999e+01	1.42085851e+08	5.53022920e+06	1.00000000e-09	5.25229259e+01	1.00000000e-10	5.25229259e+00	-5.06769195e+06	6.56637488e-07
2.22000000e+01	1.86650768e+01	1.41576180e+08	5.51039190e+06	1.00000000e-09	1.00000000e-09	1.00000000e-10	1.00000000e-10	0.00000000e+00	6.03686592e-07
2.23000000e+01	1.87491537e+01	1.41066515e+08	5.49055485e+06	1.00000000e-09	1.00000000e-09	1.00000000e-10	1.00000000e-10	0.00000000e+00	5.55005627e-07
2.24000000e+01	1.88332306e+01	1.40556858e+08	5.47071811e+06	1.00000000e-09	6.12297339e+01	1.00000000e-10	6.12297339e+00	-5.90777121e+06	5.10250270e-07
2.25000000e+01	1.89173076e+01	1.40047201e+08	5.45088137e+06	1.00000000e-09	5.65744705e+01	1.00000000e-10	5.65744705e+00	-5.45860658e+06	4.69103960e-07
2.26000000e+01	1.90013845e+01	1.39537544e+08	5.43104464e+06	1.00000000e-09	1.00000000e-09	1.00000000e-10	1.00000000e-10	0.00000000e+00	4.31275667e-07
2.27000000e+01	1.90854614e+01	1.39027892e+08	5.41120809e+06	1.00000000e-09	1.00000000e-09	1.00000000e-10	1.00000000e-10	0.00000000e+00	3.96497828e-07
2.28000000e+01	1.91695383e+01	1.38518249e+08	5.39137189e+06	1.00000000e-09	5.56752974e+01	1.00000000e-10	5.56752974e+00	-5.37184956e+06	3.64524455e-07
2.29000000e+01	1.92536153e+01	1.38008606e+08	5.37153569e+06	1.00000000e-09	5.98308174e+01	1.00000000e-10	5.98308174e+00	-5.77279629e+06	3.35129397e-07
2.30000000e+01	1.93376922e+01	1.37498963e+08	5.35169949e+06	1.00000000e-09	1.00000000e-09	1.00000000e-10	1.00000000e-10	0.00000000e+00	3.08104742e-07
2.31000000e+01	1.94217691e+01	1.36989323e+08	5.33186342e+06	1.00000000e-09	1.00000000e-09	1.00000000e-10	1.00000000e-10	0.00000000e+00	2.83259340e-07
2.32000000e+01	1.95058460e+01	1.36479692e+08	5.31202772e+06	1.00000000e-09	4.98174316e+01	1.00000000e-10	4.98174316e+00	-4.80665143e+06	2.60417458e-07
2.33000000e+01	1.95899229e+01	1.35970062e+08	5.29219202e+06	1.00000000e-09	6.22375826e+01	1.00000000e-10	6.22375826e+00	-6.00501382e+06	2.39417533e-07
2.34000000e+01	1.96739999e+01	1.35460432e+08	5.27235632e+06	1.00000000e-09	1.00000000e-09	1.00000000e-10	1.00000000e-10	0.00000000e+00	2.20111031e-07
2.35000000e+01	1.97580768e+01	1.34950803e+08	5.25252069e+06	1.00000000e-09	1.00000000e-09	1.00000000e-10	1.00000000e-10	0.00000000e+00	2.02361395e-07
2.36000000e+01	1.98421537e+01	1.34441185e+08	5.23268544e+06	1.00000000e-09	4.37913177e+01	1.00000000e-10	4.37913177e+00	-4.22521983e+06	1.86043080e-07
2.37000000e+01	1.99262306e+01	1.33931566e+08	5.21285019e+06	1.00000000e-09	6.37608159e+01	1.00000000e-10	6.37608159e+00	-6.15198350e+06	1.71040665e-07
2.38000000e+01	2.00103076e+01	1.33421947e+08	5.19301494e+06	1.00000000e-09	1.00000000e-09	1.00000000e-10	1.00000000e-10	0.00000000e+00	1.57248037e-07
2.39000000e+01	2.00943845e+01	1.32912329e+08	5.17317971e+06	1.00000000e-09	1.00000000e-09	1.00000000e-10	1.00000000e-10	0.00000000e+00	1.44567640e-07
2.40000000e+01	2.01784614e+01	1.32402720e+08	5.15334486e+06	1.00000000e-09	3.77341684e+01	1.00000000e-10	3.77341684e+00	-3.64079377e+06	1.32909782e-07
2.41000000e+01	2.02625383e+01	1.31893112e+08	5.13351001e+06	1.00000000e-09	6.41988740e+01	1.00000000e-10	6.41988740e+00	-6.19424968e+06	1.22192009e-07
2.42000000e+01	2.03466152e+01	1.31383504e+08	5.11367517e+06	1.00000000e-09	1.00000000e-09	1.00000000e-10	1.00000000e-10	0.00000000e+00	1.12338510e-07
2.43000000e+01	2.04306922e+01	1.30873896e+08	5.09384033e+06	1.00000000e-09	1.00000000e-09	1.00000000e-10	1.00000000e-10	0.00000000e+00	1.03279593e-07
2.44000000e+01	2.05147691e+01	1.30364297e+08	5.07400586e+06	1.00000000e-09	3.17808065e+01	1.00000000e-10	3.17808065e+00	-3.06638167e+06	9.49511815e-08
2.45000000e+01	2.05988460e+01	1.29854700e+08	5.05417146e+06	1.00000000e-09	6.35394898e+01	1.00000000e-10	6.35394898e+00	-6.13062878e+06	8.72943689e-08
2.46000000e+01	2.06829229e+01	1.29345103e+08	5.03433707e+06	1.00000000e-09	1.00000000e-09	1.00000000e-10	1.00000000e-10	0.00000000e+00	8.02549976e-08
2.47000000e+01	2.07669999e+01	1.28835507e+08	5.01450267e+06	1.00000000e-09	1.00000000e-09	1.00000000e-10	1.00000000e-10	0.00000000e+00	7.37832774e-08
2.48000000e+01	2.08510768e+01	1.28325919e+08	4.99466862e+06	1.00000000e-09	2.60640044e+01	1.00000000e-10	2.60640044e+00	-2.51479412e+06	6.78334333e-08
2.49000000e+01	2.09351537e+01	1.27816334e+08	4.97483471e+06	1.00000000e-09	6.20377375e+01	1.00000000e-10	6.20377375e+00	-5.98573171e+06	6.23633815e-08
2.50000000e+01	2.10192306e+01	1.27306750e+08	4.95500079e+06	1.00000000e-09	1.00000000e-09	1.00000000e-10	1.00000000e-10	0.00000000e+00	5.73344317e-08
2.51000000e+01	2.11033075e+01	1.26797165e+08	4.93516687e+06	1.00000000e-09	1.00000000e-09	1.00000000e-10	1.00000000e-10	0.00000000e+00	5.27110137e-08
2.52000000e+01	2.11873845e+01	1.26287589e+08	4.91533329e+06	1.00000000e-09	2.07078671e+01	1.00000000e-10	2.07078671e+00	-1.99800544e+06	4.84604257e-08
2.53000000e+01	2.12714614e+01	1.25778018e+08	4.89549988e+06	1.00000000e-09	5.97504004e+01	1.00000000e-10	5.97504004e+00	-5.76503723e+06	4.45526029e-08
2.54000000e+01	2.13555383e+01	1.25268447e+08	4.87566647e+06	1.00000000e-09	1.00000000e-09	1.00000000e-10	1.00000000e-10	0.00000000e+00	4.09599048e-08
2.55000000e+01	2.14396152e+01	1.24758875e+08	4.85583306e+06	1.00000000e-09	1.00000000e-09	1.00000000e-10	1.00000000e-10	0.00000000e+00	3.76569199e-08
2.56000000e+01	2.15236922e+01	1.24249311e+08	4.83599995e+06	1.00000000e-09	1.58264799e+01	1.00000000e-10	1.58264799e+00	-1.52702317e+06	3.46202860e-08
2.57000000e+01	2.16077691e+01	1.23739753e+08	4.81616707e+06	1.00000000e-09	5.67535057e+01	1.00000000e-10	5.67535057e+00	-5.47588085e+06	3.18285246e-08
2.58000000e+01	2.16918460e+01	1.23230195e+08	4.79633418e+06	1.00000000e-09	1.00000000e-09	1.00000000e-10	1.00000000e-10	0.00000000e+00	2.92618894e-08
2.59000000e+01	2.17759229e+01	1.22720637e+08	4.77650130e+06	1.00000000e-09	1.00000000e-09	1.00000000e-10	1.00000000e-10	0.00000000e+00	2.69022262e-08
2.60000000e+01	2.18599998e+01	1.22211086e+08	4.75666867e+06	1.00000000e-09	1.15212898e+01	1.00000000e-10	1.15212898e+00	-1.11163547e+06	2.47328451e-08
2.61000000e+01	2.19440768e+01	1.21701542e+08	4.73683631e+06	1.00000000e-09	5.31366693e+01	1.00000000e-10	5.31366693e+00	-5.12690919e+06	2.27384017e-08
2.62000000e+01	2.20281537e+01	1.21191997e+08	4.71700395e+06	1.00000000e-09	1.00000000e-09	1.00000000e-10	1.00000000e-10	0.00000000e+00	2.09047891e-08
2.63000000e+01	2.21122306e+01	1.20682453e+08	4.69717159e+06	1.00000000e-09	1.00000000e-09	1.00000000e-10	1.00000000e-10	0.00000000e+00	1.92190381e-08
2.64000000e+01	2.21963075e+01	1.20172914e+08	4.67733945e+06	1.00000000e-09	7.87889121e+00	1.00000000e-10	7.87889121e-01	-7.60197435e+05	1.76692251e-08
2.65000000e+01	2.22803845e+01	1.19663383e+08	4.65750760e+06	1.00000000e-09	4.90026689e+01	1.00000000e-10	4.90026689e+00	-4.72803879e+06	1.62443882e-08
2.66000000e+01	2.23644614e+01	1.19153851e+08	4.63767575e+06	1.00000000e-09	1.00000000e-09	1.00000000e-10	1.00000000e-10	0.00000000e+00	1.49344494e-08
2.67000000e+01	2.24485383e+01	1.18644320e+08	4.61784391e+06	1.00000000e-09	1.00000000e-09	1.00000000e-10	1.00000000e-10	0.00000000e+00	1.37301434e-08
2.68000000e+01	2.25326152e+01	1.18134793e+08	4.59801223e+06	1.00000000e-09	4.96922103e+00	1.00000000e-10	4.96922103e-01	-4.79456941e+05	1.26229520e-08
2.69000000e+01	2.26166921e+01	1.17625274e+08	4.57818087e+06	1.00000000e-09	4.44648789e+01	1.00000000e-10	4.44648789e+00	-4.29020861e+06	1.16050438e-08
2.70000000e+01	2.27007691e+01	1.17115756e+08	4.55834952e+06	1.00000000e-09	1.00000000e-09	1.00000000e-10	1.00000000e-10	0.00000000e+00	1.06692193e-08
2.71000000e+01	2.27848460e+01	1.16606237e+08	4.53851817e+06	1.00000000e-09	1.00000000e-09	1.00000000e-10	1.00000000e-10	0.00000000e+00	9.80885916e-09
2.72000000e+01	2.28689229e+01	1.16096721e+08	4.51868693e+06	1.00000000e-09	2.84416853e+00	1.00000000e-10	2.84416853e-01	-2.74420545e+05	9.01787799e-09
2.73000000e+01	2.29529998e+01	1.15587215e+08	4.49885603e+06	1.00000000e-09	3.96444971e+01	1.00000000e-10	3.96444971e+00	-3.82511247e+06	8.29068113e-09
2.74000000e+01	2.30370768e+01	1.15077708e+08	4.47902513e+06	1.00000000e-09	1.00000000e-09	1.00000000e-10	1.00000000e-10	0.00000000e+00	7.62212503e-09
2.75000000e+01	2.31211537e+01	1.14568201e+08	4.45919424e+06	1.00000000e-09	1.00000000e-09	1.00000000e-10	1.00000000e-10	0.00000000e+00	7.00748093e-09
2.76000000e+01	2.32052306e+01	1.14058696e+08	4.43936340e+06	1.00000000e-09	1.53662795e+00	1.00000000e-10	1.53662795e-01	-1.48262058e+05	6.44240141e-09
2.77000000e+01	2.32893075e+01	1.13549199e+08	4.41953292e+06	1.00000000e-09	3.46676296e+01	1.00000000e-10	3.46676296e+00	-3.34491776e+06	5.92288960e-09
2.78000000e+01	2.33733845e+01	1.13039703e+08	4.39970244e+06	1.00000000e-09	1.00000000e-09	1.00000000e-10	1.00000000e-10	0.00000000e+00	5.44527095e-09
2.79000000e+01	2.34574614e+01	1.12530207e+08	4.37987196e+06	1.00000000e-09	1.00000000e-09	1.00000000e-10	1.00000000e-10	0.00000000e+00	5.00616720e-09
2.80000000e+01	2.35415383e+01	1.12020711e+08	4.36004148e+06	1.00000000e-09	1.06000838e+00	1.00000000e-10	1.06000838e-01	-1.02275261e+05	4.60247255e-09
2.81000000e+01	2.36256152e+01	1.11511224e+08	4.34021136e+06	1.00000000e-09	2.96623071e+01	1.00000000e-10	2.96623071e+00	-2.86197755e+06	4.23133162e-09
2.82000000e+01	2.37096921e+01	1.11001737e+08	4.32038126e+06	1.00000000e-09	1.00000000e-09	1.00000000e-10	1.00000000e-10	0.00000000e+00	3.89011930e-09
2.83000000e+01	2.37937691e+01	1.10492251e+08	4.30055115e+06	1.00000000e-09	1.00000000e-09	1.00000000e-10	1.00000000e-10	0.00000000e+00	3.57642216e-09
2.84000000e+01	2.38778460e+01	1.09982764e+08	4.28072105e+06	1.00000000e-09	1.01040311e+00	1.00000000e-10	1.01040311e-01	-9.74890793e+04	3.28802138e-09
2.85000000e+01	2.39619229e+01	1.09473287e+08	4.26089129e+06	1.00000000e-09	2.47545256e+01	1.00000000e-10	2.47545256e+00	-2.38844862e+06	3.02287709e-09
2.86000000e+01	2.40459998e+01	1.08963811e+08	4.24106160e+06	1.00000000e-09	1.00000000e-09	1.00000000e-10	1.00000000e-10	0.00000000e+00	2.77911390e-09
2.87000000e+01	2.41300768e+01	1.08454335e+08	4.22123191e+06	1.00000000e-09	1.00000000e-09	1.00000000e-10	1.00000000e-10	0.00000000e+00	2.55500764e-09
2.88000000e+01	2.42141537e+01	1.07944859e+08	4.20140222e+06	1.00000000e-09	1.77721701e+00	1.00000000e-10	1.77721701e-01	-1.71475373e+05	2.34897319e-09
2.89000000e+01	2.42982306e+01	1.07435392e+08	4.18157286e+06	1.00000000e-09	2.00677455e+01	1.00000000e-10	2.00677455e+00	-1.93624309e+06	2.15955324e-09
2.90000000e+01	2.43823075e+01	1.06925927e+08	4.16174363e+06	1.00000000e-09	1.00000000e-09	1.00000000e-10	1.00000000e-10	0.00000000e+00	1.98540802e-09
2.91000000e+01	2.44663844e+01	1.06416463e+08	4.14191439e+06	1.00000000e-09	1.00000000e-09	1.00000000e-10	1.00000000e-10	0.00000000e+00	1.82530578e-09
2.92000000e+01	2.45504614e+01	1.05906999e+08	4.12208516e+06	1.00000000e-09	3.32547190e+00	1.00000000e-10	3.32547190e-01	-3.20859261e+05	1.67811410e-09
2.93000000e+01	2.46345383e+01	1.05397543e+08	4.10225623e+06	1.00000000e-09	1.57180712e+01	1.00000000e-10	1.57180712e+00	-1.51656332e+06	1.54279187e-09
2.94000000e+01	2.47186152e+01	1.04888091e+08	4.08242747e+06	1.00000000e-09	1.00000000e-09	1.00000000e-10	1.00000000e-10	0.00000000e+00	1.41838196e-09
2.95000000e+01	2.48026921e+01	1.04378639e+08	4.06259871e+06	1.00000000e-09	1.00000000e-09	1.00000000e-10	1.00000000e-10	0.00000000e+00	1.30400439e-09
2.96000000e+01	2.48867691e+01	1.03869187e+08	4.04276995e+06	1.00000000e-09	5.60256194e+00	1.00000000e-10	5.60256194e-01	-5.40565050e+05	1.19885018e-09
2.97000000e+01	2.49708460e+01	1.03359742e+08	4.02294147e+06	1.00000000e-09	1.18123351e+01	1.00000000e-10	1.18123351e+00	-1.13971708e+06	1.10217554e-09
2.98000000e+01	2.50549229e+01	1.02850303e+08	4.00311321e+06	1.00000000e-09	1.00000000e-09	1.00000000e-10	1.00000000e-10	0.00000000e+00	1.01329669e-09
2.99000000e+01	2.51389998e+01	1.02340863e+08	3.98328494e+06	1.00000000e-09	1.00000000e-09	1.00000000e-10	1.00000000e-10	0.00000000e+00	9.31584987e-10
3.00000000e+01	2.52230767e+01	1.01831424e+08	3.96345667e+06	1.00000000e-09	8.53972275e+00	1.00000000e-10	8.53972275e-01	-8.23957985e+05	8.56462471e-10
3.01000000e+01	2.53071537e+01	1.01321991e+08	3.94362865e+06	1.00000000e-09	8.44579931e+00	1.00000000e-10	8.44579931e-01	-8.14895751e+05	7.87397794e-10
3.02000000e+01	2.53912306e+01	1.00812565e+08	3.92380088e+06	1.00000000e-09	1.00000000e-09	1.00000000e-10	1.00000000e-10	0.00000000e+00	7.23902457e-10
3.03000000e+01	2.54753075e+01	1.00303138e+08	3.90397311e+06	1.00000000e-09	1.00000000e-09	1.00000000e-10	1.00000000e-10	0.00000000e+00	6.65527349e-10
3.04000000e+01	2.55593844e+01	9.97937113e+07	3.88414533e+06	1.00000000e-09	1.20538447e+01	1.00000000e-10	1.20538447e+00	-1.16301921e+06	6.11859579e-10
3.05000000e+01	2.56434614e+01	9.92842899e+07	3.86431776e+06	1.00000000e-09	5.70017849e+00	1.00000000e-10	5.70017849e-01	-5.49983614e+05	5.62519549e-10
3.06000000e+01	2.57275383e+01	9.87748757e+07	3.84449048e+06	1.00000000e-09	1.00000000e-09	1.00000000e-10	1.00000000e-10	0.00000000e+00	5.17158273e-10
3.07000000e+01	2.58116152e+01	9.82654616e+07	3.82466319e+06	1.00000000e-09	1.00000000e-09	1.00000000e-10	1.00000000e-10	0.00000000e+00	4.75454906e-10
3.08000000e+01	2.58956921e+01	9.77560475e+07	3.80483590e+06	1.00000000e-09	1.60485468e+01	1.00000000e-10	1.60485468e+00	-1.54844937e+06	4.37114476e-10
3.09000000e+01	2.59797690e+01	9.72466373e+07	3.78500877e+06	1.00000000e-09	3.64204048e+00	1.00000000e-10	3.64204048e-01	-3.51403485e+05	4.01865798e-10
3.10000000e+01	2.60638460e+01	9.67372351e+07	3.76518195e+06	1.00000000e-09	1.00000000e-09	1.00000000e-10	1.00000000e-10	0.00000000e+00	3.69459555e-10
3.11000000e+01	2.61479229e+01	9.62278329e+07	3.74535513e+06	1.00000000e-09	1.00000000e-09	1.00000000e-10	1.00000000e-10	0.00000000e+00	3.39666533e-10
3.12000000e+01	2.62319998e+01	9.57184307e+07	3.72552830e+06	1.00000000e-09	2.04187260e+01	1.00000000e-10	2.04187260e+00	-1.97010756e+06	3.12276006e-10
3.13000000e+01	2.63160767e+01	9.52090313e+07	3.70570159e+06	1.00000000e-09	2.32144551e+00	1.00000000e-10	2.32144551e-01	-2.23985441e+05	2.87094235e-10
3.14000000e+01	2.64001537e+01	9.46996402e+07	3.68587520e+06	1.00000000e-09	1.00000000e-09	1.00000000e-10	1.00000000e-10	0.00000000e+00	2.63943109e-10
3.15000000e+01	2.64842306e+01	9.41902491e+07	3.66604881e+06	1.00000000e-09	1.00000000e-09	1.00000000e-10	1.00000000e-10	0.00000000e+00	2.42658878e-10
3.16000000e+01	2.65683075e+01	9.36808580e+07	3.64622242e+06	1.00000000e-09	2.50519338e+01	1.00000000e-10	2.50519338e+00	-2.41714415e+06	2.23090996e-10
3.17000000e+01	2.66523844e+01	9.31714684e+07	3.62639609e+06	1.00000000e-09	1.77107299e+00	1.00000000e-10	1.77107299e-01	-1.70882565e+05	2.05101057e-10
3.18000000e+01	2.67364614e+01	9.26620874e+07	3.60657009e+06	1.00000000e-09	1.00000000e-09	1.00000000e-10	1.00000000e-10	0.00000000e+00	1.88561817e-10
3.19000000e+01	2.68205383e+01	9.21527064e+07	3.58674409e+06	1.00000000e-09	1.00000000e-09	1.00000000e-10	1.00000000e-10	0.00000000e+00	1.73356293e-10
3.20000000e+01	2.69046152e+01	9.16433255e+07	3.56691810e+06	1.00000000e-09	2.98311245e+01	1.00000000e-10	2.98311245e+00	-2.87826595e+06	1.59376934e-10
3.21000000e+01	2.69886921e+01	9.11339446e+07	3.54709211e+06	1.00000000e-09	2.00576841e+00	1.00000000e-10	2.00576841e-01	-1.93527232e+05	1.46524863e-10
3.22000000e+01	2.70727690e+01	9.06245724e+07	3.52726645e+06	1.00000000e-09	1.00000000e-09	1.00000000e-10	1.00000000e-10	0.00000000e+00	1.34709176e-10
3.23000000e+01	2.71568460e+01	9.01152008e+07	3.50744082e+06	1.00000000e-09	1.00000000e-09	1.00000000e-10	1.00000000e-10	0.00000000e+00	1.23846300e-10
3.24000000e+01	2.72409229e+01	8.96058291e+07	3.48761519e+06	1.00000000e-09	3.46359124e+01	1.00000000e-10	3.46359124e+00	-3.34185751e+06	1.13859401e-10
3.25000000e+01	2.73249998e+01	8.90964575e+07	3.46778955e+06	1.00000000e-09	2.65122972e+00	1.00000000e-10	2.65122972e-01	-2.55804780e+05	1.04677839e-10
3.26000000e+01	2.74090767e+01	8.85870944e+07	3.44796425e+06	1.00000000e-09	1.00000000e-09	1.00000000e-10	1.00000000e-10	0.00000000e+00	9.62366743e-11
3.27000000e+01	2.74931537e+01	8.80777331e+07	3.42813902e+06	1.00000000e-09	1.00000000e-09	1.00000000e-10	1.00000000e-10	0.00000000e+00	8.84762003e-11
3.28000000e+01	2.75772306e+01	8.75683718e+07	3.40831379e+06	1.00000000e-09	3.93496898e+01	1.00000000e-10	3.93496898e+00	-3.79666789e+06	8.13415267e-11
3.29000000e+01	2.76613075e+01	8.70590106e+07	3.38848857e+06	1.00000000e-09	4.07182326e+00	1.00000000e-10	4.07182326e-01	-3.92871219e+05	7.47821894e-11
3.30000000e+01	2.77453844e+01	8.65496575e+07	3.36866366e+06	1.00000000e-09	1.00000000e-09	1.00000000e-10	1.00000000e-10	0.00000000e+00	6.87517936e-11
3.31000000e+01	2.78294613e+01	8.60403076e+07	3.34883887e+06	1.00000000e-09	1.00000000e-09	1.00000000e-10	1.00000000e-10	0.00000000e+00	6.32076857e-11
3.32000000e+01	2.79135383e+01	8.55309576e+07	3.32901408e+06	1.00000000e-09	4.38576062e+01	1.00000000e-10	4.38576062e+00	-4.23161570e+06	5.81106517e-11
3.33000000e+01	2.79976152e+01	8.50216077e+07	3.30918929e+06	1.00000000e-09	6.23787092e+00	1.00000000e-10	6.23787092e-01	-6.01863047e+05	5.34246397e-11
3.34000000e+01	2.80816921e+01	8.45122654e+07	3.28936480e+06	1.00000000e-09	1.00000000e-09	1.00000000e-10	1.00000000e-10	0.00000000e+00	4.91165053e-11
3.35000000e+01	2.81657690e+01	8.40029274e+07	3.26954048e+06	1.00000000e-09	1.00000000e-09	1.00000000e-10	1.00000000e-10	0.00000000e+00	4.51557765e-11
3.36000000e+01	2.82498460e+01	8.34935895e+07	3.24971616e+06	1.00000000e-09	4.80506134e+01	1.00000000e-10	4.80506134e+00	-4.63617939e+06	4.15144388e-11
3.37000000e+01	2.83339229e+01	8.29842515e+07	3.22989183e+06	1.00000000e-09	9.10342448e+00	1.00000000e-10	9.10342448e-01	-8.78346934e+05	3.81667366e-11
3.38000000e+01	2.84179998e+01	8.24749205e+07	3.21006778e+06	1.00000000e-09	1.00000000e-09	1.00000000e-10	1.00000000e-10	0.00000000e+00	3.50889914e-11
3.39000000e+01	2.85020767e+01	8.19655949e+07	3.19024394e+06	1.00000000e-09	1.00000000e-09	1.00000000e-10	1.00000000e-10	0.00000000e+00	3.22594338e-11
3.40000000e+01	2.85861536e+01	8.14562692e+07	3.17042010e+06	1.00000000e-09	5.18277712e+01	1.00000000e-10	5.18277712e+00	-5.00061972e+06	2.96580503e-11
3.41000000e+01	2.86702306e+01	8.09469436e+07	3.15059626e+06	1.00000000e-09	1.26075473e+01	1.00000000e-10	1.26075473e+00	-1.21644339e+06	2.72664410e-11
3.42000000e+01	2.87543075e+01	8.04376241e+07	3.13077265e+06	1.00000000e-09	1.00000000e-09	1.00000000e-10	1.00000000e-10	0.00000000e+00	2.50676897e-11
3.43000000e+01	2.88383844e+01	7.99283110e+07	3.11094930e+06	1.00000000e-09	1.00000000e-09	1.00000000e-10	1.00000000e-10	0.00000000e+00	2.30462446e-11
3.44000000e+01	2.89224613e+01	7.94189978e+07	3.09112594e+06	1.00000000e-09	5.50983088e+01	1.00000000e-10	5.50983088e+00	-5.31617862e+06	2.11878078e-11
3.45000000e+01	2.90065383e+01	7.89096847e+07	3.07130259e+06	1.00000000e-09	1.66758837e+01	1.00000000e-10	1.66758837e+00	-1.60897818e+06	1.94792342e-11
3.46000000e+01	2.90906152e+01	7.84003767e+07	3.05147943e+06	1.00000000e-09	1.00000000e-09	1.00000000e-10	1.00000000e-10	0.00000000e+00	1.79084392e-11
3.47000000e+01	2.91746921e+01	7.78910759e+07	3.03165655e+06	1.00000000e-09	1.00000000e-09	1.00000000e-10	1.00000000e-10	0.00000000e+00	1.64643122e-11
3.48000000e+01	2.92587690e+01	7.73817750e+07	3.01183368e+06	1.00000000e-09	5.77805217e+01	1.00000000e-10	5.77805217e+00	-5.57497283e+06	1.51366389e-11
3.49000000e+01	2.93428459e+01	7.68724742e+07	2.99201080e+06	1.00000000e-09	2.12224266e+01	1.00000000e-10	2.12224266e+00	-2.04765288e+06	1.39160284e-11
3.50000000e+01	2.94269229e+01	7.63631774e+07	2.97218808e+06	1.00000000e-09	1.00000000e-09	1.00000000e-10	1.00000000e-10	0.00000000e+00	1.27938473e-11
3.51000000e+01	2.95109998e+01	7.58538884e+07	2.95236566e+06	1.00000000e-09	1.00000000e-09	1.00000000e-10	1.00000000e-10	0.00000000e+00	1.17621583e-11
3.52000000e+01	2.95950767e+01	7.53445994e+07	2.93254325e+06	1.00000000e-09	5.98084708e+01	1.00000000e-10	5.98084708e+00	-5.77064017e+06	1.08136641e-11
3.53000000e+01	2.96791536e+01	7.48353104e+07	2.91272083e+06	1.00000000e-09	2.61516303e+01	1.00000000e-10	2.61516303e+00	-2.52324873e+06	9.94165601e-12
3.54000000e+01	2.97632306e+01	7.43260244e+07	2.89289853e+06	1.00000000e-09	1.00000000e-09	1.00000000e-10	1.00000000e-10	0.00000000e+00	9.13996618e-12
3.55000000e+01	2.98473075e+01	7.38167465e+07	2.87307655e+06	1.00000000e-09	1.00000000e-09	1.00000000e-10	1.00000000e-10	0.00000000e+00	8.40292419e-12
3.56000000e+01	2.99313844e+01	7.33074687e+07	2.85325457e+06	1.00000000e-09	6.11315508e+01	1.00000000e-10	6.11315508e+00	-5.89829798e+06	7.72531687e-12
3.57000000e+01	3.00154613e+01	7.27981909e+07	2.83343259e+06	1.00000000e-09	3.13609666e+01	1.00000000e-10	3.13609666e+00	-3.02587328e+06	7.10235144e-12
3.58000000e+01	3.00995383e+01	7.22889147e+07	2.81361067e+06	1.00000000e-09	1.00000000e-09	1.00000000e-10	1.00000000e-10	0.00000000e+00	6.52962161e-12
3.59000000e+01	3.01836152e+01	7.17796472e+07	2.79378909e+06	1.00000000e-09	1.00000000e-09	1.00000000e-10	1.00000000e-10	0.00000000e+00	6.00307641e-12
3.60000000e+01	3.02676921e+01	7.12703796e+07	2.77396750e+06	1.00000000e-09	6.17148140e+01	1.00000000e-10	6.17148140e+00	-5.95457433e+06	5.51899153e-12
3.61000000e+01	3.03517690e+01	7.07611120e+07	2.75414592e+06	1.00000000e-09	3.67418074e+01	1.00000000e-10	3.67418074e+00	-3.54504549e+06	5.07394300e-12
3.62000000e+01	3.04358459e+01	7.02518448e+07	2.73432435e+06	1.00000000e-09	1.00000000e-09	1.00000000e-10	1.00000000e-10	0.00000000e+00	4.66478295e-12
3.63000000e+01	3.05199229e+01	6.97425862e+07	2.71450312e+06	1.00000000e-09	1.00000000e-09	1.00000000e-10	1.00000000e-10	0.00000000e+00	4.28861734e-12
3.64000000e+01	3.06039998e+01	6.92333279e+07	2.69468190e+06	1.00000000e-09	6.14159494e+01	1.00000000e-10	6.14159494e+00	-5.92573828e+06	3.94278553e-12
3.65000000e+01	3.06880767e+01	6.87240696e+07	2.67486068e+06	1.00000000e-09	4.21825456e+01	1.00000000e-10	4.21825456e+00	-4.06999693e+06	3.62484141e-12
3.66000000e+01	3.07721536e+01	6.82148114e+07	2.65503946e+06	1.00000000e-09	1.00000000e-09	1.00000000e-10	1.00000000e-10	0.00000000e+00	3.33253613e-12
3.67000000e+01	3.08562306e+01	6.77055617e+07	2.63521857e+06	1.00000000e-09	1.00000000e-09	1.00000000e-10	1.00000000e-10	0.00000000e+00	3.06380220e-12
3.68000000e+01	3.09403075e+01	6.71963134e+07	2.61539774e+06	1.00000000e-09	6.01408754e+01	1.00000000e-10	6.01408754e+00	-5.80271233e+06	2.81673882e-12
3.69000000e+01	3.10243844e+01	6.66870652e+07	2.59557691e+06	1.00000000e-09	4.75730810e+01	1.00000000e-10	4.75730810e+00	-4.59010452e+06	2.58959851e-12
3.70000000e+01	3.11084613e+01	6.61778170e+07	2.57575608e+06	1.00000000e-09	1.00000000e-09	1.00000000e-10	1.00000000e-10	0.00000000e+00	2.38077467e-12
3.71000000e+01	3.11925382e+01	6.56685771e+07	2.55593558e+06	1.00000000e-09	1.00000000e-09	1.00000000e-10	1.00000000e-10	0.00000000e+00	2.18879027e-12
3.72000000e+01	3.12766152e+01	6.51593400e+07	2.53611518e+06	1.00000000e-09	5.81314357e+01	1.00000000e-10	5.81314357e+00	-5.60883088e+06	2.01228739e-12
3.73000000e+01	3.13606921e+01	6.46501028e+07	2.51629478e+06	1.00000000e-09	5.28048515e+01	1.00000000e-10	5.28048515e+00	-5.09489363e+06	1.85001761e-12
3.74000000e+01	3.14447690e+01	6.41408656e+07	2.49647438e+06	1.00000000e-09	1.00000000e-09	1.00000000e-10	1.00000000e-10	0.00000000e+00	1.70083318e-12
3.75000000e+01	3.15288459e+01	6.36316364e+07	2.47665429e+06	1.00000000e-09	1.00000000e-09	1.00000000e-10	1.00000000e-10	0.00000000e+00	1.56367890e-12
3.76000000e+01	3.16129229e+01	6.31224110e+07	2.45683435e+06	1.00000000e-09	5.54231506e+01	1.00000000e-10	5.54231506e+00	-5.34752109e+06	1.43758467e-12
3.77000000e+01	3.16969998e+01	6.26131856e+07	2.43701441e+06	1.00000000e-09	5.77737573e+01	1.00000000e-10	5.77737573e+00	-5.57432016e+06	1.32165861e-12
3.78000000e+01	3.17810767e+01	6.21039602e+07	2.41719447e+06	1.00000000e-09	1.00000000e-09	1.00000000e-10	1.00000000e-10	0.00000000e+00	1.21508076e-12
3.79000000e+01	3.18651536e+01	6.15947422e+07	2.39737482e+06	1.00000000e-09	1.00000000e-09	1.00000000e-10	1.00000000e-10	0.00000000e+00	1.11709730e-12
3.80000000e+01	3.19492305e+01	6.10855291e+07	2.37755536e+06	1.00000000e-09	5.20655067e+01	1.00000000e-10	5.20655067e+00	-5.02355771e+06	1.02701517e-12
3.81000000e+01	3.20333075e+01	6.05763160e+07	2.35773589e+06	1.00000000e-09	6.23822472e+01	1.00000000e-10	6.23822472e+00	-6.01897184e+06	9.44197214e-13
3.82000000e+01	3.21173844e+01	6.00671029e+07	2.33791643e+06	1.00000000e-09	1.00000000e-09	1.00000000e-10	1.00000000e-10	0.00000000e+00	8.68057654e-13
3.83000000e+01	3.22014613e+01	5.95578964e+07	2.31809722e+06	1.00000000e-09	1.00000000e-09	1.00000000e-10	1.00000000e-10	0.00000000e+00	7.98057949e-13
3.84000000e+01	3.22855382e+01	5.90486958e+07	2.29827825e+06	1.00000000e-09	4.81206696e+01	1.00000000e-10	4.81206696e+00	-4.64293879e+06	7.33702982e-13
3.85000000e+01	3.23696152e+01	5.85394952e+07	2.27845927e+06	1.00000000e-09	6.65412135e+01	1.00000000e-10	6.65412135e+00	-6.42025108e+06	6.74537565e-13
3.86000000e+01	3.24536921e+01	5.80302946e+07	2.25864030e+06	1.00000000e-09	1.00000000e-09	1.00000000e-10	1.00000000e-10	0.00000000e+00	6.20143216e-13
3.87000000e+01	3.25377690e+01	5.75210997e+07	2.23882154e+06	1.00000000e-09	1.00000000e-09	1.00000000e-10	1.00000000e-10	0.00000000e+00	5.70135198e-13
3.88000000e+01	3.26218459e+01	5.70119116e+07	2.21900306e+06	1.00000000e-09	4.36619734e+01	1.00000000e-10	4.36619734e+00	-4.21274001e+06	5.24159800e-13
3.89000000e+01	3.27059228e+01	5.65027235e+07	2.19918457e+06	1.00000000e-09	7.01716591e+01	1.00000000e-10	7.01716591e+00	-6.77053584e+06	4.81891834e-13
3.90000000e+01	3.27899998e+01	5.59935354e+07	2.17936608e+06	1.00000000e-09	1.00000000e-09	1.00000000e-10	1.00000000e-10	0.00000000e+00	4.43032333e-13
3.91000000e+01	3.28740767e+01	5.54843520e+07	2.15954777e+06	1.00000000e-09	1.00000000e-09	1.00000000e-10	1.00000000e-10	0.00000000e+00	4.07306443e-13
3.92000000e+01	3.29581536e+01	5.49751761e+07	2.13972976e+06	1.00000000e-09	3.87719088e+01	1.00000000e-10	3.87719088e+00	-3.74092050e+06	3.74461468e-13
3.93000000e+01	3.30422305e+01	5.44660002e+07	2.11991174e+06	1.00000000e-09	7.32061110e+01	1.00000000e-10	7.32061110e+00	-7.06331593e+06	3.44265096e-13
3.94000000e+01	3.31263075e+01	5.39568243e+07	2.10009373e+06	1.00000000e-09	1.00000000e-09	1.00000000e-10	1.00000000e-10	0.00000000e+00	3.16503742e-13
3.95000000e+01	3.32103844e+01	5.34476520e+07	2.08027586e+06	1.00000000e-09	1.00000000e-09	1.00000000e-10	1.00000000e-10	0.00000000e+00	2.90981049e-13
3.96000000e+01	3.32944613e+01	5.29384878e+07	2.06045830e+06	1.00000000e-09	3.35405827e+01	1.00000000e-10	3.35405827e+00	-3.23617426e+06	2.67516493e-13
3.97000000e+01	3.33785382e+01	5.24293237e+07	2.04064074e+06	1.00000000e-09	7.55896999e+01	1.00000000e-10	7.55896999e+00	-7.29329730e+06	2.45944106e-13
3.98000000e+01	3.34626152e+01	5.19201595e+07	2.02082318e+06	1.00000000e-09	1.00000000e-09	1.00000000e-10	1.00000000e-10	0.00000000e+00	2.26111304e-13
3.99000000e+01	3.35466921e+01	5.14109978e+07	2.00100572e+06	1.00000000e-09	1.00000000e-09	1.00000000e-10	1.00000000e-10	0.00000000e+00	2.07877809e-13
4.00000000e+01	3.36307690e+01	5.09018445e+07	1.98118859e+06	1.00000000e-09	2.80638039e+01	1.00000000e-10	2.80638039e+00	-2.70774544e+06	1.91114654e-13
4.01000000e+01	3.37148459e+01	5.03926913e+07	1.96137146e+06	1.00000000e-09	7.72810246e+01	1.00000000e-10	7.72810246e+00	-7.45648532e+06	1.75703270e-13
4.02000000e+01	3.37989228e+01	4.98835381e+07	1.94155432e+06	1.00000000e-09	1.00000000e-09	1.00000000e-10	1.00000000e-10	0.00000000e+00	1.61534652e-13
4.03000000e+01	3.38829998e+01	4.93743861e+07	1.92173724e+06	1.00000000e-09	1.00000000e-09	1.00000000e-10	1.00000000e-10	0.00000000e+00	1.48508584e-13
4.04000000e+01	3.39670767e+01	4.88652429e+07	1.90192050e+06	1.00000000e-09	2.24410894e+01	1.00000000e-10	2.24410894e+00	-2.16523596e+06	1.36532931e-13
4.05000000e+01	3.40511536e+01	4.83560997e+07	1.88210376e+06	1.00000000e-09	7.82527120e+01	1.00000000e-10	7.82527120e+00	-7.55023891e+06	1.25522989e-13
4.06000000e+01	3.41352305e+01	4.78469564e+07	1.86228701e+06	1.00000000e-09	1.00000000e-09	1.00000000e-10	1.00000000e-10	0.00000000e+00	1.15400882e-13
4.07000000e+01	3.42193075e+01	4.73378133e+07	1.84247027e+06	1.00000000e-09	1.00000000e-09	1.00000000e-10	1.00000000e-10	0.00000000e+00	1.06095016e-13
4.08000000e+01	3.43033844e+01	4.68286789e+07	1.82265388e+06	1.00000000e-09	1.67780082e+01	1.00000000e-10	1.67780082e+00	-1.61883169e+06	9.75395708e-14
4.09000000e+01	3.43874613e+01	4.63195450e+07	1.80283750e+06	1.00000000e-09	7.82254699e+01	1.00000000e-10	7.82254699e+00	-7.54761044e+06	8.96740319e-14
4.10000000e+01	3.44715382e+01	4.58104111e+07	1.78302112e+06	1.00000000e-09	1.00000000e-09	1.00000000e-10	1.00000000e-10	0.00000000e+00	8.24427658e-14
4.11000000e+01	3.45556151e+01	4.53012772e+07	1.76320474e+06	1.00000000e-09	1.00000000e-09	1.00000000e-10	1.00000000e-10	0.00000000e+00	7.57946252e-14
4.12000000e+01	3.46396921e+01	4.47921519e+07	1.74338869e+06	1.00000000e-09	1.11762273e+01	1.00000000e-10	1.11762273e+00	-1.07834200e+06	6.96825871e-14
4.13000000e+01	3.47237690e+01	4.42830284e+07	1.72357272e+06	1.00000000e-09	7.74308185e+01	1.00000000e-10	7.74308185e+00	-7.47093824e+06	6.40634205e-14
4.14000000e+01	3.48078459e+01	4.37739048e+07	1.70375674e+06	1.00000000e-09	1.00000000e-09	1.00000000e-10	1.00000000e-10	0.00000000e+00	5.88973804e-14
4.15000000e+01	3.48919228e+01	4.32647812e+07	1.68394076e+06	1.00000000e-09	1.00000000e-09	1.00000000e-10	1.00000000e-10	0.00000000e+00	5.41479271e-14
4.16000000e+01	3.49759998e+01	4.27556661e+07	1.66412511e+06	1.00000000e-09	5.73501126e+00	1.00000000e-10	5.73501126e-01	-5.53344466e+05	4.97814672e-14
4.17000000e+01	3.50600767e+01	4.22465537e+07	1.64430957e+06	1.00000000e-09	7.59329435e+01	1.00000000e-10	7.59329435e+00	-7.32641527e+06	4.57671163e-14
4.18000000e+01	3.51441536e+01	4.17374414e+07	1.62449403e+06	1.00000000e-09	1.00000000e-09	1.00000000e-10	1.00000000e-10	0.00000000e+00	4.20764804e-14
4.19000000e+01	3.52282305e+01	4.12283291e+07	1.60467849e+06	1.00000000e-09	1.00000000e-09	1.00000000e-10	1.00000000e-10	0.00000000e+00	3.86834555e-14
4.20000000e+01	3.53123074e+01	4.07192247e+07	1.58486326e+06	1.00000000e-09	5.49190228e-01	1.00000000e-10	5.49190228e-02	-5.29888015e+04	3.55640423e-14
4.21000000e+01	3.53963844e+01	4.02101243e+07	1.56504818e+06	1.00000000e-09	7.37659368e+01	1.00000000e-10	7.37659368e+00	-7.11733091e+06	3.26961769e-14
4.22000000e+01	3.54804613e+01	3.97010238e+07	1.54523311e+06	1.00000000e-09	1.00000000e-09	1.00000000e-10	1.00000000e-10	0.00000000e+00	3.00595747e-14
4.23000000e+01	3.55645382e+01	3.91919234e+07	1.52541803e+06	1.00000000e-09	1.00000000e-09	1.00000000e-10	1.00000000e-10	0.00000000e+00	2.76355866e-14
4.24000000e+01	3.56486151e+01	3.86828303e+07	1.50560324e+06	1.00000000e-09	1.00000000e-09	1.00000000e-10	1.00000000e-10	0.00000000e+00	2.54070677e-14
4.25000000e+01	3.57326921e+01	3.81737423e+07	1.48578864e+06	1.00000000e-09	7.09759801e+01	1.00000000e-10	7.09759801e+00	-6.84814102e+06	2.33582553e-14
4.26000000e+01	3.58167690e+01	3.76646542e+07	1.46597405e+06	1.00000000e-09	4.65052627e+00	1.00000000e-10	4.65052627e-01	-4.48707572e+05	2.14746581e-14
4.27000000e+01	3.59008459e+01	3.71555661e+07	1.44615945e+06	1.00000000e-09	1.00000000e-09	1.00000000e-10	1.00000000e-10	0.00000000e+00	1.97429531e-14
4.28000000e+01	3.59849228e+01	3.66464847e+07	1.42634511e+06	1.00000000e-09	1.00000000e-09	1.00000000e-10	1.00000000e-10	0.00000000e+00	1.81508919e-14
4.29000000e+01	3.60689997e+01	3.61374092e+07	1.40653101e+06	1.00000000e-09	6.76199409e+01	1.00000000e-10	6.76199409e+00	-6.52433246e+06	1.66872137e-14
4.30000000e+01	3.61530767e+01	3.56283337e+07	1.38671690e+06	1.00000000e-09	9.04936075e+00	1.00000000e-10	9.04936075e-01	-8.73130577e+05	1.53415657e-14
4.31000000e+01	3.62371536e+01	3.51192582e+07	1.36690280e+06	1.00000000e-09	1.00000000e-09	1.00000000e-10	1.00000000e-10	0.00000000e+00	1.41044300e-14
4.32000000e+01	3.63212305e+01	3.46101885e+07	1.34708892e+06	1.00000000e-09	1.00000000e-09	1.00000000e-10	1.00000000e-10	0.00000000e+00	1.29670563e-14
4.33000000e+01	3.64053074e+01	3.41011256e+07	1.32727530e+06	1.00000000e-09	6.37643875e+01	1.00000000e-10	6.37643875e+00	-6.15232811e+06	1.19213998e-14
4.34000000e+01	3.64893844e+01	3.35920627e+07	1.30746168e+06	1.00000000e-09	1.29472327e+01	1.00000000e-10	1.29472327e+00	-1.24921804e+06	1.09600645e-14
4.35000000e+01	3.65734613e+01	3.30829997e+07	1.28764806e+06	1.00000000e-09	1.00000000e-09	1.00000000e-10	1.00000000e-10	0.00000000e+00	1.00762507e-14
4.36000000e+01	3.66575382e+01	3.25739417e+07	1.26783464e+06	1.00000000e-09	1.00000000e-09	1.00000000e-10	1.00000000e-10	0.00000000e+00	9.26370726e-15
4.37000000e+01	3.67416151e+01	3.20648911e+07	1.24802150e+06	1.00000000e-09	5.94842627e+01	1.00000000e-10	5.94842627e+00	-5.73935884e+06	8.51668685e-15
4.38000000e+01	3.68256921e+01	3.15558405e+07	1.22820836e+06	1.00000000e-09	1.62817590e+01	1.00000000e-10	1.62817590e+00	-1.57095092e+06	7.82990577e-15
4.39000000e+01	3.69097690e+01	3.10467898e+07	1.20839522e+06	1.00000000e-09	1.00000000e-09	1.00000000e-10	1.00000000e-10	0.00000000e+00	7.19850635e-15
4.40000000e+01	3.69938459e+01	3.05377431e+07	1.18858223e+06	1.00000000e-09	1.00000000e-09	1.00000000e-10	1.00000000e-10	0.00000000e+00	6.61802264e-15
4.41000000e+01	3.70779228e+01	3.00287043e+07	1.16876956e+06	1.00000000e-09	5.48613952e+01	1.00000000e-10	5.48613952e+00	-5.29331994e+06	6.08434883e-15
4.42000000e+01	3.71619997e+01	2.95196656e+07	1.14895688e+06	1.00000000e-09	1.90014711e+01	1.00000000e-10	1.90014711e+00	-1.83336325e+06	5.59371018e-15
4.43000000e+01	3.72460767e+01	2.90106268e+07	1.12914420e+06	1.00000000e-09	1.00000000e-09	1.00000000e-10	1.00000000e-10	0.00000000e+00	5.14263638e-15
4.44000000e+01	3.73301536e+01	2.85015908e+07	1.10933164e+06	1.00000000e-09	1.00000000e-09	1.00000000e-10	1.00000000e-10	0.00000000e+00	4.72793693e-15
4.45000000e+01	3.74142305e+01	2.79925632e+07	1.08951939e+06	1.00000000e-09	4.99829319e+01	1.00000000e-10	4.99829319e+00	-4.82261979e+06	4.34667862e-15
4.46000000e+01	3.74983074e+01	2.74835357e+07	1.06970715e+06	1.00000000e-09	2.10665417e+01	1.00000000e-10	2.10665417e+00	-2.03261227e+06	3.99616478e-15
4.47000000e+01	3.75823844e+01	2.69745081e+07	1.04989491e+06	1.00000000e-09	1.00000000e-09	1.00000000e-10	1.00000000e-10	0.00000000e+00	3.67391618e-15
4.48000000e+01	3.76664613e+01	2.64654821e+07	1.03008273e+06	1.00000000e-09	1.00000000e-09	1.00000000e-10	1.00000000e-10	0.00000000e+00	3.37765354e-15
4.49000000e+01	3.77505382e+01	2.59564649e+07	1.01027089e+06	1.00000000e-09	4.49397201e+01	1.00000000e-10	4.49397201e+00	-4.33602382e+06	3.10528136e-15
4.50000000e+01	3.78346151e+01	2.54474476e+07	9.90459054e+05	1.00000000e-09	2.24492901e+01	1.00000000e-10	2.24492901e+00	-2.16602721e+06	2.85487313e-15
4.51000000e+01	3.79186920e+01	2.49384303e+07	9.70647214e+05	1.00000000e-09	1.00000000e-09	1.00000000e-10	1.00000000e-10	0.00000000e+00	2.62465769e-15
4.52000000e+01	3.80027690e+01	2.44294135e+07	9.50835392e+05	1.00000000e-09	1.00000000e-09	1.00000000e-10	1.00000000e-10	0.00000000e+00	2.41300669e-15
4.53000000e+01	3.80868459e+01	2.39204055e+07	9.31023912e+05	1.00000000e-09	3.98246691e+01	1.00000000e-10	3.98246691e+00	-3.84249643e+06	2.21842312e-15
4.54000000e+01	3.81709228e+01	2.34113975e+07	9.11212434e+05	1.00000000e-09	2.31106834e+01	1.00000000e-10	2.31106834e+00	-2.22984196e+06	2.03953067e-15
4.55000000e+01	3.82549997e+01	2.29023896e+07	8.91400956e+05	1.00000000e-09	1.00000000e-09	1.00000000e-10	1.00000000e-10	0.00000000e+00	1.87506400e-15
4.56000000e+01	3.83390767e+01	2.23933816e+07	8.71589477e+05	1.00000000e-09	1.00000000e-09	1.00000000e-10	1.00000000e-10	0.00000000e+00	1.72385984e-15
4.57000000e+01	3.84231536e+01	2.18843824e+07	8.51778339e+05	1.00000000e-09	3.47353509e+01	1.00000000e-10	3.47353509e+00	-3.35145187e+06	1.58484870e-15
4.58000000e+01	3.85072305e+01	2.13753843e+07	8.31967248e+05	1.00000000e-09	2.28178088e+01	1.00000000e-10	2.28178088e+00	-2.20158386e+06	1.45704735e-15
4.59000000e+01	3.85913074e+01	2.08663863e+07	8.12156157e+05	1.00000000e-09	1.00000000e-09	1.00000000e-10	1.00000000e-10	0.00000000e+00	1.33955183e-15
4.60000000e+01	3.86753843e+01	2.03573883e+07	7.92345065e+05	1.00000000e-09	1.00000000e-09	1.00000000e-10	1.00000000e-10	0.00000000e+00	1.23153109e-15
4.61000000e+01	3.87594613e+01	1.98483988e+07	7.72534306e+05	1.00000000e-09	2.97672982e+01	1.00000000e-10	2.97672982e+00	-2.87210765e+06	1.13222108e-15
4.62000000e+01	3.88435382e+01	1.93394116e+07	7.52723637e+05	1.00000000e-09	2.18433156e+01	1.00000000e-10	2.18433156e+00	-2.10755956e+06	1.04091937e-15
4.63000000e+01	3.89276151e+01	1.88304244e+07	7.32912969e+05	1.00000000e-09	1.00000000e-09	1.00000000e-10	1.00000000e-10	0.00000000e+00	9.56980191e-16
4.64000000e+01	3.90116920e+01	1.83214373e+07	7.13102300e+05	1.00000000e-09	1.00000000e-09	1.00000000e-10	1.00000000e-10	0.00000000e+00	8.79809819e-16
4.65000000e+01	3.90957690e+01	1.78124583e+07	6.93291949e+05	1.00000000e-09	2.50098419e+01	1.00000000e-10	2.50098419e+00	-2.41308290e+06	8.08862425e-16
4.66000000e+01	3.91798459e+01	1.73034827e+07	6.73481732e+05	1.00000000e-09	2.02133992e+01	1.00000000e-10	2.02133992e+00	-1.95029653e+06	7.43636191e-16
4.67000000e+01	3.92639228e+01	1.67945071e+07	6.53671514e+05	1.00000000e-09	1.00000000e-09	1.00000000e-10	1.00000000e-10	0.00000000e+00	6.83669765e-16
4.68000000e+01	3.93479997e+01	1.62855315e+07	6.33861297e+05	1.00000000e-09	1.00000000e-09	1.00000000e-10	1.00000000e-10	0.00000000e+00	6.28539001e-16
4.69000000e+01	3.94320766e+01	1.57765636e+07	6.14051377e+05	1.00000000e-09	2.05479664e+01	1.00000000e-10	2.05479664e+00	-1.98257736e+06	5.77853951e-16
4.70000000e+01	3.95161536e+01	1.52676001e+07	5.94241631e+05	1.00000000e-09	1.79652877e+01	1.00000000e-10	1.79652877e+00	-1.73338675e+06	5.31256117e-16
4.71000000e+01	3.96002305e+01	1.47586367e+07	5.74431885e+05	1.00000000e-09	1.00000000e-09	1.00000000e-10	1.00000000e-10	0.00000000e+00	4.88415907e-16
4.72000000e+01	3.96843074e+01	1.42496732e+07	5.54622139e+05	1.00000000e-09	1.00000000e-09	1.00000000e-10	1.00000000e-10	0.00000000e+00	4.49030309e-16
4.73000000e+01	3.97683843e+01	1.37407168e+07	5.34812667e+05	1.00000000e-09	1.64609554e+01	1.00000000e-10	1.64609554e+00	-1.58824074e+06	4.12820745e-16
4.74000000e+01	3.98524613e+01	1.32317657e+07	5.15003405e+05	1.00000000e-09	1.51466130e+01	1.00000000e-10	1.51466130e+00	-1.46142599e+06	3.79531100e-16
4.75000000e+01	3.99365382e+01	1.27228147e+07	4.95194143e+05	1.00000000e-09	1.00000000e-09	1.00000000e-10	1.00000000e-10	0.00000000e+00	3.48925915e-16
4.76000000e+01	4.00206151e+01	1.22138637e+07	4.75384881e+05	1.00000000e-09	1.00000000e-09	1.00000000e-10	1.00000000e-10	0.00000000e+00	3.20788716e-16
4.77000000e+01	4.01046920e+01	1.17049189e+07	4.55575863e+05	1.00000000e-09	1.28211465e+01	1.00000000e-10	1.28211465e+00	-1.23705257e+06	2.94920485e-16
4.78000000e+01	4.01887690e+01	1.11959804e+07	4.35767089e+05	1.00000000e-09	1.18145283e+01	1.00000000e-10	1.18145283e+00	-1.13992869e+06	2.71138254e-16
4.79000000e+01	4.02728459e+01	1.06870419e+07	4.15958314e+05	1.00000000e-09	1.00000000e-09	1.00000000e-10	1.00000000e-10	0.00000000e+00	2.49273810e-16
4.80000000e+01	4.03569228e+01	1.01781034e+07	3.96149540e+05	1.00000000e-09	1.00000000e-09	1.00000000e-10	1.00000000e-10	0.00000000e+00	2.29172503e-16
4.81000000e+01	4.04409997e+01	9.66917031e+06	3.76340976e+05	1.00000000e-09	9.69281214e+00	1.00000000e-10	9.69281214e-01	-9.35214198e+05	2.10692155e-16
4.82000000e+01	4.05250766e+01	9.16024423e+06	3.56532685e+05	1.00000000e-09	8.03469631e+00	1.00000000e-10	8.03469631e-01	-7.75230342e+05	1.93702052e-16
4.83000000e+01	4.06091536e+01	8.65131814e+06	3.36724394e+05	1.00000000e-09	1.00000000e-09	1.00000000e-10	1.00000000e-10	0.00000000e+00	1.78082022e-16
4.84000000e+01	4.06932305e+01	8.14239205e+06	3.16916103e+05	1.00000000e-09	1.00000000e-09	1.00000000e-10	1.00000000e-10	0.00000000e+00	1.63721583e-16
4.85000000e+01	4.07773074e+01	7.63347043e+06	2.97107986e+05	1.00000000e-09	7.13117804e+00	1.00000000e-10	7.13117804e-01	-6.88054081e+05	1.50519162e-16
4.86000000e+01	4.08613843e+01	7.12455643e+06	2.77300165e+05	1.00000000e-09	3.88016339e+00	1.00000000e-10	3.88016339e-01	-3.74378853e+05	1.38381377e-16
4.87000000e+01	4.09454613e+01	6.61564243e+06	2.57492344e+05	1.00000000e-09	1.00000000e-09	1.00000000e-10	1.00000000e-10	0.00000000e+00	1.27222377e-16
4.88000000e+01	4.10295382e+01	6.10672844e+06	2.37684524e+05	1.00000000e-09	1.00000000e-09	1.00000000e-10	1.00000000e-10	0.00000000e+00	1.16963232e-16
4.89000000e+01	4.11136151e+01	5.59781787e+06	2.17876837e+05	1.00000000e-09	5.18158810e+00	1.00000000e-10	5.18158810e-01	-4.99947249e+05	1.07531379e-16
4.90000000e+01	4.11976920e+01	5.08891543e+06	1.98069466e+05	1.00000000e-09	1.00000000e-09	1.00000000e-10	1.00000000e-10	0.00000000e+00	9.88601065e-17
4.91000000e+01	4.12817689e+01	4.58001298e+06	1.78262095e+05	1.00000000e-09	1.00000000e-09	1.00000000e-10	1.00000000e-10	0.00000000e+00	9.08880802e-17
4.92000000e+01	4.13658459e+01	4.07111053e+06	1.58454724e+05	1.00000000e-09	5.43688700e-01	1.00000000e-10	5.43688700e-02	-5.24579846e+04	8.35589140e-17
4.93000000e+01	4.14499228e+01	3.56221044e+06	1.38647445e+05	1.00000000e-09	3.87882705e+00	1.00000000e-10	3.87882705e-01	-3.74249916e+05	7.68207678e-17
4.94000000e+01	4.15339997e+01	3.05331881e+06	1.18840495e+05	1.00000000e-09	1.00000000e-09	1.00000000e-10	1.00000000e-10	0.00000000e+00	7.06259821e-17
4.95000000e+01	4.16180766e+01	2.54442719e+06	9.90335449e+04	1.00000000e-09	1.00000000e-09	1.00000000e-10	1.00000000e-10	0.00000000e+00	6.49307406e-17
4.96000000e+01	4.17021536e+01	2.03553556e+06	7.92265951e+04	1.00000000e-09	5.21160177e+00	1.00000000e-10	5.21160177e-01	-5.02843127e+05	5.96947603e-17
4.97000000e+01	4.17862305e+01	1.52664517e+06	5.94196931e+04	1.00000000e-09	3.24659927e+00	1.00000000e-10	3.24659927e-01	-3.13249208e+05	5.48810067e-17
4.98000000e+01	4.18703074e+01	1.01776345e+06	3.96131288e+04	1.00000000e-09	1.00000000e-09	1.00000000e-10	1.00000000e-10	0.00000000e+00	5.04554316e-17
4.99000000e+01	4.19543843e+01	5.08881723e+05	1.98065644e+04	1.00000000e-09	1.00000000e-09	1.00000000e-10	1.00000000e-10	0.00000000e+00	4.63867326e-17
5.00000000e+01	4.20384612e+01	0.00000000e+00	0.00000000e+00	1.00000000e+01	1.00000000e+01	1.00000000e+00	1.00000000e+00	0.00000000e+00	4.26461312e-17
