# 1D PNP Solver Results
# Debye length: 1.18939 nm
# Surface potential: 100 mV
# Bulk concentration: 10 mol/m^3
# Thermal voltage: 25.6926 mV
# Grid: non-uniform with stretching factor 1
#
# Columns:
# 1: x [nm]
# 2: x/lambda_D [-]
# 3: phi [mV]
# 4: phi_normalized = e*phi/(kB*T) [-]
# 5: c+ [mol/m^3]
# 6: c- [mol/m^3]
# 7: c+/c0 [-]
# 8: c-/c0 [-]
# 9: rho [C/m^3]
# 10: phi_GC [mV] (Gouy-Chapman analytical)
0.00000000e+00	0.00000000e+00	1.00000000e+02	3.89217445e+00	4.07812923e+05	1.00000000e-09	4.07812923e+04	1.00000000e-10	3.93479653e+10	1.00000000e+02
1.00000000e-01	8.40769225e-02	7.63112321e+05	2.97016628e+04	1.37321056e+03	1.00000000e-09	1.37321056e+02	1.00000000e-10	1.32494677e+08	8.70576373e+01
2.00000000e-01	1.68153845e-01	1.52612464e+06	5.93994334e+04	1.00000000e-09	2.73374662e+01	1.00000000e-10	2.73374662e+00	-2.63766450e+06	7.68715638e+01
3.00000000e-01	2.52230767e-01	2.28928467e+06	8.91029532e+04	1.00000000e-09	1.00000000e-09	1.00000000e-10	1.00000000e-10	0.00000000e+00	6.85207345e+01
4.00000000e-01	3.36307690e-01	3.05244471e+06	1.18806473e+05	4.07799055e+05	1.00000000e-09	4.07799055e+04	1.00000000e-10	3.93466272e+10	6.14862309e+01
5.00000000e-01	4.20384612e-01	3.81560474e+06	1.48509993e+05	4.11877207e+03	6.07300003e+01	4.11877207e+02	6.07300003e+00	3.91541536e+08	5.54461690e+01
6.00000000e-01	5.04461535e-01	4.57909302e+06	1.78226288e+05	1.00000000e-09	9.09720146e+01	1.00000000e-10	9.09720146e+00	-8.77746505e+06	5.01866549e+01
7.00000000e-01	5.88538457e-01	5.34307326e+06	2.07961732e+05	1.00000000e-09	1.00000000e-09	1.00000000e-10	1.00000000e-10	0.00000000e+00	4.55579535e+01
8.00000000e-01	6.72615380e-01	6.10705350e+06	2.37697176e+05	4.07591418e+05	1.00000000e-09	4.07591418e+04	1.00000000e-10	3.93265934e+10	4.14508515e+01
9.00000000e-01	7.56692302e-01	6.87103374e+06	2.67432620e+05	6.85763357e+03	6.99801218e+01	6.85763357e+02	6.99801218e+00	6.54908998e+08	3.77829914e+01
1.00000000e+00	8.40769225e-01	7.63539264e+06	2.97182801e+05	1.00000000e-09	2.41460326e+02	1.00000000e-10	2.41460326e+01	-2.32973797e+07	3.44905241e+01
1.10000000e+00	9.24846147e-01	8.40105950e+06	3.26983891e+05	1.00000000e-09	1.00000000e-09	1.00000000e-10	1.00000000e-10	0.00000000e+00	3.15227780e+01
1.20000000e+00	1.00892307e+00	9.16672637e+06	3.56784982e+05	4.07338891e+05	1.00000000e-09	4.07338891e+04	1.00000000e-10	3.93022282e+10	2.88387272e+01
1.30000000e+00	1.09299999e+00	9.93239324e+06	3.86586072e+05	9.57972940e+03	1.00000000e-09	9.57972940e+02	1.00000000e-10	9.24303373e+08	2.64045776e+01
1.40000000e+00	1.17707691e+00	1.06980601e+07	4.16387162e+05	1.00000000e-09	2.49499680e+02	1.00000000e-10	2.49499680e+01	-2.40730595e+07	2.41920729e+01
1.50000000e+00	1.26115384e+00	1.14650808e+07	4.46240947e+05	1.00000000e-09	3.73765040e+02	1.00000000e-10	3.73765040e+01	-3.60628440e+07	2.21772778e+01
1.60000000e+00	1.34523076e+00	1.22341342e+07	4.76173845e+05	4.06193711e+05	2.95732955e+02	4.06193711e+04	2.95732955e+01	3.91632013e+10	2.03396868e+01
1.70000000e+00	1.42930768e+00	1.30047997e+07	5.06169489e+05	1.22584771e+04	2.89717411e+02	1.22584771e+03	2.89717411e+01	1.15480975e+09	1.86615585e+01
1.80000000e+00	1.51338460e+00	1.37770477e+07	5.36226730e+05	1.00000000e-09	3.53839028e+02	1.00000000e-10	3.53839028e+01	-3.41402762e+07	1.71274116e+01
1.90000000e+00	1.59746153e+00	1.45509819e+07	5.66349599e+05	1.00000000e-09	7.19337832e+01	1.00000000e-10	7.19337832e+00	-6.94055497e+06	1.57236358e+01
2.00000000e+00	1.68153845e+00	1.53226296e+07	5.96383476e+05	4.05493339e+05	1.00000000e-09	4.05493339e+04	1.00000000e-10	3.91241595e+10	1.44381886e+01
2.10000000e+00	1.76561537e+00	1.60870305e+07	6.26135292e+05	1.24792118e+04	1.00000000e-09	1.24792118e+03	1.00000000e-10	1.20406089e+09	1.32603556e+01
2.20000000e+00	1.84969229e+00	1.68342648e+07	6.55218954e+05	1.00000000e-09	1.22931478e+02	1.00000000e-10	1.22931478e+01	-1.18610845e+07	1.21805577e+01
2.30000000e+00	1.93376922e+00	1.75423660e+07	6.82779486e+05	1.00000000e-09	4.68016247e+01	1.00000000e-10	4.68016247e+00	-4.51567030e+06	1.11901960e+01
2.40000000e+00	2.01784614e+00	1.82147282e+07	7.08948998e+05	4.28405987e+05	1.00000000e-09	4.28405987e+04	1.00000000e-10	4.13348939e+10	1.02815237e+01
2.50000000e+00	2.10192306e+00	1.88870905e+07	7.35118510e+05	3.22235360e+04	1.00000000e-09	3.22235360e+03	1.00000000e-10	3.10909857e+09	9.44754093e+00
2.60000000e+00	2.18599998e+00	1.95594527e+07	7.61288022e+05	1.00000000e-09	7.43834567e+01	1.00000000e-10	7.43834567e+00	-7.17691253e+06	8.68190590e+00
2.70000000e+00	2.27007691e+00	2.02321693e+07	7.87471324e+05	1.00000000e-09	3.69999329e+01	1.00000000e-10	3.69999329e+00	-3.56995081e+06	7.97886054e+00
2.80000000e+00	2.35415383e+00	2.08965147e+07	8.13328805e+05	4.29908923e+05	1.00000000e-09	4.29908923e+04	1.00000000e-10	4.14799052e+10	7.33316685e+00
2.90000000e+00	2.43823075e+00	2.15320078e+07	8.38063306e+05	2.42715215e+04	1.00000000e-09	2.42715215e+03	1.00000000e-10	2.34184581e+09	6.74005227e+00
3.00000000e+00	2.52230767e+00	2.21622369e+07	8.62592921e+05	1.00000000e-09	5.29210038e+01	1.00000000e-10	5.29210038e+00	-5.10610063e+06	6.19516235e+00
3.10000000e+00	2.60638460e+00	2.27927022e+07	8.87131732e+05	1.00000000e-09	3.32174013e+01	1.00000000e-10	3.32174013e+00	-3.20499200e+06	5.69451955e+00
3.20000000e+00	2.69046152e+00	2.34233159e+07	9.11676318e+05	4.35555432e+05	1.00000000e-09	4.35555432e+04	1.00000000e-10	4.20247105e+10	5.23448697e+00
3.30000000e+00	2.77453844e+00	2.40357205e+07	9.35512174e+05	2.02272436e+04	1.00000000e-09	2.02272436e+03	1.00000000e-10	1.95163231e+09	4.81173646e+00
3.40000000e+00	2.85861536e+00	2.46277631e+07	9.58555503e+05	1.00000000e-09	4.06436559e+01	1.00000000e-10	4.06436559e+00	-3.92151664e+06	4.42322017e+00
3.50000000e+00	2.94269229e+00	2.52199761e+07	9.81605468e+05	1.00000000e-09	3.14625564e+01	1.00000000e-10	3.14625564e+00	-3.03567520e+06	4.06614534e+00
3.60000000e+00	3.02676921e+00	2.58123212e+07	1.00466057e+06	4.59979468e+05	1.00000000e-09	4.59979468e+04	1.00000000e-10	4.43812718e+10	3.73795159e+00
3.70000000e+00	3.11084613e+00	2.63997954e+07	1.02752609e+06	2.20679443e+04	1.00000000e-09	2.20679443e+03	1.00000000e-10	2.12923293e+09	3.43629058e+00
3.80000000e+00	3.19492305e+00	2.69652959e+07	1.04953636e+06	1.00000000e-09	3.19690582e+01	1.00000000e-10	3.19690582e+00	-3.08454519e+06	3.15900770e+00
3.90000000e+00	3.27899998e+00	2.75301962e+07	1.07152326e+06	1.00000000e-09	3.01757300e+01	1.00000000e-10	3.01757300e+00	-2.91151533e+06	2.90412542e+00
4.00000000e+00	3.36307690e+00	2.80952173e+07	1.09351487e+06	4.88529808e+05	1.00000000e-09	4.88529808e+04	1.00000000e-10	4.71359608e+10	2.66982829e+00
4.10000000e+00	3.44715382e+00	2.86602384e+07	1.11550648e+06	2.69004281e+04	1.00000000e-09	2.69004281e+03	1.00000000e-10	2.59549674e+09	2.45444929e+00
4.20000000e+00	3.53123074e+00	2.92067311e+07	1.13677692e+06	1.00000000e-09	2.54780169e+01	1.00000000e-10	2.54780169e+00	-2.45825492e+06	2.25645740e+00
4.30000000e+00	3.61530767e+00	2.97448616e+07	1.15772190e+06	1.00000000e-09	2.94681852e+01	1.00000000e-10	2.94681852e+00	-2.84324764e+06	2.07444628e+00
4.40000000e+00	3.69938459e+00	3.02831045e+07	1.17867125e+06	5.14288285e+05	1.00000000e-09	5.14288285e+04	1.00000000e-10	4.96212760e+10	1.90712395e+00
4.50000000e+00	3.78346151e+00	3.08213474e+07	1.19962061e+06	3.66780366e+04	1.00000000e-09	3.66780366e+03	1.00000000e-10	3.53889254e+09	1.75330334e+00
4.60000000e+00	3.86753843e+00	3.13459224e+07	1.22003798e+06	1.00000000e-09	2.04379027e+01	1.00000000e-10	2.04379027e+00	-1.97195783e+06	1.61189369e+00
4.70000000e+00	3.95161536e+00	3.18578864e+07	1.23996451e+06	1.00000000e-09	2.91064713e+01	1.00000000e-10	2.91064713e+00	-2.80834755e+06	1.48189263e+00
4.80000000e+00	4.03569228e+00	3.23699559e+07	1.25989515e+06	5.34532684e+05	1.00000000e-09	5.34532684e+04	1.00000000e-10	5.15745636e+10	1.36237899e+00
4.90000000e+00	4.11976920e+00	3.28820255e+07	1.27982580e+06	4.99585205e+04	1.00000000e-09	4.99585205e+03	1.00000000e-10	4.82026445e+09	1.25250612e+00
5.00000000e+00	4.20384612e+00	3.33852556e+07	1.29941239e+06	1.00000000e-09	1.61618102e+01	1.00000000e-10	1.61618102e+00	-1.55937763e+06	1.15149587e+00
5.10000000e+00	4.28792305e+00	3.38740385e+07	1.31843667e+06	1.00000000e-09	2.88107005e+01	1.00000000e-10	2.88107005e+00	-2.77981001e+06	1.05863300e+00
5.20000000e+00	4.37199997e+00	3.43629213e+07	1.33746484e+06	5.48195133e+05	1.00000000e-09	5.48195133e+04	1.00000000e-10	5.28927894e+10	9.73260072e-01
5.30000000e+00	4.45607689e+00	3.48518040e+07	1.35649301e+06	6.55955090e+04	1.00000000e-09	6.55955090e+03	1.00000000e-10	6.32900447e+09	8.94772759e-01
5.40000000e+00	4.54015381e+00	3.53361306e+07	1.37534384e+06	1.00000000e-09	1.23081802e+01	1.00000000e-10	1.23081802e+00	-1.18755885e+06	8.22615544e-01
5.50000000e+00	4.62423074e+00	3.58057331e+07	1.39362159e+06	1.00000000e-09	2.84044807e+01	1.00000000e-10	2.84044807e+00	-2.74061576e+06	7.56277766e-01
5.60000000e+00	4.70830766e+00	3.62754302e+07	1.41190303e+06	5.55118656e+05	1.00000000e-09	5.55118656e+04	1.00000000e-10	5.35608079e+10	6.95289988e-01
5.70000000e+00	4.79238458e+00	3.67451273e+07	1.43018446e+06	8.26248710e+04	1.00000000e-09	8.26248710e+03	1.00000000e-10	7.97208812e+09	6.39220665e-01
5.80000000e+00	4.87646150e+00	3.72138819e+07	1.44842920e+06	1.00000000e-09	8.70781154e+00	1.00000000e-10	8.70781154e-01	-8.40176088e+05	5.87673079e-01
5.90000000e+00	4.96053843e+00	3.76686039e+07	1.46612778e+06	1.00000000e-09	2.77926342e+01	1.00000000e-10	2.77926342e+00	-2.68158154e+06	5.40282524e-01
6.00000000e+00	5.04461535e+00	3.81227476e+07	1.48380384e+06	5.56093880e+05	1.00000000e-09	5.56093880e+04	1.00000000e-10	5.36549027e+10	4.96713722e-01
6.10000000e+00	5.12869227e+00	3.85768913e+07	1.50147991e+06	1.00213084e+05	1.00000000e-09	1.00213084e+04	1.00000000e-10	9.66909268e+09	4.56658442e-01
6.20000000e+00	5.21276919e+00	3.90310351e+07	1.51915598e+06	1.00000000e-09	5.31694548e+00	1.00000000e-10	5.31694548e-01	-5.13007250e+05	4.19833321e-01
6.30000000e+00	5.29684612e+00	3.94724145e+07	1.53633523e+06	1.00000000e-09	2.71069647e+01	1.00000000e-10	2.71069647e+00	-2.61542450e+06	3.85977854e-01
6.40000000e+00	5.38092304e+00	3.99105517e+07	1.55338830e+06	5.56817853e+05	1.00000000e-09	5.56817853e+04	1.00000000e-10	5.37247555e+10	3.54852548e-01
6.50000000e+00	5.46499996e+00	4.03486890e+07	1.57044137e+06	1.17802990e+05	1.00000000e-09	1.17802990e+04	1.00000000e-10	1.13662606e+10	3.26237227e-01
6.60000000e+00	5.54907688e+00	4.07868263e+07	1.58749443e+06	1.00000000e-09	2.05915886e+00	1.00000000e-10	2.05915886e-01	-1.98678626e+05	2.99929475e-01
6.70000000e+00	5.63315381e+00	4.12137931e+07	1.60411272e+06	1.00000000e-09	2.63944368e+01	1.00000000e-10	2.63944368e+00	-2.54667600e+06	2.75743201e-01
6.80000000e+00	5.71723073e+00	4.16353401e+07	1.62052007e+06	5.58783836e+05	1.00000000e-09	5.58783836e+04	1.00000000e-10	5.39144440e+10	2.53507323e-01
6.90000000e+00	5.80130765e+00	4.20568872e+07	1.63692742e+06	1.35043523e+05	1.00000000e-09	1.35043523e+04	1.00000000e-10	1.30297192e+10	2.33064554e-01
7.00000000e+00	5.88538457e+00	4.24784343e+07	1.65333477e+06	1.00000000e-09	1.00000000e-09	1.00000000e-10	1.00000000e-10	0.00000000e+00	2.14270296e-01
7.10000000e+00	5.96946150e+00	4.28905765e+07	1.66937606e+06	1.00000000e-09	2.57111150e+01	1.00000000e-10	2.57111150e+00	-2.48074547e+06	1.96991610e-01
7.20000000e+00	6.05353842e+00	4.32955479e+07	1.68513825e+06	5.61839415e+05	2.03269498e+00	5.61839415e+04	2.03269498e-01	5.42090664e+10	1.81106277e-01
7.30000000e+00	6.13761534e+00	4.37005250e+07	1.70090067e+06	1.51622025e+05	1.00000000e-09	1.51622025e+04	1.00000000e-10	1.46293014e+10	1.66501937e-01
7.40000000e+00	6.22169226e+00	4.41055022e+07	1.71666309e+06	1.00000000e-09	1.00000000e-09	1.00000000e-10	1.00000000e-10	0.00000000e+00	1.53075289e-01
7.50000000e+00	6.30576919e+00	4.45029084e+07	1.73213083e+06	1.00000000e-09	2.47415203e+01	1.00000000e-10	2.47415203e+00	-2.38719381e+06	1.40731363e-01
7.60000000e+00	6.38984611e+00	4.48918384e+07	1.74726867e+06	5.65804605e+05	5.28890434e+00	5.65804605e+04	5.28890434e-01	5.45913350e+10	1.29382849e-01
7.70000000e+00	6.47392303e+00	4.52807830e+07	1.76240707e+06	1.67258098e+05	1.00000000e-09	1.67258098e+04	1.00000000e-10	1.61379531e+10	1.18949475e-01
7.80000000e+00	6.55799995e+00	4.56697276e+07	1.77754547e+06	1.00000000e-09	1.00000000e-09	1.00000000e-10	1.00000000e-10	0.00000000e+00	1.09357445e-01
7.90000000e+00	6.64207688e+00	4.60529012e+07	1.79245926e+06	1.00000000e-09	2.33702796e+01	1.00000000e-10	2.33702796e+00	-2.25488919e+06	1.00538914e-01
8.00000000e+00	6.72615380e+00	4.64267267e+07	1.80700920e+06	5.70476242e+05	8.58466171e+00	5.70476242e+04	8.58466171e-01	5.50417614e+10	9.24315047e-02
8.10000000e+00	6.81023072e+00	4.68005750e+07	1.82156002e+06	1.81734559e+05	1.00000000e-09	1.81734559e+04	1.00000000e-10	1.75347193e+10	8.49778740e-02
8.20000000e+00	6.89430764e+00	4.71744232e+07	1.83611085e+06	1.00000000e-09	1.00000000e-09	1.00000000e-10	1.00000000e-10	0.00000000e+00	7.81253008e-02
8.30000000e+00	6.97838457e+00	4.75441973e+07	1.85050310e+06	1.00000000e-09	2.15433627e+01	1.00000000e-10	2.15433627e+00	-2.07861851e+06	7.18253161e-02
8.40000000e+00	7.06246149e+00	4.79041360e+07	1.86451254e+06	5.75644592e+05	1.18414260e+01	5.75644592e+04	1.18414260e+00	5.55401171e+10	6.60333593e-02
8.50000000e+00	7.14653841e+00	4.82641049e+07	1.87852316e+06	1.94901960e+05	1.00000000e-09	1.94901960e+04	1.00000000e-10	1.88051804e+10	6.07084632e-02
8.60000000e+00	7.23061533e+00	4.86240738e+07	1.89253378e+06	1.00000000e-09	1.00000000e-09	1.00000000e-10	1.00000000e-10	0.00000000e+00	5.58129641e-02
8.70000000e+00	7.31469226e+00	4.89815216e+07	1.90644627e+06	1.00000000e-09	1.91920611e+01	1.00000000e-10	1.91920611e+00	-1.85175239e+06	5.13122357e-02
8.80000000e+00	7.39876918e+00	4.93289714e+07	1.91996962e+06	5.81100661e+05	1.49440841e+01	5.81100661e+04	1.49440841e+00	5.60662484e+10	4.71744438e-02
8.90000000e+00	7.48284610e+00	4.96764581e+07	1.93349441e+06	2.06674914e+05	1.00000000e-09	2.06674914e+04	1.00000000e-10	1.99410977e+10	4.33703214e-02
9.00000000e+00	7.56692302e+00	5.00239448e+07	1.94701920e+06	1.00000000e-09	1.00000000e-09	1.00000000e-10	1.00000000e-10	0.00000000e+00	3.98729614e-02
9.10000000e+00	7.65099995e+00	5.03703023e+07	1.96050004e+06	1.00000000e-09	1.62271919e+01	1.00000000e-10	1.62271919e+00	-1.56568600e+06	3.66576268e-02
9.20000000e+00	7.73507687e+00	5.07067609e+07	1.97359559e+06	5.86643772e+05	1.77224597e+01	5.86643772e+04	1.77224597e+00	5.66008092e+10	3.37015752e-02
9.30000000e+00	7.81915379e+00	5.10432619e+07	1.98669280e+06	2.17022761e+05	1.00000000e-09	2.17022761e+04	1.00000000e-10	2.09395132e+10	3.09838980e-02
9.40000000e+00	7.90323071e+00	5.13797628e+07	1.99979000e+06	1.00000000e-09	1.00000000e-09	1.00000000e-10	1.00000000e-10	0.00000000e+00	2.84853728e-02
9.50000000e+00	7.98730764e+00	5.17162637e+07	2.01288720e+06	1.00000000e-09	1.25396665e+01	1.00000000e-10	1.25396665e+00	-1.20989389e+06	2.61883275e-02
9.60000000e+00	8.07138456e+00	5.20431653e+07	2.02561078e+06	5.92090346e+05	1.99483310e+01	5.92090346e+04	1.99483310e+00	5.71261089e+10	2.40765146e-02
9.70000000e+00	8.15546148e+00	5.23694482e+07	2.03831028e+06	2.25995008e+05	1.00000000e-09	2.25995008e+04	1.00000000e-10	2.18052034e+10	2.21349973e-02
9.80000000e+00	8.23953840e+00	5.26957312e+07	2.05100978e+06	1.00000000e-09	1.00000000e-09	1.00000000e-10	1.00000000e-10	0.00000000e+00	2.03500429e-02
9.90000000e+00	8.32361533e+00	5.30220141e+07	2.06370929e+06	1.00000000e-09	8.04080789e+00	1.00000000e-10	8.04080789e-01	-7.75820020e+05	1.87090262e-02
1.00000000e+01	8.40769225e+00	5.33391412e+07	2.07605243e+06	5.97300308e+05	2.13490734e+01	5.97300308e+04	2.13490734e+00	5.76286587e+10	1.72003403e-02
1.01000000e+01	8.49176917e+00	5.36546353e+07	2.08833201e+06	2.35193860e+05	1.00000000e-09	2.35193860e+04	1.00000000e-10	2.26927577e+10	1.58133140e-02
1.02000000e+01	8.57584609e+00	5.39701293e+07	2.10061158e+06	1.00000000e-09	1.00000000e-09	1.00000000e-10	1.00000000e-10	0.00000000e+00	1.45381368e-02
1.03000000e+01	8.65992302e+00	5.42856234e+07	2.11289116e+06	1.00000000e-09	2.50363273e+00	1.00000000e-10	2.50363273e-01	-2.41563835e+05	1.33657892e-02
1.04000000e+01	8.74399994e+00	5.45924991e+07	2.12483530e+06	6.02145170e+05	2.16050282e+01	6.02145170e+04	2.16050282e+00	5.80960922e+10	1.22879791e-02
1.05000000e+01	8.82807686e+00	5.48968214e+07	2.13668006e+06	2.44722664e+05	1.00000000e-09	2.44722664e+04	1.00000000e-10	2.36121475e+10	1.12970830e-02
1.06000000e+01	8.91215378e+00	5.52011437e+07	2.14852481e+06	1.00000000e-09	1.00000000e-09	1.00000000e-10	1.00000000e-10	0.00000000e+00	1.03860923e-02
1.07000000e+01	8.99623071e+00	5.55054660e+07	2.16036957e+06	1.00000000e-09	1.00000000e-09	1.00000000e-10	1.00000000e-10	0.00000000e+00	9.54856333e-03
1.08000000e+01	9.08030763e+00	5.58017704e+07	2.17190225e+06	6.06495106e+05	2.07405120e+01	6.06495106e+04	2.07405120e+00	5.85158805e+10	8.77857228e-03
1.09000000e+01	9.16438455e+00	5.60946854e+07	2.18330301e+06	2.54683268e+05	6.22727119e+00	2.54683268e+04	6.22727119e-01	2.45725988e+10	8.07067289e-03
1.10000000e+01	9.24846147e+00	5.63876134e+07	2.19470428e+06	1.00000000e-09	1.00000000e-09	1.00000000e-10	1.00000000e-10	0.00000000e+00	7.41985814e-03
1.11000000e+01	9.33253840e+00	5.66805413e+07	2.20610555e+06	1.00000000e-09	1.00000000e-09	1.00000000e-10	1.00000000e-10	0.00000000e+00	6.82152474e-03
1.12000000e+01	9.41661532e+00	5.69660801e+07	2.21721921e+06	6.10209923e+05	1.69545277e+01	6.10209923e+04	1.69545277e+00	5.88746712e+10	6.27144062e-03
1.13000000e+01	9.50069224e+00	5.72475199e+07	2.22817334e+06	2.65185082e+05	1.54337001e+01	2.65185082e+04	1.54337001e+00	2.55849816e+10	5.76571500e-03
1.14000000e+01	9.58476916e+00	5.75289905e+07	2.23912867e+06	1.00000000e-09	1.00000000e-09	1.00000000e-10	1.00000000e-10	0.00000000e+00	5.30077082e-03
1.15000000e+01	9.66884609e+00	5.78104612e+07	2.25008400e+06	1.00000000e-09	1.00000000e-09	1.00000000e-10	1.00000000e-10	0.00000000e+00	4.87331949e-03
1.16000000e+01	9.75292301e+00	5.80851422e+07	2.26077506e+06	6.13218453e+05	4.24919602e+00	6.13218453e+04	4.24919602e-01	5.91661761e+10	4.48033760e-03
1.17000000e+01	9.83699993e+00	5.83551554e+07	2.27128445e+06	2.76347872e+05	2.49486198e+01	2.76347872e+04	2.49486198e+00	2.66611090e+10	4.11904557e-03
1.18000000e+01	9.92107685e+00	5.86252165e+07	2.28179570e+06	1.00000000e-09	3.95795049e-01	1.00000000e-10	3.95795049e-02	-3.81884167e+04	3.78688794e-03
1.19000000e+01	1.00051538e+01	5.88952783e+07	2.29230697e+06	1.00000000e-09	1.00000000e-09	1.00000000e-10	1.00000000e-10	0.00000000e+00	3.48151531e-03
1.20000000e+01	1.00892307e+01	5.91590294e+07	2.30257263e+06	6.15569527e+05	1.00000000e-09	6.15569527e+04	1.00000000e-10	5.93934303e+10	3.20076778e-03
1.21000000e+01	1.01733076e+01	5.94177063e+07	2.31264078e+06	2.88253814e+05	1.00000000e-09	2.88253814e+04	1.00000000e-10	2.78122649e+10	2.94265957e-03
1.22000000e+01	1.02573845e+01	5.96763832e+07	2.32270894e+06	1.00000000e-09	5.07605524e+01	1.00000000e-10	5.07605524e+00	-4.89764875e+06	2.70536508e-03
1.23000000e+01	1.03414615e+01	5.99351535e+07	2.33278073e+06	1.00000000e-09	5.02906118e+01	1.00000000e-10	5.02906118e+00	-4.85230638e+06	2.48720588e-03
1.24000000e+01	1.04255384e+01	6.01885874e+07	2.34264482e+06	6.16565246e+05	9.12466912e+00	6.16565246e+04	9.12466912e-01	5.94886221e+10	2.28663893e-03
1.25000000e+01	1.05096153e+01	6.04368578e+07	2.35230794e+06	3.00830477e+05	1.00000000e-09	3.00830477e+04	1.00000000e-10	2.90257285e+10	2.10224558e-03
1.26000000e+01	1.05936922e+01	6.06851281e+07	2.36197105e+06	1.00000000e-09	1.00000000e-09	1.00000000e-10	1.00000000e-10	0.00000000e+00	1.93272162e-03
1.27000000e+01	1.06777692e+01	6.09333984e+07	2.37163417e+06	1.00000000e-09	5.04637624e+00	1.00000000e-10	5.04637624e-01	-4.86901287e+05	1.77686798e-03
1.28000000e+01	1.07618461e+01	6.11766562e+07	2.38110218e+06	6.17008175e+05	8.52038042e+00	6.17008175e+04	8.52038042e-01	5.95314166e+10	1.63358230e-03
1.29000000e+01	1.08459230e+01	6.14143286e+07	2.39035280e+06	3.14401349e+05	1.81621341e+00	3.14401349e+04	1.81621341e-01	3.03349433e+10	1.50185109e-03
1.30000000e+01	1.09299999e+01	6.16520040e+07	2.39960355e+06	1.00000000e-09	1.00000000e-09	1.00000000e-10	1.00000000e-10	0.00000000e+00	1.38074262e-03
1.31000000e+01	1.10140768e+01	6.18896793e+07	2.40885429e+06	1.00000000e-09	1.00000000e-09	1.00000000e-10	1.00000000e-10	0.00000000e+00	1.26940027e-03
1.32000000e+01	1.10981538e+01	6.21227967e+07	2.41792762e+06	6.16528854e+05	5.14523945e-01	6.16528854e+04	5.14523945e-02	5.94859416e+10	1.16703651e-03
1.33000000e+01	1.11822307e+01	6.23499600e+07	2.42676921e+06	3.29005127e+05	2.78234059e-01	3.29005127e+04	2.78234059e-02	3.17441421e+10	1.07292731e-03
1.34000000e+01	1.12663076e+01	6.25771237e+07	2.43561082e+06	1.00000000e-09	1.94517568e-02	1.00000000e-10	1.94517568e-03	-1.87680912e+03	9.86407027e-04
1.35000000e+01	1.13503845e+01	6.28042875e+07	2.44445243e+06	1.00000000e-09	7.66055473e-03	1.00000000e-10	7.66055473e-04	-7.39131071e+02	9.06863691e-04
1.36000000e+01	1.14344615e+01	6.30273446e+07	2.45313420e+06	6.15010383e+05	4.87384746e-03	6.15010383e+04	4.87384746e-04	5.93394806e+10	8.33734687e-04
1.37000000e+01	1.15185384e+01	6.32441040e+07	2.46157086e+06	3.44765856e+05	3.42882332e-03	3.44765856e+04	3.42882332e-04	3.32648478e+10	7.66502767e-04
1.38000000e+01	1.16026153e+01	6.34608633e+07	2.47000751e+06	1.00000000e-09	1.00000000e-09	1.00000000e-10	1.00000000e-10	0.00000000e+00	7.04692393e-04
1.39000000e+01	1.16866922e+01	6.36776227e+07	2.47844416e+06	1.00000000e-09	1.00000000e-09	1.00000000e-10	1.00000000e-10	0.00000000e+00	6.47866374e-04
1.40000000e+01	1.17707691e+01	6.38907689e+07	2.48674018e+06	6.12240672e+05	1.00000000e-09	6.12240672e+04	1.00000000e-10	5.90722445e+10	5.95622776e-04
1.41000000e+01	1.18548461e+01	6.40972946e+07	2.49477852e+06	3.61838150e+05	1.56132370e-03	3.61838150e+04	1.56132370e-04	3.49120739e+10	5.47592073e-04
1.42000000e+01	1.19389230e+01	6.43038202e+07	2.50281686e+06	1.00000000e-09	2.06929149e-04	1.00000000e-10	2.06929149e-05	-1.99655312e+01	5.03434541e-04
1.43000000e+01	1.20229999e+01	6.45103458e+07	2.51085520e+06	1.00000000e-09	1.00000000e-09	1.00000000e-10	1.00000000e-10	0.00000000e+00	4.62837848e-04
1.44000000e+01	1.21070768e+01	6.47137986e+07	2.51877393e+06	6.07980215e+05	1.00000000e-09	6.07980215e+04	1.00000000e-10	5.86611729e+10	4.25514851e-04
1.45000000e+01	1.21911538e+01	6.49103338e+07	2.52642343e+06	3.80390143e+05	8.48900968e-04	3.80390143e+04	8.48900968e-05	3.67020692e+10	3.91201561e-04
1.46000000e+01	1.22752307e+01	6.51068691e+07	2.53407292e+06	1.00000000e-09	6.27613865e-04	1.00000000e-10	6.27613865e-05	-6.05554357e+01	3.59655276e-04
1.47000000e+01	1.23593076e+01	6.53034044e+07	2.54172242e+06	1.00000000e-09	1.00000000e-09	1.00000000e-10	1.00000000e-10	0.00000000e+00	3.30652866e-04
1.48000000e+01	1.24433845e+01	6.54974540e+07	2.54927517e+06	6.01966718e+05	1.00000000e-09	6.01966718e+04	1.00000000e-10	5.80809587e+10	3.03989196e-04
1.49000000e+01	1.25274615e+01	6.56843204e+07	2.55654834e+06	4.00599120e+05	1.00000000e-09	4.00599120e+04	1.00000000e-10	3.86519392e+10	2.79475669e-04
1.50000000e+01	1.26115384e+01	6.58711868e+07	2.56382150e+06	1.00000000e-09	1.00000000e-09	1.00000000e-10	1.00000000e-10	0.00000000e+00	2.56938901e-04
1.51000000e+01	1.26956153e+01	6.60580533e+07	2.57109467e+06	1.00000000e-09	1.95841616e-05	1.00000000e-10	1.95841616e-06	-1.88948785e+00	2.36219485e-04
1.52000000e+01	1.27796922e+01	6.62430673e+07	2.57829574e+06	5.93920939e+05	1.94339007e-04	5.93920939e+04	1.94339007e-05	5.73046591e+10	2.17170872e-04
1.53000000e+01	1.28637691e+01	6.64206697e+07	2.58520834e+06	4.22644640e+05	1.45649493e-04	4.22644640e+04	1.45649493e-05	4.07790085e+10	1.99658328e-04
1.54000000e+01	1.29478461e+01	6.65982721e+07	2.59212093e+06	1.00000000e-09	1.00000000e-09	1.00000000e-10	1.00000000e-10	0.00000000e+00	1.83557987e-04
1.55000000e+01	1.30319230e+01	6.67758746e+07	2.59903353e+06	1.00000000e-09	1.00000000e-09	1.00000000e-10	1.00000000e-10	0.00000000e+00	1.68755969e-04
1.56000000e+01	1.31159999e+01	6.69523019e+07	2.60590039e+06	5.83558783e+05	5.85931959e-05	5.83558783e+04	5.85931959e-06	5.63048630e+10	1.55147578e-04
1.57000000e+01	1.32000768e+01	6.71211331e+07	2.61247159e+06	4.46697337e+05	7.68530877e-05	4.46697337e+04	7.68530877e-06	4.30997409e+10	1.42636560e-04
1.58000000e+01	1.32841538e+01	6.72899643e+07	2.61904280e+06	1.00000000e-09	1.00000000e-09	1.00000000e-10	1.00000000e-10	0.00000000e+00	1.31134424e-04
1.59000000e+01	1.33682307e+01	6.74587955e+07	2.62561400e+06	1.00000000e-09	1.00000000e-09	1.00000000e-10	1.00000000e-10	0.00000000e+00	1.20559814e-04
1.60000000e+01	1.34523076e+01	6.76271690e+07	2.63216739e+06	5.70609560e+05	3.46102703e-05	5.70609560e+04	3.46102703e-06	5.50554529e+10	1.10837935e-04
1.61000000e+01	1.35363845e+01	6.77878136e+07	2.63841996e+06	4.72901933e+05	5.87207591e-05	4.72901933e+04	5.87207591e-06	4.56281001e+10	1.01900023e-04
1.62000000e+01	1.36204614e+01	6.79484582e+07	2.64467253e+06	1.00000000e-09	1.00000000e-09	1.00000000e-10	1.00000000e-10	0.00000000e+00	9.36828597e-05
1.63000000e+01	1.37045384e+01	6.81091028e+07	2.65092510e+06	1.00000000e-09	1.00000000e-09	1.00000000e-10	1.00000000e-10	0.00000000e+00	8.61283240e-05
1.64000000e+01	1.37886153e+01	6.82697474e+07	2.65717767e+06	5.55338892e+05	2.55172450e-05	5.55338892e+04	2.55172450e-06	5.35820575e+10	7.91829819e-05
1.65000000e+01	1.38726922e+01	6.84225901e+07	2.66312657e+06	5.01399125e+05	5.49276790e-05	5.01399125e+04	5.49276790e-06	4.83776611e+10	7.27977085e-05
1.66000000e+01	1.39567691e+01	6.85747649e+07	2.66904948e+06	1.00000000e-09	1.00000000e-09	1.00000000e-10	1.00000000e-10	0.00000000e+00	6.69273402e-05
1.67000000e+01	1.40408461e+01	6.87269396e+07	2.67497238e+06	1.00000000e-09	1.00000000e-09	1.00000000e-10	1.00000000e-10	0.00000000e+00	6.15303552e-05
1.68000000e+01	1.41249230e+01	6.88791144e+07	2.68089529e+06	5.41930114e+05	2.14779205e-05	5.41930114e+04	2.14779205e-06	5.22883070e+10	5.65685802e-05
1.69000000e+01	1.42089999e+01	6.90234822e+07	2.68651434e+06	5.32655841e+05	7.87128005e-05	5.32655841e+04	7.87128005e-06	5.13934757e+10	5.20069201e-05
1.70000000e+01	1.42930768e+01	6.91663929e+07	2.69207667e+06	1.00000000e-09	1.00000000e-09	1.00000000e-10	1.00000000e-10	0.00000000e+00	4.78131098e-05
1.71000000e+01	1.43771537e+01	6.93093035e+07	2.69763900e+06	1.00000000e-09	1.00000000e-09	1.00000000e-10	1.00000000e-10	0.00000000e+00	4.39574862e-05
1.72000000e+01	1.44612307e+01	6.94522142e+07	2.70320134e+06	5.31013552e+05	1.39719498e-05	5.31013552e+04	1.39719498e-06	5.12350189e+10	4.04127779e-05
1.73000000e+01	1.45453076e+01	6.95873891e+07	2.70846258e+06	5.67318392e+05	8.51912985e-06	5.67318392e+04	8.51912985e-07	5.47379035e+10	3.71539131e-05
1.74000000e+01	1.46293845e+01	6.97203037e+07	2.71363585e+06	1.00000000e-09	1.00000000e-09	1.00000000e-10	1.00000000e-10	0.00000000e+00	3.41578414e-05
1.75000000e+01	1.47134614e+01	6.98532184e+07	2.71880912e+06	1.00000000e-09	1.00000000e-09	1.00000000e-10	1.00000000e-10	0.00000000e+00	3.14033713e-05
1.76000000e+01	1.47975384e+01	6.99861330e+07	2.72398239e+06	5.22722706e+05	3.21154650e-06	5.22722706e+04	3.21154650e-07	5.04350739e+10	2.88710202e-05
1.77000000e+01	1.48816153e+01	7.01114668e+07	2.72886060e+06	6.06179648e+05	7.43631865e-06	6.06179648e+04	7.43631865e-07	5.84874447e+10	2.65428765e-05
1.78000000e+01	1.49656922e+01	7.02337352e+07	2.73361950e+06	1.00000000e-09	1.45333193e-06	1.00000000e-10	1.45333193e-07	-1.40128728e-01	2.44024731e-05
1.79000000e+01	1.50497691e+01	7.03560036e+07	2.73837839e+06	1.00000000e-09	4.35082622e-07	1.00000000e-10	4.35082622e-08	-4.18826059e-02	2.24346707e-05
1.80000000e+01	1.51338460e+01	7.04782719e+07	2.74313729e+06	5.17211555e+05	4.02860791e-07	5.17211555e+04	4.02860791e-08	4.99033287e+10	2.06255509e-05
1.81000000e+01	1.52179230e+01	7.05932045e+07	2.74761067e+06	6.50225897e+05	2.60307682e-07	6.50225897e+04	2.60307682e-08	6.27372616e+10	1.89623175e-05
1.82000000e+01	1.53019999e+01	7.07042778e+07	2.75193384e+06	1.00000000e-09	1.00000000e-09	1.00000000e-10	1.00000000e-10	0.00000000e+00	1.74332063e-05
1.83000000e+01	1.53860768e+01	7.08153512e+07	2.75625701e+06	1.00000000e-09	1.00000000e-09	1.00000000e-10	1.00000000e-10	0.00000000e+00	1.60274019e-05
1.84000000e+01	1.54701537e+01	7.09264246e+07	2.76058017e+06	5.14647424e+05	7.93899101e-08	5.14647424e+04	7.93899101e-09	4.96559277e+10	1.47349607e-05
1.85000000e+01	1.55542307e+01	7.10305021e+07	2.76463106e+06	7.00701962e+05	1.34783266e-07	7.00701962e+04	1.34783266e-08	6.76074616e+10	1.35467414e-05
1.86000000e+01	1.56383076e+01	7.11299531e+07	2.76850186e+06	1.00000000e-09	1.00000000e-09	1.00000000e-10	1.00000000e-10	0.00000000e+00	1.24543394e-05
1.87000000e+01	1.57223845e+01	7.12294041e+07	2.77237267e+06	1.00000000e-09	1.00000000e-09	1.00000000e-10	1.00000000e-10	0.00000000e+00	1.14500281e-05
1.88000000e+01	1.58064614e+01	7.13288551e+07	2.77624347e+06	5.15191166e+05	4.62584073e-08	5.15191166e+04	4.62584073e-09	4.97083908e+10	1.05267039e-05
1.89000000e+01	1.58905384e+01	7.14217485e+07	2.77985905e+06	7.59202469e+05	1.06431994e-07	7.59202469e+04	1.06431994e-08	7.32519024e+10	9.67783615e-06
1.90000000e+01	1.59746153e+01	7.15092851e+07	2.78326612e+06	1.00000000e-09	1.00000000e-09	1.00000000e-10	1.00000000e-10	0.00000000e+00	8.89742061e-06
1.91000000e+01	1.60586922e+01	7.15968217e+07	2.78667320e+06	1.00000000e-09	1.00000000e-09	1.00000000e-10	1.00000000e-10	0.00000000e+00	8.17993736e-06
1.92000000e+01	1.61427691e+01	7.16843583e+07	2.79008028e+06	5.18999404e+05	3.42816737e-08	5.18999404e+04	3.42816737e-09	5.00758299e+10	7.52031158e-06
1.93000000e+01	1.62268460e+01	7.17658772e+07	2.79325313e+06	8.27793307e+05	1.00096664e-07	8.27793307e+04	1.00096664e-08	7.98699122e+10	6.91387767e-06
1.94000000e+01	1.63109230e+01	7.18413417e+07	2.79619034e+06	1.00000000e-09	1.00000000e-09	1.00000000e-10	1.00000000e-10	0.00000000e+00	6.35634627e-06
1.95000000e+01	1.63949999e+01	7.19168062e+07	2.79912755e+06	1.00000000e-09	1.00000000e-09	1.00000000e-10	1.00000000e-10	0.00000000e+00	5.84377390e-06
1.96000000e+01	1.64790768e+01	7.19922707e+07	2.80206476e+06	5.26326690e+05	2.86035243e-08	5.26326690e+04	2.86035243e-09	5.07828054e+10	5.37253509e-06
1.97000000e+01	1.65631537e+01	7.20623626e+07	2.80479287e+06	9.09199311e+05	1.05440180e-07	9.09199311e+04	1.05440180e-08	8.77243975e+10	4.93929673e-06
1.98000000e+01	1.66472307e+01	7.21257444e+07	2.80725979e+06	1.00000000e-09	1.00000000e-09	1.00000000e-10	1.00000000e-10	0.00000000e+00	4.54099448e-06
1.99000000e+01	1.67313076e+01	7.21891261e+07	2.80972672e+06	1.00000000e-09	1.00000000e-09	1.00000000e-10	1.00000000e-10	0.00000000e+00	4.17481111e-06
2.00000000e+01	1.68153845e+01	7.22525078e+07	2.81219365e+06	5.37346773e+05	2.54917906e-08	5.37346773e+04	2.54917906e-09	5.18460819e+10	3.83815657e-06
2.01000000e+01	1.68994614e+01	7.23112714e+07	2.81448083e+06	1.00705635e+06	1.22215189e-07	1.00705635e+05	1.22215189e-08	9.71661660e+10	3.52864967e-06
2.02000000e+01	1.69835383e+01	7.23627208e+07	2.81648333e+06	1.00000000e-09	1.00000000e-09	1.00000000e-10	1.00000000e-10	0.00000000e+00	3.24410125e-06
2.03000000e+01	1.70676153e+01	7.24141701e+07	2.81848583e+06	1.00000000e-09	1.00000000e-09	1.00000000e-10	1.00000000e-10	0.00000000e+00	2.98249865e-06
2.04000000e+01	1.71516922e+01	7.24656195e+07	2.82048833e+06	5.51876017e+05	2.26017739e-08	5.51876017e+04	2.26017739e-09	5.32479408e+10	2.74199155e-06
2.05000000e+01	1.72357691e+01	7.25133179e+07	2.82234483e+06	1.12624402e+06	1.56906169e-07	1.12624402e+05	1.56906169e-08	1.08666028e+11	2.52087882e-06
2.06000000e+01	1.73198460e+01	7.25531619e+07	2.82389563e+06	1.00000000e-09	1.00000000e-09	1.00000000e-10	1.00000000e-10	0.00000000e+00	2.31759650e-06
2.07000000e+01	1.74039230e+01	7.25930060e+07	2.82544643e+06	1.00000000e-09	1.00000000e-09	1.00000000e-10	1.00000000e-10	0.00000000e+00	2.13070675e-06
2.08000000e+01	1.74879999e+01	7.26328500e+07	2.82699723e+06	5.68514943e+05	1.08919103e-08	5.68514943e+04	1.08919103e-09	5.48533531e+10	1.95888770e-06
2.09000000e+01	1.75720768e+01	7.26699252e+07	2.82844026e+06	1.27323784e+06	2.34246101e-07	1.27323784e+05	2.34246101e-08	1.22848775e+11	1.80092404e-06
2.10000000e+01	1.76561537e+01	7.26986848e+07	2.82955963e+06	1.00000000e-09	1.20178645e-08	1.00000000e-10	1.20178645e-09	-1.06306232e-03	1.65569849e-06
2.11000000e+01	1.77402306e+01	7.27274444e+07	2.83067901e+06	1.00000000e-09	1.29881687e-09	1.00000000e-10	1.29881687e-10	-2.88314445e-05	1.52218384e-06
2.12000000e+01	1.78243076e+01	7.27562039e+07	2.83179838e+06	5.81617524e+05	1.49341493e-08	5.81617524e+04	1.49341493e-09	5.61175600e+10	1.39943575e-06
2.13000000e+01	1.79083845e+01	7.27832917e+07	2.83285269e+06	1.45600720e+06	3.51672780e-08	1.45600720e+05	3.51672780e-09	1.40483338e+11	1.28658600e-06
2.14000000e+01	1.79924614e+01	7.28017003e+07	2.83356918e+06	1.00000000e-09	1.00000000e-09	1.00000000e-10	1.00000000e-10	0.00000000e+00	1.18283639e-06
2.15000000e+01	1.80765383e+01	7.28201089e+07	2.83428567e+06	1.00000000e-09	1.00000000e-09	1.00000000e-10	1.00000000e-10	0.00000000e+00	1.08745310e-06
2.16000000e+01	1.81606153e+01	7.28385174e+07	2.83500216e+06	5.67496049e+05	1.00000000e-09	5.67496049e+04	1.00000000e-10	5.47550447e+10	9.99761460e-07
2.17000000e+01	1.82446922e+01	7.28564622e+07	2.83570060e+06	1.68011972e+06	2.53467155e-08	1.68011972e+05	2.53467155e-09	1.62106909e+11	9.19141229e-07
2.18000000e+01	1.83287691e+01	7.28654835e+07	2.83605173e+06	1.00000000e-09	6.48528649e-09	1.00000000e-10	6.48528649e-10	-5.29249689e-04	8.45022171e-07
2.19000000e+01	1.84128460e+01	7.28743461e+07	2.83639668e+06	1.00000000e-09	1.00000000e-09	1.00000000e-10	1.00000000e-10	0.00000000e+00	7.76880034e-07
2.20000000e+01	1.84969229e+01	7.28832086e+07	2.83674162e+06	3.54757906e+05	1.00000000e-09	3.54757906e+04	1.00000000e-10	3.42289344e+10	7.14232843e-07
2.21000000e+01	1.85809999e+01	7.28920712e+07	2.83708657e+06	2.08779085e+06	1.00000000e-09	2.08779085e+05	1.00000000e-10	2.01441194e+11	6.56637488e-07
2.22000000e+01	1.86650768e+01	7.28919123e+07	2.83708039e+06	9.69981472e+04	1.00000000e-09	9.69981472e+03	1.00000000e-10	9.35889845e+09	6.03686592e-07
2.23000000e+01	1.87491537e+01	7.28902507e+07	2.83701572e+06	1.00000000e-09	1.00000000e-09	1.00000000e-10	1.00000000e-10	0.00000000e+00	5.55005627e-07
2.24000000e+01	1.88332306e+01	7.28885892e+07	2.83695104e+06	1.00000000e-09	1.00000000e-09	1.00000000e-10	1.00000000e-10	0.00000000e+00	5.10250270e-07
2.25000000e+01	1.89173076e+01	7.28869276e+07	2.83688637e+06	1.70546251e+05	1.00000000e-09	1.70546251e+04	1.00000000e-10	1.64552117e+10	4.69103960e-07
2.26000000e+01	1.90013845e+01	7.28763240e+07	2.83647366e+06	3.09037681e+04	7.93815289e+00	3.09037681e+03	7.93815289e-01	2.98099441e+09	4.31275667e-07
2.27000000e+01	1.90854614e+01	7.28628048e+07	2.83594747e+06	1.00000000e-09	5.39575641e+01	1.00000000e-10	5.39575641e+00	-5.20611349e+06	3.96497828e-07
2.28000000e+01	1.91695383e+01	7.28492857e+07	2.83542128e+06	1.00000000e-09	2.31625898e+00	1.00000000e-10	2.31625898e-01	-2.23485017e+05	3.64524455e-07
2.29000000e+01	1.92536153e+01	7.28357665e+07	2.83489510e+06	6.39658502e+04	1.00000000e-09	6.39658502e+03	1.00000000e-10	6.17176630e+09	3.35129397e-07
2.30000000e+01	1.93376922e+01	7.28135981e+07	2.83403226e+06	2.40486672e+04	1.00000000e-09	2.40486672e+03	1.00000000e-10	2.32034365e+09	3.08104742e-07
2.31000000e+01	1.94217691e+01	7.27870723e+07	2.83299983e+06	1.00000000e-09	4.39885638e+01	1.00000000e-10	4.39885638e+00	-4.24425119e+06	2.83259340e-07
2.32000000e+01	1.95058460e+01	7.27605465e+07	2.83196740e+06	1.00000000e-09	1.18757269e+01	1.00000000e-10	1.18757269e+00	-1.14583345e+06	2.60417458e-07
2.33000000e+01	1.95899229e+01	7.27340207e+07	2.83093497e+06	3.59878045e+04	1.00000000e-09	3.59878045e+03	1.00000000e-10	3.47229527e+09	2.39417533e-07
2.34000000e+01	1.96739999e+01	7.26993890e+07	2.82958704e+06	2.10343930e+04	1.00000000e-09	2.10343930e+03	1.00000000e-10	2.02951040e+09	2.20111031e-07
2.35000000e+01	1.97580768e+01	7.26589879e+07	2.82801456e+06	1.00000000e-09	3.59403430e+01	1.00000000e-10	3.59403430e+00	-3.46771593e+06	2.02361395e-07
2.36000000e+01	1.98421537e+01	7.26185869e+07	2.82644209e+06	1.00000000e-09	1.45597699e+01	1.00000000e-10	1.45597699e+00	-1.40480424e+06	1.86043080e-07
2.37000000e+01	1.99262306e+01	7.25781859e+07	2.82486961e+06	2.27180462e+04	1.00000000e-09	2.27180462e+03	1.00000000e-10	2.19195823e+09	1.71040665e-07
2.38000000e+01	2.00103076e+01	7.25305060e+07	2.82301382e+06	1.90715142e+04	1.00000000e-09	1.90715142e+03	1.00000000e-10	1.84012138e+09	1.57248037e-07
2.39000000e+01	2.00943845e+01	7.24757478e+07	2.82088254e+06	1.00000000e-09	2.98209237e+01	1.00000000e-10	2.98209237e+00	-2.87728173e+06	1.44567640e-07
2.40000000e+01	2.01784614e+01	7.24209896e+07	2.81875125e+06	1.00000000e-09	1.56230331e+01	1.00000000e-10	1.56230331e+00	-1.50739354e+06	1.32909782e-07
2.41000000e+01	2.02625383e+01	7.23662314e+07	2.81661997e+06	1.46901934e+04	1.00000000e-09	1.46901934e+03	1.00000000e-10	1.41738819e+09	1.22192009e-07
2.42000000e+01	2.03466152e+01	7.23053348e+07	2.81424977e+06	1.76788067e+04	1.00000000e-09	1.76788067e+03	1.00000000e-10	1.70574554e+09	1.12338510e-07
2.43000000e+01	2.04306922e+01	7.22361494e+07	2.81155695e+06	1.00000000e-09	2.50357580e+01	1.00000000e-10	2.50357580e+00	-2.41558343e+06	1.03279593e-07
2.44000000e+01	2.05147691e+01	7.21669641e+07	2.80886414e+06	1.00000000e-09	1.62051762e+01	1.00000000e-10	1.62051762e+00	-1.56356181e+06	9.49511815e-08
2.45000000e+01	2.05988460e+01	7.20977787e+07	2.80617132e+06	9.01620512e+03	1.00000000e-09	9.01620512e+02	1.00000000e-10	8.69931546e+08	8.72943689e-08
2.46000000e+01	2.06829229e+01	7.20239542e+07	2.80329794e+06	1.66159952e+04	1.00000000e-09	1.66159952e+03	1.00000000e-10	1.60319981e+09	8.02549976e-08
2.47000000e+01	2.07669999e+01	7.19407570e+07	2.80005976e+06	1.00000000e-09	2.11861069e+01	1.00000000e-10	2.11861069e+00	-2.04414856e+06	7.37832774e-08
2.48000000e+01	2.08510768e+01	7.18575599e+07	2.79682159e+06	1.00000000e-09	1.66914365e+01	1.00000000e-10	1.66914365e+00	-1.61047880e+06	6.78334333e-08
2.49000000e+01	2.09351537e+01	7.17743627e+07	2.79358341e+06	4.50414110e+03	1.00000000e-09	4.50414110e+02	1.00000000e-10	4.34583550e+08	6.23633815e-08
2.50000000e+01	2.10192306e+01	7.16884322e+07	2.79023884e+06	1.57107409e+04	1.00000000e-09	1.57107409e+03	1.00000000e-10	1.51585605e+09	5.73344317e-08
2.51000000e+01	2.11033075e+01	7.15922463e+07	2.78649512e+06	1.00000000e-09	1.80185502e+01	1.00000000e-10	1.80185502e+00	-1.73852580e+06	5.27110137e-08
2.52000000e+01	2.11873845e+01	7.14960604e+07	2.78275139e+06	1.00000000e-09	1.72598348e+01	1.00000000e-10	1.72598348e+00	-1.66532090e+06	4.84604257e-08
2.53000000e+01	2.12714614e+01	7.13998744e+07	2.77900767e+06	5.62075638e+02	1.00000000e-09	5.62075638e+01	1.00000000e-10	5.42320546e+07	4.45526029e-08
2.54000000e+01	2.13555383e+01	7.13033004e+07	2.77524884e+06	1.48165982e+04	1.00000000e-09	1.48165982e+03	1.00000000e-10	1.42958440e+09	4.09599048e-08
2.55000000e+01	2.14396152e+01	7.11959106e+07	2.77106904e+06	1.16084881e+03	1.53667430e+01	1.16084881e+02	1.53667430e+00	1.10522218e+08	3.76569199e-08
2.56000000e+01	2.15236922e+01	7.10876253e+07	2.76685439e+06	1.00000000e-09	1.78761687e+01	1.00000000e-10	1.78761687e+00	-1.72478808e+06	3.46202860e-08
2.57000000e+01	2.16077691e+01	7.09793399e+07	2.76263973e+06	1.00000000e-09	1.00000000e-09	1.00000000e-10	1.00000000e-10	0.00000000e+00	3.18285246e-08
2.58000000e+01	2.16918460e+01	7.08710546e+07	2.75842508e+06	1.33666278e+04	1.00000000e-09	1.33666278e+03	1.00000000e-10	1.28968352e+09	2.92618894e-08
2.59000000e+01	2.17759229e+01	7.07519029e+07	2.75378749e+06	4.40878853e+03	1.31867586e+01	4.40878853e+02	1.31867586e+00	4.24111097e+08	2.69022262e-08
2.60000000e+01	2.18599998e+01	7.06289384e+07	2.74900149e+06	1.00000000e-09	1.79409415e+01	1.00000000e-10	1.79409415e+00	-1.73103770e+06	2.47328451e-08
2.61000000e+01	2.19440768e+01	7.05059738e+07	2.74421550e+06	1.00000000e-09	1.00000000e-09	1.00000000e-10	1.00000000e-10	0.00000000e+00	2.27384017e-08
2.62000000e+01	2.20281537e+01	7.03830092e+07	2.73942950e+06	1.10893028e+04	1.00000000e-09	1.10893028e+03	1.00000000e-10	1.06995506e+09	2.09047891e-08
2.63000000e+01	2.21122306e+01	7.02499075e+07	2.73424895e+06	7.15436792e+03	1.14846484e+01	7.15436792e+02	1.14846484e+00	6.89183465e+08	1.92190381e-08
2.64000000e+01	2.21963075e+01	7.01098331e+07	2.72879701e+06	1.00000000e-09	1.75128857e+01	1.00000000e-10	1.75128857e+00	-1.68973659e+06	1.76692251e-08
2.65000000e+01	2.22803845e+01	6.99697586e+07	2.72334507e+06	1.00000000e-09	1.00000000e-09	1.00000000e-10	1.00000000e-10	0.00000000e+00	1.62443882e-08
2.66000000e+01	2.23644614e+01	6.98296842e+07	2.71789313e+06	8.05379186e+03	1.00000000e-09	8.05379186e+02	1.00000000e-10	7.77072782e+08	1.49344494e-08
2.67000000e+01	2.24485383e+01	6.96813261e+07	2.71211877e+06	9.15529991e+03	1.02332794e+01	9.15529991e+02	1.02332794e+00	8.82364791e+08	1.37301434e-08
2.68000000e+01	2.25326152e+01	6.95229596e+07	2.70595487e+06	1.00000000e-09	1.67639440e+01	1.00000000e-10	1.67639440e+00	-1.61747471e+06	1.26229520e-08
2.69000000e+01	2.26166921e+01	6.93645931e+07	2.69979097e+06	1.00000000e-09	1.00000000e-09	1.00000000e-10	1.00000000e-10	0.00000000e+00	1.16050438e-08
2.70000000e+01	2.27007691e+01	6.92062265e+07	2.69362707e+06	4.33185256e+03	1.00000000e-09	4.33185256e+02	1.00000000e-10	4.17960233e+08	1.06692193e-08
2.71000000e+01	2.27848460e+01	6.90428952e+07	2.68726993e+06	1.01515286e+04	9.39227101e+00	1.01515286e+03	9.39227101e-01	9.78567391e+08	9.80885916e-09
2.72000000e+01	2.28689229e+01	6.88673114e+07	2.68043590e+06	1.00000000e-09	1.58818918e+01	1.00000000e-10	1.58818918e+00	-1.53236960e+06	9.01787799e-09
2.73000000e+01	2.29529998e+01	6.86917275e+07	2.67360187e+06	1.00000000e-09	1.00000000e-09	1.00000000e-10	1.00000000e-10	0.00000000e+00	8.29068113e-09
2.74000000e+01	2.30370768e+01	6.85161437e+07	2.66676784e+06	4.06886344e+01	1.00000000e-09	4.06886344e+00	1.00000000e-10	3.92585641e+06	7.62212503e-09
2.75000000e+01	2.31211537e+01	6.83405090e+07	2.65993183e+06	9.94224157e+03	8.92293563e+00	9.94224157e+02	8.92293563e-01	9.58419547e+08	7.00748093e-09
2.76000000e+01	2.32052306e+01	6.81519873e+07	2.65259424e+06	1.97125173e+03	1.50427178e+01	1.97125173e+02	1.50427178e+00	1.88745477e+08	6.44240141e-09
2.77000000e+01	2.32893075e+01	6.79608022e+07	2.64515298e+06	1.00000000e-09	1.00000000e-09	1.00000000e-10	1.00000000e-10	0.00000000e+00	5.92288960e-09
2.78000000e+01	2.33733845e+01	6.77696172e+07	2.63771172e+06	1.00000000e-09	1.00000000e-09	1.00000000e-10	1.00000000e-10	0.00000000e+00	5.44527095e-09
2.79000000e+01	2.34574614e+01	6.75784321e+07	2.63027047e+06	7.97154820e+03	8.39277006e+00	7.97154820e+02	8.39277006e-01	7.68327697e+08	5.00616720e-09
2.80000000e+01	2.35415383e+01	6.73760868e+07	2.62239484e+06	6.17678370e+03	1.44287697e+01	6.17678370e+02	1.44287697e+00	5.94576862e+08	4.60247255e-09
2.81000000e+01	2.36256152e+01	6.71646520e+07	2.61416542e+06	1.00000000e-09	1.00000000e-09	1.00000000e-10	1.00000000e-10	0.00000000e+00	4.23133162e-09
2.82000000e+01	2.37096921e+01	6.69532172e+07	2.60593601e+06	1.00000000e-09	1.00000000e-09	1.00000000e-10	1.00000000e-10	0.00000000e+00	3.89011930e-09
2.83000000e+01	2.37937691e+01	6.67417823e+07	2.59770660e+06	3.46525511e+03	7.68014142e+00	3.46525511e+02	7.68014142e-01	3.33605269e+08	3.57642216e-09
2.84000000e+01	2.38778460e+01	6.65250722e+07	2.58927186e+06	9.42523696e+03	1.42617343e+01	9.42523696e+02	1.42617343e+00	9.08021071e+08	3.28802138e-09
2.85000000e+01	2.39619229e+01	6.62933373e+07	2.58025234e+06	1.00000000e-09	1.00000000e-09	1.00000000e-10	1.00000000e-10	0.00000000e+00	3.02287709e-09
2.86000000e+01	2.40459998e+01	6.60616025e+07	2.57123281e+06	1.00000000e-09	1.00000000e-09	1.00000000e-10	1.00000000e-10	0.00000000e+00	2.77911390e-09
2.87000000e+01	2.41300768e+01	6.58298676e+07	2.56221329e+06	1.00000000e-09	6.86508860e+00	1.00000000e-10	6.86508860e-01	-6.62380354e+05	2.55500764e-09
2.88000000e+01	2.42141537e+01	6.55981328e+07	2.55319376e+06	8.92295950e+03	1.44157242e+01	8.92295950e+02	1.44157242e+00	8.59543805e+08	2.34897319e-09
2.89000000e+01	2.42982306e+01	6.53512214e+07	2.54358354e+06	7.56961521e+03	1.00000000e-09	7.56961521e+02	1.00000000e-10	7.30356838e+08	2.15955324e-09
2.90000000e+01	2.43823075e+01	6.50906642e+07	2.53344220e+06	1.00000000e-09	1.00000000e-09	1.00000000e-10	1.00000000e-10	0.00000000e+00	1.98540802e-09
2.91000000e+01	2.44663844e+01	6.48301070e+07	2.52330086e+06	1.00000000e-09	6.15780332e+00	1.00000000e-10	6.15780332e-01	-5.94137698e+05	1.82530578e-09
2.92000000e+01	2.45504614e+01	6.45695498e+07	2.51315952e+06	1.00000000e-09	1.37835220e+01	1.00000000e-10	1.37835220e+00	-1.32990770e+06	1.67811410e-09
2.93000000e+01	2.46345383e+01	6.43089926e+07	2.50301818e+06	1.17977341e+04	1.00000000e-09	1.17977341e+03	1.00000000e-10	1.13830829e+09	1.54279187e-09
2.94000000e+01	2.47186152e+01	6.40256483e+07	2.49198992e+06	1.11253470e+04	1.00000000e-09	1.11253470e+03	1.00000000e-10	1.07343280e+09	1.41838196e-09
2.95000000e+01	2.48026921e+01	6.37190033e+07	2.48005477e+06	1.00000000e-09	5.45765434e+00	1.00000000e-10	5.45765434e-01	-5.26583592e+05	1.30400439e-09
2.96000000e+01	2.48867691e+01	6.34123584e+07	2.46811961e+06	1.00000000e-09	1.27753559e+01	1.00000000e-10	1.27753559e+00	-1.23263446e+06	1.19885018e-09
2.97000000e+01	2.49708460e+01	6.31057134e+07	2.45618445e+06	1.00000000e-09	1.00000000e-09	1.00000000e-10	1.00000000e-10	0.00000000e+00	1.10217554e-09
2.98000000e+01	2.50549229e+01	6.27990684e+07	2.44424930e+06	1.00000000e-09	1.00000000e-09	1.00000000e-10	1.00000000e-10	0.00000000e+00	1.01329669e-09
2.99000000e+01	2.51389998e+01	6.24924234e+07	2.43231414e+06	1.00000000e-09	5.24319933e+00	1.00000000e-10	5.24319933e-01	-5.05891829e+05	9.31584987e-10
3.00000000e+01	2.52230767e+01	6.21857785e+07	2.42037898e+06	1.00000000e-09	1.28641171e+01	1.00000000e-10	1.28641171e+00	-1.24119861e+06	8.56462471e-10
3.01000000e+01	2.53071537e+01	6.18791335e+07	2.40844382e+06	1.00315523e+02	1.00000000e-09	1.00315523e+01	1.00000000e-10	9.67897652e+06	7.87397794e-10
3.02000000e+01	2.53912306e+01	6.15722701e+07	2.39650017e+06	3.87938885e+02	1.00000000e-09	3.87938885e+01	1.00000000e-10	3.74304122e+07	7.23902457e-10
3.03000000e+01	2.54753075e+01	6.12645615e+07	2.38452361e+06	1.00000000e-09	4.14333953e+00	1.00000000e-10	4.14333953e-01	-3.99771491e+05	6.65527349e-10
3.04000000e+01	2.55593844e+01	6.09568545e+07	2.37254711e+06	1.00000000e-09	1.15873552e+01	1.00000000e-10	1.15873552e+00	-1.11800981e+06	6.11859579e-10
3.05000000e+01	2.56434614e+01	6.06491489e+07	2.36057068e+06	1.00000000e-09	1.00000000e-09	1.00000000e-10	1.00000000e-10	0.00000000e+00	5.62519549e-10
3.06000000e+01	2.57275383e+01	6.03414442e+07	2.34859428e+06	2.32183505e+02	1.00000000e-09	2.32183505e+01	1.00000000e-10	2.24023026e+07	5.17158273e-10
3.07000000e+01	2.58116152e+01	6.00332320e+07	2.33659812e+06	2.49861844e+01	5.32575896e+00	2.49861844e+00	5.32575896e-01	1.89694267e+06	4.75454906e-10
3.08000000e+01	2.58956921e+01	5.97249652e+07	2.32459983e+06	1.00000000e-09	1.25243109e+01	1.00000000e-10	1.25243109e+00	-1.20841230e+06	4.37114476e-10
3.09000000e+01	2.59797690e+01	5.94166983e+07	2.31260155e+06	1.00000000e-09	1.00000000e-09	1.00000000e-10	1.00000000e-10	0.00000000e+00	4.01865798e-10
3.10000000e+01	2.60638460e+01	5.91084316e+07	2.30060327e+06	1.53868595e+02	1.00000000e-09	1.53868595e+01	1.00000000e-10	1.48460625e+07	3.69459555e-10
3.11000000e+01	2.61479229e+01	5.87998286e+07	2.28859191e+06	4.37869082e+01	4.61008687e+00	4.37869082e+00	4.61008687e-01	3.77998861e+06	3.39666533e-10
3.12000000e+01	2.62319998e+01	5.84911299e+07	2.27657681e+06	1.00000000e-09	1.26243935e+01	1.00000000e-10	1.26243935e+00	-1.21806880e+06	3.12276006e-10
3.13000000e+01	2.63160767e+01	5.81824311e+07	2.26456172e+06	1.00000000e-09	1.00000000e-09	1.00000000e-10	1.00000000e-10	0.00000000e+00	2.87094235e-10
3.14000000e+01	2.64001537e+01	5.78737323e+07	2.25254662e+06	1.04886134e+02	1.00000000e-09	1.04886134e+01	1.00000000e-10	1.01199735e+07	2.63943109e-10
3.15000000e+01	2.64842306e+01	5.75648038e+07	2.24052259e+06	5.15753554e+01	4.20247841e+00	5.15753554e+00	4.20247841e-01	4.57078777e+06	2.42658878e-10
3.16000000e+01	2.65683075e+01	5.72557626e+07	2.22849416e+06	1.00000000e-09	1.23328197e+01	1.00000000e-10	1.23328197e+00	-1.18993621e+06	2.23090996e-10
3.17000000e+01	2.66523844e+01	5.69467214e+07	2.21646574e+06	1.00000000e-09	1.00000000e-09	1.00000000e-10	1.00000000e-10	0.00000000e+00	2.05101057e-10
3.18000000e+01	2.67364614e+01	5.66376802e+07	2.20443732e+06	7.16801452e+01	1.00000000e-09	7.16801452e+00	1.00000000e-10	6.91608262e+06	1.88561817e-10
3.19000000e+01	2.68205383e+01	5.63284818e+07	2.19240277e+06	5.42071324e+01	3.99510049e+00	5.42071324e+00	3.99510049e-01	4.84472458e+06	1.73356293e-10
3.20000000e+01	2.69046152e+01	5.60191646e+07	2.18036361e+06	1.00000000e-09	1.21026623e+01	1.00000000e-10	1.21026623e+00	-1.16772939e+06	1.59376934e-10
3.21000000e+01	2.69886921e+01	5.57098476e+07	2.16832446e+06	1.00000000e-09	1.00000000e-09	1.00000000e-10	1.00000000e-10	0.00000000e+00	1.46524863e-10
3.22000000e+01	2.70727690e+01	5.54005307e+07	2.15628530e+06	4.77298024e+01	1.00000000e-09	4.77298024e+00	1.00000000e-10	4.60522583e+06	1.34709176e-10
3.23000000e+01	2.71568460e+01	5.50911089e+07	2.14424206e+06	5.41172721e+01	3.96498364e+00	5.41172721e+00	3.96498364e-01	4.83896021e+06	1.23846300e-10
3.24000000e+01	2.72409229e+01	5.47815684e+07	2.13219421e+06	1.00000000e-09	1.20074251e+01	1.00000000e-10	1.20074251e+00	-1.15854040e+06	1.13859401e-10
3.25000000e+01	2.73249998e+01	5.44720282e+07	2.12014636e+06	1.00000000e-09	1.00000000e-09	1.00000000e-10	1.00000000e-10	0.00000000e+00	1.04677839e-10
3.26000000e+01	2.74090767e+01	5.41624879e+07	2.10809852e+06	2.96493537e+01	1.00000000e-09	2.96493537e+00	1.00000000e-10	2.86072774e+06	9.62366743e-11
3.27000000e+01	2.74931537e+01	5.38528826e+07	2.09604814e+06	5.24348581e+01	4.02037817e+00	5.24348581e+00	4.02037817e-01	4.67128718e+06	8.84762003e-11
3.28000000e+01	2.75772306e+01	5.35431620e+07	2.08399327e+06	1.00000000e-09	1.20417402e+01	1.00000000e-10	1.20417402e+00	-1.16185130e+06	8.13415267e-11
3.29000000e+01	2.76613075e+01	5.32334417e+07	2.07193842e+06	1.00000000e-09	1.00000000e-09	1.00000000e-10	1.00000000e-10	0.00000000e+00	7.47821894e-11
3.30000000e+01	2.77453844e+01	5.29237214e+07	2.05988356e+06	1.54367697e+01	1.00000000e-09	1.54367697e+00	1.00000000e-10	1.48942185e+06	6.87517936e-11
3.31000000e+01	2.78294613e+01	5.26139672e+07	2.04782739e+06	4.97174851e+01	4.07775623e+00	4.97174851e+00	4.07775623e-01	4.40356439e+06	6.32076857e-11
3.32000000e+01	2.79135383e+01	5.23041036e+07	2.03576696e+06	1.00000000e-09	1.21295673e+01	1.00000000e-10	1.21295673e+00	-1.17032533e+06	5.81106517e-11
3.33000000e+01	2.79976152e+01	5.19942403e+07	2.02370654e+06	1.00000000e-09	1.00000000e-09	1.00000000e-10	1.00000000e-10	0.00000000e+00	5.34246397e-11
3.34000000e+01	2.80816921e+01	5.16843771e+07	2.01164612e+06	4.07248682e+00	1.00000000e-09	4.07248682e-01	1.00000000e-10	3.92935243e+05	4.91165053e-11
3.35000000e+01	2.81657690e+01	5.13745049e+07	1.99958535e+06	4.62929598e+01	4.09284461e+00	4.62929598e+00	4.09284461e-01	4.07169213e+06	4.51557765e-11
3.36000000e+01	2.82498460e+01	5.10645309e+07	1.98752063e+06	3.92767648e-01	1.23061717e+01	3.92767648e-02	1.23061717e+00	-1.14946875e+06	4.15144388e-11
3.37000000e+01	2.83339229e+01	5.07545563e+07	1.97545587e+06	1.00000000e-09	1.00000000e-09	1.00000000e-10	1.00000000e-10	0.00000000e+00	3.81667366e-11
3.38000000e+01	2.84179998e+01	5.04445818e+07	1.96339112e+06	1.00000000e-09	1.00000000e-09	1.00000000e-10	1.00000000e-10	0.00000000e+00	3.50889914e-11
3.39000000e+01	2.85020767e+01	5.01346073e+07	1.95132637e+06	4.19042899e+01	4.04431775e+00	4.19042899e+00	4.04431775e-01	3.65293199e+06	3.22594338e-11
3.40000000e+01	2.85861536e+01	4.98245405e+07	1.93925804e+06	8.44245542e+00	1.25421625e+01	8.44245542e-01	1.25421625e+00	-3.95561601e+05	2.96580503e-11
3.41000000e+01	2.86702306e+01	4.95144553e+07	1.92718898e+06	1.00000000e-09	1.00000000e-09	1.00000000e-10	1.00000000e-10	0.00000000e+00	2.72664410e-11
3.42000000e+01	2.87543075e+01	4.92043704e+07	1.91511993e+06	1.00000000e-09	1.00000000e-09	1.00000000e-10	1.00000000e-10	0.00000000e+00	2.50676897e-11
3.43000000e+01	2.88383844e+01	4.88942854e+07	1.90305088e+06	3.61242943e+01	3.92455492e+00	3.61242943e+00	3.92455492e-01	3.10680255e+06	2.30462446e-11
3.44000000e+01	2.89224613e+01	4.85841209e+07	1.89097874e+06	1.48530367e+01	1.28081120e+01	1.48530367e+00	1.28081120e+00	1.97305238e+05	2.11878078e-11
3.45000000e+01	2.90065383e+01	4.82739237e+07	1.87890533e+06	1.00000000e-09	1.00000000e-09	1.00000000e-10	1.00000000e-10	0.00000000e+00	1.94792342e-11
3.46000000e+01	2.90906152e+01	4.79637268e+07	1.86683192e+06	1.00000000e-09	1.00000000e-09	1.00000000e-10	1.00000000e-10	0.00000000e+00	1.79084392e-11
3.47000000e+01	2.91746921e+01	4.76535299e+07	1.85475851e+06	2.95953504e+01	3.73460183e+00	2.95953504e+00	3.73460183e-01	2.49518292e+06	1.64643122e-11
3.48000000e+01	2.92587690e+01	4.73432678e+07	1.84268257e+06	1.96509235e+01	1.30782288e+01	1.96509235e+00	1.30782288e+00	6.34168628e+05	1.51366389e-11
3.49000000e+01	2.93428459e+01	4.70329624e+07	1.83060494e+06	1.00000000e-09	1.00000000e-09	1.00000000e-10	1.00000000e-10	0.00000000e+00	1.39160284e-11
3.50000000e+01	2.94269229e+01	4.67226572e+07	1.81852733e+06	1.00000000e-09	1.00000000e-09	1.00000000e-10	1.00000000e-10	0.00000000e+00	1.27938473e-11
3.51000000e+01	2.95109998e+01	4.64123521e+07	1.80644971e+06	2.27816601e+01	3.46220460e+00	2.27816601e+00	3.46220460e-01	1.86404408e+06	1.17621583e-11
3.52000000e+01	2.95950767e+01	4.61019968e+07	1.79437014e+06	2.29757901e+01	1.33335667e+01	2.29757901e+00	1.33335667e+00	9.30333132e+05	1.08136641e-11
3.53000000e+01	2.96791536e+01	4.57915909e+07	1.78228860e+06	1.00000000e-09	1.00000000e-09	1.00000000e-10	1.00000000e-10	0.00000000e+00	9.94165601e-12
3.54000000e+01	2.97632306e+01	4.54811852e+07	1.77020707e+06	1.00000000e-09	1.00000000e-09	1.00000000e-10	1.00000000e-10	0.00000000e+00	9.13996618e-12
3.55000000e+01	2.98473075e+01	4.51707796e+07	1.75812554e+06	1.61978423e+01	3.14510123e+00	1.61978423e+00	3.14510123e-01	1.25939805e+06	8.40292419e-12
3.56000000e+01	2.99313844e+01	4.48603383e+07	1.74604262e+06	2.50329037e+01	1.35616057e+01	2.50329037e+00	1.35616057e+00	1.10681200e+06	7.72531687e-12
3.57000000e+01	3.00154613e+01	4.45498418e+07	1.73395756e+06	1.00000000e-09	1.00000000e-09	1.00000000e-10	1.00000000e-10	0.00000000e+00	7.10235144e-12
3.58000000e+01	3.00995383e+01	4.42393455e+07	1.72187250e+06	1.00000000e-09	1.00000000e-09	1.00000000e-10	1.00000000e-10	0.00000000e+00	6.52962161e-12
3.59000000e+01	3.01836152e+01	4.39288493e+07	1.70978745e+06	9.90256524e+00	2.79356319e+00	9.90256524e-01	2.79356319e-01	6.85914424e+05	6.00307641e-12
3.60000000e+01	3.02676921e+01	4.36183313e+07	1.69770155e+06	2.59691885e+01	1.37549733e+01	2.59691885e+00	1.37549733e+00	1.17849261e+06	5.51899153e-12
3.61000000e+01	3.03517690e+01	4.33077561e+07	1.68561342e+06	1.00000000e-09	1.00000000e-09	1.00000000e-10	1.00000000e-10	0.00000000e+00	5.07394300e-12
3.62000000e+01	3.04358459e+01	4.29971809e+07	1.67352529e+06	1.00000000e-09	1.00000000e-09	1.00000000e-10	1.00000000e-10	0.00000000e+00	4.66478295e-12
3.63000000e+01	3.05199229e+01	4.26866060e+07	1.66143717e+06	3.91148160e+00	2.41642669e+00	3.91148160e-01	2.41642669e-01	1.44250870e+05	4.28861734e-12
3.64000000e+01	3.06039998e+01	4.23760224e+07	1.64934872e+06	2.58835955e+01	1.39099461e+01	2.58835955e+00	1.39099461e+00	1.15528154e+06	3.94278553e-12
3.65000000e+01	3.06880767e+01	4.20653818e+07	1.63725804e+06	1.00000000e-09	1.00000000e-09	1.00000000e-10	1.00000000e-10	0.00000000e+00	3.62484141e-12
3.66000000e+01	3.07721536e+01	4.17547412e+07	1.62516737e+06	1.00000000e-09	1.00000000e-09	1.00000000e-10	1.00000000e-10	0.00000000e+00	3.33253613e-12
3.67000000e+01	3.08562306e+01	4.14441008e+07	1.61307670e+06	1.00000000e-09	2.02105877e+00	1.00000000e-10	2.02105877e-01	-1.95002526e+05	3.06380220e-12
3.68000000e+01	3.09403075e+01	4.11334604e+07	1.60098604e+06	2.47393753e+01	1.40249906e+01	2.47393753e+00	1.40249906e+00	1.03378097e+06	2.81673882e-12
3.69000000e+01	3.10243844e+01	4.08227655e+07	1.58889325e+06	3.98106070e+00	1.00000000e-09	3.98106070e-01	1.00000000e-10	3.84113964e+05	2.58959851e-12
3.70000000e+01	3.11084613e+01	4.05120618e+07	1.57680012e+06	1.00000000e-09	1.00000000e-09	1.00000000e-10	1.00000000e-10	0.00000000e+00	2.38077467e-12
3.71000000e+01	3.11925382e+01	4.02013584e+07	1.56470700e+06	1.00000000e-09	1.61537573e+00	1.00000000e-10	1.61537573e-01	-1.55860064e+05	2.18879027e-12
3.72000000e+01	3.12766152e+01	3.98906549e+07	1.55261388e+06	2.25013268e+01	1.40994933e+01	2.25013268e+00	1.40994933e+00	8.10653698e+05	2.01228739e-12
3.73000000e+01	3.13606921e+01	3.95799018e+07	1.54051882e+06	8.93445203e+00	1.00000000e-09	8.93445203e-01	1.00000000e-10	8.62043572e+05	1.85001761e-12
3.74000000e+01	3.14447690e+01	3.92691290e+07	1.52842300e+06	1.00000000e-09	1.00000000e-09	1.00000000e-10	1.00000000e-10	0.00000000e+00	1.70083318e-12
3.75000000e+01	3.15288459e+01	3.89583564e+07	1.51632719e+06	1.00000000e-09	1.20782396e+00	1.00000000e-10	1.20782396e-01	-1.16537296e+05	1.56367890e-12
3.76000000e+01	3.16129229e+01	3.86475838e+07	1.50423138e+06	1.93493487e+01	1.41344521e+01	1.93493487e+00	1.41344521e+00	5.03161030e+05	1.43758467e-12
3.77000000e+01	3.16969998e+01	3.83367685e+07	1.49213391e+06	1.32190301e+01	1.00000000e-09	1.32190301e+00	1.00000000e-10	1.27544251e+06	1.32165861e-12
3.78000000e+01	3.17810767e+01	3.80259240e+07	1.48003530e+06	1.00000000e-09	1.00000000e-09	1.00000000e-10	1.00000000e-10	0.00000000e+00	1.21508076e-12
3.79000000e+01	3.18651536e+01	3.77150797e+07	1.46793670e+06	1.00000000e-09	8.05309357e-01	1.00000000e-10	8.05309357e-02	-7.77005407e+04	1.11709730e-12
3.80000000e+01	3.19492305e+01	3.74042355e+07	1.45583810e+06	1.54226045e+01	1.41206062e+01	1.54226045e+00	1.41206062e+00	1.25623741e+05	1.02701517e-12
3.81000000e+01	3.20333075e+01	3.70933572e+07	1.44373817e+06	1.66407367e+01	1.00000000e-09	1.66407367e+00	1.00000000e-10	1.60558701e+06	9.44197214e-13
3.82000000e+01	3.21173844e+01	3.67824422e+07	1.43163682e+06	1.00000000e-09	1.00000000e-09	1.00000000e-10	1.00000000e-10	0.00000000e+00	8.68057654e-13
3.83000000e+01	3.22014613e+01	3.64715274e+07	1.41953547e+06	1.00000000e-09	4.13361581e-01	1.00000000e-10	4.13361581e-02	-3.98833293e+04	7.98057949e-13
3.84000000e+01	3.22855382e+01	3.61606127e+07	1.40743413e+06	1.08769856e+01	1.40758170e+01	1.08769856e+00	1.40758170e+00	-3.08640315e+05	7.33702982e-13
3.85000000e+01	3.23696152e+01	3.58496739e+07	1.39533185e+06	1.90332270e+01	1.00000000e-09	1.90332270e+00	1.00000000e-10	1.83642722e+06	6.74537565e-13
3.86000000e+01	3.24536921e+01	3.55386931e+07	1.38322793e+06	1.00000000e-09	1.00000000e-09	1.00000000e-10	1.00000000e-10	0.00000000e+00	6.20143216e-13
3.87000000e+01	3.25377690e+01	3.52277125e+07	1.37112403e+06	1.00000000e-09	3.58610588e-02	1.00000000e-10	3.58610588e-03	-3.46006607e+03	5.70135198e-13
3.88000000e+01	3.26218459e+01	3.49167320e+07	1.35902012e+06	5.88756324e+00	1.40037241e+01	5.88756324e-01	1.40037241e+00	-7.83090475e+05	5.24159800e-13
3.89000000e+01	3.27059228e+01	3.46057384e+07	1.34691571e+06	2.02685125e+01	7.98315229e-02	2.02685125e+00	7.98315229e-03	1.94791159e+06	4.81891834e-13
3.90000000e+01	3.27899998e+01	3.42947001e+07	1.33480956e+06	1.00000000e-09	1.00000000e-09	1.00000000e-10	1.00000000e-10	0.00000000e+00	4.43032333e-13
3.91000000e+01	3.28740767e+01	3.39836620e+07	1.32270341e+06	1.00000000e-09	1.00000000e-09	1.00000000e-10	1.00000000e-10	0.00000000e+00	4.07306443e-13
3.92000000e+01	3.29581536e+01	3.36726240e+07	1.31059727e+06	6.02178596e-01	1.39075567e+01	6.02178596e-02	1.39075567e+00	-1.28377382e+06	3.74461468e-13
3.93000000e+01	3.30422305e+01	3.33615846e+07	1.29849107e+06	2.05393411e+01	4.39471893e-01	2.05393411e+00	4.39471893e-02	1.93934255e+06	3.44265096e-13
3.94000000e+01	3.31263075e+01	3.30504999e+07	1.28638311e+06	1.78437099e+00	1.00000000e-09	1.78437099e-01	1.00000000e-10	1.72165628e+05	3.16503742e-13
3.95000000e+01	3.32103844e+01	3.27394113e+07	1.27427500e+06	1.00000000e-09	1.00000000e-09	1.00000000e-10	1.00000000e-10	0.00000000e+00	2.90981049e-13
3.96000000e+01	3.32944613e+01	3.24283229e+07	1.26216690e+06	1.00000000e-09	1.37903309e+01	1.00000000e-10	1.37903309e+00	-1.33056465e+06	2.67516493e-13
3.97000000e+01	3.33785382e+01	3.21172345e+07	1.25005880e+06	1.95304277e+01	7.80182760e-01	1.95304277e+00	7.80182760e-02	1.80912361e+06	2.45944106e-13
3.98000000e+01	3.34626152e+01	3.18061030e+07	1.23794901e+06	7.12585663e+00	1.00000000e-09	7.12585663e-01	1.00000000e-10	6.87540644e+05	2.26111304e-13
3.99000000e+01	3.35466921e+01	3.14949558e+07	1.22583862e+06	1.00000000e-09	1.00000000e-09	1.00000000e-10	1.00000000e-10	0.00000000e+00	2.07877809e-13
4.00000000e+01	3.36307690e+01	3.11838087e+07	1.21372824e+06	1.00000000e-09	1.36564397e+01	1.00000000e-10	1.36564397e+00	-1.31764612e+06	1.91114654e-13
4.01000000e+01	3.37148459e+01	3.08726617e+07	1.20161785e+06	1.70649539e+01	1.10106051e+00	1.70649539e+00	1.10106051e-01	1.54028156e+06	1.75703270e-13
4.02000000e+01	3.37989228e+01	3.05614769e+07	1.18950600e+06	1.19459727e+01	1.00000000e-09	1.19459727e+00	1.00000000e-10	1.15261114e+06	1.61534652e-13
4.03000000e+01	3.38829998e+01	3.02502659e+07	1.17739312e+06	1.00000000e-09	1.00000000e-09	1.00000000e-10	1.00000000e-10	0.00000000e+00	1.48508584e-13
4.04000000e+01	3.39670767e+01	2.99390550e+07	1.16528025e+06	1.00000000e-09	1.35102742e+01	1.00000000e-10	1.35102742e+00	-1.30354329e+06	1.36532931e-13
4.05000000e+01	3.40511536e+01	2.96278441e+07	1.15316738e+06	1.32671140e+01	1.40215150e+00	1.32671140e+00	1.40215150e-01	1.14479484e+06	1.25522989e-13
4.06000000e+01	3.41352305e+01	2.93166039e+07	1.14105336e+06	1.57490973e+01	1.00000000e-09	1.57490973e+00	1.00000000e-10	1.51955689e+06	1.15400882e-13
4.07000000e+01	3.42193075e+01	2.90053289e+07	1.12893800e+06	1.00000000e-09	1.00000000e-09	1.00000000e-10	1.00000000e-10	0.00000000e+00	1.06095016e-13
4.08000000e+01	3.43033844e+01	2.86940541e+07	1.11682264e+06	1.00000000e-09	1.33557112e+01	1.00000000e-10	1.33557112e+00	-1.28863023e+06	9.75395708e-14
4.09000000e+01	3.43874613e+01	2.83827793e+07	1.10470728e+06	8.37428420e+00	1.68416071e+00	8.37428420e-01	1.68416071e-01	6.45498787e+05	8.96740319e-14
4.10000000e+01	3.44715382e+01	2.80714860e+07	1.09259121e+06	1.83091931e+01	1.00000000e-09	1.83091931e+00	1.00000000e-10	1.76656858e+06	8.24427658e-14
4.11000000e+01	3.45556151e+01	2.77601523e+07	1.08047355e+06	1.00000000e-09	1.00000000e-09	1.00000000e-10	1.00000000e-10	0.00000000e+00	7.57946252e-14
4.12000000e+01	3.46396921e+01	2.74488187e+07	1.06835591e+06	1.00000000e-09	1.31959100e+01	1.00000000e-10	1.31959100e+00	-1.27321176e+06	6.96825871e-14
4.13000000e+01	3.47237690e+01	2.71374851e+07	1.05623826e+06	2.66349267e+00	1.94812134e+00	2.66349267e-01	1.94812134e-01	6.90228406e+04	6.40634205e-14
4.14000000e+01	3.48078459e+01	2.68261457e+07	1.04412039e+06	1.95393124e+01	1.00000000e-09	1.95393124e+00	1.00000000e-10	1.88525705e+06	5.88973804e-14
4.15000000e+01	3.48919228e+01	2.65147631e+07	1.03200083e+06	1.30700152e-01	1.00000000e-09	1.30700152e-02	1.00000000e-10	1.26106475e+04	5.41479271e-14
4.16000000e+01	3.49759998e+01	2.62033803e+07	1.01988127e+06	1.00000000e-09	1.30332648e+01	1.00000000e-10	1.30332648e+00	-1.25751888e+06	4.97814672e-14
4.17000000e+01	3.50600767e+01	2.58919976e+07	1.00776171e+06	1.00000000e-09	2.19511525e+00	1.00000000e-10	2.19511525e-01	-2.11796424e+05	4.57671163e-14
4.18000000e+01	3.51441536e+01	2.55806148e+07	9.95642153e+05	1.91073056e+01	1.00000000e-09	1.91073056e+00	1.00000000e-10	1.84357473e+06	4.20764804e-14
4.19000000e+01	3.52282305e+01	2.52691898e+07	9.83520950e+05	6.34165683e+00	1.00000000e-09	6.34165683e-01	1.00000000e-10	6.11876865e+05	3.86834555e-14
4.20000000e+01	3.53123074e+01	2.49577510e+07	9.71399207e+05	1.00000000e-09	1.28685595e+01	1.00000000e-10	1.28685595e+00	-1.24162723e+06	3.55640423e-14
4.21000000e+01	3.53963844e+01	2.46463121e+07	9.59277464e+05	1.00000000e-09	2.42593866e+00	1.00000000e-10	2.42593866e-01	-2.34067497e+05	3.26961769e-14
4.22000000e+01	3.54804613e+01	2.43348733e+07	9.47155720e+05	1.65966241e+01	1.00000000e-09	1.65966241e+00	1.00000000e-10	1.60133079e+06	3.00595747e-14
4.23000000e+01	3.55645382e+01	2.40233977e+07	9.35032549e+05	1.19691537e+01	1.00000000e-09	1.19691537e+00	1.00000000e-10	1.15484777e+06	2.76355866e-14
4.24000000e+01	3.56486151e+01	2.37118959e+07	9.22908353e+05	1.00000000e-09	1.27025819e+01	1.00000000e-10	1.27025819e+00	-1.22561284e+06	2.54070677e-14
4.25000000e+01	3.57326921e+01	2.34003940e+07	9.10784157e+05	1.00000000e-09	2.64018091e+00	1.00000000e-10	2.64018091e-01	-2.54738732e+05	2.33582553e-14
4.26000000e+01	3.58167690e+01	2.30888922e+07	8.98659962e+05	1.21866131e+01	1.00000000e-09	1.21866131e+00	1.00000000e-10	1.17582941e+06	2.14746581e-14
4.27000000e+01	3.59008459e+01	2.27773634e+07	8.86534717e+05	1.61960627e+01	1.00000000e-09	1.61960627e+00	1.00000000e-10	1.56268249e+06	1.97429531e-14
4.28000000e+01	3.59849228e+01	2.24657989e+07	8.74408083e+05	1.00000000e-09	1.25357852e+01	1.00000000e-10	1.25357852e+00	-1.20951940e+06	1.81508919e-14
4.29000000e+01	3.60689997e+01	2.21542344e+07	8.62281451e+05	1.00000000e-09	2.83582535e+00	1.00000000e-10	2.83582535e-01	-2.73615551e+05	1.66872137e-14
4.30000000e+01	3.61530767e+01	2.18426699e+07	8.50154818e+05	6.27470479e+00	1.00000000e-09	6.27470479e-01	1.00000000e-10	6.05416975e+05	1.53415657e-14
4.31000000e+01	3.62371536e+01	2.15310916e+07	8.38027645e+05	1.87925122e+01	1.00000000e-09	1.87925122e+00	1.00000000e-10	1.81320178e+06	1.41044300e-14
4.32000000e+01	3.63212305e+01	2.12194718e+07	8.25898859e+05	1.00000000e-09	1.23682222e+01	1.00000000e-10	1.23682222e+00	-1.19335203e+06	1.29670563e-14
4.33000000e+01	3.64053074e+01	2.09078520e+07	8.13770074e+05	1.00000000e-09	3.01891610e+00	1.00000000e-10	3.01891610e-01	-2.91281122e+05	1.19213998e-14
4.34000000e+01	3.64893844e+01	2.05962322e+07	8.01641289e+05	1.00000000e-09	1.00000000e-09	1.00000000e-10	1.00000000e-10	0.00000000e+00	1.09600645e-14
4.35000000e+01	3.65734613e+01	2.02846125e+07	7.89512504e+05	1.93711441e+01	1.00000000e-09	1.93711441e+00	1.00000000e-10	1.86903127e+06	1.00762507e-14
4.36000000e+01	3.66575382e+01	1.99729500e+07	7.77382057e+05	3.98056395e+00	1.21997326e+01	3.98056395e-01	1.21997326e+00	-7.93029216e+05	9.26370726e-15
4.37000000e+01	3.67416151e+01	1.96612787e+07	7.65251268e+05	1.00000000e-09	3.19033477e+00	1.00000000e-10	3.19033477e-01	-3.07820510e+05	8.51668685e-15
4.38000000e+01	3.68256921e+01	1.93496075e+07	7.53120479e+05	1.00000000e-09	1.00000000e-09	1.00000000e-10	1.00000000e-10	0.00000000e+00	7.82990577e-15
4.39000000e+01	3.69097690e+01	1.90379362e+07	7.40989690e+05	1.72920538e+01	1.00000000e-09	1.72920538e+00	1.00000000e-10	1.66842955e+06	7.19850635e-15
4.40000000e+01	3.69938459e+01	1.87262268e+07	7.28857416e+05	1.08043964e+01	1.20321845e+01	1.08043964e+00	1.20321845e+00	-1.18463541e+05	6.61802264e-15
4.41000000e+01	3.70779228e+01	1.84144936e+07	7.16724214e+05	1.00000000e-09	3.35068849e+00	1.00000000e-10	3.35068849e-01	-3.23292292e+05	6.08434883e-15
4.42000000e+01	3.71619997e+01	1.81027603e+07	7.04591012e+05	1.00000000e-09	1.00000000e-09	1.00000000e-10	1.00000000e-10	0.00000000e+00	5.59371018e-15
4.43000000e+01	3.72460767e+01	1.77910271e+07	6.92457810e+05	1.25470818e+01	1.00000000e-09	1.25470818e+00	1.00000000e-10	1.21060935e+06	5.14263638e-15
4.44000000e+01	3.73301536e+01	1.74792662e+07	6.80323532e+05	1.60248819e+01	1.18677756e+01	1.60248819e+00	1.18677756e+00	4.01099779e+05	4.72793693e-15
4.45000000e+01	3.74142305e+01	1.71674699e+07	6.68187876e+05	1.00000000e-09	3.50072096e+00	1.00000000e-10	3.50072096e-01	-3.37768224e+05	4.34667862e-15
4.46000000e+01	3.74983074e+01	1.68556736e+07	6.56052220e+05	1.00000000e-09	1.00000000e-09	1.00000000e-10	1.00000000e-10	0.00000000e+00	3.99616478e-15
4.47000000e+01	3.75823844e+01	1.65438772e+07	6.43916563e+05	5.74361735e+00	1.00000000e-09	5.74361735e-01	1.00000000e-10	5.54174828e+05	3.67391618e-15
4.48000000e+01	3.76664613e+01	1.62320683e+07	6.31780416e+05	1.88315487e+01	1.17080701e+01	1.88315487e+00	1.17080701e+00	6.87311199e+05	3.37765354e-15
4.49000000e+01	3.77505382e+01	1.59202178e+07	6.19642650e+05	1.00000000e-09	3.64095445e+00	1.00000000e-10	3.64095445e-01	-3.51298699e+05	3.10528136e-15
4.50000000e+01	3.78346151e+01	1.56083673e+07	6.07504883e+05	1.00000000e-09	1.00000000e-09	1.00000000e-10	1.00000000e-10	0.00000000e+00	2.85487313e-15
4.51000000e+01	3.79186920e+01	1.52965167e+07	5.95367116e+05	1.00000000e-09	1.00000000e-09	1.00000000e-10	1.00000000e-10	0.00000000e+00	2.62465769e-15
4.52000000e+01	3.80027690e+01	1.49846663e+07	5.83229353e+05	1.87904889e+01	1.15537504e+01	1.87904889e+00	1.15537504e+00	6.98239111e+05	2.41300669e-15
4.53000000e+01	3.80868459e+01	1.46727743e+07	5.71089974e+05	6.01739940e+00	3.77183445e+00	6.01739940e-01	3.77183445e-01	2.16664080e+05	2.21842312e-15
4.54000000e+01	3.81709228e+01	1.43608691e+07	5.58950076e+05	1.00000000e-09	1.00000000e-09	1.00000000e-10	1.00000000e-10	0.00000000e+00	2.03953067e-15
4.55000000e+01	3.82549997e+01	1.40489638e+07	5.46810178e+05	1.00000000e-09	1.00000000e-09	1.00000000e-10	1.00000000e-10	0.00000000e+00	1.87506400e-15
4.56000000e+01	3.83390767e+01	1.37370586e+07	5.34670284e+05	1.52012959e+01	1.14040347e+01	1.52012959e+00	1.14040347e+00	3.66380015e+05	1.72385984e-15
4.57000000e+01	3.84231536e+01	1.34251198e+07	5.22529083e+05	1.32615414e+01	3.89494303e+00	1.32615414e+00	3.89494303e-01	9.03739354e+05	1.58484870e-15
4.58000000e+01	3.85072305e+01	1.31131517e+07	5.10386739e+05	1.00000000e-09	1.00000000e-09	1.00000000e-10	1.00000000e-10	0.00000000e+00	1.45704735e-15
4.59000000e+01	3.85913074e+01	1.28011835e+07	4.98244395e+05	1.00000000e-09	1.00000000e-09	1.00000000e-10	1.00000000e-10	0.00000000e+00	1.33955183e-15
4.60000000e+01	3.86753843e+01	1.24892155e+07	4.86102054e+05	8.39291189e+00	1.12583335e+01	8.39291189e-01	1.12583335e+00	-2.76471153e+05	1.23153109e-15
4.61000000e+01	3.87594613e+01	1.21772289e+07	4.73958993e+05	1.77844754e+01	4.01203373e+00	1.77844754e+00	4.01203373e-01	1.32883861e+06	1.13222108e-15
4.62000000e+01	3.88435382e+01	1.18652030e+07	4.61814399e+05	1.00000000e-09	1.00000000e-09	1.00000000e-10	1.00000000e-10	0.00000000e+00	1.04091937e-15
4.63000000e+01	3.89276151e+01	1.15531770e+07	4.49669805e+05	1.00000000e-09	1.00000000e-09	1.00000000e-10	1.00000000e-10	0.00000000e+00	9.56980191e-16
4.64000000e+01	3.90116920e+01	1.12411512e+07	4.37525214e+05	1.00000000e-09	1.11158980e+01	1.00000000e-10	1.11158980e+00	-1.07252111e+06	8.79809819e-16
4.65000000e+01	3.90957690e+01	1.09291254e+07	4.25380626e+05	1.82964771e+01	4.12442261e+00	1.82964771e+00	4.12442261e-01	1.36739538e+06	8.08862425e-16
4.66000000e+01	3.91798459e+01	1.06170591e+07	4.13234461e+05	4.54947316e+00	1.00000000e-09	4.54947316e-01	1.00000000e-10	4.38957428e+05	7.43636191e-16
4.67000000e+01	3.92639228e+01	1.03049827e+07	4.01087904e+05	1.00000000e-09	1.00000000e-09	1.00000000e-10	1.00000000e-10	0.00000000e+00	6.83669765e-16
4.68000000e+01	3.93479997e+01	9.99290639e+06	3.88941349e+05	1.00000000e-09	1.09765262e+01	1.00000000e-10	1.09765262e+00	-1.05907378e+06	6.28539001e-16
4.69000000e+01	3.94320766e+01	9.68083016e+06	3.76794798e+05	1.43739392e+01	4.23237621e+00	1.43739392e+00	4.23237621e-01	9.78512071e+05	5.77853951e-16
4.70000000e+01	3.95161536e+01	9.36872209e+06	3.64647008e+05	1.25861620e+01	1.00000000e-09	1.25861620e+00	1.00000000e-10	1.21438002e+06	5.31256117e-16
4.71000000e+01	3.96002305e+01	9.05658614e+06	3.52498132e+05	1.00000000e-09	1.00000000e-09	1.00000000e-10	1.00000000e-10	0.00000000e+00	4.88415907e-16
4.72000000e+01	3.96843074e+01	8.74445026e+06	3.40349259e+05	1.00000000e-09	1.08414652e+01	1.00000000e-10	1.08414652e+00	-1.04604237e+06	4.49030309e-16
4.73000000e+01	3.97683843e+01	8.43231445e+06	3.28200389e+05	6.47351245e+00	4.33588389e+00	6.47351245e-01	4.33588389e-01	2.06249802e+05	4.12820745e-16
4.74000000e+01	3.98524613e+01	8.12016431e+06	3.16050961e+05	1.71351199e+01	1.00000000e-09	1.71351199e+00	1.00000000e-10	1.65328774e+06	3.79531100e-16
4.75000000e+01	3.99365382e+01	7.80797620e+06	3.03900055e+05	1.00000000e-09	1.00000000e-09	1.00000000e-10	1.00000000e-10	0.00000000e+00	3.48925915e-16
4.76000000e+01	4.00206151e+01	7.49578815e+06	2.91749151e+05	1.00000000e-09	1.07113748e+01	1.00000000e-10	1.07113748e+00	-1.03349056e+06	3.20788716e-16
4.77000000e+01	4.01046920e+01	7.18360019e+06	2.79598251e+05	1.00000000e-09	4.43460753e+00	1.00000000e-10	4.43460753e-01	-4.27874580e+05	2.94920485e-16
4.78000000e+01	4.01887690e+01	6.87141223e+06	2.67447351e+05	1.61412860e+01	1.00000000e-09	1.61412860e+00	1.00000000e-10	1.55739734e+06	2.71138254e-16
4.79000000e+01	4.02728459e+01	6.55918849e+06	2.55295059e+05	8.09100820e+00	1.00000000e-09	8.09100820e-01	1.00000000e-10	7.80663614e+05	2.49273810e-16
4.80000000e+01	4.03569228e+01	6.24694689e+06	2.43142071e+05	1.00000000e-09	1.05853260e+01	1.00000000e-10	1.05853260e+00	-1.02132870e+06	2.29172503e-16
4.81000000e+01	4.04409997e+01	5.93470537e+06	2.30989086e+05	1.00000000e-09	4.52948897e+00	1.00000000e-10	4.52948897e-01	-4.37029248e+05	2.10692155e-16
4.82000000e+01	4.05250766e+01	5.62246385e+06	2.18836101e+05	8.91103163e+00	1.00000000e-09	8.91103163e-01	1.00000000e-10	8.59783846e+05	1.93702052e-16
4.83000000e+01	4.06091536e+01	5.31020258e+06	2.06682348e+05	1.48881982e+01	1.00000000e-09	1.48881982e+00	1.00000000e-10	1.43649275e+06	1.78082022e-16
4.84000000e+01	4.06932305e+01	4.99790837e+06	1.94527312e+05	1.00000000e-09	1.04621558e+01	1.00000000e-10	1.04621558e+00	-1.00944458e+06	1.63721583e-16
4.85000000e+01	4.07773074e+01	4.68561424e+06	1.82372280e+05	1.00000000e-09	4.62213536e+00	1.00000000e-10	4.62213536e-01	-4.45968266e+05	1.50519162e-16
4.86000000e+01	4.08613843e+01	4.37332011e+06	1.70217248e+05	1.00000000e-09	1.00000000e-09	1.00000000e-10	1.00000000e-10	0.00000000e+00	1.38381377e-16
4.87000000e+01	4.09454613e+01	4.06102598e+06	1.58062215e+05	1.51545197e+01	1.00000000e-09	1.51545197e+00	1.00000000e-10	1.46218887e+06	1.27222377e-16
4.88000000e+01	4.10295382e+01	3.74869830e+06	1.45905877e+05	7.15165279e+00	1.03414994e+01	7.15165279e-01	1.03414994e+00	-3.07773407e+05	1.16963232e-16
4.89000000e+01	4.11136151e+01	3.43635486e+06	1.33748926e+05	1.00000000e-09	4.71276313e+00	1.00000000e-10	4.71276313e-01	-4.54712516e+05	1.07531379e-16
4.90000000e+01	4.11976920e+01	3.12401142e+06	1.21591974e+05	1.00000000e-09	1.00000000e-09	1.00000000e-10	1.00000000e-10	0.00000000e+00	9.88601065e-17
4.91000000e+01	4.12817689e+01	2.81166797e+06	1.09435022e+05	7.37999241e+00	1.00000000e-09	7.37999241e-01	1.00000000e-10	7.12061018e+05	9.08880802e-17
4.92000000e+01	4.13658459e+01	2.49930821e+06	9.72774356e+04	1.42649903e+01	1.02243548e+01	1.42649903e+00	1.02243548e+00	3.89862058e+05	8.35589140e-17
4.93000000e+01	4.14499228e+01	2.18691691e+06	8.51186211e+04	1.00000000e-09	4.80032402e+00	1.00000000e-10	4.80032402e-01	-4.63160857e+05	7.68207678e-17
4.94000000e+01	4.15339997e+01	1.87452561e+06	7.29598067e+04	1.00000000e-09	1.00000000e-09	1.00000000e-10	1.00000000e-10	0.00000000e+00	7.06259821e-17
4.95000000e+01	4.16180766e+01	1.56213430e+06	6.08009922e+04	1.00000000e-09	1.00000000e-09	1.00000000e-10	1.00000000e-10	0.00000000e+00	6.49307406e-17
4.96000000e+01	4.17021536e+01	1.24974304e+06	4.86421792e+04	1.22516338e+01	1.01110349e+01	1.22516338e+00	1.01110349e+00	2.06536396e+05	5.96947603e-17
4.97000000e+01	4.17862305e+01	9.37324697e+05	3.64823124e+04	1.04773846e+01	4.88442897e+00	1.04773846e+00	4.88442897e-01	5.39638183e+05	5.48810067e-17
4.98000000e+01	4.18703074e+01	6.24883120e+05	2.43215412e+04	1.00000000e-09	1.00000000e-09	1.00000000e-10	1.00000000e-10	0.00000000e+00	5.04554316e-17
4.99000000e+01	4.19543843e+01	3.12441544e+05	1.21607699e+04	1.00000000e-09	1.00000000e-09	1.00000000e-10	1.00000000e-10	0.00000000e+00	4.63867326e-17
5.00000000e+01	4.20384612e+01	0.00000000e+00	0.00000000e+00	1.00000000e+01	1.00000000e+01	1.00000000e+00	1.00000000e+00	0.00000000e+00	4.26461312e-17
