# 1D PNP Solver Results
# Debye length: 1.18939 nm
# Surface potential: 100 mV
# Bulk concentration: 10 mol/m^3
# Thermal voltage: 25.6926 mV
# Grid: non-uniform with stretching factor 1
#
# Columns:
# 1: x [nm]
# 2: x/lambda_D [-]
# 3: phi [mV]
# 4: phi_normalized = e*phi/(kB*T) [-]
# 5: c+ [mol/m^3]
# 6: c- [mol/m^3]
# 7: c+/c0 [-]
# 8: c-/c0 [-]
# 9: rho [C/m^3]
# 10: phi_GC [mV] (Gouy-Chapman analytical)
0.00000000e+00	0.00000000e+00	1.00000000e+02	3.89217445e+00	1.00000000e-09	1.10124956e+05	1.00000000e-10	1.10124956e+04	-1.06254429e+10	1.00000000e+02
1.00000000e-01	8.40769225e-02	-1.55498808e+05	-6.05228488e+03	1.00000000e-09	1.00000000e-09	1.00000000e-10	1.00000000e-10	0.00000000e+00	8.70576373e+01
2.00000000e-01	1.68153845e-01	-3.11090909e+05	-1.21082009e+04	1.00000000e-09	1.00000000e-09	1.00000000e-10	1.00000000e-10	0.00000000e+00	7.68715638e+01
3.00000000e-01	2.52230767e-01	-4.66683010e+05	-1.81641169e+04	1.00000000e-09	3.70813222e+03	1.00000000e-10	3.70813222e+02	-3.57780369e+08	6.85207345e+01
4.00000000e-01	3.36307690e-01	-6.22275111e+05	-2.42200329e+04	1.00000000e-09	1.10294420e+05	1.00000000e-10	1.10294420e+04	-1.06417937e+10	6.14862309e+01
5.00000000e-01	4.20384612e-01	-7.73826042e+05	-3.01186595e+04	1.00000000e-09	1.00000000e-09	1.00000000e-10	1.00000000e-10	0.00000000e+00	5.54461690e+01
6.00000000e-01	5.04461535e-01	-9.25297363e+05	-3.60141875e+04	1.00000000e-09	1.00000000e-09	1.00000000e-10	1.00000000e-10	0.00000000e+00	5.01866549e+01
7.00000000e-01	5.88538457e-01	-1.07676868e+06	-4.19097156e+04	1.00000000e-09	7.60453224e+03	1.00000000e-10	7.60453224e+02	-7.33725819e+08	4.55579535e+01
8.00000000e-01	6.72615380e-01	-1.22824000e+06	-4.78052436e+04	1.00000000e-09	1.10790907e+05	1.00000000e-10	1.10790907e+04	-1.06896974e+10	4.14508515e+01
9.00000000e-01	7.56692302e-01	-1.37566870e+06	-5.35434255e+04	1.00000000e-09	1.00000000e-09	1.00000000e-10	1.00000000e-10	0.00000000e+00	3.77829914e+01
1.00000000e+00	8.40769225e-01	-1.52294139e+06	-5.92755356e+04	1.00000000e-09	1.00000000e-09	1.00000000e-10	1.00000000e-10	0.00000000e+00	3.44905241e+01
1.10000000e+00	9.24846147e-01	-1.67021408e+06	-6.50076457e+04	1.00000000e-09	1.16962006e+04	1.00000000e-10	1.16962006e+03	-1.12851180e+09	3.15227780e+01
1.20000000e+00	1.00892307e+00	-1.81748677e+06	-7.07397558e+04	1.00000000e-09	1.11649968e+05	1.00000000e-10	1.11649968e+04	-1.07725842e+10	2.88387272e+01
1.30000000e+00	1.09299999e+00	-1.96071458e+06	-7.63144320e+04	1.00000000e-09	1.00000000e-09	1.00000000e-10	1.00000000e-10	0.00000000e+00	2.64045776e+01
1.40000000e+00	1.17707691e+00	-2.10370619e+06	-8.18799150e+04	1.00000000e-09	1.00000000e-09	1.00000000e-10	1.00000000e-10	0.00000000e+00	2.41920729e+01
1.50000000e+00	1.26115384e+00	-2.24669780e+06	-8.74453979e+04	1.00000000e-09	1.59902174e+04	1.00000000e-10	1.59902174e+03	-1.54282144e+09	2.21772778e+01
1.60000000e+00	1.34523076e+00	-2.38968942e+06	-9.30108809e+04	1.00000000e-09	1.12912725e+05	1.00000000e-10	1.12912725e+04	-1.08944218e+10	2.03396868e+01
1.70000000e+00	1.42930768e+00	-2.52863299e+06	-9.84188073e+04	1.00000000e-09	1.00000000e-09	1.00000000e-10	1.00000000e-10	0.00000000e+00	1.86615585e+01
1.80000000e+00	1.51338460e+00	-2.66725599e+06	-1.03814256e+05	1.00000000e-09	1.00000000e-09	1.00000000e-10	1.00000000e-10	0.00000000e+00	1.71274116e+01
1.90000000e+00	1.59746153e+00	-2.80587899e+06	-1.09209705e+05	1.00000000e-09	2.04936319e+04	1.00000000e-10	2.04936319e+03	-1.97733488e+09	1.57236358e+01
2.00000000e+00	1.68153845e+00	-2.94450199e+06	-1.14605154e+05	1.00000000e-09	1.14627053e+05	1.00000000e-10	1.14627053e+04	-1.10598293e+10	1.44381886e+01
2.10000000e+00	1.76561537e+00	-3.07907280e+06	-1.19842885e+05	1.00000000e-09	1.00000000e-09	1.00000000e-10	1.00000000e-10	0.00000000e+00	1.32603556e+01
2.20000000e+00	1.84969229e+00	-3.21323405e+06	-1.25064675e+05	1.00000000e-09	1.00000000e-09	1.00000000e-10	1.00000000e-10	0.00000000e+00	1.21805577e+01
2.30000000e+00	1.93376922e+00	-3.34739529e+06	-1.30286464e+05	1.00000000e-09	2.52132980e+04	1.00000000e-10	2.52132980e+03	-2.43271344e+09	1.11901960e+01
2.40000000e+00	2.01784614e+00	-3.48155653e+06	-1.35508254e+05	1.00000000e-09	1.16849086e+05	1.00000000e-10	1.16849086e+04	-1.12742228e+10	1.02815237e+01
2.50000000e+00	2.10192306e+00	-3.61166027e+06	-1.40572118e+05	1.00000000e-09	1.00000000e-09	1.00000000e-10	1.00000000e-10	0.00000000e+00	9.44754093e+00
2.60000000e+00	2.18599998e+00	-3.74126036e+06	-1.45616380e+05	1.00000000e-09	1.00000000e-09	1.00000000e-10	1.00000000e-10	0.00000000e+00	8.68190590e+00
2.70000000e+00	2.27007691e+00	-3.87086045e+06	-1.50660641e+05	1.00000000e-09	3.01556299e+04	1.00000000e-10	3.01556299e+03	-2.90957597e+09	7.97886054e+00
2.80000000e+00	2.35415383e+00	-4.00046053e+06	-1.55704903e+05	1.00000000e-09	1.19645154e+05	1.00000000e-10	1.19645154e+04	-1.15440024e+10	7.33316685e+00
2.90000000e+00	2.43823075e+00	-4.12599650e+06	-1.60590982e+05	1.00000000e-09	1.00000000e-09	1.00000000e-10	1.00000000e-10	0.00000000e+00	6.74005227e+00
3.00000000e+00	2.52230767e+00	-4.25092904e+06	-1.65453574e+05	1.00000000e-09	1.00000000e-09	1.00000000e-10	1.00000000e-10	0.00000000e+00	6.19516235e+00
3.10000000e+00	2.60638460e+00	-4.37586159e+06	-1.70316167e+05	1.00000000e-09	3.53262411e+04	1.00000000e-10	3.53262411e+03	-3.40846411e+09	5.69451955e+00
3.20000000e+00	2.69046152e+00	-4.50079413e+06	-1.75178759e+05	1.00000000e-09	1.23094314e+05	1.00000000e-10	1.23094314e+04	-1.18767958e+10	5.23448697e+00
3.30000000e+00	2.77453844e+00	-4.62165441e+06	-1.79882852e+05	1.00000000e-09	1.00000000e-09	1.00000000e-10	1.00000000e-10	0.00000000e+00	4.81173646e+00
3.40000000e+00	2.85861536e+00	-4.74180517e+06	-1.84559329e+05	1.00000000e-09	1.00000000e-09	1.00000000e-10	1.00000000e-10	0.00000000e+00	4.42322017e+00
3.50000000e+00	2.94269229e+00	-4.86195593e+06	-1.89235806e+05	1.00000000e-09	4.07294096e+04	1.00000000e-10	4.07294096e+03	-3.92979061e+09	4.06614534e+00
3.60000000e+00	3.02676921e+00	-4.98210669e+06	-1.93912284e+05	1.00000000e-09	1.27291691e+05	1.00000000e-10	1.27291691e+04	-1.22817811e+10	3.73795159e+00
3.70000000e+00	3.11084613e+00	-5.09817527e+06	-1.98429875e+05	1.00000000e-09	1.00000000e-09	1.00000000e-10	1.00000000e-10	0.00000000e+00	3.43629058e+00
3.80000000e+00	3.19492305e+00	-5.21342111e+06	-2.02915444e+05	1.00000000e-09	1.00000000e-09	1.00000000e-10	1.00000000e-10	0.00000000e+00	3.15900770e+00
3.90000000e+00	3.27899998e+00	-5.32866694e+06	-2.07401013e+05	1.00000000e-09	4.63672793e+04	1.00000000e-10	4.63672793e+03	-4.47376234e+09	2.90412542e+00
4.00000000e+00	3.36307690e+00	-5.44391278e+06	-2.11886582e+05	1.00000000e-09	1.32352957e+05	1.00000000e-10	1.32352957e+04	-1.27701190e+10	2.66982829e+00
4.10000000e+00	3.44715382e+00	-5.55506444e+06	-2.16212799e+05	1.00000000e-09	1.00000000e-09	1.00000000e-10	1.00000000e-10	0.00000000e+00	2.45444929e+00
4.20000000e+00	3.53123074e+00	-5.66527208e+06	-2.20502273e+05	1.00000000e-09	1.00000000e-09	1.00000000e-10	1.00000000e-10	0.00000000e+00	2.25645740e+00
4.30000000e+00	3.61530767e+00	-5.77547972e+06	-2.24791746e+05	1.00000000e-09	5.22386579e+04	1.00000000e-10	5.22386579e+03	-5.04026425e+09	2.07444628e+00
4.40000000e+00	3.69938459e+00	-5.88568736e+06	-2.29081220e+05	1.00000000e-09	1.38420450e+05	1.00000000e-10	1.38420450e+04	-1.33555431e+10	1.90712395e+00
4.50000000e+00	3.78346151e+00	-5.99178637e+06	-2.33210778e+05	1.00000000e-09	1.00000000e-09	1.00000000e-10	1.00000000e-10	0.00000000e+00	1.75330334e+00
4.60000000e+00	3.86753843e+00	-6.09681092e+06	-2.37298517e+05	1.00000000e-09	1.00000000e-09	1.00000000e-10	1.00000000e-10	0.00000000e+00	1.61189369e+00
4.70000000e+00	3.95161536e+00	-6.20183546e+06	-2.41386255e+05	1.00000000e-09	5.83371806e+04	1.00000000e-10	5.83371806e+03	-5.62868224e+09	1.48189263e+00
4.80000000e+00	4.03569228e+00	-6.30686000e+06	-2.45473994e+05	1.00000000e-09	1.45671673e+05	1.00000000e-10	1.45671673e+04	-1.40551798e+10	1.36237899e+00
4.90000000e+00	4.11976920e+00	-6.40775848e+06	-2.49401138e+05	1.00000000e-09	1.00000000e-09	1.00000000e-10	1.00000000e-10	0.00000000e+00	1.25250612e+00
5.00000000e+00	4.20384612e+00	-6.50744156e+06	-2.53280978e+05	1.00000000e-09	1.00000000e-09	1.00000000e-10	1.00000000e-10	0.00000000e+00	1.15149587e+00
5.10000000e+00	4.28792305e+00	-6.60712464e+06	-2.57160817e+05	1.00000000e-09	6.46484580e+04	1.00000000e-10	6.46484580e+03	-6.23762794e+09	1.05863300e+00
5.20000000e+00	4.37199997e+00	-6.70680772e+06	-2.61040656e+05	1.00000000e-09	1.54331377e+05	1.00000000e-10	1.54331377e+04	-1.48907142e+10	9.73260072e-01
5.30000000e+00	4.45607689e+00	-6.80234368e+06	-2.64759083e+05	1.00000000e-09	1.00000000e-09	1.00000000e-10	1.00000000e-10	0.00000000e+00	8.94772759e-01
5.40000000e+00	4.54015381e+00	-6.89651118e+06	-2.68424246e+05	1.00000000e-09	1.00000000e-09	1.00000000e-10	1.00000000e-10	0.00000000e+00	8.22615544e-01
5.50000000e+00	4.62423074e+00	-6.99067868e+06	-2.72089410e+05	1.00000000e-09	7.11455506e+04	1.00000000e-10	7.11455506e+03	-6.86450208e+09	7.56277766e-01
5.60000000e+00	4.70830766e+00	-7.08484619e+06	-2.75754573e+05	1.00000000e-09	1.64689125e+05	1.00000000e-10	1.64689125e+04	-1.58900849e+10	6.95289988e-01
5.70000000e+00	4.79238458e+00	-7.17484107e+06	-2.79257331e+05	1.00000000e-09	1.00000000e-09	1.00000000e-10	1.00000000e-10	0.00000000e+00	6.39220665e-01
5.80000000e+00	4.87646150e+00	-7.26330029e+06	-2.82700318e+05	1.00000000e-09	1.00000000e-09	1.00000000e-10	1.00000000e-10	0.00000000e+00	5.87673079e-01
5.90000000e+00	4.96053843e+00	-7.35175951e+06	-2.86143305e+05	1.00000000e-09	7.77815988e+04	1.00000000e-10	7.77815988e+03	-7.50478339e+09	5.40282524e-01
6.00000000e+00	5.04461535e+00	-7.44021873e+06	-2.89586292e+05	1.00000000e-09	1.77125590e+05	1.00000000e-10	1.77125590e+04	-1.70900213e+10	4.96713722e-01
6.10000000e+00	5.12869227e+00	-7.52447423e+06	-2.92865664e+05	1.00000000e-09	1.00000000e-09	1.00000000e-10	1.00000000e-10	0.00000000e+00	4.56658442e-01
6.20000000e+00	5.21276919e+00	-7.60701022e+06	-2.96078108e+05	1.00000000e-09	1.00000000e-09	1.00000000e-10	1.00000000e-10	0.00000000e+00	4.19833321e-01
6.30000000e+00	5.29684612e+00	-7.68954621e+06	-2.99290553e+05	1.00000000e-09	8.44774373e+04	1.00000000e-10	8.44774373e+03	-8.15083359e+09	3.85977854e-01
6.40000000e+00	5.38092304e+00	-7.77208220e+06	-3.02502997e+05	1.00000000e-09	1.92153177e+05	1.00000000e-10	1.92153177e+04	-1.85399631e+10	3.54852548e-01
6.50000000e+00	5.46499996e+00	-7.85037622e+06	-3.05550338e+05	1.00000000e-09	1.00000000e-09	1.00000000e-10	1.00000000e-10	0.00000000e+00	3.26237227e-01
6.60000000e+00	5.54907688e+00	-7.92674703e+06	-3.08522823e+05	1.00000000e-09	1.00000000e-09	1.00000000e-10	1.00000000e-10	0.00000000e+00	2.99929475e-01
6.70000000e+00	5.63315381e+00	-8.00311785e+06	-3.11495308e+05	1.00000000e-09	9.10999604e+04	1.00000000e-10	9.10999604e+03	-8.78980994e+09	2.75743201e-01
6.80000000e+00	5.71723073e+00	-8.07948866e+06	-3.14467793e+05	1.00000000e-09	2.10481249e+05	1.00000000e-10	2.10481249e+04	-2.03083532e+10	2.53507323e-01
6.90000000e+00	5.80130765e+00	-8.15156990e+06	-3.17273321e+05	1.00000000e-09	1.00000000e-09	1.00000000e-10	1.00000000e-10	0.00000000e+00	2.33064554e-01
7.00000000e+00	5.88538457e+00	-8.22150027e+06	-3.19995133e+05	1.00000000e-09	1.00000000e-09	1.00000000e-10	1.00000000e-10	0.00000000e+00	2.14270296e-01
7.10000000e+00	5.96946150e+00	-8.29143064e+06	-3.22716945e+05	1.00000000e-09	9.74224982e+04	1.00000000e-10	9.74224982e+03	-9.39984209e+09	1.96991610e-01
7.20000000e+00	6.05353842e+00	-8.36136101e+06	-3.25438757e+05	1.00000000e-09	2.33125699e+05	1.00000000e-10	2.33125699e+04	-2.24932105e+10	1.81106277e-01
7.30000000e+00	6.13761534e+00	-8.42694161e+06	-3.27991268e+05	1.00000000e-09	1.00000000e-09	1.00000000e-10	1.00000000e-10	0.00000000e+00	1.66501937e-01
7.40000000e+00	6.22169226e+00	-8.49011431e+06	-3.30450060e+05	1.00000000e-09	1.00000000e-09	1.00000000e-10	1.00000000e-10	0.00000000e+00	1.53075289e-01
7.50000000e+00	6.30576919e+00	-8.55328700e+06	-3.32908851e+05	1.00000000e-09	1.03047811e+05	1.00000000e-10	1.03047811e+04	-9.94260229e+09	1.40731363e-01
7.60000000e+00	6.38984611e+00	-8.61645969e+06	-3.35367642e+05	1.00000000e-09	2.61603535e+05	1.00000000e-10	2.61603535e+04	-2.52409039e+10	1.29382849e-01
7.70000000e+00	6.47392303e+00	-8.67520487e+06	-3.37654107e+05	1.00000000e-09	1.00000000e-09	1.00000000e-10	1.00000000e-10	0.00000000e+00	1.18949475e-01
7.80000000e+00	6.55799995e+00	-8.73124840e+06	-3.39835419e+05	1.00000000e-09	1.00000000e-09	1.00000000e-10	1.00000000e-10	0.00000000e+00	1.09357445e-01
7.90000000e+00	6.64207688e+00	-8.78729194e+06	-3.42016732e+05	1.00000000e-09	1.07246678e+05	1.00000000e-10	1.07246678e+04	-1.03477313e+10	1.00538914e-01
8.00000000e+00	6.72615380e+00	-8.84333547e+06	-3.44198044e+05	1.00000000e-09	2.98303180e+05	1.00000000e-10	2.98303180e+04	-2.87818813e+10	9.24315047e-02
8.10000000e+00	6.81023072e+00	-8.89484827e+06	-3.46203012e+05	1.00000000e-09	1.00000000e-09	1.00000000e-10	1.00000000e-10	0.00000000e+00	8.49778740e-02
8.20000000e+00	6.89430764e+00	-8.94331883e+06	-3.48089571e+05	1.00000000e-09	1.00000000e-09	1.00000000e-10	1.00000000e-10	0.00000000e+00	7.81253008e-02
8.30000000e+00	6.97838457e+00	-8.99178940e+06	-3.49976129e+05	1.00000000e-09	1.08584098e+05	1.00000000e-10	1.08584098e+04	-1.04767727e+10	7.18253161e-02
8.40000000e+00	7.06246149e+00	-9.04025996e+06	-3.51862688e+05	1.00000000e-09	3.47254744e+05	1.00000000e-10	3.47254744e+04	-3.35049893e+10	6.60333593e-02
8.50000000e+00	7.14653841e+00	-9.08405736e+06	-3.53567360e+05	1.00000000e-09	1.00000000e-09	1.00000000e-10	1.00000000e-10	0.00000000e+00	6.07084632e-02
8.60000000e+00	7.23061533e+00	-9.12441053e+06	-3.55137975e+05	1.00000000e-09	1.00000000e-09	1.00000000e-10	1.00000000e-10	0.00000000e+00	5.58129641e-02
8.70000000e+00	7.31469226e+00	-9.16476370e+06	-3.56708591e+05	1.00000000e-09	1.03926483e+05	1.00000000e-10	1.03926483e+04	-1.00273812e+10	5.13122357e-02
8.80000000e+00	7.39876918e+00	-9.20511687e+06	-3.58279207e+05	1.00000000e-09	4.15935420e+05	1.00000000e-10	4.15935420e+04	-4.01316672e+10	4.71744438e-02
8.90000000e+00	7.48284610e+00	-9.24058942e+06	-3.59659860e+05	1.00000000e-09	1.00000000e-09	1.00000000e-10	1.00000000e-10	0.00000000e+00	4.33703214e-02
9.00000000e+00	7.56692302e+00	-9.27213250e+06	-3.60887572e+05	1.00000000e-09	1.00000000e-09	1.00000000e-10	1.00000000e-10	0.00000000e+00	3.98729614e-02
9.10000000e+00	7.65099995e+00	-9.30367557e+06	-3.62115284e+05	1.00000000e-09	8.52143084e+04	1.00000000e-10	8.52143084e+03	-8.22193085e+09	3.66576268e-02
9.20000000e+00	7.73507687e+00	-9.33521865e+06	-3.63342995e+05	1.00000000e-09	5.20283879e+05	1.00000000e-10	5.20283879e+04	-5.01997628e+10	3.37015752e-02
9.30000000e+00	7.81915379e+00	-9.36155327e+06	-3.64367984e+05	1.00000000e-09	1.00000000e-09	1.00000000e-10	1.00000000e-10	0.00000000e+00	3.09838980e-02
9.40000000e+00	7.90323071e+00	-9.38335536e+06	-3.65216560e+05	1.00000000e-09	1.00000000e-09	1.00000000e-10	1.00000000e-10	0.00000000e+00	2.84853728e-02
9.50000000e+00	7.98730764e+00	-9.40515744e+06	-3.66065135e+05	1.00000000e-09	2.47851309e+04	1.00000000e-10	2.47851309e+03	-2.39140158e+09	2.61883275e-02
9.60000000e+00	8.07138456e+00	-9.42695953e+06	-3.66913710e+05	1.00000000e-09	7.02828827e+05	1.00000000e-10	7.02828827e+04	-6.78126728e+10	2.40765146e-02
9.70000000e+00	8.15546148e+00	-9.44296094e+06	-3.67536513e+05	1.00000000e-09	1.00000000e-09	1.00000000e-10	1.00000000e-10	0.00000000e+00	2.21349973e-02
9.80000000e+00	8.23953840e+00	-9.45364936e+06	-3.67952525e+05	1.00000000e-09	1.00000000e-09	1.00000000e-10	1.00000000e-10	0.00000000e+00	2.03500429e-02
9.90000000e+00	8.32361533e+00	-9.46433778e+06	-3.68368537e+05	1.00000000e-09	1.00000000e-09	1.00000000e-10	1.00000000e-10	0.00000000e+00	1.87090262e-02
1.00000000e+01	8.40769225e+00	-9.47502620e+06	-3.68784549e+05	1.00000000e-09	1.13486911e+06	1.00000000e-10	1.13486911e+05	-1.09498223e+11	1.72003403e-02
1.01000000e+01	8.49176917e+00	-9.47852915e+06	-3.68920890e+05	1.00000000e-09	1.05938294e+06	1.00000000e-10	1.05938294e+05	-1.02214915e+11	1.58133140e-02
1.02000000e+01	8.57584609e+00	-9.47563826e+06	-3.68808371e+05	1.00000000e-09	1.00000000e-09	1.00000000e-10	1.00000000e-10	0.00000000e+00	1.45381368e-02
1.03000000e+01	8.65992302e+00	-9.47274736e+06	-3.68695853e+05	1.00000000e-09	1.00000000e-09	1.00000000e-10	1.00000000e-10	0.00000000e+00	1.33657892e-02
1.04000000e+01	8.74399994e+00	-9.46985647e+06	-3.68583334e+05	4.28883112e+02	1.77245523e+05	4.28883112e+01	1.77245523e+04	-1.70602123e+10	1.22879791e-02
1.05000000e+01	8.82807686e+00	-9.45295964e+06	-3.67925680e+05	1.13030176e+02	5.33668388e+04	1.13030176e+01	5.33668388e+03	-5.13821141e+09	1.12970830e-02
1.06000000e+01	8.91215378e+00	-9.42760942e+06	-3.66939005e+05	1.00000000e-09	1.00000000e-09	1.00000000e-10	1.00000000e-10	0.00000000e+00	1.03860923e-02
1.07000000e+01	8.99623071e+00	-9.40225919e+06	-3.65952330e+05	1.00000000e-09	1.00000000e-09	1.00000000e-10	1.00000000e-10	0.00000000e+00	9.54856333e-03
1.08000000e+01	9.08030763e+00	-9.37690897e+06	-3.64965655e+05	2.60135838e+02	1.99756272e+03	2.60135838e+01	1.99756272e+02	-1.67636209e+08	8.77857228e-03
1.09000000e+01	9.16438455e+00	-9.35117997e+06	-3.63964237e+05	1.64745118e+02	1.00000000e-09	1.64745118e+01	1.00000000e-10	1.58954874e+07	8.07067289e-03
1.10000000e+01	9.24846147e+00	-9.32551668e+06	-3.62965378e+05	1.00000000e-09	1.00000000e-09	1.00000000e-10	1.00000000e-10	0.00000000e+00	7.41985814e-03
1.11000000e+01	9.33253840e+00	-9.29997686e+06	-3.61971323e+05	1.00000000e-09	5.70044381e+03	1.00000000e-10	5.70044381e+02	-5.50009215e+08	6.82152474e-03
1.12000000e+01	9.41661532e+00	-9.27333390e+06	-3.60934333e+05	7.71363182e+02	4.09217160e+03	7.71363182e+01	4.09217160e+02	-3.20409303e+08	6.27144062e-03
1.13000000e+01	9.50069224e+00	-9.24587121e+06	-3.59865437e+05	1.65426761e+03	1.00000000e-09	1.65426761e+02	1.00000000e-10	1.59612560e+08	5.76571500e-03
1.14000000e+01	9.58476916e+00	-9.21843862e+06	-3.58797713e+05	1.00000000e-09	1.00000000e-09	1.00000000e-10	1.00000000e-10	0.00000000e+00	5.30077082e-03
1.15000000e+01	9.66884609e+00	-9.19105607e+06	-3.57731936e+05	1.00000000e-09	1.00000000e-09	1.00000000e-10	1.00000000e-10	0.00000000e+00	4.87331949e-03
1.16000000e+01	9.75292301e+00	-9.16367352e+06	-3.56666159e+05	7.15583973e+02	1.00000000e-09	7.15583973e+01	1.00000000e-10	6.90433573e+07	4.48033760e-03
1.17000000e+01	9.83699993e+00	-9.13629097e+06	-3.55600383e+05	2.32846410e+03	1.00000000e-09	2.32846410e+02	1.00000000e-10	2.24662632e+08	4.11904557e-03
1.18000000e+01	9.92107685e+00	-9.10893751e+06	-3.54535738e+05	1.00000000e-09	1.00000000e-09	1.00000000e-10	1.00000000e-10	0.00000000e+00	3.78688794e-03
1.19000000e+01	1.00051538e+01	-9.08163468e+06	-3.53473065e+05	1.00000000e-09	2.81232094e+01	1.00000000e-10	2.81232094e+00	-2.71347720e+06	3.48151531e-03
1.20000000e+01	1.00892307e+01	-9.05432617e+06	-3.52410170e+05	5.22509288e+02	4.31037088e+00	5.22509288e+01	4.31037088e-01	4.99985946e+07	3.20076778e-03
1.21000000e+01	1.01733076e+01	-9.02701678e+06	-3.51347241e+05	2.98160284e+03	1.00000000e-09	2.98160284e+02	1.00000000e-10	2.87680940e+08	2.94265957e-03
1.22000000e+01	1.02573845e+01	-8.99973834e+06	-3.50285516e+05	1.00000000e-09	1.00000000e-09	1.00000000e-10	1.00000000e-10	0.00000000e+00	2.70536508e-03
1.23000000e+01	1.03414615e+01	-8.97251337e+06	-3.49225873e+05	1.00000000e-09	1.16952373e+01	1.00000000e-10	1.16952373e+00	-1.12841886e+06	2.48720588e-03
1.24000000e+01	1.04255384e+01	-8.94528606e+06	-3.48166138e+05	2.23772451e+02	1.06579836e+01	2.23772451e+01	1.06579836e+00	2.05624202e+07	2.28663893e-03
1.25000000e+01	1.05096153e+01	-8.91805659e+06	-3.47106320e+05	3.61725216e+03	1.00000000e-09	3.61725216e+02	1.00000000e-10	3.49011776e+08	2.10224558e-03
1.26000000e+01	1.05936922e+01	-8.89085663e+06	-3.46047650e+05	1.00000000e-09	1.00000000e-09	1.00000000e-10	1.00000000e-10	0.00000000e+00	1.93272162e-03
1.27000000e+01	1.06777692e+01	-8.86371283e+06	-3.44991166e+05	1.00000000e-09	1.00000000e-09	1.00000000e-10	1.00000000e-10	0.00000000e+00	1.77686798e-03
1.28000000e+01	1.07618461e+01	-8.83656904e+06	-3.43934682e+05	1.00000000e-09	9.88102580e-01	1.00000000e-10	9.88102580e-02	-9.53374055e+04	1.63358230e-03
1.29000000e+01	1.08459230e+01	-8.80942505e+06	-3.42878191e+05	4.20808240e+03	1.00000000e-09	4.20808240e+02	1.00000000e-10	4.06018228e+08	1.50185109e-03
1.30000000e+01	1.09299999e+01	-8.78230887e+06	-3.41822782e+05	3.19664690e+02	1.00000000e-09	3.19664690e+01	1.00000000e-10	3.08429538e+07	1.38074262e-03
1.31000000e+01	1.10140768e+01	-8.75525088e+06	-3.40769638e+05	1.00000000e-09	4.49890185e-01	1.00000000e-10	4.49890185e-02	-4.34078038e+04	1.26940027e-03
1.32000000e+01	1.10981538e+01	-8.72819281e+06	-3.39716490e+05	1.00000000e-09	8.10661015e-01	1.00000000e-10	8.10661015e-02	-7.82168972e+04	1.16703651e-03
1.33000000e+01	1.11822307e+01	-8.70113457e+06	-3.38663337e+05	4.72166146e+03	1.39680804e-01	4.72166146e+02	1.39680804e-02	4.55557597e+08	1.07292731e-03
1.34000000e+01	1.12663076e+01	-8.67410218e+06	-3.37611189e+05	9.53685063e+02	1.00000000e-09	9.53685063e+01	1.00000000e-10	9.20166200e+07	9.86407027e-04
1.35000000e+01	1.13503845e+01	-8.64712981e+06	-3.36561377e+05	1.00000000e-09	1.00000000e-09	1.00000000e-10	1.00000000e-10	0.00000000e+00	9.06863691e-04
1.36000000e+01	1.14344615e+01	-8.62015745e+06	-3.35511566e+05	1.00000000e-09	1.00000000e-09	1.00000000e-10	1.00000000e-10	0.00000000e+00	8.33734687e-04
1.37000000e+01	1.15185384e+01	-8.59318508e+06	-3.34461754e+05	5.13228282e+03	1.00000000e-09	5.13228282e+02	1.00000000e-10	4.95190012e+08	7.66502767e-04
1.38000000e+01	1.16026153e+01	-8.56623643e+06	-3.33412866e+05	1.69733758e+03	1.00000000e-09	1.69733758e+02	1.00000000e-10	1.63768180e+08	7.04692393e-04
1.39000000e+01	1.16866922e+01	-8.53934943e+06	-3.32366377e+05	1.00000000e-09	4.67725756e-02	1.00000000e-10	4.67725756e-03	-4.51286739e+03	6.47866374e-04
1.40000000e+01	1.17707691e+01	-8.51246242e+06	-3.31319887e+05	1.00000000e-09	1.98005122e-02	1.00000000e-10	1.98005122e-03	-1.91045890e+03	5.95622776e-04
1.41000000e+01	1.18548461e+01	-8.48557541e+06	-3.30273398e+05	5.41695174e+03	1.00000000e-09	5.41695174e+02	1.00000000e-10	5.22656388e+08	5.47592073e-04
1.42000000e+01	1.19389230e+01	-8.45870977e+06	-3.29227740e+05	2.53012582e+03	1.00000000e-09	2.53012582e+02	1.00000000e-10	2.44120030e+08	5.03434541e-04
1.43000000e+01	1.20229999e+01	-8.43190718e+06	-3.28184537e+05	1.00000000e-09	1.74956728e-02	1.00000000e-10	1.74956728e-03	-1.68807570e+03	4.62837848e-04
1.44000000e+01	1.21070768e+01	-8.40510460e+06	-3.27141334e+05	1.00000000e-09	1.27813589e-02	1.00000000e-10	1.27813589e-03	-1.23321356e+03	4.25514851e-04
1.45000000e+01	1.21911538e+01	-8.37830201e+06	-3.26098130e+05	5.55647340e+03	1.00000000e-09	5.55647340e+02	1.00000000e-10	5.36118182e+08	3.91201561e-04
1.46000000e+01	1.22752307e+01	-8.35151828e+06	-3.25055661e+05	3.42704497e+03	1.00000000e-09	3.42704497e+02	1.00000000e-10	3.30659572e+08	3.59655276e-04
1.47000000e+01	1.23593076e+01	-8.32479878e+06	-3.24015691e+05	1.00000000e-09	8.75061921e-03	1.00000000e-10	8.75061921e-04	-8.44306305e+02	3.30652866e-04
1.48000000e+01	1.24433845e+01	-8.29807928e+06	-3.22975722e+05	1.00000000e-09	1.02637020e-02	1.00000000e-10	1.02637020e-03	-9.90296604e+02	3.03989196e-04
1.49000000e+01	1.25274615e+01	-8.27135978e+06	-3.21935752e+05	5.53608253e+03	1.00000000e-09	5.53608253e+02	1.00000000e-10	5.34150761e+08	2.79475669e-04
1.50000000e+01	1.26115384e+01	-8.24465652e+06	-3.20896415e+05	4.35930129e+03	1.00000000e-09	4.35930129e+02	1.00000000e-10	4.20608633e+08	2.56938901e-04
1.51000000e+01	1.26956153e+01	-8.21801839e+06	-3.19859612e+05	1.00000000e-09	3.98800382e-03	1.00000000e-10	3.98800382e-04	-3.84783777e+02	2.36219485e-04
1.52000000e+01	1.27796922e+01	-8.19138026e+06	-3.18822810e+05	1.00000000e-09	9.13248668e-03	1.00000000e-10	9.13248668e-04	-8.81150914e+02	2.17170872e-04
1.53000000e+01	1.28637691e+01	-8.16474212e+06	-3.17786007e+05	5.34627604e+03	1.00000000e-09	5.34627604e+02	1.00000000e-10	5.15837219e+08	1.99658328e-04
1.54000000e+01	1.29478461e+01	-8.13811753e+06	-3.16749731e+05	5.29523336e+03	1.00000000e-09	5.29523336e+02	1.00000000e-10	5.10912349e+08	1.83557987e-04
1.55000000e+01	1.30319230e+01	-8.11155869e+06	-3.15716015e+05	1.00000000e-09	2.80345317e-04	1.00000000e-10	2.80345317e-05	-2.70491145e+01	1.68755969e-04
1.56000000e+01	1.31159999e+01	-8.08499984e+06	-3.14682298e+05	1.00000000e-09	8.36607517e-03	1.00000000e-10	8.36607517e-04	-8.07203445e+02	1.55147578e-04
1.57000000e+01	1.32000768e+01	-8.05844100e+06	-3.13648582e+05	4.98348497e+03	2.09480156e-04	4.98348497e+02	2.09480156e-05	4.80833182e+08	1.42636560e-04
1.58000000e+01	1.32841538e+01	-8.03189296e+06	-3.12615285e+05	6.20140764e+03	1.00000000e-09	6.20140764e+02	1.00000000e-10	5.98344876e+08	1.31134424e-04
1.59000000e+01	1.33682307e+01	-8.00541096e+06	-3.11584560e+05	1.00000000e-09	1.00000000e-09	1.00000000e-10	1.00000000e-10	0.00000000e+00	1.20559814e-04
1.60000000e+01	1.34523076e+01	-7.97892897e+06	-3.10553835e+05	1.00000000e-09	5.76619493e-03	1.00000000e-10	5.76619493e-04	-5.56353137e+02	1.10837935e-04
1.61000000e+01	1.35363845e+01	-7.95244698e+06	-3.09523109e+05	4.45024539e+03	1.00000000e-09	4.45024539e+02	1.00000000e-10	4.29383405e+08	1.01900023e-04
1.62000000e+01	1.36204614e+01	-7.92597306e+06	-3.08492698e+05	7.04380379e+03	1.00000000e-09	7.04380379e+02	1.00000000e-10	6.79623748e+08	9.36828597e-05
1.63000000e+01	1.37045384e+01	-7.89956512e+06	-3.07464855e+05	1.00000000e-09	4.09104372e-04	1.00000000e-10	4.09104372e-05	-3.94724748e+01	8.61283240e-05
1.64000000e+01	1.37886153e+01	-7.87315719e+06	-3.06437012e+05	1.00000000e-09	3.15288637e-03	1.00000000e-10	3.15288637e-04	-3.04207192e+02	7.91829819e-05
1.65000000e+01	1.38726922e+01	-7.84674925e+06	-3.05409169e+05	3.75520666e+03	6.53653489e-04	3.75520666e+02	6.53653489e-05	3.62322299e+08	7.27977085e-05
1.66000000e+01	1.39567691e+01	-7.82034671e+06	-3.04381536e+05	7.78902412e+03	1.00000000e-09	7.78902412e+02	1.00000000e-10	7.51526579e+08	6.69273402e-05
1.67000000e+01	1.40408461e+01	-7.79400981e+06	-3.03356458e+05	1.00000000e-09	1.00000000e-09	1.00000000e-10	1.00000000e-10	0.00000000e+00	6.15303552e-05
1.68000000e+01	1.41249230e+01	-7.76767291e+06	-3.02331380e+05	1.00000000e-09	8.28678336e-04	1.00000000e-10	8.28678336e-05	-7.99552079e+01	5.65685802e-05
1.69000000e+01	1.42089999e+01	-7.74133600e+06	-3.01306302e+05	2.91466848e+03	1.05982001e-03	2.91466848e+02	1.05982001e-04	2.81222654e+08	5.20069201e-05
1.70000000e+01	1.42930768e+01	-7.71500192e+06	-3.00281334e+05	8.40587549e+03	3.27233326e-05	8.40587549e+02	3.27233326e-06	8.11043686e+08	4.78131098e-05
1.71000000e+01	1.43771537e+01	-7.68873288e+06	-2.99258896e+05	1.00000000e-09	1.00000000e-09	1.00000000e-10	1.00000000e-10	0.00000000e+00	4.39574862e-05
1.72000000e+01	1.44612307e+01	-7.66246383e+06	-2.98236459e+05	1.00000000e-09	1.00000000e-09	1.00000000e-10	1.00000000e-10	0.00000000e+00	4.04127779e-05
1.73000000e+01	1.45453076e+01	-7.63619478e+06	-2.97214022e+05	1.95126723e+03	1.00000000e-09	1.95126723e+02	1.00000000e-10	1.88268666e+08	3.71539131e-05
1.74000000e+01	1.46293845e+01	-7.60992610e+06	-2.96191599e+05	8.86672457e+03	7.35451606e-04	8.86672457e+02	7.35451606e-05	8.55508794e+08	3.41578414e-05
1.75000000e+01	1.47134614e+01	-7.58372162e+06	-2.95171675e+05	1.00000000e-09	7.26411006e-04	1.00000000e-10	7.26411006e-05	-7.00879107e+01	3.14033713e-05
1.76000000e+01	1.47975384e+01	-7.55751742e+06	-2.94151762e+05	1.00000000e-09	2.63812585e-04	1.00000000e-10	2.63812585e-05	-2.54539484e+01	2.88710202e-05
1.77000000e+01	1.48816153e+01	-7.53131322e+06	-2.93131849e+05	8.93045279e+02	6.80851294e-08	8.93045279e+01	6.80851294e-09	8.61657703e+07	2.65428765e-05
1.78000000e+01	1.49656922e+01	-7.50510901e+06	-2.92111935e+05	9.13187235e+03	1.32959762e-08	9.13187235e+02	1.32959762e-09	8.81091737e+08	2.44024731e-05
1.79000000e+01	1.50497691e+01	-7.47896795e+06	-2.91094480e+05	1.00000000e-09	4.86758479e-05	1.00000000e-10	4.86758479e-06	-4.69640887e+00	2.24346707e-05
1.80000000e+01	1.51338460e+01	-7.45282944e+06	-2.90077123e+05	1.00000000e-09	4.16581092e-05	1.00000000e-10	4.16581092e-06	-4.01930001e+00	2.06255509e-05
1.81000000e+01	1.52179230e+01	-7.42669093e+06	-2.89059767e+05	1.00000000e-09	1.00000000e-09	1.00000000e-10	1.00000000e-10	0.00000000e+00	1.89623175e-05
1.82000000e+01	1.53019999e+01	-7.40055242e+06	-2.88042410e+05	9.20507505e+03	1.00000000e-09	9.20507505e+02	1.00000000e-10	8.88154724e+08	1.74332063e-05
1.83000000e+01	1.53860768e+01	-7.37447582e+06	-2.87027464e+05	4.61576188e+02	9.92744311e-06	4.61576188e+01	9.92744311e-07	4.45353308e+07	1.60274019e-05
1.84000000e+01	1.54701537e+01	-7.34840384e+06	-2.86012697e+05	1.00000000e-09	3.96961790e-05	1.00000000e-10	3.96961790e-06	-3.83000253e+00	1.47349607e-05
1.85000000e+01	1.55542307e+01	-7.32233186e+06	-2.84997930e+05	1.00000000e-09	1.00000000e-09	1.00000000e-10	1.00000000e-10	0.00000000e+00	1.35467414e-05
1.86000000e+01	1.56383076e+01	-7.29625988e+06	-2.83983163e+05	9.07636280e+03	1.00000000e-09	9.07636280e+02	1.00000000e-10	8.75735879e+08	1.24543394e-05
1.87000000e+01	1.57223845e+01	-7.27024844e+06	-2.82970752e+05	1.61049207e+03	1.00000000e-09	1.61049207e+02	1.00000000e-10	1.55388863e+08	1.14500281e-05
1.88000000e+01	1.58064614e+01	-7.24424346e+06	-2.81958593e+05	1.00000000e-09	5.54588730e-05	1.00000000e-10	5.54588730e-06	-5.35087129e+00	1.05267039e-05
1.89000000e+01	1.58905384e+01	-7.21823848e+06	-2.80946434e+05	1.00000000e-09	2.31194326e-05	1.00000000e-10	2.31194326e-06	-2.23058965e+00	9.67783615e-06
1.90000000e+01	1.59746153e+01	-7.19223349e+06	-2.79934274e+05	8.74288740e+03	1.58078978e-06	8.74288740e+02	1.58078978e-07	8.43560395e+08	8.89742061e-06
1.91000000e+01	1.60586922e+01	-7.16628757e+06	-2.78924414e+05	2.72608102e+03	6.87665900e-08	2.72608102e+02	6.87665900e-09	2.63026833e+08	8.17993736e-06
1.92000000e+01	1.61427691e+01	-7.14034970e+06	-2.77914867e+05	1.00000000e-09	1.00000000e-09	1.00000000e-10	1.00000000e-10	0.00000000e+00	7.52031158e-06
1.93000000e+01	1.62268460e+01	-7.11441183e+06	-2.76905320e+05	1.00000000e-09	1.00000000e-09	1.00000000e-10	1.00000000e-10	0.00000000e+00	6.91387767e-06
1.94000000e+01	1.63109230e+01	-7.08847396e+06	-2.75895772e+05	8.20936390e+03	8.04347721e-08	8.20936390e+02	8.04347721e-09	7.92083202e+08	6.35634627e-06
1.95000000e+01	1.63949999e+01	-7.06259361e+06	-2.74888464e+05	3.76847845e+03	3.33775265e-08	3.76847845e+02	3.33775265e-09	3.63602895e+08	5.84377390e-06
1.96000000e+01	1.64790768e+01	-7.03672265e+06	-2.73881521e+05	1.00000000e-09	1.00000000e-09	1.00000000e-10	1.00000000e-10	0.00000000e+00	5.37253509e-06
1.97000000e+01	1.65631537e+01	-7.01085168e+06	-2.72874578e+05	1.00000000e-09	1.00000000e-09	1.00000000e-10	1.00000000e-10	0.00000000e+00	4.93929673e-06
1.98000000e+01	1.66472307e+01	-6.98498072e+06	-2.71867635e+05	7.48823577e+03	4.07724811e-08	7.48823577e+02	4.07724811e-09	7.22504915e+08	4.54099448e-06
1.99000000e+01	1.67313076e+01	-6.95916571e+06	-2.70862870e+05	4.69905282e+03	2.41007577e-08	4.69905282e+02	2.41007577e-09	4.53389672e+08	4.17481111e-06
2.00000000e+01	1.68153845e+01	-6.93336105e+06	-2.69858507e+05	1.00000000e-09	1.00000000e-09	1.00000000e-10	1.00000000e-10	0.00000000e+00	3.83815657e-06
2.01000000e+01	1.68994614e+01	-6.90755639e+06	-2.68854145e+05	1.00000000e-09	1.00000000e-09	1.00000000e-10	1.00000000e-10	0.00000000e+00	3.52864967e-06
2.02000000e+01	1.69835383e+01	-6.88175172e+06	-2.67849782e+05	6.59827577e+03	2.59305737e-08	6.59827577e+02	2.59305737e-09	6.36636829e+08	3.24410125e-06
2.03000000e+01	1.70676153e+01	-6.85600146e+06	-2.66847537e+05	5.48170496e+03	1.98216910e-08	5.48170496e+02	1.98216910e-09	5.28904123e+08	2.98249865e-06
2.04000000e+01	1.71516922e+01	-6.83026226e+06	-2.65845723e+05	1.00000000e-09	1.00000000e-09	1.00000000e-10	1.00000000e-10	0.00000000e+00	2.74199155e-06
2.05000000e+01	1.72357691e+01	-6.80452306e+06	-2.64843908e+05	1.00000000e-09	1.00000000e-09	1.00000000e-10	1.00000000e-10	0.00000000e+00	2.52087882e-06
2.06000000e+01	1.73198460e+01	-6.77878386e+06	-2.63842093e+05	5.56679028e+03	1.80848768e-08	5.56679028e+02	1.80848768e-09	5.37113609e+08	2.31759650e-06
2.07000000e+01	1.74039230e+01	-6.75309757e+06	-2.62842338e+05	6.08468807e+03	1.73453326e-08	6.08468807e+02	1.73453326e-09	5.87083149e+08	2.13070675e-06
2.08000000e+01	1.74879999e+01	-6.72742280e+06	-2.61843031e+05	1.00000000e-09	1.00000000e-09	1.00000000e-10	1.00000000e-10	0.00000000e+00	1.95888770e-06
2.09000000e+01	1.75720768e+01	-6.70174804e+06	-2.60843725e+05	1.00000000e-09	1.00000000e-09	1.00000000e-10	1.00000000e-10	0.00000000e+00	1.80092404e-06
2.10000000e+01	1.76561537e+01	-6.67607327e+06	-2.59844418e+05	4.42753723e+03	1.31401504e-08	4.42753723e+02	1.31401504e-09	4.27192401e+08	1.65569849e-06
2.11000000e+01	1.77402306e+01	-6.65045003e+06	-2.58847117e+05	6.48204885e+03	1.57110478e-08	6.48204885e+02	1.57110478e-09	6.25422636e+08	1.52218384e-06
2.12000000e+01	1.78243076e+01	-6.62483855e+06	-2.57850273e+05	1.00000000e-09	1.00000000e-09	1.00000000e-10	1.00000000e-10	0.00000000e+00	1.39943575e-06
2.13000000e+01	1.79083845e+01	-6.59922707e+06	-2.56853430e+05	1.00000000e-09	1.00000000e-09	1.00000000e-10	1.00000000e-10	0.00000000e+00	1.28658600e-06
2.14000000e+01	1.79924614e+01	-6.57361559e+06	-2.55856587e+05	3.21964152e+03	9.63392314e-09	3.21964152e+02	9.63392314e-10	3.10648182e+08	1.18283639e-06
2.15000000e+01	1.80765383e+01	-6.54805439e+06	-2.54861700e+05	6.65489018e+03	1.45185375e-08	6.65489018e+02	1.45185375e-09	6.42099289e+08	1.08745310e-06
2.16000000e+01	1.81606153e+01	-6.52250498e+06	-2.53867272e+05	1.00000000e-09	1.00000000e-09	1.00000000e-10	1.00000000e-10	0.00000000e+00	9.99761460e-07
2.17000000e+01	1.82446922e+01	-6.49695558e+06	-2.52872845e+05	1.00000000e-09	1.00000000e-09	1.00000000e-10	1.00000000e-10	0.00000000e+00	9.19141229e-07
2.18000000e+01	1.83287691e+01	-6.47140617e+06	-2.51878418e+05	1.98623867e+03	6.88982426e-09	1.98623867e+02	6.88982426e-10	1.91642898e+08	8.45022171e-07
2.19000000e+01	1.84128460e+01	-6.44590595e+06	-2.50885905e+05	6.59239198e+03	1.35518990e-08	6.59239198e+02	1.35518990e-09	6.36069130e+08	7.76880034e-07
2.20000000e+01	1.84969229e+01	-6.42041741e+06	-2.49893846e+05	1.00000000e-09	1.00000000e-09	1.00000000e-10	1.00000000e-10	0.00000000e+00	7.14232843e-07
2.21000000e+01	1.85809999e+01	-6.39492886e+06	-2.48901787e+05	1.00000000e-09	1.00000000e-09	1.00000000e-10	1.00000000e-10	0.00000000e+00	6.56637488e-07
2.22000000e+01	1.86650768e+01	-6.36944031e+06	-2.47909728e+05	7.72894058e+02	4.49775428e-09	7.72894058e+01	4.49775428e-10	7.45729399e+07	6.03686592e-07
2.23000000e+01	1.87491537e+01	-6.34400005e+06	-2.46919549e+05	6.29253533e+03	1.28747740e-08	6.29253533e+02	1.28747740e-09	6.07137361e+08	5.55005627e-07
2.24000000e+01	1.88332306e+01	-6.31857120e+06	-2.45929814e+05	1.00000000e-09	1.00000000e-09	1.00000000e-10	1.00000000e-10	0.00000000e+00	5.10250270e-07
2.25000000e+01	1.89173076e+01	-6.29314235e+06	-2.44940079e+05	1.00000000e-09	1.00000000e-09	1.00000000e-10	1.00000000e-10	0.00000000e+00	4.69103960e-07
2.26000000e+01	1.90013845e+01	-6.26771350e+06	-2.43950343e+05	1.00000000e-09	1.97444630e-09	1.00000000e-10	1.97444630e-10	-9.40197752e-05	4.31275667e-07
2.27000000e+01	1.90854614e+01	-6.24233226e+06	-2.42962461e+05	5.76248494e+03	1.26082534e-08	5.76248494e+02	1.26082534e-09	5.55995273e+08	3.96497828e-07
2.28000000e+01	1.91695383e+01	-6.21696206e+06	-2.41975009e+05	8.34764778e+02	1.00000000e-09	8.34764778e+01	1.00000000e-10	8.05425569e+07	3.64524455e-07
2.29000000e+01	1.92536153e+01	-6.19159186e+06	-2.40987556e+05	1.00000000e-09	1.00000000e-09	1.00000000e-10	1.00000000e-10	0.00000000e+00	3.35129397e-07
2.30000000e+01	1.93376922e+01	-6.16622166e+06	-2.40000104e+05	1.00000000e-09	1.00000000e-09	1.00000000e-10	1.00000000e-10	0.00000000e+00	3.08104742e-07
2.31000000e+01	1.94217691e+01	-6.14089861e+06	-2.39014487e+05	5.01860798e+03	1.29052803e-08	5.01860798e+02	1.29052803e-09	4.84222058e+08	2.83259340e-07
2.32000000e+01	1.95058460e+01	-6.11558619e+06	-2.38029283e+05	1.80107429e+03	4.36357410e-09	1.80107429e+02	4.36357410e-10	1.73777251e+08	2.60417458e-07
2.33000000e+01	1.95899229e+01	-6.09027376e+06	-2.37044079e+05	1.00000000e-09	1.00000000e-09	1.00000000e-10	1.00000000e-10	0.00000000e+00	2.39417533e-07
2.34000000e+01	1.96739999e+01	-6.06496134e+06	-2.36058876e+05	1.00000000e-09	1.00000000e-09	1.00000000e-10	1.00000000e-10	0.00000000e+00	2.20111031e-07
2.35000000e+01	1.97580768e+01	-6.03969585e+06	-2.35075499e+05	4.08611227e+03	1.00000000e-09	4.08611227e+02	1.00000000e-10	3.94249900e+08	2.02361395e-07
2.36000000e+01	1.98421537e+01	-6.01444055e+06	-2.34092518e+05	2.59444939e+03	1.00000000e-09	2.59444939e+02	1.00000000e-10	2.50326311e+08	1.86043080e-07
2.37000000e+01	1.99262306e+01	-5.98918524e+06	-2.33109538e+05	1.00000000e-09	1.00000000e-09	1.00000000e-10	1.00000000e-10	0.00000000e+00	1.71040665e-07
2.38000000e+01	2.00103076e+01	-5.96392994e+06	-2.32126557e+05	1.00000000e-09	1.00000000e-09	1.00000000e-10	1.00000000e-10	0.00000000e+00	1.57248037e-07
2.39000000e+01	2.00943845e+01	-5.93872147e+06	-2.31145400e+05	2.99950748e+03	1.00000000e-09	2.99950748e+02	1.00000000e-10	2.89408476e+08	1.44567640e-07
2.40000000e+01	2.01784614e+01	-5.91352278e+06	-2.30164623e+05	3.18052343e+03	1.00000000e-09	3.18052343e+02	1.00000000e-10	3.06873860e+08	1.32909782e-07
2.41000000e+01	2.02625383e+01	-5.88832409e+06	-2.29183846e+05	1.00000000e-09	1.00000000e-09	1.00000000e-10	1.00000000e-10	0.00000000e+00	1.22192009e-07
2.42000000e+01	2.03466152e+01	-5.86312540e+06	-2.28203069e+05	1.00000000e-09	1.00000000e-09	1.00000000e-10	1.00000000e-10	0.00000000e+00	1.12338510e-07
2.43000000e+01	2.04306922e+01	-5.83797369e+06	-2.27224120e+05	1.79895983e+03	1.00000000e-09	1.79895983e+02	1.00000000e-10	1.73573236e+08	1.03279593e-07
2.44000000e+01	2.05147691e+01	-5.81283142e+06	-2.26245539e+05	3.53224468e+03	1.00000000e-09	3.53224468e+02	1.00000000e-10	3.40809801e+08	9.49511815e-08
2.45000000e+01	2.05988460e+01	-5.78768915e+06	-2.25266958e+05	1.00000000e-09	1.00000000e-09	1.00000000e-10	1.00000000e-10	0.00000000e+00	8.72943689e-08
2.46000000e+01	2.06829229e+01	-5.76254687e+06	-2.24288377e+05	1.00000000e-09	1.00000000e-09	1.00000000e-10	1.00000000e-10	0.00000000e+00	8.02549976e-08
2.47000000e+01	2.07669999e+01	-5.73745195e+06	-2.23311639e+05	5.30158953e+02	1.00000000e-09	5.30158953e+01	1.00000000e-10	5.11525627e+07	7.37832774e-08
2.48000000e+01	2.08510768e+01	-5.71236624e+06	-2.22335259e+05	3.63103425e+03	1.00000000e-09	3.63103425e+02	1.00000000e-10	3.50341546e+08	6.78334333e-08
2.49000000e+01	2.09351537e+01	-5.68728052e+06	-2.21358879e+05	1.00000000e-09	1.00000000e-09	1.00000000e-10	1.00000000e-10	0.00000000e+00	6.23633815e-08
2.50000000e+01	2.10192306e+01	-5.66219481e+06	-2.20382500e+05	1.00000000e-09	1.00000000e-09	1.00000000e-10	1.00000000e-10	0.00000000e+00	5.73344317e-08
2.51000000e+01	2.11033075e+01	-5.63715703e+06	-2.19407985e+05	1.00000000e-09	1.00000000e-09	1.00000000e-10	1.00000000e-10	0.00000000e+00	5.27110137e-08
2.52000000e+01	2.11873845e+01	-5.61212836e+06	-2.18433826e+05	3.46775971e+03	1.00000000e-09	3.46775971e+02	1.00000000e-10	3.34587947e+08	4.84604257e-08
2.53000000e+01	2.12714614e+01	-5.58709970e+06	-2.17459667e+05	1.11332006e+03	1.00000000e-09	1.11332006e+02	1.00000000e-10	1.07419056e+08	4.45526029e-08
2.54000000e+01	2.13555383e+01	-5.56207104e+06	-2.16485508e+05	1.00000000e-09	1.00000000e-09	1.00000000e-10	1.00000000e-10	0.00000000e+00	4.09599048e-08
2.55000000e+01	2.14396152e+01	-5.53709107e+06	-2.15513244e+05	1.00000000e-09	1.00000000e-09	1.00000000e-10	1.00000000e-10	0.00000000e+00	3.76569199e-08
2.56000000e+01	2.15236922e+01	-5.51212032e+06	-2.14541339e+05	3.04335106e+03	1.00000000e-09	3.04335106e+02	1.00000000e-10	2.93638737e+08	3.46202860e-08
2.57000000e+01	2.16077691e+01	-5.48714957e+06	-2.13569433e+05	2.32513559e+03	1.00000000e-09	2.32513559e+02	1.00000000e-10	2.24341479e+08	3.18285246e-08
2.58000000e+01	2.16918460e+01	-5.46217881e+06	-2.12597528e+05	1.00000000e-09	1.00000000e-09	1.00000000e-10	1.00000000e-10	0.00000000e+00	2.92618894e-08
2.59000000e+01	2.17759229e+01	-5.43725769e+06	-2.11627554e+05	1.00000000e-09	1.00000000e-09	1.00000000e-10	1.00000000e-10	0.00000000e+00	2.69022262e-08
2.60000000e+01	2.18599998e+01	-5.41234606e+06	-2.10657951e+05	2.36902738e+03	1.00000000e-09	2.36902738e+02	1.00000000e-10	2.28576394e+08	2.47328451e-08
2.61000000e+01	2.19440768e+01	-5.38743444e+06	-2.09688347e+05	3.42657742e+03	1.00000000e-09	3.42657742e+02	1.00000000e-10	3.30614461e+08	2.27384017e-08
2.62000000e+01	2.20281537e+01	-5.36252282e+06	-2.08718743e+05	1.00000000e-09	1.00000000e-09	1.00000000e-10	1.00000000e-10	0.00000000e+00	2.09047891e-08
2.63000000e+01	2.21122306e+01	-5.33766187e+06	-2.07751111e+05	1.00000000e-09	1.00000000e-09	1.00000000e-10	1.00000000e-10	0.00000000e+00	1.92190381e-08
2.64000000e+01	2.21963075e+01	-5.31281095e+06	-2.06783870e+05	1.46612037e+03	1.00000000e-09	1.46612037e+02	1.00000000e-10	1.41459111e+08	1.76692251e-08
2.65000000e+01	2.22803845e+01	-5.28796002e+06	-2.05816629e+05	4.37010951e+03	1.00000000e-09	4.37010951e+02	1.00000000e-10	4.21651467e+08	1.62443882e-08
2.66000000e+01	2.23644614e+01	-5.26310910e+06	-2.04849388e+05	1.00000000e-09	1.00000000e-09	1.00000000e-10	1.00000000e-10	0.00000000e+00	1.49344494e-08
2.67000000e+01	2.24485383e+01	-5.23830998e+06	-2.03884163e+05	1.00000000e-09	1.00000000e-09	1.00000000e-10	1.00000000e-10	0.00000000e+00	1.37301434e-08
2.68000000e+01	2.25326152e+01	-5.21352166e+06	-2.02919358e+05	3.65495452e+02	1.00000000e-09	3.65495452e+01	1.00000000e-10	3.52649500e+07	1.26229520e-08
2.69000000e+01	2.26166921e+01	-5.18873333e+06	-2.01954553e+05	5.11321342e+03	1.00000000e-09	5.11321342e+02	1.00000000e-10	4.93350096e+08	1.16050438e-08
2.70000000e+01	2.27007691e+01	-5.16394501e+06	-2.00989748e+05	1.64478408e+02	1.00000000e-09	1.64478408e+01	1.00000000e-10	1.58697538e+07	1.06692193e-08
2.71000000e+01	2.27848460e+01	-5.13920966e+06	-2.00027005e+05	1.00000000e-09	1.00000000e-09	1.00000000e-10	1.00000000e-10	0.00000000e+00	9.80885916e-09
2.72000000e+01	2.28689229e+01	-5.11448613e+06	-1.99064722e+05	1.00000000e-09	1.00000000e-09	1.00000000e-10	1.00000000e-10	0.00000000e+00	9.01787799e-09
2.73000000e+01	2.29529998e+01	-5.08976259e+06	-1.98102439e+05	5.62020060e+03	1.00000000e-09	5.62020060e+02	1.00000000e-10	5.42266921e+08	8.29068113e-09
2.74000000e+01	2.30370768e+01	-5.06503905e+06	-1.97140156e+05	1.47746539e+03	1.00000000e-09	1.47746539e+02	1.00000000e-10	1.42553739e+08	7.62212503e-09
2.75000000e+01	2.31211537e+01	-5.04036967e+06	-1.96179980e+05	1.00000000e-09	1.00000000e-09	1.00000000e-10	1.00000000e-10	0.00000000e+00	7.00748093e-09
2.76000000e+01	2.32052306e+01	-5.01571325e+06	-1.95220310e+05	1.00000000e-09	1.00000000e-09	1.00000000e-10	1.00000000e-10	0.00000000e+00	6.44240141e-09
2.77000000e+01	2.32893075e+01	-4.99105683e+06	-1.94260639e+05	5.86394304e+03	1.00000000e-09	5.86394304e+02	1.00000000e-10	5.65784492e+08	5.92288960e-09
2.78000000e+01	2.33733845e+01	-4.96640041e+06	-1.93300968e+05	2.87366883e+03	1.00000000e-09	2.87366883e+02	1.00000000e-10	2.77266891e+08	5.44527095e-09
2.79000000e+01	2.34574614e+01	-4.94179928e+06	-1.92343449e+05	1.00000000e-09	1.00000000e-09	1.00000000e-10	1.00000000e-10	0.00000000e+00	5.00616720e-09
2.80000000e+01	2.35415383e+01	-4.91721251e+06	-1.91386489e+05	1.00000000e-09	1.00000000e-09	1.00000000e-10	1.00000000e-10	0.00000000e+00	4.60247255e-09
2.81000000e+01	2.36256152e+01	-4.89262575e+06	-1.90429529e+05	5.82719436e+03	1.00000000e-09	5.82719436e+02	1.00000000e-10	5.62238783e+08	4.23133162e-09
2.82000000e+01	2.37096921e+01	-4.86803899e+06	-1.89472570e+05	4.29889955e+03	1.00000000e-09	4.29889955e+02	1.00000000e-10	4.14780751e+08	3.89011930e-09
2.83000000e+01	2.37937691e+01	-4.84350855e+06	-1.88517802e+05	1.00000000e-09	1.00000000e-09	1.00000000e-10	1.00000000e-10	0.00000000e+00	3.57642216e-09
2.84000000e+01	2.38778460e+01	-4.81899414e+06	-1.87563659e+05	1.00000000e-09	1.00000000e-09	1.00000000e-10	1.00000000e-10	0.00000000e+00	3.28802138e-09
2.85000000e+01	2.39619229e+01	-4.79447973e+06	-1.86609515e+05	5.50341448e+03	1.00000000e-09	5.50341448e+02	1.00000000e-10	5.30998774e+08	3.02287709e-09
2.86000000e+01	2.40459998e+01	-4.76996532e+06	-1.85655371e+05	5.69647096e+03	1.00000000e-09	5.69647096e+02	1.00000000e-10	5.49625893e+08	2.77911390e-09
2.87000000e+01	2.41300768e+01	-4.74550816e+06	-1.84703456e+05	1.00000000e-09	1.00000000e-09	1.00000000e-10	1.00000000e-10	0.00000000e+00	2.55500764e-09
2.88000000e+01	2.42141537e+01	-4.72106889e+06	-1.83752237e+05	1.00000000e-09	1.00000000e-09	1.00000000e-10	1.00000000e-10	0.00000000e+00	2.34897319e-09
2.89000000e+01	2.42982306e+01	-4.69662963e+06	-1.82801019e+05	4.89734615e+03	1.00000000e-09	4.89734615e+02	1.00000000e-10	4.72522070e+08	2.15955324e-09
2.90000000e+01	2.43823075e+01	-4.67219037e+06	-1.81849800e+05	7.00938375e+03	1.00000000e-09	7.00938375e+02	1.00000000e-10	6.76302720e+08	1.98540802e-09
2.91000000e+01	2.44663844e+01	-4.64780910e+06	-1.80900838e+05	1.00000000e-09	1.00000000e-09	1.00000000e-10	1.00000000e-10	0.00000000e+00	1.82530578e-09
2.92000000e+01	2.45504614e+01	-4.62344783e+06	-1.79952655e+05	1.00000000e-09	1.00000000e-09	1.00000000e-10	1.00000000e-10	0.00000000e+00	1.67811410e-09
2.93000000e+01	2.46345383e+01	-4.59908655e+06	-1.79004472e+05	4.02517097e+03	1.00000000e-09	4.02517097e+02	1.00000000e-10	3.88369958e+08	1.54279187e-09
2.94000000e+01	2.47186152e+01	-4.57472527e+06	-1.78056288e+05	8.18259491e+03	1.00000000e-09	8.18259491e+02	1.00000000e-10	7.89500387e+08	1.41838196e-09
2.95000000e+01	2.48026921e+01	-4.55042255e+06	-1.77110384e+05	1.00000000e-09	1.00000000e-09	1.00000000e-10	1.00000000e-10	0.00000000e+00	1.30400439e-09
2.96000000e+01	2.48867691e+01	-4.52614207e+06	-1.76165345e+05	1.00000000e-09	1.00000000e-09	1.00000000e-10	1.00000000e-10	0.00000000e+00	1.19885018e-09
2.97000000e+01	2.49708460e+01	-4.50186159e+06	-1.75220307e+05	2.91422168e+03	1.00000000e-09	2.91422168e+02	1.00000000e-10	2.81179647e+08	1.10217554e-09
2.98000000e+01	2.50549229e+01	-4.47758112e+06	-1.74275268e+05	9.16528993e+03	1.00000000e-09	9.16528993e+02	1.00000000e-10	8.84316043e+08	1.01329669e-09
2.99000000e+01	2.51389998e+01	-4.45335951e+06	-1.73332521e+05	1.00000000e-09	1.00000000e-09	1.00000000e-10	1.00000000e-10	0.00000000e+00	9.31584987e-10
3.00000000e+01	2.52230767e+01	-4.42916256e+06	-1.72390733e+05	1.00000000e-09	1.00000000e-09	1.00000000e-10	1.00000000e-10	0.00000000e+00	8.56462471e-10
3.01000000e+01	2.53071537e+01	-4.40496561e+06	-1.71448946e+05	1.60223848e+03	1.00000000e-09	1.60223848e+02	1.00000000e-10	1.54592511e+08	7.87397794e-10
3.02000000e+01	2.53912306e+01	-4.38076866e+06	-1.70507159e+05	9.91307238e+03	1.00000000e-09	9.91307238e+02	1.00000000e-10	9.56466081e+08	7.23902457e-10
3.03000000e+01	2.54753075e+01	-4.35663065e+06	-1.69567665e+05	1.00000000e-09	1.00000000e-09	1.00000000e-10	1.00000000e-10	0.00000000e+00	6.65527349e-10
3.04000000e+01	2.55593844e+01	-4.33251981e+06	-1.68629229e+05	1.00000000e-09	1.00000000e-09	1.00000000e-10	1.00000000e-10	0.00000000e+00	6.11859579e-10
3.05000000e+01	2.56434614e+01	-4.30840898e+06	-1.67690793e+05	1.36181178e+02	1.00000000e-09	1.36181178e+01	1.00000000e-10	1.31394862e+07	5.62519549e-10
3.06000000e+01	2.57275383e+01	-4.28429814e+06	-1.66752358e+05	1.03899853e+04	1.00000000e-09	1.03899853e+03	1.00000000e-10	1.00248119e+09	5.17158273e-10
3.07000000e+01	2.58116152e+01	-4.26024603e+06	-1.65816208e+05	2.82517503e+02	1.00000000e-09	2.82517503e+01	1.00000000e-10	2.72587951e+07	4.75454906e-10
3.08000000e+01	2.58956921e+01	-4.23622369e+06	-1.64881216e+05	1.00000000e-09	1.00000000e-09	1.00000000e-10	1.00000000e-10	0.00000000e+00	4.37114476e-10
3.09000000e+01	2.59797690e+01	-4.21220134e+06	-1.63946224e+05	1.00000000e-09	1.00000000e-09	1.00000000e-10	1.00000000e-10	0.00000000e+00	4.01865798e-10
3.10000000e+01	2.60638460e+01	-4.18817899e+06	-1.63011233e+05	1.05702765e+04	1.00000000e-09	1.05702765e+03	1.00000000e-10	1.01987664e+09	3.69459555e-10
3.11000000e+01	2.61479229e+01	-4.16421488e+06	-1.62078508e+05	1.87854906e+03	1.00000000e-09	1.87854906e+02	1.00000000e-10	1.81252430e+08	3.39666533e-10
3.12000000e+01	2.62319998e+01	-4.14028314e+06	-1.61147043e+05	1.00000000e-09	1.00000000e-09	1.00000000e-10	1.00000000e-10	0.00000000e+00	3.12276006e-10
3.13000000e+01	2.63160767e+01	-4.11635141e+06	-1.60215578e+05	1.00000000e-09	1.00000000e-09	1.00000000e-10	1.00000000e-10	0.00000000e+00	2.87094235e-10
3.14000000e+01	2.64001537e+01	-4.09241967e+06	-1.59284113e+05	1.04398228e+04	1.00000000e-09	1.04398228e+03	1.00000000e-10	1.00728977e+09	2.63943109e-10
3.15000000e+01	2.64842306e+01	-4.06854528e+06	-1.58354880e+05	3.48540329e+03	1.00000000e-09	3.48540329e+02	1.00000000e-10	3.36290294e+08	2.42658878e-10
3.16000000e+01	2.65683075e+01	-4.04470586e+06	-1.57427008e+05	1.00000000e-09	1.00000000e-09	1.00000000e-10	1.00000000e-10	0.00000000e+00	2.23090996e-10
3.17000000e+01	2.66523844e+01	-4.02086643e+06	-1.56499136e+05	1.00000000e-09	1.00000000e-09	1.00000000e-10	1.00000000e-10	0.00000000e+00	2.05101057e-10
3.18000000e+01	2.67364614e+01	-3.99702701e+06	-1.55571264e+05	9.99687090e+03	1.00000000e-09	9.99687090e+02	1.00000000e-10	9.64551409e+08	1.88561817e-10
3.19000000e+01	2.68205383e+01	-3.97324378e+06	-1.54645579e+05	5.03870968e+03	1.00000000e-09	5.03870968e+02	1.00000000e-10	4.86161576e+08	1.73356293e-10
3.20000000e+01	2.69046152e+01	-3.94949804e+06	-1.53721354e+05	1.00000000e-09	1.00000000e-09	1.00000000e-10	1.00000000e-10	0.00000000e+00	1.59376934e-10
3.21000000e+01	2.69886921e+01	-3.92575230e+06	-1.52797128e+05	1.00000000e-09	1.00000000e-09	1.00000000e-10	1.00000000e-10	0.00000000e+00	1.46524863e-10
3.22000000e+01	2.70727690e+01	-3.90200657e+06	-1.51872903e+05	9.25287756e+03	1.00000000e-09	9.25287756e+02	1.00000000e-10	8.92766965e+08	1.34709176e-10
3.23000000e+01	2.71568460e+01	-3.87831562e+06	-1.50950809e+05	6.47470544e+03	1.00000000e-09	6.47470544e+02	1.00000000e-10	6.24714105e+08	1.23846300e-10
3.24000000e+01	2.72409229e+01	-3.85466458e+06	-1.50030270e+05	1.00000000e-09	1.00000000e-09	1.00000000e-10	1.00000000e-10	0.00000000e+00	1.13859401e-10
3.25000000e+01	2.73249998e+01	-3.83101353e+06	-1.49109730e+05	1.00000000e-09	1.00000000e-09	1.00000000e-10	1.00000000e-10	0.00000000e+00	1.04677839e-10
3.26000000e+01	2.74090767e+01	-3.80736249e+06	-1.48189190e+05	8.23249167e+03	1.00000000e-09	8.23249167e+02	1.00000000e-10	7.94314693e+08	9.62366743e-11
3.27000000e+01	2.74931537e+01	-3.78376459e+06	-1.47270719e+05	7.73306155e+03	1.00000000e-09	7.73306155e+02	1.00000000e-10	7.46127012e+08	8.84762003e-11
3.28000000e+01	2.75772306e+01	-3.76020887e+06	-1.46353889e+05	1.00000000e-09	1.00000000e-09	1.00000000e-10	1.00000000e-10	0.00000000e+00	8.13415267e-11
3.29000000e+01	2.76613075e+01	-3.73665316e+06	-1.45437059e+05	1.00000000e-09	1.00000000e-09	1.00000000e-10	1.00000000e-10	0.00000000e+00	7.47821894e-11
3.30000000e+01	2.77453844e+01	-3.71309744e+06	-1.44520230e+05	6.97295305e+03	1.00000000e-09	6.97295305e+02	1.00000000e-10	6.72787691e+08	6.87517936e-11
3.31000000e+01	2.78294613e+01	-3.68959300e+06	-1.43605396e+05	8.75969701e+03	1.00000000e-09	8.75969701e+02	1.00000000e-10	8.45182275e+08	6.32076857e-11
3.32000000e+01	2.79135383e+01	-3.66613284e+06	-1.42692286e+05	1.00000000e-09	1.00000000e-09	1.00000000e-10	1.00000000e-10	0.00000000e+00	5.81106517e-11
3.33000000e+01	2.79976152e+01	-3.64267268e+06	-1.41779175e+05	1.00000000e-09	1.00000000e-09	1.00000000e-10	1.00000000e-10	0.00000000e+00	5.34246397e-11
3.34000000e+01	2.80816921e+01	-3.61921252e+06	-1.40866065e+05	5.52289187e+03	1.00000000e-09	5.52289187e+02	1.00000000e-10	5.32878057e+08	4.91165053e-11
3.35000000e+01	2.81657690e+01	-3.59580158e+06	-1.39954870e+05	9.50944827e+03	1.00000000e-09	9.50944827e+02	1.00000000e-10	9.17522274e+08	4.51557765e-11
3.36000000e+01	2.82498460e+01	-3.57243681e+06	-1.39045473e+05	1.00000000e-09	1.00000000e-09	1.00000000e-10	1.00000000e-10	0.00000000e+00	4.15144388e-11
3.37000000e+01	2.83339229e+01	-3.54907205e+06	-1.38136075e+05	1.00000000e-09	1.00000000e-09	1.00000000e-10	1.00000000e-10	0.00000000e+00	3.81667366e-11
3.38000000e+01	2.84179998e+01	-3.52570728e+06	-1.37226678e+05	3.94054019e+03	1.00000000e-09	3.94054019e+02	1.00000000e-10	3.80204329e+08	3.50889914e-11
3.39000000e+01	2.85020767e+01	-3.50238953e+06	-1.36319111e+05	9.94845507e+03	1.00000000e-09	9.94845507e+02	1.00000000e-10	9.59879992e+08	3.22594338e-11
3.40000000e+01	2.85861536e+01	-3.47911961e+06	-1.35413404e+05	1.00000000e-09	1.00000000e-09	1.00000000e-10	1.00000000e-10	0.00000000e+00	2.96580503e-11
3.41000000e+01	2.86702306e+01	-3.45584968e+06	-1.34507698e+05	1.00000000e-09	1.00000000e-09	1.00000000e-10	1.00000000e-10	0.00000000e+00	2.72664410e-11
3.42000000e+01	2.87543075e+01	-3.43257975e+06	-1.33601992e+05	2.29140702e+03	1.00000000e-09	2.29140702e+02	1.00000000e-10	2.21087167e+08	2.50676897e-11
3.43000000e+01	2.88383844e+01	-3.40935453e+06	-1.32698026e+05	1.00561262e+04	1.00000000e-09	1.00561262e+03	1.00000000e-10	9.70268678e+08	2.30462446e-11
3.44000000e+01	2.89224613e+01	-3.38617852e+06	-1.31795975e+05	1.00000000e-09	1.00000000e-09	1.00000000e-10	1.00000000e-10	0.00000000e+00	2.11878078e-11
3.45000000e+01	2.90065383e+01	-3.36300250e+06	-1.30893924e+05	1.00000000e-09	1.00000000e-09	1.00000000e-10	1.00000000e-10	0.00000000e+00	1.94792342e-11
3.46000000e+01	2.90906152e+01	-3.33982649e+06	-1.29991873e+05	6.45486819e+02	1.00000000e-09	6.45486819e+01	1.00000000e-10	6.22800102e+07	1.79084392e-11
3.47000000e+01	2.91746921e+01	-3.31669280e+06	-1.29091470e+05	9.82655759e+03	1.00000000e-09	9.82655759e+02	1.00000000e-10	9.48118673e+08	1.64643122e-11
3.48000000e+01	2.92587690e+01	-3.29360942e+06	-1.28193024e+05	1.00000000e-09	1.00000000e-09	1.00000000e-10	1.00000000e-10	0.00000000e+00	1.51366389e-11
3.49000000e+01	2.93428459e+01	-3.27052605e+06	-1.27294579e+05	1.00000000e-09	1.00000000e-09	1.00000000e-10	1.00000000e-10	0.00000000e+00	1.39160284e-11
3.50000000e+01	2.94269229e+01	-3.24744268e+06	-1.26396134e+05	1.00000000e-09	1.00000000e-09	1.00000000e-10	1.00000000e-10	0.00000000e+00	1.27938473e-11
3.51000000e+01	2.95109998e+01	-3.22439922e+06	-1.25499242e+05	9.26929627e+03	1.00000000e-09	9.26929627e+02	1.00000000e-10	8.94351129e+08	1.17621583e-11
3.52000000e+01	2.95950767e+01	-3.20140680e+06	-1.24604337e+05	1.33562510e+03	1.00000000e-09	1.33562510e+02	1.00000000e-10	1.28868231e+08	1.08136641e-11
3.53000000e+01	2.96791536e+01	-3.17841438e+06	-1.23709432e+05	1.00000000e-09	1.00000000e-09	1.00000000e-10	1.00000000e-10	0.00000000e+00	9.94165601e-12
3.54000000e+01	2.97632306e+01	-3.15542196e+06	-1.22814527e+05	1.00000000e-09	1.00000000e-09	1.00000000e-10	1.00000000e-10	0.00000000e+00	9.13996618e-12
3.55000000e+01	2.98473075e+01	-3.13246705e+06	-1.21921082e+05	8.40907009e+03	1.00000000e-09	8.40907009e+02	1.00000000e-10	8.11351920e+08	8.40292419e-12
3.56000000e+01	2.99313844e+01	-3.10956363e+06	-1.21029641e+05	2.66720785e+03	1.00000000e-09	2.66720785e+02	1.00000000e-10	2.57346435e+08	7.72531687e-12
3.57000000e+01	3.00154613e+01	-3.08666022e+06	-1.20138200e+05	1.00000000e-09	1.00000000e-09	1.00000000e-10	1.00000000e-10	0.00000000e+00	7.10235144e-12
3.58000000e+01	3.00995383e+01	-3.06375680e+06	-1.19246759e+05	1.00000000e-09	1.00000000e-09	1.00000000e-10	1.00000000e-10	0.00000000e+00	6.52962161e-12
3.59000000e+01	3.01836152e+01	-3.04088856e+06	-1.18356687e+05	7.28537719e+03	1.00000000e-09	7.28537719e+02	1.00000000e-10	7.02932038e+08	6.00307641e-12
3.60000000e+01	3.02676921e+01	-3.01807200e+06	-1.17468627e+05	3.76447938e+03	1.00000000e-09	3.76447938e+02	1.00000000e-10	3.63217043e+08	5.51899153e-12
3.61000000e+01	3.03517690e+01	-2.99525544e+06	-1.16580567e+05	1.00000000e-09	1.00000000e-09	1.00000000e-10	1.00000000e-10	0.00000000e+00	5.07394300e-12
3.62000000e+01	3.04358459e+01	-2.97243888e+06	-1.15692507e+05	1.00000000e-09	1.00000000e-09	1.00000000e-10	1.00000000e-10	0.00000000e+00	4.66478295e-12
3.63000000e+01	3.05199229e+01	-2.94965524e+06	-1.14805728e+05	5.95096010e+03	1.00000000e-09	5.95096010e+02	1.00000000e-10	5.74180361e+08	4.28861734e-12
3.64000000e+01	3.06039998e+01	-2.92692324e+06	-1.13920959e+05	4.57730206e+03	1.00000000e-09	4.57730206e+02	1.00000000e-10	4.41642510e+08	3.94278553e-12
3.65000000e+01	3.06880767e+01	-2.90419124e+06	-1.13036189e+05	1.00000000e-09	1.00000000e-09	1.00000000e-10	1.00000000e-10	0.00000000e+00	3.62484141e-12
3.66000000e+01	3.07721536e+01	-2.88145924e+06	-1.12151420e+05	1.00000000e-09	1.00000000e-09	1.00000000e-10	1.00000000e-10	0.00000000e+00	3.33253613e-12
3.67000000e+01	3.08562306e+01	-2.85875805e+06	-1.11267850e+05	4.46953201e+03	1.00000000e-09	4.46953201e+02	1.00000000e-10	4.31244281e+08	3.06380220e-12
3.68000000e+01	3.09403075e+01	-2.83610822e+06	-1.10386279e+05	5.06851047e+03	1.00000000e-09	5.06851047e+02	1.00000000e-10	4.89036916e+08	2.81673882e-12
3.69000000e+01	3.10243844e+01	-2.81345839e+06	-1.09504709e+05	1.00000000e-09	1.00000000e-09	1.00000000e-10	1.00000000e-10	0.00000000e+00	2.58959851e-12
3.70000000e+01	3.11084613e+01	-2.79080857e+06	-1.08623138e+05	1.00000000e-09	1.00000000e-09	1.00000000e-10	1.00000000e-10	0.00000000e+00	2.38077467e-12
3.71000000e+01	3.11925382e+01	-2.76818759e+06	-1.07742690e+05	2.91284361e+03	1.00000000e-09	2.91284361e+02	1.00000000e-10	2.81046683e+08	2.18879027e-12
3.72000000e+01	3.12766152e+01	-2.74561753e+06	-1.06864224e+05	5.21612304e+03	1.00000000e-09	5.21612304e+02	1.00000000e-10	5.03279364e+08	2.01228739e-12
3.73000000e+01	3.13606921e+01	-2.72304747e+06	-1.05985758e+05	1.00000000e-09	1.00000000e-09	1.00000000e-10	1.00000000e-10	0.00000000e+00	1.85001761e-12
3.74000000e+01	3.14447690e+01	-2.70047740e+06	-1.05107291e+05	1.00000000e-09	1.00000000e-09	1.00000000e-10	1.00000000e-10	0.00000000e+00	1.70083318e-12
3.75000000e+01	3.15288459e+01	-2.67793443e+06	-1.04229880e+05	1.35723027e+03	1.00000000e-09	1.35723027e+02	1.00000000e-10	1.30952813e+08	1.56367890e-12
3.76000000e+01	3.16129229e+01	-2.65544175e+06	-1.03354425e+05	5.01482672e+03	1.00000000e-09	5.01482672e+02	1.00000000e-10	4.83857221e+08	1.43758467e-12
3.77000000e+01	3.16969998e+01	-2.63294907e+06	-1.02478971e+05	1.00000000e-09	1.00000000e-09	1.00000000e-10	1.00000000e-10	0.00000000e+00	1.32165861e-12
3.78000000e+01	3.17810767e+01	-2.61045639e+06	-1.01603517e+05	1.00000000e-09	1.00000000e-09	1.00000000e-10	1.00000000e-10	0.00000000e+00	1.21508076e-12
3.79000000e+01	3.18651536e+01	-2.58798926e+06	-1.00729057e+05	1.00000000e-09	1.00000000e-09	1.00000000e-10	1.00000000e-10	0.00000000e+00	1.11709730e-12
3.80000000e+01	3.19492305e+01	-2.56557167e+06	-9.98565252e+04	4.47662002e+03	1.00000000e-09	4.47662002e+02	1.00000000e-10	4.31928169e+08	1.02701517e-12
3.81000000e+01	3.20333075e+01	-2.54315409e+06	-9.89839937e+04	6.33254823e+02	1.00000000e-09	6.33254823e+01	1.00000000e-10	6.10998019e+07	9.44197214e-13
3.82000000e+01	3.21173844e+01	-2.52073651e+06	-9.81114623e+04	1.00000000e-09	1.00000000e-09	1.00000000e-10	1.00000000e-10	0.00000000e+00	8.68057654e-13
3.83000000e+01	3.22014613e+01	-2.49834316e+06	-9.72398743e+04	1.00000000e-09	1.00000000e-09	1.00000000e-10	1.00000000e-10	0.00000000e+00	7.98057949e-13
3.84000000e+01	3.22855382e+01	-2.47599854e+06	-9.63701825e+04	3.63054608e+03	1.00000000e-09	3.63054608e+02	1.00000000e-10	3.50294445e+08	7.33702982e-13
3.85000000e+01	3.23696152e+01	-2.45365392e+06	-9.55004908e+04	1.86294256e+03	1.00000000e-09	1.86294256e+02	1.00000000e-10	1.79746632e+08	6.74537565e-13
3.86000000e+01	3.24536921e+01	-2.43130929e+06	-9.46307991e+04	1.00000000e-09	1.00000000e-09	1.00000000e-10	1.00000000e-10	0.00000000e+00	6.20143216e-13
3.87000000e+01	3.25377690e+01	-2.40898784e+06	-9.37620092e+04	1.00000000e-09	1.00000000e-09	1.00000000e-10	1.00000000e-10	0.00000000e+00	5.70135198e-13
3.88000000e+01	3.26218459e+01	-2.38671424e+06	-9.28950817e+04	2.52149952e+03	1.00000000e-09	2.52149952e+02	1.00000000e-10	2.43287718e+08	5.24159800e-13
3.89000000e+01	3.27059228e+01	-2.36444063e+06	-9.20281542e+04	2.84264227e+03	1.00000000e-09	2.84264227e+02	1.00000000e-10	2.74273284e+08	4.81891834e-13
3.90000000e+01	3.27899998e+01	-2.34216703e+06	-9.11612268e+04	1.00000000e-09	1.00000000e-09	1.00000000e-10	1.00000000e-10	0.00000000e+00	4.43032333e-13
3.91000000e+01	3.28740767e+01	-2.31991566e+06	-9.02951646e+04	1.00000000e-09	1.00000000e-09	1.00000000e-10	1.00000000e-10	0.00000000e+00	4.07306443e-13
3.92000000e+01	3.29581536e+01	-2.29771127e+06	-8.94309310e+04	1.20832581e+03	1.00000000e-09	1.20832581e+02	1.00000000e-10	1.16585717e+08	3.74461468e-13
3.93000000e+01	3.30422305e+01	-2.27550688e+06	-8.85666975e+04	3.52124965e+03	1.00000000e-09	3.52124965e+02	1.00000000e-10	3.39748942e+08	3.44265096e-13
3.94000000e+01	3.31263075e+01	-2.25330249e+06	-8.77024640e+04	1.00000000e-09	1.00000000e-09	1.00000000e-10	1.00000000e-10	0.00000000e+00	3.16503742e-13
3.95000000e+01	3.32103844e+01	-2.23111964e+06	-8.68390687e+04	1.00000000e-09	1.00000000e-09	1.00000000e-10	1.00000000e-10	0.00000000e+00	2.90981049e-13
3.96000000e+01	3.32944613e+01	-2.20898295e+06	-8.59774699e+04	1.00000000e-09	1.00000000e-09	1.00000000e-10	1.00000000e-10	0.00000000e+00	2.67516493e-13
3.97000000e+01	3.33785382e+01	-2.18684625e+06	-8.51158710e+04	3.86437916e+03	1.00000000e-09	3.86437916e+02	1.00000000e-10	3.72855906e+08	2.45944106e-13
3.98000000e+01	3.34626152e+01	-2.16470955e+06	-8.42542722e+04	6.87595441e+02	1.00000000e-09	6.87595441e+01	1.00000000e-10	6.63428745e+07	2.26111304e-13
3.99000000e+01	3.35466921e+01	-2.14259394e+06	-8.33934939e+04	1.00000000e-09	1.00000000e-09	1.00000000e-10	1.00000000e-10	0.00000000e+00	2.07877809e-13
4.00000000e+01	3.36307690e+01	-2.12052373e+06	-8.25344829e+04	1.00000000e-09	1.00000000e-09	1.00000000e-10	1.00000000e-10	0.00000000e+00	1.91114654e-13
4.01000000e+01	3.37148459e+01	-2.09845353e+06	-8.16754720e+04	3.85491090e+03	1.00000000e-09	3.85491090e+02	1.00000000e-10	3.71942359e+08	1.75703270e-13
4.02000000e+01	3.37989228e+01	-2.07638332e+06	-8.08164610e+04	2.19226819e+03	1.00000000e-09	2.19226819e+02	1.00000000e-10	2.11521724e+08	1.61534652e-13
4.03000000e+01	3.38829998e+01	-2.05433396e+06	-7.99582614e+04	1.00000000e-09	1.00000000e-09	1.00000000e-10	1.00000000e-10	0.00000000e+00	1.48508584e-13
4.04000000e+01	3.39670767e+01	-2.03232938e+06	-7.91018047e+04	1.00000000e-09	1.00000000e-09	1.00000000e-10	1.00000000e-10	0.00000000e+00	1.36532931e-13
4.05000000e+01	3.40511536e+01	-2.01032480e+06	-7.82453480e+04	3.49410971e+03	1.00000000e-09	3.49410971e+02	1.00000000e-10	3.37130336e+08	1.25522989e-13
4.06000000e+01	3.41352305e+01	-1.98832021e+06	-7.73888913e+04	3.63239259e+03	1.00000000e-09	3.63239259e+02	1.00000000e-10	3.50472605e+08	1.15400882e-13
4.07000000e+01	3.42193075e+01	-1.96633644e+06	-7.65332446e+04	1.00000000e-09	1.00000000e-09	1.00000000e-10	1.00000000e-10	0.00000000e+00	1.06095016e-13
4.08000000e+01	3.43033844e+01	-1.94439697e+06	-7.56793222e+04	1.00000000e-09	1.00000000e-09	1.00000000e-10	1.00000000e-10	0.00000000e+00	9.75395708e-14
4.09000000e+01	3.43874613e+01	-1.92245750e+06	-7.48253998e+04	2.80176537e+03	1.00000000e-09	2.80176537e+02	1.00000000e-10	2.70329262e+08	8.96740319e-14
4.10000000e+01	3.44715382e+01	-1.90051803e+06	-7.39714774e+04	4.93036932e+03	1.00000000e-09	4.93036932e+02	1.00000000e-10	4.75708322e+08	8.24427658e-14
4.11000000e+01	3.45556151e+01	-1.87859951e+06	-7.31183702e+04	1.00000000e-09	1.00000000e-09	1.00000000e-10	1.00000000e-10	0.00000000e+00	7.57946252e-14
4.12000000e+01	3.46396921e+01	-1.85672499e+06	-7.22669758e+04	1.00000000e-09	1.00000000e-09	1.00000000e-10	1.00000000e-10	0.00000000e+00	6.96825871e-14
4.13000000e+01	3.47237690e+01	-1.83485048e+06	-7.14155814e+04	1.81533049e+03	1.00000000e-09	1.81533049e+02	1.00000000e-10	1.75152765e+08	6.40634205e-14
4.14000000e+01	3.48078459e+01	-1.81297596e+06	-7.05641871e+04	6.01595102e+03	1.00000000e-09	6.01595102e+02	1.00000000e-10	5.80451032e+08	5.88973804e-14
4.15000000e+01	3.48919228e+01	-1.79112266e+06	-6.97136186e+04	1.00000000e-09	1.00000000e-09	1.00000000e-10	1.00000000e-10	0.00000000e+00	5.41479271e-14
4.16000000e+01	3.49759998e+01	-1.76931328e+06	-6.88647594e+04	1.00000000e-09	1.00000000e-09	1.00000000e-10	1.00000000e-10	0.00000000e+00	4.97814672e-14
4.17000000e+01	3.50600767e+01	-1.74750389e+06	-6.80159001e+04	5.88087661e+02	1.00000000e-09	5.88087661e+01	1.00000000e-10	5.67418333e+07	4.57671163e-14
4.18000000e+01	3.51441536e+01	-1.72569451e+06	-6.71670408e+04	6.83011713e+03	1.00000000e-09	6.83011713e+02	1.00000000e-10	6.59006119e+08	4.20764804e-14
4.19000000e+01	3.52282305e+01	-1.70390672e+06	-6.63190222e+04	1.00000000e-09	1.00000000e-09	1.00000000e-10	1.00000000e-10	0.00000000e+00	3.86834555e-14
4.20000000e+01	3.53123074e+01	-1.68216298e+06	-6.54727177e+04	1.00000000e-09	1.00000000e-09	1.00000000e-10	1.00000000e-10	0.00000000e+00	3.55640423e-14
4.21000000e+01	3.53963844e+01	-1.66041923e+06	-6.46264131e+04	1.00000000e-09	1.00000000e-09	1.00000000e-10	1.00000000e-10	0.00000000e+00	3.26961769e-14
4.22000000e+01	3.54804613e+01	-1.63867549e+06	-6.37801086e+04	7.32839471e+03	1.00000000e-09	7.32839471e+02	1.00000000e-10	7.07082597e+08	3.00595747e-14
4.23000000e+01	3.55645382e+01	-1.61695378e+06	-6.29346619e+04	1.39415432e+03	1.00000000e-09	1.39415432e+02	1.00000000e-10	1.34515443e+08	2.76355866e-14
4.24000000e+01	3.56486151e+01	-1.59527647e+06	-6.20909432e+04	1.00000000e-09	1.00000000e-09	1.00000000e-10	1.00000000e-10	0.00000000e+00	2.54070677e-14
4.25000000e+01	3.57326921e+01	-1.57359916e+06	-6.12472245e+04	1.00000000e-09	1.00000000e-09	1.00000000e-10	1.00000000e-10	0.00000000e+00	2.33582553e-14
4.26000000e+01	3.58167690e+01	-1.55192185e+06	-6.04035058e+04	7.48343561e+03	1.00000000e-09	7.48343561e+02	1.00000000e-10	7.22041770e+08	2.14746581e-14
4.27000000e+01	3.59008459e+01	-1.53026704e+06	-5.95606628e+04	2.90995055e+03	1.00000000e-09	2.90995055e+02	1.00000000e-10	2.80767546e+08	1.97429531e-14
4.28000000e+01	3.59849228e+01	-1.50865711e+06	-5.87195666e+04	1.00000000e-09	1.00000000e-09	1.00000000e-10	1.00000000e-10	0.00000000e+00	1.81508919e-14
4.29000000e+01	3.60689997e+01	-1.48704718e+06	-5.78784704e+04	1.00000000e-09	1.00000000e-09	1.00000000e-10	1.00000000e-10	0.00000000e+00	1.66872137e-14
4.30000000e+01	3.61530767e+01	-1.46543725e+06	-5.70373742e+04	7.28520568e+03	1.00000000e-09	7.28520568e+02	1.00000000e-10	7.02915490e+08	1.53415657e-14
4.31000000e+01	3.62371536e+01	-1.44385025e+06	-5.61971707e+04	4.40078986e+03	1.00000000e-09	4.40078986e+02	1.00000000e-10	4.24611671e+08	1.41044300e-14
4.32000000e+01	3.63212305e+01	-1.42230886e+06	-5.53587421e+04	1.00000000e-09	1.00000000e-09	1.00000000e-10	1.00000000e-10	0.00000000e+00	1.29670563e-14
4.33000000e+01	3.64053074e+01	-1.40076747e+06	-5.45203135e+04	1.00000000e-09	1.00000000e-09	1.00000000e-10	1.00000000e-10	0.00000000e+00	1.19213998e-14
4.34000000e+01	3.64893844e+01	-1.37922607e+06	-5.36818849e+04	6.74489100e+03	1.00000000e-09	6.74489100e+02	1.00000000e-10	6.50783049e+08	1.09600645e-14
4.35000000e+01	3.65734613e+01	-1.35770799e+06	-5.28443634e+04	5.78497277e+03	1.00000000e-09	5.78497277e+02	1.00000000e-10	5.58165019e+08	1.00762507e-14
4.36000000e+01	3.66575382e+01	-1.33623646e+06	-5.20086541e+04	1.00000000e-09	1.00000000e-09	1.00000000e-10	1.00000000e-10	0.00000000e+00	9.26370726e-15
4.37000000e+01	3.67416151e+01	-1.31476493e+06	-5.11729448e+04	1.00000000e-09	1.00000000e-09	1.00000000e-10	1.00000000e-10	0.00000000e+00	8.51668685e-15
4.38000000e+01	3.68256921e+01	-1.29329341e+06	-5.03372355e+04	5.89290608e+03	1.00000000e-09	5.89290608e+02	1.00000000e-10	5.68579000e+08	7.82990577e-15
4.39000000e+01	3.69097690e+01	-1.27184545e+06	-4.95024437e+04	6.98657460e+03	1.00000000e-09	6.98657460e+02	1.00000000e-10	6.74101970e+08	7.19850635e-15
4.40000000e+01	3.69938459e+01	-1.25044523e+06	-4.86695098e+04	1.00000000e-09	1.00000000e-09	1.00000000e-10	1.00000000e-10	0.00000000e+00	6.61802264e-15
4.41000000e+01	3.70779228e+01	-1.22904501e+06	-4.78365759e+04	1.00000000e-09	1.00000000e-09	1.00000000e-10	1.00000000e-10	0.00000000e+00	6.08434883e-15
4.42000000e+01	3.71619997e+01	-1.20764479e+06	-4.70036420e+04	4.77742029e+03	1.00000000e-09	4.77742029e+02	1.00000000e-10	4.60950984e+08	5.59371018e-15
4.43000000e+01	3.72460767e+01	-1.18626827e+06	-4.61716303e+04	7.93981841e+03	1.00000000e-09	7.93981841e+02	1.00000000e-10	7.66076016e+08	5.14263638e-15
4.44000000e+01	3.73301536e+01	-1.16494085e+06	-4.53415300e+04	1.00000000e-09	1.00000000e-09	1.00000000e-10	1.00000000e-10	0.00000000e+00	4.72793693e-15
4.45000000e+01	3.74142305e+01	-1.14361343e+06	-4.45114297e+04	1.00000000e-09	1.00000000e-09	1.00000000e-10	1.00000000e-10	0.00000000e+00	4.34667862e-15
4.46000000e+01	3.74983074e+01	-1.12228601e+06	-4.36813295e+04	3.46186009e+03	1.00000000e-09	3.46186009e+02	1.00000000e-10	3.34018720e+08	3.99616478e-15
4.47000000e+01	3.75823844e+01	-1.10098223e+06	-4.28521490e+04	8.59298341e+03	1.00000000e-09	8.59298341e+02	1.00000000e-10	8.29096858e+08	3.67391618e-15
4.48000000e+01	3.76664613e+01	-1.07972910e+06	-4.20249401e+04	1.00000000e-09	1.00000000e-09	1.00000000e-10	1.00000000e-10	0.00000000e+00	3.37765354e-15
4.49000000e+01	3.77505382e+01	-1.05847597e+06	-4.11977313e+04	1.00000000e-09	1.00000000e-09	1.00000000e-10	1.00000000e-10	0.00000000e+00	3.10528136e-15
4.50000000e+01	3.78346151e+01	-1.03722284e+06	-4.03705224e+04	2.02149311e+03	1.00000000e-09	2.02149311e+02	1.00000000e-10	1.95044434e+08	2.85487313e-15
4.51000000e+01	3.79186920e+01	-1.01599307e+06	-3.95442228e+04	8.91161777e+03	1.00000000e-09	8.91161777e+02	1.00000000e-10	8.59840400e+08	2.62465769e-15
4.52000000e+01	3.80027690e+01	-9.94815646e+05	-3.87199604e+04	1.00000000e-09	1.00000000e-09	1.00000000e-10	1.00000000e-10	0.00000000e+00	2.41300669e-15
4.53000000e+01	3.80868459e+01	-9.73638220e+05	-3.78956980e+04	1.00000000e-09	1.00000000e-09	1.00000000e-10	1.00000000e-10	0.00000000e+00	2.21842312e-15
4.54000000e+01	3.81709228e+01	-9.52460794e+05	-3.70714357e+04	5.39252105e+02	1.00000000e-09	5.39252105e+01	1.00000000e-10	5.20299184e+07	2.03953067e-15
4.55000000e+01	3.82549997e+01	-9.31306219e+05	-3.62480627e+04	8.88085397e+03	1.00000000e-09	8.88085397e+02	1.00000000e-10	8.56872145e+08	1.87506400e-15
4.56000000e+01	3.83390767e+01	-9.10205777e+05	-3.54267967e+04	1.00000000e-09	1.00000000e-09	1.00000000e-10	1.00000000e-10	0.00000000e+00	1.72385984e-15
4.57000000e+01	3.84231536e+01	-8.89105334e+05	-3.46055306e+04	1.00000000e-09	1.00000000e-09	1.00000000e-10	1.00000000e-10	0.00000000e+00	1.58484870e-15
4.58000000e+01	3.85072305e+01	-8.68004892e+05	-3.37842646e+04	1.00000000e-09	1.00000000e-09	1.00000000e-10	1.00000000e-10	0.00000000e+00	1.45704735e-15
4.59000000e+01	3.85913074e+01	-8.46926537e+05	-3.29638583e+04	8.50665897e+03	1.00000000e-09	8.50665897e+02	1.00000000e-10	8.20767816e+08	1.33955183e-15
4.60000000e+01	3.86753843e+01	-8.25904166e+05	-3.21456309e+04	1.18759549e+03	1.00000000e-09	1.18759549e+02	1.00000000e-10	1.14585546e+08	1.23153109e-15
4.61000000e+01	3.87594613e+01	-8.04881794e+05	-3.13274035e+04	1.00000000e-09	1.00000000e-09	1.00000000e-10	1.00000000e-10	0.00000000e+00	1.13222108e-15
4.62000000e+01	3.88435382e+01	-7.83859423e+05	-3.05091762e+04	1.00000000e-09	1.00000000e-09	1.00000000e-10	1.00000000e-10	0.00000000e+00	1.04091937e-15
4.63000000e+01	3.89276151e+01	-7.62858109e+05	-2.96917684e+04	7.81589999e+03	1.00000000e-09	7.81589999e+02	1.00000000e-10	7.54119706e+08	9.56980191e-16
4.64000000e+01	3.90116920e+01	-7.41914649e+05	-2.88766124e+04	2.39288862e+03	1.00000000e-09	2.39288862e+02	1.00000000e-10	2.30878653e+08	8.79809819e-16
4.65000000e+01	3.90957690e+01	-7.20971188e+05	-2.80614564e+04	1.00000000e-09	1.00000000e-09	1.00000000e-10	1.00000000e-10	0.00000000e+00	8.08862425e-16
4.66000000e+01	3.91798459e+01	-7.00027727e+05	-2.72463003e+04	1.00000000e-09	1.00000000e-09	1.00000000e-10	1.00000000e-10	0.00000000e+00	7.43636191e-16
4.67000000e+01	3.92639228e+01	-6.79103911e+05	-2.64319089e+04	6.85664932e+03	1.00000000e-09	6.85664932e+02	1.00000000e-10	6.61566087e+08	6.83669765e-16
4.68000000e+01	3.93479997e+01	-6.58239790e+05	-2.56198409e+04	3.36001918e+03	1.00000000e-09	3.36001918e+02	1.00000000e-10	3.24192566e+08	6.28539001e-16
4.69000000e+01	3.94320766e+01	-6.37375670e+05	-2.48077730e+04	1.00000000e-09	1.00000000e-09	1.00000000e-10	1.00000000e-10	0.00000000e+00	5.77853951e-16
4.70000000e+01	3.95161536e+01	-6.16511549e+05	-2.39957050e+04	1.00000000e-09	1.00000000e-09	1.00000000e-10	1.00000000e-10	0.00000000e+00	5.31256117e-16
4.71000000e+01	3.96002305e+01	-5.95665396e+05	-2.31843364e+04	5.69268505e+03	1.00000000e-09	5.69268505e+02	1.00000000e-10	5.49260608e+08	4.88415907e-16
4.72000000e+01	3.96843074e+01	-5.74880713e+05	-2.23753602e+04	4.03263391e+03	1.00000000e-09	4.03263391e+02	1.00000000e-10	3.89090022e+08	4.49030309e-16
4.73000000e+01	3.97683843e+01	-5.54096030e+05	-2.15663841e+04	1.00000000e-09	1.00000000e-09	1.00000000e-10	1.00000000e-10	0.00000000e+00	4.12820745e-16
4.74000000e+01	3.98524613e+01	-5.33311347e+05	-2.07574080e+04	1.00000000e-09	1.00000000e-09	1.00000000e-10	1.00000000e-10	0.00000000e+00	3.79531100e-16
4.75000000e+01	3.99365382e+01	-5.12542703e+05	-1.99490561e+04	4.40140873e+03	1.00000000e-09	4.40140873e+02	1.00000000e-10	4.24671383e+08	3.48925915e-16
4.76000000e+01	4.00206151e+01	-4.91837190e+05	-1.91431615e+04	4.37246356e+03	1.00000000e-09	4.37246356e+02	1.00000000e-10	4.21878598e+08	3.20788716e-16
4.77000000e+01	4.01046920e+01	-4.71131677e+05	-1.83372668e+04	1.00000000e-09	1.00000000e-09	1.00000000e-10	1.00000000e-10	0.00000000e+00	2.94920485e-16
4.78000000e+01	4.01887690e+01	-4.50426164e+05	-1.75313721e+04	1.00000000e-09	1.00000000e-09	1.00000000e-10	1.00000000e-10	0.00000000e+00	2.71138254e-16
4.79000000e+01	4.02728459e+01	-4.29734531e+05	-1.67260176e+04	3.06928207e+03	1.00000000e-09	3.06928207e+02	1.00000000e-10	2.96140700e+08	2.49273810e-16
4.80000000e+01	4.03569228e+01	-4.09107534e+05	-1.59231789e+04	4.36219901e+03	1.00000000e-09	4.36219901e+02	1.00000000e-10	4.20888221e+08	2.29172503e-16
4.81000000e+01	4.04409997e+01	-3.88480538e+05	-1.51203403e+04	1.00000000e-09	1.00000000e-09	1.00000000e-10	1.00000000e-10	0.00000000e+00	2.10692155e-16
4.82000000e+01	4.05250766e+01	-3.67853542e+05	-1.43175016e+04	1.00000000e-09	1.00000000e-09	1.00000000e-10	1.00000000e-10	0.00000000e+00	1.93702052e-16
4.83000000e+01	4.06091536e+01	-3.47238057e+05	-1.35151109e+04	1.78650413e+03	1.00000000e-09	1.78650413e+02	1.00000000e-10	1.72371445e+08	1.78082022e-16
4.84000000e+01	4.06932305e+01	-3.26688525e+05	-1.27152873e+04	4.00714840e+03	1.00000000e-09	4.00714840e+02	1.00000000e-10	3.86631044e+08	1.63721583e-16
4.85000000e+01	4.07773074e+01	-3.06138994e+05	-1.19154637e+04	1.00000000e-09	1.00000000e-09	1.00000000e-10	1.00000000e-10	0.00000000e+00	1.50519162e-16
4.86000000e+01	4.08613843e+01	-2.85589462e+05	-1.11156401e+04	1.00000000e-09	1.00000000e-09	1.00000000e-10	1.00000000e-10	0.00000000e+00	1.38381377e-16
4.87000000e+01	4.09454613e+01	-2.65048896e+05	-1.03161654e+04	6.41231561e+02	1.00000000e-09	6.41231561e+01	1.00000000e-10	6.18694402e+07	1.27222377e-16
4.88000000e+01	4.10295382e+01	-2.44575374e+05	-9.51930021e+03	3.33550190e+03	1.00000000e-09	3.33550190e+02	1.00000000e-10	3.21827009e+08	1.16963232e-16
4.89000000e+01	4.11136151e+01	-2.24101851e+05	-8.72243501e+03	1.00000000e-09	1.00000000e-09	1.00000000e-10	1.00000000e-10	0.00000000e+00	1.07531379e-16
4.90000000e+01	4.11976920e+01	-2.03628329e+05	-7.92556980e+03	1.00000000e-09	1.00000000e-09	1.00000000e-10	1.00000000e-10	0.00000000e+00	9.88601065e-17
4.91000000e+01	4.12817689e+01	-1.83161087e+05	-7.12894902e+03	1.00000000e-09	1.00000000e-09	1.00000000e-10	1.00000000e-10	0.00000000e+00	9.08880802e-17
4.92000000e+01	4.13658459e+01	-1.62761725e+05	-6.33497028e+03	2.39710516e+03	1.00000000e-09	2.39710516e+02	1.00000000e-10	2.31285488e+08	8.35589140e-17
4.93000000e+01	4.14499228e+01	-1.42362364e+05	-5.54099154e+03	5.88211702e+02	1.00000000e-09	5.88211702e+01	1.00000000e-10	5.67538014e+07	7.68207678e-17
4.94000000e+01	4.15339997e+01	-1.21963002e+05	-4.74701281e+03	1.00000000e-09	1.00000000e-09	1.00000000e-10	1.00000000e-10	0.00000000e+00	7.06259821e-17
4.95000000e+01	4.16180766e+01	-1.01567132e+05	-3.95316994e+03	1.00000000e-09	1.00000000e-09	1.00000000e-10	1.00000000e-10	0.00000000e+00	6.49307406e-17
4.96000000e+01	4.17021536e+01	-8.12397049e+04	-3.16199104e+03	1.26073796e+03	1.00000000e-09	1.26073796e+02	1.00000000e-10	1.21642721e+08	5.96947603e-17
4.97000000e+01	4.17862305e+01	-6.09122782e+04	-2.37081213e+03	1.08871917e+03	1.00000000e-09	1.08871917e+02	1.00000000e-10	1.05045430e+08	5.48810067e-17
4.98000000e+01	4.18703074e+01	-4.05848515e+04	-1.57963322e+03	1.00000000e-09	1.00000000e-09	1.00000000e-10	1.00000000e-10	0.00000000e+00	5.04554316e-17
4.99000000e+01	4.19543843e+01	-2.02580671e+04	-7.88479312e+02	1.00000000e-09	1.00000000e-09	1.00000000e-10	1.00000000e-10	0.00000000e+00	4.63867326e-17
5.00000000e+01	4.20384612e+01	0.00000000e+00	0.00000000e+00	1.00000000e+01	1.00000000e+01	1.00000000e+00	1.00000000e+00	0.00000000e+00	4.26461312e-17
