# 1D PNP Solver Results
# Debye length: 1.18939 nm
# Surface potential: 100 mV
# Bulk concentration: 10 mol/m^3
# Thermal voltage: 25.6926 mV
# Grid: non-uniform with stretching factor 1
#
# Columns:
# 1: x [nm]
# 2: x/lambda_D [-]
# 3: phi [mV]
# 4: phi_normalized = e*phi/(kB*T) [-]
# 5: c+ [mol/m^3]
# 6: c- [mol/m^3]
# 7: c+/c0 [-]
# 8: c-/c0 [-]
# 9: rho [C/m^3]
# 10: phi_GC [mV] (Gouy-Chapman analytical)
0.00000000e+00	0.00000000e+00	1.00000000e+02	3.89217445e+00	1.00000000e-09	6.71724936e+04	1.00000000e-10	6.71724936e+03	-6.48116036e+09	1.00000000e+02
1.00000000e-01	8.40769225e-02	-6.08640851e+04	-2.36893637e+03	1.00000000e-09	1.00000000e-09	1.00000000e-10	1.00000000e-10	0.00000000e+00	8.70576373e+01
2.00000000e-01	1.68153845e-01	-1.21828170e+05	-4.74176491e+03	1.05079415e-01	1.00000000e-09	1.05079415e-02	1.00000000e-10	1.01386222e+04	7.68715638e+01
3.00000000e-01	2.52230767e-01	-1.82792302e+05	-7.11459526e+03	1.00000000e-09	1.65745098e+01	1.00000000e-10	1.65745098e+00	-1.59919708e+06	6.85207345e+01
4.00000000e-01	3.36307690e-01	-2.43756433e+05	-9.48742560e+03	1.00000000e-09	6.72934092e+04	1.00000000e-10	6.72934092e+03	-6.49282694e+09	6.14862309e+01
5.00000000e-01	4.20384612e-01	-3.03496251e+05	-1.18126036e+04	1.00000000e-09	1.00000000e-09	1.00000000e-10	1.00000000e-10	0.00000000e+00	5.54461690e+01
6.00000000e-01	5.04461535e-01	-3.63207965e+05	-1.41366876e+04	1.08295733e-01	1.00000000e-09	1.08295733e-02	1.00000000e-10	1.04489496e+04	5.01866549e+01
7.00000000e-01	5.88538457e-01	-4.22919725e+05	-1.64607735e+04	1.00000000e-09	1.31696180e+01	1.00000000e-10	1.31696180e+00	-1.27067497e+06	4.55579535e+01
8.00000000e-01	6.72615380e-01	-4.82631485e+05	-1.87848593e+04	1.00000000e-09	6.75845092e+04	1.00000000e-10	6.75845092e+03	-6.52091381e+09	4.14508515e+01
9.00000000e-01	7.56692302e-01	-5.41120018e+05	-2.10613351e+04	1.00000000e-09	1.00000000e-09	1.00000000e-10	1.00000000e-10	0.00000000e+00	3.77829914e+01
1.00000000e+00	8.40769225e-01	-5.99550564e+05	-2.33355539e+04	1.12041468e-01	1.00000000e-09	1.12041468e-02	1.00000000e-10	1.08103581e+04	3.44905241e+01
1.10000000e+00	9.24846147e-01	-6.57981157e+05	-2.56097745e+04	1.00000000e-09	1.00000000e-09	1.00000000e-10	1.00000000e-10	0.00000000e+00	3.15227780e+01
1.20000000e+00	1.00892307e+00	-7.16411750e+05	-2.78839951e+04	1.00000000e-09	6.80612318e+04	1.00000000e-10	6.80612318e+03	-6.56691055e+09	2.88387272e+01
1.30000000e+00	1.09299999e+00	-7.73621017e+05	-3.01106796e+04	1.00000000e-09	1.00000000e-09	1.00000000e-10	1.00000000e-10	0.00000000e+00	2.64045776e+01
1.40000000e+00	1.17707691e+00	-8.30741712e+05	-3.23339167e+04	1.16407759e-01	1.00000000e-09	1.16407759e-02	1.00000000e-10	1.12316412e+04	2.41920729e+01
1.50000000e+00	1.26115384e+00	-8.87862455e+05	-3.45571556e+04	1.00000000e-09	1.00000000e-09	1.00000000e-10	1.00000000e-10	0.00000000e+00	2.21772778e+01
1.60000000e+00	1.34523076e+00	-9.44983198e+05	-3.67803946e+04	1.00000000e-09	6.87319484e+04	1.00000000e-10	6.87319484e+03	-6.63162487e+09	2.03396868e+01
1.70000000e+00	1.42930768e+00	-1.00088539e+06	-3.89562055e+04	1.00000000e-09	1.00000000e-09	1.00000000e-10	1.00000000e-10	0.00000000e+00	1.86615585e+01
1.80000000e+00	1.51338460e+00	-1.05666773e+06	-4.11273516e+04	1.21504623e-01	1.00000000e-09	1.21504623e-02	1.00000000e-10	1.17234138e+04	1.71274116e+01
1.90000000e+00	1.59746153e+00	-1.11245012e+06	-4.32984995e+04	1.00000000e-09	1.00000000e-09	1.00000000e-10	1.00000000e-10	0.00000000e+00	1.57236358e+01
2.00000000e+00	1.68153845e+00	-1.16823252e+06	-4.54696475e+04	1.00000000e-09	6.96037704e+04	1.00000000e-10	6.96037704e+03	-6.71574290e+09	1.44381886e+01
2.10000000e+00	1.76561537e+00	-1.22280008e+06	-4.75935123e+04	1.33612046e-04	1.00000000e-09	1.33612046e-05	1.00000000e-10	1.28915061e+01	1.32603556e+01
2.20000000e+00	1.84969229e+00	-1.27721582e+06	-4.97114678e+04	1.27465065e-01	1.00000000e-09	1.27465065e-02	1.00000000e-10	1.22985090e+04	1.21805577e+01
2.30000000e+00	1.93376922e+00	-1.33163161e+06	-5.18294252e+04	1.00000000e-09	1.00000000e-09	1.00000000e-10	1.00000000e-10	0.00000000e+00	1.11901960e+01
2.40000000e+00	2.01784614e+00	-1.38604740e+06	-5.39473827e+04	1.00000000e-09	7.06821010e+04	1.00000000e-10	7.06821010e+03	-6.81978599e+09	1.02815237e+01
2.50000000e+00	2.10192306e+00	-1.43925309e+06	-5.60182412e+04	1.21369414e-03	1.00000000e-09	1.21369414e-04	1.00000000e-10	1.17103586e+02	9.44754093e+00
2.60000000e+00	2.18599998e+00	-1.49227432e+06	-5.80819198e+04	1.34448702e-01	1.00000000e-09	1.34448702e-02	1.00000000e-10	1.29723275e+04	8.68190590e+00
2.70000000e+00	2.27007691e+00	-1.54529560e+06	-6.01456005e+04	1.00000000e-09	1.00000000e-09	1.00000000e-10	1.00000000e-10	0.00000000e+00	7.97886054e+00
2.80000000e+00	2.35415383e+00	-1.59831688e+06	-6.22092811e+04	1.00000000e-09	7.19700749e+04	1.00000000e-10	7.19700749e+03	-6.94405658e+09	7.33316685e+00
2.90000000e+00	2.43823075e+00	-1.65013388e+06	-6.42260894e+04	2.26180383e-03	1.00000000e-09	2.26180383e-04	1.00000000e-10	2.18230797e+02	6.74005227e+00
3.00000000e+00	2.52230767e+00	-1.70173311e+06	-6.62344214e+04	1.42654482e-01	1.00000000e-09	1.42654482e-02	1.00000000e-10	1.37640650e+04	6.19516235e+00
3.10000000e+00	2.60638460e+00	-1.75333239e+06	-6.82427555e+04	1.00000000e-09	1.00000000e-09	1.00000000e-10	1.00000000e-10	0.00000000e+00	5.69451955e+00
3.20000000e+00	2.69046152e+00	-1.80493168e+06	-7.02510895e+04	1.00000000e-09	7.34678620e+04	1.00000000e-10	7.34678620e+03	-7.08857106e+09	5.23448697e+00
3.30000000e+00	2.77453844e+00	-1.85533367e+06	-7.22128232e+04	3.18878441e-03	1.00000000e-09	3.18878441e-04	1.00000000e-10	3.07670826e+02	4.81173646e+00
3.40000000e+00	2.85861536e+00	-1.90548395e+06	-7.41647593e+04	1.52327714e-01	1.00000000e-09	1.52327714e-02	1.00000000e-10	1.46973900e+04	4.42322017e+00
3.50000000e+00	2.94269229e+00	-1.95563428e+06	-7.61166976e+04	1.00000000e-09	1.00000000e-09	1.00000000e-10	1.00000000e-10	0.00000000e+00	4.06614534e+00
3.60000000e+00	3.02676921e+00	-2.00578461e+06	-7.80686359e+04	1.00000000e-09	7.51717925e+04	1.00000000e-10	7.51717925e+03	-7.25297537e+09	3.73795159e+00
3.70000000e+00	3.11084613e+00	-2.05474588e+06	-7.99742940e+04	3.85656120e-03	1.00000000e-09	3.85656120e-04	1.00000000e-10	3.72101492e+02	3.43629058e+00
3.80000000e+00	3.19492305e+00	-2.10342087e+06	-8.18688098e+04	1.63772629e-01	1.00000000e-09	1.63772629e-02	1.00000000e-10	1.58016564e+04	3.15900770e+00
3.90000000e+00	3.27899998e+00	-2.15209593e+06	-8.37633279e+04	1.00000000e-09	1.00000000e-09	1.00000000e-10	1.00000000e-10	0.00000000e+00	2.90412542e+00
4.00000000e+00	3.36307690e+00	-2.20077098e+06	-8.56578459e+04	1.00000000e-09	7.70732678e+04	1.00000000e-10	7.70732678e+03	-7.43643984e+09	2.66982829e+00
4.10000000e+00	3.44715382e+00	-2.24826654e+06	-8.75064557e+04	4.05181971e-03	1.22001858e+03	4.05181971e-04	1.22001858e+02	-1.17713507e+08	2.45444929e+00
4.20000000e+00	3.53123074e+00	-2.29544069e+06	-8.93425560e+04	1.77368695e-01	1.00000000e-09	1.77368695e-02	1.00000000e-10	1.71134774e+04	2.25645740e+00
4.30000000e+00	3.61530767e+00	-2.34261490e+06	-9.11786586e+04	1.00000000e-09	1.00000000e-09	1.00000000e-10	1.00000000e-10	0.00000000e+00	2.07444628e+00
4.40000000e+00	3.69938459e+00	-2.38978911e+06	-9.30147612e+04	1.00000000e-09	7.91574073e+04	1.00000000e-10	7.91574073e+03	-7.63752874e+09	1.90712395e+00
4.50000000e+00	3.78346151e+00	-2.43579480e+06	-9.48053827e+04	3.44314759e-03	2.92292472e+03	3.44314759e-04	2.92292472e+02	-2.82019030e+08	1.75330334e+00
4.60000000e+00	3.86753843e+00	-2.48144342e+06	-9.65821068e+04	1.93591517e-01	1.00000000e-09	1.93591517e-02	1.00000000e-10	1.86787417e+04	1.61189369e+00
4.70000000e+00	3.95161536e+00	-2.52709211e+06	-9.83588334e+04	1.00000000e-09	1.00000000e-09	1.00000000e-10	1.00000000e-10	0.00000000e+00	1.48189263e+00
4.80000000e+00	4.03569228e+00	-2.57274080e+06	-1.00135560e+05	1.00000000e-09	8.14013731e+04	1.00000000e-10	8.14013731e+03	-7.85403852e+09	1.36237899e+00
4.90000000e+00	4.11976920e+00	-2.61723344e+06	-1.01867291e+05	1.50878453e-03	5.07317933e+03	1.50878453e-04	5.07317933e+02	-4.89487247e+08	1.25250612e+00
5.00000000e+00	4.20384612e+00	-2.66133289e+06	-1.03583719e+05	2.13038713e-01	1.00000000e-09	2.13038713e-02	1.00000000e-10	2.05551109e+04	1.15149587e+00
5.10000000e+00	4.28792305e+00	-2.70543240e+06	-1.05300149e+05	1.00000000e-09	1.00000000e-09	1.00000000e-10	1.00000000e-10	0.00000000e+00	1.05863300e+00
5.20000000e+00	4.37199997e+00	-2.74953192e+06	-1.07016579e+05	1.00000000e-09	8.37723006e+04	1.00000000e-10	8.37723006e+03	-8.08279825e+09	9.73260072e-01
5.30000000e+00	4.45607689e+00	-2.79248946e+06	-1.08688561e+05	1.00000000e-09	7.74228900e+03	1.00000000e-10	7.74228900e+02	-7.47017326e+08	8.94772759e-01
5.40000000e+00	4.54015381e+00	-2.83501727e+06	-1.10343818e+05	2.36448457e-01	1.00000000e-09	2.36448457e-02	1.00000000e-10	2.28138078e+04	8.22615544e-01
5.50000000e+00	4.62423074e+00	-2.87754515e+06	-1.11999077e+05	1.00000000e-09	1.00000000e-09	1.00000000e-10	1.00000000e-10	0.00000000e+00	7.56277766e-01
5.60000000e+00	4.70830766e+00	-2.92007303e+06	-1.13654336e+05	1.00000000e-09	8.62247543e+04	1.00000000e-10	8.62247543e+03	-8.31942405e+09	6.95289988e-01
5.70000000e+00	4.79238458e+00	-2.96147472e+06	-1.15265762e+05	1.00000000e-09	1.10072379e+04	1.00000000e-10	1.10072379e+03	-1.06203700e+09	6.39220665e-01
5.80000000e+00	4.87646150e+00	-3.00240978e+06	-1.16859026e+05	2.64717526e-01	1.00000000e-09	2.64717526e-02	1.00000000e-10	2.55413583e+04	5.87673079e-01
5.90000000e+00	4.96053843e+00	-3.04334492e+06	-1.18452293e+05	1.00000000e-09	1.00000000e-09	1.00000000e-10	1.00000000e-10	0.00000000e+00	5.40282524e-01
6.00000000e+00	5.04461535e+00	-3.08428006e+06	-1.20045561e+05	1.00000000e-09	8.86976311e+04	1.00000000e-10	8.86976311e+03	-8.55802039e+09	4.96713722e-01
6.10000000e+00	5.12869227e+00	-3.12410661e+06	-1.21595679e+05	1.00000000e-09	1.49494925e+04	1.00000000e-10	1.49494925e+03	-1.44240675e+09	4.56658442e-01
6.20000000e+00	5.21276919e+00	-3.16342937e+06	-1.23126189e+05	2.98875869e-01	1.00000000e-09	2.98875869e-02	1.00000000e-10	2.88371374e+04	4.19833321e-01
6.30000000e+00	5.29684612e+00	-3.20275221e+06	-1.24656703e+05	1.70319390e-03	1.00000000e-09	1.70319390e-04	1.00000000e-10	1.64333133e+02	3.85977854e-01
6.40000000e+00	5.38092304e+00	-3.24207505e+06	-1.26187217e+05	1.00000000e-09	9.11104143e+04	1.00000000e-10	9.11104143e+03	-8.79081858e+09	3.54852548e-01
6.50000000e+00	5.46499996e+00	-3.28030880e+06	-1.27675341e+05	1.00000000e-09	1.96532043e+04	1.00000000e-10	1.96532043e+03	-1.89624595e+09	3.26237227e-01
6.60000000e+00	5.54907688e+00	-3.31800145e+06	-1.29142405e+05	3.39825020e-01	1.00000000e-09	3.39825020e-02	1.00000000e-10	3.27881298e+04	2.99929475e-01
6.70000000e+00	5.63315381e+00	-3.35569419e+06	-1.30609472e+05	2.42843319e-02	1.00000000e-09	2.42843319e-03	1.00000000e-10	2.34308173e+03	2.75743201e-01
6.80000000e+00	5.71723073e+00	-3.39338694e+06	-1.32076539e+05	1.00000000e-09	9.33586730e+04	1.00000000e-10	9.33586730e+03	-9.00774257e+09	2.53507323e-01
6.90000000e+00	5.80130765e+00	-3.43001211e+06	-1.33502055e+05	1.00000000e-09	2.52022771e+04	1.00000000e-10	2.52022771e+03	-2.43165008e+09	2.33064554e-01
7.00000000e+00	5.88538457e+00	-3.46605881e+06	-1.34905055e+05	3.87114289e-01	1.00000000e-09	3.87114289e-02	1.00000000e-10	3.73508507e+04	2.14270296e-01
7.10000000e+00	5.96946150e+00	-3.50210560e+06	-1.36308060e+05	6.89467796e-02	1.00000000e-09	6.89467796e-03	1.00000000e-10	6.65235284e+03	1.96991610e-01
7.20000000e+00	6.05353842e+00	-3.53815242e+06	-1.37711064e+05	1.00000000e-09	9.53088609e+04	1.00000000e-10	9.53088609e+03	-9.19590710e+09	1.81106277e-01
7.30000000e+00	6.13761534e+00	-3.57315533e+06	-1.39073439e+05	1.00000000e-09	3.16757474e+04	1.00000000e-10	3.16757474e+03	-3.05624501e+09	1.66501937e-01
7.40000000e+00	6.22169226e+00	-3.60754242e+06	-1.40411844e+05	4.33660646e-01	1.00000000e-09	4.33660646e-02	1.00000000e-10	4.18418914e+04	1.53075289e-01
7.50000000e+00	6.30576919e+00	-3.64192963e+06	-1.41750254e+05	1.64816692e-01	1.00000000e-09	1.64816692e-02	1.00000000e-10	1.59023932e+04	1.40731363e-01
7.60000000e+00	6.38984611e+00	-3.67631687e+06	-1.43088666e+05	1.00000000e-09	9.67922894e+04	1.00000000e-10	9.67922894e+03	-9.33903619e+09	1.29382849e-01
7.70000000e+00	6.47392303e+00	-3.70968613e+06	-1.44387456e+05	1.00000000e-09	3.91408617e+04	1.00000000e-10	3.91408617e+03	-3.77651904e+09	1.18949475e-01
7.80000000e+00	6.55799995e+00	-3.74240242e+06	-1.45660831e+05	4.31662576e-01	1.00000000e-09	4.31662576e-02	1.00000000e-10	4.16491070e+04	1.09357445e-01
7.90000000e+00	6.64207688e+00	-3.77511880e+06	-1.46934209e+05	4.22718086e-01	1.00000000e-09	4.22718086e-02	1.00000000e-10	4.07860948e+04	1.00538914e-01
8.00000000e+00	6.72615380e+00	-3.80783529e+06	-1.48207592e+05	1.00000000e-09	9.75985095e+04	1.00000000e-10	9.75985095e+03	-9.41682460e+09	9.24315047e-02
8.10000000e+00	6.81023072e+00	-3.83956212e+06	-1.49442456e+05	1.00000000e-09	4.76430012e+04	1.00000000e-10	4.76430012e+03	-4.59685080e+09	8.49778740e-02
8.20000000e+00	6.89430764e+00	-3.87059904e+06	-1.50650467e+05	1.00000000e-09	1.00000000e-09	1.00000000e-10	1.00000000e-10	0.00000000e+00	7.81253008e-02
8.30000000e+00	6.97838457e+00	-3.90163595e+06	-1.51858478e+05	2.03325860e-01	1.00000000e-09	2.03325860e-02	1.00000000e-10	1.96179630e+04	7.18253161e-02
8.40000000e+00	7.06246149e+00	-3.93267292e+06	-1.53066490e+05	1.00000000e-09	9.74694487e+04	1.00000000e-10	9.74694487e+03	-9.40437213e+09	6.60333593e-02
8.50000000e+00	7.14653841e+00	-3.96275098e+06	-1.54237181e+05	1.00000000e-09	5.71903432e+04	1.00000000e-10	5.71903432e+03	-5.51802926e+09	6.07084632e-02
8.60000000e+00	7.23061533e+00	-3.99210264e+06	-1.55379599e+05	2.72546889e-01	1.00000000e-09	2.72546889e-02	1.00000000e-10	2.62967770e+04	5.58129641e-02
8.70000000e+00	7.31469226e+00	-4.02145436e+06	-1.56522019e+05	8.18785815e-02	1.00000000e-09	8.18785815e-03	1.00000000e-10	7.90008203e+03	5.13122357e-02
8.80000000e+00	7.39876918e+00	-4.05080610e+06	-1.57664440e+05	1.00000000e-09	9.60908778e+04	1.00000000e-10	9.60908778e+03	-9.27136026e+09	4.71744438e-02
8.90000000e+00	7.48284610e+00	-4.07923217e+06	-1.58770832e+05	1.00000000e-09	6.77324646e+04	1.00000000e-10	6.77324646e+03	-6.53518934e+09	4.33703214e-02
9.00000000e+00	7.56692302e+00	-4.10689514e+06	-1.59847523e+05	1.60964435e-01	1.00000000e-09	1.60964435e-02	1.00000000e-10	1.55307068e+04	3.98729614e-02
9.10000000e+00	7.65099995e+00	-4.13455814e+06	-1.60924215e+05	6.20923572e-02	1.00000000e-09	6.20923572e-03	1.00000000e-10	5.99100161e+03	3.66576268e-02
9.20000000e+00	7.73507687e+00	-4.16222115e+06	-1.62000908e+05	1.00000000e-09	9.31000155e+04	1.00000000e-10	9.31000155e+03	-8.98278592e+09	3.37015752e-02
9.30000000e+00	7.81915379e+00	-4.18899232e+06	-1.63042889e+05	1.00000000e-09	7.91200613e+04	1.00000000e-10	7.91200613e+03	-7.63392539e+09	3.09838980e-02
9.40000000e+00	7.90323071e+00	-4.21496386e+06	-1.64053746e+05	1.28183920e-01	1.00000000e-09	1.28183920e-02	1.00000000e-10	1.23678680e+04	2.84853728e-02
9.50000000e+00	7.98730764e+00	-4.24093542e+06	-1.65064605e+05	6.42304754e-02	1.00000000e-09	6.42304754e-03	1.00000000e-10	6.19729865e+03	2.61883275e-02
9.60000000e+00	8.07138456e+00	-4.26690699e+06	-1.66075464e+05	1.00000000e-09	8.80757102e+04	1.00000000e-10	8.80757102e+03	-8.49801415e+09	2.40765146e-02
9.70000000e+00	8.15546148e+00	-4.29202430e+06	-1.67053073e+05	1.00000000e-09	9.11044629e+04	1.00000000e-10	9.11044629e+03	-8.79024436e+09	2.21349973e-02
9.80000000e+00	8.23953840e+00	-4.31630619e+06	-1.67998167e+05	3.07885041e-02	1.00000000e-09	3.07885041e-03	1.00000000e-10	2.97063894e+03	2.03500429e-02
9.90000000e+00	8.32361533e+00	-4.34058809e+06	-1.68943261e+05	4.27173424e-03	1.00000000e-09	4.27173424e-04	1.00000000e-10	4.12159601e+02	1.87090262e-02
1.00000000e+01	8.40769225e+00	-4.36486999e+06	-1.69888354e+05	1.00000000e-09	8.05396073e+04	1.00000000e-10	8.05396073e+03	-7.77089076e+09	1.72003403e-02
1.01000000e+01	8.49176917e+00	-4.38833926e+06	-1.70801819e+05	1.00000000e-09	1.03263485e+05	1.00000000e-10	1.03263485e+04	-9.96341169e+09	1.58133140e-02
1.02000000e+01	8.57584609e+00	-4.41093859e+06	-1.71681425e+05	9.92887261e-05	1.00000000e-09	9.92887261e-06	1.00000000e-10	9.57980923e+00	1.45381368e-02
1.03000000e+01	8.65992302e+00	-4.43353791e+06	-1.72561030e+05	8.13159734e-04	1.00000000e-09	8.13159734e-05	1.00000000e-10	7.84578905e+01	1.33657892e-02
1.04000000e+01	8.74399994e+00	-4.45613724e+06	-1.73440635e+05	1.00000000e-09	6.99815471e+04	1.00000000e-10	6.99815471e+03	-6.75219281e+09	1.22879791e-02
1.05000000e+01	8.82807686e+00	-4.47796991e+06	-1.74290401e+05	1.00000000e-09	1.14932777e+05	1.00000000e-10	1.14932777e+04	-1.10893271e+10	1.12970830e-02
1.06000000e+01	8.91215378e+00	-4.49889989e+06	-1.75105032e+05	1.00000000e-09	1.00000000e-09	1.00000000e-10	1.00000000e-10	0.00000000e+00	1.03860923e-02
1.07000000e+01	8.99623071e+00	-4.51982987e+06	-1.75919663e+05	7.17927023e-04	1.00000000e-09	7.17927023e-05	1.00000000e-10	6.92693308e+01	9.54856333e-03
1.08000000e+01	9.08030763e+00	-4.54075985e+06	-1.76734295e+05	7.35387126e-05	5.59137332e+04	7.35387126e-06	5.59137332e+03	-5.39485511e+09	8.77857228e-03
1.09000000e+01	9.16438455e+00	-4.56097364e+06	-1.77521051e+05	1.00000000e-09	1.25123702e+05	1.00000000e-10	1.25123702e+04	-1.20726020e+10	8.07067289e-03
1.10000000e+01	9.24846147e+00	-4.58025441e+06	-1.78271492e+05	1.00000000e-09	1.00000000e-09	1.00000000e-10	1.00000000e-10	0.00000000e+00	7.41985814e-03
1.11000000e+01	9.33253840e+00	-4.59953517e+06	-1.79021933e+05	1.73808368e-04	1.00000000e-09	1.73808368e-05	1.00000000e-10	1.67698616e+01	6.82152474e-03
1.12000000e+01	9.41661532e+00	-4.61881594e+06	-1.79772374e+05	5.05866591e-06	3.79761158e+04	5.05866591e-07	3.79761158e+03	-3.66413815e+09	6.27144062e-03
1.13000000e+01	9.50069224e+00	-4.63743553e+06	-1.80497081e+05	1.09784494e-06	1.32437583e+05	1.09784494e-07	1.32437583e+04	-1.27782842e+10	5.76571500e-03
1.14000000e+01	9.58476916e+00	-4.65509479e+06	-1.81184410e+05	1.62067393e-07	1.00000000e-09	1.62067393e-08	1.00000000e-10	1.55406409e-02	5.30077082e-03
1.15000000e+01	9.66884609e+00	-4.67275405e+06	-1.81871739e+05	1.00000000e-09	1.00000000e-09	1.00000000e-10	1.00000000e-10	0.00000000e+00	4.87331949e-03
1.16000000e+01	9.75292301e+00	-4.69041332e+06	-1.82559069e+05	1.00000000e-09	1.61250437e+04	1.00000000e-10	1.61250437e+03	-1.55583020e+09	4.48033760e-03
1.17000000e+01	9.83699993e+00	-4.70747092e+06	-1.83222980e+05	7.97690804e-08	1.35004615e+05	7.97690804e-09	1.35004615e+04	-1.30259651e+10	4.11904557e-03
1.18000000e+01	9.92107685e+00	-4.72354480e+06	-1.83848604e+05	1.07588567e-07	1.00000000e-09	1.07588567e-08	1.00000000e-10	1.02842333e-02	3.78688794e-03
1.19000000e+01	1.00051538e+01	-4.73961867e+06	-1.84474227e+05	1.00000000e-09	1.00000000e-09	1.00000000e-10	1.00000000e-10	0.00000000e+00	3.48151531e-03
1.20000000e+01	1.00892307e+01	-4.75569254e+06	-1.85099850e+05	1.00000000e-09	1.00000000e-09	1.00000000e-10	1.00000000e-10	0.00000000e+00	3.20076778e-03
1.21000000e+01	1.01733076e+01	-4.77122854e+06	-1.85704538e+05	1.00000000e-09	1.30509898e+05	1.00000000e-10	1.30509898e+04	-1.25922909e+10	2.94265957e-03
1.22000000e+01	1.02573845e+01	-4.78576225e+06	-1.86270215e+05	4.27775681e-09	1.32437998e+04	4.27775681e-10	1.32437998e+03	-1.27783242e+09	2.70536508e-03
1.23000000e+01	1.03414615e+01	-4.80029595e+06	-1.86835892e+05	1.30441019e-09	1.00000000e-09	1.30441019e-10	1.00000000e-10	2.93711183e-05	2.48720588e-03
1.24000000e+01	1.04255384e+01	-4.81482965e+06	-1.87401569e+05	1.00000000e-09	1.00000000e-09	1.00000000e-10	1.00000000e-10	0.00000000e+00	2.28663893e-03
1.25000000e+01	1.05096153e+01	-4.82889312e+06	-1.87948944e+05	1.00000000e-09	1.16435232e+05	1.00000000e-10	1.16435232e+04	-1.12342920e+10	2.10224558e-03
1.26000000e+01	1.05936922e+01	-4.84194152e+06	-1.88456811e+05	1.00000000e-09	3.96107540e+04	1.00000000e-10	3.96107540e+03	-3.82185675e+09	1.93272162e-03
1.27000000e+01	1.06777692e+01	-4.85498991e+06	-1.88964677e+05	1.00000000e-09	1.00000000e-09	1.00000000e-10	1.00000000e-10	0.00000000e+00	1.77686798e-03
1.28000000e+01	1.07618461e+01	-4.86803831e+06	-1.89472543e+05	1.00000000e-09	1.00000000e-09	1.00000000e-10	1.00000000e-10	0.00000000e+00	1.63358230e-03
1.29000000e+01	1.08459230e+01	-4.88068738e+06	-1.89964867e+05	1.00000000e-09	9.07429710e+04	1.00000000e-10	9.07429710e+03	-8.75536570e+09	1.50185109e-03
1.30000000e+01	1.09299999e+01	-4.89231536e+06	-1.90417448e+05	1.00000000e-09	6.15632798e+04	1.00000000e-10	6.15632798e+03	-5.93995350e+09	1.38074262e-03
1.31000000e+01	1.10140768e+01	-4.90394333e+06	-1.90870029e+05	1.00000000e-09	1.00000000e-09	1.00000000e-10	1.00000000e-10	0.00000000e+00	1.26940027e-03
1.32000000e+01	1.10981538e+01	-4.91557131e+06	-1.91322611e+05	1.00000000e-09	1.00000000e-09	1.00000000e-10	1.00000000e-10	0.00000000e+00	1.16703651e-03
1.33000000e+01	1.11822307e+01	-4.92687336e+06	-1.91762506e+05	1.00000000e-09	5.33360798e+04	1.00000000e-10	5.33360798e+03	-5.14614937e+09	1.07292731e-03
1.34000000e+01	1.12663076e+01	-4.93715601e+06	-1.92162725e+05	1.00000000e-09	7.16786907e+04	1.00000000e-10	7.16786907e+03	-6.91594227e+09	9.86407027e-04
1.35000000e+01	1.13503845e+01	-4.94743866e+06	-1.92562943e+05	1.00000000e-09	1.00000000e-09	1.00000000e-10	1.00000000e-10	0.00000000e+00	9.06863691e-04
1.36000000e+01	1.14344615e+01	-4.95772131e+06	-1.92963162e+05	1.00000000e-09	1.00000000e-09	1.00000000e-10	1.00000000e-10	0.00000000e+00	8.33734687e-04
1.37000000e+01	1.15185384e+01	-4.96775296e+06	-1.93353611e+05	1.00000000e-09	8.60826966e+03	1.00000000e-10	8.60826966e+02	-8.30571758e+08	7.66502767e-04
1.38000000e+01	1.16026153e+01	-4.97677556e+06	-1.93704787e+05	1.00000000e-09	6.03466575e+04	1.00000000e-10	6.03466575e+03	-5.82256729e+09	7.04692393e-04
1.39000000e+01	1.16866922e+01	-4.98579817e+06	-1.94055963e+05	1.00000000e-09	8.57591094e+03	1.00000000e-10	8.57591094e+02	-8.27449616e+08	6.47866374e-04
1.40000000e+01	1.17707691e+01	-4.99482078e+06	-1.94407138e+05	1.00000000e-09	1.00000000e-09	1.00000000e-10	1.00000000e-10	0.00000000e+00	5.95622776e-04
1.41000000e+01	1.18548461e+01	-5.00366771e+06	-1.94751476e+05	1.00000000e-09	1.00000000e-09	1.00000000e-10	1.00000000e-10	0.00000000e+00	5.47592073e-04
1.42000000e+01	1.19389230e+01	-5.01152553e+06	-1.95057316e+05	1.00000000e-09	1.93846675e+04	1.00000000e-10	1.93846675e+03	-1.87033608e+09	5.03434541e-04
1.43000000e+01	1.20229999e+01	-5.01938336e+06	-1.95363157e+05	1.00000000e-09	3.75189515e+04	1.00000000e-10	3.75189515e+03	-3.62002850e+09	4.62837848e-04
1.44000000e+01	1.21070768e+01	-5.02724118e+06	-1.95668997e+05	1.00000000e-09	1.00000000e-09	1.00000000e-10	1.00000000e-10	0.00000000e+00	4.25514851e-04
1.45000000e+01	1.21911538e+01	-5.03499794e+06	-1.95970903e+05	1.00000000e-09	1.00000000e-09	1.00000000e-10	1.00000000e-10	0.00000000e+00	3.91201561e-04
1.46000000e+01	1.22752307e+01	-5.04179598e+06	-1.96235495e+05	1.00000000e-09	1.00000000e-09	1.00000000e-10	1.00000000e-10	0.00000000e+00	3.59655276e-04
1.47000000e+01	1.23593076e+01	-5.04859402e+06	-1.96500087e+05	1.00000000e-09	2.57484778e+04	1.00000000e-10	2.57484778e+03	-2.48435043e+09	3.30652866e-04
1.48000000e+01	1.24433845e+01	-5.05539207e+06	-1.96764678e+05	1.00000000e-09	5.81602422e+04	1.00000000e-10	5.81602422e+03	-5.61161028e+09	3.03989196e-04
1.49000000e+01	1.25274615e+01	-5.06216128e+06	-1.97028148e+05	1.00000000e-09	1.00000000e-09	1.00000000e-10	1.00000000e-10	0.00000000e+00	2.79475669e-04
1.50000000e+01	1.26115384e+01	-5.06801340e+06	-1.97255923e+05	1.00000000e-09	1.00000000e-09	1.00000000e-10	1.00000000e-10	0.00000000e+00	2.56938901e-04
1.51000000e+01	1.26956153e+01	-5.07386552e+06	-1.97483697e+05	1.00000000e-09	1.00000000e-09	1.00000000e-10	1.00000000e-10	0.00000000e+00	2.36219485e-04
1.52000000e+01	1.27796922e+01	-5.07971764e+06	-1.97711472e+05	1.00000000e-09	9.40574912e+04	1.00000000e-10	9.40574912e+03	-9.07516828e+09	2.17170872e-04
1.53000000e+01	1.28637691e+01	-5.08556976e+06	-1.97939247e+05	1.00000000e-09	8.62684126e+04	1.00000000e-10	8.62684126e+03	-8.32363644e+09	1.99658328e-04
1.54000000e+01	1.29478461e+01	-5.09055826e+06	-1.98133408e+05	1.00000000e-09	1.00000000e-09	1.00000000e-10	1.00000000e-10	0.00000000e+00	1.83557987e-04
1.55000000e+01	1.30319230e+01	-5.09549256e+06	-1.98325460e+05	1.00000000e-09	1.00000000e-09	1.00000000e-10	1.00000000e-10	0.00000000e+00	1.68755969e-04
1.56000000e+01	1.31159999e+01	-5.10042687e+06	-1.98517511e+05	1.00000000e-09	3.67103493e+04	1.00000000e-10	3.67103493e+03	-3.54201024e+09	1.55147578e-04
1.57000000e+01	1.32000768e+01	-5.10536117e+06	-1.98709563e+05	1.00000000e-09	1.69261215e+05	1.00000000e-10	1.69261215e+04	-1.63312246e+10	1.42636560e-04
1.58000000e+01	1.32841538e+01	-5.10949753e+06	-1.98870557e+05	1.00000000e-09	6.76316061e+03	1.00000000e-10	6.76316061e+02	-6.52545798e+08	1.31134424e-04
1.59000000e+01	1.33682307e+01	-5.11352545e+06	-1.99027331e+05	1.00000000e-09	1.00000000e-09	1.00000000e-10	1.00000000e-10	0.00000000e+00	1.20559814e-04
1.60000000e+01	1.34523076e+01	-5.11755337e+06	-1.99184105e+05	1.00000000e-09	1.00000000e-09	1.00000000e-10	1.00000000e-10	0.00000000e+00	1.10837935e-04
1.61000000e+01	1.35363845e+01	-5.12158129e+06	-1.99340878e+05	1.00000000e-09	1.00742319e+05	1.00000000e-10	1.00742319e+04	-9.72015612e+09	1.01900023e-04
1.62000000e+01	1.36204614e+01	-5.12488909e+06	-1.99469624e+05	1.00000000e-09	1.62465622e+05	1.00000000e-10	1.62465622e+04	-1.56755495e+10	9.36828597e-05
1.63000000e+01	1.37045384e+01	-5.12804506e+06	-1.99592460e+05	1.00000000e-09	1.30617381e+04	1.00000000e-10	1.30617381e+03	-1.26026614e+09	8.61283240e-05
1.64000000e+01	1.37886153e+01	-5.13120103e+06	-1.99715295e+05	1.00000000e-09	1.00000000e-09	1.00000000e-10	1.00000000e-10	0.00000000e+00	7.91829819e-05
1.65000000e+01	1.38726922e+01	-5.13435700e+06	-1.99838131e+05	1.00000000e-09	1.00000000e-09	1.00000000e-10	1.00000000e-10	0.00000000e+00	7.27977085e-05
1.66000000e+01	1.39567691e+01	-5.13688217e+06	-1.99936415e+05	1.00000000e-09	1.00000000e-09	1.00000000e-10	1.00000000e-10	0.00000000e+00	6.69273402e-05
1.67000000e+01	1.40408461e+01	-5.13922584e+06	-2.00027635e+05	1.00000000e-09	1.03448160e+05	1.00000000e-10	1.03448160e+04	-9.98123011e+09	6.15303552e-05
1.68000000e+01	1.41249230e+01	-5.14156950e+06	-2.00118855e+05	1.00000000e-09	1.33375873e+05	1.00000000e-10	1.33375873e+04	-1.28688154e+10	5.65685802e-05
1.69000000e+01	1.42089999e+01	-5.14391317e+06	-2.00210074e+05	1.00000000e-09	4.27657807e+04	1.00000000e-10	4.27657807e+03	-4.12627056e+09	5.20069201e-05
1.70000000e+01	1.42930768e+01	-5.14572640e+06	-2.00280648e+05	1.00000000e-09	1.00000000e-09	1.00000000e-10	1.00000000e-10	0.00000000e+00	4.78131098e-05
1.71000000e+01	1.43771537e+01	-5.14734546e+06	-2.00343665e+05	1.00000000e-09	1.00000000e-09	1.00000000e-10	1.00000000e-10	0.00000000e+00	4.39574862e-05
1.72000000e+01	1.44612307e+01	-5.14896451e+06	-2.00406681e+05	1.00000000e-09	1.00000000e-09	1.00000000e-10	1.00000000e-10	0.00000000e+00	4.04127779e-05
1.73000000e+01	1.45453076e+01	-5.15058357e+06	-2.00469698e+05	1.00000000e-09	1.00000000e-09	1.00000000e-10	1.00000000e-10	0.00000000e+00	3.71539131e-05
1.74000000e+01	1.46293845e+01	-5.15178250e+06	-2.00516362e+05	1.00000000e-09	1.00000000e-09	1.00000000e-10	1.00000000e-10	0.00000000e+00	3.41578414e-05
1.75000000e+01	1.47134614e+01	-5.15279532e+06	-2.00555783e+05	1.00000000e-09	1.00000000e-09	1.00000000e-10	1.00000000e-10	0.00000000e+00	3.14033713e-05
1.76000000e+01	1.47975384e+01	-5.15380815e+06	-2.00595204e+05	1.00000000e-09	1.00000000e-09	1.00000000e-10	1.00000000e-10	0.00000000e+00	2.88710202e-05
1.77000000e+01	1.48816153e+01	-5.15482098e+06	-2.00634625e+05	1.00000000e-09	3.87711702e+04	1.00000000e-10	3.87711702e+03	-3.74084924e+09	2.65428765e-05
1.78000000e+01	1.49656922e+01	-5.15553185e+06	-2.00662293e+05	1.00000000e-09	2.92863374e+04	1.00000000e-10	2.92863374e+03	-2.82570199e+09	2.44024731e-05
1.79000000e+01	1.50497691e+01	-5.15608960e+06	-2.00684002e+05	1.00000000e-09	7.82053307e+03	1.00000000e-10	7.82053307e+02	-7.54566731e+08	2.24346707e-05
1.80000000e+01	1.51338460e+01	-5.15664735e+06	-2.00705710e+05	1.00000000e-09	6.73868892e+03	1.00000000e-10	6.73868892e+02	-6.50184638e+08	2.06255509e-05
1.81000000e+01	1.52179230e+01	-5.15720510e+06	-2.00727419e+05	1.00000000e-09	2.32210140e+04	1.00000000e-10	2.32210140e+03	-2.24048725e+09	1.89623175e-05
1.82000000e+01	1.53019999e+01	-5.15758345e+06	-2.00742145e+05	1.00000000e-09	1.35978381e+04	1.00000000e-10	1.35978381e+03	-1.31199192e+09	1.74332063e-05
1.83000000e+01	1.53860768e+01	-5.15787102e+06	-2.00753338e+05	1.00000000e-09	1.62408167e+03	1.00000000e-10	1.62408167e+02	-1.56700059e+08	1.60274019e-05
1.84000000e+01	1.54701537e+01	-5.15815859e+06	-2.00764531e+05	1.00000000e-09	9.12089258e+02	1.00000000e-10	9.12089258e+01	-8.80032349e+07	1.47349607e-05
1.85000000e+01	1.55542307e+01	-5.15844616e+06	-2.00775723e+05	1.00000000e-09	6.52473812e+03	1.00000000e-10	6.52473812e+02	-6.29541525e+08	1.35467414e-05
1.86000000e+01	1.56383076e+01	-5.15867588e+06	-2.00784665e+05	1.00000000e-09	5.88233208e+02	1.00000000e-10	5.88233208e+01	-5.67558765e+07	1.24543394e-05
1.87000000e+01	1.57223845e+01	-5.15890561e+06	-2.00793606e+05	1.00000000e-09	5.34029067e+01	1.00000000e-10	5.34029067e+00	-5.15259719e+06	1.14500281e-05
1.88000000e+01	1.58064614e+01	-5.15913533e+06	-2.00802547e+05	1.00000000e-09	8.96505693e+00	1.00000000e-10	8.96505693e-01	-8.64996495e+05	1.05267039e-05
1.89000000e+01	1.58905384e+01	-5.15936506e+06	-2.00811489e+05	1.00000000e-09	4.68522437e+01	1.00000000e-10	4.68522437e+00	-4.52055430e+06	9.67783615e-06
1.90000000e+01	1.59746153e+01	-5.15959478e+06	-2.00820430e+05	1.00000000e-09	5.14977934e+02	1.00000000e-10	5.14977934e+01	-4.96878170e+07	8.89742061e-06
1.91000000e+01	1.60586922e+01	-5.15982451e+06	-2.00829371e+05	1.00000000e-09	5.71208389e+03	1.00000000e-10	5.71208389e+02	-5.51132311e+08	8.17993736e-06
1.92000000e+01	1.61427691e+01	-5.16001359e+06	-2.00836731e+05	1.13270830e-08	1.61707172e+04	1.13270830e-09	1.61707172e+03	-1.56023702e+09	7.52031158e-06
1.93000000e+01	1.62268460e+01	-5.16005917e+06	-2.00838505e+05	3.14661651e-06	3.48566092e+02	3.14661651e-07	3.48566092e+01	-3.36315149e+07	6.91387767e-06
1.94000000e+01	1.63109230e+01	-5.16010476e+06	-2.00840279e+05	9.05099197e-04	2.61144988e+02	9.05099197e-05	2.61144988e+01	-2.51965736e+07	6.35634627e-06
1.95000000e+01	1.63949999e+01	-5.16015035e+06	-2.00842053e+05	2.60423789e-01	1.19621507e+04	2.60423789e-02	1.19621507e+03	-1.15414696e+09	5.84377390e-06
1.96000000e+01	1.64790768e+01	-5.16008454e+06	-2.00839492e+05	9.60377199e+00	3.08020870e+04	9.60377199e-01	3.08020870e+03	-2.97102297e+09	5.37253509e-06
1.97000000e+01	1.65631537e+01	-5.15968837e+06	-2.00824072e+05	6.23686908e+01	7.29772486e-04	6.23686908e+00	7.29772486e-05	6.01759344e+06	4.93929673e-06
1.98000000e+01	1.66472307e+01	-5.15929220e+06	-2.00808653e+05	3.94867721e+02	2.58588785e-04	3.94867721e+01	2.58588785e-05	3.80989182e+07	4.54099448e-06
1.99000000e+01	1.67313076e+01	-5.15889602e+06	-2.00793233e+05	2.49841516e+03	1.09144408e+04	2.49841516e+02	1.09144408e+03	-8.12023025e+08	4.17481111e-06
2.00000000e+01	1.68153845e+01	-5.15836496e+06	-2.00772563e+05	1.17927680e+04	3.78352928e+04	1.17927680e+03	3.78352928e+03	-2.51272166e+09	3.83815657e-06
2.01000000e+01	1.68994614e+01	-5.15727333e+06	-2.00730075e+05	2.65398390e+04	1.00000000e-09	2.65398390e+03	1.00000000e-10	2.56070518e+09	3.52864967e-06
2.02000000e+01	1.69835383e+01	-5.15618169e+06	-2.00687586e+05	5.06709577e+04	1.00000000e-09	5.06709577e+03	1.00000000e-10	4.88900419e+09	3.24410125e-06
2.03000000e+01	1.70676153e+01	-5.15509005e+06	-2.00645098e+05	9.27184881e+04	4.99971059e+03	9.27184881e+03	4.99971059e+02	8.46357539e+09	2.98249865e-06
2.04000000e+01	1.71516922e+01	-5.15391292e+06	-2.00599282e+05	1.55380720e+05	4.07176457e+04	1.55380720e+04	4.07176457e+03	1.10633048e+10	2.74199155e-06
2.05000000e+01	1.72357691e+01	-5.15190811e+06	-2.00521251e+05	1.44687280e+05	1.00000000e-09	1.44687280e+04	1.00000000e-10	1.39602003e+10	2.52087882e-06
2.06000000e+01	1.73198460e+01	-5.14990329e+06	-2.00443220e+05	3.00422655e+04	1.00000000e-09	3.00422655e+03	1.00000000e-10	2.89863797e+09	2.31759650e-06
2.07000000e+01	1.74039230e+01	-5.14789848e+06	-2.00365189e+05	1.00000000e-09	1.00000000e-09	1.00000000e-10	1.00000000e-10	0.00000000e+00	2.13070675e-06
2.08000000e+01	1.74879999e+01	-5.14589366e+06	-2.00287158e+05	1.00000000e-09	4.08997784e+04	1.00000000e-10	4.08997784e+03	-3.94622870e+09	1.95888770e-06
2.09000000e+01	1.75720768e+01	-5.14277709e+06	-2.00165856e+05	1.00000000e-09	3.23723018e+03	1.00000000e-10	3.23723018e+02	-3.12345229e+08	1.80092404e-06
2.10000000e+01	1.76561537e+01	-5.13955865e+06	-2.00040588e+05	1.06068557e+05	1.00000000e-09	1.06068557e+04	1.00000000e-10	1.02340600e+10	1.65569849e-06
2.11000000e+01	1.77402306e+01	-5.13634020e+06	-1.99915321e+05	1.53317618e+05	1.00000000e-09	1.53317618e+04	1.00000000e-10	1.47929013e+10	1.52218384e-06
2.12000000e+01	1.78243076e+01	-5.13312175e+06	-1.99790053e+05	1.63235444e+04	3.73258226e+04	1.63235444e+03	3.73258226e+03	-2.02641178e+09	1.39943575e-06
2.13000000e+01	1.79083845e+01	-5.12853458e+06	-1.99611513e+05	1.00000000e-09	1.10970960e+04	1.00000000e-10	1.10970960e+03	-1.07070700e+09	1.28658600e-06
2.14000000e+01	1.79924614e+01	-5.12346800e+06	-1.99414312e+05	1.00000000e-09	1.00000000e-09	1.00000000e-10	1.00000000e-10	0.00000000e+00	1.18283639e-06
2.15000000e+01	1.80765383e+01	-5.11840141e+06	-1.99217112e+05	6.56228259e+04	1.00000000e-09	6.56228259e+03	1.00000000e-10	6.33164015e+09	1.08745310e-06
2.16000000e+01	1.81606153e+01	-5.11333482e+06	-1.99019912e+05	9.79687927e+04	3.00353271e+04	9.79687927e+03	3.00353271e+03	6.55458299e+09	9.99761460e-07
2.17000000e+01	1.82446922e+01	-5.10675961e+06	-1.98763993e+05	1.00000000e-09	1.79560841e+04	1.00000000e-10	1.79560841e+03	-1.73249874e+09	9.19141229e-07
2.18000000e+01	1.83287691e+01	-5.09911914e+06	-1.98466612e+05	1.00000000e-09	1.00000000e-09	1.00000000e-10	1.00000000e-10	0.00000000e+00	8.45022171e-07
2.19000000e+01	1.84128460e+01	-5.09147866e+06	-1.98169232e+05	1.00000000e-09	1.00000000e-09	1.00000000e-10	1.00000000e-10	0.00000000e+00	7.76880034e-07
2.20000000e+01	1.84969229e+01	-5.08383819e+06	-1.97871851e+05	8.25711949e+04	1.97739113e+04	8.25711949e+03	1.97739113e+03	6.05901677e+09	7.14232843e-07
2.21000000e+01	1.85809999e+01	-5.07485642e+06	-1.97522265e+05	3.84679662e+04	2.36409194e+04	3.84679662e+03	2.36409194e+03	1.43059254e+09	6.56637488e-07
2.22000000e+01	1.86650768e+01	-5.06400254e+06	-1.97099813e+05	1.00000000e-09	1.00000000e-09	1.00000000e-10	1.00000000e-10	0.00000000e+00	6.03686592e-07
2.23000000e+01	1.87491537e+01	-5.05314866e+06	-1.96677361e+05	1.00000000e-09	1.00000000e-09	1.00000000e-10	1.00000000e-10	0.00000000e+00	5.55005627e-07
2.24000000e+01	1.88332306e+01	-5.04229477e+06	-1.96254909e+05	4.67988500e+04	4.97238075e+03	4.67988500e+03	4.97238075e+02	4.03564078e+09	5.10250270e-07
2.25000000e+01	1.89173076e+01	-5.03100660e+06	-1.95815553e+05	6.11192428e+04	2.67446038e+04	6.11192428e+03	2.67446038e+03	3.31664847e+09	4.69103960e-07
2.26000000e+01	1.90013845e+01	-5.01709332e+06	-1.95274024e+05	1.00000000e-09	2.14161963e+03	1.00000000e-10	2.14161963e+02	-2.06634881e+08	4.31275667e-07
2.27000000e+01	1.90854614e+01	-5.00294820e+06	-1.94723472e+05	1.00000000e-09	1.00000000e-09	1.00000000e-10	1.00000000e-10	0.00000000e+00	3.96497828e-07
2.28000000e+01	1.91695383e+01	-4.98880309e+06	-1.94172919e+05	1.48828143e+04	1.00000000e-09	1.48828143e+03	1.00000000e-10	1.43597328e+09	3.64524455e-07
2.29000000e+01	1.92536153e+01	-4.97465797e+06	-1.93622367e+05	6.76672745e+04	2.55110412e+01	6.76672745e+03	2.55110412e+00	6.52643801e+09	3.35129397e-07
2.30000000e+01	1.93376922e+01	-4.96051007e+06	-1.93071706e+05	1.00000000e-09	4.07333086e+02	1.00000000e-10	4.07333086e+01	-3.93016681e+07	3.08104742e-07
2.31000000e+01	1.94217691e+01	-4.94631767e+06	-1.92519313e+05	1.00000000e-09	2.06833714e+03	1.00000000e-10	2.06833714e+02	-1.99564196e+08	2.83259340e-07
2.32000000e+01	1.95058460e+01	-4.93189732e+06	-1.91958047e+05	1.00000000e-09	9.89395155e+03	1.00000000e-10	9.89395155e+02	-9.54621201e+08	2.60417458e-07
2.33000000e+01	1.95899229e+01	-4.91636013e+06	-1.91353313e+05	6.10867991e+04	6.19374347e+03	6.10867991e+03	6.19374347e+02	5.29637471e+09	2.39417533e-07
2.34000000e+01	1.96739999e+01	-4.90013016e+06	-1.90721614e+05	1.77872225e+04	1.00000000e-09	1.77872225e+03	1.00000000e-10	1.71620607e+09	2.20111031e-07
2.35000000e+01	1.97580768e+01	-4.88394293e+06	-1.90091579e+05	1.00000000e-09	1.00000000e-09	1.00000000e-10	1.00000000e-10	0.00000000e+00	2.02361395e-07
2.36000000e+01	1.98421537e+01	-4.86775570e+06	-1.89461544e+05	1.00000000e-09	3.14690664e+03	1.00000000e-10	3.14690664e+02	-3.03630332e+08	1.86043080e-07
2.37000000e+01	1.99262306e+01	-4.85117543e+06	-1.88816211e+05	5.35575452e+04	3.38164916e+03	5.35575452e+03	3.38164916e+02	4.84123799e+09	1.71040665e-07
2.38000000e+01	2.00103076e+01	-4.83416294e+06	-1.88154055e+05	3.45769040e+04	1.00000000e-09	3.45769040e+03	1.00000000e-10	3.33616406e+09	1.57248037e-07
2.39000000e+01	2.00943845e+01	-4.81718392e+06	-1.87493202e+05	1.00000000e-09	1.00000000e-09	1.00000000e-10	1.00000000e-10	0.00000000e+00	1.44567640e-07
2.40000000e+01	2.01784614e+01	-4.80023710e+06	-1.86833602e+05	1.00000000e-09	1.53469309e+03	1.00000000e-10	1.53469309e+02	-1.48075373e+08	1.32909782e-07
2.41000000e+01	2.02625383e+01	-4.78309141e+06	-1.86166262e+05	4.20356618e+04	2.53819654e+03	4.20356618e+03	2.53819654e+02	3.81092606e+09	1.22192009e-07
2.42000000e+01	2.03466152e+01	-4.76561205e+06	-1.85485935e+05	4.79727193e+04	1.00000000e-09	4.79727193e+03	1.00000000e-10	4.62866375e+09	1.12338510e-07
2.43000000e+01	2.04306922e+01	-4.74814104e+06	-1.84805932e+05	1.00000000e-09	1.00000000e-09	1.00000000e-10	1.00000000e-10	0.00000000e+00	1.03279593e-07
2.44000000e+01	2.05147691e+01	-4.73070546e+06	-1.84127309e+05	1.00000000e-09	8.14761610e+02	1.00000000e-10	8.14761610e+01	-7.86125446e+07	9.49511815e-08
2.45000000e+01	2.05988460e+01	-4.71316174e+06	-1.83444477e+05	2.70373071e+04	2.12515978e+03	2.70373071e+03	2.12515978e+02	2.40365681e+09	8.72943689e-08
2.46000000e+01	2.06829229e+01	-4.69533303e+06	-1.82750553e+05	5.68585769e+04	1.00000000e-09	5.68585769e+03	1.00000000e-10	5.48601867e+09	8.02549976e-08
2.47000000e+01	2.07669999e+01	-4.67750433e+06	-1.82056628e+05	1.00000000e-09	1.00000000e-09	1.00000000e-10	1.00000000e-10	0.00000000e+00	7.37832774e-08
2.48000000e+01	2.08510768e+01	-4.65970710e+06	-1.81363929e+05	1.00000000e-09	3.58245154e+02	1.00000000e-10	3.58245154e+01	-3.45654027e+07	6.78334333e-08
2.49000000e+01	2.09351537e+01	-4.64187176e+06	-1.80669747e+05	9.97119563e+03	1.84349144e+03	9.97119563e+02	1.84349144e+02	7.84204238e+08	6.23633815e-08
2.50000000e+01	2.10192306e+01	-4.62378563e+06	-1.79965803e+05	6.07618019e+04	1.00000000e-09	6.07618019e+03	1.00000000e-10	5.86262264e+09	5.73344317e-08
2.51000000e+01	2.11033075e+01	-4.60569951e+06	-1.79261859e+05	1.00000000e-09	1.00000000e-09	1.00000000e-10	1.00000000e-10	0.00000000e+00	5.27110137e-08
2.52000000e+01	2.11873845e+01	-4.58764046e+06	-1.78558970e+05	1.00000000e-09	3.86605507e+00	1.00000000e-10	3.86605507e-01	-3.73017607e+05	4.84604257e-08
2.53000000e+01	2.12714614e+01	-4.56959631e+06	-1.77856660e+05	1.00000000e-09	1.58343115e+03	1.00000000e-10	1.58343115e+02	-1.52777881e+08	4.45526029e-08
2.54000000e+01	2.13555383e+01	-4.55133459e+06	-1.77145882e+05	5.96586768e+04	6.66837504e+01	5.96586768e+03	6.66837504e+00	5.74975324e+09	4.09599048e-08
2.55000000e+01	2.14396152e+01	-4.53306365e+06	-1.76434745e+05	1.60387584e+04	1.00000000e-09	1.60387584e+03	1.00000000e-10	1.54750493e+09	3.76569199e-08
2.56000000e+01	2.15236922e+01	-4.51481599e+06	-1.75724514e+05	1.00000000e-09	1.00000000e-09	1.00000000e-10	1.00000000e-10	0.00000000e+00	3.46202860e-08
2.57000000e+01	2.16077691e+01	-4.49658634e+06	-1.75014985e+05	1.00000000e-09	1.35581441e+03	1.00000000e-10	1.35581441e+02	-1.30816204e+08	3.18285246e-08
2.58000000e+01	2.16918460e+01	-4.47816877e+06	-1.74298141e+05	5.38313800e+04	3.26355808e+02	5.38313800e+03	3.26355808e+01	5.16245003e+09	2.92618894e-08
2.59000000e+01	2.17759229e+01	-4.45970569e+06	-1.73579525e+05	3.19164207e+04	1.00000000e-09	3.19164207e+03	1.00000000e-10	3.07946645e+09	2.69022262e-08
2.60000000e+01	2.18599998e+01	-4.44126168e+06	-1.72861652e+05	1.00000000e-09	1.00000000e-09	1.00000000e-10	1.00000000e-10	0.00000000e+00	2.47328451e-08
2.61000000e+01	2.19440768e+01	-4.42283673e+06	-1.72144521e+05	1.00000000e-09	1.15716135e+03	1.00000000e-10	1.15716135e+02	-1.11649097e+08	2.27384017e-08
2.62000000e+01	2.20281537e+01	-4.40424989e+06	-1.71421089e+05	4.38850285e+04	5.47487217e+02	4.38850285e+03	5.47487217e+01	4.18143707e+09	2.09047891e-08
2.63000000e+01	2.21122306e+01	-4.38558600e+06	-1.70694658e+05	4.50565135e+04	1.00000000e-09	4.50565135e+03	1.00000000e-10	4.34729267e+09	1.92190381e-08
2.64000000e+01	2.21963075e+01	-4.36693716e+06	-1.69968813e+05	1.00000000e-09	1.00000000e-09	1.00000000e-10	1.00000000e-10	0.00000000e+00	1.76692251e-08
2.65000000e+01	2.22803845e+01	-4.34830746e+06	-1.69243712e+05	1.00000000e-09	9.62840992e+02	1.00000000e-10	9.62840992e+01	-9.29000329e+07	1.62443882e-08
2.66000000e+01	2.23644614e+01	-4.32954174e+06	-1.68513317e+05	3.07352215e+04	6.83730198e+02	3.07352215e+03	6.83730198e+01	2.89952812e+09	1.49344494e-08
2.67000000e+01	2.24485383e+01	-4.31067889e+06	-1.67779142e+05	5.45514261e+04	1.00000000e-09	5.45514261e+03	1.00000000e-10	5.26341246e+09	1.37301434e-08
2.68000000e+01	2.25326152e+01	-4.29182761e+06	-1.67045418e+05	1.00000000e-09	1.00000000e-09	1.00000000e-10	1.00000000e-10	0.00000000e+00	1.26229520e-08
2.69000000e+01	2.26166921e+01	-4.27299505e+06	-1.66312422e+05	1.00000000e-09	7.12945806e+02	1.00000000e-10	7.12945806e+01	-6.87888129e+07	1.16050438e-08
2.70000000e+01	2.27007691e+01	-4.25406085e+06	-1.65575469e+05	1.54842524e+04	9.38760836e+02	1.54842524e+03	9.38760836e+01	1.40342658e+09	1.06692193e-08
2.71000000e+01	2.27848460e+01	-4.23499203e+06	-1.64833278e+05	5.97680063e+04	1.00000000e-09	5.97680063e+03	1.00000000e-10	5.76673593e+09	9.80885916e-09
2.72000000e+01	2.28689229e+01	-4.21593172e+06	-1.64091417e+05	1.00000000e-09	1.00000000e-09	1.00000000e-10	1.00000000e-10	0.00000000e+00	9.01787799e-09
2.73000000e+01	2.29529998e+01	-4.19688966e+06	-1.63350267e+05	1.00000000e-09	1.00000000e-09	1.00000000e-10	1.00000000e-10	0.00000000e+00	8.29068113e-09
2.74000000e+01	2.30370768e+01	-4.17784760e+06	-1.62609117e+05	1.00000000e-09	1.00000000e-09	1.00000000e-10	1.00000000e-10	0.00000000e+00	7.62212503e-09
2.75000000e+01	2.31211537e+01	-4.15880555e+06	-1.61867967e+05	6.10241144e+04	1.00000000e-09	6.10241144e+03	1.00000000e-10	5.88793195e+09	7.00748093e-09
2.76000000e+01	2.32052306e+01	-4.13977015e+06	-1.61127076e+05	8.82280545e+03	1.00000000e-09	8.82280545e+02	1.00000000e-10	8.51271314e+08	6.44240141e-09
2.77000000e+01	2.32893075e+01	-4.12075371e+06	-1.60386923e+05	1.00000000e-09	2.13224600e+02	1.00000000e-10	2.13224600e+01	-2.05730463e+07	5.92288960e-09
2.78000000e+01	2.33733845e+01	-4.10170664e+06	-1.59645578e+05	1.00000000e-09	3.80330556e+01	1.00000000e-10	3.80330556e+00	-3.66963200e+06	5.44527095e-09
2.79000000e+01	2.34574614e+01	-4.08265410e+06	-1.58904020e+05	5.78750710e+04	1.00000000e-09	5.78750710e+03	1.00000000e-10	5.58409545e+09	5.00616720e-09
2.80000000e+01	2.35415383e+01	-4.06360637e+06	-1.58162649e+05	2.46649769e+04	1.00000000e-09	2.46649769e+03	1.00000000e-10	2.37980849e+09	4.60247255e-09
2.81000000e+01	2.36256152e+01	-4.04457761e+06	-1.57422016e+05	1.00000000e-09	7.25746573e+01	1.00000000e-10	7.25746573e+00	-7.00238991e+06	4.23133162e-09
2.82000000e+01	2.37096921e+01	-4.02553843e+06	-1.56680978e+05	1.00000000e-09	5.64160256e+01	1.00000000e-10	5.64160256e+00	-5.44331897e+06	3.89011930e-09
2.83000000e+01	2.37937691e+01	-4.00649114e+06	-1.55939624e+05	5.05369779e+04	1.00000000e-09	5.05369779e+03	1.00000000e-10	4.87607710e+09	3.57642216e-09
2.84000000e+01	2.38778460e+01	-3.98744683e+06	-1.55198387e+05	3.88365752e+04	1.00000000e-09	3.88365752e+03	1.00000000e-10	3.74715985e+09	3.28802138e-09
2.85000000e+01	2.39619229e+01	-3.96842164e+06	-1.54457893e+05	1.00000000e-09	1.25950117e+01	1.00000000e-10	1.25950117e+00	-1.21523389e+06	3.02287709e-09
2.86000000e+01	2.40459998e+01	-3.94939465e+06	-1.53717329e+05	1.00000000e-09	5.19887590e+01	1.00000000e-10	5.19887590e+00	-5.01615268e+06	2.77911390e-09
2.87000000e+01	2.41300768e+01	-3.93036019e+06	-1.52976475e+05	3.95363185e+04	5.11241693e+00	3.95363185e+03	5.11241693e-01	3.81418155e+09	2.55500764e-09
2.88000000e+01	2.42141537e+01	-3.91132617e+06	-1.52235638e+05	5.03143694e+04	1.00000000e-09	5.03143694e+03	1.00000000e-10	4.85459865e+09	2.34897319e-09
2.89000000e+01	2.42982306e+01	-3.89231137e+06	-1.51495549e+05	1.00000000e-09	1.00000000e-09	1.00000000e-10	1.00000000e-10	0.00000000e+00	2.15955324e-09
2.90000000e+01	2.43823075e+01	-3.87329658e+06	-1.50755460e+05	1.00000000e-09	3.37892184e+01	1.00000000e-10	3.37892184e+00	-3.26016396e+06	1.98540802e-09
2.91000000e+01	2.44663844e+01	-3.85427694e+06	-1.50015182e+05	2.56553480e+04	2.54233345e+01	2.56553480e+03	2.54233345e+00	2.47291180e+09	1.82530578e-09
2.92000000e+01	2.45504614e+01	-3.83525364e+06	-1.49274762e+05	5.82364003e+04	1.00000000e-09	5.82364003e+03	1.00000000e-10	5.61895842e+09	1.67811410e-09
2.93000000e+01	2.46345383e+01	-3.81624950e+06	-1.48535088e+05	1.00000000e-09	1.00000000e-09	1.00000000e-10	1.00000000e-10	0.00000000e+00	1.54279187e-09
2.94000000e+01	2.47186152e+01	-3.79724685e+06	-1.47795472e+05	1.00000000e-09	8.40249992e+00	1.00000000e-10	8.40249992e-01	-8.10717995e+05	1.41838196e-09
2.95000000e+01	2.48026921e+01	-3.77824300e+06	-1.47055809e+05	9.88413993e+03	3.07991575e+01	9.88413993e+02	3.07991575e+00	9.50702857e+08	1.30400439e-09
2.96000000e+01	2.48867691e+01	-3.75923473e+06	-1.46315974e+05	6.20314458e+04	2.88551319e+00	6.20314458e+03	2.88551319e-01	5.98484624e+09	1.19885018e-09
2.97000000e+01	2.49708460e+01	-3.74024494e+06	-1.45576858e+05	1.00000000e-09	1.00000000e-09	1.00000000e-10	1.00000000e-10	0.00000000e+00	1.10217554e-09
2.98000000e+01	2.50549229e+01	-3.72125840e+06	-1.44837869e+05	1.00000000e-09	1.00000000e-09	1.00000000e-10	1.00000000e-10	0.00000000e+00	1.01329669e-09
2.99000000e+01	2.51389998e+01	-3.70227186e+06	-1.44098879e+05	1.00000000e-09	2.20913285e+01	1.00000000e-10	2.20913285e+00	-2.13148917e+06	9.31584987e-10
3.00000000e+01	2.52230767e+01	-3.68328215e+06	-1.43359767e+05	6.14212955e+04	1.89298031e+01	6.14212955e+03	1.89298031e+00	5.92442765e+09	8.56462471e-10
3.01000000e+01	2.53071537e+01	-3.66430824e+06	-1.42621269e+05	1.46988494e+04	1.00000000e-09	1.46988494e+03	1.00000000e-10	1.41822337e+09	7.87397794e-10
3.02000000e+01	2.53912306e+01	-3.64533927e+06	-1.41882964e+05	1.00000000e-09	1.00000000e-09	1.00000000e-10	1.00000000e-10	0.00000000e+00	7.23902457e-10
3.03000000e+01	2.54753075e+01	-3.62637031e+06	-1.41144659e+05	1.00000000e-09	3.53134617e+00	1.00000000e-10	3.53134617e-01	-3.40723108e+05	6.65527349e-10
3.04000000e+01	2.55593844e+01	-3.60740084e+06	-1.40406334e+05	5.64360046e+04	2.34317333e+01	5.64360046e+03	2.34317333e+00	5.44298582e+09	6.11859579e-10
3.05000000e+01	2.56434614e+01	-3.58844601e+06	-1.39668579e+05	3.01593105e+04	5.48351622e+00	3.01593105e+03	5.48351622e-01	2.90940201e+09	5.62519549e-10
3.06000000e+01	2.57275383e+01	-3.56949699e+06	-1.38931050e+05	1.00000000e-09	1.00000000e-09	1.00000000e-10	1.00000000e-10	0.00000000e+00	5.17158273e-10
3.07000000e+01	2.58116152e+01	-3.55054797e+06	-1.38193521e+05	1.00000000e-09	1.00000000e-09	1.00000000e-10	1.00000000e-10	0.00000000e+00	4.75454906e-10
3.08000000e+01	2.58956921e+01	-3.53159896e+06	-1.37455992e+05	4.74089011e+04	1.40218015e+01	4.74089011e+03	1.40218015e+00	4.57291067e+09	4.37114476e-10
3.09000000e+01	2.59797690e+01	-3.51266527e+06	-1.36719060e+05	4.34770456e+04	1.80293057e+01	4.34770456e+03	1.80293057e+00	4.19315762e+09	4.01865798e-10
3.10000000e+01	2.60638460e+01	-3.49373719e+06	-1.35982346e+05	1.00000000e-09	1.00000000e-09	1.00000000e-10	1.00000000e-10	0.00000000e+00	3.69459555e-10
3.11000000e+01	2.61479229e+01	-3.47480912e+06	-1.35245633e+05	1.00000000e-09	1.00000000e-09	1.00000000e-10	1.00000000e-10	0.00000000e+00	3.39666533e-10
3.12000000e+01	2.62319998e+01	-3.45588104e+06	-1.34508919e+05	3.49750689e+04	1.00000000e-09	3.49750689e+03	1.00000000e-10	3.37458114e+09	3.12276006e-10
3.13000000e+01	2.63160767e+01	-3.43696947e+06	-1.33772848e+05	5.36771727e+04	1.75448528e+01	5.36771727e+03	1.75448528e+00	5.17736702e+09	2.87094235e-10
3.14000000e+01	2.64001537e+01	-3.41806511e+06	-1.33037057e+05	1.00000000e-09	1.06245911e+01	1.00000000e-10	1.06245911e+00	-1.02511720e+06	2.63943109e-10
3.15000000e+01	2.64842306e+01	-3.39915923e+06	-1.32301207e+05	1.00000000e-09	1.00000000e-09	1.00000000e-10	1.00000000e-10	0.00000000e+00	2.42658878e-10
3.16000000e+01	2.65683075e+01	-3.38025335e+06	-1.31565357e+05	2.00304133e+04	1.00000000e-09	2.00304133e+03	1.00000000e-10	1.93264108e+09	2.23090996e-10
3.17000000e+01	2.66523844e+01	-3.36136302e+06	-1.30830113e+05	5.99947090e+04	3.59209085e+00	5.99947090e+03	3.59209085e-01	5.78826284e+09	2.05101057e-10
3.18000000e+01	2.67364614e+01	-3.34248332e+06	-1.30095282e+05	1.00000000e-09	1.69608781e+01	1.00000000e-10	1.69608781e+00	-1.63647596e+06	1.88561817e-10
3.19000000e+01	2.68205383e+01	-3.32360119e+06	-1.29360356e+05	1.00000000e-09	4.83261700e+00	1.00000000e-10	4.83261700e-01	-4.66276656e+05	1.73356293e-10
3.20000000e+01	2.69046152e+01	-3.30471838e+06	-1.28625404e+05	3.65861356e+03	1.00000000e-09	3.65861356e+02	1.00000000e-10	3.53002544e+08	1.59376934e-10
3.21000000e+01	2.69886921e+01	-3.28585006e+06	-1.27891016e+05	6.19540360e+04	1.00000000e-09	6.19540360e+03	1.00000000e-10	5.97765574e+09	1.46524863e-10
3.22000000e+01	2.70727690e+01	-3.26699419e+06	-1.27157113e+05	4.59392181e+03	7.70360148e+00	4.59392181e+02	7.70360148e-01	4.42502787e+08	1.34709176e-10
3.23000000e+01	2.71568460e+01	-3.24813722e+06	-1.26423167e+05	1.00000000e-09	1.48160590e+01	1.00000000e-10	1.48160590e+00	-1.42953238e+06	1.23846300e-10
3.24000000e+01	2.72409229e+01	-3.22927814e+06	-1.25689139e+05	1.00000000e-09	7.71521121e-01	1.00000000e-10	7.71521121e-02	-7.44404715e+04	1.13859401e-10
3.25000000e+01	2.73249998e+01	-3.21043226e+06	-1.24955624e+05	5.94024704e+04	1.00000000e-09	5.94024704e+03	1.00000000e-10	5.73146708e+09	1.04677839e-10
3.26000000e+01	2.74090767e+01	-3.19160005e+06	-1.24222642e+05	2.08562271e+04	1.00000000e-09	2.08562271e+03	1.00000000e-10	2.01232000e+09	9.62366743e-11
3.27000000e+01	2.74931537e+01	-3.17276783e+06	-1.23489659e+05	1.00000000e-09	8.63252491e+00	1.00000000e-10	8.63252491e-01	-8.32912033e+05	8.84762003e-11
3.28000000e+01	2.75772306e+01	-3.15393439e+06	-1.22756629e+05	1.00000000e-09	1.31695208e+01	1.00000000e-10	1.31695208e+00	-1.27066559e+06	8.13415267e-11
3.29000000e+01	2.76613075e+01	-3.13511111e+06	-1.22023993e+05	5.25071192e+04	1.00000000e-09	5.25071192e+03	1.00000000e-10	5.06616684e+09	7.47821894e-11
3.30000000e+01	2.77453844e+01	-3.11630258e+06	-1.21291933e+05	3.55433080e+04	1.00000000e-09	3.55433080e+03	1.00000000e-10	3.42940788e+09	6.87517936e-11
3.31000000e+01	2.78294613e+01	-3.09749405e+06	-1.20559872e+05	1.00000000e-09	1.00000000e-09	1.00000000e-10	1.00000000e-10	0.00000000e+00	6.32076857e-11
3.32000000e+01	2.79135383e+01	-3.07868553e+06	-1.19827811e+05	1.00000000e-09	7.73533965e+00	1.00000000e-10	7.73533965e-01	-7.46346815e+05	5.81106517e-11
3.33000000e+01	2.79976152e+01	-3.05988657e+06	-1.19096123e+05	4.17682468e+04	1.31912509e+01	4.17682468e+03	1.31912509e+00	4.02875040e+09	5.34246397e-11
3.34000000e+01	2.80816921e+01	-3.04110147e+06	-1.18364975e+05	4.75593162e+04	1.27612274e+00	4.75593162e+03	1.27612274e-01	4.58865329e+09	4.91165053e-11
3.35000000e+01	2.81657690e+01	-3.02231620e+06	-1.17633819e+05	1.00000000e-09	1.00000000e-09	1.00000000e-10	1.00000000e-10	0.00000000e+00	4.51557765e-11
3.36000000e+01	2.82498460e+01	-3.00353092e+06	-1.16902663e+05	1.00000000e-09	1.00000000e-09	1.00000000e-10	1.00000000e-10	0.00000000e+00	4.15144388e-11
3.37000000e+01	2.83339229e+01	-2.98475486e+06	-1.16171866e+05	2.79738723e+04	4.73959718e+00	2.79738723e+03	4.73959718e-01	2.69861106e+09	3.81667366e-11
3.38000000e+01	2.84179998e+01	-2.96599471e+06	-1.15441688e+05	5.60075821e+04	1.39538314e+01	5.60075821e+03	1.39538314e+00	5.40256382e+09	3.50889914e-11
3.39000000e+01	2.85020767e+01	-2.94723259e+06	-1.14711434e+05	1.00000000e-09	6.27686275e+00	1.00000000e-10	6.27686275e-01	-6.05625187e+05	3.22594338e-11
3.40000000e+01	2.85861536e+01	-2.92846957e+06	-1.13981144e+05	1.00000000e-09	1.00000000e-09	1.00000000e-10	1.00000000e-10	0.00000000e+00	2.96580503e-11
3.41000000e+01	2.86702306e+01	-2.90971424e+06	-1.13251154e+05	1.21408892e+04	1.00000000e-09	1.21408892e+03	1.00000000e-10	1.17141773e+09	2.72664410e-11
3.42000000e+01	2.87543075e+01	-2.89097620e+06	-1.12521837e+05	6.02427358e+04	1.00000000e-09	6.02427358e+03	1.00000000e-10	5.81254037e+09	2.50676897e-11
3.43000000e+01	2.88383844e+01	-2.87223816e+06	-1.11792520e+05	1.00000000e-09	1.07005258e+01	1.00000000e-10	1.07005258e+00	-1.03244378e+06	2.30462446e-11
3.44000000e+01	2.89224613e+01	-2.85349861e+06	-1.11063144e+05	1.00000000e-09	1.24459902e+01	1.00000000e-10	1.24459902e+00	-1.20085549e+06	2.11878078e-11
3.45000000e+01	2.90065383e+01	-2.83476339e+06	-1.10333937e+05	1.00000000e-09	1.76691986e+00	1.00000000e-10	1.76691986e-01	-1.70481850e+05	1.94792342e-11
3.46000000e+01	2.90906152e+01	-2.81604578e+06	-1.09605414e+05	5.99335853e+04	1.00000000e-09	5.99335853e+03	1.00000000e-10	5.78271188e+09	1.79084392e-11
3.47000000e+01	2.91746921e+01	-2.79732816e+06	-1.08876892e+05	1.27710037e+04	1.00000000e-09	1.27710037e+03	1.00000000e-10	1.23221453e+09	1.64643122e-11
3.48000000e+01	2.92587690e+01	-2.77861054e+06	-1.08148369e+05	1.00000000e-09	1.00000000e-09	1.00000000e-10	1.00000000e-10	0.00000000e+00	1.51366389e-11
3.49000000e+01	2.93428459e+01	-2.75989741e+06	-1.07420022e+05	1.00000000e-09	8.62557024e+00	1.00000000e-10	8.62557024e-01	-8.32241009e+05	1.39160284e-11
3.50000000e+01	2.94269229e+01	-2.74120134e+06	-1.06692338e+05	5.50945838e+04	1.29242100e+01	5.50945838e+03	1.29242100e+00	5.31457222e+09	1.27938473e-11
3.51000000e+01	2.95109998e+01	-2.72250344e+06	-1.05964583e+05	2.83984414e+04	6.17939280e+00	2.83984414e+03	6.17939280e-01	2.73943683e+09	1.17621583e-11
3.52000000e+01	2.95950767e+01	-2.70380467e+06	-1.05236795e+05	1.00000000e-09	1.00000000e-09	1.00000000e-10	1.00000000e-10	0.00000000e+00	1.08136641e-11
3.53000000e+01	2.96791536e+01	-2.68510874e+06	-1.04509116e+05	1.00000000e-09	1.00000000e-09	1.00000000e-10	1.00000000e-10	0.00000000e+00	9.94165601e-12
3.54000000e+01	2.97632306e+01	-2.66643134e+06	-1.03782159e+05	4.60793339e+04	1.00000000e-09	4.60793339e+03	1.00000000e-10	4.44597984e+09	9.13996618e-12
3.55000000e+01	2.98473075e+01	-2.64775395e+06	-1.03055203e+05	4.18190763e+04	1.00000000e-09	4.18190763e+03	1.00000000e-10	4.03492747e+09	8.40292419e-12
3.56000000e+01	2.99313844e+01	-2.62907655e+06	-1.02328246e+05	1.00000000e-09	7.69129008e+00	1.00000000e-10	7.69129008e-01	-7.42096678e+05	7.72531687e-12
3.57000000e+01	3.00154613e+01	-2.61039925e+06	-1.01601293e+05	1.00000000e-09	1.37620157e+01	1.00000000e-10	1.37620157e+00	-1.32783266e+06	7.10235144e-12
3.58000000e+01	3.00995383e+01	-2.59173866e+06	-1.00874990e+05	3.35558999e+04	1.37085718e+01	3.35558999e+03	1.37085718e+00	3.23632947e+09	6.52962161e-12
3.59000000e+01	3.01836152e+01	-2.57307614e+06	-1.00148612e+05	5.19991392e+04	9.86850493e+00	5.19991392e+03	9.86850493e-01	5.01620205e+09	6.00307641e-12
3.60000000e+01	3.02676921e+01	-2.55441222e+06	-9.94221798e+04	1.00000000e-09	6.17983351e+00	1.00000000e-10	6.17983351e-01	-5.96263289e+05	5.51899153e-12
3.61000000e+01	3.03517690e+01	-2.53574744e+06	-9.86957138e+04	1.00000000e-09	3.83314824e+00	1.00000000e-10	3.83314824e-01	-3.69842581e+05	5.07394300e-12
3.62000000e+01	3.04358459e+01	-2.51710071e+06	-9.79699509e+04	1.84734812e+04	2.25266285e+00	1.84734812e+03	2.25266285e-01	1.78220262e+09	4.66478295e-12
3.63000000e+01	3.05199229e+01	-2.49845499e+06	-9.72442269e+04	5.81585785e+04	1.05327181e+00	5.81585785e+03	1.05327181e-01	5.61134814e+09	4.28861734e-12
3.64000000e+01	3.06039998e+01	-2.47980913e+06	-9.65184972e+04	1.00000000e-09	3.51179218e-01	1.00000000e-10	3.51179218e-02	-3.38836434e+04	3.94278553e-12
3.65000000e+01	3.06880767e+01	-2.46116321e+06	-9.57927656e+04	1.00000000e-09	1.52435227e-01	1.00000000e-10	1.52435227e-02	-1.47077634e+04	3.62484141e-12
3.66000000e+01	3.07721536e+01	-2.44253571e+06	-9.50677508e+04	1.96931193e+03	1.70825146e-01	1.96931193e+02	1.70825146e-02	1.89993234e+08	3.33253613e-12
3.67000000e+01	3.08562306e+01	-2.42391115e+06	-9.43428505e+04	5.98357048e+04	1.69700800e-01	5.98357048e+03	1.69700800e-02	5.77325148e+09	3.06380220e-12
3.68000000e+01	3.09403075e+01	-2.40528657e+06	-9.36179493e+04	6.28501575e+03	2.28703484e-02	6.28501575e+02	2.28703484e-03	6.06409626e+08	2.81673882e-12
3.69000000e+01	3.10243844e+01	-2.38666198e+06	-9.28930479e+04	1.00000000e-09	1.22827192e-02	1.00000000e-10	1.22827192e-03	-1.18510215e+03	2.58959851e-12
3.70000000e+01	3.11084613e+01	-2.36805553e+06	-9.21688524e+04	1.00000000e-09	7.48355424e-02	1.00000000e-10	7.48355424e-03	-7.22053207e+03	2.38077467e-12
3.71000000e+01	3.11925382e+01	-2.34945365e+06	-9.14448349e+04	5.68817803e+04	1.43648412e-01	5.68817803e+03	1.43648412e-02	5.48824361e+09	2.18879027e-12
3.72000000e+01	3.12766152e+01	-2.33085176e+06	-9.07208166e+04	2.25659335e+04	1.90460061e-04	2.25659335e+03	1.90460061e-05	2.17728157e+09	2.01228739e-12
3.73000000e+01	3.13606921e+01	-2.31224986e+06	-8.99967983e+04	1.00000000e-09	4.08642344e-05	1.00000000e-10	4.08642344e-06	-3.94270275e+00	1.85001761e-12
3.74000000e+01	3.14447690e+01	-2.29366565e+06	-8.92734684e+04	1.00000000e-09	3.06433607e-02	1.00000000e-10	3.06433607e-03	-2.95663473e+03	1.70083318e-12
3.75000000e+01	3.15288459e+01	-2.27508761e+06	-8.85503785e+04	4.94999801e+04	1.22752795e-01	4.94999801e+03	1.22752795e-02	4.77601018e+09	1.56367890e-12
3.76000000e+01	3.16129229e+01	-2.25650954e+06	-8.78272879e+04	3.71352516e+04	1.00000000e-09	3.71352516e+03	1.00000000e-10	3.58300708e+09	1.43758467e-12
3.77000000e+01	3.16969998e+01	-2.23793148e+06	-8.71041973e+04	1.00000000e-09	1.00000000e-09	1.00000000e-10	1.00000000e-10	0.00000000e+00	1.32165861e-12
3.78000000e+01	3.17810767e+01	-2.21937052e+06	-8.63817722e+04	1.00000000e-09	2.33817036e-03	1.00000000e-10	2.33817036e-04	-2.25599047e+02	1.21508076e-12
3.79000000e+01	3.18651536e+01	-2.20081726e+06	-8.56596470e+04	3.82315458e+04	1.04589170e-01	3.82315458e+03	1.04589170e-02	3.68877330e+09	1.11709730e-12
3.80000000e+01	3.19492305e+01	-2.18226399e+06	-8.49375213e+04	4.88654103e+04	7.41329572e-03	4.88654103e+03	7.41329572e-04	4.71479463e+09	1.02701517e-12
3.81000000e+01	3.20333075e+01	-2.16371071e+06	-8.42153955e+04	1.00000000e-09	1.00000000e-09	1.00000000e-10	1.00000000e-10	0.00000000e+00	9.44197214e-13
3.82000000e+01	3.21173844e+01	-2.14517381e+06	-8.34939070e+04	1.00000000e-09	1.00000000e-09	1.00000000e-10	1.00000000e-10	0.00000000e+00	8.68057654e-13
3.83000000e+01	3.22014613e+01	-2.12664609e+06	-8.27727758e+04	2.39184777e+04	8.72841005e-02	2.39184777e+03	8.72841005e-03	2.30777384e+09	7.98057949e-13
3.84000000e+01	3.22855382e+01	-2.10811836e+06	-8.20516441e+04	5.68363645e+04	2.26116813e-02	5.68363645e+03	2.26116813e-03	5.48387333e+09	7.33702982e-13
3.85000000e+01	3.23696152e+01	-2.08959062e+06	-8.13305123e+04	1.00000000e-09	1.00000000e-09	1.00000000e-10	1.00000000e-10	0.00000000e+00	6.74537565e-13
3.86000000e+01	3.24536921e+01	-2.07107841e+06	-8.06099847e+04	1.00000000e-09	1.00000000e-09	1.00000000e-10	1.00000000e-10	0.00000000e+00	6.20143216e-13
3.87000000e+01	3.25377690e+01	-2.05257678e+06	-7.98898688e+04	7.64301856e+03	7.00180579e-02	7.64301856e+02	7.00180579e-03	7.37432429e+08	5.70135198e-13
3.88000000e+01	3.26218459e+01	-2.03407513e+06	-7.91697526e+04	6.04083202e+04	3.28024279e-02	6.04083202e+03	3.28024279e-03	5.82851367e+09	5.24159800e-13
3.89000000e+01	3.27059228e+01	-2.01557348e+06	-7.84496361e+04	7.45671051e+02	1.00000000e-09	7.45671051e+01	1.00000000e-10	7.19463190e+07	4.81891834e-13
3.90000000e+01	3.27899998e+01	-1.99708638e+06	-7.77300859e+04	1.00000000e-09	1.00000000e-09	1.00000000e-10	1.00000000e-10	0.00000000e+00	4.43032333e-13
3.91000000e+01	3.28740767e+01	-1.97861118e+06	-7.70109986e+04	1.00000000e-09	5.39742970e-02	1.00000000e-10	5.39742970e-03	-5.20772787e+03	4.07306443e-13
3.92000000e+01	3.29581536e+01	-1.96013596e+06	-7.62919111e+04	5.92742862e+04	3.91289784e-02	5.92742862e+03	3.91289784e-03	5.71909541e+09	3.74461468e-13
3.93000000e+01	3.30422305e+01	-1.94166074e+06	-7.55728233e+04	1.75951366e+04	1.00000000e-09	1.75951366e+03	1.00000000e-10	1.69767260e+09	3.44265096e-13
3.94000000e+01	3.31263075e+01	-1.92319898e+06	-7.48542593e+04	1.00000000e-09	1.00000000e-09	1.00000000e-10	1.00000000e-10	0.00000000e+00	3.16503742e-13
3.95000000e+01	3.32103844e+01	-1.90475033e+06	-7.41362058e+04	1.00000000e-09	3.95655142e-02	1.00000000e-10	3.95655142e-03	-3.81749168e+03	2.90981049e-13
3.96000000e+01	3.32944613e+01	-1.88630168e+06	-7.34181521e+04	5.34879507e+04	4.25754642e-02	5.34879507e+03	4.25754642e-03	5.16079858e+09	2.67516493e-13
3.97000000e+01	3.33785382e+01	-1.86785302e+06	-7.27000982e+04	3.32063846e+04	1.00000000e-09	3.32063846e+03	1.00000000e-10	3.20392905e+09	2.45944106e-13
3.98000000e+01	3.34626152e+01	-1.84941663e+06	-7.19825214e+04	1.00000000e-09	1.00000000e-09	1.00000000e-10	1.00000000e-10	0.00000000e+00	2.26111304e-13
3.99000000e+01	3.35466921e+01	-1.83099446e+06	-7.12654987e+04	1.00000000e-09	2.68180461e-02	1.00000000e-10	2.68180461e-03	-2.58754798e+03	2.07877809e-13
4.00000000e+01	3.36307690e+01	-1.81257230e+06	-7.05484758e+04	4.34641606e+04	4.38881956e-02	4.34641606e+03	4.38881956e-03	4.19364974e+09	1.91114654e-13
4.01000000e+01	3.37148459e+01	-1.79415012e+06	-6.98314527e+04	4.63579211e+04	1.00000000e-09	4.63579211e+03	1.00000000e-10	4.47285942e+09	1.75703270e-13
4.02000000e+01	3.37989228e+01	-1.77573892e+06	-6.91148564e+04	1.00000000e-09	1.00000000e-09	1.00000000e-10	1.00000000e-10	0.00000000e+00	1.61534652e-13
4.03000000e+01	3.38829998e+01	-1.75734295e+06	-6.83988532e+04	1.00000000e-09	1.55971711e-02	1.00000000e-10	1.55971711e-03	-1.50489814e+03	1.48508584e-13
4.04000000e+01	3.39670767e+01	-1.73894698e+06	-6.76828500e+04	2.99513365e+04	4.35990256e-02	2.99513365e+03	4.35990256e-03	2.88986044e+09	1.36532931e-13
4.05000000e+01	3.40511536e+01	-1.72055100e+06	-6.69668464e+04	5.60078151e+04	1.00000000e-09	5.60078151e+03	1.00000000e-10	5.40393264e+09	1.25522989e-13
4.06000000e+01	3.41352305e+01	-1.70216461e+06	-6.62512160e+04	1.00000000e-09	1.00000000e-09	1.00000000e-10	1.00000000e-10	0.00000000e+00	1.15400882e-13
4.07000000e+01	3.42193075e+01	-1.68379434e+06	-6.55362131e+04	1.00000000e-09	5.72041148e-03	1.00000000e-10	5.72041148e-04	-5.51935705e+02	1.06095016e-13
4.08000000e+01	3.43033844e+01	-1.66542407e+06	-6.48212102e+04	1.39773032e+04	4.20729295e-02	1.39773032e+03	4.20729295e-03	1.34860068e+09	9.75395708e-14
4.09000000e+01	3.43874613e+01	-1.64705379e+06	-6.41062070e+04	6.13773034e+04	1.00000000e-09	6.13773034e+03	1.00000000e-10	5.92200951e+09	8.96740319e-14
4.10000000e+01	3.44715382e+01	-1.62869165e+06	-6.33915202e+04	1.00000000e-09	1.00000000e-09	1.00000000e-10	1.00000000e-10	0.00000000e+00	8.24427658e-14
4.11000000e+01	3.45556151e+01	-1.61034638e+06	-6.26774903e+04	1.00000000e-09	1.00000000e-09	1.00000000e-10	1.00000000e-10	0.00000000e+00	7.57946252e-14
4.12000000e+01	3.46396921e+01	-1.59200111e+06	-6.19634605e+04	1.00000000e-09	3.93766747e-02	1.00000000e-10	3.93766747e-03	-3.79927144e+03	6.96825871e-14
4.13000000e+01	3.47237690e+01	-1.57365584e+06	-6.12494304e+04	6.20151623e+04	6.66525310e-03	6.20151623e+03	6.66525310e-04	5.98355289e+09	6.40634205e-14
4.14000000e+01	3.48078459e+01	-1.55531717e+06	-6.05356575e+04	1.18153435e+04	1.00000000e-09	1.18153435e+03	1.00000000e-10	1.14000734e+09	5.88973804e-14
4.15000000e+01	3.48919228e+01	-1.53699600e+06	-5.98225657e+04	1.00000000e-09	1.00000000e-09	1.00000000e-10	1.00000000e-10	0.00000000e+00	5.41479271e-14
4.16000000e+01	3.49759998e+01	-1.51867483e+06	-5.91094739e+04	1.00000000e-09	3.51185453e-02	1.00000000e-10	3.51185453e-03	-3.38842441e+03	4.97814672e-14
4.17000000e+01	3.50600767e+01	-1.50035366e+06	-5.83963818e+04	5.78372972e+04	1.32522709e-02	5.78372972e+03	1.32522709e-03	5.58044955e+09	4.57671163e-14
4.18000000e+01	3.51441536e+01	-1.48203752e+06	-5.76834858e+04	2.83666380e+04	1.00000000e-09	2.83666380e+03	1.00000000e-10	2.73696449e+09	4.20764804e-14
4.19000000e+01	3.52282305e+01	-1.46373937e+06	-5.69712896e+04	1.00000000e-09	1.00000000e-09	1.00000000e-10	1.00000000e-10	0.00000000e+00	3.86834555e-14
4.20000000e+01	3.53123074e+01	-1.44544121e+06	-5.62590934e+04	1.00000000e-09	2.97695945e-02	1.00000000e-10	2.97695945e-03	-2.87232912e+03	3.55640423e-14
4.21000000e+01	3.53963844e+01	-1.42714305e+06	-5.55468970e+04	4.91378315e+04	1.83984399e-02	4.91378315e+03	1.83984399e-03	4.74107822e+09	3.26961769e-14
4.22000000e+01	3.54804613e+01	-1.40884831e+06	-5.48348339e+04	4.28299217e+04	1.00000000e-09	4.28299217e+03	1.00000000e-10	4.13245922e+09	3.00595747e-14
4.23000000e+01	3.55645382e+01	-1.39057189e+06	-5.41234838e+04	1.00000000e-09	1.00000000e-09	1.00000000e-10	1.00000000e-10	0.00000000e+00	2.76355866e-14
4.24000000e+01	3.56486151e+01	-1.37229547e+06	-5.34121337e+04	1.00000000e-09	2.38151048e-02	1.00000000e-10	2.38151048e-03	-2.29780820e+03	2.54070677e-14
4.25000000e+01	3.57326921e+01	-1.35401905e+06	-5.27007834e+04	3.65701696e+04	2.21092597e-02	3.65701696e+03	2.21092597e-03	3.52848283e+09	2.33582553e-14
4.26000000e+01	3.58167690e+01	-1.33574441e+06	-5.19895025e+04	5.40565849e+04	1.00000000e-09	5.40565849e+03	1.00000000e-10	5.21566755e+09	2.14746581e-14
4.27000000e+01	3.59008459e+01	-1.31748828e+06	-5.12789423e+04	1.00000000e-09	1.00000000e-09	1.00000000e-10	1.00000000e-10	0.00000000e+00	1.97429531e-14
4.28000000e+01	3.59849228e+01	-1.29923216e+06	-5.05683821e+04	1.00000000e-09	1.76359914e-02	1.00000000e-10	1.76359914e-03	-1.70161439e+03	1.81508919e-14
4.29000000e+01	3.60689997e+01	-1.28097603e+06	-4.98578217e+04	2.10989480e+04	2.44832550e-02	2.10989480e+03	2.44832550e-03	2.03573664e+09	1.66872137e-14
4.30000000e+01	3.61530767e+01	-1.26272003e+06	-4.91472664e+04	6.11459409e+04	1.00000000e-09	6.11459409e+03	1.00000000e-10	5.89968641e+09	1.53415657e-14
4.31000000e+01	3.62371536e+01	-1.24448259e+06	-4.84374335e+04	1.00000000e-09	1.00000000e-09	1.00000000e-10	1.00000000e-10	0.00000000e+00	1.41044300e-14
4.32000000e+01	3.63212305e+01	-1.22624585e+06	-4.77276277e+04	1.00000000e-09	1.15085265e-02	1.00000000e-10	1.15085265e-03	-1.11040390e+03	1.29670563e-14
4.33000000e+01	3.64053074e+01	-1.20800911e+06	-4.70178218e+04	3.92401956e+03	2.56614943e-02	3.92401956e+02	2.56614943e-03	3.78607854e+08	1.19213998e-14
4.34000000e+01	3.64893844e+01	-1.18977236e+06	-4.63080158e+04	6.35143647e+04	1.00000000e-09	6.35143647e+03	1.00000000e-10	6.12820457e+09	1.09600645e-14
4.35000000e+01	3.65734613e+01	-1.17155408e+06	-4.55989284e+04	4.74247025e+03	1.00000000e-09	4.74247025e+02	1.00000000e-10	4.57578817e+08	1.00762507e-14
4.36000000e+01	3.66575382e+01	-1.15333814e+06	-4.48899322e+04	1.00000000e-09	5.62136798e-03	1.00000000e-10	5.62136798e-04	-5.42379460e+02	9.26370726e-15
4.37000000e+01	3.67416151e+01	-1.13512220e+06	-4.41809361e+04	1.00000000e-09	2.57926389e-02	1.00000000e-10	2.57926389e-03	-2.48861124e+03	8.51668685e-15
4.38000000e+01	3.68256921e+01	-1.11690625e+06	-4.34719397e+04	6.09700395e+04	1.00000000e-09	6.09700395e+03	1.00000000e-10	5.88271451e+09	7.82990577e-15
4.39000000e+01	3.69097690e+01	-1.09870852e+06	-4.27636525e+04	2.19512613e+04	1.00000000e-09	2.19512613e+03	1.00000000e-10	2.11797474e+09	7.19850635e-15
4.40000000e+01	3.69938459e+01	-1.08051477e+06	-4.20555199e+04	1.00000000e-09	9.59734819e-05	1.00000000e-10	9.59734819e-06	-9.25993679e+00	6.61802264e-15
4.41000000e+01	3.70779228e+01	-1.06232102e+06	-4.13473874e+04	1.00000000e-09	2.50114748e-02	1.00000000e-10	2.50114748e-03	-2.41324036e+03	6.08434883e-15
4.42000000e+01	3.71619997e+01	-1.04412727e+06	-4.06392547e+04	5.36898718e+04	2.42952598e-03	5.36898718e+03	2.42952598e-04	5.18028488e+09	5.59371018e-15
4.43000000e+01	3.72460767e+01	-1.02595134e+06	-3.99318159e+04	3.74754981e+04	1.00000000e-09	3.74754981e+03	1.00000000e-10	3.61583588e+09	5.14263638e-15
4.44000000e+01	3.73301536e+01	-1.00778099e+06	-3.92245940e+04	1.00000000e-09	1.00000000e-09	1.00000000e-10	1.00000000e-10	0.00000000e+00	4.72793693e-15
4.45000000e+01	3.74142305e+01	-9.89610633e+05	-3.85173722e+04	1.00000000e-09	2.31767124e-02	1.00000000e-10	2.31767124e-03	-2.23621270e+03	4.34667862e-15
4.46000000e+01	3.74983074e+01	-9.71440276e+05	-3.78101502e+04	4.22256436e+04	7.09100307e-03	4.22256436e+03	7.09100307e-04	4.07415457e+09	3.99616478e-15
4.47000000e+01	3.75823844e+01	-9.53287213e+05	-3.71036013e+04	5.00815159e+04	1.00000000e-09	5.00815159e+03	1.00000000e-10	4.83213170e+09	3.67391618e-15
4.48000000e+01	3.76664613e+01	-9.35141281e+05	-3.63973300e+04	1.00000000e-09	1.00000000e-09	1.00000000e-10	1.00000000e-10	0.00000000e+00	3.37765354e-15
4.49000000e+01	3.77505382e+01	-9.16995348e+05	-3.56910587e+04	1.00000000e-09	2.04170457e-02	1.00000000e-10	2.04170457e-03	-1.96994534e+03	3.10528136e-15
4.50000000e+01	3.78346151e+01	-8.98849413e+05	-3.49847872e+04	2.74645560e+04	1.10094476e-02	2.74645560e+03	1.10094476e-03	2.64992575e+09	2.85487313e-15
4.51000000e+01	3.79186920e+01	-8.80720101e+05	-3.42791627e+04	5.87575694e+04	1.00000000e-09	5.87575694e+03	1.00000000e-10	5.66924360e+09	2.62465769e-15
4.52000000e+01	3.80027690e+01	-8.62599419e+05	-3.35738742e+04	1.00000000e-09	1.00000000e-09	1.00000000e-10	1.00000000e-10	0.00000000e+00	2.41300669e-15
4.53000000e+01	3.80868459e+01	-8.44478737e+05	-3.28685856e+04	1.00000000e-09	1.69931426e-02	1.00000000e-10	1.69931426e-03	-1.63958891e+03	2.21842312e-15
4.54000000e+01	3.81709228e+01	-8.26358052e+05	-3.21632970e+04	1.05627687e+04	1.40845693e-02	1.05627687e+03	1.40845693e-03	1.01915089e+09	2.03953067e-15
4.55000000e+01	3.82549997e+01	-8.08253189e+05	-3.14586241e+04	6.27968251e+04	1.00000000e-09	6.27968251e+03	1.00000000e-10	6.05897252e+09	1.87506400e-15
4.56000000e+01	3.83390767e+01	-7.90158386e+05	-3.07543428e+04	1.00000000e-09	1.00000000e-09	1.00000000e-10	1.00000000e-10	0.00000000e+00	1.72385984e-15
4.57000000e+01	3.84231536e+01	-7.72063583e+05	-3.00500615e+04	1.00000000e-09	1.31528010e-02	1.00000000e-10	1.31528010e-03	-1.26905228e+03	1.58484870e-15
4.58000000e+01	3.85072305e+01	-7.53968778e+05	-2.93457801e+04	1.00000000e-09	1.62905135e-02	1.00000000e-10	1.62905135e-03	-1.57179551e+03	1.45704735e-15
4.59000000e+01	3.85913074e+01	-7.35888868e+05	-2.86420785e+04	6.18574724e+04	1.00000000e-09	6.18574724e+03	1.00000000e-10	5.96833877e+09	1.33955183e-15
4.60000000e+01	3.86753843e+01	-7.17820368e+05	-2.79388210e+04	1.57650871e+04	1.00000000e-09	1.57650871e+03	1.00000000e-10	1.52109966e+09	1.23153109e-15
4.61000000e+01	3.87594613e+01	-6.99751869e+05	-2.72355634e+04	1.00000000e-09	9.10949490e-03	1.00000000e-10	9.10949490e-04	-8.78932545e+02	1.13222108e-15
4.62000000e+01	3.88435382e+01	-6.81683368e+05	-2.65323059e+04	1.00000000e-09	1.76508049e-02	1.00000000e-10	1.76508049e-03	-1.70304368e+03	1.04091937e-15
4.63000000e+01	3.89276151e+01	-6.63628716e+05	-2.58295873e+04	5.59946545e+04	1.00000000e-09	5.59946545e+03	1.00000000e-10	5.40266284e+09	9.56980191e-16
4.64000000e+01	3.90116920e+01	-6.45586736e+05	-2.51273620e+04	3.20343688e+04	1.00000000e-09	3.20343688e+03	1.00000000e-10	3.09084671e+09	8.79809819e-16
4.65000000e+01	3.90957690e+01	-6.27544755e+05	-2.44251366e+04	1.00000000e-09	5.03622147e-03	1.00000000e-10	5.03622147e-04	-4.85921404e+02	8.08862425e-16
4.66000000e+01	3.91798459e+01	-6.09502775e+05	-2.37229113e+04	1.00000000e-09	1.82176809e-02	1.00000000e-10	1.82176809e-03	-1.75773889e+03	7.43636191e-16
4.67000000e+01	3.92639228e+01	-5.91473487e+05	-2.30211799e+04	4.56610117e+04	1.00000000e-09	4.56610117e+03	1.00000000e-10	4.40561788e+09	6.83669765e-16
4.68000000e+01	3.93479997e+01	-5.73458031e+05	-2.23199870e+04	4.56835225e+04	1.00000000e-09	4.56835225e+03	1.00000000e-10	4.40778984e+09	6.28539001e-16
4.69000000e+01	3.94320766e+01	-5.55442575e+05	-2.16187940e+04	1.00000000e-09	1.06770892e-03	1.00000000e-10	1.06770892e-04	-1.03018153e+02	5.77853951e-16
4.70000000e+01	3.95161536e+01	-5.37427119e+05	-2.09176010e+04	1.00000000e-09	1.80566641e-02	1.00000000e-10	1.80566641e-03	-1.74220314e+03	5.31256117e-16
4.71000000e+01	3.96002305e+01	-5.19423100e+05	-2.02168532e+04	3.16750592e+04	8.06551842e-04	3.16750592e+03	8.06551842e-05	3.05617853e+09	4.88415907e-16
4.72000000e+01	3.96843074e+01	-5.01433964e+05	-1.95166846e+04	5.55985411e+04	1.00000000e-09	5.55985411e+03	1.00000000e-10	5.36444370e+09	4.49030309e-16
4.73000000e+01	3.97683843e+01	-4.83444827e+05	-1.88165160e+04	1.00000000e-09	1.00000000e-09	1.00000000e-10	1.00000000e-10	0.00000000e+00	4.12820745e-16
4.74000000e+01	3.98524613e+01	-4.65455691e+05	-1.81163475e+04	1.00000000e-09	1.71470545e-02	1.00000000e-10	1.71470545e-03	-1.65443915e+03	3.79531100e-16
4.75000000e+01	3.99365382e+01	-4.47476644e+05	-1.74165716e+04	1.51592202e+04	4.36023055e-03	1.51592202e+03	4.36023055e-04	1.46264198e+09	3.48925915e-16
4.76000000e+01	4.00206151e+01	-4.29513412e+05	-1.67174113e+04	6.09593823e+04	1.00000000e-09	6.09593823e+03	1.00000000e-10	5.88168625e+09	3.20788716e-16
4.77000000e+01	4.01046920e+01	-4.11550180e+05	-1.60182510e+04	1.00000000e-09	1.00000000e-09	1.00000000e-10	1.00000000e-10	0.00000000e+00	2.94920485e-16
4.78000000e+01	4.01887690e+01	-3.93586948e+05	-1.53190906e+04	1.00000000e-09	1.54987337e-02	1.00000000e-10	1.54987337e-03	-1.49540037e+03	2.71138254e-16
4.79000000e+01	4.02728459e+01	-3.75632379e+05	-1.46202675e+04	1.00000000e-09	7.48183469e-03	1.00000000e-10	7.48183469e-04	-7.21887209e+02	2.49273810e-16
4.80000000e+01	4.03569228e+01	-3.57694431e+05	-1.39220913e+04	6.13107179e+04	1.00000000e-09	6.13107179e+03	1.00000000e-10	5.91558498e+09	2.29172503e-16
4.81000000e+01	4.04409997e+01	-3.39756483e+05	-1.32239150e+04	1.13296696e+04	1.00000000e-09	1.13296696e+03	1.00000000e-10	1.09314694e+09	2.10692155e-16
4.82000000e+01	4.05250766e+01	-3.21818535e+05	-1.25257388e+04	1.00000000e-09	1.32644304e-02	1.00000000e-10	1.32644304e-03	-1.27982288e+03	1.93702052e-16
4.83000000e+01	4.06091536e+01	-3.03887754e+05	-1.18278415e+04	1.00000000e-09	1.00611369e-02	1.00000000e-10	1.00611369e-03	-9.70752035e+02	1.78082022e-16
4.84000000e+01	4.06932305e+01	-2.85974270e+05	-1.11306175e+04	5.66038931e+04	1.00000000e-09	5.66038931e+03	1.00000000e-10	5.46144542e+09	1.63721583e-16
4.85000000e+01	4.07773074e+01	-2.68060785e+05	-1.04333934e+04	2.81183145e+04	1.00000000e-09	2.81183145e+03	1.00000000e-10	2.71300491e+09	1.50519162e-16
4.86000000e+01	4.08613843e+01	-2.50147301e+05	-9.73616932e+03	1.00000000e-09	1.06042052e-02	1.00000000e-10	1.06042052e-03	-1.02315016e+03	1.38381377e-16
4.87000000e+01	4.09454613e+01	-2.32239429e+05	-9.03916374e+03	1.00000000e-09	1.20415165e-02	1.00000000e-10	1.20415165e-03	-1.16182963e+03	1.27222377e-16
4.88000000e+01	4.10295382e+01	-2.14349393e+05	-8.34285232e+03	4.72059427e+04	1.00000000e-09	4.72059427e+03	1.00000000e-10	4.55468106e+09	1.16963232e-16
4.89000000e+01	4.11136151e+01	-1.96459357e+05	-7.64654090e+03	4.25376735e+04	1.00000000e-09	4.25376735e+03	1.00000000e-10	4.10426155e+09	1.07531379e-16
4.90000000e+01	4.11976920e+01	-1.78569321e+05	-6.95022948e+03	1.00000000e-09	7.66958742e-03	1.00000000e-10	7.66958742e-04	-7.40002593e+02	9.88601065e-17
4.91000000e+01	4.12817689e+01	-1.60683300e+05	-6.25407435e+03	1.00000000e-09	1.34030214e-02	1.00000000e-10	1.34030214e-03	-1.29319488e+03	9.08880802e-17
4.92000000e+01	4.13658459e+01	-1.42815511e+05	-5.55862884e+03	3.38741667e+04	1.00000000e-09	3.38741667e+03	1.00000000e-10	3.26836022e+09	8.35589140e-17
4.93000000e+01	4.14499228e+01	-1.24947723e+05	-4.86318334e+03	5.33850325e+04	1.00000000e-09	5.33850325e+03	1.00000000e-10	5.15087259e+09	7.68207678e-17
4.94000000e+01	4.15339997e+01	-1.07079934e+05	-4.16773783e+03	1.00000000e-09	4.59572148e-03	1.00000000e-10	4.59572148e-04	-4.43419617e+02	7.06259821e-17
4.95000000e+01	4.16180766e+01	-8.92145305e+04	-3.47238516e+03	1.00000000e-09	1.41481469e-02	1.00000000e-10	1.41481469e-03	-1.36508856e+03	6.49307406e-17
4.96000000e+01	4.17021536e+01	-7.13676118e+04	-2.77775195e+03	1.76976505e+04	1.00000000e-09	1.76976505e+03	1.00000000e-10	1.70756368e+09	5.96947603e-17
4.97000000e+01	4.17862305e+01	-5.35206931e+04	-2.08311874e+03	5.97452691e+04	1.00000000e-09	5.97452691e+03	1.00000000e-10	5.76454213e+09	5.48810067e-17
4.98000000e+01	4.18703074e+01	-3.56737743e+04	-1.38848553e+03	1.00000000e-09	1.49868388e-03	1.00000000e-10	1.49868388e-04	-1.44600915e+02	5.04554316e-17
4.99000000e+01	4.19543843e+01	-1.78275916e+04	-6.93880967e+02	1.00000000e-09	1.42987363e-02	1.00000000e-10	1.42987363e-03	-1.37961822e+03	4.63867326e-17
5.00000000e+01	4.20384612e+01	0.00000000e+00	0.00000000e+00	1.00000000e+01	1.00000000e+01	1.00000000e+00	1.00000000e+00	0.00000000e+00	4.26461312e-17
