# 1D PNP Solver Results
# Debye length: 1.18939 nm
# Surface potential: 100 mV
# Bulk concentration: 10 mol/m^3
# Thermal voltage: 25.6926 mV
# Grid: non-uniform with stretching factor 1
#
# Columns:
# 1: x [nm]
# 2: x/lambda_D [-]
# 3: phi [mV]
# 4: phi_normalized = e*phi/(kB*T) [-]
# 5: c+ [mol/m^3]
# 6: c- [mol/m^3]
# 7: c+/c0 [-]
# 8: c-/c0 [-]
# 9: rho [C/m^3]
# 10: phi_GC [mV] (Gouy-Chapman analytical)
0.00000000e+00	0.00000000e+00	1.00000000e+02	3.89217445e+00	1.00000000e-09	1.00000000e-09	1.00000000e-10	1.00000000e-10	0.00000000e+00	1.00000000e+02
1.00000000e-01	8.40769225e-02	3.82472164e+04	1.48864838e+03	1.00000000e-09	1.00000000e-09	1.00000000e-10	1.00000000e-10	0.00000000e+00	8.70576373e+01
2.00000000e-01	1.68153845e-01	7.63944328e+04	2.97340459e+03	1.94505680e+05	1.00000000e-09	1.94505680e+04	1.00000000e-10	1.87669451e+10	7.68715638e+01
3.00000000e-01	2.52230767e-01	1.12991920e+05	4.39784265e+03	1.53913721e+04	1.00000000e-09	1.53913721e+03	1.00000000e-10	1.48504165e+09	6.85207345e+01
4.00000000e-01	3.36307690e-01	1.49559504e+05	5.82111679e+03	1.00000000e-09	1.00000000e-09	1.00000000e-10	1.00000000e-10	0.00000000e+00	6.14862309e+01
5.00000000e-01	4.20384612e-01	1.86127087e+05	7.24439093e+03	1.00000000e-09	1.00000000e-09	1.00000000e-10	1.00000000e-10	0.00000000e+00	5.54461690e+01
6.00000000e-01	5.04461535e-01	2.22694671e+05	8.66766507e+03	1.91776526e+05	1.00000000e-09	1.91776526e+04	1.00000000e-10	1.85036218e+10	5.01866549e+01
7.00000000e-01	5.88538457e-01	2.57715461e+05	1.00307353e+04	3.18632790e+04	1.00000000e-09	3.18632790e+03	1.00000000e-10	3.07433906e+09	4.55579535e+01
8.00000000e-01	6.72615380e-01	2.92674421e+05	1.13913990e+04	1.00000000e-09	1.00000000e-09	1.00000000e-10	1.00000000e-10	0.00000000e+00	4.14508515e+01
9.00000000e-01	7.56692302e-01	3.27633380e+05	1.27520627e+04	1.00000000e-09	1.00000000e-09	1.00000000e-10	1.00000000e-10	0.00000000e+00	3.77829914e+01
1.00000000e+00	8.40769225e-01	3.62592339e+05	1.41127264e+04	1.86904914e+05	1.00000000e-09	1.86904914e+04	1.00000000e-10	1.80335827e+10	3.44905241e+01
1.10000000e+00	9.24846147e-01	3.96008417e+05	1.54133384e+04	4.92712921e+04	1.00000000e-09	4.92712921e+03	1.00000000e-10	4.75395698e+09	3.15227780e+01
1.20000000e+00	1.00892307e+00	4.29328517e+05	1.67102148e+04	1.00000000e-09	1.00000000e-09	1.00000000e-10	1.00000000e-10	0.00000000e+00	2.88387272e+01
1.30000000e+00	1.09299999e+00	4.62648617e+05	1.80070912e+04	1.00000000e-09	1.00000000e-09	1.00000000e-10	1.00000000e-10	0.00000000e+00	2.64045776e+01
1.40000000e+00	1.17707691e+00	4.95968716e+05	1.93039677e+04	1.79563077e+05	1.00000000e-09	1.79563077e+04	1.00000000e-10	1.73252031e+10	2.41920729e+01
1.50000000e+00	1.26115384e+00	5.27751026e+05	2.05409906e+04	6.73930498e+04	1.00000000e-09	6.73930498e+03	1.00000000e-10	6.50244079e+09	2.21772778e+01
1.60000000e+00	1.34523076e+00	5.59400777e+05	2.17728541e+04	1.00000000e-09	1.00000000e-09	1.00000000e-10	1.00000000e-10	0.00000000e+00	2.03396868e+01
1.70000000e+00	1.42930768e+00	5.91050529e+05	2.30047177e+04	1.00000000e-09	1.00000000e-09	1.00000000e-10	1.00000000e-10	0.00000000e+00	1.86615585e+01
1.80000000e+00	1.51338460e+00	6.22700280e+05	2.42365812e+04	1.69398479e+05	1.00000000e-09	1.69398479e+04	1.00000000e-10	1.63444685e+10	1.71274116e+01
1.90000000e+00	1.59746153e+00	6.52818763e+05	2.54088451e+04	8.59016411e+04	1.00000000e-09	8.59016411e+03	1.00000000e-10	8.28824837e+09	1.57236358e+01
2.00000000e+00	1.68153845e+00	6.82765443e+05	2.65744221e+04	1.00000000e-09	1.00000000e-09	1.00000000e-10	1.00000000e-10	0.00000000e+00	1.44381886e+01
2.10000000e+00	1.76561537e+00	7.12712124e+05	2.77399992e+04	1.00000000e-09	1.00000000e-09	1.00000000e-10	1.00000000e-10	0.00000000e+00	1.32603556e+01
2.20000000e+00	1.84969229e+00	7.42658804e+05	2.89055762e+04	1.56041946e+05	1.00000000e-09	1.56041946e+04	1.00000000e-10	1.50557590e+10	1.21805577e+01
2.30000000e+00	1.93376922e+00	7.71082478e+05	3.00118752e+04	1.04329929e+05	1.00000000e-09	1.04329929e+04	1.00000000e-10	1.00663078e+10	1.11901960e+01
2.40000000e+00	2.01784614e+00	7.99292194e+05	3.11098465e+04	1.00000000e-09	1.00000000e-09	1.00000000e-10	1.00000000e-10	0.00000000e+00	1.02815237e+01
2.50000000e+00	2.10192306e+00	8.27501909e+05	3.22078179e+04	1.00000000e-09	1.00000000e-09	1.00000000e-10	1.00000000e-10	0.00000000e+00	9.44754093e+00
2.60000000e+00	2.18599998e+00	8.55711625e+05	3.33057892e+04	1.39124057e+05	1.00000000e-09	1.39124057e+04	1.00000000e-10	1.34234308e+10	8.68190590e+00
2.70000000e+00	2.27007691e+00	8.82408723e+05	3.43448869e+04	1.22022771e+05	1.00000000e-09	1.22022771e+04	1.00000000e-10	1.17734076e+10	7.97886054e+00
2.80000000e+00	2.35415383e+00	9.08846531e+05	3.53738925e+04	1.00000000e-09	1.00000000e-09	1.00000000e-10	1.00000000e-10	0.00000000e+00	7.33316685e+00
2.90000000e+00	2.43823075e+00	9.35284338e+05	3.64028980e+04	1.00000000e-09	1.00000000e-09	1.00000000e-10	1.00000000e-10	0.00000000e+00	6.74005227e+00
3.00000000e+00	2.52230767e+00	9.61722146e+05	3.74319036e+04	1.18305720e+05	1.00000000e-09	1.18305720e+04	1.00000000e-10	1.14147667e+10	6.19516235e+00
3.10000000e+00	2.60638460e+00	9.86660329e+05	3.84025412e+04	1.38073399e+05	1.00000000e-09	1.38073399e+04	1.00000000e-10	1.33220577e+10	5.69451955e+00
3.20000000e+00	2.69046152e+00	1.01129044e+06	3.93611882e+04	1.00000000e-09	1.00000000e-09	1.00000000e-10	1.00000000e-10	0.00000000e+00	5.23448697e+00
3.30000000e+00	2.77453844e+00	1.03592055e+06	4.03198351e+04	1.00000000e-09	1.00000000e-09	1.00000000e-10	1.00000000e-10	0.00000000e+00	4.81173646e+00
3.40000000e+00	2.85861536e+00	1.06055067e+06	4.12784821e+04	9.33331991e+04	1.00000000e-09	9.33331991e+03	1.00000000e-10	9.00528471e+09	4.42322017e+00
3.50000000e+00	2.94269229e+00	1.08369734e+06	4.21793911e+04	1.51239908e+05	1.00000000e-09	1.51239908e+04	1.00000000e-10	1.45924328e+10	4.06614534e+00
3.60000000e+00	3.02676921e+00	1.10648345e+06	4.30662661e+04	1.00000000e-09	1.00000000e-09	1.00000000e-10	1.00000000e-10	0.00000000e+00	3.73795159e+00
3.70000000e+00	3.11084613e+00	1.12926956e+06	4.39531412e+04	1.00000000e-09	1.00000000e-09	1.00000000e-10	1.00000000e-10	0.00000000e+00	3.43629058e+00
3.80000000e+00	3.19492305e+00	1.15205567e+06	4.48400163e+04	6.41353956e+04	1.00000000e-09	6.41353956e+03	1.00000000e-10	6.18812495e+09	3.15900770e+00
3.90000000e+00	3.27899998e+00	1.17337846e+06	4.56699365e+04	1.59839092e+05	1.00000000e-09	1.59839092e+04	1.00000000e-10	1.54221279e+10	2.90412542e+00
4.00000000e+00	3.36307690e+00	1.19428421e+06	4.64836249e+04	1.00000000e-09	1.00000000e-09	1.00000000e-10	1.00000000e-10	0.00000000e+00	2.66982829e+00
4.10000000e+00	3.44715382e+00	1.21518996e+06	4.72973133e+04	1.00000000e-09	1.00000000e-09	1.00000000e-10	1.00000000e-10	0.00000000e+00	2.45444929e+00
4.20000000e+00	3.53123074e+00	1.23609572e+06	4.81110017e+04	3.09946329e+04	1.00000000e-09	3.09946329e+03	1.00000000e-10	2.99052745e+09	2.25645740e+00
4.30000000e+00	3.61530767e+00	1.25556312e+06	4.88687069e+04	1.61620823e+05	1.00000000e-09	1.61620823e+04	1.00000000e-10	1.55940388e+10	2.07444628e+00
4.40000000e+00	3.69938459e+00	1.27455283e+06	4.96078197e+04	1.00000000e-09	1.00000000e-09	1.00000000e-10	1.00000000e-10	0.00000000e+00	1.90712395e+00
4.50000000e+00	3.78346151e+00	1.29354255e+06	5.03469326e+04	1.00000000e-09	1.00000000e-09	1.00000000e-10	1.00000000e-10	0.00000000e+00	1.75330334e+00
4.60000000e+00	3.86753843e+00	1.31253226e+06	5.10860454e+04	1.00000000e-09	1.00000000e-09	1.00000000e-10	1.00000000e-10	0.00000000e+00	1.61189369e+00
4.70000000e+00	3.95161536e+00	1.33011459e+06	5.17703800e+04	1.53645242e+05	1.00000000e-09	1.53645242e+04	1.00000000e-10	1.48245122e+10	1.48189263e+00
4.80000000e+00	4.03569228e+00	1.34715426e+06	5.24335940e+04	1.94748401e+04	1.00000000e-09	1.94748401e+03	1.00000000e-10	1.87903641e+09	1.36237899e+00
4.90000000e+00	4.11976920e+00	1.36419394e+06	5.30968080e+04	1.00000000e-09	1.00000000e-09	1.00000000e-10	1.00000000e-10	0.00000000e+00	1.25250612e+00
5.00000000e+00	4.20384612e+00	1.38123362e+06	5.37600220e+04	1.00000000e-09	1.00000000e-09	1.00000000e-10	1.00000000e-10	0.00000000e+00	1.15149587e+00
5.10000000e+00	4.28792305e+00	1.39690429e+06	5.43699519e+04	1.32239329e+05	1.00000000e-09	1.32239329e+04	1.00000000e-10	1.27591556e+10	1.05863300e+00
5.20000000e+00	4.37199997e+00	1.41196308e+06	5.49560662e+04	5.49793537e+04	1.00000000e-09	5.49793537e+03	1.00000000e-10	5.30470120e+09	9.73260072e-01
5.30000000e+00	4.45607689e+00	1.42702187e+06	5.55421805e+04	1.00000000e-09	1.00000000e-09	1.00000000e-10	1.00000000e-10	0.00000000e+00	8.94772759e-01
5.40000000e+00	4.54015381e+00	1.44208066e+06	5.61282948e+04	1.00000000e-09	1.00000000e-09	1.00000000e-10	1.00000000e-10	0.00000000e+00	8.22615544e-01
5.50000000e+00	4.62423074e+00	1.45581805e+06	5.66629782e+04	9.32590229e+04	1.00000000e-09	9.32590229e+03	1.00000000e-10	8.99812780e+09	7.56277766e-01
5.60000000e+00	4.70830766e+00	1.46887033e+06	5.71709958e+04	8.34336932e+04	1.00000000e-09	8.34336932e+03	1.00000000e-10	8.05012760e+09	6.95289988e-01
5.70000000e+00	4.79238458e+00	1.48192261e+06	5.76790133e+04	1.00000000e-09	1.00000000e-09	1.00000000e-10	1.00000000e-10	0.00000000e+00	6.39220665e-01
5.80000000e+00	4.87646150e+00	1.49497490e+06	5.81870309e+04	1.00000000e-09	1.00000000e-09	1.00000000e-10	1.00000000e-10	0.00000000e+00	5.87673079e-01
5.90000000e+00	4.96053843e+00	1.50676487e+06	5.86459173e+04	3.32923335e+04	1.00000000e-09	3.32923335e+03	1.00000000e-10	3.21222186e+09	5.40282524e-01
6.00000000e+00	5.04461535e+00	1.51779324e+06	5.90751609e+04	9.35821143e+04	1.00000000e-09	9.35821143e+03	1.00000000e-10	9.02930138e+09	4.96713722e-01
6.10000000e+00	5.12869227e+00	1.52882162e+06	5.95044045e+04	1.00000000e-09	1.00000000e-09	1.00000000e-10	1.00000000e-10	0.00000000e+00	4.56658442e-01
6.20000000e+00	5.21276919e+00	1.53984999e+06	5.99336481e+04	1.00000000e-09	1.00000000e-09	1.00000000e-10	1.00000000e-10	0.00000000e+00	4.19833321e-01
6.30000000e+00	5.29684612e+00	1.54968943e+06	6.03166161e+04	1.00000000e-09	1.00000000e-09	1.00000000e-10	1.00000000e-10	0.00000000e+00	3.85977854e-01
6.40000000e+00	5.38092304e+00	1.55868899e+06	6.06668948e+04	6.55794784e+04	1.00000000e-09	6.55794784e+03	1.00000000e-10	6.32745776e+09	3.54852548e-01
6.50000000e+00	5.46499996e+00	1.56768856e+06	6.10171735e+04	6.51652998e+04	1.00000000e-09	6.51652998e+03	1.00000000e-10	6.28749560e+09	3.26237227e-01
6.60000000e+00	5.54907688e+00	1.57668812e+06	6.13674522e+04	1.00000000e-09	1.00000000e-09	1.00000000e-10	1.00000000e-10	0.00000000e+00	2.99929475e-01
6.70000000e+00	5.63315381e+00	1.58458988e+06	6.16750024e+04	1.00000000e-09	1.00000000e-09	1.00000000e-10	1.00000000e-10	0.00000000e+00	2.75743201e-01
6.80000000e+00	5.71723073e+00	1.59157440e+06	6.19468521e+04	1.00000000e-09	1.00000000e-09	1.00000000e-10	1.00000000e-10	0.00000000e+00	2.53507323e-01
6.90000000e+00	5.80130765e+00	1.59855892e+06	6.22187019e+04	1.17253993e+05	1.00000000e-09	1.17253993e+04	1.00000000e-10	1.13132905e+10	2.33064554e-01
7.00000000e+00	5.88538457e+00	1.60554344e+06	6.24905517e+04	7.45218748e+04	1.00000000e-09	7.45218748e+03	1.00000000e-10	7.19026784e+09	2.14270296e-01
7.10000000e+00	5.96946150e+00	1.61154327e+06	6.27240752e+04	1.00000000e-09	1.00000000e-09	1.00000000e-10	1.00000000e-10	0.00000000e+00	1.96991610e-01
7.20000000e+00	6.05353842e+00	1.61655420e+06	6.29191094e+04	1.00000000e-09	1.00000000e-09	1.00000000e-10	1.00000000e-10	0.00000000e+00	1.81106277e-01
7.30000000e+00	6.13761534e+00	1.62156513e+06	6.31141436e+04	3.69398917e+04	1.00000000e-09	3.69398917e+03	1.00000000e-10	3.56415772e+09	1.66501937e-01
7.40000000e+00	6.22169226e+00	1.62657606e+06	6.33091777e+04	2.41436638e+05	1.00000000e-09	2.41436638e+04	1.00000000e-10	2.32950942e+10	1.53075289e-01
7.50000000e+00	6.30576919e+00	1.63074225e+06	6.34713330e+04	4.70953453e+04	1.00000000e-09	4.70953453e+03	1.00000000e-10	4.54401004e+09	1.40731363e-01
7.60000000e+00	6.38984611e+00	1.63386199e+06	6.35927587e+04	1.00000000e-09	1.00000000e-09	1.00000000e-10	1.00000000e-10	0.00000000e+00	1.29382849e-01
7.70000000e+00	6.47392303e+00	1.63698173e+06	6.37141844e+04	1.00000000e-09	1.00000000e-09	1.00000000e-10	1.00000000e-10	0.00000000e+00	1.18949475e-01
7.80000000e+00	6.55799995e+00	1.64010146e+06	6.38356102e+04	8.30158730e+04	1.00000000e-09	8.30158730e+03	1.00000000e-10	8.00981408e+09	1.09357445e-01
7.90000000e+00	6.64207688e+00	1.64254828e+06	6.39308446e+04	4.66886968e+05	1.00000000e-09	4.66886968e+04	1.00000000e-10	4.50477442e+10	1.00538914e-01
8.00000000e+00	6.72615380e+00	1.64391999e+06	6.39842339e+04	5.04662244e+05	1.00000000e-09	5.04662244e+04	1.00000000e-10	4.86925043e+10	9.24315047e-02
8.10000000e+00	6.81023072e+00	1.64529170e+06	6.40376232e+04	4.78362365e+05	1.00000000e-09	4.78362365e+04	1.00000000e-10	4.61549517e+10	8.49778740e-02
8.20000000e+00	6.89430764e+00	1.64666341e+06	6.40910125e+04	3.91326531e+05	1.00000000e-09	3.91326531e+04	1.00000000e-10	3.77572703e+10	7.81253008e-02
8.30000000e+00	6.97838457e+00	1.64756921e+06	6.41262678e+04	2.40037109e+05	1.00000000e-09	2.40037109e+04	1.00000000e-10	2.31600602e+10	7.18253161e-02
8.40000000e+00	7.06246149e+00	1.64742672e+06	6.41207220e+04	4.69431201e+01	1.00000000e-09	4.69431201e+00	1.00000000e-10	4.52932253e+06	6.60333593e-02
8.50000000e+00	7.14653841e+00	1.64728424e+06	6.41151762e+04	4.09575934e+00	1.00000000e-09	4.09575934e-01	1.00000000e-10	3.95180700e+05	6.07084632e-02
8.60000000e+00	7.23061533e+00	1.64714175e+06	6.41096303e+04	2.08965094e+04	1.00000000e-09	2.08965094e+03	1.00000000e-10	2.01620665e+09	5.58129641e-02
8.70000000e+00	7.31469226e+00	1.64677160e+06	6.40952234e+04	6.13668127e+04	1.00000000e-09	6.13668127e+03	1.00000000e-10	5.92099730e+09	5.13122357e-02
8.80000000e+00	7.39876918e+00	1.64548479e+06	6.40451384e+04	1.00000000e-09	1.00000000e-09	1.00000000e-10	1.00000000e-10	0.00000000e+00	4.71744438e-02
8.90000000e+00	7.48284610e+00	1.64419797e+06	6.39950534e+04	1.00000000e-09	1.00000000e-09	1.00000000e-10	1.00000000e-10	0.00000000e+00	4.33703214e-02
9.00000000e+00	7.56692302e+00	1.64291116e+06	6.39449683e+04	1.00000000e-09	1.00000000e-09	1.00000000e-10	1.00000000e-10	0.00000000e+00	3.98729614e-02
9.10000000e+00	7.65099995e+00	1.64162435e+06	6.38948833e+04	2.88810419e+04	1.00000000e-09	2.88810419e+03	1.00000000e-10	2.78659692e+09	3.66576268e-02
9.20000000e+00	7.73507687e+00	1.63975287e+06	6.38220422e+04	1.00000000e-09	1.00000000e-09	1.00000000e-10	1.00000000e-10	0.00000000e+00	3.37015752e-02
9.30000000e+00	7.81915379e+00	1.63788139e+06	6.37492011e+04	1.00000000e-09	1.00000000e-09	1.00000000e-10	1.00000000e-10	0.00000000e+00	3.09838980e-02
9.40000000e+00	7.90323071e+00	1.63600992e+06	6.36763600e+04	1.00000000e-09	3.05731813e+04	1.00000000e-10	3.05731813e+03	-2.94986355e+09	2.84853728e-02
9.50000000e+00	7.98730764e+00	1.63413844e+06	6.36035189e+04	1.00000000e-09	4.78187421e+04	1.00000000e-10	4.78187421e+03	-4.61380721e+09	2.61883275e-02
9.60000000e+00	8.07138456e+00	1.63226697e+06	6.35306778e+04	1.00000000e-09	3.50748436e+04	1.00000000e-10	3.50748436e+03	-3.38420794e+09	2.40765146e-02
9.70000000e+00	8.15546148e+00	1.63039549e+06	6.34578367e+04	1.79434250e+03	3.33804603e+02	1.79434250e+02	3.33804603e+01	1.40920484e+08	2.21349973e-02
9.80000000e+00	8.23953840e+00	1.62848373e+06	6.33834276e+04	1.04196876e+04	1.00000000e-09	1.04196876e+03	1.00000000e-10	1.00534701e+09	2.03500429e-02
9.90000000e+00	8.32361533e+00	1.62632753e+06	6.32995045e+04	1.00000000e-09	1.00000000e-09	1.00000000e-10	1.00000000e-10	0.00000000e+00	1.87090262e-02
1.00000000e+01	8.40769225e+00	1.62417133e+06	6.32155815e+04	1.00000000e-09	1.00000000e-09	1.00000000e-10	1.00000000e-10	0.00000000e+00	1.72003403e-02
1.01000000e+01	8.49176917e+00	1.62201513e+06	6.31316585e+04	1.00000000e-09	2.33021165e+04	1.00000000e-10	2.33021165e+03	-2.24831245e+09	1.58133140e-02
1.02000000e+01	8.57584609e+00	1.61985893e+06	6.30477354e+04	5.91790317e+04	4.23456783e+04	5.91790317e+03	4.23456783e+03	1.62417170e+09	1.45381368e-02
1.03000000e+01	8.65992302e+00	1.61588262e+06	6.28929703e+04	1.76485882e+04	1.47254318e+04	1.76485882e+03	1.47254318e+03	2.82041710e+08	1.33657892e-02
1.04000000e+01	8.74399994e+00	1.61120630e+06	6.27109598e+04	2.91046990e-04	1.00000000e-09	2.91046990e-05	1.00000000e-10	2.80816690e+01	1.22879791e-02
1.05000000e+01	8.82807686e+00	1.60652998e+06	6.25289494e+04	5.01454147e-04	1.00000000e-09	5.01454147e-05	1.00000000e-10	4.83828734e+01	1.12970830e-02
1.06000000e+01	8.91215378e+00	1.60185366e+06	6.23469389e+04	2.59924553e+04	1.13991480e+04	2.59924553e+03	1.13991480e+03	1.40804010e+09	1.03860923e-02
1.07000000e+01	8.99623071e+00	1.59597129e+06	6.21179866e+04	1.90180266e+03	2.88782649e+04	1.90180266e+02	2.88782649e+03	-2.60283292e+09	9.54856333e-03
1.08000000e+01	9.08030763e+00	1.58999191e+06	6.18852587e+04	1.00000000e-09	1.19437848e+03	1.00000000e-10	1.19437848e+02	-1.15240004e+08	8.77857228e-03
1.09000000e+01	9.16438455e+00	1.58407173e+06	6.16548352e+04	1.00000000e-09	1.00000000e-09	1.00000000e-10	1.00000000e-10	0.00000000e+00	8.07067289e-03
1.10000000e+01	9.24846147e+00	1.57830178e+06	6.14302586e+04	1.66520594e+04	1.00000000e-09	1.66520594e+03	1.00000000e-10	1.60667948e+09	7.41985814e-03
1.11000000e+01	9.33253840e+00	1.57169565e+06	6.11731364e+04	3.90500392e+03	1.68402788e+04	3.90500392e+02	1.68402788e+03	-1.24806429e+09	6.82152474e-03
1.12000000e+01	9.41661532e+00	1.56486865e+06	6.09074176e+04	1.00000000e-09	2.82143773e+04	1.00000000e-10	2.82143773e+03	-2.72227356e+09	6.27144062e-03
1.13000000e+01	9.50069224e+00	1.55804165e+06	6.06416989e+04	1.00000000e-09	1.00000000e-09	1.00000000e-10	1.00000000e-10	0.00000000e+00	5.76571500e-03
1.14000000e+01	9.58476916e+00	1.55125377e+06	6.03775030e+04	5.30569969e+01	1.00000000e-09	5.30569969e+00	1.00000000e-10	5.11922197e+06	5.30077082e-03
1.15000000e+01	9.66884609e+00	1.54451077e+06	6.01150534e+04	8.74623173e+01	1.00000000e-09	8.74623173e+00	1.00000000e-10	8.43883074e+06	4.87331949e-03
1.16000000e+01	9.75292301e+00	1.53776279e+06	5.98524105e+04	1.00000000e-09	2.92639656e+04	1.00000000e-10	2.92639656e+03	-2.82354344e+09	4.48033760e-03
1.17000000e+01	9.83699993e+00	1.53101482e+06	5.95897676e+04	1.00000000e-09	1.92188448e+04	1.00000000e-10	1.92188448e+03	-1.85433662e+09	4.11904557e-03
1.18000000e+01	9.92107685e+00	1.52428354e+06	5.93277744e+04	5.81270370e+00	1.00000000e-09	5.81270370e-01	1.00000000e-10	5.60840647e+05	3.78688794e-03
1.19000000e+01	1.00051538e+01	1.51760224e+06	5.90677267e+04	4.90290126e+01	1.00000000e-09	4.90290126e+00	1.00000000e-10	4.73058057e+06	3.48151531e-03
1.20000000e+01	1.00892307e+01	1.51091818e+06	5.88075715e+04	2.98915764e+00	1.10756891e+04	2.98915764e-01	1.10756891e+03	-1.06835313e+09	3.20076778e-03
1.21000000e+01	1.01733076e+01	1.50423396e+06	5.85474098e+04	1.40989020e-02	3.44798076e+04	1.40989020e-03	3.44798076e+03	-3.32679432e+09	2.94265957e-03
1.22000000e+01	1.02573845e+01	1.49754973e+06	5.82872480e+04	2.48545285e-02	2.17753080e+03	2.48545285e-03	2.17753080e+02	-2.10097385e+08	2.70536508e-03
1.23000000e+01	1.03414615e+01	1.49090890e+06	5.80287754e+04	5.10492840e+00	1.00000000e-09	5.10492840e-01	1.00000000e-10	4.92550712e+05	2.48720588e-03
1.24000000e+01	1.04255384e+01	1.48427839e+06	5.77707042e+04	2.76698706e+00	1.00000000e-09	2.76698706e-01	1.00000000e-10	2.66973665e+05	2.28663893e-03
1.25000000e+01	1.05096153e+01	1.47764772e+06	5.75126269e+04	2.07272143e-01	2.93287073e+04	2.07272143e-02	2.93287073e+03	-2.82977007e+09	2.10224558e-03
1.26000000e+01	1.05936922e+01	1.47101703e+06	5.72545491e+04	1.00000000e-09	2.78352869e+04	1.00000000e-10	2.78352869e+03	-2.68569690e+09	1.93272162e-03
1.27000000e+01	1.06777692e+01	1.46441558e+06	5.69976090e+04	1.00000000e-09	1.00000000e-09	1.00000000e-10	1.00000000e-10	0.00000000e+00	1.77686798e-03
1.28000000e+01	1.07618461e+01	1.45783620e+06	5.67415282e+04	2.89957105e-02	1.00000000e-09	2.89957105e-03	1.00000000e-10	2.79766066e+03	1.63358230e-03
1.29000000e+01	1.08459230e+01	1.45125682e+06	5.64854472e+04	7.37372703e-02	5.56971903e+03	7.37372703e-03	5.56971903e+02	-5.37389076e+08	1.50185109e-03
1.30000000e+01	1.09299999e+01	1.44467744e+06	5.62293662e+04	1.00000000e-09	3.88153566e+04	1.00000000e-10	3.88153566e+03	-3.74511257e+09	1.38074262e-03
1.31000000e+01	1.10140768e+01	1.43810943e+06	5.59737277e+04	1.00000000e-09	9.11451272e+03	1.00000000e-10	9.11451272e+02	-8.79416787e+08	1.26940027e-03
1.32000000e+01	1.10981538e+01	1.43156591e+06	5.57190425e+04	3.16310367e-03	1.00000000e-09	3.16310367e-04	1.00000000e-10	3.05193012e+02	1.16703651e-03
1.33000000e+01	1.11822307e+01	1.42502239e+06	5.54643573e+04	4.90651732e-02	1.00000000e-09	4.90651732e-03	1.00000000e-10	4.73406944e+03	1.07292731e-03
1.34000000e+01	1.12663076e+01	1.41847887e+06	5.52096720e+04	1.66749148e-02	2.72441958e+04	1.66749148e-03	2.72441958e+03	-2.62866368e+09	9.86407027e-04
1.35000000e+01	1.13503845e+01	1.41193534e+06	5.49549867e+04	1.00000000e-09	3.41199414e+04	1.00000000e-10	3.41199414e+03	-3.29207388e+09	9.06863691e-04
1.36000000e+01	1.14344615e+01	1.40540955e+06	5.47009914e+04	1.00000000e-09	1.00000000e-09	1.00000000e-10	1.00000000e-10	0.00000000e+00	8.33734687e-04
1.37000000e+01	1.15185384e+01	1.39889366e+06	5.44473816e+04	1.00000000e-09	1.00000000e-09	1.00000000e-10	1.00000000e-10	0.00000000e+00	7.66502767e-04
1.38000000e+01	1.16026153e+01	1.39237777e+06	5.41937718e+04	3.02980646e-04	1.00000000e-09	3.02980646e-05	1.00000000e-10	2.92330918e+01	7.04692393e-04
1.39000000e+01	1.16866922e+01	1.38586188e+06	5.39401619e+04	1.00000000e-09	3.98796503e+04	1.00000000e-10	3.98796503e+03	-3.84780130e+09	6.47866374e-04
1.40000000e+01	1.17707691e+01	1.37934981e+06	5.36867008e+04	1.00000000e-09	1.68372422e+04	1.00000000e-10	1.68372422e+03	-1.62454690e+09	5.95622776e-04
1.41000000e+01	1.18548461e+01	1.37285620e+06	5.34339582e+04	4.21544293e-04	1.00000000e-09	4.21544293e-05	1.00000000e-10	4.06727446e+01	5.47592073e-04
1.42000000e+01	1.19389230e+01	1.36636319e+06	5.31812392e+04	9.23444291e-04	1.00000000e-09	9.23444291e-05	1.00000000e-10	8.90987326e+01	5.03434541e-04
1.43000000e+01	1.20229999e+01	1.35987019e+06	5.29285201e+04	1.14908962e-04	2.21172731e+04	1.14908962e-05	2.21172731e+03	-2.13399243e+09	4.62837848e-04
1.44000000e+01	1.21070768e+01	1.35337719e+06	5.26758011e+04	1.00000000e-09	3.91242966e+04	1.00000000e-10	3.91242966e+03	-3.77492075e+09	4.25514851e-04
1.45000000e+01	1.21911538e+01	1.34690202e+06	5.24237765e+04	1.00000000e-09	1.00000000e-09	1.00000000e-10	1.00000000e-10	0.00000000e+00	3.91201561e-04
1.46000000e+01	1.22752307e+01	1.34044461e+06	5.21724428e+04	1.00000000e-09	1.00000000e-09	1.00000000e-10	1.00000000e-10	0.00000000e+00	3.59655276e-04
1.47000000e+01	1.23593076e+01	1.33398721e+06	5.19211092e+04	2.71755775e-05	1.00000000e-09	2.71755775e-06	1.00000000e-10	2.62194814e+00	3.30652866e-04
1.48000000e+01	1.24433845e+01	1.32752980e+06	5.16697755e+04	9.55662261e-06	3.91231231e+04	9.55662261e-07	3.91231231e+03	-3.77480753e+09	3.03989196e-04
1.49000000e+01	1.25274615e+01	1.32108034e+06	5.14187515e+04	3.67097463e-07	2.49103797e+04	3.67097463e-08	2.49103797e+03	-2.40348626e+09	2.79475669e-04
1.50000000e+01	1.26115384e+01	1.31466222e+06	5.11689472e+04	1.00000000e-09	1.00000000e-09	1.00000000e-10	1.00000000e-10	0.00000000e+00	2.56938901e-04
1.51000000e+01	1.26956153e+01	1.30824411e+06	5.09191428e+04	1.00000000e-09	1.00000000e-09	1.00000000e-10	1.00000000e-10	0.00000000e+00	2.36219485e-04
1.52000000e+01	1.27796922e+01	1.30182599e+06	5.06693385e+04	1.55790899e-07	1.58281162e+04	1.55790899e-08	1.58281162e+03	-1.52718105e+09	2.17170872e-04
1.53000000e+01	1.28637691e+01	1.29540787e+06	5.04195342e+04	1.76429491e-07	4.35456280e+04	1.76429491e-08	4.35456280e+03	-4.20151438e+09	1.99658328e-04
1.54000000e+01	1.29478461e+01	1.28902702e+06	5.01711805e+04	1.00000000e-09	1.00000000e-09	1.00000000e-10	1.00000000e-10	0.00000000e+00	1.83557987e-04
1.55000000e+01	1.30319230e+01	1.28266452e+06	4.99235406e+04	1.00000000e-09	1.00000000e-09	1.00000000e-10	1.00000000e-10	0.00000000e+00	1.68755969e-04
1.56000000e+01	1.31159999e+01	1.27630201e+06	4.96759008e+04	7.34430855e-08	1.00000000e-09	7.34430855e-09	1.00000000e-10	6.98969516e-03	1.55147578e-04
1.57000000e+01	1.32000768e+01	1.26993951e+06	4.94282610e+04	1.86697977e-07	3.72617894e+04	1.86697977e-08	3.72617894e+03	-3.59521613e+09	1.42636560e-04
1.58000000e+01	1.32841538e+01	1.26361041e+06	4.91819214e+04	1.00000000e-09	3.16586816e+04	1.00000000e-10	3.16586816e+03	-3.05459841e+09	1.31134424e-04
1.59000000e+01	1.33682307e+01	1.25731922e+06	4.89370575e+04	1.00000000e-09	1.00000000e-09	1.00000000e-10	1.00000000e-10	0.00000000e+00	1.20559814e-04
1.60000000e+01	1.34523076e+01	1.25102804e+06	4.86921936e+04	1.00000000e-09	1.00000000e-09	1.00000000e-10	1.00000000e-10	0.00000000e+00	1.10837935e-04
1.61000000e+01	1.35363845e+01	1.24473685e+06	4.84473298e+04	2.37301692e-09	8.95317139e+03	2.37301692e-10	8.95317139e+02	-8.63849715e+08	1.01900023e-04
1.62000000e+01	1.36204614e+01	1.23846544e+06	4.82032352e+04	1.00000000e-09	4.52937248e+04	1.00000000e-10	4.52937248e+03	-4.37018008e+09	9.36828597e-05
1.63000000e+01	1.37045384e+01	1.23224720e+06	4.79612108e+04	1.00000000e-09	7.26487156e+03	1.00000000e-10	7.26487156e+02	-7.00953545e+08	8.61283240e-05
1.64000000e+01	1.37886153e+01	1.22602897e+06	4.77191863e+04	1.00000000e-09	1.00000000e-09	1.00000000e-10	1.00000000e-10	0.00000000e+00	7.91829819e-05
1.65000000e+01	1.38726922e+01	1.21981074e+06	4.74771618e+04	2.37459711e-09	1.00000000e-09	2.37459711e-10	1.00000000e-10	1.32628459e-04	7.27977085e-05
1.66000000e+01	1.39567691e+01	1.21359250e+06	4.72351374e+04	1.00000000e-09	3.20702620e+04	1.00000000e-10	3.20702620e+03	-3.09430989e+09	6.69273402e-05
1.67000000e+01	1.40408461e+01	1.20743429e+06	4.69954488e+04	1.00000000e-09	3.56028954e+04	1.00000000e-10	3.56028954e+03	-3.43515719e+09	6.15303552e-05
1.68000000e+01	1.41249230e+01	1.20128607e+06	4.67561493e+04	1.00000000e-09	1.00000000e-09	1.00000000e-10	1.00000000e-10	0.00000000e+00	5.65685802e-05
1.69000000e+01	1.42089999e+01	1.19513784e+06	4.65168498e+04	1.00000000e-09	1.00000000e-09	1.00000000e-10	1.00000000e-10	0.00000000e+00	5.20069201e-05
1.70000000e+01	1.42930768e+01	1.18898962e+06	4.62775503e+04	1.00000000e-09	1.00000000e-09	1.00000000e-10	1.00000000e-10	0.00000000e+00	4.78131098e-05
1.71000000e+01	1.43771537e+01	1.18289749e+06	4.60404339e+04	1.00000000e-09	4.06804746e+04	1.00000000e-10	4.06804746e+03	-3.92506910e+09	4.39574862e-05
1.72000000e+01	1.44612307e+01	1.17683945e+06	4.58046445e+04	1.00000000e-09	1.59273367e+04	1.00000000e-10	1.59273367e+03	-1.53675438e+09	4.04127779e-05
1.73000000e+01	1.45453076e+01	1.17078142e+06	4.55688551e+04	1.00000000e-09	1.00000000e-09	1.00000000e-10	1.00000000e-10	0.00000000e+00	3.71539131e-05
1.74000000e+01	1.46293845e+01	1.16472338e+06	4.53330658e+04	1.00000000e-09	1.00000000e-09	1.00000000e-10	1.00000000e-10	0.00000000e+00	3.41578414e-05
1.75000000e+01	1.47134614e+01	1.15870689e+06	4.50988934e+04	1.00000000e-09	1.92604078e+04	1.00000000e-10	1.92604078e+03	-1.85834684e+09	3.14033713e-05
1.76000000e+01	1.47975384e+01	1.15274385e+06	4.48668018e+04	1.00000000e-09	3.63492378e+04	1.00000000e-10	3.63492378e+03	-3.50716828e+09	2.88710202e-05
1.77000000e+01	1.48816153e+01	1.14678082e+06	4.46347102e+04	1.00000000e-09	1.00000000e-09	1.00000000e-10	1.00000000e-10	0.00000000e+00	2.65428765e-05
1.78000000e+01	1.49656922e+01	1.14081779e+06	4.44026186e+04	1.00000000e-09	1.00000000e-09	1.00000000e-10	1.00000000e-10	0.00000000e+00	2.44024731e-05
1.79000000e+01	1.50497691e+01	1.13487381e+06	4.41712685e+04	1.00000000e-09	1.00000000e-09	1.00000000e-10	1.00000000e-10	0.00000000e+00	2.24346707e-05
1.80000000e+01	1.51338460e+01	1.12899355e+06	4.39423986e+04	1.00000000e-09	2.92679608e+04	1.00000000e-10	2.92679608e+03	-2.82392892e+09	2.06255509e-05
1.81000000e+01	1.52179230e+01	1.12311329e+06	4.37135287e+04	1.00000000e-09	2.64663998e+04	1.00000000e-10	2.64663998e+03	-2.55361937e+09	1.89623175e-05
1.82000000e+01	1.53019999e+01	1.11723304e+06	4.34846588e+04	1.00000000e-09	1.00000000e-09	1.00000000e-10	1.00000000e-10	0.00000000e+00	1.74332063e-05
1.83000000e+01	1.53860768e+01	1.11135278e+06	4.32557889e+04	1.00000000e-09	1.00000000e-09	1.00000000e-10	1.00000000e-10	0.00000000e+00	1.60274019e-05
1.84000000e+01	1.54701537e+01	1.10553507e+06	4.30293535e+04	1.00000000e-09	1.00000000e-09	1.00000000e-10	1.00000000e-10	0.00000000e+00	1.47349607e-05
1.85000000e+01	1.55542307e+01	1.09973299e+06	4.28035265e+04	1.00000000e-09	3.34201789e+04	1.00000000e-10	3.34201789e+03	-3.22455706e+09	1.35467414e-05
1.86000000e+01	1.56383076e+01	1.09393091e+06	4.25776994e+04	1.00000000e-09	1.50509512e+04	1.00000000e-10	1.50509512e+03	-1.45219602e+09	1.24543394e-05
1.87000000e+01	1.57223845e+01	1.08812883e+06	4.23518724e+04	1.00000000e-09	1.00000000e-09	1.00000000e-10	1.00000000e-10	0.00000000e+00	1.14500281e-05
1.88000000e+01	1.58064614e+01	1.08237701e+06	4.21280015e+04	1.00000000e-09	1.00000000e-09	1.00000000e-10	1.00000000e-10	0.00000000e+00	1.05267039e-05
1.89000000e+01	1.58905384e+01	1.07666132e+06	4.19055369e+04	1.00000000e-09	1.18278658e+04	1.00000000e-10	1.18278658e+03	-1.14121556e+09	9.67783615e-06
1.90000000e+01	1.59746153e+01	1.07094563e+06	4.16830723e+04	1.00000000e-09	3.49226331e+04	1.00000000e-10	3.49226331e+03	-3.36952185e+09	8.89742061e-06
1.91000000e+01	1.60586922e+01	1.06522994e+06	4.14606076e+04	1.00000000e-09	3.87019636e+03	1.00000000e-10	3.87019636e+02	-3.73417181e+08	8.17993736e-06
1.92000000e+01	1.61427691e+01	1.05954380e+06	4.12392931e+04	1.00000000e-09	1.00000000e-09	1.00000000e-10	1.00000000e-10	0.00000000e+00	7.52031158e-06
1.93000000e+01	1.62268460e+01	1.05390494e+06	4.10198188e+04	1.00000000e-09	1.00000000e-09	1.00000000e-10	1.00000000e-10	0.00000000e+00	6.91387767e-06
1.94000000e+01	1.63109230e+01	1.04826608e+06	4.08003446e+04	1.00000000e-09	2.47365305e+04	1.00000000e-10	2.47365305e+03	-2.38671236e+09	6.35634627e-06
1.95000000e+01	1.63949999e+01	1.04262722e+06	4.05808704e+04	1.00000000e-09	3.34136348e+04	1.00000000e-10	3.34136348e+03	-3.22392565e+09	5.84377390e-06
1.96000000e+01	1.64790768e+01	1.03699379e+06	4.03616075e+04	1.00000000e-09	1.00000000e-09	1.00000000e-10	1.00000000e-10	0.00000000e+00	5.37253509e-06
1.97000000e+01	1.65631537e+01	1.03140736e+06	4.01441738e+04	1.00000000e-09	1.00000000e-09	1.00000000e-10	1.00000000e-10	0.00000000e+00	4.93929673e-06
1.98000000e+01	1.66472307e+01	1.02582547e+06	3.99269167e+04	1.00000000e-09	1.00000000e-09	1.00000000e-10	1.00000000e-10	0.00000000e+00	4.54099448e-06
1.99000000e+01	1.67313076e+01	1.02024357e+06	3.97096596e+04	1.00000000e-09	3.63877995e+04	1.00000000e-10	3.63877995e+03	-3.51088892e+09	4.17481111e-06
2.00000000e+01	1.68153845e+01	1.01466168e+06	3.94924026e+04	1.00000000e-09	2.58548122e+04	1.00000000e-10	2.58548122e+03	-2.49461014e+09	3.83815657e-06
2.01000000e+01	1.68994614e+01	1.00911568e+06	3.92765427e+04	1.00000000e-09	1.00000000e-09	1.00000000e-10	1.00000000e-10	0.00000000e+00	3.52864967e-06
2.02000000e+01	1.69835383e+01	1.00359204e+06	3.90615528e+04	1.00000000e-09	1.00000000e-09	1.00000000e-10	1.00000000e-10	0.00000000e+00	3.24410125e-06
2.03000000e+01	1.70676153e+01	9.98068391e+05	3.88465629e+04	1.00000000e-09	8.14138054e+03	1.00000000e-10	8.14138054e+02	-7.85523805e+08	2.98249865e-06
2.04000000e+01	1.71516922e+01	9.92544746e+05	3.86315730e+04	1.00000000e-09	4.32066815e+04	1.00000000e-10	4.32066815e+03	-4.16881101e+09	2.74199155e-06
2.05000000e+01	1.72357691e+01	9.87038404e+05	3.84172566e+04	1.00000000e-09	1.11041863e+04	1.00000000e-10	1.11041863e+03	-1.07139110e+09	2.52087882e-06
2.06000000e+01	1.73198460e+01	9.81562772e+05	3.82041354e+04	1.00000000e-09	1.00000000e-09	1.00000000e-10	1.00000000e-10	0.00000000e+00	2.31759650e-06
2.07000000e+01	1.74039230e+01	9.76087140e+05	3.79910143e+04	1.00000000e-09	1.00000000e-09	1.00000000e-10	1.00000000e-10	0.00000000e+00	2.13070675e-06
2.08000000e+01	1.74879999e+01	9.70611508e+05	3.77778931e+04	1.00000000e-09	2.58470809e+04	1.00000000e-10	2.58470809e+03	-2.49386418e+09	1.95888770e-06
2.09000000e+01	1.75720768e+01	9.65135876e+05	3.75647720e+04	1.00000000e-09	4.19188578e+04	1.00000000e-10	4.19188578e+03	-4.04455492e+09	1.80092404e-06
2.10000000e+01	1.76561537e+01	9.59688024e+05	3.73527320e+04	1.00000000e-09	1.00000000e-09	1.00000000e-10	1.00000000e-10	0.00000000e+00	1.65569849e-06
2.11000000e+01	1.77402306e+01	9.54250825e+05	3.71411068e+04	1.00000000e-09	1.00000000e-09	1.00000000e-10	1.00000000e-10	0.00000000e+00	1.52218384e-06
2.12000000e+01	1.78243076e+01	9.48813626e+05	3.69294815e+04	1.00000000e-09	1.00000000e-09	1.00000000e-10	1.00000000e-10	0.00000000e+00	1.39943575e-06
2.13000000e+01	1.79083845e+01	9.43376428e+05	3.67178563e+04	1.00000000e-09	3.94777871e+04	1.00000000e-10	3.94777871e+03	-3.80902740e+09	1.28658600e-06
2.14000000e+01	1.79924614e+01	9.37953896e+05	3.65068019e+04	1.00000000e-09	3.21433066e+04	1.00000000e-10	3.21433066e+03	-3.10135761e+09	1.18283639e-06
2.15000000e+01	1.80765383e+01	9.32556006e+05	3.62967066e+04	1.00000000e-09	1.00000000e-09	1.00000000e-10	1.00000000e-10	0.00000000e+00	1.08745310e-06
2.16000000e+01	1.81606153e+01	9.27158116e+05	3.60866113e+04	1.00000000e-09	1.00000000e-09	1.00000000e-10	1.00000000e-10	0.00000000e+00	9.99761460e-07
2.17000000e+01	1.82446922e+01	9.21760226e+05	3.58765160e+04	1.00000000e-09	4.53974713e+03	1.00000000e-10	4.53974713e+02	-4.38019009e+08	9.19141229e-07
2.18000000e+01	1.83287691e+01	9.16362336e+05	3.56664207e+04	1.00000000e-09	4.65129752e+04	1.00000000e-10	4.65129752e+03	-4.48781986e+09	8.45022171e-07
2.19000000e+01	1.84128460e+01	9.10992926e+05	3.54574339e+04	1.00000000e-09	1.61919065e+04	1.00000000e-10	1.61919065e+03	-1.56228148e+09	7.76880034e-07
2.20000000e+01	1.84969229e+01	9.05635637e+05	3.52489189e+04	1.00000000e-09	1.00000000e-09	1.00000000e-10	1.00000000e-10	0.00000000e+00	7.14232843e-07
2.21000000e+01	1.85809999e+01	9.00278347e+05	3.50404038e+04	1.00000000e-09	1.00000000e-09	1.00000000e-10	1.00000000e-10	0.00000000e+00	6.56637488e-07
2.22000000e+01	1.86650768e+01	8.94921058e+05	3.48318888e+04	1.00000000e-09	2.26442939e+04	1.00000000e-10	2.26442939e+03	-2.18484222e+09	6.03686592e-07
2.23000000e+01	1.87491537e+01	8.89584638e+05	3.46241860e+04	1.00000000e-09	4.50651669e+04	1.00000000e-10	4.50651669e+03	-4.34812760e+09	5.55005627e-07
2.24000000e+01	1.88332306e+01	8.84278628e+05	3.44176668e+04	1.00000000e-09	1.00000000e-09	1.00000000e-10	1.00000000e-10	0.00000000e+00	5.10250270e-07
2.25000000e+01	1.89173076e+01	8.78972618e+05	3.42111477e+04	1.00000000e-09	1.00000000e-09	1.00000000e-10	1.00000000e-10	0.00000000e+00	4.69103960e-07
2.26000000e+01	1.90013845e+01	8.73666608e+05	3.40046285e+04	1.00000000e-09	1.00000000e-09	1.00000000e-10	1.00000000e-10	0.00000000e+00	4.31275667e-07
2.27000000e+01	1.90854614e+01	8.68364214e+05	3.37982501e+04	1.00000000e-09	3.65317495e+04	1.00000000e-10	3.65317495e+03	-3.52477799e+09	3.96497828e-07
2.28000000e+01	1.91695383e+01	8.63102817e+05	3.35934673e+04	1.00000000e-09	3.56399377e+04	1.00000000e-10	3.56399377e+03	-3.43873123e+09	3.64524455e-07
2.29000000e+01	1.92536153e+01	8.57848390e+05	3.33889559e+04	1.00000000e-09	1.00000000e-09	1.00000000e-10	1.00000000e-10	0.00000000e+00	3.35129397e-07
2.30000000e+01	1.93376922e+01	8.52593963e+05	3.31844444e+04	1.00000000e-09	1.00000000e-09	1.00000000e-10	1.00000000e-10	0.00000000e+00	3.08104742e-07
2.31000000e+01	1.94217691e+01	8.47339536e+05	3.29799329e+04	1.00000000e-09	1.00000000e-09	1.00000000e-10	1.00000000e-10	0.00000000e+00	2.83259340e-07
2.32000000e+01	1.95058460e+01	8.42125355e+05	3.27769879e+04	1.00000000e-09	4.20887453e+04	1.00000000e-10	4.20887453e+03	-4.06094657e+09	2.60417458e-07
2.33000000e+01	1.95899229e+01	8.36940838e+05	3.25751975e+04	1.00000000e-09	2.18209228e+04	1.00000000e-10	2.18209228e+03	-2.10539898e+09	2.39417533e-07
2.34000000e+01	1.96739999e+01	8.31756321e+05	3.23734070e+04	1.00000000e-09	1.00000000e-09	1.00000000e-10	1.00000000e-10	0.00000000e+00	2.20111031e-07
2.35000000e+01	1.97580768e+01	8.26571804e+05	3.21716166e+04	1.00000000e-09	1.00000000e-09	1.00000000e-10	1.00000000e-10	0.00000000e+00	2.02361395e-07
2.36000000e+01	1.98421537e+01	8.21414983e+05	3.19709041e+04	1.00000000e-09	1.13299340e+04	1.00000000e-10	1.13299340e+03	-1.09317245e+09	1.86043080e-07
2.37000000e+01	1.99262306e+01	8.16306518e+05	3.17720737e+04	1.00000000e-09	4.06930792e+04	1.00000000e-10	4.06930792e+03	-3.92628527e+09	1.71040665e-07
2.38000000e+01	2.00103076e+01	8.11198053e+05	3.15732434e+04	1.00000000e-09	9.13629597e+03	1.00000000e-10	9.13629597e+02	-8.81518551e+08	1.57248037e-07
2.39000000e+01	2.00943845e+01	8.06089588e+05	3.13744130e+04	1.00000000e-09	1.00000000e-09	1.00000000e-10	1.00000000e-10	0.00000000e+00	1.44567640e-07
2.40000000e+01	2.01784614e+01	8.00987068e+05	3.11758140e+04	1.00000000e-09	1.00000000e-09	1.00000000e-10	1.00000000e-10	0.00000000e+00	1.32909782e-07
2.41000000e+01	2.02625383e+01	7.95942267e+05	3.09794616e+04	1.00000000e-09	1.91906416e+04	1.00000000e-10	1.91906416e+03	-1.85161542e+09	1.22192009e-07
2.42000000e+01	2.03466152e+01	7.90901655e+05	3.07832721e+04	1.00000000e-09	3.72224997e+04	1.00000000e-10	3.72224997e+03	-3.59142524e+09	1.12338510e-07
2.43000000e+01	2.04306922e+01	7.85861042e+05	3.05870827e+04	1.00000000e-09	1.00000000e-09	1.00000000e-10	1.00000000e-10	0.00000000e+00	1.03279593e-07
2.44000000e+01	2.05147691e+01	7.80820430e+05	3.03908933e+04	1.00000000e-09	1.00000000e-09	1.00000000e-10	1.00000000e-10	0.00000000e+00	9.49511815e-08
2.45000000e+01	2.05988460e+01	7.75834557e+05	3.01968344e+04	1.00000000e-09	1.00000000e-09	1.00000000e-10	1.00000000e-10	0.00000000e+00	8.72943689e-08
2.46000000e+01	2.06829229e+01	7.70878563e+05	3.00039385e+04	1.00000000e-09	2.43833989e+04	1.00000000e-10	2.43833989e+03	-2.35264034e+09	8.02549976e-08
2.47000000e+01	2.07669999e+01	7.65922569e+05	2.98110425e+04	1.00000000e-09	3.47649235e+04	1.00000000e-10	3.47649235e+03	-3.35430519e+09	7.37832774e-08
2.48000000e+01	2.08510768e+01	7.60966575e+05	2.96181466e+04	1.00000000e-09	1.00000000e-09	1.00000000e-10	1.00000000e-10	0.00000000e+00	6.78334333e-08
2.49000000e+01	2.09351537e+01	7.56050176e+05	2.94267918e+04	1.00000000e-09	1.00000000e-09	1.00000000e-10	1.00000000e-10	0.00000000e+00	6.23633815e-08
2.50000000e+01	2.10192306e+01	7.51183834e+05	2.92373853e+04	1.00000000e-09	1.00000000e-09	1.00000000e-10	1.00000000e-10	0.00000000e+00	5.73344317e-08
2.51000000e+01	2.11033075e+01	7.46317493e+05	2.90479788e+04	1.00000000e-09	3.11734570e+04	1.00000000e-10	3.11734570e+03	-3.00778136e+09	5.27110137e-08
2.52000000e+01	2.11873845e+01	7.41451151e+05	2.88585723e+04	1.00000000e-09	3.44031278e+04	1.00000000e-10	3.44031278e+03	-3.31939721e+09	4.84604257e-08
2.53000000e+01	2.12714614e+01	7.36600527e+05	2.86697775e+04	1.00000000e-09	1.00000000e-09	1.00000000e-10	1.00000000e-10	0.00000000e+00	4.45526029e-08
2.54000000e+01	2.13555383e+01	7.31809490e+05	2.84833020e+04	1.00000000e-09	1.00000000e-09	1.00000000e-10	1.00000000e-10	0.00000000e+00	4.09599048e-08
2.55000000e+01	2.14396152e+01	7.27018454e+05	2.82968265e+04	1.00000000e-09	1.00000000e-09	1.00000000e-10	1.00000000e-10	0.00000000e+00	3.76569199e-08
2.56000000e+01	2.15236922e+01	7.22227417e+05	2.81103510e+04	1.00000000e-09	4.01488789e+04	1.00000000e-10	4.01488789e+03	-3.87377792e+09	3.46202860e-08
2.57000000e+01	2.16077691e+01	7.17436380e+05	2.79238755e+04	1.00000000e-09	3.21444026e+04	1.00000000e-10	3.21444026e+03	-3.10146336e+09	3.18285246e-08
2.58000000e+01	2.16918460e+01	7.12701404e+05	2.77395819e+04	1.00000000e-09	1.00000000e-09	1.00000000e-10	1.00000000e-10	0.00000000e+00	2.92618894e-08
2.59000000e+01	2.17759229e+01	7.07987052e+05	2.75560911e+04	1.00000000e-09	1.00000000e-09	1.00000000e-10	1.00000000e-10	0.00000000e+00	2.69022262e-08
2.60000000e+01	2.18599998e+01	7.03272700e+05	2.73726003e+04	1.00000000e-09	3.82270743e+02	1.00000000e-10	3.82270743e+01	-3.68835196e+07	2.47328451e-08
2.61000000e+01	2.19440768e+01	6.98558348e+05	2.71891095e+04	1.00000000e-09	4.81907187e+04	1.00000000e-10	4.81907187e+03	-4.64969750e+09	2.27384017e-08
2.62000000e+01	2.20281537e+01	6.93884532e+05	2.70071965e+04	1.00000000e-09	2.36516098e+04	1.00000000e-10	2.36516098e+03	-2.28203343e+09	2.09047891e-08
2.63000000e+01	2.21122306e+01	6.89250094e+05	2.68268161e+04	1.00000000e-09	1.00000000e-09	1.00000000e-10	1.00000000e-10	0.00000000e+00	1.92190381e-08
2.64000000e+01	2.21963075e+01	6.84615657e+05	2.66464357e+04	1.00000000e-09	1.00000000e-09	1.00000000e-10	1.00000000e-10	0.00000000e+00	1.76692251e-08
2.65000000e+01	2.22803845e+01	6.79981219e+05	2.64660553e+04	1.00000000e-09	1.31341937e+04	1.00000000e-10	1.31341937e+03	-1.26725705e+09	1.62443882e-08
2.66000000e+01	2.23644614e+01	6.75364116e+05	2.62863496e+04	1.00000000e-09	5.10724918e+04	1.00000000e-10	5.10724918e+03	-4.92774633e+09	1.49344494e-08
2.67000000e+01	2.24485383e+01	6.70793609e+05	2.61084575e+04	1.00000000e-09	1.25573463e+04	1.00000000e-10	1.25573463e+03	-1.21159973e+09	1.37301434e-08
2.68000000e+01	2.25326152e+01	6.66223101e+05	2.59305653e+04	1.00000000e-09	1.00000000e-09	1.00000000e-10	1.00000000e-10	0.00000000e+00	1.26229520e-08
2.69000000e+01	2.26166921e+01	6.61652594e+05	2.57526732e+04	1.00000000e-09	1.00000000e-09	1.00000000e-10	1.00000000e-10	0.00000000e+00	1.16050438e-08
2.70000000e+01	2.27007691e+01	6.57082086e+05	2.55747811e+04	1.00000000e-09	2.30463014e+04	1.00000000e-10	2.30463014e+03	-2.22363004e+09	1.06692193e-08
2.71000000e+01	2.27848460e+01	6.52552265e+05	2.53984725e+04	1.00000000e-09	4.81643802e+04	1.00000000e-10	4.81643802e+03	-4.64715622e+09	9.80885916e-09
2.72000000e+01	2.28689229e+01	6.48039859e+05	2.52228418e+04	1.00000000e-09	3.19655552e+03	1.00000000e-10	3.19655552e+02	-3.08420721e+08	9.01787799e-09
2.73000000e+01	2.29529998e+01	6.43527452e+05	2.50472111e+04	1.00000000e-09	1.00000000e-09	1.00000000e-10	1.00000000e-10	0.00000000e+00	8.29068113e-09
2.74000000e+01	2.30370768e+01	6.39015045e+05	2.48715803e+04	1.00000000e-09	1.00000000e-09	1.00000000e-10	1.00000000e-10	0.00000000e+00	7.62212503e-09
2.75000000e+01	2.31211537e+01	6.34526447e+05	2.46968762e+04	1.00000000e-09	2.81556989e+04	1.00000000e-10	2.81556989e+03	-2.71661196e+09	7.00748093e-09
2.76000000e+01	2.32052306e+01	6.30069417e+05	2.45234009e+04	1.00000000e-09	4.40199196e+04	1.00000000e-10	4.40199196e+03	-4.24727656e+09	6.44240141e-09
2.77000000e+01	2.32893075e+01	6.25612387e+05	2.43499255e+04	1.00000000e-09	1.00000000e-09	1.00000000e-10	1.00000000e-10	0.00000000e+00	5.92288960e-09
2.78000000e+01	2.33733845e+01	6.21155357e+05	2.41764501e+04	1.00000000e-09	1.00000000e-09	1.00000000e-10	1.00000000e-10	0.00000000e+00	5.44527095e-09
2.79000000e+01	2.34574614e+01	6.16699454e+05	2.40030186e+04	1.00000000e-09	1.00000000e-09	1.00000000e-10	1.00000000e-10	0.00000000e+00	5.00616720e-09
2.80000000e+01	2.35415383e+01	6.12277009e+05	2.38308893e+04	1.00000000e-09	3.01188611e+04	1.00000000e-10	3.01188611e+03	-2.90602832e+09	4.60247255e-09
2.81000000e+01	2.36256152e+01	6.07862397e+05	2.36590649e+04	1.00000000e-09	4.06650424e+04	1.00000000e-10	4.06650424e+03	-3.92358012e+09	4.23133162e-09
2.82000000e+01	2.37096921e+01	6.03447785e+05	2.34872405e+04	1.00000000e-09	1.00000000e-09	1.00000000e-10	1.00000000e-10	0.00000000e+00	3.89011930e-09
2.83000000e+01	2.37937691e+01	5.99033173e+05	2.33154161e+04	1.00000000e-09	1.00000000e-09	1.00000000e-10	1.00000000e-10	0.00000000e+00	3.57642216e-09
2.84000000e+01	2.38778460e+01	5.94641247e+05	2.31444747e+04	1.00000000e-09	1.00000000e-09	1.00000000e-10	1.00000000e-10	0.00000000e+00	3.28802138e-09
2.85000000e+01	2.39619229e+01	5.90275935e+05	2.29745691e+04	1.00000000e-09	3.06289759e+04	1.00000000e-10	3.06289759e+03	-2.95524691e+09	3.02287709e-09
2.86000000e+01	2.40459998e+01	5.85910622e+05	2.28046635e+04	1.00000000e-09	3.89885529e+04	1.00000000e-10	3.89885529e+03	-3.76182347e+09	2.77911390e-09
2.87000000e+01	2.41300768e+01	5.81545309e+05	2.26347579e+04	1.00000000e-09	1.00000000e-09	1.00000000e-10	1.00000000e-10	0.00000000e+00	2.55500764e-09
2.88000000e+01	2.42141537e+01	5.77182511e+05	2.24649502e+04	1.00000000e-09	1.00000000e-09	1.00000000e-10	1.00000000e-10	0.00000000e+00	2.34897319e-09
2.89000000e+01	2.42982306e+01	5.72854905e+05	2.22965122e+04	1.00000000e-09	1.00000000e-09	1.00000000e-10	1.00000000e-10	0.00000000e+00	2.15955324e-09
2.90000000e+01	2.43823075e+01	5.68534265e+05	2.21283454e+04	1.00000000e-09	3.11221861e+04	1.00000000e-10	3.11221861e+03	-3.00283446e+09	1.98540802e-09
2.91000000e+01	2.44663844e+01	5.64213625e+05	2.19601786e+04	1.00000000e-09	3.90063201e+04	1.00000000e-10	3.90063201e+03	-3.76353775e+09	1.82530578e-09
2.92000000e+01	2.45504614e+01	5.59892985e+05	2.17920117e+04	1.00000000e-09	1.00000000e-09	1.00000000e-10	1.00000000e-10	0.00000000e+00	1.67811410e-09
2.93000000e+01	2.46345383e+01	5.55603066e+05	2.16250406e+04	1.00000000e-09	1.00000000e-09	1.00000000e-10	1.00000000e-10	0.00000000e+00	1.54279187e-09
2.94000000e+01	2.47186152e+01	5.51342441e+05	2.14592096e+04	1.00000000e-09	1.00000000e-09	1.00000000e-10	1.00000000e-10	0.00000000e+00	1.41838196e-09
2.95000000e+01	2.48026921e+01	5.47081816e+05	2.12933787e+04	1.00000000e-09	3.29505722e+04	1.00000000e-10	3.29505722e+03	-3.17924690e+09	1.30400439e-09
2.96000000e+01	2.48867691e+01	5.42821191e+05	2.11275477e+04	1.00000000e-09	4.16084632e+04	1.00000000e-10	4.16084632e+03	-4.01460640e+09	1.19885018e-09
2.97000000e+01	2.49708460e+01	5.38574713e+05	2.09622674e+04	1.00000000e-09	1.00000000e-09	1.00000000e-10	1.00000000e-10	0.00000000e+00	1.10217554e-09
2.98000000e+01	2.50549229e+01	5.34372737e+05	2.07987192e+04	1.00000000e-09	1.00000000e-09	1.00000000e-10	1.00000000e-10	0.00000000e+00	1.01329669e-09
2.99000000e+01	2.51389998e+01	5.30170761e+05	2.06351709e+04	1.00000000e-09	1.00000000e-09	1.00000000e-10	1.00000000e-10	0.00000000e+00	9.31584987e-10
3.00000000e+01	2.52230767e+01	5.25968785e+05	2.04716227e+04	1.00000000e-09	3.69828783e+04	1.00000000e-10	3.69828783e+03	-3.56830529e+09	8.56462471e-10
3.01000000e+01	2.53071537e+01	5.21766809e+05	2.03080744e+04	1.00000000e-09	4.46275844e+04	1.00000000e-10	4.46275844e+03	-4.30590730e+09	7.87397794e-10
3.02000000e+01	2.53912306e+01	5.17612424e+05	2.01463785e+04	1.00000000e-09	1.00000000e-09	1.00000000e-10	1.00000000e-10	0.00000000e+00	7.23902457e-10
3.03000000e+01	2.54753075e+01	5.13480077e+05	1.99855403e+04	1.00000000e-09	1.00000000e-09	1.00000000e-10	1.00000000e-10	0.00000000e+00	6.65527349e-10
3.04000000e+01	2.55593844e+01	5.09347729e+05	1.98247022e+04	1.00000000e-09	1.00000000e-09	1.00000000e-10	1.00000000e-10	0.00000000e+00	6.11859579e-10
3.05000000e+01	2.56434614e+01	5.05215381e+05	1.96638640e+04	1.00000000e-09	4.15366683e+04	1.00000000e-10	4.15366683e+03	-4.00767923e+09	5.62519549e-10
3.06000000e+01	2.57275383e+01	5.01120065e+05	1.95044671e+04	1.00000000e-09	4.45175348e+04	1.00000000e-10	4.45175348e+03	-4.29528913e+09	5.17158273e-10
3.07000000e+01	2.58116152e+01	4.97069398e+05	1.93468081e+04	1.00000000e-09	1.00000000e-09	1.00000000e-10	1.00000000e-10	0.00000000e+00	4.75454906e-10
3.08000000e+01	2.58956921e+01	4.93018731e+05	1.91891491e+04	1.00000000e-09	1.00000000e-09	1.00000000e-10	1.00000000e-10	0.00000000e+00	4.37114476e-10
3.09000000e+01	2.59797690e+01	4.88968063e+05	1.90314900e+04	1.00000000e-09	1.00000000e-09	1.00000000e-10	1.00000000e-10	0.00000000e+00	4.01865798e-10
3.10000000e+01	2.60638460e+01	4.84932637e+05	1.88744242e+04	1.00000000e-09	4.28064893e+04	1.00000000e-10	4.28064893e+03	-4.13019834e+09	3.69459555e-10
3.11000000e+01	2.61479229e+01	4.80954295e+05	1.87195802e+04	1.00000000e-09	4.19953233e+04	1.00000000e-10	4.19953233e+03	-4.05193272e+09	3.39666533e-10
3.12000000e+01	2.62319998e+01	4.76975954e+05	1.85647362e+04	1.00000000e-09	1.00000000e-09	1.00000000e-10	1.00000000e-10	0.00000000e+00	3.12276006e-10
3.13000000e+01	2.63160767e+01	4.72997612e+05	1.84098922e+04	1.00000000e-09	1.00000000e-09	1.00000000e-10	1.00000000e-10	0.00000000e+00	2.87094235e-10
3.14000000e+01	2.64001537e+01	4.69019271e+05	1.82550482e+04	1.00000000e-09	1.00000000e-09	1.00000000e-10	1.00000000e-10	0.00000000e+00	2.63943109e-10
3.15000000e+01	2.64842306e+01	4.65096823e+05	1.81023797e+04	1.00000000e-09	3.70607104e+04	1.00000000e-10	3.70607104e+03	-3.57581496e+09	2.42658878e-10
3.16000000e+01	2.65683075e+01	4.61197255e+05	1.79506017e+04	1.00000000e-09	4.08407664e+04	1.00000000e-10	4.08407664e+03	-3.94053491e+09	2.23090996e-10
3.17000000e+01	2.66523844e+01	4.57297687e+05	1.77988237e+04	1.00000000e-09	1.00000000e-09	1.00000000e-10	1.00000000e-10	0.00000000e+00	2.05101057e-10
3.18000000e+01	2.67364614e+01	4.53398119e+05	1.76470457e+04	1.00000000e-09	1.00000000e-09	1.00000000e-10	1.00000000e-10	0.00000000e+00	1.88561817e-10
3.19000000e+01	2.68205383e+01	4.49539617e+05	1.74968661e+04	1.00000000e-09	1.00000000e-09	1.00000000e-10	1.00000000e-10	0.00000000e+00	1.73356293e-10
3.20000000e+01	2.69046152e+01	4.45725346e+05	1.73484080e+04	1.00000000e-09	2.83649118e+04	1.00000000e-10	2.83649118e+03	-2.73679794e+09	1.59376934e-10
3.21000000e+01	2.69886921e+01	4.41911075e+05	1.71999500e+04	1.00000000e-09	4.35056650e+04	1.00000000e-10	4.35056650e+03	-4.19765854e+09	1.46524863e-10
3.22000000e+01	2.70727690e+01	4.38096804e+05	1.70514919e+04	1.00000000e-09	9.40106182e+02	1.00000000e-10	9.40106182e+01	-9.07064572e+07	1.34709176e-10
3.23000000e+01	2.71568460e+01	4.34299089e+05	1.69036782e+04	1.00000000e-09	1.00000000e-09	1.00000000e-10	1.00000000e-10	0.00000000e+00	1.23846300e-10
3.24000000e+01	2.72409229e+01	4.30555196e+05	1.67579593e+04	1.00000000e-09	1.00000000e-09	1.00000000e-10	1.00000000e-10	0.00000000e+00	1.13859401e-10
3.25000000e+01	2.73249998e+01	4.26811302e+05	1.66122404e+04	1.00000000e-09	1.99877205e+04	1.00000000e-10	1.99877205e+03	-1.92852185e+09	1.04677839e-10
3.26000000e+01	2.74090767e+01	4.23067408e+05	1.64665216e+04	1.00000000e-09	4.91335795e+04	1.00000000e-10	4.91335795e+03	-4.74066973e+09	9.62366743e-11
3.27000000e+01	2.74931537e+01	4.19323515e+05	1.63208027e+04	1.00000000e-09	1.37303422e+04	1.00000000e-10	1.37303422e+03	-1.32477663e+09	8.84762003e-11
3.28000000e+01	2.75772306e+01	4.15628666e+05	1.61769927e+04	1.00000000e-09	1.00000000e-09	1.00000000e-10	1.00000000e-10	0.00000000e+00	8.13415267e-11
3.29000000e+01	2.76613075e+01	4.11955188e+05	1.60340146e+04	1.00000000e-09	1.00000000e-09	1.00000000e-10	1.00000000e-10	0.00000000e+00	7.47821894e-11
3.30000000e+01	2.77453844e+01	4.08281711e+05	1.58910364e+04	1.00000000e-09	1.16630206e+04	1.00000000e-10	1.16630206e+03	-1.12531041e+09	6.87517936e-11
3.31000000e+01	2.78294613e+01	4.04608234e+05	1.57480583e+04	1.00000000e-09	5.43830185e+04	1.00000000e-10	5.43830185e+03	-5.24716360e+09	6.32076857e-11
3.32000000e+01	2.79135383e+01	4.00966249e+05	1.56063059e+04	1.00000000e-09	2.41544560e+04	1.00000000e-10	2.41544560e+03	-2.33055071e+09	5.81106517e-11
3.33000000e+01	2.79976152e+01	3.97363002e+05	1.54660612e+04	1.00000000e-09	1.00000000e-09	1.00000000e-10	1.00000000e-10	0.00000000e+00	5.34246397e-11
3.34000000e+01	2.80816921e+01	3.93759755e+05	1.53258166e+04	1.00000000e-09	1.00000000e-09	1.00000000e-10	1.00000000e-10	0.00000000e+00	4.91165053e-11
3.35000000e+01	2.81657690e+01	3.90156509e+05	1.51855720e+04	1.00000000e-09	2.82645217e+03	1.00000000e-10	2.82645217e+02	-2.72711176e+08	4.51557765e-11
3.36000000e+01	2.82498460e+01	3.86559826e+05	1.50455828e+04	1.00000000e-09	5.48366423e+04	1.00000000e-10	5.48366423e+03	-5.29093165e+09	4.15144388e-11
3.37000000e+01	2.83339229e+01	3.83006014e+05	1.49072622e+04	1.00000000e-09	3.33709886e+04	1.00000000e-10	3.33709886e+03	-3.21981091e+09	3.81667366e-11
3.38000000e+01	2.84179998e+01	3.79457514e+05	1.47691484e+04	1.00000000e-09	1.00000000e-09	1.00000000e-10	1.00000000e-10	0.00000000e+00	3.50889914e-11
3.39000000e+01	2.85020767e+01	3.75909013e+05	1.46310346e+04	1.00000000e-09	1.00000000e-09	1.00000000e-10	1.00000000e-10	0.00000000e+00	3.22594338e-11
3.40000000e+01	2.85861536e+01	3.72360513e+05	1.44929208e+04	1.00000000e-09	1.00000000e-09	1.00000000e-10	1.00000000e-10	0.00000000e+00	2.96580503e-11
3.41000000e+01	2.86702306e+01	3.68844841e+05	1.43560847e+04	1.00000000e-09	4.70107791e+04	1.00000000e-10	4.70107791e+03	-4.53585063e+09	2.72664410e-11
3.42000000e+01	2.87543075e+01	3.65356397e+05	1.42203083e+04	1.00000000e-09	4.18156087e+04	1.00000000e-10	4.18156087e+03	-4.03459290e+09	2.50676897e-11
3.43000000e+01	2.88383844e+01	3.61867953e+05	1.40845320e+04	1.00000000e-09	1.00000000e-09	1.00000000e-10	1.00000000e-10	0.00000000e+00	2.30462446e-11
3.44000000e+01	2.89224613e+01	3.58379509e+05	1.39487557e+04	1.00000000e-09	1.00000000e-09	1.00000000e-10	1.00000000e-10	0.00000000e+00	2.11878078e-11
3.45000000e+01	2.90065383e+01	3.54903035e+05	1.38134452e+04	1.00000000e-09	1.00000000e-09	1.00000000e-10	1.00000000e-10	0.00000000e+00	1.94792342e-11
3.46000000e+01	2.90906152e+01	3.51464869e+05	1.36796258e+04	1.00000000e-09	3.29448191e+04	1.00000000e-10	3.29448191e+03	-3.17869181e+09	1.79084392e-11
3.47000000e+01	2.91746921e+01	3.48026704e+05	1.35458064e+04	1.00000000e-09	4.90522948e+04	1.00000000e-10	4.90522948e+03	-4.73282695e+09	1.64643122e-11
3.48000000e+01	2.92587690e+01	3.44588538e+05	1.34119870e+04	1.00000000e-09	3.71077419e+03	1.00000000e-10	3.71077419e+02	-3.58035280e+08	1.51366389e-11
3.49000000e+01	2.93428459e+01	3.41150373e+05	1.32781676e+04	1.00000000e-09	1.00000000e-09	1.00000000e-10	1.00000000e-10	0.00000000e+00	1.39160284e-11
3.50000000e+01	2.94269229e+01	3.37747316e+05	1.31457148e+04	1.00000000e-09	1.00000000e-09	1.00000000e-10	1.00000000e-10	0.00000000e+00	1.27938473e-11
3.51000000e+01	2.95109998e+01	3.34367053e+05	1.30141490e+04	1.00000000e-09	1.30581685e+04	1.00000000e-10	1.30581685e+03	-1.25992172e+09	1.17621583e-11
3.52000000e+01	2.95950767e+01	3.30986790e+05	1.28825833e+04	1.00000000e-09	5.15334338e+04	1.00000000e-10	5.15334338e+03	-4.97222048e+09	1.08136641e-11
3.53000000e+01	2.96791536e+01	3.27606527e+05	1.27510175e+04	1.00000000e-09	2.61111727e+04	1.00000000e-10	2.61111727e+03	-2.51934517e+09	9.94165601e-12
3.54000000e+01	2.97632306e+01	3.24244880e+05	1.26201764e+04	1.00000000e-09	1.00000000e-09	1.00000000e-10	1.00000000e-10	0.00000000e+00	9.13996618e-12
3.55000000e+01	2.98473075e+01	3.20922627e+05	1.24908685e+04	1.00000000e-09	1.00000000e-09	1.00000000e-10	1.00000000e-10	0.00000000e+00	8.40292419e-12
3.56000000e+01	2.99313844e+01	3.17600373e+05	1.23615606e+04	1.00000000e-09	1.00000000e-09	1.00000000e-10	1.00000000e-10	0.00000000e+00	7.72531687e-12
3.57000000e+01	3.00154613e+01	3.14278120e+05	1.22322527e+04	1.00000000e-09	4.82111999e+04	1.00000000e-10	4.82111999e+03	-4.65167363e+09	7.10235144e-12
3.58000000e+01	3.00995383e+01	3.10955867e+05	1.21029448e+04	1.00000000e-09	4.68745719e+04	1.00000000e-10	4.68745719e+03	-4.52270864e+09	6.52962161e-12
3.59000000e+01	3.01836152e+01	3.07676641e+05	1.19753116e+04	1.00000000e-09	1.00000000e-09	1.00000000e-10	1.00000000e-10	0.00000000e+00	6.00307641e-12
3.60000000e+01	3.02676921e+01	3.04415367e+05	1.18483771e+04	1.00000000e-09	1.00000000e-09	1.00000000e-10	1.00000000e-10	0.00000000e+00	5.51899153e-12
3.61000000e+01	3.03517690e+01	3.01154093e+05	1.17214426e+04	1.00000000e-09	1.00000000e-09	1.00000000e-10	1.00000000e-10	0.00000000e+00	5.07394300e-12
3.62000000e+01	3.04358459e+01	2.97892818e+05	1.15945082e+04	1.00000000e-09	3.56731254e+04	1.00000000e-10	3.56731254e+03	-3.44193336e+09	4.66478295e-12
3.63000000e+01	3.05199229e+01	2.94663756e+05	1.14688274e+04	1.00000000e-09	5.82373262e+04	1.00000000e-10	5.82373262e+03	-5.61904776e+09	4.28861734e-12
3.64000000e+01	3.06039998e+01	2.91474598e+05	1.13446998e+04	1.00000000e-09	7.25763491e+03	1.00000000e-10	7.25763491e+02	-7.00255314e+08	3.94278553e-12
3.65000000e+01	3.06880767e+01	2.88285441e+05	1.12205723e+04	1.00000000e-09	1.00000000e-09	1.00000000e-10	1.00000000e-10	0.00000000e+00	3.62484141e-12
3.66000000e+01	3.07721536e+01	2.85096283e+05	1.10964447e+04	1.00000000e-09	1.00000000e-09	1.00000000e-10	1.00000000e-10	0.00000000e+00	3.33253613e-12
3.67000000e+01	3.08562306e+01	2.81917069e+05	1.09727041e+04	1.00000000e-09	1.16949577e+04	1.00000000e-10	1.16949577e+03	-1.12839188e+09	3.06380220e-12
3.68000000e+01	3.09403075e+01	2.78789005e+05	1.08509544e+04	1.00000000e-09	5.52526875e+04	1.00000000e-10	5.52526875e+03	-5.33107391e+09	2.81673882e-12
3.69000000e+01	3.10243844e+01	2.75663319e+05	1.07292973e+04	1.00000000e-09	3.34976153e+04	1.00000000e-10	3.34976153e+03	-3.23202854e+09	2.58959851e-12
3.70000000e+01	3.11084613e+01	2.72537633e+05	1.06076401e+04	1.00000000e-09	1.00000000e-09	1.00000000e-10	1.00000000e-10	0.00000000e+00	2.38077467e-12
3.71000000e+01	3.11925382e+01	2.69411947e+05	1.04859830e+04	1.00000000e-09	1.00000000e-09	1.00000000e-10	1.00000000e-10	0.00000000e+00	2.18879027e-12
3.72000000e+01	3.12766152e+01	2.66334087e+05	1.03661873e+04	1.00000000e-09	1.00000000e-09	1.00000000e-10	1.00000000e-10	0.00000000e+00	2.01228739e-12
3.73000000e+01	3.13606921e+01	2.63285249e+05	1.02475212e+04	1.00000000e-09	3.45492254e+04	1.00000000e-10	3.45492254e+03	-3.33349349e+09	1.85001761e-12
3.74000000e+01	3.14447690e+01	2.60236412e+05	1.01288551e+04	1.00000000e-09	5.23432394e+04	1.00000000e-10	5.23432394e+03	-5.05035483e+09	1.70083318e-12
3.75000000e+01	3.15288459e+01	2.57187574e+05	1.00101891e+04	1.00000000e-09	9.56046698e+03	1.00000000e-10	9.56046698e+02	-9.22444832e+08	1.56367890e-12
3.76000000e+01	3.16129229e+01	2.54169275e+05	9.89271156e+03	1.00000000e-09	1.00000000e-09	1.00000000e-10	1.00000000e-10	0.00000000e+00	1.43758467e-12
3.77000000e+01	3.16969998e+01	2.51199303e+05	9.77711507e+03	1.00000000e-09	1.00000000e-09	1.00000000e-10	1.00000000e-10	0.00000000e+00	1.32165861e-12
3.78000000e+01	3.17810767e+01	2.48229331e+05	9.66151858e+03	1.00000000e-09	1.00000000e-09	1.00000000e-10	1.00000000e-10	0.00000000e+00	1.21508076e-12
3.79000000e+01	3.18651536e+01	2.45259359e+05	9.54592209e+03	1.00000000e-09	5.51401140e+04	1.00000000e-10	5.51401140e+03	-5.32021222e+09	1.11709730e-12
3.80000000e+01	3.19492305e+01	2.42293628e+05	9.43049068e+03	1.00000000e-09	4.77751635e+04	1.00000000e-10	4.77751635e+03	-4.60960251e+09	1.02701517e-12
3.81000000e+01	3.20333075e+01	2.39382240e+05	9.31717436e+03	1.00000000e-09	1.00000000e-09	1.00000000e-10	1.00000000e-10	0.00000000e+00	9.44197214e-13
3.82000000e+01	3.21173844e+01	2.36479469e+05	9.20419349e+03	1.00000000e-09	1.00000000e-09	1.00000000e-10	1.00000000e-10	0.00000000e+00	8.68057654e-13
3.83000000e+01	3.22014613e+01	2.33576699e+05	9.09121261e+03	1.00000000e-09	1.00000000e-09	1.00000000e-10	1.00000000e-10	0.00000000e+00	7.98057949e-13
3.84000000e+01	3.22855382e+01	2.30673929e+05	8.97823174e+03	1.00000000e-09	3.13311887e+04	1.00000000e-10	3.13311887e+03	-3.02300015e+09	7.33702982e-13
3.85000000e+01	3.23696152e+01	2.27816327e+05	8.86700888e+03	1.00000000e-09	6.32910551e+04	1.00000000e-10	6.32910551e+03	-6.10665847e+09	6.74537565e-13
3.86000000e+01	3.24536921e+01	2.24992330e+05	8.75709398e+03	1.00000000e-09	2.25110597e+04	1.00000000e-10	2.25110597e+03	-2.17198708e+09	6.20143216e-13
3.87000000e+01	3.25377690e+01	2.22168333e+05	8.64717908e+03	1.00000000e-09	1.00000000e-09	1.00000000e-10	1.00000000e-10	0.00000000e+00	5.70135198e-13
3.88000000e+01	3.26218459e+01	2.19344336e+05	8.53726419e+03	1.00000000e-09	1.00000000e-09	1.00000000e-10	1.00000000e-10	0.00000000e+00	5.24159800e-13
3.89000000e+01	3.27059228e+01	2.16543718e+05	8.42825927e+03	1.00000000e-09	1.00000000e-09	1.00000000e-10	1.00000000e-10	0.00000000e+00	4.81891834e-13
3.90000000e+01	3.27899998e+01	2.13791123e+05	8.32112347e+03	1.00000000e-09	4.30569879e+04	1.00000000e-10	4.30569879e+03	-4.15436778e+09	4.43032333e-13
3.91000000e+01	3.28740767e+01	2.11038528e+05	8.21398768e+03	1.00000000e-09	5.57657735e+04	1.00000000e-10	5.57657735e+03	-5.38057917e+09	4.07306443e-13
3.92000000e+01	3.29581536e+01	2.08285934e+05	8.10685189e+03	1.00000000e-09	8.99450002e+03	1.00000000e-10	8.99450002e+02	-8.67837322e+08	3.74461468e-13
3.93000000e+01	3.30422305e+01	2.05533339e+05	7.99971610e+03	1.00000000e-09	1.00000000e-09	1.00000000e-10	1.00000000e-10	0.00000000e+00	3.44265096e-13
3.94000000e+01	3.31263075e+01	2.02828422e+05	7.89443602e+03	1.00000000e-09	1.00000000e-09	1.00000000e-10	1.00000000e-10	0.00000000e+00	3.16503742e-13
3.95000000e+01	3.32103844e+01	2.00140295e+05	7.78980942e+03	1.00000000e-09	1.00000000e-09	1.00000000e-10	1.00000000e-10	0.00000000e+00	2.90981049e-13
3.96000000e+01	3.32944613e+01	1.97452168e+05	7.68518282e+03	1.00000000e-09	4.89836982e+04	1.00000000e-10	4.89836982e+03	-4.72620839e+09	2.67516493e-13
3.97000000e+01	3.33785382e+01	1.94764040e+05	7.58055622e+03	1.00000000e-09	5.74382454e+04	1.00000000e-10	5.74382454e+03	-5.54194819e+09	2.45944106e-13
3.98000000e+01	3.34626152e+01	1.92108806e+05	7.47720988e+03	1.00000000e-09	2.48293837e+03	1.00000000e-10	2.48293837e+02	-2.39567133e+08	2.26111304e-13
3.99000000e+01	3.35466921e+01	1.89490672e+05	7.37530752e+03	1.00000000e-09	1.00000000e-09	1.00000000e-10	1.00000000e-10	0.00000000e+00	2.07877809e-13
4.00000000e+01	3.36307690e+01	1.86872538e+05	7.27340516e+03	1.00000000e-09	1.00000000e-09	1.00000000e-10	1.00000000e-10	0.00000000e+00	1.91114654e-13
4.01000000e+01	3.37148459e+01	1.84254403e+05	7.17150280e+03	1.00000000e-09	1.00000000e-09	1.00000000e-10	1.00000000e-10	0.00000000e+00	1.75703270e-13
4.02000000e+01	3.37989228e+01	1.81644767e+05	7.06993122e+03	1.00000000e-09	6.02483933e+04	1.00000000e-10	6.02483933e+03	-5.81308624e+09	1.61534652e-13
4.03000000e+01	3.38829998e+01	1.79079565e+05	6.97008907e+03	1.00000000e-09	5.56704908e+04	1.00000000e-10	5.56704908e+03	-5.37138579e+09	1.48508584e-13
4.04000000e+01	3.39670767e+01	1.76518457e+05	6.87040628e+03	1.00000000e-09	1.00000000e-09	1.00000000e-10	1.00000000e-10	0.00000000e+00	1.36532931e-13
4.05000000e+01	3.40511536e+01	1.73957349e+05	6.77072350e+03	1.00000000e-09	1.00000000e-09	1.00000000e-10	1.00000000e-10	0.00000000e+00	1.25522989e-13
4.06000000e+01	3.41352305e+01	1.71396241e+05	6.67104071e+03	1.00000000e-09	1.00000000e-09	1.00000000e-10	1.00000000e-10	0.00000000e+00	1.15400882e-13
4.07000000e+01	3.42193075e+01	1.68871762e+05	6.57278357e+03	1.00000000e-09	5.39911518e+02	1.00000000e-10	5.39911518e+01	-5.20935421e+07	1.06095016e-13
4.08000000e+01	3.43033844e+01	1.66375326e+05	6.47561793e+03	1.00000000e-09	5.38843359e+04	1.00000000e-10	5.38843359e+03	-5.19904805e+09	9.75395708e-14
4.09000000e+01	3.43874613e+01	1.63878890e+05	6.37845228e+03	1.00000000e-09	5.49162501e+04	1.00000000e-10	5.49162501e+03	-5.29861263e+09	8.96740319e-14
4.10000000e+01	3.44715382e+01	1.61382454e+05	6.28128664e+03	1.00000000e-09	2.63384111e+03	1.00000000e-10	2.63384111e+02	-2.54127035e+08	8.24427658e-14
4.11000000e+01	3.45556151e+01	1.58902332e+05	6.18475598e+03	1.00000000e-09	1.00000000e-09	1.00000000e-10	1.00000000e-10	0.00000000e+00	7.57946252e-14
4.12000000e+01	3.46396921e+01	1.56463973e+05	6.08985079e+03	1.00000000e-09	1.00000000e-09	1.00000000e-10	1.00000000e-10	0.00000000e+00	6.96825871e-14
4.13000000e+01	3.47237690e+01	1.54025614e+05	5.99494561e+03	1.00000000e-09	1.00000000e-09	1.00000000e-10	1.00000000e-10	0.00000000e+00	6.40634205e-14
4.14000000e+01	3.48078459e+01	1.51587255e+05	5.90004042e+03	1.00000000e-09	5.01807780e+04	1.00000000e-10	5.01807780e+03	-4.84170903e+09	5.88973804e-14
4.15000000e+01	3.48919228e+01	1.49148896e+05	5.80513523e+03	1.00000000e-09	6.68019694e+04	1.00000000e-10	6.68019694e+03	-6.44541021e+09	5.41479271e-14
4.16000000e+01	3.49759998e+01	1.46751337e+05	5.71181804e+03	1.00000000e-09	1.57365516e+04	1.00000000e-10	1.57365516e+03	-1.51834640e+09	4.97814672e-14
4.17000000e+01	3.50600767e+01	1.44375258e+05	5.61933690e+03	1.00000000e-09	1.00000000e-09	1.00000000e-10	1.00000000e-10	0.00000000e+00	4.57671163e-14
4.18000000e+01	3.51441536e+01	1.41999179e+05	5.52685576e+03	1.00000000e-09	1.00000000e-09	1.00000000e-10	1.00000000e-10	0.00000000e+00	4.20764804e-14
4.19000000e+01	3.52282305e+01	1.39623100e+05	5.43437461e+03	1.00000000e-09	1.00000000e-09	1.00000000e-10	1.00000000e-10	0.00000000e+00	3.86834555e-14
4.20000000e+01	3.53123074e+01	1.37272410e+05	5.34288166e+03	1.00000000e-09	4.23308076e+04	1.00000000e-10	4.23308076e+03	-4.08430203e+09	3.55640423e-14
4.21000000e+01	3.53963844e+01	1.34962350e+05	5.25297012e+03	1.00000000e-09	6.85364906e+04	1.00000000e-10	6.85364906e+03	-6.61276606e+09	3.26961769e-14
4.22000000e+01	3.54804613e+01	1.32652291e+05	5.16305857e+03	1.00000000e-09	3.38957664e+04	1.00000000e-10	3.38957664e+03	-3.27044428e+09	3.00595747e-14
4.23000000e+01	3.55645382e+01	1.30342231e+05	5.07314703e+03	1.00000000e-09	1.00000000e-09	1.00000000e-10	1.00000000e-10	0.00000000e+00	2.76355866e-14
4.24000000e+01	3.56486151e+01	1.28032399e+05	4.98324431e+03	1.00000000e-09	1.00000000e-09	1.00000000e-10	1.00000000e-10	0.00000000e+00	2.54070677e-14
4.25000000e+01	3.57326921e+01	1.25769190e+05	4.89515629e+03	1.00000000e-09	1.00000000e-09	1.00000000e-10	1.00000000e-10	0.00000000e+00	2.33582553e-14
4.26000000e+01	3.58167690e+01	1.23519034e+05	4.80757629e+03	1.00000000e-09	7.82509774e+03	1.00000000e-10	7.82509774e+02	-7.55007155e+08	2.14746581e-14
4.27000000e+01	3.59008459e+01	1.21268878e+05	4.71999630e+03	1.00000000e-09	6.07447666e+04	1.00000000e-10	6.07447666e+03	-5.86097898e+09	1.97429531e-14
4.28000000e+01	3.59849228e+01	1.19018722e+05	4.63241630e+03	1.00000000e-09	6.15340808e+04	1.00000000e-10	6.15340808e+03	-5.93713623e+09	1.81508919e-14
4.29000000e+01	3.60689997e+01	1.16805825e+05	4.54628649e+03	1.00000000e-09	4.91213344e+03	1.00000000e-10	4.91213344e+02	-4.73948827e+08	1.66872137e-14
4.30000000e+01	3.61530767e+01	1.14630080e+05	4.46160268e+03	1.00000000e-09	1.00000000e-09	1.00000000e-10	1.00000000e-10	0.00000000e+00	1.53415657e-14
4.31000000e+01	3.62371536e+01	1.12454335e+05	4.37691888e+03	1.00000000e-09	1.00000000e-09	1.00000000e-10	1.00000000e-10	0.00000000e+00	1.41044300e-14
4.32000000e+01	3.63212305e+01	1.10278589e+05	4.29223507e+03	1.00000000e-09	1.00000000e-09	1.00000000e-10	1.00000000e-10	0.00000000e+00	1.29670563e-14
4.33000000e+01	3.64053074e+01	1.08118063e+05	4.20814364e+03	1.00000000e-09	4.04263342e+04	1.00000000e-10	4.04263342e+03	-3.90054828e+09	1.19213998e-14
4.34000000e+01	3.64893844e+01	1.06008184e+05	4.12602346e+03	1.00000000e-09	7.32633357e+04	1.00000000e-10	7.32633357e+03	-7.06883727e+09	1.09600645e-14
4.35000000e+01	3.65734613e+01	1.03898305e+05	4.04390329e+03	1.00000000e-09	4.87884454e+04	1.00000000e-10	4.87884454e+03	-4.70736936e+09	1.00762507e-14
4.36000000e+01	3.66575382e+01	1.01788426e+05	3.96178311e+03	1.00000000e-09	1.00000000e-09	1.00000000e-10	1.00000000e-10	0.00000000e+00	9.26370726e-15
4.37000000e+01	3.67416151e+01	9.96785468e+04	3.87966293e+03	1.00000000e-09	1.00000000e-09	1.00000000e-10	1.00000000e-10	0.00000000e+00	8.51668685e-15
4.38000000e+01	3.68256921e+01	9.76176874e+04	3.79945069e+03	1.00000000e-09	1.00000000e-09	1.00000000e-10	1.00000000e-10	0.00000000e+00	7.82990577e-15
4.39000000e+01	3.69097690e+01	9.55822305e+04	3.72022715e+03	1.00000000e-09	1.00000000e-09	1.00000000e-10	1.00000000e-10	0.00000000e+00	7.19850635e-15
4.40000000e+01	3.69938459e+01	9.35467736e+04	3.64100362e+03	1.00000000e-09	3.53117480e+04	1.00000000e-10	3.53117480e+03	-3.40706573e+09	6.61802264e-15
4.41000000e+01	3.70779228e+01	9.15113167e+04	3.56178009e+03	1.00000000e-09	7.55407833e+04	1.00000000e-10	7.55407833e+03	-7.28857757e+09	6.08434883e-15
4.42000000e+01	3.71619997e+01	8.95084005e+04	3.48382310e+03	1.00000000e-09	5.64184943e+04	1.00000000e-10	5.64184943e+03	-5.44355716e+09	5.59371018e-15
4.43000000e+01	3.72460767e+01	8.75515478e+04	3.40765897e+03	1.00000000e-09	1.00000000e-09	1.00000000e-10	1.00000000e-10	0.00000000e+00	5.14263638e-15
4.44000000e+01	3.73301536e+01	8.55946950e+04	3.33149485e+03	1.00000000e-09	1.00000000e-09	1.00000000e-10	1.00000000e-10	0.00000000e+00	4.72793693e-15
4.45000000e+01	3.74142305e+01	8.36378423e+04	3.25533073e+03	1.00000000e-09	1.00000000e-09	1.00000000e-10	1.00000000e-10	0.00000000e+00	4.34667862e-15
4.46000000e+01	3.74983074e+01	8.16872197e+04	3.17940909e+03	1.00000000e-09	1.00000000e-09	1.00000000e-10	1.00000000e-10	0.00000000e+00	3.99616478e-15
4.47000000e+01	3.75823844e+01	7.97897440e+04	3.10555603e+03	1.00000000e-09	2.37756688e+04	1.00000000e-10	2.37756688e+03	-2.29400330e+09	3.67391618e-15
4.48000000e+01	3.76664613e+01	7.78993195e+04	3.03197741e+03	1.00000000e-09	6.96708313e+04	1.00000000e-10	6.96708313e+03	-6.72221330e+09	3.37765354e-15
4.49000000e+01	3.77505382e+01	7.60088950e+04	2.95839879e+03	1.00000000e-09	7.09132930e+04	1.00000000e-10	7.09132930e+03	-6.84209263e+09	3.10528136e-15
4.50000000e+01	3.78346151e+01	7.41184705e+04	2.88482017e+03	1.00000000e-09	2.67067483e+04	1.00000000e-10	2.67067483e+03	-2.57680948e+09	2.85487313e-15
4.51000000e+01	3.79186920e+01	7.22724948e+04	2.81297158e+03	1.00000000e-09	1.00000000e-09	1.00000000e-10	1.00000000e-10	0.00000000e+00	2.62465769e-15
4.52000000e+01	3.80027690e+01	7.04589335e+04	2.74238461e+03	1.00000000e-09	1.00000000e-09	1.00000000e-10	1.00000000e-10	0.00000000e+00	2.41300669e-15
4.53000000e+01	3.80868459e+01	6.86453721e+04	2.67179763e+03	1.00000000e-09	1.00000000e-09	1.00000000e-10	1.00000000e-10	0.00000000e+00	2.21842312e-15
4.54000000e+01	3.81709228e+01	6.68318107e+04	2.60121066e+03	1.00000000e-09	1.00000000e-09	1.00000000e-10	1.00000000e-10	0.00000000e+00	2.03953067e-15
4.55000000e+01	3.82549997e+01	6.50410674e+04	2.53151181e+03	1.00000000e-09	3.85689258e+04	1.00000000e-10	3.85689258e+03	-3.72133562e+09	1.87506400e-15
4.56000000e+01	3.83390767e+01	6.32972828e+04	2.46364067e+03	1.00000000e-09	8.29805148e+04	1.00000000e-10	8.29805148e+03	-8.00640253e+09	1.72385984e-15
4.57000000e+01	3.84231536e+01	6.15534982e+04	2.39576953e+03	1.00000000e-09	8.36929321e+04	1.00000000e-10	8.36929321e+03	-8.07514035e+09	1.58484870e-15
4.58000000e+01	3.85072305e+01	5.98097136e+04	2.32789839e+03	1.00000000e-09	4.03310049e+04	1.00000000e-10	4.03310049e+03	-3.89135040e+09	1.45704735e-15
4.59000000e+01	3.85913074e+01	5.80659290e+04	2.26002725e+03	1.00000000e-09	1.00000000e-09	1.00000000e-10	1.00000000e-10	0.00000000e+00	1.33955183e-15
4.60000000e+01	3.86753843e+01	5.63682698e+04	2.19395140e+03	1.00000000e-09	1.00000000e-09	1.00000000e-10	1.00000000e-10	0.00000000e+00	1.23153109e-15
4.61000000e+01	3.87594613e+01	5.46884539e+04	2.12857003e+03	1.00000000e-09	1.00000000e-09	1.00000000e-10	1.00000000e-10	0.00000000e+00	1.13222108e-15
4.62000000e+01	3.88435382e+01	5.30086379e+04	2.06318866e+03	1.00000000e-09	1.00000000e-09	1.00000000e-10	1.00000000e-10	0.00000000e+00	1.04091937e-15
4.63000000e+01	3.89276151e+01	5.13288220e+04	1.99780729e+03	1.00000000e-09	1.00000000e-09	1.00000000e-10	1.00000000e-10	0.00000000e+00	9.56980191e-16
4.64000000e+01	3.90116920e+01	4.96794048e+04	1.93360910e+03	1.00000000e-09	5.38548186e+04	1.00000000e-10	5.38548186e+03	-5.19620006e+09	8.79809819e-16
4.65000000e+01	3.90957690e+01	4.80677125e+04	1.87087922e+03	1.00000000e-09	9.53255224e+04	1.00000000e-10	9.53255224e+03	-9.19751469e+09	8.08862425e-16
4.66000000e+01	3.91798459e+01	4.64560202e+04	1.80814935e+03	1.00000000e-09	9.81070978e+04	1.00000000e-10	9.81070978e+03	-9.46589591e+09	7.43636191e-16
4.67000000e+01	3.92639228e+01	4.48443278e+04	1.74541947e+03	1.00000000e-09	6.10706053e+04	1.00000000e-10	6.10706053e+03	-5.89241763e+09	6.83669765e-16
4.68000000e+01	3.93479997e+01	4.32376870e+04	1.68288620e+03	1.00000000e-09	1.00000000e-09	1.00000000e-10	1.00000000e-10	0.00000000e+00	6.28539001e-16
4.69000000e+01	3.94320766e+01	4.16748953e+04	1.62205963e+03	1.00000000e-09	1.00000000e-09	1.00000000e-10	1.00000000e-10	0.00000000e+00	5.77853951e-16
4.70000000e+01	3.95161536e+01	4.01196866e+04	1.56152819e+03	1.00000000e-09	1.00000000e-09	1.00000000e-10	1.00000000e-10	0.00000000e+00	5.31256117e-16
4.71000000e+01	3.96002305e+01	3.85644778e+04	1.50099675e+03	1.00000000e-09	1.00000000e-09	1.00000000e-10	1.00000000e-10	0.00000000e+00	4.88415907e-16
4.72000000e+01	3.96843074e+01	3.70092690e+04	1.44046531e+03	1.00000000e-09	1.00000000e-09	1.00000000e-10	1.00000000e-10	0.00000000e+00	4.49030309e-16
4.73000000e+01	3.97683843e+01	3.54882814e+04	1.38126582e+03	1.00000000e-09	1.00000000e-09	1.00000000e-10	1.00000000e-10	0.00000000e+00	4.12820745e-16
4.74000000e+01	3.98524613e+01	3.39986576e+04	1.32328706e+03	1.00000000e-09	3.96851655e+04	1.00000000e-10	3.96851655e+03	-3.82903637e+09	3.79531100e-16
4.75000000e+01	3.99365382e+01	3.25090338e+04	1.26530831e+03	1.00000000e-09	9.40708845e+04	1.00000000e-10	9.40708845e+03	-9.07646053e+09	3.48925915e-16
4.76000000e+01	4.00206151e+01	3.10194100e+04	1.20732955e+03	1.00000000e-09	1.22565442e+05	1.00000000e-10	1.22565442e+04	-1.18257674e+10	3.20788716e-16
4.77000000e+01	4.01046920e+01	2.95417825e+04	1.14981771e+03	1.00000000e-09	1.15981815e+05	1.00000000e-10	1.15981815e+04	-1.11905439e+10	2.94920485e-16
4.78000000e+01	4.01887690e+01	2.81079890e+04	1.09401197e+03	1.00000000e-09	7.28690997e+04	1.00000000e-10	7.28690997e+03	-7.03079928e+09	2.71138254e-16
4.79000000e+01	4.02728459e+01	2.66748607e+04	1.03823211e+03	1.00000000e-09	1.44699927e+04	1.00000000e-10	1.44699927e+03	-1.39614205e+09	2.49273810e-16
4.80000000e+01	4.03569228e+01	2.52417323e+04	9.82452256e+02	1.00000000e-09	1.00000000e-09	1.00000000e-10	1.00000000e-10	0.00000000e+00	2.29172503e-16
4.81000000e+01	4.04409997e+01	2.38086040e+04	9.26672400e+02	1.00000000e-09	1.00000000e-09	1.00000000e-10	1.00000000e-10	0.00000000e+00	2.10692155e-16
4.82000000e+01	4.05250766e+01	2.24161677e+04	8.72476350e+02	1.00000000e-09	1.00000000e-09	1.00000000e-10	1.00000000e-10	0.00000000e+00	1.93702052e-16
4.83000000e+01	4.06091536e+01	2.10510000e+04	8.19341645e+02	1.00000000e-09	1.00000000e-09	1.00000000e-10	1.00000000e-10	0.00000000e+00	1.78082022e-16
4.84000000e+01	4.06932305e+01	1.96858324e+04	7.66206940e+02	1.00000000e-09	1.00000000e-09	1.00000000e-10	1.00000000e-10	0.00000000e+00	1.63721583e-16
4.85000000e+01	4.07773074e+01	1.83206648e+04	7.13072235e+02	1.00000000e-09	1.00000000e-09	1.00000000e-10	1.00000000e-10	0.00000000e+00	1.50519162e-16
4.86000000e+01	4.08613843e+01	1.69782518e+04	6.60823179e+02	1.00000000e-09	1.00000000e-09	1.00000000e-10	1.00000000e-10	0.00000000e+00	1.38381377e-16
4.87000000e+01	4.09454613e+01	1.56815605e+04	6.10353693e+02	1.00000000e-09	1.00000000e-09	1.00000000e-10	1.00000000e-10	0.00000000e+00	1.27222377e-16
4.88000000e+01	4.10295382e+01	1.43848693e+04	5.59884207e+02	1.00000000e-09	1.00000000e-09	1.00000000e-10	1.00000000e-10	0.00000000e+00	1.16963232e-16
4.89000000e+01	4.11136151e+01	1.30881780e+04	5.09414721e+02	1.00000000e-09	1.00000000e-09	1.00000000e-10	1.00000000e-10	0.00000000e+00	1.07531379e-16
4.90000000e+01	4.11976920e+01	1.17914867e+04	4.58945234e+02	1.00000000e-09	1.00000000e-09	1.00000000e-10	1.00000000e-10	0.00000000e+00	9.88601065e-17
4.91000000e+01	4.12817689e+01	1.05445058e+04	4.10410560e+02	1.00000000e-09	1.00000000e-09	1.00000000e-10	1.00000000e-10	0.00000000e+00	9.08880802e-17
4.92000000e+01	4.13658459e+01	9.31549482e+03	3.62575309e+02	1.00000000e-09	1.00000000e-09	1.00000000e-10	1.00000000e-10	0.00000000e+00	8.35589140e-17
4.93000000e+01	4.14499228e+01	8.08648388e+03	3.14740059e+02	1.00000000e-09	1.00000000e-09	1.00000000e-10	1.00000000e-10	0.00000000e+00	7.68207678e-17
4.94000000e+01	4.15339997e+01	6.85747293e+03	2.66904809e+02	1.00000000e-09	1.05449046e+04	1.00000000e-10	1.05449046e+03	-1.01742862e+09	7.06259821e-17
4.95000000e+01	4.16180766e+01	5.66610022e+03	2.20534505e+02	1.00000000e-09	1.42291073e+04	1.00000000e-10	1.42291073e+03	-1.37290014e+09	6.49307406e-17
4.96000000e+01	4.17021536e+01	4.51681459e+03	1.75802304e+02	1.00000000e-09	1.05175866e+04	1.00000000e-10	1.05175866e+03	-1.01479283e+09	5.96947603e-17
4.97000000e+01	4.17862305e+01	3.36752896e+03	1.31070102e+02	1.00000000e-09	9.28323100e+03	1.00000000e-10	9.28323100e+02	-8.95695626e+08	5.48810067e-17
4.98000000e+01	4.18703074e+01	2.21824334e+03	8.63379003e+01	1.00000000e-09	1.02353178e+04	1.00000000e-10	1.02353178e+03	-9.87558034e+08	5.04554316e-17
4.99000000e+01	4.19543843e+01	1.08216391e+03	4.21197073e+01	1.00000000e-09	1.04672944e+04	1.00000000e-10	1.04672944e+03	-1.00994037e+09	4.63867326e-17
5.00000000e+01	4.20384612e+01	0.00000000e+00	0.00000000e+00	1.00000000e+01	1.00000000e+01	1.00000000e+00	1.00000000e+00	0.00000000e+00	4.26461312e-17
