# 1D PNP Solver Results
# Debye length: 1.18939 nm
# Surface potential: 100 mV
# Bulk concentration: 10 mol/m^3
# Thermal voltage: 25.6926 mV
# Grid: non-uniform with stretching factor 1
#
# Columns:
# 1: x [nm]
# 2: x/lambda_D [-]
# 3: phi [mV]
# 4: phi_normalized = e*phi/(kB*T) [-]
# 5: c+ [mol/m^3]
# 6: c- [mol/m^3]
# 7: c+/c0 [-]
# 8: c-/c0 [-]
# 9: rho [C/m^3]
# 10: phi_GC [mV] (Gouy-Chapman analytical)
0.00000000e+00	0.00000000e+00	1.00000000e+02	3.89217445e+00	1.44155136e+05	2.54428752e-04	1.44155136e+04	2.54428752e-05	1.39088561e+10	1.00000000e+02
1.00000000e-01	8.40769225e-02	1.48090795e+05	5.76395207e+03	1.00000000e-09	1.00000000e-09	1.00000000e-10	1.00000000e-10	0.00000000e+00	8.70576373e+01
2.00000000e-01	1.68153845e-01	2.96021075e+05	1.15216566e+04	1.00000000e-09	1.00000000e-09	1.00000000e-10	1.00000000e-10	0.00000000e+00	7.68715638e+01
3.00000000e-01	2.52230767e-01	4.43951355e+05	1.72793612e+04	1.23109554e+03	1.73320005e-07	1.23109554e+02	1.73320005e-08	1.18782662e+08	6.85207345e+01
4.00000000e-01	3.36307690e-01	5.91881636e+05	2.30370658e+04	1.44416164e+05	8.66109594e-06	1.44416164e+04	8.66109594e-07	1.39340415e+10	6.14862309e+01
5.00000000e-01	4.20384612e-01	7.36550344e+05	2.86678243e+04	1.00000000e-09	1.00000000e-09	1.00000000e-10	1.00000000e-10	0.00000000e+00	5.54461690e+01
6.00000000e-01	5.04461535e-01	8.81029759e+05	3.42912152e+04	1.00000000e-09	1.00000000e-09	1.00000000e-10	1.00000000e-10	0.00000000e+00	5.01866549e+01
7.00000000e-01	5.88538457e-01	1.02550917e+06	3.99146060e+04	2.49303454e+03	3.75133380e-07	2.49303454e+02	3.75133380e-08	2.40541266e+08	4.55579535e+01
8.00000000e-01	6.72615380e-01	1.16998859e+06	4.55379969e+04	1.45110600e+05	9.09781491e-06	1.45110600e+04	9.09781491e-07	1.40010444e+10	4.14508515e+01
9.00000000e-01	7.56692302e-01	1.31121417e+06	5.10347427e+04	1.00000000e-09	1.00000000e-09	1.00000000e-10	1.00000000e-10	0.00000000e+00	3.77829914e+01
1.00000000e+00	8.40769225e-01	1.45212121e+06	5.65190907e+04	1.00000000e-09	1.00000000e-09	1.00000000e-10	1.00000000e-10	0.00000000e+00	3.44905241e+01
1.10000000e+00	9.24846147e-01	1.59302825e+06	6.20034387e+04	3.76352191e+03	6.11039398e-07	3.76352191e+02	6.11039398e-08	3.63124661e+08	3.15227780e+01
1.20000000e+00	1.00892307e+00	1.73393530e+06	6.74877866e+04	1.46264071e+05	9.61232617e-06	1.46264071e+04	9.61232617e-07	1.41123375e+10	2.88387272e+01
1.30000000e+00	1.09299999e+00	1.87160081e+06	7.28459684e+04	1.00000000e-09	1.00000000e-09	1.00000000e-10	1.00000000e-10	0.00000000e+00	2.64045776e+01
1.40000000e+00	1.17707691e+00	2.00881829e+06	7.81867122e+04	1.00000000e-09	1.00000000e-09	1.00000000e-10	1.00000000e-10	0.00000000e+00	2.41920729e+01
1.50000000e+00	1.26115384e+00	2.14603577e+06	8.35274560e+04	5.01675176e+03	8.87576534e-07	5.01675176e+02	8.87576534e-08	4.84042960e+08	2.21772778e+01
1.60000000e+00	1.34523076e+00	2.28325326e+06	8.88681998e+04	1.47905105e+05	1.02176250e-05	1.47905105e+04	1.02176250e-06	1.42706732e+10	2.03396868e+01
1.70000000e+00	1.42930768e+00	2.41724613e+06	9.40834364e+04	1.00000000e-09	1.00000000e-09	1.00000000e-10	1.00000000e-10	0.00000000e+00	1.86615585e+01
1.80000000e+00	1.51338460e+00	2.55066147e+06	9.92761941e+04	1.00000000e-09	1.00000000e-09	1.00000000e-10	1.00000000e-10	0.00000000e+00	1.71274116e+01
1.90000000e+00	1.59746153e+00	2.68407681e+06	1.04468952e+05	6.22268604e+03	1.21234061e-06	6.22268604e+02	1.21234061e-07	6.00397930e+08	1.57236358e+01
2.00000000e+00	1.68153845e+00	2.81749215e+06	1.09661709e+05	1.50065404e+05	1.09299453e-05	1.50065404e+04	1.09299453e-06	1.44791104e+10	1.44381886e+01
2.10000000e+00	1.76561537e+00	2.94770450e+06	1.14729801e+05	1.00000000e-09	1.00000000e-09	1.00000000e-10	1.00000000e-10	0.00000000e+00	1.32603556e+01
2.20000000e+00	1.84969229e+00	3.07721003e+06	1.19770383e+05	1.00000000e-09	1.00000000e-09	1.00000000e-10	1.00000000e-10	0.00000000e+00	1.21805577e+01
2.30000000e+00	1.93376922e+00	3.20671557e+06	1.24810964e+05	7.34618746e+03	1.59408213e-06	7.34618746e+02	1.59408213e-07	7.08799336e+08	1.11901960e+01
2.40000000e+00	2.01784614e+00	3.33622111e+06	1.29851546e+05	1.52780137e+05	1.17696437e-05	1.52780137e+04	1.17696437e-06	1.47410423e+10	1.02815237e+01
2.50000000e+00	2.10192306e+00	3.46255002e+06	1.34768487e+05	1.00000000e-09	1.00000000e-09	1.00000000e-10	1.00000000e-10	0.00000000e+00	9.44754093e+00
2.60000000e+00	2.18599998e+00	3.58804339e+06	1.39652908e+05	1.00000000e-09	1.00000000e-09	1.00000000e-10	1.00000000e-10	0.00000000e+00	8.68190590e+00
2.70000000e+00	2.27007691e+00	3.71353675e+06	1.44537329e+05	8.34597356e+03	2.04288576e-06	8.34597356e+02	2.04288576e-07	8.05264031e+08	7.97886054e+00
2.80000000e+00	2.35415383e+00	3.83903011e+06	1.49421749e+05	1.56088233e+05	1.27623927e-05	1.56088233e+04	1.27623927e-06	1.50602250e+10	7.33316685e+00
2.90000000e+00	2.43823075e+00	3.96137804e+06	1.54183744e+05	1.00000000e-09	1.00000000e-09	1.00000000e-10	1.00000000e-10	0.00000000e+00	6.74005227e+00
3.00000000e+00	2.52230767e+00	4.08276253e+06	1.58908240e+05	1.00000000e-09	1.00000000e-09	1.00000000e-10	1.00000000e-10	0.00000000e+00	6.19516235e+00
3.10000000e+00	2.60638460e+00	4.20414702e+06	1.63632736e+05	9.17335112e+03	2.57041465e-06	9.17335112e+02	2.57041465e-07	8.85093830e+08	5.69451955e+00
3.20000000e+00	2.69046152e+00	4.32553152e+06	1.68357232e+05	1.60032669e+05	1.39408128e-05	1.60032669e+04	1.39408128e-06	1.54408052e+10	5.23448697e+00
3.30000000e+00	2.77453844e+00	4.44380664e+06	1.72960707e+05	1.00000000e-09	1.00000000e-09	1.00000000e-10	1.00000000e-10	0.00000000e+00	4.81173646e+00
3.40000000e+00	2.85861536e+00	4.56099168e+06	1.77521753e+05	1.00000000e-09	1.00000000e-09	1.00000000e-10	1.00000000e-10	0.00000000e+00	4.42322017e+00
3.50000000e+00	2.94269229e+00	4.67817671e+06	1.82082799e+05	9.77067980e+03	3.18964486e-06	9.77067980e+02	3.18964486e-07	9.42727285e+08	4.06614534e+00
3.60000000e+00	3.02676921e+00	4.79536174e+06	1.86643845e+05	1.64660737e+05	1.53466865e-05	1.64660737e+04	1.53466865e-06	1.58873459e+10	3.73795159e+00
3.70000000e+00	3.11084613e+00	4.90947844e+06	1.91085465e+05	1.00000000e-09	1.00000000e-09	1.00000000e-10	1.00000000e-10	0.00000000e+00	3.43629058e+00
3.80000000e+00	3.19492305e+00	5.02238000e+06	1.95479791e+05	1.00000000e-09	1.00000000e-09	1.00000000e-10	1.00000000e-10	0.00000000e+00	3.15900770e+00
3.90000000e+00	3.27899998e+00	5.13528157e+06	1.99874117e+05	1.00695022e+04	3.91448221e-06	1.00695022e+03	3.91448221e-07	9.71559260e+08	2.90412542e+00
4.00000000e+00	3.36307690e+00	5.24818314e+06	2.04268443e+05	1.70024245e+05	1.70340360e-05	1.70024245e+04	1.70340360e-06	1.64048458e+10	2.66982829e+00
4.10000000e+00	3.44715382e+00	5.35806241e+06	2.08545136e+05	1.00000000e-09	1.00000000e-09	1.00000000e-10	1.00000000e-10	0.00000000e+00	2.45444929e+00
4.20000000e+00	3.53123074e+00	5.46660360e+06	2.12769749e+05	1.00000000e-09	1.00000000e-09	1.00000000e-10	1.00000000e-10	0.00000000e+00	2.25645740e+00
4.30000000e+00	3.61530767e+00	5.57514479e+06	2.16994361e+05	9.98826184e+03	4.75882164e-06	9.98826184e+02	4.75882164e-07	9.63720760e+08	2.07444628e+00
4.40000000e+00	3.69938459e+00	5.68368598e+06	2.21218974e+05	1.76179623e+05	1.90734741e-05	1.76179623e+04	1.90734741e-06	1.69987494e+10	1.90712395e+00
4.50000000e+00	3.78346151e+00	5.78925599e+06	2.25327943e+05	1.00000000e-09	1.00000000e-09	1.00000000e-10	1.00000000e-10	0.00000000e+00	1.75330334e+00
4.60000000e+00	3.86753843e+00	5.89336756e+06	2.29380146e+05	1.00000000e-09	1.00000000e-09	1.00000000e-10	1.00000000e-10	0.00000000e+00	1.61189369e+00
4.70000000e+00	3.95161536e+00	5.99747913e+06	2.33432350e+05	9.42951291e+03	5.73452567e-06	9.42951291e+02	5.73452567e-07	9.09809685e+08	1.48189263e+00
4.80000000e+00	4.03569228e+00	6.10159070e+06	2.37484554e+05	1.83187844e+05	2.15584855e-05	1.83187844e+04	2.15584855e-06	1.76749399e+10	1.36237899e+00
4.90000000e+00	4.11976920e+00	6.20278732e+06	2.41423303e+05	1.00000000e-09	1.00000000e-09	1.00000000e-10	1.00000000e-10	0.00000000e+00	1.25250612e+00
5.00000000e+00	4.20384612e+00	6.30240829e+06	2.45300725e+05	1.00000000e-09	1.00000000e-09	1.00000000e-10	1.00000000e-10	0.00000000e+00	1.15149587e+00
5.10000000e+00	4.28792305e+00	6.40202925e+06	2.49178147e+05	8.27650112e+03	6.84749006e-06	8.27650112e+02	6.84749006e-07	7.98560959e+08	1.05863300e+00
5.20000000e+00	4.37199997e+00	6.50165022e+06	2.53055569e+05	1.91114075e+05	2.46180049e-05	1.91114075e+04	2.46180049e-06	1.84397050e+10	9.73260072e-01
5.30000000e+00	4.45607689e+00	6.59841763e+06	2.56821925e+05	1.00000000e-09	1.00000000e-09	1.00000000e-10	1.00000000e-10	0.00000000e+00	8.94772759e-01
5.40000000e+00	4.54015381e+00	6.69349598e+06	2.60522540e+05	1.00000000e-09	1.00000000e-09	1.00000000e-10	1.00000000e-10	0.00000000e+00	8.22615544e-01
5.50000000e+00	4.62423074e+00	6.78857433e+06	2.64223155e+05	6.38896766e+03	8.09507984e-06	6.38896766e+02	8.09507984e-07	6.16441665e+08	7.56277766e-01
5.60000000e+00	4.70830766e+00	6.88365268e+06	2.67923771e+05	2.00026654e+05	2.84506201e-05	2.00026654e+04	2.84506201e-06	1.92996382e+10	6.95289988e-01
5.70000000e+00	4.79238458e+00	6.97594411e+06	2.71515914e+05	1.00000000e-09	1.00000000e-09	1.00000000e-10	1.00000000e-10	0.00000000e+00	6.39220665e-01
5.80000000e+00	4.87646150e+00	7.06643532e+06	2.75037990e+05	1.00000000e-09	1.00000000e-09	1.00000000e-10	1.00000000e-10	0.00000000e+00	5.87673079e-01
5.90000000e+00	4.96053843e+00	7.15692653e+06	2.78560066e+05	3.59726614e+03	9.44404904e-06	3.59726614e+02	9.44404904e-07	3.47083418e+08	5.40282524e-01
6.00000000e+00	5.04461535e+00	7.24741774e+06	2.82082142e+05	2.10008027e+05	3.33241340e-05	2.10008027e+04	3.33241340e-06	2.02626942e+10	4.96713722e-01
6.10000000e+00	5.12869227e+00	7.33519412e+06	2.85498551e+05	1.00000000e-09	1.00000000e-09	1.00000000e-10	1.00000000e-10	0.00000000e+00	4.56658442e-01
6.20000000e+00	5.21276919e+00	7.42106138e+06	2.88840655e+05	1.00000000e-09	1.00000000e-09	1.00000000e-10	1.00000000e-10	0.00000000e+00	4.19833321e-01
6.30000000e+00	5.29684612e+00	7.50692863e+06	2.92182758e+05	1.00000000e-09	1.07885509e-05	1.00000000e-10	1.07885509e-06	-1.04084044e+00	3.85977854e-01
6.40000000e+00	5.38092304e+00	7.59279589e+06	2.95524862e+05	2.21147409e+05	3.96225671e-05	2.21147409e+04	3.96225671e-06	2.13374812e+10	3.54852548e-01
6.50000000e+00	5.46499996e+00	7.67602605e+06	2.98764325e+05	1.00000000e-09	1.00000000e-09	1.00000000e-10	1.00000000e-10	0.00000000e+00	3.26237227e-01
6.60000000e+00	5.54907688e+00	7.75724050e+06	3.01925333e+05	1.00000000e-09	1.00000000e-09	1.00000000e-10	1.00000000e-10	0.00000000e+00	2.99929475e-01
6.70000000e+00	5.63315381e+00	7.83845496e+06	3.05086341e+05	1.00000000e-09	1.18538336e-05	1.00000000e-10	1.18538336e-06	-1.14362459e+00	2.75743201e-01
6.80000000e+00	5.71723073e+00	7.91966941e+06	3.08247349e+05	2.33539775e+05	4.79187746e-05	2.33539775e+04	4.79187746e-06	2.25331627e+10	2.53507323e-01
6.90000000e+00	5.80130765e+00	7.99833041e+06	3.11308973e+05	4.19529126e+03	1.00000000e-09	4.19529126e+02	1.00000000e-10	4.04784071e+08	2.33064554e-01
7.00000000e+00	5.88538457e+00	8.07487144e+06	3.14288083e+05	1.00000000e-09	1.00000000e-09	1.00000000e-10	1.00000000e-10	0.00000000e+00	2.14270296e-01
7.10000000e+00	5.96946150e+00	8.15141248e+06	3.17267194e+05	1.00000000e-09	1.19235012e-05	1.00000000e-10	1.19235012e-06	-1.15034649e+00	1.96991610e-01
7.20000000e+00	6.05353842e+00	8.22795352e+06	3.20246305e+05	2.47283688e+05	5.90765286e-05	2.47283688e+04	5.90765286e-06	2.38592488e+10	1.81106277e-01
7.30000000e+00	6.13761534e+00	8.30203095e+06	3.23129528e+05	1.20932889e+04	1.00000000e-09	1.20932889e+03	1.00000000e-10	1.16682500e+09	1.66501937e-01
7.40000000e+00	6.22169226e+00	8.37388652e+06	3.25926271e+05	1.00000000e-09	1.00000000e-09	1.00000000e-10	1.00000000e-10	0.00000000e+00	1.53075289e-01
7.50000000e+00	6.30576919e+00	8.44574208e+06	3.28723015e+05	1.00000000e-09	8.92404213e-06	1.00000000e-10	8.92404213e-07	-8.60942684e-01	1.40731363e-01
7.60000000e+00	6.38984611e+00	8.51759764e+06	3.31519759e+05	2.62477215e+05	7.42725582e-05	2.62477215e+04	7.42725582e-06	2.53252012e+10	1.29382849e-01
7.70000000e+00	6.47392303e+00	8.58708600e+06	3.34224367e+05	2.23050250e+04	1.00000000e-09	2.23050250e+03	1.00000000e-10	2.15210775e+09	1.18949475e-01
7.80000000e+00	6.55799995e+00	8.65425293e+06	3.36838621e+05	1.00000000e-09	1.00000000e-09	1.00000000e-10	1.00000000e-10	0.00000000e+00	1.09357445e-01
7.90000000e+00	6.64207688e+00	8.72141987e+06	3.39452876e+05	1.00000000e-09	1.00000000e-09	1.00000000e-10	1.00000000e-10	0.00000000e+00	1.00538914e-01
8.00000000e+00	6.72615380e+00	8.78858680e+06	3.42067130e+05	2.79210699e+05	9.29804501e-05	2.79210699e+04	9.29804501e-06	2.69397370e+10	9.24315047e-02
8.10000000e+00	6.81023072e+00	8.85348983e+06	3.44593269e+05	3.53699026e+04	1.00000000e-09	3.53699026e+03	1.00000000e-10	3.41267680e+09	8.49778740e-02
8.20000000e+00	6.89430764e+00	8.91597428e+06	3.47025273e+05	1.00000000e-09	1.00000000e-09	1.00000000e-10	1.00000000e-10	0.00000000e+00	7.81253008e-02
8.30000000e+00	6.97838457e+00	8.97845872e+06	3.49457276e+05	1.00000000e-09	1.00000000e-09	1.00000000e-10	1.00000000e-10	0.00000000e+00	7.18253161e-02
8.40000000e+00	7.06246149e+00	9.04094316e+06	3.51889280e+05	2.97554387e+05	5.29658571e-05	2.97554387e+04	5.29658571e-06	2.87096338e+10	6.60333593e-02
8.50000000e+00	7.14653841e+00	9.10127432e+06	3.54237474e+05	5.19610631e+04	1.00000000e-09	5.19610631e+03	1.00000000e-10	5.01348043e+09	6.07084632e-02
8.60000000e+00	7.23061533e+00	9.15909211e+06	3.56487843e+05	1.00000000e-09	1.00000000e-09	1.00000000e-10	1.00000000e-10	0.00000000e+00	5.58129641e-02
8.70000000e+00	7.31469226e+00	9.21690990e+06	3.58738212e+05	1.00000000e-09	1.00000000e-09	1.00000000e-10	1.00000000e-10	0.00000000e+00	5.13122357e-02
8.80000000e+00	7.39876918e+00	9.27472769e+06	3.60988581e+05	3.17537512e+05	6.37210841e-05	3.17537512e+04	6.37210841e-06	3.06377123e+10	4.71744438e-02
8.90000000e+00	7.48284610e+00	9.33051057e+06	3.63159748e+05	7.29214968e+04	3.10397561e-05	7.29214968e+03	3.10397561e-06	7.03585484e+09	4.33703214e-02
9.00000000e+00	7.56692302e+00	9.38368769e+06	3.65229495e+05	1.00000000e-09	3.31023627e-06	1.00000000e-10	3.31023627e-07	-3.19292761e-01	3.98729614e-02
9.10000000e+00	7.65099995e+00	9.43686481e+06	3.67299241e+05	1.00000000e-09	1.75104483e-06	1.00000000e-10	1.75104483e-07	-1.68853657e-01	3.66576268e-02
9.20000000e+00	7.73507687e+00	9.49004193e+06	3.69368987e+05	3.39113145e+05	1.10832921e-05	3.39113145e+04	1.10832921e-06	3.27194444e+10	3.37015752e-02
9.30000000e+00	7.81915379e+00	9.54131071e+06	3.71364458e+05	9.93095697e+04	2.07051672e-06	9.93095697e+03	2.07051672e-07	9.58191681e+09	3.09838980e-02
9.40000000e+00	7.90323071e+00	9.58988375e+06	3.73255005e+05	1.00000000e-09	1.00000000e-09	1.00000000e-10	1.00000000e-10	0.00000000e+00	2.84853728e-02
9.50000000e+00	7.98730764e+00	9.63845679e+06	3.75145553e+05	1.00000000e-09	1.00000000e-09	1.00000000e-10	1.00000000e-10	0.00000000e+00	2.61883275e-02
9.60000000e+00	8.07138456e+00	9.68702984e+06	3.77036100e+05	3.62098919e+05	3.89264528e-06	3.62098919e+04	3.89264528e-07	3.49372345e+10	2.40765146e-02
9.70000000e+00	8.15546148e+00	9.73382970e+06	3.78857633e+05	1.32455108e+05	3.07942852e-06	1.32455108e+04	3.07942852e-07	1.27799751e+10	2.21349973e-02
9.80000000e+00	8.23953840e+00	9.77784631e+06	3.80570836e+05	1.00000000e-09	1.00000000e-09	1.00000000e-10	1.00000000e-10	0.00000000e+00	2.03500429e-02
9.90000000e+00	8.32361533e+00	9.82186291e+06	3.82284039e+05	1.00000000e-09	1.00000000e-09	1.00000000e-10	1.00000000e-10	0.00000000e+00	1.87090262e-02
1.00000000e+01	8.40769225e+00	9.86587951e+06	3.83997241e+05	3.86076190e+05	1.00000000e-09	3.86076190e+04	1.00000000e-10	3.72506895e+10	1.72003403e-02
1.01000000e+01	8.49176917e+00	9.90826709e+06	3.85647040e+05	1.74025243e+05	1.00000000e-09	1.74025243e+04	1.00000000e-10	1.67908834e+10	1.58133140e-02
1.02000000e+01	8.57584609e+00	9.94778633e+06	3.87185198e+05	1.00000000e-09	1.00000000e-09	1.00000000e-10	1.00000000e-10	0.00000000e+00	1.45381368e-02
1.03000000e+01	8.65992302e+00	9.98730558e+06	3.88723356e+05	1.00000000e-09	4.53927642e-08	1.00000000e-10	4.53927642e-09	-4.28325060e-03	1.33657892e-02
1.04000000e+01	8.74399994e+00	1.00268248e+07	3.90261514e+05	4.10216004e+05	7.95841149e-07	4.10216004e+04	7.95841149e-08	3.95798274e+10	1.22879791e-02
1.05000000e+01	8.82807686e+00	1.00648684e+07	3.91742238e+05	2.26093536e+05	1.00000000e-09	2.26093536e+04	1.00000000e-10	2.18147099e+10	1.12970830e-02
1.06000000e+01	8.91215378e+00	1.00999612e+07	3.93108108e+05	1.00000000e-09	1.00000000e-09	1.00000000e-10	1.00000000e-10	0.00000000e+00	1.03860923e-02
1.07000000e+01	8.99623071e+00	1.01350539e+07	3.94473978e+05	1.00000000e-09	9.27331163e-08	1.00000000e-10	9.27331163e-09	-8.85090020e-03	9.54856333e-03
1.08000000e+01	9.08030763e+00	1.01701466e+07	3.95839848e+05	4.32972744e+05	5.56866808e-07	4.32972744e+04	5.56866808e-08	4.17755191e+10	8.77857228e-03
1.09000000e+01	9.16438455e+00	1.02039264e+07	3.97154616e+05	2.91190754e+05	6.27524651e-08	2.91190754e+04	6.27524651e-09	2.80956366e+10	8.07067289e-03
1.10000000e+01	9.24846147e+00	1.02346753e+07	3.98351417e+05	1.00000000e-09	1.00000000e-09	1.00000000e-10	1.00000000e-10	0.00000000e+00	7.41985814e-03
1.11000000e+01	9.33253840e+00	1.02654242e+07	3.99548218e+05	1.00000000e-09	1.00000000e-09	1.00000000e-10	1.00000000e-10	0.00000000e+00	6.82152474e-03
1.12000000e+01	9.41661532e+00	1.02961731e+07	4.00745019e+05	4.51531030e+05	1.00000000e-09	4.51531030e+04	1.00000000e-10	4.35661214e+10	6.27144062e-03
1.13000000e+01	9.50069224e+00	1.03257808e+07	4.01897401e+05	3.72275699e+05	1.00000000e-09	3.72275699e+04	1.00000000e-10	3.59191445e+10	5.76571500e-03
1.14000000e+01	9.58476916e+00	1.03522802e+07	4.02928807e+05	1.00000000e-09	1.00000000e-09	1.00000000e-10	1.00000000e-10	0.00000000e+00	5.30077082e-03
1.15000000e+01	9.66884609e+00	1.03787797e+07	4.03960212e+05	1.00000000e-09	1.00000000e-09	1.00000000e-10	1.00000000e-10	0.00000000e+00	4.87331949e-03
1.16000000e+01	9.75292301e+00	1.04052792e+07	4.04991618e+05	4.60774936e+05	1.00000000e-09	4.60774936e+04	1.00000000e-10	4.44580228e+10	4.48033760e-03
1.17000000e+01	9.83699993e+00	1.04308174e+07	4.05985609e+05	4.72456480e+05	1.00000000e-09	4.72456480e+04	1.00000000e-10	4.55851204e+10	4.11904557e-03
1.18000000e+01	9.92107685e+00	1.04531728e+07	4.06855722e+05	1.00000000e-09	1.00000000e-09	1.00000000e-10	1.00000000e-10	0.00000000e+00	3.78688794e-03
1.19000000e+01	1.00051538e+01	1.04755283e+07	4.07725835e+05	1.00000000e-09	1.00000000e-09	1.00000000e-10	1.00000000e-10	0.00000000e+00	3.48151531e-03
1.20000000e+01	1.00892307e+01	1.04978837e+07	4.08595949e+05	4.51291730e+05	1.00000000e-09	4.51291730e+04	1.00000000e-10	4.35430325e+10	3.20076778e-03
1.21000000e+01	1.01733076e+01	1.05194646e+07	4.09435913e+05	5.93984095e+05	1.00000000e-09	5.93984095e+04	1.00000000e-10	5.73107527e+10	2.94265957e-03
1.22000000e+01	1.02573845e+01	1.05377912e+07	4.10149215e+05	1.00000000e-09	1.00000000e-09	1.00000000e-10	1.00000000e-10	0.00000000e+00	2.70536508e-03
1.23000000e+01	1.03414615e+01	1.05561177e+07	4.10862516e+05	1.00000000e-09	1.00000000e-09	1.00000000e-10	1.00000000e-10	0.00000000e+00	2.48720588e-03
1.24000000e+01	1.04255384e+01	1.05744443e+07	4.11575818e+05	4.05329029e+05	1.00000000e-09	4.05329029e+04	1.00000000e-10	3.91083060e+10	2.28663893e-03
1.25000000e+01	1.05096153e+01	1.05921882e+07	4.12266441e+05	7.35054879e+05	1.00000000e-09	7.35054879e+04	1.00000000e-10	7.09220141e+10	2.10224558e-03
1.26000000e+01	1.05936922e+01	1.06066094e+07	4.12827740e+05	1.00000000e-09	1.00000000e-09	1.00000000e-10	1.00000000e-10	0.00000000e+00	1.93272162e-03
1.27000000e+01	1.06777692e+01	1.06210306e+07	4.13389039e+05	1.00000000e-09	1.00000000e-09	1.00000000e-10	1.00000000e-10	0.00000000e+00	1.77686798e-03
1.28000000e+01	1.07618461e+01	1.06354518e+07	4.13950338e+05	2.88250769e+05	1.00000000e-09	2.88250769e+04	1.00000000e-10	2.78119712e+10	1.63358230e-03
1.29000000e+01	1.08459230e+01	1.06494865e+07	4.14496594e+05	8.79531669e+05	1.00000000e-09	8.79531669e+04	1.00000000e-10	8.48619052e+10	1.50185109e-03
1.30000000e+01	1.09299999e+01	1.06601331e+07	4.14910978e+05	1.00000000e-09	1.00000000e-09	1.00000000e-10	1.00000000e-10	0.00000000e+00	1.38074262e-03
1.31000000e+01	1.10140768e+01	1.06707797e+07	4.15325363e+05	1.00000000e-09	1.00000000e-09	1.00000000e-10	1.00000000e-10	0.00000000e+00	1.26940027e-03
1.32000000e+01	1.10981538e+01	1.06814264e+07	4.15739747e+05	3.05079054e+04	1.00000000e-09	3.05079054e+03	1.00000000e-10	2.94356538e+09	1.16703651e-03
1.33000000e+01	1.11822307e+01	1.06918801e+07	4.16146625e+05	9.61390090e+05	1.00000000e-09	9.61390090e+04	1.00000000e-10	9.27600421e+10	1.07292731e-03
1.34000000e+01	1.12663076e+01	1.06988826e+07	4.16419174e+05	1.67752162e+05	1.00000000e-09	1.67752162e+04	1.00000000e-10	1.61856230e+10	9.86407027e-04
1.35000000e+01	1.13503845e+01	1.07058851e+07	4.16691723e+05	1.00000000e-09	1.00000000e-09	1.00000000e-10	1.00000000e-10	0.00000000e+00	9.06863691e-04
1.36000000e+01	1.14344615e+01	1.07128876e+07	4.16964273e+05	1.00000000e-09	1.00000000e-09	1.00000000e-10	1.00000000e-10	0.00000000e+00	8.33734687e-04
1.37000000e+01	1.15185384e+01	1.07198890e+07	4.17236781e+05	7.17220259e+05	1.00000000e-09	7.17220259e+04	1.00000000e-10	6.92012349e+10	7.66502767e-04
1.38000000e+01	1.16026153e+01	1.07233781e+07	4.17372583e+05	1.24245464e+06	1.00000000e-09	1.24245464e+05	1.00000000e-10	1.19878648e+11	7.04692393e-04
1.39000000e+01	1.16866922e+01	1.07268115e+07	4.17506215e+05	1.96292773e+05	1.00000000e-09	1.96292773e+04	1.00000000e-10	1.89393734e+10	6.47866374e-04
1.40000000e+01	1.17707691e+01	1.07302448e+07	4.17639846e+05	1.00000000e-09	1.00000000e-09	1.00000000e-10	1.00000000e-10	0.00000000e+00	5.95622776e-04
1.41000000e+01	1.18548461e+01	1.07336781e+07	4.17773478e+05	1.00000000e-09	2.15601581e-03	1.00000000e-10	2.15601581e-04	-2.08023805e+02	5.47592073e-04
1.42000000e+01	1.19389230e+01	1.07335406e+07	4.17768125e+05	2.10862891e+04	9.36605604e-02	2.10862891e+03	9.36605604e-03	2.03450857e+09	5.03434541e-04
1.43000000e+01	1.20229999e+01	1.07331714e+07	4.17753755e+05	1.35276544e-03	6.51169039e-01	1.35276544e-04	6.51169039e-02	-6.26977390e+04	4.62837848e-04
1.44000000e+01	1.21070768e+01	1.07328022e+07	4.17739386e+05	9.49064156e-03	4.43800803e+00	9.49064156e-04	4.43800803e-01	-4.27286971e+05	4.25514851e-04
1.45000000e+01	1.21911538e+01	1.07324330e+07	4.17725017e+05	1.47935918e+05	3.02341778e+01	1.47935918e+04	3.02341778e+00	1.42707291e+10	3.91201561e-04
1.46000000e+01	1.22752307e+01	1.07284391e+07	4.17569565e+05	1.05524551e+04	1.90390013e+01	1.05524551e+03	1.90390013e+00	1.01632015e+09	3.59655276e-04
1.47000000e+01	1.23593076e+01	1.07240361e+07	4.17398194e+05	1.00000000e-09	1.00000000e-09	1.00000000e-10	1.00000000e-10	0.00000000e+00	3.30652866e-04
1.48000000e+01	1.24433845e+01	1.07196332e+07	4.17226823e+05	1.00000000e-09	1.00000000e-09	1.00000000e-10	1.00000000e-10	0.00000000e+00	3.03989196e-04
1.49000000e+01	1.25274615e+01	1.07152302e+07	4.17055452e+05	6.89881932e+04	1.00000000e-09	6.89881932e+03	1.00000000e-10	6.65634873e+09	2.79475669e-04
1.50000000e+01	1.26115384e+01	1.07071591e+07	4.16741312e+05	8.72436252e+03	1.54687456e+01	8.72436252e+02	1.54687456e+00	8.40280508e+08	2.56938901e-04
1.51000000e+01	1.26956153e+01	1.06984927e+07	4.16404000e+05	1.00000000e-09	4.91150506e+00	1.00000000e-10	4.91150506e-01	-4.73888197e+05	2.36219485e-04
1.52000000e+01	1.27796922e+01	1.06898263e+07	4.16066688e+05	1.00000000e-09	1.00000000e-09	1.00000000e-10	1.00000000e-10	0.00000000e+00	2.17170872e-04
1.53000000e+01	1.28637691e+01	1.06811599e+07	4.15729376e+05	4.42102569e+04	1.00000000e-09	4.42102569e+03	1.00000000e-10	4.26564132e+09	1.99658328e-04
1.54000000e+01	1.29478461e+01	1.06688077e+07	4.15248606e+05	8.10905719e+03	7.94570966e+00	8.10905719e+02	7.94570966e-01	7.81638431e+08	1.83557987e-04
1.55000000e+01	1.30319230e+01	1.06556506e+07	4.14736512e+05	1.00000000e-09	1.00628225e+01	1.00000000e-10	1.00628225e+00	-9.70914768e+05	1.68755969e-04
1.56000000e+01	1.31159999e+01	1.06424936e+07	4.14224418e+05	1.00000000e-09	1.00000000e-09	1.00000000e-10	1.00000000e-10	0.00000000e+00	1.55147578e-04
1.57000000e+01	1.32000768e+01	1.06293366e+07	4.13712324e+05	3.16612061e+04	1.00000000e-09	3.16612061e+03	1.00000000e-10	3.05484198e+09	1.42636560e-04
1.58000000e+01	1.32841538e+01	1.06125401e+07	4.13058576e+05	8.13827259e+03	2.96688340e+00	8.13827259e+02	2.96688340e-01	7.84937673e+08	1.31134424e-04
1.59000000e+01	1.33682307e+01	1.05946727e+07	4.12363143e+05	1.00000000e-09	1.09841542e+01	1.00000000e-10	1.09841542e+00	-1.05980976e+06	1.20559814e-04
1.60000000e+01	1.34523076e+01	1.05768052e+07	4.11667710e+05	1.00000000e-09	1.00000000e-09	1.00000000e-10	1.00000000e-10	0.00000000e+00	1.10837935e-04
1.61000000e+01	1.35363845e+01	1.05589377e+07	4.10972276e+05	2.32210405e+04	1.00000000e-09	2.32210405e+03	1.00000000e-10	2.24048981e+09	1.01900023e-04
1.62000000e+01	1.36204614e+01	1.05376454e+07	4.10143541e+05	9.10743228e+03	1.00000000e-09	9.10743228e+02	1.00000000e-10	8.78733628e+08	9.36828597e-05
1.63000000e+01	1.37045384e+01	1.05148512e+07	4.09256352e+05	1.00000000e-09	1.04259189e+01	1.00000000e-10	1.04259189e+00	-1.00594825e+06	8.61283240e-05
1.64000000e+01	1.37886153e+01	1.04920570e+07	4.08369162e+05	1.00000000e-09	1.36039904e+00	1.00000000e-10	1.36039904e-01	-1.31258553e+05	7.91829819e-05
1.65000000e+01	1.38726922e+01	1.04692628e+07	4.07481973e+05	1.52885370e+04	1.00000000e-09	1.52885370e+03	1.00000000e-10	1.47511957e+09	7.27977085e-05
1.66000000e+01	1.39567691e+01	1.04437177e+07	4.06487712e+05	1.33711580e+04	1.00000000e-09	1.33711580e+03	1.00000000e-10	1.29012062e+09	6.69273402e-05
1.67000000e+01	1.40408461e+01	1.04155108e+07	4.05389852e+05	1.00000000e-09	9.09853186e+00	1.00000000e-10	9.09853186e-01	-8.77874868e+05	6.15303552e-05
1.68000000e+01	1.41249230e+01	1.03873040e+07	4.04291992e+05	1.00000000e-09	3.07583798e+00	1.00000000e-10	3.07583798e-01	-2.96773249e+05	5.65685802e-05
1.69000000e+01	1.42089999e+01	1.03590971e+07	4.03194132e+05	1.05787131e+03	1.00000000e-09	1.05787131e+02	1.00000000e-10	1.02069064e+08	5.20069201e-05
1.70000000e+01	1.42930768e+01	1.03306722e+07	4.02087784e+05	4.18702591e+03	1.00000000e-09	4.18702591e+02	1.00000000e-10	4.03986586e+08	4.78131098e-05
1.71000000e+01	1.43771537e+01	1.03013612e+07	4.00946950e+05	1.00000000e-09	1.00000000e-09	1.00000000e-10	1.00000000e-10	0.00000000e+00	4.39574862e-05
1.72000000e+01	1.44612307e+01	1.02720508e+07	3.99806138e+05	1.00000000e-09	2.58569044e+01	1.00000000e-10	2.58569044e+00	-2.49481201e+06	4.04127779e-05
1.73000000e+01	1.45453076e+01	1.02427404e+07	3.98665327e+05	2.57093045e+03	5.88353169e+01	2.57093045e+02	5.88353169e+00	2.42380333e+08	3.71539131e-05
1.74000000e+01	1.46293845e+01	1.02128689e+07	3.97502675e+05	2.84243035e+03	1.00000000e-09	2.84243035e+02	1.00000000e-10	2.74252837e+08	3.41578414e-05
1.75000000e+01	1.47134614e+01	1.01823684e+07	3.96315543e+05	1.00000000e-09	1.00000000e-09	1.00000000e-10	1.00000000e-10	0.00000000e+00	3.14033713e-05
1.76000000e+01	1.47975384e+01	1.01518697e+07	3.95128480e+05	1.00000000e-09	1.00000000e-09	1.00000000e-10	1.00000000e-10	0.00000000e+00	2.88710202e-05
1.77000000e+01	1.48816153e+01	1.01213710e+07	3.93941417e+05	1.00000000e-09	9.01280612e+01	1.00000000e-10	9.01280612e+00	-8.69603592e+06	2.65428765e-05
1.78000000e+01	1.49656922e+01	1.00908723e+07	3.92754354e+05	2.38921816e+03	1.14676135e+01	2.38921816e+02	1.14676135e+00	2.29418051e+08	2.44024731e-05
1.79000000e+01	1.50497691e+01	1.00598352e+07	3.91546336e+05	1.35608980e+03	1.00000000e-09	1.35608980e+02	1.00000000e-10	1.30842775e+08	2.24346707e-05
1.80000000e+01	1.51338460e+01	1.00284883e+07	3.90326260e+05	1.00000000e-09	1.00000000e-09	1.00000000e-10	1.00000000e-10	0.00000000e+00	2.06255509e-05
1.81000000e+01	1.52179230e+01	9.99714145e+06	3.89106185e+05	1.00000000e-09	1.11561972e+02	1.00000000e-10	1.11561972e+01	-1.07640939e+07	1.89623175e-05
1.82000000e+01	1.53019999e+01	9.96579458e+06	3.87886110e+05	1.00000000e-09	4.39406908e+01	1.00000000e-10	4.39406908e+00	-4.23963214e+06	1.74332063e-05
1.83000000e+01	1.53860768e+01	9.93444982e+06	3.86666117e+05	1.00000000e-09	1.00000000e-09	1.00000000e-10	1.00000000e-10	0.00000000e+00	1.60274019e-05
1.84000000e+01	1.54701537e+01	9.90310684e+06	3.85446194e+05	1.00000000e-09	1.00000000e-09	1.00000000e-10	1.00000000e-10	0.00000000e+00	1.47349607e-05
1.85000000e+01	1.55542307e+01	9.87176387e+06	3.84226271e+05	1.13134274e+02	1.21293248e+02	1.13134274e+01	1.21293248e+01	-7.87221363e+05	1.35467414e-05
1.86000000e+01	1.56383076e+01	9.84039479e+06	3.83005332e+05	7.07743951e+01	8.03662580e+01	7.07743951e+00	8.03662580e+00	-9.25474080e+05	1.24543394e-05
1.87000000e+01	1.57223845e+01	9.80901124e+06	3.81783829e+05	1.00000000e-09	1.00000000e-09	1.00000000e-10	1.00000000e-10	0.00000000e+00	1.14500281e-05
1.88000000e+01	1.58064614e+01	9.77762962e+06	3.80562402e+05	1.00000000e-09	1.00000000e-09	1.00000000e-10	1.00000000e-10	0.00000000e+00	1.05267039e-05
1.89000000e+01	1.58905384e+01	9.74624799e+06	3.79340974e+05	4.19645776e+01	1.22641699e+02	4.19645776e+00	1.22641699e+01	-7.78415887e+06	9.67783615e-06
1.90000000e+01	1.59746153e+01	9.71485667e+06	3.78119169e+05	3.73854804e+01	1.18461343e+02	3.73854804e+00	1.18461343e+01	-7.82263149e+06	8.89742061e-06
1.91000000e+01	1.60586922e+01	9.68345842e+06	3.76897095e+05	1.00000000e-09	1.00000000e-09	1.00000000e-10	1.00000000e-10	0.00000000e+00	8.17993736e-06
1.92000000e+01	1.61427691e+01	9.65206226e+06	3.75675101e+05	1.00000000e-09	1.00000000e-09	1.00000000e-10	1.00000000e-10	0.00000000e+00	7.52031158e-06
1.93000000e+01	1.62268460e+01	9.62066611e+06	3.74453108e+05	2.05858232e+01	1.16159867e+02	2.05858232e+00	1.16159867e+01	-9.22149338e+06	6.91387767e-06
1.94000000e+01	1.63109230e+01	9.58926519e+06	3.73230930e+05	2.64153348e+01	1.57322005e+02	2.64153348e+00	1.57322005e+01	-1.26305736e+07	6.35634627e-06
1.95000000e+01	1.63949999e+01	9.55785965e+06	3.72008571e+05	1.00000000e-09	1.00000000e-09	1.00000000e-10	1.00000000e-10	0.00000000e+00	5.84377390e-06
1.96000000e+01	1.64790768e+01	9.52645639e+06	3.70786302e+05	1.00000000e-09	1.00000000e-09	1.00000000e-10	1.00000000e-10	0.00000000e+00	5.37253509e-06
1.97000000e+01	1.65631537e+01	9.49505313e+06	3.69564032e+05	1.09123815e+01	1.01263373e+02	1.09123815e+00	1.01263373e+01	-8.71754543e+06	4.93929673e-06
1.98000000e+01	1.66472307e+01	9.46364734e+06	3.68341664e+05	2.08985496e+01	1.95637856e+02	2.08985496e+00	1.95637856e+01	-1.68597800e+07	4.54099448e-06
1.99000000e+01	1.67313076e+01	9.43223795e+06	3.67119155e+05	1.00000000e-09	1.00000000e-09	1.00000000e-10	1.00000000e-10	0.00000000e+00	4.17481111e-06
2.00000000e+01	1.68153845e+01	9.40083097e+06	3.65896741e+05	1.00000000e-09	1.00000000e-09	1.00000000e-10	1.00000000e-10	0.00000000e+00	3.83815657e-06
2.01000000e+01	1.68994614e+01	9.36942399e+06	3.64674327e+05	4.86496199e+00	7.78199179e+01	4.86496199e-01	7.78199179e+00	-7.03908315e+06	3.52864967e-06
2.02000000e+01	1.69835383e+01	9.33801589e+06	3.63451868e+05	1.74468849e+01	2.31641095e+02	1.74468849e+00	2.31641095e+01	-2.06665995e+07	3.24410125e-06
2.03000000e+01	1.70676153e+01	9.30660471e+06	3.62229290e+05	1.00000000e-09	1.00000000e-09	1.00000000e-10	1.00000000e-10	0.00000000e+00	2.98249865e-06
2.04000000e+01	1.71516922e+01	9.27519604e+06	3.61006810e+05	1.00000000e-09	1.00000000e-09	1.00000000e-10	1.00000000e-10	0.00000000e+00	2.74199155e-06
2.05000000e+01	1.72357691e+01	9.24378737e+06	3.59784330e+05	2.14540712e-01	4.62017428e+01	2.14540712e-02	4.62017428e+00	-4.43709047e+06	2.52087882e-06
2.06000000e+01	1.73198460e+01	9.21237865e+06	3.58561848e+05	1.48357923e+01	2.63607094e+02	1.48357923e+00	2.63607094e+01	-2.40027817e+07	2.31759650e-06
2.07000000e+01	1.74039230e+01	9.18096719e+06	3.57339259e+05	8.24130849e-01	1.00000000e-09	8.24130849e-02	1.00000000e-10	7.95165386e+04	2.13070675e-06
2.08000000e+01	1.74879999e+01	9.14955811e+06	3.56116763e+05	1.00000000e-09	1.00000000e-09	1.00000000e-10	1.00000000e-10	0.00000000e+00	1.95888770e-06
2.09000000e+01	1.75720768e+01	9.11814904e+06	3.54894267e+05	1.00000000e-09	7.12597574e+00	1.00000000e-10	7.12597574e-01	-6.87552136e+05	1.80092404e-06
2.10000000e+01	1.76561537e+01	9.08673996e+06	3.53671771e+05	1.18804728e+01	2.89911251e+02	1.18804728e+00	2.89911251e+01	-2.68258920e+07	1.65569849e-06
2.11000000e+01	1.77402306e+01	9.05532855e+06	3.52449184e+05	4.54078259e+00	1.28506117e+01	4.54078259e-01	1.28506117e+00	-8.01776623e+05	1.52218384e-06
2.12000000e+01	1.78243076e+01	9.02391869e+06	3.51226658e+05	1.00000000e-09	1.00000000e-09	1.00000000e-10	1.00000000e-10	0.00000000e+00	1.39943575e-06
2.13000000e+01	1.79083845e+01	8.99250883e+06	3.50004131e+05	1.00000000e-09	1.00000000e-09	1.00000000e-10	1.00000000e-10	0.00000000e+00	1.28658600e-06
2.14000000e+01	1.79924614e+01	8.96109898e+06	3.48781605e+05	7.79486706e+00	3.09169619e+02	7.79486706e-01	3.09169619e+01	-2.90782430e+07	1.18283639e-06
2.15000000e+01	1.80765383e+01	8.92968747e+06	3.47559014e+05	7.93497065e+00	6.23254038e+01	7.93497065e-01	6.23254038e+00	-5.24787900e+06	1.08745310e-06
2.16000000e+01	1.81606153e+01	8.89827673e+06	3.46336453e+05	1.00000000e-09	1.00000000e-09	1.00000000e-10	1.00000000e-10	0.00000000e+00	9.99761460e-07
2.17000000e+01	1.82446922e+01	8.86686599e+06	3.45113893e+05	1.00000000e-09	1.00000000e-09	1.00000000e-10	1.00000000e-10	0.00000000e+00	9.19141229e-07
2.18000000e+01	1.83287691e+01	8.83545525e+06	3.43891332e+05	1.44338150e+00	3.20239451e+02	1.44338150e-01	3.20239451e+01	-3.07591446e+07	8.45022171e-07
2.19000000e+01	1.84128460e+01	8.80404418e+06	3.42668758e+05	1.07175794e+01	1.15308718e+02	1.07175794e+00	1.15308718e+01	-1.00915107e+07	7.76880034e-07
2.20000000e+01	1.84969229e+01	8.77263321e+06	3.41446188e+05	2.99775499e-01	1.00000000e-09	2.99775499e-02	1.00000000e-10	2.89239385e+04	7.14232843e-07
2.21000000e+01	1.85809999e+01	8.74122241e+06	3.40223625e+05	1.00000000e-09	1.00000000e-09	1.00000000e-10	1.00000000e-10	0.00000000e+00	6.56637488e-07
2.22000000e+01	1.86650768e+01	8.70981160e+06	3.39001062e+05	1.00000000e-09	3.22232147e+02	1.00000000e-10	3.22232147e+01	-3.10906758e+07	6.03686592e-07
2.23000000e+01	1.87491537e+01	8.67840080e+06	3.37778499e+05	9.71540126e+00	1.71087653e+02	9.71540126e-01	1.71087653e+01	-1.55700553e+07	5.55005627e-07
2.24000000e+01	1.88332306e+01	8.64699029e+06	3.36555947e+05	1.24296194e+01	1.00000000e-09	1.24296194e+00	1.00000000e-10	1.19927595e+06	5.10250270e-07
2.25000000e+01	1.89173076e+01	8.61557739e+06	3.35333302e+05	1.00000000e-09	1.00000000e-09	1.00000000e-10	1.00000000e-10	0.00000000e+00	4.69103960e-07
2.26000000e+01	1.90013845e+01	8.58416448e+06	3.34110657e+05	1.00000000e-09	3.14552721e+02	1.00000000e-10	3.14552721e+01	-3.03497237e+07	4.31275667e-07
2.27000000e+01	1.90854614e+01	8.55275158e+06	3.32888012e+05	1.00000000e-09	2.28186424e+02	1.00000000e-10	2.28186424e+01	-2.20166429e+07	3.96497828e-07
2.28000000e+01	1.91695383e+01	8.52134114e+06	3.31665463e+05	2.97818191e+01	1.00000000e-09	2.97818191e+00	1.00000000e-10	2.87350870e+06	3.64524455e-07
2.29000000e+01	1.92536153e+01	8.48992453e+06	3.30442674e+05	3.33090728e+01	1.00000000e-09	3.33090728e+00	1.00000000e-10	3.21383695e+06	3.35129397e-07
2.30000000e+01	1.93376922e+01	8.45850023e+06	3.29219585e+05	8.40954194e-01	2.96764949e+02	8.40954194e-02	2.96764949e+01	-2.85523250e+07	3.08104742e-07
2.31000000e+01	1.94217691e+01	8.42707573e+06	3.27996488e+05	1.00000000e-09	2.84851296e+02	1.00000000e-10	2.84851296e+01	-2.74839719e+07	2.83259340e-07
2.32000000e+01	1.95058460e+01	8.39565360e+06	3.26773484e+05	1.00000000e-09	1.00000000e-09	1.00000000e-10	1.00000000e-10	0.00000000e+00	2.60417458e-07
2.33000000e+01	1.95899229e+01	8.36423240e+06	3.25550516e+05	3.58892039e+00	1.00000000e-09	3.58892039e-01	1.00000000e-10	3.46278175e+05	2.39417533e-07
2.34000000e+01	1.96739999e+01	8.33281038e+06	3.24327517e+05	7.63245478e-01	2.68897462e+02	7.63245478e-02	2.68897462e+01	-2.58710189e+07	2.20111031e-07
2.35000000e+01	1.97580768e+01	8.30138818e+06	3.23104510e+05	1.00000000e-09	3.39372369e+02	1.00000000e-10	3.39372369e+01	-3.27444557e+07	2.02361395e-07
2.36000000e+01	1.98421537e+01	8.26996825e+06	3.21881591e+05	1.00000000e-09	1.00000000e-09	1.00000000e-10	1.00000000e-10	0.00000000e+00	1.86043080e-07
2.37000000e+01	1.99262306e+01	8.23854946e+06	3.20658717e+05	1.53106962e+00	1.00000000e-09	1.53106962e-01	1.00000000e-10	1.47725761e+05	1.71040665e-07
2.38000000e+01	2.00103076e+01	8.20713033e+06	3.19435830e+05	7.39385339e-01	2.31244894e+02	7.39385339e-02	2.31244894e+01	-2.22404005e+07	1.57248037e-07
2.39000000e+01	2.00943845e+01	8.17571102e+06	3.18212935e+05	1.00000000e-09	3.90029929e+02	1.00000000e-10	3.90029929e+01	-3.76321673e+07	1.44567640e-07
2.40000000e+01	2.01784614e+01	8.14429386e+06	3.16990125e+05	1.00000000e-09	1.00000000e-09	1.00000000e-10	1.00000000e-10	0.00000000e+00	1.32909782e-07
2.41000000e+01	2.02625383e+01	8.11287805e+06	3.15767366e+05	7.96150681e-01	1.00000000e-09	7.96150681e-02	1.00000000e-10	7.68168628e+04	1.22192009e-07
2.42000000e+01	2.03466152e+01	8.08146205e+06	3.14544601e+05	7.12878408e-01	1.84327834e+02	7.12878408e-02	1.84327834e+01	-1.77161499e+07	1.12338510e-07
2.43000000e+01	2.04306922e+01	8.05004589e+06	3.13321829e+05	1.00000000e-09	4.35164897e+02	1.00000000e-10	4.35164897e+01	-4.19870296e+07	1.03279593e-07
2.44000000e+01	2.05147691e+01	8.01863173e+06	3.12099136e+05	1.00000000e-09	1.00000000e-09	1.00000000e-10	1.00000000e-10	0.00000000e+00	9.49511815e-08
2.45000000e+01	2.05988460e+01	7.98721911e+06	3.10876502e+05	4.05563892e-01	1.00000000e-09	4.05563892e-02	1.00000000e-10	3.91309668e+04	8.72943689e-08
2.46000000e+01	2.06829229e+01	7.95580640e+06	3.09653864e+05	6.71985070e-01	1.28952059e+02	6.71985070e-02	1.28952059e+01	-1.23771456e+07	8.02549976e-08
2.47000000e+01	2.07669999e+01	7.92439353e+06	3.08431220e+05	1.00000000e-09	4.73221293e+02	1.00000000e-10	4.73221293e+01	-4.56589136e+07	7.37832774e-08
2.48000000e+01	2.08510768e+01	7.89298251e+06	3.07208649e+05	1.00000000e-09	1.00000000e-09	1.00000000e-10	1.00000000e-10	0.00000000e+00	6.78334333e-08
2.49000000e+01	2.09351537e+01	7.86157320e+06	3.05986143e+05	1.38594556e-01	1.00000000e-09	1.38594556e-02	1.00000000e-10	1.33723417e+04	6.23633815e-08
2.50000000e+01	2.10192306e+01	7.83016385e+06	3.04763637e+05	6.06991521e-01	6.61887391e+01	6.06991521e-02	6.61887391e+00	-6.32767670e+06	5.73344317e-08
2.51000000e+01	2.11033075e+01	7.79875436e+06	3.03541125e+05	1.00000000e-09	5.02793727e+02	1.00000000e-10	5.02793727e+01	-4.85122197e+07	5.27110137e-08
2.52000000e+01	2.11873845e+01	7.76734655e+06	3.02318678e+05	1.00000000e-09	1.00000000e-09	1.00000000e-10	1.00000000e-10	0.00000000e+00	4.84604257e-08
2.53000000e+01	2.12714614e+01	7.73594060e+06	3.01096303e+05	1.00000000e-09	1.00000000e-09	1.00000000e-10	1.00000000e-10	0.00000000e+00	4.45526029e-08
2.54000000e+01	2.13555383e+01	7.70453464e+06	2.99873929e+05	5.35139050e-01	1.00000000e-09	5.35139050e-02	1.00000000e-10	5.16330689e+04	4.09599048e-08
2.55000000e+01	2.14396152e+01	7.67312857e+06	2.98651550e+05	1.45036239e-01	5.22669586e+02	1.45036239e-02	5.22669586e+01	-5.04159548e+07	3.76569199e-08
2.56000000e+01	2.15236922e+01	7.64172395e+06	2.97429227e+05	1.00000000e-09	3.20259156e+01	1.00000000e-10	3.20259156e+00	-3.09003110e+06	3.46202860e-08
2.57000000e+01	2.16077691e+01	7.61032132e+06	2.96206982e+05	1.00000000e-09	1.00000000e-09	1.00000000e-10	1.00000000e-10	0.00000000e+00	3.18285246e-08
2.58000000e+01	2.16918460e+01	7.57891870e+06	2.94984737e+05	4.15830785e-01	1.00000000e-09	4.15830785e-02	1.00000000e-10	4.01215713e+04	2.92618894e-08
2.59000000e+01	2.17759229e+01	7.54751598e+06	2.93762488e+05	2.80006298e-01	5.31865638e+02	2.80006298e-02	5.31865638e+01	-5.12902163e+07	2.69022262e-08
2.60000000e+01	2.18599998e+01	7.51611448e+06	2.92540287e+05	1.00000000e-09	1.07961892e+02	1.00000000e-10	1.07961892e+01	-1.04167390e+07	2.47328451e-08
2.61000000e+01	2.19440768e+01	7.48471510e+06	2.91318169e+05	1.00000000e-09	1.00000000e-09	1.00000000e-10	1.00000000e-10	0.00000000e+00	2.27384017e-08
2.62000000e+01	2.20281537e+01	7.45331572e+06	2.90096050e+05	2.50552574e-01	1.00000000e-09	2.50552574e-02	1.00000000e-10	2.41746482e+04	2.09047891e-08
2.63000000e+01	2.21122306e+01	7.42191628e+06	2.88873929e+05	3.59052896e-01	5.29659509e+02	3.59052896e-02	5.29659509e+01	-5.10697303e+07	1.92190381e-08
2.64000000e+01	2.21963075e+01	7.39051784e+06	2.87651847e+05	1.00000000e-09	1.85918261e+02	1.00000000e-10	1.85918261e+01	-1.79383851e+07	1.76692251e-08
2.65000000e+01	2.22803845e+01	7.35912161e+06	2.86429851e+05	1.00000000e-09	1.00000000e-09	1.00000000e-10	1.00000000e-10	0.00000000e+00	1.62443882e-08
2.66000000e+01	2.23644614e+01	7.32772538e+06	2.85207855e+05	4.20172995e-02	1.00000000e-09	4.20172995e-03	1.00000000e-10	4.05405301e+03	1.49344494e-08
2.67000000e+01	2.24485383e+01	7.29632914e+06	2.83985858e+05	4.00588561e-01	5.15614732e+02	4.00588561e-02	5.15614732e+01	-4.97106077e+07	1.37301434e-08
2.68000000e+01	2.25326152e+01	7.26493367e+06	2.82763892e+05	7.71376422e-02	2.64035197e+02	7.71376422e-03	2.64035197e+01	-2.54680810e+07	1.26229520e-08
2.69000000e+01	2.26166921e+01	7.23354048e+06	2.81542014e+05	1.00000000e-09	1.00000000e-09	1.00000000e-10	1.00000000e-10	0.00000000e+00	1.16050438e-08
2.70000000e+01	2.27007691e+01	7.20214728e+06	2.80320136e+05	1.00000000e-09	1.00000000e-09	1.00000000e-10	1.00000000e-10	0.00000000e+00	1.06692193e-08
2.71000000e+01	2.27848460e+01	7.17075409e+06	2.79098258e+05	3.21381950e-01	4.89595043e+02	3.21381950e-02	4.89595043e+01	-4.72077317e+07	9.80885916e-09
2.72000000e+01	2.28689229e+01	7.13936146e+06	2.77876403e+05	2.89769865e-01	3.40392787e+02	2.89769865e-02	3.40392787e+01	-3.28149525e+07	9.01787799e-09
2.73000000e+01	2.29529998e+01	7.10797112e+06	2.76654636e+05	1.00000000e-09	1.00000000e-09	1.00000000e-10	1.00000000e-10	0.00000000e+00	8.29068113e-09
2.74000000e+01	2.30370768e+01	7.07658077e+06	2.75432869e+05	1.00000000e-09	1.00000000e-09	1.00000000e-10	1.00000000e-10	0.00000000e+00	7.62212503e-09
2.75000000e+01	2.31211537e+01	7.04519042e+06	2.74211101e+05	1.40687863e-02	4.51776578e+02	1.40687863e-03	4.51776578e+01	-4.35884558e+07	7.00748093e-09
2.76000000e+01	2.32052306e+01	7.01380049e+06	2.72989351e+05	4.12777550e-01	4.13068756e+02	4.12777550e-02	4.13068756e+01	-3.98152491e+07	6.44240141e-09
2.77000000e+01	2.32893075e+01	6.98241285e+06	2.71767689e+05	2.45321919e-01	1.00000000e-09	2.45321919e-02	1.00000000e-10	2.36699667e+04	5.92288960e-09
2.78000000e+01	2.33733845e+01	6.95102514e+06	2.70546025e+05	1.00000000e-09	1.00000000e-09	1.00000000e-10	1.00000000e-10	0.00000000e+00	5.44527095e-09
2.79000000e+01	2.34574614e+01	6.91963744e+06	2.69324361e+05	1.00000000e-09	4.02649134e+02	1.00000000e-10	4.02649134e+01	-3.88497355e+07	5.00616720e-09
2.80000000e+01	2.35415383e+01	6.88824994e+06	2.68102704e+05	1.00000000e-09	4.80187346e+02	1.00000000e-10	4.80187346e+01	-4.63310355e+07	4.60247255e-09
2.81000000e+01	2.36256152e+01	6.85686482e+06	2.66881141e+05	1.00000000e-09	1.00000000e-09	1.00000000e-10	1.00000000e-10	0.00000000e+00	4.23133162e-09
2.82000000e+01	2.37096921e+01	6.82547971e+06	2.65659577e+05	1.00000000e-09	1.00000000e-09	1.00000000e-10	1.00000000e-10	0.00000000e+00	3.89011930e-09
2.83000000e+01	2.37937691e+01	6.79409459e+06	2.64438014e+05	1.00000000e-09	3.43004852e+02	1.00000000e-10	3.43004852e+01	-3.30949370e+07	3.57642216e-09
2.84000000e+01	2.38778460e+01	6.76270948e+06	2.63216450e+05	1.62756736e-02	5.39774779e+02	1.62756736e-03	5.39774779e+01	-5.20787784e+07	3.28802138e-09
2.85000000e+01	2.39619229e+01	6.73132674e+06	2.61994980e+05	1.00000000e-09	1.00000000e-09	1.00000000e-10	1.00000000e-10	0.00000000e+00	3.02287709e-09
2.86000000e+01	2.40459998e+01	6.69994413e+06	2.60773514e+05	1.00000000e-09	1.00000000e-09	1.00000000e-10	1.00000000e-10	0.00000000e+00	2.77911390e-09
2.87000000e+01	2.41300768e+01	6.66856152e+06	2.59552048e+05	1.21404580e-02	2.73858589e+02	1.21404580e-03	2.73858589e+01	-2.64221655e+07	2.55500764e-09
2.88000000e+01	2.42141537e+01	6.63717891e+06	2.58330582e+05	1.39776641e-02	5.89579723e+02	1.39776641e-03	5.89579723e+01	-5.68844468e+07	2.34897319e-09
2.89000000e+01	2.42982306e+01	6.60579864e+06	2.57109207e+05	1.00000000e-09	1.00000000e-09	1.00000000e-10	1.00000000e-10	0.00000000e+00	2.15955324e-09
2.90000000e+01	2.43823075e+01	6.57441872e+06	2.55887846e+05	1.00000000e-09	1.00000000e-09	1.00000000e-10	1.00000000e-10	0.00000000e+00	1.98540802e-09
2.91000000e+01	2.44663844e+01	6.54303880e+06	2.54666484e+05	1.00000000e-09	1.96618859e+02	1.00000000e-10	1.96618859e+01	-1.89708359e+07	1.82530578e-09
2.92000000e+01	2.45504614e+01	6.51165888e+06	2.53445123e+05	1.06649177e-02	6.29015247e+02	1.06649177e-03	6.29015247e+01	-6.06897161e+07	1.67811410e-09
2.93000000e+01	2.46345383e+01	6.48028126e+06	2.52223852e+05	3.26201786e-03	1.00000000e-09	3.26201786e-04	1.00000000e-10	3.14736780e+02	1.54279187e-09
2.94000000e+01	2.47186152e+01	6.44890420e+06	2.51002602e+05	1.00000000e-09	1.00000000e-09	1.00000000e-10	1.00000000e-10	0.00000000e+00	1.41838196e-09
2.95000000e+01	2.48026921e+01	6.41752714e+06	2.49781352e+05	1.00000000e-09	1.12856425e+02	1.00000000e-10	1.12856425e+01	-1.08889896e+07	1.30400439e-09
2.96000000e+01	2.48867691e+01	6.38615008e+06	2.48560102e+05	5.02769097e-03	6.56889136e+02	5.02769097e-04	6.56889136e+01	-6.33796814e+07	1.19885018e-09
2.97000000e+01	2.49708460e+01	6.35477525e+06	2.47338939e+05	5.87385452e-03	1.00000000e-09	5.87385452e-04	1.00000000e-10	5.66740708e+02	1.10217554e-09
2.98000000e+01	2.50549229e+01	6.32340118e+06	2.46117805e+05	1.00000000e-09	1.00000000e-09	1.00000000e-10	1.00000000e-10	0.00000000e+00	1.01329669e-09
2.99000000e+01	2.51389998e+01	6.29202712e+06	2.44896672e+05	1.00000000e-09	2.43343395e+01	1.00000000e-10	2.43343395e+00	-2.34790682e+06	9.31584987e-10
3.00000000e+01	2.52230767e+01	6.26065305e+06	2.43675538e+05	1.00000000e-09	6.72274771e+02	1.00000000e-10	6.72274771e+01	-6.48646546e+07	8.56462471e-10
3.01000000e+01	2.53071537e+01	6.22928114e+06	2.42454489e+05	5.55825087e-03	1.13420397e+01	5.55825087e-04	1.13420397e+00	-1.09380418e+06	7.87397794e-10
3.02000000e+01	2.53912306e+01	6.19791018e+06	2.41233476e+05	1.88821616e-03	1.00000000e-09	1.88821616e-04	1.00000000e-10	1.82185067e+02	7.23902457e-10
3.03000000e+01	2.54753075e+01	6.16653922e+06	2.40012464e+05	1.00000000e-09	1.00000000e-09	1.00000000e-10	1.00000000e-10	0.00000000e+00	6.65527349e-10
3.04000000e+01	2.55593844e+01	6.13516826e+06	2.38791452e+05	1.00000000e-09	6.74537646e+02	1.00000000e-10	6.74537646e+01	-6.50829888e+07	6.11859579e-10
3.05000000e+01	2.56434614e+01	6.10379935e+06	2.37570519e+05	2.76698714e-03	1.03839059e+02	2.76698714e-04	1.03839059e+01	-1.00186792e+07	5.62519549e-10
3.06000000e+01	2.57275383e+01	6.07243158e+06	2.36349631e+05	3.85724949e-03	1.00000000e-09	3.85724949e-04	1.00000000e-10	3.72167901e+02	5.17158273e-10
3.07000000e+01	2.58116152e+01	6.04106382e+06	2.35128742e+05	1.00000000e-09	1.00000000e-09	1.00000000e-10	1.00000000e-10	0.00000000e+00	4.75454906e-10
3.08000000e+01	2.58956921e+01	6.00969605e+06	2.33907854e+05	1.00000000e-09	6.63354810e+02	1.00000000e-10	6.63354810e+01	-6.40040091e+07	4.37114476e-10
3.09000000e+01	2.59797690e+01	5.97833021e+06	2.32687041e+05	1.00000000e-09	1.96216854e+02	1.00000000e-10	1.96216854e+01	-1.89320483e+07	4.01865798e-10
3.10000000e+01	2.60638460e+01	5.94696569e+06	2.31466279e+05	3.55573257e-03	1.00000000e-09	3.55573257e-04	1.00000000e-10	3.43075941e+02	3.69459555e-10
3.11000000e+01	2.61479229e+01	5.91560116e+06	2.30245517e+05	1.87161806e-03	1.00000000e-09	1.87161806e-04	1.00000000e-10	1.80583594e+02	3.39666533e-10
3.12000000e+01	2.62319998e+01	5.88423664e+06	2.29024755e+05	1.00000000e-09	6.38726290e+02	1.00000000e-10	6.38726290e+01	-6.16277182e+07	3.12276006e-10
3.13000000e+01	2.63160767e+01	5.85287391e+06	2.27804063e+05	1.00000000e-09	2.86399741e+02	1.00000000e-10	2.86399741e+01	-2.76333741e+07	2.87094235e-10
3.14000000e+01	2.64001537e+01	5.82151266e+06	2.26583428e+05	1.21652280e-03	1.00000000e-09	1.21652280e-04	1.00000000e-10	1.17376510e+02	2.63943109e-10
3.15000000e+01	2.64842306e+01	5.79015141e+06	2.25362794e+05	3.17890791e-03	1.00000000e-09	3.17890791e-04	1.00000000e-10	3.06717889e+02	2.42658878e-10
3.16000000e+01	2.65683075e+01	5.75879016e+06	2.24142159e+05	1.48108714e-04	6.00978458e+02	1.48108714e-05	6.00978458e+01	-5.79855918e+07	2.23090996e-10
3.17000000e+01	2.66523844e+01	5.72743055e+06	2.22921589e+05	1.00000000e-09	3.72338242e+02	1.00000000e-10	3.72338242e+01	-3.59251790e+07	2.05101057e-10
3.18000000e+01	2.67364614e+01	5.69607257e+06	2.21701081e+05	1.00000000e-09	1.00000000e-09	1.00000000e-10	1.00000000e-10	0.00000000e+00	1.88561817e-10
3.19000000e+01	2.68205383e+01	5.66471459e+06	2.20480574e+05	2.32124039e-03	1.00000000e-09	2.32124039e-04	1.00000000e-10	2.23965554e+02	1.73356293e-10
3.20000000e+01	2.69046152e+01	5.63335661e+06	2.19260067e+05	2.32638206e-03	5.50759062e+02	2.32638206e-04	5.50759062e+01	-5.31399466e+07	1.59376934e-10
3.21000000e+01	2.69886921e+01	5.60200011e+06	2.18039617e+05	1.00000000e-09	4.52061099e+02	1.00000000e-10	4.52061099e+01	-4.36172653e+07	1.46524863e-10
3.22000000e+01	2.70727690e+01	5.57064537e+06	2.16819236e+05	1.00000000e-09	1.00000000e-09	1.00000000e-10	1.00000000e-10	0.00000000e+00	1.34709176e-10
3.23000000e+01	2.71568460e+01	5.53929063e+06	2.15598855e+05	1.00000000e-09	1.00000000e-09	1.00000000e-10	1.00000000e-10	0.00000000e+00	1.23846300e-10
3.24000000e+01	2.72409229e+01	5.50793590e+06	2.14378474e+05	2.76665267e-03	4.89023920e+02	2.76665267e-04	4.89023920e+01	-4.71833684e+07	1.13859401e-10
3.25000000e+01	2.73249998e+01	5.47658247e+06	2.13158143e+05	1.23286660e-03	5.23734018e+02	1.23286660e-04	5.23734018e+01	-5.05325317e+07	1.04677839e-10
3.26000000e+01	2.74090767e+01	5.44523091e+06	2.11937886e+05	1.00000000e-09	1.00000000e-09	1.00000000e-10	1.00000000e-10	0.00000000e+00	9.62366743e-11
3.27000000e+01	2.74931537e+01	5.41387935e+06	2.10717629e+05	1.00000000e-09	1.00000000e-09	1.00000000e-10	1.00000000e-10	0.00000000e+00	8.84762003e-11
3.28000000e+01	2.75772306e+01	5.38252779e+06	2.09497372e+05	1.16536929e-03	4.17013903e+02	1.16536929e-04	4.17013903e+01	-4.02356124e+07	8.13415267e-11
3.29000000e+01	2.76613075e+01	5.35117737e+06	2.08277158e+05	2.54932824e-03	5.85690505e+02	2.54932824e-04	5.85690505e+01	-5.65102969e+07	7.47821894e-11
3.30000000e+01	2.77453844e+01	5.31982891e+06	2.07057022e+05	1.00000000e-09	1.00000000e-09	1.00000000e-10	1.00000000e-10	0.00000000e+00	6.87517936e-11
3.31000000e+01	2.78294613e+01	5.28848045e+06	2.05836885e+05	1.00000000e-09	1.00000000e-09	1.00000000e-10	1.00000000e-10	0.00000000e+00	6.32076857e-11
3.32000000e+01	2.79135383e+01	5.25713199e+06	2.04616748e+05	1.00000000e-09	3.36228062e+02	1.00000000e-10	3.36228062e+01	-3.24410763e+07	5.81106517e-11
3.33000000e+01	2.79976152e+01	5.22578448e+06	2.03396648e+05	1.93742728e-03	6.36483330e+02	1.93742728e-04	6.36483330e+01	-6.14111186e+07	5.34246397e-11
3.34000000e+01	2.80816921e+01	5.19443901e+06	2.02176628e+05	1.88449040e-03	1.00000000e-09	1.88449040e-04	1.00000000e-10	1.81825586e+02	4.91165053e-11
3.35000000e+01	2.81657690e+01	5.16309354e+06	2.00956608e+05	1.00000000e-09	1.00000000e-09	1.00000000e-10	1.00000000e-10	0.00000000e+00	4.51557765e-11
3.36000000e+01	2.82498460e+01	5.13174807e+06	1.99736587e+05	1.00000000e-09	2.48387597e+02	1.00000000e-10	2.48387597e+01	-2.39657598e+07	4.15144388e-11
3.37000000e+01	2.83339229e+01	5.10040335e+06	1.98516596e+05	1.00000000e-09	6.74922498e+02	1.00000000e-10	6.74922498e+01	-6.51201214e+07	3.81667366e-11
3.38000000e+01	2.84179998e+01	5.06906074e+06	1.97296687e+05	2.16386451e-03	1.00000000e-09	2.16386451e-04	1.00000000e-10	2.08781089e+02	3.50889914e-11
3.39000000e+01	2.85020767e+01	5.03771813e+06	1.96076778e+05	1.08672350e-03	1.00000000e-09	1.08672350e-04	1.00000000e-10	1.04852781e+02	3.22594338e-11
3.40000000e+01	2.85861536e+01	5.00637552e+06	1.94856869e+05	1.00000000e-09	1.55394051e+02	1.00000000e-10	1.55394051e+01	-1.49932466e+07	2.96580503e-11
3.41000000e+01	2.86702306e+01	4.97503346e+06	1.93636981e+05	1.00000000e-09	7.00106836e+02	1.00000000e-10	7.00106836e+01	-6.75500406e+07	2.72664410e-11
3.42000000e+01	2.87543075e+01	4.94369356e+06	1.92417178e+05	6.19777258e-04	1.00000000e-09	6.19777258e-05	1.00000000e-10	5.97993181e+01	2.50676897e-11
3.43000000e+01	2.88383844e+01	4.91235365e+06	1.91197374e+05	2.01089556e-03	1.00000000e-09	2.01089556e-04	1.00000000e-10	1.94021829e+02	2.30462446e-11
3.44000000e+01	2.89224613e+01	4.88101375e+06	1.89977570e+05	3.86469974e-04	5.92826097e+01	3.86469974e-05	5.92826097e+00	-5.71986500e+06	2.11878078e-11
3.45000000e+01	2.90065383e+01	4.84967419e+06	1.88757780e+05	1.00000000e-09	7.11448283e+02	1.00000000e-10	7.11448283e+01	-6.86443238e+07	1.94792342e-11
3.46000000e+01	2.90906152e+01	4.81833681e+06	1.87538074e+05	1.00000000e-09	1.00000000e-09	1.00000000e-10	1.00000000e-10	0.00000000e+00	1.79084392e-11
3.47000000e+01	2.91746921e+01	4.78699944e+06	1.86318369e+05	1.09553540e-03	1.00000000e-09	1.09553540e-04	1.00000000e-10	1.05703001e+02	1.64643122e-11
3.48000000e+01	2.92587690e+01	4.75566206e+06	1.85098664e+05	1.70300153e-03	1.00000000e-09	1.70300153e-04	1.00000000e-10	1.64314572e+02	1.51366389e-11
3.49000000e+01	2.93428459e+01	4.72432483e+06	1.83878964e+05	1.00000000e-09	7.08688334e+02	1.00000000e-10	7.08688334e+01	-6.83780293e+07	1.39160284e-11
3.50000000e+01	2.94269229e+01	4.69298979e+06	1.82659350e+05	1.00000000e-09	7.61950968e+01	1.00000000e-10	7.61950968e+00	-7.35170922e+06	1.27938473e-11
3.51000000e+01	2.95109998e+01	4.66165475e+06	1.81439735e+05	1.00000000e-09	1.00000000e-09	1.00000000e-10	1.00000000e-10	0.00000000e+00	1.17621583e-11
3.52000000e+01	2.95950767e+01	4.63031971e+06	1.80220121e+05	1.37064932e-03	1.00000000e-09	1.37064932e-04	1.00000000e-10	1.32247459e+02	1.08136641e-11
3.53000000e+01	2.96791536e+01	4.59898467e+06	1.79000506e+05	1.33280698e-03	6.91470959e+02	1.33280698e-04	6.91470959e+01	-6.67166765e+07	9.94165601e-12
3.54000000e+01	2.97632306e+01	4.56765181e+06	1.77780977e+05	1.00000000e-09	1.70856943e+02	1.00000000e-10	1.70856943e+01	-1.64851888e+07	9.13996618e-12
3.55000000e+01	2.98473075e+01	4.53631908e+06	1.76561452e+05	1.00000000e-09	1.00000000e-09	1.00000000e-10	1.00000000e-10	0.00000000e+00	8.40292419e-12
3.56000000e+01	2.99313844e+01	4.50498635e+06	1.75341928e+05	1.00000000e-09	1.00000000e-09	1.00000000e-10	1.00000000e-10	0.00000000e+00	7.72531687e-12
3.57000000e+01	3.00154613e+01	4.47365363e+06	1.74122403e+05	1.48207514e-03	6.60147200e+02	1.48207514e-04	6.60147200e+01	-6.36943789e+07	7.10235144e-12
3.58000000e+01	3.00995383e+01	4.44232305e+06	1.72902963e+05	9.41399130e-04	2.61278187e+02	9.41399130e-05	2.61278187e+01	-2.52094218e+07	6.52962161e-12
3.59000000e+01	3.01836152e+01	4.41099280e+06	1.71683535e+05	1.00000000e-09	1.00000000e-09	1.00000000e-10	1.00000000e-10	0.00000000e+00	6.00307641e-12
3.60000000e+01	3.02676921e+01	4.37966255e+06	1.70464107e+05	1.00000000e-09	1.00000000e-09	1.00000000e-10	1.00000000e-10	0.00000000e+00	5.51899153e-12
3.61000000e+01	3.03517690e+01	4.34833230e+06	1.69244679e+05	1.78187323e-04	6.15980661e+02	1.78187323e-05	6.15980661e+01	-5.94330815e+07	5.07394300e-12
3.62000000e+01	3.04358459e+01	4.31700415e+06	1.68025333e+05	1.47998483e-03	3.45468121e+02	1.47998483e-04	3.45468121e+01	-3.33324636e+07	4.66478295e-12
3.63000000e+01	3.05199229e+01	4.28567652e+06	1.66806007e+05	5.82488482e-04	1.00000000e-09	5.82488482e-05	1.00000000e-10	5.62014981e+01	4.28861734e-12
3.64000000e+01	3.06039998e+01	4.25434889e+06	1.65586681e+05	1.00000000e-09	1.00000000e-09	1.00000000e-10	1.00000000e-10	0.00000000e+00	3.94278553e-12
3.65000000e+01	3.06880767e+01	4.22302126e+06	1.64367355e+05	1.00000000e-09	5.60026145e+02	1.00000000e-10	5.60026145e+01	-5.40343086e+07	3.62484141e-12
3.66000000e+01	3.07721536e+01	4.19169567e+06	1.63148108e+05	4.75628603e-04	4.21588867e+02	4.75628603e-05	4.21588867e+01	-4.06770960e+07	3.33253613e-12
3.67000000e+01	3.08562306e+01	4.16037078e+06	1.61928889e+05	1.41232654e-03	1.00000000e-09	1.41232654e-04	1.00000000e-10	1.36268699e+02	3.06380220e-12
3.68000000e+01	3.09403075e+01	4.12904589e+06	1.60709669e+05	2.81850458e-04	1.00000000e-09	2.81850458e-05	1.00000000e-10	2.71943386e+01	2.81673882e-12
3.69000000e+01	3.10243844e+01	4.09772100e+06	1.59490450e+05	1.00000000e-09	4.93619193e+02	1.00000000e-10	4.93619193e+01	-4.76270118e+07	2.58959851e-12
3.70000000e+01	3.11084613e+01	4.06639807e+06	1.58271307e+05	1.00000000e-09	4.88001652e+02	1.00000000e-10	4.88001652e+01	-4.70850015e+07	2.38077467e-12
3.71000000e+01	3.11925382e+01	4.03507601e+06	1.57052197e+05	7.18155958e-04	1.00000000e-09	7.18155958e-05	1.00000000e-10	6.92914197e+01	2.18879027e-12
3.72000000e+01	3.12766152e+01	4.00375395e+06	1.55833088e+05	1.33602849e-03	1.00000000e-09	1.33602849e-04	1.00000000e-10	1.28907056e+02	2.01228739e-12
3.73000000e+01	3.13606921e+01	3.97243189e+06	1.54613979e+05	1.11660874e-05	4.18342731e+02	1.11660874e-06	4.18342731e+01	-4.03639363e+07	1.85001761e-12
3.74000000e+01	3.14447690e+01	3.94111170e+06	1.53394943e+05	1.00000000e-09	5.43308096e+02	1.00000000e-10	5.43308096e+01	-5.24212621e+07	1.70083318e-12
3.75000000e+01	3.15288459e+01	3.90979255e+06	1.52175947e+05	1.00000000e-09	1.00000000e-09	1.00000000e-10	1.00000000e-10	0.00000000e+00	1.56367890e-12
3.76000000e+01	3.16129229e+01	3.87847339e+06	1.50956950e+05	9.06225804e-04	1.00000000e-09	9.06225804e-05	1.00000000e-10	8.74374012e+01	1.43758467e-12
3.77000000e+01	3.16969998e+01	3.84715424e+06	1.49737954e+05	1.23783162e-03	3.35987282e+02	1.23783162e-04	3.35987282e+01	-3.24177251e+07	1.32165861e-12
3.78000000e+01	3.17810767e+01	3.81583685e+06	1.48519027e+05	1.00000000e-09	5.86385336e+02	1.00000000e-10	5.86385336e+01	-5.65775839e+07	1.21508076e-12
3.79000000e+01	3.18651536e+01	3.78452065e+06	1.47300146e+05	1.00000000e-09	1.00000000e-09	1.00000000e-10	1.00000000e-10	0.00000000e+00	1.11709730e-12
3.80000000e+01	3.19492305e+01	3.75320445e+06	1.46081265e+05	1.00000000e-09	1.00000000e-09	1.00000000e-10	1.00000000e-10	0.00000000e+00	1.02701517e-12
3.81000000e+01	3.20333075e+01	3.72188825e+06	1.44862384e+05	9.91167472e-04	2.48505693e+02	9.91167472e-05	2.48505693e+01	-2.39770587e+07	9.44197214e-13
3.82000000e+01	3.21173844e+01	3.69057370e+06	1.43643566e+05	1.10097476e-03	6.16422482e+02	1.10097476e-04	6.16422482e+01	-5.94756217e+07	8.68057654e-13
3.83000000e+01	3.22014613e+01	3.65926047e+06	1.42424801e+05	1.00000000e-09	1.00000000e-09	1.00000000e-10	1.00000000e-10	0.00000000e+00	7.98057949e-13
3.84000000e+01	3.22855382e+01	3.62794725e+06	1.41206036e+05	1.00000000e-09	1.00000000e-09	1.00000000e-10	1.00000000e-10	0.00000000e+00	7.33702982e-13
3.85000000e+01	3.23696152e+01	3.59663402e+06	1.39987271e+05	1.00000000e-09	1.57961837e+02	1.00000000e-10	1.57961837e+01	-1.52410003e+07	6.74537565e-13
3.86000000e+01	3.24536921e+01	3.56532232e+06	1.38768564e+05	9.59078591e-04	6.32926003e+02	9.59078591e-05	6.32926003e+01	-6.10679831e+07	6.20143216e-13
3.87000000e+01	3.25377690e+01	3.53401207e+06	1.37549915e+05	1.02229598e-03	1.00000000e-09	1.02229598e-04	1.00000000e-10	9.86364706e+01	5.70135198e-13
3.88000000e+01	3.26218459e+01	3.50270182e+06	1.36331265e+05	1.00000000e-09	1.00000000e-09	1.00000000e-10	1.00000000e-10	0.00000000e+00	5.24159800e-13
3.89000000e+01	3.27059228e+01	3.47139158e+06	1.35112616e+05	1.00000000e-09	6.64799356e+01	1.00000000e-10	6.64799356e+00	-6.41433866e+06	4.81891834e-13
3.90000000e+01	3.27899998e+01	3.44008271e+06	1.33894020e+05	1.00000000e-09	6.35735697e+02	1.00000000e-10	6.35735697e+01	-6.13391699e+07	4.43032333e-13
3.91000000e+01	3.28740767e+01	3.40877542e+06	1.32675486e+05	8.29407481e-04	1.00000000e-09	8.29407481e-05	1.00000000e-10	8.00255598e+01	4.07306443e-13
3.92000000e+01	3.29581536e+01	3.37746812e+06	1.31456951e+05	1.03391973e-03	1.00000000e-09	1.03391973e-04	1.00000000e-10	9.97579922e+01	3.74461468e-13
3.93000000e+01	3.30422305e+01	3.34616083e+06	1.30238417e+05	1.00000000e-09	1.00000000e-09	1.00000000e-10	1.00000000e-10	0.00000000e+00	3.44265096e-13
3.94000000e+01	3.31263075e+01	3.31485477e+06	1.29019930e+05	1.00000000e-09	6.25029924e+02	1.00000000e-10	6.25029924e+01	-6.03062198e+07	3.16503742e-13
3.95000000e+01	3.32103844e+01	3.28355038e+06	1.27801509e+05	1.00000000e-09	5.99296517e+01	1.00000000e-10	5.99296517e+00	-5.78233235e+06	2.90981049e-13
3.96000000e+01	3.32944613e+01	3.25224600e+06	1.26583088e+05	6.21097820e-04	1.00000000e-09	6.21097820e-05	1.00000000e-10	5.99267330e+01	2.67516493e-13
3.97000000e+01	3.33785382e+01	3.22094162e+06	1.25364667e+05	1.12949191e-03	1.00000000e-09	1.12949191e-04	1.00000000e-10	1.08979305e+02	2.45944106e-13
3.98000000e+01	3.34626152e+01	3.18963831e+06	1.24146287e+05	1.80873372e-04	6.01319963e+02	1.80873372e-05	6.01319963e+01	-5.80185389e+07	2.26111304e-13
3.99000000e+01	3.35466921e+01	3.15833677e+06	1.22927977e+05	1.00000000e-09	1.44197692e+02	1.00000000e-10	1.44197692e+01	-1.39129622e+07	2.07877809e-13
4.00000000e+01	3.36307690e+01	3.12703523e+06	1.21709666e+05	1.00000000e-09	1.00000000e-09	1.00000000e-10	1.00000000e-10	0.00000000e+00	1.91114654e-13
4.01000000e+01	3.37148459e+01	3.09573369e+06	1.20491356e+05	3.48504479e-04	1.00000000e-09	3.48504479e-05	1.00000000e-10	3.36254739e+01	1.75703270e-13
4.02000000e+01	3.37989228e+01	3.06443306e+06	1.19273081e+05	1.19776209e-03	5.65435862e+02	1.19776209e-04	5.65435862e+01	-5.45561514e+07	1.61534652e-13
4.03000000e+01	3.38829998e+01	3.03313428e+06	1.18054878e+05	5.08422996e-04	2.22338938e+02	5.08422996e-05	2.22338938e+01	-2.14523973e+07	1.48508584e-13
4.04000000e+01	3.39670767e+01	3.00183550e+06	1.16836674e+05	1.00000000e-09	1.00000000e-09	1.00000000e-10	1.00000000e-10	0.00000000e+00	1.36532931e-13
4.05000000e+01	3.40511536e+01	2.97053672e+06	1.15618471e+05	1.00000000e-09	1.00000000e-09	1.00000000e-10	1.00000000e-10	0.00000000e+00	1.25522989e-13
4.06000000e+01	3.41352305e+01	2.93923868e+06	1.14400297e+05	1.00000000e-09	5.18503518e+02	1.00000000e-10	5.18503518e+01	-5.00279841e+07	1.15400882e-13
4.07000000e+01	3.42193075e+01	2.90794255e+06	1.13182197e+05	1.04650952e-03	2.92618065e+02	1.04650952e-04	2.92618065e+01	-2.82332502e+07	1.06095016e-13
4.08000000e+01	3.43033844e+01	2.87664642e+06	1.11964097e+05	9.10890313e-04	1.00000000e-09	9.10890313e-05	1.00000000e-10	8.78874579e+01	9.75395708e-14
4.09000000e+01	3.43874613e+01	2.84535029e+06	1.10745997e+05	1.00000000e-09	1.00000000e-09	1.00000000e-10	1.00000000e-10	0.00000000e+00	8.96740319e-14
4.10000000e+01	3.44715382e+01	2.81405474e+06	1.09527920e+05	1.00000000e-09	4.61914232e+02	1.00000000e-10	4.61914232e+01	-4.45679481e+07	8.24427658e-14
4.11000000e+01	3.45556151e+01	2.78276114e+06	1.08309918e+05	1.00000000e-09	3.53518718e+02	1.00000000e-10	3.53518718e+01	-3.41093709e+07	7.57946252e-14
4.12000000e+01	3.46396921e+01	2.75146753e+06	1.07091916e+05	4.46856369e-04	1.00000000e-09	4.46856369e-05	1.00000000e-10	4.31149887e+01	6.96825871e-14
4.13000000e+01	3.47237690e+01	2.72017393e+06	1.05873915e+05	1.10537921e-03	1.00000000e-09	1.10537921e-04	1.00000000e-10	1.06652784e+02	6.40634205e-14
4.14000000e+01	3.48078459e+01	2.68888073e+06	1.04655929e+05	5.50876535e-04	3.97287302e+02	5.50876535e-05	3.97287302e+01	-3.83323441e+07	5.88973804e-14
4.15000000e+01	3.48919228e+01	2.65758952e+06	1.03438020e+05	1.00000000e-09	4.03781760e+02	1.00000000e-10	4.03781760e+01	-3.89590172e+07	5.41479271e-14
4.16000000e+01	3.49759998e+01	2.62629830e+06	1.02220112e+05	1.00000000e-09	1.00000000e-09	1.00000000e-10	1.00000000e-10	0.00000000e+00	4.97814672e-14
4.17000000e+01	3.50600767e+01	2.59500709e+06	1.01002203e+05	1.00000000e-09	1.00000000e-09	1.00000000e-10	1.00000000e-10	0.00000000e+00	4.57671163e-14
4.18000000e+01	3.51441536e+01	2.56371611e+06	9.97843033e+04	6.44775606e-04	3.26426636e+02	6.44775606e-05	3.26426636e+01	-3.14953202e+07	4.20764804e-14
4.19000000e+01	3.52282305e+01	2.53242712e+06	9.85664814e+04	1.15723899e-03	4.42436677e+02	1.15723899e-04	4.42436677e+01	-4.26885381e+07	3.86834555e-14
4.20000000e+01	3.53123074e+01	2.50113814e+06	9.73486596e+04	4.54378091e-04	1.00000000e-09	4.54378091e-05	1.00000000e-10	4.38407245e+01	3.55640423e-14
4.21000000e+01	3.53963844e+01	2.46984915e+06	9.61308377e+04	1.00000000e-09	1.00000000e-09	1.00000000e-10	1.00000000e-10	0.00000000e+00	3.26961769e-14
4.22000000e+01	3.54804613e+01	2.43856023e+06	9.49130182e+04	1.00000000e-09	2.51272524e+02	1.00000000e-10	2.51272524e+01	-2.42441129e+07	3.00595747e-14
4.23000000e+01	3.55645382e+01	2.40727331e+06	9.36952765e+04	1.00000000e-09	4.68825334e+02	1.00000000e-10	4.68825334e+01	-4.52347680e+07	2.76355866e-14
4.24000000e+01	3.56486151e+01	2.37598640e+06	9.24775355e+04	6.01931972e-04	1.00000000e-09	6.01931972e-05	1.00000000e-10	5.80775098e+01	2.54070677e-14
4.25000000e+01	3.57326921e+01	2.34469949e+06	9.12597945e+04	1.16947880e-03	1.00000000e-09	1.16947880e-04	1.00000000e-10	1.12837454e+02	2.33582553e-14
4.26000000e+01	3.58167690e+01	2.31341258e+06	9.00420534e+04	7.29999466e-04	1.72980212e+02	7.29999466e-05	1.72980212e+01	-1.66899828e+07	2.14746581e-14
4.27000000e+01	3.59008459e+01	2.28212766e+06	8.88243898e+04	1.00000000e-09	4.82557678e+02	1.00000000e-10	4.82557678e+01	-4.65597379e+07	1.97429531e-14
4.28000000e+01	3.59849228e+01	2.25084293e+06	8.76067334e+04	1.00000000e-09	1.00000000e-09	1.00000000e-10	1.00000000e-10	0.00000000e+00	1.81508919e-14
4.29000000e+01	3.60689997e+01	2.21955820e+06	8.63890770e+04	1.00000000e-09	1.00000000e-09	1.00000000e-10	1.00000000e-10	0.00000000e+00	1.66872137e-14
4.30000000e+01	3.61530767e+01	2.18827346e+06	8.51714206e+04	1.00000000e-09	9.44894250e+01	1.00000000e-10	9.44894250e+00	-9.11684355e+06	1.53415657e-14
4.31000000e+01	3.62371536e+01	2.15699069e+06	8.39538406e+04	7.43682999e-04	4.83682474e+02	7.43682999e-05	4.83682474e+01	-4.66681924e+07	1.41044300e-14
4.32000000e+01	3.63212305e+01	2.12570827e+06	8.27362743e+04	1.22383163e-03	1.00000000e-09	1.22383163e-04	1.00000000e-10	1.18081704e+02	1.29670563e-14
4.33000000e+01	3.64053074e+01	2.09442586e+06	8.15187080e+04	8.14511830e-04	1.00000000e-09	8.14511830e-05	1.00000000e-10	7.85883479e+01	1.19213998e-14
4.34000000e+01	3.64893844e+01	2.06314344e+06	8.03011417e+04	1.00000000e-09	1.78380041e+01	1.00000000e-10	1.78380041e+00	-1.72110575e+06	1.09600645e-14
4.35000000e+01	3.65734613e+01	2.03186294e+06	7.90836503e+04	1.00000000e-09	4.72536452e+02	1.00000000e-10	4.72536452e+01	-4.55928365e+07	1.00762507e-14
4.36000000e+01	3.66575382e+01	2.00058296e+06	7.78661789e+04	1.00000000e-09	1.63109601e+01	1.00000000e-10	1.63109601e+00	-1.57376840e+06	9.26370726e-15
4.37000000e+01	3.67416151e+01	1.96930298e+06	7.66487076e+04	1.00000000e-09	1.00000000e-09	1.00000000e-10	1.00000000e-10	0.00000000e+00	8.51668685e-15
4.38000000e+01	3.68256921e+01	1.93802301e+06	7.54312362e+04	1.00000000e-09	1.00000000e-09	1.00000000e-10	1.00000000e-10	0.00000000e+00	7.82990577e-15
4.39000000e+01	3.69097690e+01	1.90674490e+06	7.42138377e+04	7.54538556e-04	4.49789799e+02	7.54538556e-05	4.49789799e+01	-4.33980453e+07	7.19850635e-15
4.40000000e+01	3.69938459e+01	1.87546746e+06	7.29964653e+04	1.12531653e-03	8.58694767e+01	1.12531653e-04	8.58694767e+00	-8.28503641e+06	6.61802264e-15
4.41000000e+01	3.70779228e+01	1.84419003e+06	7.17790930e+04	9.44815255e-04	1.00000000e-09	9.44815255e-05	1.00000000e-10	9.11607172e+01	6.08434883e-15
4.42000000e+01	3.71619997e+01	1.81291259e+06	7.05617206e+04	3.96844943e-04	1.00000000e-09	3.96844943e-05	1.00000000e-10	3.82896196e+01	5.59371018e-15
4.43000000e+01	3.72460767e+01	1.78163696e+06	6.93444184e+04	1.00000000e-09	4.16401593e+02	1.00000000e-10	4.16401593e+01	-4.01766460e+07	5.14263638e-15
4.44000000e+01	3.73301536e+01	1.75036215e+06	6.81271484e+04	1.00000000e-09	1.48979080e+02	1.00000000e-10	1.48979080e+01	-1.43742961e+07	4.72793693e-15
4.45000000e+01	3.74142305e+01	1.71908734e+06	6.69098784e+04	1.00000000e-09	1.00000000e-09	1.00000000e-10	1.00000000e-10	0.00000000e+00	4.34667862e-15
4.46000000e+01	3.74983074e+01	1.68781254e+06	6.56926084e+04	1.00000000e-09	1.00000000e-09	1.00000000e-10	1.00000000e-10	0.00000000e+00	3.99616478e-15
4.47000000e+01	3.75823844e+01	1.65653946e+06	6.44754055e+04	1.00000000e-09	3.73604565e+02	1.00000000e-10	3.73604565e+01	-3.60473605e+07	3.67391618e-15
4.48000000e+01	3.76664613e+01	1.62526735e+06	6.32582405e+04	1.00000000e-09	2.04096573e+02	1.00000000e-10	2.04096573e+01	-1.96923257e+07	3.37765354e-15
4.49000000e+01	3.77505382e+01	1.59399524e+06	6.20410754e+04	1.00000000e-09	1.00000000e-09	1.00000000e-10	1.00000000e-10	0.00000000e+00	3.10528136e-15
4.50000000e+01	3.78346151e+01	1.56272313e+06	6.08239103e+04	1.00000000e-09	1.00000000e-09	1.00000000e-10	1.00000000e-10	0.00000000e+00	2.85487313e-15
4.51000000e+01	3.79186920e+01	1.53145266e+06	5.96068090e+04	1.00000000e-09	3.22870359e+02	1.00000000e-10	3.22870359e+01	-3.11522539e+07	2.62465769e-15
4.52000000e+01	3.80027690e+01	1.50018329e+06	5.83897508e+04	1.00000000e-09	2.49918013e+02	1.00000000e-10	2.49918013e+01	-2.41134225e+07	2.41300669e-15
4.53000000e+01	3.80868459e+01	1.46891393e+06	5.71726926e+04	1.00000000e-09	1.00000000e-09	1.00000000e-10	1.00000000e-10	0.00000000e+00	2.21842312e-15
4.54000000e+01	3.81709228e+01	1.43764456e+06	5.59556344e+04	1.00000000e-09	1.00000000e-09	1.00000000e-10	1.00000000e-10	0.00000000e+00	2.03953067e-15
4.55000000e+01	3.82549997e+01	1.40637674e+06	5.47386360e+04	1.00000000e-09	2.65868478e+02	1.00000000e-10	2.65868478e+01	-2.56524084e+07	1.87506400e-15
4.56000000e+01	3.83390767e+01	1.37511015e+06	5.35216858e+04	1.00000000e-09	2.85412532e+02	1.00000000e-10	2.85412532e+01	-2.75381229e+07	1.72385984e-15
4.57000000e+01	3.84231536e+01	1.34384356e+06	5.23047356e+04	1.18116832e-05	1.00000000e-09	1.18116832e-06	1.00000000e-10	1.13955769e+00	1.58484870e-15
4.58000000e+01	3.85072305e+01	1.31257697e+06	5.10877854e+04	2.72836179e-05	1.00000000e-09	2.72836179e-06	1.00000000e-10	2.63237245e+00	1.45704735e-15
4.59000000e+01	3.85913074e+01	1.28131181e+06	4.98708907e+04	1.66802262e-05	2.04419963e+02	1.66802262e-06	2.04419963e+01	-1.97235264e+07	1.33955183e-15
4.60000000e+01	3.86753843e+01	1.25004800e+06	4.86540489e+04	1.39563898e-05	3.09848774e+02	1.39563898e-06	3.09848774e+01	-2.98958605e+07	1.23153109e-15
4.61000000e+01	3.87594613e+01	1.21878420e+06	4.74372072e+04	1.78156670e-05	1.00000000e-09	1.78156670e-06	1.00000000e-10	1.71885406e+00	1.13222108e-15
4.62000000e+01	3.88435382e+01	1.18752040e+06	4.62203654e+04	3.00662101e-05	1.00000000e-09	3.00662101e-06	1.00000000e-10	2.90085178e+00	1.04091937e-15
4.63000000e+01	3.89276151e+01	1.15625790e+06	4.50035746e+04	2.03273184e-05	1.40447060e+02	2.03273184e-06	1.40447060e+01	-1.35510793e+07	9.56980191e-16
4.64000000e+01	3.90116920e+01	1.12499688e+06	4.37868410e+04	1.29048124e-05	3.22813256e+02	1.29048124e-06	3.22813256e+01	-3.11467430e+07	8.79809819e-16
4.65000000e+01	3.90957690e+01	1.09373585e+06	4.25701073e+04	1.38855005e-05	1.00000000e-09	1.38855005e-06	1.00000000e-10	1.33965064e+00	8.08862425e-16
4.66000000e+01	3.91798459e+01	1.06247483e+06	4.13533737e+04	2.38962277e-05	1.00000000e-09	2.38962277e-06	1.00000000e-10	2.30553898e+00	7.43636191e-16
4.67000000e+01	3.92639228e+01	1.03121498e+06	4.01366861e+04	2.64819594e-05	7.59202234e+01	2.64819594e-06	7.59202234e+00	-7.32518542e+06	6.83669765e-16
4.68000000e+01	3.93479997e+01	9.99956710e+05	3.89200596e+04	1.21210461e-05	3.24220124e+02	1.21210461e-06	3.24220124e+01	-3.12824852e+07	6.28539001e-16
4.69000000e+01	3.94320766e+01	9.68698437e+05	3.77034331e+04	8.69575110e-06	1.00000000e-09	8.69575110e-07	1.00000000e-10	8.38915947e-01	5.77853951e-16
4.70000000e+01	3.95161536e+01	9.37440164e+05	3.64868066e+04	1.31073142e-05	1.00000000e-09	1.31073142e-06	1.00000000e-10	1.26456708e+00	5.31256117e-16
4.71000000e+01	3.96002305e+01	9.06182939e+05	3.52702208e+04	2.93178991e-05	1.28040304e+01	2.93178991e-06	1.28040304e+00	-1.23539830e+06	4.88415907e-16
4.72000000e+01	3.96843074e+01	8.74927375e+05	3.40536997e+04	1.81958139e-05	3.14312094e+02	1.81958139e-06	3.14312094e+01	-3.03265050e+07	4.49030309e-16
4.73000000e+01	3.97683843e+01	8.43671810e+05	3.28371786e+04	9.46853559e-06	1.30329315e+01	9.46853559e-07	1.30329315e+00	-1.25748581e+06	4.12820745e-16
4.74000000e+01	3.98524613e+01	8.12416245e+05	3.16206575e+04	1.24901522e-05	1.00000000e-09	1.24901522e-06	1.00000000e-10	1.20502000e+00	3.79531100e-16
4.75000000e+01	3.99365382e+01	7.81161588e+05	3.04041717e+04	3.09901446e-05	1.00000000e-09	3.09901446e-06	1.00000000e-10	2.98999791e+00	3.48925915e-16
4.76000000e+01	4.00206151e+01	7.49908670e+05	2.91877536e+04	3.04822642e-05	2.93652463e+02	3.04822642e-06	2.93652463e+01	-2.83331525e+07	3.20788716e-16
4.77000000e+01	4.01046920e+01	7.18655751e+05	2.79713355e+04	9.83254607e-06	7.11377795e+01	9.83254607e-07	7.11377795e+00	-6.86375133e+06	2.94920485e-16
4.78000000e+01	4.01887690e+01	6.87402833e+05	2.67549174e+04	8.25430413e-06	1.00000000e-09	8.25430413e-07	1.00000000e-10	7.96322790e-01	2.71138254e-16
4.79000000e+01	4.02728459e+01	6.56150675e+05	2.55385289e+04	2.26664479e-05	1.00000000e-09	2.26664479e-06	1.00000000e-10	2.18688327e+00	2.49273810e-16
4.80000000e+01	4.03569228e+01	6.24900324e+05	2.43222108e+04	3.78082468e-05	2.63108416e+02	3.78082468e-06	2.63108416e+01	-2.53860993e+07	2.29172503e-16
4.81000000e+01	4.04409997e+01	5.93649973e+05	2.31058926e+04	7.87540951e-06	1.23322487e+02	7.87540951e-07	1.23322487e+01	-1.18988104e+07	2.10692155e-16
4.82000000e+01	4.05250766e+01	5.62399622e+05	2.18895744e+04	3.16922944e-06	1.00000000e-09	3.16922944e-07	1.00000000e-10	3.05687670e-01	1.93702052e-16
4.83000000e+01	4.06091536e+01	5.31149881e+05	2.06732800e+04	8.60499972e-06	1.00000000e-09	8.60499972e-07	1.00000000e-10	8.30159771e-01	1.78082022e-16
4.84000000e+01	4.06932305e+01	4.99902001e+05	1.94570580e+04	4.15492414e-05	2.23826066e+02	4.15492414e-06	2.23826066e+01	-2.15959283e+07	1.63721583e-16
4.85000000e+01	4.07773074e+01	4.68654122e+05	1.82408360e+04	1.29504447e-05	1.68050867e+02	1.29504447e-06	1.68050867e+01	-1.62144425e+07	1.50519162e-16
4.86000000e+01	4.08613843e+01	4.37406242e+05	1.70246140e+04	2.34409336e-06	1.00000000e-09	2.34409336e-07	1.00000000e-10	2.26074141e-01	1.38381377e-16
4.87000000e+01	4.09454613e+01	4.06158818e+05	1.58084097e+04	5.53521591e-06	1.00000000e-09	5.53521591e-07	1.00000000e-10	5.33970660e-01	1.27222377e-16
4.88000000e+01	4.10295382e+01	3.74913298e+05	1.45922796e+04	4.12749527e-05	1.77197898e+02	4.12749527e-06	1.77197898e+01	-1.70969941e+07	1.16963232e-16
4.89000000e+01	4.11136151e+01	3.43667779e+05	1.33761495e+04	2.68315608e-05	2.04013702e+02	2.68315608e-06	2.04013702e+01	-1.96843272e+07	1.07531379e-16
4.90000000e+01	4.11976920e+01	3.12422259e+05	1.21600193e+04	1.02799229e-06	1.00000000e-09	1.02799229e-07	1.00000000e-10	9.90896919e-02	9.88601065e-17
4.91000000e+01	4.12817689e+01	2.81177036e+05	1.09439008e+04	1.19179065e-06	1.00000000e-09	1.19179065e-07	1.00000000e-10	1.14893831e-01	9.08880802e-17
4.92000000e+01	4.13658459e+01	2.49933749e+05	9.72785754e+03	3.14343981e-05	1.24823495e+02	3.14343981e-06	1.24823495e+01	-1.20436333e+07	8.35589140e-17
4.93000000e+01	4.14499228e+01	2.18690462e+05	8.51181430e+03	3.65100065e-05	2.30164755e+02	3.65100065e-06	2.30164755e+01	-2.22075193e+07	7.68207678e-17
4.94000000e+01	4.15339997e+01	1.87447175e+05	7.29577107e+03	2.44171163e-09	1.00000000e-09	2.44171163e-10	1.00000000e-10	1.39104026e-04	7.06259821e-17
4.95000000e+01	4.16180766e+01	1.56204026e+05	6.07973318e+03	1.03856438e-09	1.00000000e-09	1.03856438e-10	1.00000000e-10	3.72089692e-06	6.49307406e-17
4.96000000e+01	4.17021536e+01	1.24962829e+05	4.86377131e+03	1.55161766e-05	6.84684321e+01	1.55161766e-06	6.84684321e+00	-6.60619791e+06	5.96947603e-17
4.97000000e+01	4.17862305e+01	9.37216327e+04	3.64780944e+03	3.96374968e-05	2.45749917e+02	3.96374968e-06	2.45749917e+01	-2.37112585e+07	5.48810067e-17
4.98000000e+01	4.18703074e+01	6.24804362e+04	2.43184757e+03	1.00000000e-09	1.00000000e-09	1.00000000e-10	1.00000000e-10	0.00000000e+00	5.04554316e-17
4.99000000e+01	4.19543843e+01	3.12392397e+04	1.21588570e+03	1.00000000e-09	1.00000000e-09	1.00000000e-10	1.00000000e-10	0.00000000e+00	4.63867326e-17
5.00000000e+01	4.20384612e+01	0.00000000e+00	0.00000000e+00	1.00000000e+01	1.00000000e+01	1.00000000e+00	1.00000000e+00	0.00000000e+00	4.26461312e-17
