# 1D PNP Solver Results
# Debye length: 1.18939 nm
# Surface potential: 100 mV
# Bulk concentration: 10 mol/m^3
# Thermal voltage: 25.6926 mV
# Grid: non-uniform with stretching factor 1
#
# Columns:
# 1: x [nm]
# 2: x/lambda_D [-]
# 3: phi [mV]
# 4: phi_normalized = e*phi/(kB*T) [-]
# 5: c+ [mol/m^3]
# 6: c- [mol/m^3]
# 7: c+/c0 [-]
# 8: c-/c0 [-]
# 9: rho [C/m^3]
# 10: phi_GC [mV] (Gouy-Chapman analytical)
0.00000000e+00	0.00000000e+00	1.00000000e+02	3.89217445e+00	4.42637643e-02	2.31751974e+05	4.42637643e-03	2.31751974e+04	-2.23606619e+10	1.00000000e+02
1.00000000e-01	8.40769225e-02	-8.73725370e+04	-3.40069156e+03	1.29478597e-04	6.80705755e+03	1.29478597e-05	6.80705755e+02	-6.56781196e+08	8.70576373e+01
2.00000000e-01	1.68153845e-01	-1.74845074e+05	-6.80527530e+03	1.00000000e-09	1.00000000e-09	1.00000000e-10	1.00000000e-10	0.00000000e+00	7.68715638e+01
3.00000000e-01	2.52230767e-01	-2.61506271e+05	-1.01782803e+04	1.00000000e-09	1.00000000e-09	1.00000000e-10	1.00000000e-10	0.00000000e+00	6.85207345e+01
4.00000000e-01	3.36307690e-01	-3.48167468e+05	-1.35512852e+04	1.32064095e-03	2.31066283e+05	1.32064095e-04	2.31066283e+04	-2.22945069e+10	6.14862309e+01
5.00000000e-01	4.20384612e-01	-4.34828665e+05	-1.69242902e+04	1.43765388e-04	2.32349373e+04	1.43765388e-05	2.32349373e+03	-2.24183063e+09	5.54461690e+01
6.00000000e-01	5.04461535e-01	-5.21489863e+05	-2.02972952e+04	1.00000000e-09	1.00000000e-09	1.00000000e-10	1.00000000e-10	0.00000000e+00	5.01866549e+01
7.00000000e-01	5.88538457e-01	-6.07338484e+05	-2.36386733e+04	1.00000000e-09	1.00000000e-09	1.00000000e-10	1.00000000e-10	0.00000000e+00	4.55579535e+01
8.00000000e-01	6.72615380e-01	-6.93187105e+05	-2.69800514e+04	6.70466923e-04	2.29388993e+05	6.70466923e-05	2.29388993e+04	-2.21326731e+10	4.14508515e+01
9.00000000e-01	7.56692302e-01	-7.79035727e+05	-3.03214295e+04	1.50887391e-04	3.98926259e+04	1.50887391e-05	3.98926259e+03	-3.84905324e+09	3.77829914e+01
1.00000000e+00	8.40769225e-01	-8.64876915e+05	-3.36625183e+04	1.00000000e-09	1.00000000e-09	1.00000000e-10	1.00000000e-10	0.00000000e+00	3.44905241e+01
1.10000000e+00	9.24846147e-01	-9.49902815e+05	-3.69718747e+04	1.00000000e-09	1.00000000e-09	1.00000000e-10	1.00000000e-10	0.00000000e+00	3.15227780e+01
1.20000000e+00	1.00892307e+00	-1.03492871e+06	-4.02812310e+04	4.36793637e-04	2.26731969e+05	4.36793637e-05	2.26731969e+04	-2.18763092e+10	2.88387272e+01
1.30000000e+00	1.09299999e+00	-1.11995462e+06	-4.35905874e+04	1.54232333e-04	5.67360897e+04	1.54232333e-05	5.67360897e+03	-5.47420044e+09	2.64045776e+01
1.40000000e+00	1.17707691e+00	-1.20496314e+06	-4.68992676e+04	1.00000000e-09	1.00000000e-09	1.00000000e-10	1.00000000e-10	0.00000000e+00	2.41920729e+01
1.50000000e+00	1.26115384e+00	-1.28915214e+06	-5.01760502e+04	1.00000000e-09	1.00000000e-09	1.00000000e-10	1.00000000e-10	0.00000000e+00	2.21772778e+01
1.60000000e+00	1.34523076e+00	-1.37334114e+06	-5.34528328e+04	3.15388477e-04	2.23079336e+05	3.15388477e-05	2.23079336e+04	-2.15238838e+10	2.03396868e+01
1.70000000e+00	1.42930768e+00	-1.45753013e+06	-5.67296154e+04	1.56517290e-04	7.37205980e+04	1.56517290e-05	7.37205980e+03	-7.11295637e+09	1.86615585e+01
1.80000000e+00	1.51338460e+00	-1.54169176e+06	-6.00053327e+04	1.00000000e-09	1.00000000e-09	1.00000000e-10	1.00000000e-10	0.00000000e+00	1.71274116e+01
1.90000000e+00	1.59746153e+00	-1.62502805e+06	-6.32489265e+04	1.00000000e-09	1.00000000e-09	1.00000000e-10	1.00000000e-10	0.00000000e+00	1.57236358e+01
2.00000000e+00	1.68153845e+00	-1.70836434e+06	-6.64925203e+04	2.39139184e-04	2.18401619e+05	2.39139184e-05	2.18401619e+04	-2.10725527e+10	1.44381886e+01
2.10000000e+00	1.76561537e+00	-1.79170063e+06	-6.97361141e+04	1.58744065e-04	9.07992864e+04	1.58744065e-05	9.07992864e+03	-8.76079929e+09	1.32603556e+01
2.20000000e+00	1.84969229e+00	-1.87499956e+06	-7.29782539e+04	1.00000000e-09	1.00000000e-09	1.00000000e-10	1.00000000e-10	0.00000000e+00	1.21805577e+01
2.30000000e+00	1.93376922e+00	-1.95746579e+06	-7.61879832e+04	1.00000000e-09	1.00000000e-09	1.00000000e-10	1.00000000e-10	0.00000000e+00	1.11901960e+01
2.40000000e+00	2.01784614e+00	-2.03993201e+06	-7.93977125e+04	1.85559596e-04	2.12669914e+05	1.85559596e-05	2.12669914e+04	-2.05195273e+10	1.02815237e+01
2.50000000e+00	2.10192306e+00	-2.12239823e+06	-8.26074418e+04	1.61257588e-04	1.07922935e+05	1.61257588e-05	1.07922935e+04	-1.04129802e+10	9.44754093e+00
2.60000000e+00	2.18599998e+00	-2.20481719e+06	-8.58153313e+04	1.00000000e-09	1.00000000e-09	1.00000000e-10	1.00000000e-10	0.00000000e+00	8.68190590e+00
2.70000000e+00	2.27007691e+00	-2.28639452e+06	-8.89904633e+04	1.00000000e-09	1.00000000e-09	1.00000000e-10	1.00000000e-10	0.00000000e+00	7.97886054e+00
2.80000000e+00	2.35415383e+00	-2.36797185e+06	-9.21655953e+04	1.43947234e-04	2.05855945e+05	1.43947234e-05	2.05855945e+04	-1.98620792e+10	7.33316685e+00
2.90000000e+00	2.43823075e+00	-2.44954918e+06	-9.53407273e+04	1.63779581e-04	1.25039675e+05	1.63779581e-05	1.25039675e+04	-1.20644946e+10	6.74005227e+00
3.00000000e+00	2.52230767e+00	-2.53106948e+06	-9.85136396e+04	1.00000000e-09	1.00000000e-09	1.00000000e-10	1.00000000e-10	0.00000000e+00	6.19516235e+00
3.10000000e+00	2.60638460e+00	-2.61173774e+06	-1.01653389e+05	1.00000000e-09	1.00000000e-09	1.00000000e-10	1.00000000e-10	0.00000000e+00	5.69451955e+00
3.20000000e+00	2.69046152e+00	-2.69240601e+06	-1.04793139e+05	1.08984960e-04	1.97932151e+05	1.08984960e-05	1.97932151e+04	-1.90975493e+10	5.23448697e+00
3.30000000e+00	2.77453844e+00	-2.77307427e+06	-1.07932888e+05	1.66043121e-04	1.42094627e+05	1.66043121e-05	1.42094627e+04	-1.37100473e+10	4.81173646e+00
3.40000000e+00	2.85861536e+00	-2.85367596e+06	-1.11070047e+05	1.00000000e-09	1.00000000e-09	1.00000000e-10	1.00000000e-10	0.00000000e+00	4.42322017e+00
3.50000000e+00	2.94269229e+00	-2.93341379e+06	-1.14173582e+05	1.00000000e-09	1.00000000e-09	1.00000000e-10	1.00000000e-10	0.00000000e+00	4.06614534e+00
3.60000000e+00	3.02676921e+00	-3.01315162e+06	-1.17277118e+05	7.77087253e-05	1.88871836e+05	7.77087253e-06	1.88871836e+04	-1.82233618e+10	3.73795159e+00
3.70000000e+00	3.11084613e+00	-3.09288945e+06	-1.20380653e+05	1.67776529e-04	1.59029436e+05	1.67776529e-05	1.59029436e+04	-1.53440079e+10	3.43629058e+00
3.80000000e+00	3.19492305e+00	-3.17255147e+06	-1.23481238e+05	1.00000000e-09	1.00000000e-09	1.00000000e-10	1.00000000e-10	0.00000000e+00	3.15900770e+00
3.90000000e+00	3.27899998e+00	-3.25133649e+06	-1.26547688e+05	1.00000000e-09	1.00000000e-09	1.00000000e-10	1.00000000e-10	0.00000000e+00	2.90412542e+00
4.00000000e+00	3.36307690e+00	-3.33012150e+06	-1.29614138e+05	4.84721713e-05	1.78649399e+05	4.84721713e-06	1.78649399e+04	-1.72370466e+10	2.66982829e+00
4.10000000e+00	3.44715382e+00	-3.40890652e+06	-1.32680589e+05	1.69347817e-04	1.75781716e+05	1.69347817e-05	1.75781716e+04	-1.69603572e+10	2.45444929e+00
4.20000000e+00	3.53123074e+00	-3.48760685e+06	-1.35743743e+05	1.00000000e-09	1.00000000e-09	1.00000000e-10	1.00000000e-10	0.00000000e+00	2.25645740e+00
4.30000000e+00	3.61530767e+00	-3.56541594e+06	-1.38772208e+05	1.00000000e-09	1.00000000e-09	1.00000000e-10	1.00000000e-10	0.00000000e+00	2.07444628e+00
4.40000000e+00	3.69938459e+00	-3.64322504e+06	-1.41800674e+05	1.99909602e-05	1.67240674e+05	1.99909602e-06	1.67240674e+04	-1.61362719e+10	1.90712395e+00
4.50000000e+00	3.78346151e+00	-3.72103413e+06	-1.44829140e+05	1.70548063e-04	1.92284013e+05	1.70548063e-05	1.92284013e+04	-1.85525868e+10	1.75330334e+00
4.60000000e+00	3.86753843e+00	-3.79875008e+06	-1.47853980e+05	1.00000000e-09	1.00000000e-09	1.00000000e-10	1.00000000e-10	0.00000000e+00	1.61189369e+00
4.70000000e+00	3.95161536e+00	-3.87555957e+06	-1.50843539e+05	1.00000000e-09	1.00000000e-09	1.00000000e-10	1.00000000e-10	0.00000000e+00	1.48189263e+00
4.80000000e+00	4.03569228e+00	-3.95236906e+06	-1.53833099e+05	1.00000000e-09	1.54623351e+05	1.00000000e-10	1.54623351e+04	-1.49188854e+10	1.36237899e+00
4.90000000e+00	4.11976920e+00	-4.02917855e+06	-1.56822658e+05	1.70153979e-04	2.08463837e+05	1.70153979e-05	2.08463837e+04	-2.01137025e+10	1.25250612e+00
5.00000000e+00	4.20384612e+00	-4.10588692e+06	-1.59808282e+05	2.25455099e-05	1.00000000e-09	2.25455099e-06	1.00000000e-10	2.17521453e+00	1.15149587e+00
5.10000000e+00	4.28792305e+00	-4.18167274e+06	-1.62757998e+05	1.00000000e-09	1.00000000e-09	1.00000000e-10	1.00000000e-10	0.00000000e+00	1.05863300e+00
5.20000000e+00	4.37199997e+00	-4.25745855e+06	-1.65707714e+05	1.00000000e-09	1.40777466e+05	1.00000000e-10	1.40777466e+04	-1.35829606e+10	9.73260072e-01
5.30000000e+00	4.45607689e+00	-4.33324437e+06	-1.68657430e+05	1.64801042e-04	2.24243092e+05	1.64801042e-05	2.24243092e+04	-2.16361692e+10	8.94772759e-01
5.40000000e+00	4.54015381e+00	-4.40892165e+06	-1.71602922e+05	5.10141748e-05	1.00000000e-09	5.10141748e-06	1.00000000e-10	4.92202311e+00	8.22615544e-01
5.50000000e+00	4.62423074e+00	-4.48365950e+06	-1.74511849e+05	1.00000000e-09	1.00000000e-09	1.00000000e-10	1.00000000e-10	0.00000000e+00	7.56277766e-01
5.60000000e+00	4.70830766e+00	-4.55839734e+06	-1.77420777e+05	1.00000000e-09	1.25685991e+05	1.00000000e-10	1.25685991e+04	-1.21268546e+10	6.95289988e-01
5.70000000e+00	4.79238458e+00	-4.63313519e+06	-1.80329704e+05	1.53670243e-04	2.39537482e+05	1.53670243e-05	2.39537482e+04	-2.31118535e+10	6.39220665e-01
5.80000000e+00	4.87646150e+00	-4.70775769e+06	-1.83234142e+05	7.82131129e-05	1.00000000e-09	7.82131129e-06	1.00000000e-10	7.54632169e+00	5.87673079e-01
5.90000000e+00	4.96053843e+00	-4.78142323e+06	-1.86101333e+05	1.00000000e-09	1.00000000e-09	1.00000000e-10	1.00000000e-10	0.00000000e+00	5.40282524e-01
6.00000000e+00	5.04461535e+00	-4.85508877e+06	-1.88968525e+05	1.00000000e-09	1.09335553e+05	1.00000000e-10	1.09335553e+04	-1.05492772e+10	4.96713722e-01
6.10000000e+00	5.12869227e+00	-4.92875431e+06	-1.91835716e+05	1.35700723e-04	2.54255901e+05	1.35700723e-05	2.54255901e+04	-2.45319650e+10	4.56658442e-01
6.20000000e+00	5.21276919e+00	-5.00229833e+06	-1.94698178e+05	1.04268264e-04	1.00000000e-09	1.04268264e-05	1.00000000e-10	1.00602616e+01	4.19833321e-01
6.30000000e+00	5.29684612e+00	-5.07486735e+06	-1.97522690e+05	1.00000000e-09	1.00000000e-09	1.00000000e-10	1.00000000e-10	0.00000000e+00	3.85977854e-01
6.40000000e+00	5.38092304e+00	-5.14743637e+06	-2.00347203e+05	1.00000000e-09	9.17172892e+04	1.00000000e-10	9.17172892e+03	-8.84937311e+09	3.54852548e-01
6.50000000e+00	5.46499996e+00	-5.22000539e+06	-2.03171716e+05	1.08459709e-04	2.68299842e+05	1.08459709e-05	2.68299842e+04	-2.58869994e+10	3.26237227e-01
6.60000000e+00	5.54907688e+00	-5.29244740e+06	-2.05991285e+05	1.29007596e-04	1.00000000e-09	1.29007596e-05	1.00000000e-10	1.24472443e+01	2.99929475e-01
6.70000000e+00	5.63315381e+00	-5.36389594e+06	-2.08772187e+05	1.00000000e-09	1.00000000e-09	1.00000000e-10	1.00000000e-10	0.00000000e+00	2.75743201e-01
6.80000000e+00	5.71723073e+00	-5.43534449e+06	-2.11553089e+05	1.00000000e-09	7.28278286e+04	1.00000000e-10	7.28278286e+03	-7.02681723e+09	2.53507323e-01
6.90000000e+00	5.80130765e+00	-5.50679303e+06	-2.14333991e+05	6.71407331e-05	2.81562852e+05	6.71407331e-06	2.81562852e+04	-2.71666853e+10	2.33064554e-01
7.00000000e+00	5.88538457e+00	-5.57810978e+06	-2.17109764e+05	1.51386446e-04	1.00000000e-09	1.51386446e-05	1.00000000e-10	1.46064750e+01	2.14270296e-01
7.10000000e+00	5.96946150e+00	-5.64841428e+06	-2.19846138e+05	1.00000000e-09	1.00000000e-09	1.00000000e-10	1.00000000e-10	0.00000000e+00	1.96991610e-01
7.20000000e+00	6.05353842e+00	-5.71871878e+06	-2.22582511e+05	1.00000000e-09	5.26704297e+04	1.00000000e-10	5.26704297e+03	-5.08192390e+09	1.81106277e-01
7.30000000e+00	6.13761534e+00	-5.78902329e+06	-2.25318885e+05	3.36434566e-06	2.93930067e+05	3.36434566e-07	2.93930067e+04	-2.83599402e+10	1.66501937e-01
7.40000000e+00	6.22169226e+00	-5.85919195e+06	-2.28049972e+05	1.66014822e-04	1.00000000e-09	1.66014822e-05	1.00000000e-10	1.60178988e+01	1.53075289e-01
7.50000000e+00	6.30576919e+00	-5.92832932e+06	-2.30740919e+05	3.28587693e-05	1.00000000e-09	3.28587693e-06	1.00000000e-10	3.17029279e+00	1.40731363e-01
7.60000000e+00	6.38984611e+00	-5.99746669e+06	-2.33431866e+05	1.00000000e-09	3.12562539e+04	1.00000000e-10	3.12562539e+03	-3.01577003e+09	1.29382849e-01
7.70000000e+00	6.47392303e+00	-6.06660406e+06	-2.36122813e+05	1.00000000e-09	3.05277884e+05	1.00000000e-10	3.05277884e+04	-2.94548380e+10	1.18949475e-01
7.80000000e+00	6.55799995e+00	-6.13560228e+06	-2.38808344e+05	1.36286012e-04	1.00000000e-09	1.36286012e-05	1.00000000e-10	1.31495046e+01	1.09357445e-01
7.90000000e+00	6.64207688e+00	-6.20354994e+06	-2.41452986e+05	1.39629441e-04	1.00000000e-09	1.39629441e-05	1.00000000e-10	1.34720965e+01	1.00538914e-01
8.00000000e+00	6.72615380e+00	-6.27149759e+06	-2.44097627e+05	1.00000000e-09	8.60587736e+03	1.00000000e-10	8.60587736e+02	-8.30340935e+08	9.24315047e-02
8.10000000e+00	6.81023072e+00	-6.33944525e+06	-2.46742268e+05	1.00000000e-09	3.15473793e+05	1.00000000e-10	3.15473793e+04	-3.04385937e+10	8.49778740e-02
8.20000000e+00	6.89430764e+00	-6.40725082e+06	-2.49381379e+05	1.00000000e-09	2.73702209e+03	1.00000000e-10	2.73702209e+02	-2.64082486e+08	7.81253008e-02
8.30000000e+00	6.97838457e+00	-6.47398628e+06	-2.51978840e+05	1.31450754e-05	1.00000000e-09	1.31450754e-06	1.00000000e-10	1.26821048e+00	7.18253161e-02
8.40000000e+00	7.06246149e+00	-6.54072175e+06	-2.54576301e+05	1.43864972e-04	1.00000000e-09	1.43864972e-05	1.00000000e-10	1.38807631e+01	6.60333593e-02
8.50000000e+00	7.14653841e+00	-6.60745722e+06	-2.57173762e+05	1.94958114e-04	3.24376785e+05	1.94958114e-05	3.24376785e+04	-3.12976018e+10	6.07084632e-02
8.60000000e+00	7.23061533e+00	-6.67404766e+06	-2.59765578e+05	1.01239674e-04	2.71802904e+04	1.01239674e-05	2.71802904e+03	-2.62249934e+09	5.58129641e-02
8.70000000e+00	7.31469226e+00	-6.73954806e+06	-2.62314968e+05	1.93884723e-05	1.00000000e-09	1.93884723e-06	1.00000000e-10	1.87060671e+00	5.13122357e-02
8.80000000e+00	7.39876918e+00	-6.80504847e+06	-2.64864358e+05	1.00000000e-09	1.00000000e-09	1.00000000e-10	1.00000000e-10	0.00000000e+00	4.71744438e-02
8.90000000e+00	7.48284610e+00	-6.87054887e+06	-2.67413748e+05	1.00000000e-09	3.31838045e+05	1.00000000e-10	3.31838045e+04	-3.20175040e+10	4.33703214e-02
9.00000000e+00	7.56692302e+00	-6.93590086e+06	-2.69957361e+05	1.00000000e-09	5.27534294e+04	1.00000000e-10	5.27534294e+03	-5.08993215e+09	3.98729614e-02
9.10000000e+00	7.65099995e+00	-7.00014227e+06	-2.72457749e+05	1.00000000e-09	1.00000000e-09	1.00000000e-10	1.00000000e-10	0.00000000e+00	3.66576268e-02
9.20000000e+00	7.73507687e+00	-7.06438367e+06	-2.74958136e+05	1.00000000e-09	1.00000000e-09	1.00000000e-10	1.00000000e-10	0.00000000e+00	3.37015752e-02
9.30000000e+00	7.81915379e+00	-7.12862508e+06	-2.77458524e+05	1.60471080e-05	3.37701911e+05	1.60471080e-06	3.37701911e+04	-3.25832811e+10	3.09838980e-02
9.40000000e+00	7.90323071e+00	-7.19271379e+06	-2.79952969e+05	1.00000000e-09	7.93877629e+04	1.00000000e-10	7.93877629e+03	-7.65975467e+09	2.84853728e-02
9.50000000e+00	7.98730764e+00	-7.25567040e+06	-2.82403350e+05	1.00000000e-09	1.00000000e-09	1.00000000e-10	1.00000000e-10	0.00000000e+00	2.61883275e-02
9.60000000e+00	8.07138456e+00	-7.31862702e+06	-2.84853731e+05	7.21426870e-07	1.00000000e-09	7.21426870e-08	1.00000000e-10	6.95106258e-02	2.40765146e-02
9.70000000e+00	8.15546148e+00	-7.38158363e+06	-2.87304112e+05	1.02219098e-05	3.41807008e+05	1.02219098e-06	3.41807008e+04	-3.29793627e+10	2.21349973e-02
9.80000000e+00	8.23953840e+00	-7.44438191e+06	-2.89748331e+05	1.00000000e-09	1.06999321e+05	1.00000000e-10	1.06999321e+04	-1.03238650e+10	2.03500429e-02
9.90000000e+00	8.32361533e+00	-7.50602513e+06	-2.92147592e+05	1.00000000e-09	1.00000000e-09	1.00000000e-10	1.00000000e-10	0.00000000e+00	1.87090262e-02
1.00000000e+01	8.40769225e+00	-7.56766835e+06	-2.94546854e+05	1.00000000e-09	1.00000000e-09	1.00000000e-10	1.00000000e-10	0.00000000e+00	1.72003403e-02
1.01000000e+01	8.49176917e+00	-7.62931157e+06	-2.96946116e+05	8.20968758e-06	3.43987571e+05	8.20968758e-07	3.43987571e+04	-3.31897551e+10	1.58133140e-02
1.02000000e+01	8.57584609e+00	-7.69078903e+06	-2.99338925e+05	1.00000000e-09	1.35488453e+05	1.00000000e-10	1.35488453e+04	-1.30726484e+10	1.45381368e-02
1.03000000e+01	8.65992302e+00	-7.75108636e+06	-3.01685803e+05	1.00000000e-09	1.00000000e-09	1.00000000e-10	1.00000000e-10	0.00000000e+00	1.33657892e-02
1.04000000e+01	8.74399994e+00	-7.81138370e+06	-3.04032681e+05	1.00000000e-09	1.00000000e-09	1.00000000e-10	1.00000000e-10	0.00000000e+00	1.22879791e-02
1.05000000e+01	8.82807686e+00	-7.87168104e+06	-3.06379558e+05	2.92525871e-06	3.44074768e+05	2.92525871e-07	3.44074768e+04	-3.31981683e+10	1.12970830e-02
1.06000000e+01	8.91215378e+00	-7.93180295e+06	-3.08719608e+05	9.48654685e-07	1.64739633e+05	9.48654685e-08	1.64739633e+04	-1.58949582e+10	1.03860923e-02
1.07000000e+01	8.99623071e+00	-7.99071681e+06	-3.11012638e+05	1.00000000e-09	1.00000000e-09	1.00000000e-10	1.00000000e-10	0.00000000e+00	9.54856333e-03
1.08000000e+01	9.08030763e+00	-8.04963068e+06	-3.13305669e+05	1.00000000e-09	1.00000000e-09	1.00000000e-10	1.00000000e-10	0.00000000e+00	8.77857228e-03
1.09000000e+01	9.16438455e+00	-8.10854455e+06	-3.15598699e+05	1.00000000e-09	3.41897757e+05	1.00000000e-10	3.41897757e+04	-3.29881187e+10	8.07067289e-03
1.10000000e+01	9.24846147e+00	-8.16727078e+06	-3.17884427e+05	2.24093093e-07	1.94621310e+05	2.24093093e-08	1.94621310e+04	-1.87781018e+10	7.41985814e-03
1.11000000e+01	9.33253840e+00	-8.22475737e+06	-3.20121905e+05	1.00000000e-09	1.00000000e-09	1.00000000e-10	1.00000000e-10	0.00000000e+00	6.82152474e-03
1.12000000e+01	9.41661532e+00	-8.28224396e+06	-3.22359383e+05	1.00000000e-09	1.00000000e-09	1.00000000e-10	1.00000000e-10	0.00000000e+00	6.27144062e-03
1.13000000e+01	9.50069224e+00	-8.33973054e+06	-3.24596861e+05	2.08394230e-07	3.37282590e+05	2.08394230e-08	3.37282590e+04	-3.25428227e+10	5.76571500e-03
1.14000000e+01	9.58476916e+00	-8.39701456e+06	-3.26826455e+05	1.38607706e-07	2.24985289e+05	1.38607706e-08	2.24985289e+04	-2.17077804e+10	5.30077082e-03
1.15000000e+01	9.66884609e+00	-8.45302228e+06	-3.29006373e+05	1.00000000e-09	1.00000000e-09	1.00000000e-10	1.00000000e-10	0.00000000e+00	4.87331949e-03
1.16000000e+01	9.75292301e+00	-8.50902999e+06	-3.31186291e+05	1.00000000e-09	1.00000000e-09	1.00000000e-10	1.00000000e-10	0.00000000e+00	4.48033760e-03
1.17000000e+01	9.83699993e+00	-8.56503770e+06	-3.33366209e+05	6.79060713e-08	3.30056532e+05	6.79060713e-09	3.30056532e+04	-3.18456141e+10	4.11904557e-03
1.18000000e+01	9.92107685e+00	-8.62082522e+06	-3.35537557e+05	1.84722613e-08	2.55666039e+05	1.84722613e-09	2.55666039e+04	-2.46680227e+10	3.78688794e-03
1.19000000e+01	1.00051538e+01	-8.67529300e+06	-3.37657537e+05	5.80965414e-09	1.00000000e-09	5.80965414e-10	1.00000000e-10	4.64061077e-04	3.48151531e-03
1.20000000e+01	1.00892307e+01	-8.72976077e+06	-3.39777518e+05	1.00000000e-09	1.00000000e-09	1.00000000e-10	1.00000000e-10	0.00000000e+00	3.20076778e-03
1.21000000e+01	1.01733076e+01	-8.78422855e+06	-3.41897499e+05	1.00000000e-09	3.20048764e+05	1.00000000e-10	3.20048764e+04	-3.08800113e+10	2.94265957e-03
1.22000000e+01	1.02573845e+01	-8.83845618e+06	-3.44008133e+05	1.00000000e-09	2.86479046e+05	1.00000000e-10	2.86479046e+04	-2.76410259e+10	2.70536508e-03
1.23000000e+01	1.03414615e+01	-8.89131173e+06	-3.46065363e+05	1.00000000e-09	1.00000000e-09	1.00000000e-10	1.00000000e-10	0.00000000e+00	2.48720588e-03
1.24000000e+01	1.04255384e+01	-8.94416728e+06	-3.48122594e+05	1.00000000e-09	1.00000000e-09	1.00000000e-10	1.00000000e-10	0.00000000e+00	2.28663893e-03
1.25000000e+01	1.05096153e+01	-8.99702283e+06	-3.50179824e+05	1.00000000e-09	3.07090303e+05	1.00000000e-10	3.07090303e+04	-2.96297099e+10	2.10224558e-03
1.26000000e+01	1.05936922e+01	-9.04961681e+06	-3.52226873e+05	1.00000000e-09	3.17217324e+05	1.00000000e-10	3.17217324e+04	-3.06068189e+10	1.93272162e-03
1.27000000e+01	1.06777692e+01	-9.10077486e+06	-3.54218034e+05	1.00000000e-09	1.00000000e-09	1.00000000e-10	1.00000000e-10	0.00000000e+00	1.77686798e-03
1.28000000e+01	1.07618461e+01	-9.15193291e+06	-3.56209194e+05	1.00000000e-09	1.00000000e-09	1.00000000e-10	1.00000000e-10	0.00000000e+00	1.63358230e-03
1.29000000e+01	1.08459230e+01	-9.20309096e+06	-3.58200355e+05	1.00000000e-09	2.91012656e+05	1.00000000e-10	2.91012656e+04	-2.80784527e+10	1.50185109e-03
1.30000000e+01	1.09299999e+01	-9.25396609e+06	-3.60180504e+05	1.00000000e-09	3.47644760e+05	1.00000000e-10	3.47644760e+04	-3.35426201e+10	1.38074262e-03
1.31000000e+01	1.10140768e+01	-9.30332676e+06	-3.62101707e+05	1.00000000e-09	1.00000000e-09	1.00000000e-10	1.00000000e-10	0.00000000e+00	1.26940027e-03
1.32000000e+01	1.10981538e+01	-9.35268743e+06	-3.64022910e+05	1.00000000e-09	1.00000000e-09	1.00000000e-10	1.00000000e-10	0.00000000e+00	1.16703651e-03
1.33000000e+01	1.11822307e+01	-9.40204810e+06	-3.65944114e+05	1.00000000e-09	2.71644618e+05	1.00000000e-10	2.71644618e+04	-2.62097212e+10	1.07292731e-03
1.34000000e+01	1.12663076e+01	-9.45110704e+06	-3.67853573e+05	1.00000000e-09	3.77484184e+05	1.00000000e-10	3.77484184e+04	-3.64216869e+10	9.86407027e-04
1.35000000e+01	1.13503845e+01	-9.49855453e+06	-3.69700313e+05	1.00000000e-09	1.00000000e-09	1.00000000e-10	1.00000000e-10	0.00000000e+00	9.06863691e-04
1.36000000e+01	1.14344615e+01	-9.54600203e+06	-3.71547052e+05	1.00000000e-09	1.00000000e-09	1.00000000e-10	1.00000000e-10	0.00000000e+00	8.33734687e-04
1.37000000e+01	1.15185384e+01	-9.59344952e+06	-3.73393791e+05	1.00000000e-09	2.48806457e+05	1.00000000e-10	2.48806457e+04	-2.40061736e+10	7.66502767e-04
1.38000000e+01	1.16026153e+01	-9.64058280e+06	-3.75228301e+05	1.00000000e-09	4.06397053e+05	1.00000000e-10	4.06397053e+04	-3.92113546e+10	7.04692393e-04
1.39000000e+01	1.16866922e+01	-9.68598472e+06	-3.76995423e+05	1.00000000e-09	1.00000000e-09	1.00000000e-10	1.00000000e-10	0.00000000e+00	6.47866374e-04
1.40000000e+01	1.17707691e+01	-9.73138664e+06	-3.78762544e+05	1.00000000e-09	1.00000000e-09	1.00000000e-10	1.00000000e-10	0.00000000e+00	5.95622776e-04
1.41000000e+01	1.18548461e+01	-9.77678856e+06	-3.80529666e+05	1.00000000e-09	2.22300241e+05	1.00000000e-10	2.22300241e+04	-2.14487125e+10	5.47592073e-04
1.42000000e+01	1.19389230e+01	-9.82187433e+06	-3.82284483e+05	1.00000000e-09	4.33954300e+05	1.00000000e-10	4.33954300e+04	-4.18702247e+10	5.03434541e-04
1.43000000e+01	1.20229999e+01	-9.86508052e+06	-3.83966143e+05	1.00000000e-09	1.00000000e-09	1.00000000e-10	1.00000000e-10	0.00000000e+00	4.62837848e-04
1.44000000e+01	1.21070768e+01	-9.90828671e+06	-3.85647804e+05	1.00000000e-09	1.00000000e-09	1.00000000e-10	1.00000000e-10	0.00000000e+00	4.25514851e-04
1.45000000e+01	1.21911538e+01	-9.95149289e+06	-3.87329464e+05	1.00000000e-09	1.91896242e+05	1.00000000e-10	1.91896242e+04	-1.85151727e+10	3.91201561e-04
1.46000000e+01	1.22752307e+01	-9.99439669e+06	-3.88999354e+05	1.00000000e-09	4.59593411e+05	1.00000000e-10	4.59593411e+04	-4.43440229e+10	3.59655276e-04
1.47000000e+01	1.23593076e+01	-1.00352376e+07	-3.90588952e+05	1.00000000e-09	1.00000000e-09	1.00000000e-10	1.00000000e-10	0.00000000e+00	3.30652866e-04
1.48000000e+01	1.24433845e+01	-1.00760784e+07	-3.92178549e+05	1.00000000e-09	1.00000000e-09	1.00000000e-10	1.00000000e-10	0.00000000e+00	3.03989196e-04
1.49000000e+01	1.25274615e+01	-1.01169193e+07	-3.93768147e+05	1.00000000e-09	1.57315340e+05	1.00000000e-10	1.57315340e+04	-1.51786229e+10	2.79475669e-04
1.50000000e+01	1.26115384e+01	-1.01574951e+07	-3.95347427e+05	1.00000000e-09	4.82547547e+05	1.00000000e-10	4.82547547e+04	-4.65587603e+10	2.56938901e-04
1.51000000e+01	1.26956153e+01	-1.01957808e+07	-3.96837576e+05	1.00000000e-09	1.00000000e-09	1.00000000e-10	1.00000000e-10	0.00000000e+00	2.36219485e-04
1.52000000e+01	1.27796922e+01	-1.02340666e+07	-3.98327725e+05	1.00000000e-09	1.00000000e-09	1.00000000e-10	1.00000000e-10	0.00000000e+00	2.17170872e-04
1.53000000e+01	1.28637691e+01	-1.02723523e+07	-3.99817873e+05	1.00000000e-09	1.18201793e+05	1.00000000e-10	1.18201793e+04	-1.14047392e+10	1.99658328e-04
1.54000000e+01	1.29478461e+01	-1.03104462e+07	-4.01300551e+05	1.00000000e-09	5.01727799e+05	1.00000000e-10	5.01727799e+04	-4.84093734e+10	1.83557987e-04
1.55000000e+01	1.30319230e+01	-1.03459685e+07	-4.02683144e+05	1.00000000e-09	1.00000000e-09	1.00000000e-10	1.00000000e-10	0.00000000e+00	1.68755969e-04
1.56000000e+01	1.31159999e+01	-1.03814909e+07	-4.04065737e+05	1.00000000e-09	1.00000000e-09	1.00000000e-10	1.00000000e-10	0.00000000e+00	1.55147578e-04
1.57000000e+01	1.32000768e+01	-1.04170133e+07	-4.05448330e+05	1.00000000e-09	7.40809261e+04	1.00000000e-10	7.40809261e+03	-7.14772276e+09	1.42636560e-04
1.58000000e+01	1.32841538e+01	-1.04524723e+07	-4.06828456e+05	1.00000000e-09	5.15525846e+05	1.00000000e-10	5.15525846e+04	-4.97406825e+10	1.31134424e-04
1.59000000e+01	1.33682307e+01	-1.04850117e+07	-4.08094947e+05	1.00000000e-09	1.00000000e-09	1.00000000e-10	1.00000000e-10	0.00000000e+00	1.20559814e-04
1.60000000e+01	1.34523076e+01	-1.05175511e+07	-4.09361438e+05	1.00000000e-09	1.00000000e-09	1.00000000e-10	1.00000000e-10	0.00000000e+00	1.10837935e-04
1.61000000e+01	1.35363845e+01	-1.05500906e+07	-4.10627929e+05	1.00000000e-09	2.42952631e+04	1.00000000e-10	2.42952631e+03	-2.34413653e+09	1.01900023e-04
1.62000000e+01	1.36204614e+01	-1.05826300e+07	-4.11894421e+05	1.00000000e-09	5.22608672e+05	1.00000000e-10	5.22608672e+04	-5.04240713e+10	9.36828597e-05
1.63000000e+01	1.37045384e+01	-1.06118221e+07	-4.13030629e+05	1.00000000e-09	1.00000000e-09	1.00000000e-10	1.00000000e-10	0.00000000e+00	8.61283240e-05
1.64000000e+01	1.37886153e+01	-1.06408207e+07	-4.14159306e+05	1.00000000e-09	1.00000000e-09	1.00000000e-10	1.00000000e-10	0.00000000e+00	7.91829819e-05
1.65000000e+01	1.38726922e+01	-1.06698194e+07	-4.15287983e+05	1.00000000e-09	1.00000000e-09	1.00000000e-10	1.00000000e-10	0.00000000e+00	7.27977085e-05
1.66000000e+01	1.39567691e+01	-1.06988180e+07	-4.16416660e+05	1.00000000e-09	5.26226703e+05	1.00000000e-10	5.26226703e+04	-5.07731583e+10	6.69273402e-05
1.67000000e+01	1.40408461e+01	-1.07239504e+07	-4.17394858e+05	1.00000000e-09	4.87614455e+04	1.00000000e-10	4.87614455e+03	-4.70476426e+09	6.15303552e-05
1.68000000e+01	1.41249230e+01	-1.07484310e+07	-4.18347687e+05	1.00000000e-09	1.00000000e-09	1.00000000e-10	1.00000000e-10	0.00000000e+00	5.65685802e-05
1.69000000e+01	1.42089999e+01	-1.07729117e+07	-4.19300516e+05	1.00000000e-09	1.00000000e-09	1.00000000e-10	1.00000000e-10	0.00000000e+00	5.20069201e-05
1.70000000e+01	1.42930768e+01	-1.07973923e+07	-4.20253346e+05	1.00000000e-09	5.31557716e+05	1.00000000e-10	5.31557716e+04	-5.12875228e+10	4.78131098e-05
1.71000000e+01	1.43771537e+01	-1.08173778e+07	-4.21031216e+05	1.00000000e-09	1.34188767e+05	1.00000000e-10	1.34188767e+04	-1.29472478e+10	4.39574862e-05
1.72000000e+01	1.44612307e+01	-1.08359141e+07	-4.21752680e+05	1.00000000e-09	1.00000000e-09	1.00000000e-10	1.00000000e-10	0.00000000e+00	4.04127779e-05
1.73000000e+01	1.45453076e+01	-1.08544504e+07	-4.22474145e+05	1.00000000e-09	1.00000000e-09	1.00000000e-10	1.00000000e-10	0.00000000e+00	3.71539131e-05
1.74000000e+01	1.46293845e+01	-1.08729867e+07	-4.23195609e+05	1.00000000e-09	5.46958554e+05	1.00000000e-10	5.46958554e+04	-5.27734777e+10	3.41578414e-05
1.75000000e+01	1.47134614e+01	-1.08862917e+07	-4.23713464e+05	1.00000000e-09	2.92678494e+05	1.00000000e-10	2.92678494e+04	-2.82391817e+10	3.14033713e-05
1.76000000e+01	1.47975384e+01	-1.08966700e+07	-4.24117405e+05	1.00000000e-09	1.00000000e-09	1.00000000e-10	1.00000000e-10	0.00000000e+00	2.88710202e-05
1.77000000e+01	1.48816153e+01	-1.09070483e+07	-4.24521346e+05	1.00000000e-09	1.00000000e-09	1.00000000e-10	1.00000000e-10	0.00000000e+00	2.65428765e-05
1.78000000e+01	1.49656922e+01	-1.09174266e+07	-4.24925287e+05	1.00000000e-09	5.92656860e+05	1.00000000e-10	5.92656860e+04	-5.71826940e+10	2.44024731e-05
1.79000000e+01	1.50497691e+01	-1.09218954e+07	-4.25099223e+05	1.00000000e-09	1.05366290e+06	1.00000000e-10	1.05366290e+05	-1.01663015e+11	2.24346707e-05
1.80000000e+01	1.51338460e+01	-1.09203310e+07	-4.25038334e+05	1.00000000e-09	1.00000000e-09	1.00000000e-10	1.00000000e-10	0.00000000e+00	2.06255509e-05
1.81000000e+01	1.52179230e+01	-1.09187667e+07	-4.24977446e+05	1.00000000e-09	1.00000000e-09	1.00000000e-10	1.00000000e-10	0.00000000e+00	1.89623175e-05
1.82000000e+01	1.53019999e+01	-1.09172023e+07	-4.24916558e+05	1.00000000e-09	1.30606095e+05	1.00000000e-10	1.30606095e+04	-1.26015724e+10	1.74332063e-05
1.83000000e+01	1.53860768e+01	-1.09107522e+07	-4.24665511e+05	1.00000000e-09	1.37879890e+05	1.00000000e-10	1.37879890e+04	-1.33033870e+10	1.60274019e-05
1.84000000e+01	1.54701537e+01	-1.08895974e+07	-4.23842127e+05	1.32442976e+01	2.99024004e+04	1.32442976e+00	2.99024004e+03	-2.88386515e+09	1.47349607e-05
1.85000000e+01	1.55542307e+01	-1.08631387e+07	-4.22812311e+05	6.42817240e+00	1.09688710e+04	6.42817240e-01	1.09688710e+03	-1.05771494e+09	1.35467414e-05
1.86000000e+01	1.56383076e+01	-1.08344422e+07	-4.21695391e+05	1.00000000e-09	8.44666577e+03	1.00000000e-10	8.44666577e+02	-8.14979352e+08	1.24543394e-05
1.87000000e+01	1.57223845e+01	-1.08039004e+07	-4.20506651e+05	1.00000000e-09	5.17200862e+03	1.00000000e-10	5.17200862e+02	-4.99022969e+08	1.14500281e-05
1.88000000e+01	1.58064614e+01	-1.07721734e+07	-4.19271781e+05	1.04393530e+01	1.00000000e-09	1.04393530e+00	1.00000000e-10	1.00724445e+06	1.05267039e-05
1.89000000e+01	1.58905384e+01	-1.07404464e+07	-4.18036910e+05	7.86061607e+00	1.00000000e-09	7.86061607e-01	1.00000000e-10	7.58434153e+05	9.67783615e-06
1.90000000e+01	1.59746153e+01	-1.07087194e+07	-4.16802040e+05	1.00000000e-09	1.30715472e+03	1.00000000e-10	1.30715472e+02	-1.26121257e+08	8.89742061e-06
1.91000000e+01	1.60586922e+01	-1.06766859e+07	-4.15555242e+05	1.00000000e-09	2.29790378e+03	1.00000000e-10	2.29790378e+02	-2.21714009e+08	8.17993736e-06
1.92000000e+01	1.61427691e+01	-1.06441069e+07	-4.14287207e+05	8.90037782e+00	1.00000000e-09	8.90037782e-01	1.00000000e-10	8.58755910e+05	7.52031158e-06
1.93000000e+01	1.62268460e+01	-1.06115278e+07	-4.13019173e+05	9.17359201e+00	1.00000000e-09	9.17359201e-01	1.00000000e-10	8.85117071e+05	6.91387767e-06
1.94000000e+01	1.63109230e+01	-1.05789487e+07	-4.11751138e+05	1.00000000e-09	6.64613459e+02	1.00000000e-10	6.64613459e+01	-6.41254504e+07	6.35634627e-06
1.95000000e+01	1.63949999e+01	-1.05462102e+07	-4.10476897e+05	1.00000000e-09	1.54193090e+03	1.00000000e-10	1.54193090e+02	-1.48773715e+08	5.84377390e-06
1.96000000e+01	1.64790768e+01	-1.05130987e+07	-4.09188143e+05	7.31180016e+00	1.00000000e-09	7.31180016e-01	1.00000000e-10	7.05481467e+05	5.37253509e-06
1.97000000e+01	1.65631537e+01	-1.04799873e+07	-4.07899389e+05	1.02579196e+01	1.00000000e-09	1.02579196e+00	1.00000000e-10	9.89738783e+05	4.93929673e-06
1.98000000e+01	1.66472307e+01	-1.04468759e+07	-4.06610635e+05	1.00000000e-09	4.52880500e+02	1.00000000e-10	4.52880500e+01	-4.36963254e+07	4.54099448e-06
1.99000000e+01	1.67313076e+01	-1.04136542e+07	-4.05317588e+05	1.00000000e-09	1.19797079e+03	1.00000000e-10	1.19797079e+02	-1.15586610e+08	4.17481111e-06
2.00000000e+01	1.68153845e+01	-1.03801390e+07	-4.04013120e+05	5.63640477e+00	1.00000000e-09	5.63640477e-01	1.00000000e-10	5.43830386e+05	3.83815657e-06
2.01000000e+01	1.68994614e+01	-1.03466239e+07	-4.02708651e+05	1.10979917e+01	1.00000000e-09	1.10979917e+00	1.00000000e-10	1.07079342e+06	3.52864967e-06
2.02000000e+01	1.69835383e+01	-1.03131087e+07	-4.01404183e+05	1.00000000e-09	3.74867913e+02	1.00000000e-10	3.74867913e+01	-3.61692551e+07	3.24410125e-06
2.03000000e+01	1.70676153e+01	-1.02795013e+07	-4.00096121e+05	1.00000000e-09	9.95863596e+02	1.00000000e-10	9.95863596e+01	-9.60862298e+07	2.98249865e-06
2.04000000e+01	1.71516922e+01	-1.02456473e+07	-3.98778465e+05	3.89537043e+00	1.00000000e-09	3.89537043e-01	1.00000000e-10	3.75846109e+05	2.74199155e-06
2.05000000e+01	1.72357691e+01	-1.02117933e+07	-3.97460809e+05	1.16820514e+01	1.00000000e-09	1.16820514e+00	1.00000000e-10	1.12714661e+06	2.52087882e-06
2.06000000e+01	1.73198460e+01	-1.01779393e+07	-3.96143153e+05	1.00000000e-09	3.72109178e+02	1.00000000e-10	3.72109178e+01	-3.59030776e+07	2.31759650e-06
2.07000000e+01	1.74039230e+01	-1.01439928e+07	-3.94821895e+05	1.00000000e-09	8.58860161e+02	1.00000000e-10	8.58860161e+01	-8.28674079e+07	2.13070675e-06
2.08000000e+01	1.74879999e+01	-1.01098317e+07	-3.93492286e+05	2.11675774e+00	1.00000000e-09	2.11675774e-01	1.00000000e-10	2.04236073e+05	1.95888770e-06
2.09000000e+01	1.75720768e+01	-1.00756706e+07	-3.92162678e+05	1.20012898e+01	1.00000000e-09	1.20012898e+00	1.00000000e-10	1.15794844e+06	1.80092404e-06
2.10000000e+01	1.76561537e+01	-1.00415096e+07	-3.90833069e+05	1.00000000e-09	2.86826331e+02	1.00000000e-10	2.86826331e+01	-2.76745338e+07	1.65569849e-06
2.11000000e+01	1.77402306e+01	-1.00072766e+07	-3.89500661e+05	1.00000000e-09	1.15532105e+03	1.00000000e-10	1.15532105e+02	-1.11471535e+08	1.52218384e-06
2.12000000e+01	1.78243076e+01	-9.97275228e+06	-3.88156916e+05	3.29679475e-01	1.12684244e+02	3.29679475e-02	1.12684244e+01	-1.08405675e+07	1.39943575e-06
2.13000000e+01	1.79083845e+01	-9.93819948e+06	-3.86812061e+05	1.20564444e+01	1.00000000e-09	1.20564444e+00	1.00000000e-10	1.16327004e+06	1.28658600e-06
2.14000000e+01	1.79924614e+01	-9.90364669e+06	-3.85467206e+05	5.41716447e-01	1.00000000e-09	5.41716447e-02	1.00000000e-10	5.22676912e+04	1.18283639e-06
2.15000000e+01	1.80765383e+01	-9.86909389e+06	-3.84122351e+05	1.00000000e-09	6.65283496e+01	1.00000000e-10	6.65283496e+00	-6.41900991e+06	1.08745310e-06
2.16000000e+01	1.81606153e+01	-9.83452424e+06	-3.82776840e+05	1.00000000e-09	4.37888774e+01	1.00000000e-10	4.37888774e+00	-4.22498438e+06	9.99761460e-07
2.17000000e+01	1.82446922e+01	-9.79994348e+06	-3.81430896e+05	1.19057265e+01	1.00000000e-09	1.19057265e+00	1.00000000e-10	1.14872798e+06	9.19141229e-07
2.18000000e+01	1.83287691e+01	-9.76536275e+06	-3.80084954e+05	2.13522542e+00	1.00000000e-09	2.13522542e-01	1.00000000e-10	2.06017934e+05	8.45022171e-07
2.19000000e+01	1.84128460e+01	-9.73078203e+06	-3.78739012e+05	1.00000000e-09	1.79123302e+01	1.00000000e-10	1.79123302e+00	-1.72827713e+06	7.76880034e-07
2.20000000e+01	1.84969229e+01	-9.69619677e+06	-3.77392893e+05	1.00000000e-09	3.10736762e+01	1.00000000e-10	3.10736762e+00	-2.99815397e+06	7.14232843e-07
2.21000000e+01	1.85809999e+01	-9.66160363e+06	-3.76046468e+05	1.16346396e+01	1.00000000e-09	1.16346396e+00	1.00000000e-10	1.12257206e+06	6.56637488e-07
2.22000000e+01	1.86650768e+01	-9.62701052e+06	-3.74700044e+05	3.66608390e+00	1.00000000e-09	3.66608390e-01	1.00000000e-10	3.53723322e+05	6.03686592e-07
2.23000000e+01	1.87491537e+01	-9.59241743e+06	-3.73353620e+05	1.00000000e-09	2.66469599e+00	1.00000000e-10	2.66469599e-01	-2.57104077e+05	5.55005627e-07
2.24000000e+01	1.88332306e+01	-9.55782367e+06	-3.72007171e+05	1.00000000e-09	2.46106160e+01	1.00000000e-10	2.46106160e+00	-2.37456346e+06	5.10250270e-07
2.25000000e+01	1.89173076e+01	-9.52322367e+06	-3.70660478e+05	1.12445931e+01	1.68091574e+00	1.12445931e+00	1.68091574e-01	9.22754584e+05	4.69103960e-07
2.26000000e+01	1.90013845e+01	-9.48862326e+06	-3.69313770e+05	5.14474790e+00	1.00000000e-09	5.14474790e-01	1.00000000e-10	4.96392709e+05	4.31275667e-07
2.27000000e+01	1.90854614e+01	-9.45402290e+06	-3.67967064e+05	1.00000000e-09	1.00000000e-09	1.00000000e-10	1.00000000e-10	0.00000000e+00	3.96497828e-07
2.28000000e+01	1.91695383e+01	-9.41942253e+06	-3.66620357e+05	1.00000000e-09	1.84707552e+01	1.00000000e-10	1.84707552e+00	-1.78215695e+06	3.64524455e-07
2.29000000e+01	1.92536153e+01	-9.38481748e+06	-3.65273468e+05	1.07235347e+01	7.34159446e+00	1.07235347e+00	7.34159446e-01	3.26307629e+05	3.35129397e-07
2.30000000e+01	1.93376922e+01	-9.35021059e+06	-3.63926507e+05	6.56534882e+00	1.00000000e-09	6.56534882e-01	1.00000000e-10	6.33459861e+05	3.08104742e-07
2.31000000e+01	1.94217691e+01	-9.31560374e+06	-3.62579549e+05	1.00000000e-09	1.00000000e-09	1.00000000e-10	1.00000000e-10	0.00000000e+00	2.83259340e-07
2.32000000e+01	1.95058460e+01	-9.28099690e+06	-3.61232590e+05	1.00000000e-09	1.18385354e+01	1.00000000e-10	1.18385354e+00	-1.14224502e+06	2.60417458e-07
2.33000000e+01	1.95899229e+01	-9.24638705e+06	-3.59885514e+05	1.00662188e+01	1.04488268e+01	1.00662188e+00	1.04488268e+00	-3.69160645e+04	2.39417533e-07
2.34000000e+01	1.96739999e+01	-9.21177457e+06	-3.58538336e+05	7.91768673e+00	1.00000000e-09	7.91768673e-01	1.00000000e-10	7.63940634e+05	2.20111031e-07
2.35000000e+01	1.97580768e+01	-9.17716215e+06	-3.57191160e+05	1.00000000e-09	1.00000000e-09	1.00000000e-10	1.00000000e-10	0.00000000e+00	2.02361395e-07
2.36000000e+01	1.98421537e+01	-9.14254973e+06	-3.55843984e+05	1.00000000e-09	5.90564328e+00	1.00000000e-10	5.90564328e-01	-5.69807953e+05	1.86043080e-07
2.37000000e+01	1.99262306e+01	-9.10793580e+06	-3.54496750e+05	9.27283604e+00	1.17229639e+01	9.27283604e-01	1.17229639e+00	-2.36401398e+05	1.71040665e-07
2.38000000e+01	2.00103076e+01	-9.07331893e+06	-3.53149401e+05	9.18946345e+00	1.00000000e-09	9.18946345e-01	1.00000000e-10	8.86648432e+05	1.57248037e-07
2.39000000e+01	2.00943845e+01	-9.03870211e+06	-3.51802054e+05	1.00000000e-09	1.00000000e-09	1.00000000e-10	1.00000000e-10	0.00000000e+00	1.44567640e-07
2.40000000e+01	2.01784614e+01	-9.00408529e+06	-3.50454707e+05	1.00000000e-09	5.52945882e-01	1.00000000e-10	5.52945882e-02	-5.33511670e+04	1.32909782e-07
2.41000000e+01	2.02625383e+01	-8.96946833e+06	-3.49107355e+05	8.34851504e+00	1.12536471e+01	8.34851504e-01	1.12536471e+00	-2.80302632e+05	1.22192009e-07
2.42000000e+01	2.03466152e+01	-8.93484853e+06	-3.47759892e+05	1.03676475e+01	1.81842014e+00	1.03676475e+00	1.81842014e-01	8.24875039e+05	1.12338510e-07
2.43000000e+01	2.04306922e+01	-8.90022833e+06	-3.46412413e+05	1.00000000e-09	1.00000000e-09	1.00000000e-10	1.00000000e-10	0.00000000e+00	1.03279593e-07
2.44000000e+01	2.05147691e+01	-8.86560814e+06	-3.45064935e+05	1.00000000e-09	1.00000000e-09	1.00000000e-10	1.00000000e-10	0.00000000e+00	9.49511815e-08
2.45000000e+01	2.05988460e+01	-8.83098794e+06	-3.43717456e+05	7.30215079e+00	8.58966789e+00	7.30215079e-01	8.58966789e-01	-1.24226515e+05	8.72943689e-08
2.46000000e+01	2.06829229e+01	-8.79636557e+06	-3.42369893e+05	1.14396642e+01	6.19230529e+00	1.14396642e+00	6.19230529e-01	5.06293166e+05	8.02549976e-08
2.47000000e+01	2.07669999e+01	-8.76174170e+06	-3.41022272e+05	1.00000000e-09	1.00000000e-09	1.00000000e-10	1.00000000e-10	0.00000000e+00	7.37832774e-08
2.48000000e+01	2.08510768e+01	-8.72711783e+06	-3.39674650e+05	1.00000000e-09	1.00000000e-09	1.00000000e-10	1.00000000e-10	0.00000000e+00	6.78334333e-08
2.49000000e+01	2.09351537e+01	-8.69249396e+06	-3.38327029e+05	6.14593687e+00	4.29167253e+00	6.14593687e-01	4.29167253e-01	1.78909311e+05	6.23633815e-08
2.50000000e+01	2.10192306e+01	-8.65786901e+06	-3.36979365e+05	1.23942051e+01	8.93098087e+00	1.23942051e+00	8.93098087e-01	3.34150336e+05	5.73344317e-08
2.51000000e+01	2.11033075e+01	-8.62324186e+06	-3.35631616e+05	1.00000000e-09	1.00000000e-09	1.00000000e-10	1.00000000e-10	0.00000000e+00	5.27110137e-08
2.52000000e+01	2.11873845e+01	-8.58861471e+06	-3.34283867e+05	1.00000000e-09	1.00000000e-09	1.00000000e-10	1.00000000e-10	0.00000000e+00	4.84604257e-08
2.53000000e+01	2.12714614e+01	-8.55398757e+06	-3.32936119e+05	4.89219122e+00	1.00000000e-09	4.89219122e-01	1.00000000e-10	4.72024695e+05	4.45526029e-08
2.54000000e+01	2.13555383e+01	-8.51936042e+06	-3.31588370e+05	1.31925338e+01	8.14664536e+00	1.31925338e+00	8.14664536e-01	4.86854223e+05	4.09599048e-08
2.55000000e+01	2.14396152e+01	-8.48473128e+06	-3.30240543e+05	1.00000000e-09	5.39602501e+00	1.00000000e-10	5.39602501e-01	-5.20637265e+05	3.76569199e-08
2.56000000e+01	2.15236922e+01	-8.45010079e+06	-3.28892664e+05	1.00000000e-09	1.00000000e-09	1.00000000e-10	1.00000000e-10	0.00000000e+00	3.46202860e-08
2.57000000e+01	2.16077691e+01	-8.41547029e+06	-3.27544784e+05	3.55423409e+00	1.00000000e-09	3.55423409e-01	1.00000000e-10	3.42931457e+05	3.18285246e-08
2.58000000e+01	2.16918460e+01	-8.38083979e+06	-3.26196905e+05	1.38494283e+01	6.47216821e-01	1.38494283e+00	6.47216821e-02	1.27381976e+06	2.92618894e-08
2.59000000e+01	2.17759229e+01	-8.34620921e+06	-3.24849022e+05	1.00000000e-09	9.38081202e+00	1.00000000e-10	9.38081202e-01	-9.05110763e+05	2.69022262e-08
2.60000000e+01	2.18599998e+01	-8.31157626e+06	-3.23501048e+05	1.00000000e-09	8.79518066e+00	1.00000000e-10	8.79518066e-01	-8.48605927e+05	2.47328451e-08
2.61000000e+01	2.19440768e+01	-8.27694108e+06	-3.22152986e+05	2.14555342e+00	4.34690615e+00	2.14555342e-01	4.34690615e-01	-2.12398249e+05	2.27384017e-08
2.62000000e+01	2.20281537e+01	-8.24230479e+06	-3.20804881e+05	1.43559962e+01	2.27497636e+00	1.43559962e+00	2.27497636e-01	1.16564121e+06	2.09047891e-08
2.63000000e+01	2.21122306e+01	-8.20766801e+06	-3.19456757e+05	1.00000000e-09	1.30991768e+00	1.00000000e-10	1.30991768e-01	-1.26387842e+05	1.92190381e-08
2.64000000e+01	2.21963075e+01	-8.17303092e+06	-3.18108621e+05	1.00000000e-09	8.90218552e-01	1.00000000e-10	8.90218552e-02	-8.58930325e+04	1.76692251e-08
2.65000000e+01	2.22803845e+01	-8.13839360e+06	-3.16760476e+05	6.82701557e-01	1.79468672e-01	6.82701557e-02	1.79468672e-02	4.85545921e+04	1.62443882e-08
2.66000000e+01	2.23644614e+01	-8.10375624e+06	-3.15412330e+05	1.47070309e+01	1.00000000e-09	1.47070309e+00	1.00000000e-10	1.41901276e+06	1.49344494e-08
2.67000000e+01	2.24485383e+01	-8.06911897e+06	-3.14064187e+05	1.00000000e-09	1.00000000e-09	1.00000000e-10	1.00000000e-10	0.00000000e+00	1.37301434e-08
2.68000000e+01	2.25326152e+01	-8.03448172e+06	-3.12716045e+05	1.00000000e-09	1.00000000e-09	1.00000000e-10	1.00000000e-10	0.00000000e+00	1.26229520e-08
2.69000000e+01	2.26166921e+01	-7.99984447e+06	-3.11367902e+05	1.00000000e-09	2.78609176e-01	1.00000000e-10	2.78609176e-02	-2.68816988e+04	1.16050438e-08
2.70000000e+01	2.27007691e+01	-7.96520715e+06	-3.10019757e+05	1.48965872e+01	3.06281789e-01	1.48965872e+00	3.06281789e-02	1.40775046e+06	1.06692193e-08
2.71000000e+01	2.27848460e+01	-7.93056984e+06	-3.08671613e+05	1.21607523e+00	1.28520612e-01	1.21607523e-01	1.28520612e-02	1.04933069e+05	9.80885916e-09
2.72000000e+01	2.28689229e+01	-7.89593253e+06	-3.07323468e+05	1.00000000e-09	3.78022718e-02	1.00000000e-10	3.78022718e-03	-3.64736465e+03	9.01787799e-09
2.73000000e+01	2.29529998e+01	-7.86129521e+06	-3.05975324e+05	1.00000000e-09	1.77154434e-02	1.00000000e-10	1.77154434e-03	-1.70928035e+03	8.29068113e-09
2.74000000e+01	2.30370768e+01	-7.82665789e+06	-3.04627179e+05	1.49156940e+01	2.37504413e-02	1.49156940e+00	2.37504413e-03	1.43685413e+06	7.62212503e-09
2.75000000e+01	2.31211537e+01	-7.79202065e+06	-3.03279037e+05	2.72596787e+00	1.96228514e-02	2.72596787e-01	1.96228514e-03	2.61122598e+05	7.00748093e-09
2.76000000e+01	2.32052306e+01	-7.75738344e+06	-3.01930896e+05	1.00000000e-09	1.00000000e-09	1.00000000e-10	1.00000000e-10	0.00000000e+00	6.44240141e-09
2.77000000e+01	2.32893075e+01	-7.72274624e+06	-3.00582756e+05	1.00000000e-09	1.00000000e-09	1.00000000e-10	1.00000000e-10	0.00000000e+00	5.92288960e-09
2.78000000e+01	2.33733845e+01	-7.68810903e+06	-2.99234615e+05	1.47670703e+01	1.00000000e-09	1.47670703e+00	1.00000000e-10	1.42480569e+06	5.44527095e-09
2.79000000e+01	2.34574614e+01	-7.65347191e+06	-2.97886478e+05	4.21383901e+00	1.17884495e-02	4.21383901e-01	1.17884495e-03	4.05436244e+05	5.00616720e-09
2.80000000e+01	2.35415383e+01	-7.61883484e+06	-2.96538343e+05	1.00000000e-09	5.10705929e-03	1.00000000e-10	5.10705929e-04	-4.92756215e+02	4.60247255e-09
2.81000000e+01	2.36256152e+01	-7.58419777e+06	-2.95190208e+05	1.00000000e-09	1.00000000e-09	1.00000000e-10	1.00000000e-10	0.00000000e+00	4.23133162e-09
2.82000000e+01	2.37096921e+01	-7.54956070e+06	-2.93842073e+05	1.44568314e+01	1.00000000e-09	1.44568314e+00	1.00000000e-10	1.39487218e+06	3.89011930e-09
2.83000000e+01	2.37937691e+01	-7.51492372e+06	-2.92493941e+05	5.65722294e+00	3.28521117e-03	5.65722294e-01	3.28521117e-04	5.45522060e+05	3.57642216e-09
2.84000000e+01	2.38778460e+01	-7.48028679e+06	-2.91145811e+05	1.00000000e-09	6.64760641e-03	1.00000000e-10	6.64760641e-04	-6.41396415e+02	3.28802138e-09
2.85000000e+01	2.39619229e+01	-7.44564986e+06	-2.89797681e+05	1.00000000e-09	1.00000000e-09	1.00000000e-10	1.00000000e-10	0.00000000e+00	3.02287709e-09
2.86000000e+01	2.40459998e+01	-7.41101293e+06	-2.88449552e+05	1.39942982e+01	1.00000000e-09	1.39942982e+00	1.00000000e-10	1.35024451e+06	2.77911390e-09
2.87000000e+01	2.41300768e+01	-7.37637609e+06	-2.87101426e+05	7.03556078e+00	1.00000000e-09	7.03556078e-01	1.00000000e-10	6.78828419e+05	2.55500764e-09
2.88000000e+01	2.42141537e+01	-7.34173932e+06	-2.85753302e+05	1.00000000e-09	4.69309673e-03	1.00000000e-10	4.69309673e-04	-4.52814900e+02	2.34897319e-09
2.89000000e+01	2.42982306e+01	-7.30710254e+06	-2.84405178e+05	1.00000000e-09	3.35097007e-03	1.00000000e-10	3.35097007e-04	-3.23319363e+02	2.15955324e-09
2.90000000e+01	2.43823075e+01	-7.27246576e+06	-2.83057054e+05	1.33930797e+01	1.00000000e-09	1.33930797e+00	1.00000000e-10	1.29223574e+06	1.98540802e-09
2.91000000e+01	2.44663844e+01	-7.23782907e+06	-2.81708934e+05	8.33120709e+00	1.00000000e-09	8.33120709e-01	1.00000000e-10	8.03839283e+05	1.82530578e-09
2.92000000e+01	2.45504614e+01	-7.20319246e+06	-2.80360816e+05	1.00000000e-09	9.44265399e-04	1.00000000e-10	9.44265399e-05	-9.11076642e+01	1.67811410e-09
2.93000000e+01	2.46345383e+01	-7.16855584e+06	-2.79012699e+05	1.00000000e-09	4.08276557e-03	1.00000000e-10	4.08276557e-04	-3.93926895e+02	1.54279187e-09
2.94000000e+01	2.47186152e+01	-7.13391922e+06	-2.77664581e+05	1.26699584e+01	6.61806516e-04	1.26699584e+00	6.61806516e-05	1.22240129e+06	1.41838196e-09
2.95000000e+01	2.48026921e+01	-7.09928270e+06	-2.76316467e+05	9.53020597e+00	1.00000000e-09	9.53020597e-01	1.00000000e-10	9.19525088e+05	1.30400439e-09
2.96000000e+01	2.48867691e+01	-7.06464625e+06	-2.74968356e+05	1.00000000e-09	1.00000000e-09	1.00000000e-10	1.00000000e-10	0.00000000e+00	1.19885018e-09
2.97000000e+01	2.49708460e+01	-7.03000980e+06	-2.73620245e+05	1.00000000e-09	2.54029655e-03	1.00000000e-10	2.54029655e-04	-2.45101260e+02	1.10217554e-09
2.98000000e+01	2.50549229e+01	-6.99537335e+06	-2.72272134e+05	1.18435571e+01	2.68348422e-03	1.18435571e+00	2.68348422e-04	1.14247062e+06	1.01329669e-09
2.99000000e+01	2.51389998e+01	-6.96073699e+06	-2.70924027e+05	1.06225024e+01	1.00000000e-09	1.06225024e+00	1.00000000e-10	1.02491568e+06	9.31584987e-10
3.00000000e+01	2.52230767e+01	-6.92610072e+06	-2.69575923e+05	1.00000000e-09	1.00000000e-09	1.00000000e-10	1.00000000e-10	0.00000000e+00	8.56462471e-10
3.01000000e+01	2.53071537e+01	-6.89146445e+06	-2.68227819e+05	1.00000000e-09	1.00000000e-09	1.00000000e-10	1.00000000e-10	0.00000000e+00	7.87397794e-10
3.02000000e+01	2.53912306e+01	-6.85682818e+06	-2.66879715e+05	1.09333277e+01	2.87808857e-03	1.09333277e+00	2.87808857e-04	1.05462806e+06	7.23902457e-10
3.03000000e+01	2.54753075e+01	-6.82219200e+06	-2.65531614e+05	1.16019563e+01	1.05853163e-03	1.16019563e+00	1.05853163e-04	1.11931648e+06	6.65527349e-10
3.04000000e+01	2.55593844e+01	-6.78755591e+06	-2.64183517e+05	1.00000000e-09	1.00000000e-09	1.00000000e-10	1.00000000e-10	0.00000000e+00	6.11859579e-10
3.05000000e+01	2.56434614e+01	-6.75291982e+06	-2.62835420e+05	1.00000000e-09	1.00000000e-09	1.00000000e-10	1.00000000e-10	0.00000000e+00	5.62519549e-10
3.06000000e+01	2.57275383e+01	-6.71828374e+06	-2.61487323e+05	9.95873795e+00	1.39293334e-03	9.95873795e-01	1.39293334e-04	9.60737741e+05	5.17158273e-10
3.07000000e+01	2.58116152e+01	-6.68364773e+06	-2.60139229e+05	1.24659273e+01	2.29628283e-03	1.24659273e+00	2.29628283e-04	1.20255758e+06	4.75454906e-10
3.08000000e+01	2.58956921e+01	-6.64901184e+06	-2.58791140e+05	1.00000000e-09	1.00000000e-09	1.00000000e-10	1.00000000e-10	0.00000000e+00	4.37114476e-10
3.09000000e+01	2.59797690e+01	-6.61437594e+06	-2.57443050e+05	1.00000000e-09	1.00000000e-09	1.00000000e-10	1.00000000e-10	0.00000000e+00	4.01865798e-10
3.10000000e+01	2.60638460e+01	-6.57974005e+06	-2.56094961e+05	8.93862440e+00	1.00000000e-09	8.93862440e-01	1.00000000e-10	8.62446144e+05	3.69459555e-10
3.11000000e+01	2.61479229e+01	-6.54510423e+06	-2.54746875e+05	1.32150174e+01	2.02525618e-03	1.32150174e+00	2.02525618e-04	1.27485994e+06	3.39666533e-10
3.12000000e+01	2.62319998e+01	-6.51046853e+06	-2.53398793e+05	1.00000000e-09	1.30837332e-03	1.00000000e-10	1.30837332e-04	-1.26238738e+02	3.12276006e-10
3.13000000e+01	2.63160767e+01	-6.47583283e+06	-2.52050711e+05	1.00000000e-09	1.00000000e-09	1.00000000e-10	1.00000000e-10	0.00000000e+00	2.87094235e-10
3.14000000e+01	2.64001537e+01	-6.44119713e+06	-2.50702629e+05	7.89064220e+00	1.00000000e-09	7.89064220e-01	1.00000000e-10	7.61331234e+05	2.63943109e-10
3.15000000e+01	2.64842306e+01	-6.40656151e+06	-2.49354550e+05	1.38527440e+01	5.49744324e-04	1.38527440e+00	5.49744324e-05	1.33653357e+06	2.42658878e-10
3.16000000e+01	2.65683075e+01	-6.37192601e+06	-2.48006476e+05	1.00000000e-09	1.94810936e-03	1.00000000e-10	1.94810936e-04	-1.87963882e+02	2.23090996e-10
3.17000000e+01	2.66523844e+01	-6.33729051e+06	-2.46658402e+05	1.00000000e-09	2.64080089e-04	1.00000000e-10	2.64080089e-05	-2.54797586e+01	2.05101057e-10
3.18000000e+01	2.67364614e+01	-6.30265501e+06	-2.45310328e+05	6.83081068e+00	1.00000000e-09	6.83081068e-01	1.00000000e-10	6.59073037e+05	1.88561817e-10
3.19000000e+01	2.68205383e+01	-6.26801958e+06	-2.43962257e+05	1.43851636e+01	1.00000000e-09	1.43851636e+00	1.00000000e-10	1.38795729e+06	1.73356293e-10
3.20000000e+01	2.69046152e+01	-6.23338429e+06	-2.42614191e+05	1.00000000e-09	1.27419241e-03	1.00000000e-10	1.27419241e-04	-1.22940781e+02	1.59376934e-10
3.21000000e+01	2.69886921e+01	-6.19874899e+06	-2.41266125e+05	1.00000000e-09	1.44169847e-03	1.00000000e-10	1.44169847e-04	-1.39102659e+02	1.46524863e-10
3.22000000e+01	2.70727690e+01	-6.16411370e+06	-2.39918058e+05	5.77311272e+00	1.00000000e-09	5.77311272e-01	1.00000000e-10	5.57020698e+05	1.34709176e-10
3.23000000e+01	2.71568460e+01	-6.12947847e+06	-2.38569995e+05	1.48204483e+01	1.00000000e-09	1.48204483e+00	1.00000000e-10	1.42995588e+06	1.23846300e-10
3.24000000e+01	2.72409229e+01	-6.09484338e+06	-2.37221937e+05	1.00000000e-09	1.00000000e-09	1.00000000e-10	1.00000000e-10	0.00000000e+00	1.13859401e-10
3.25000000e+01	2.73249998e+01	-6.06020829e+06	-2.35873879e+05	1.00000000e-09	1.53199243e-03	1.00000000e-10	1.53199243e-04	-1.47814702e+02	1.04677839e-10
3.26000000e+01	2.74090767e+01	-6.02557321e+06	-2.34525821e+05	4.72919628e+00	7.65737019e-04	4.72919628e-01	7.65737019e-05	4.56224192e+05	9.62366743e-11
3.27000000e+01	2.74931537e+01	-5.99093817e+06	-2.33177765e+05	1.51684140e+01	1.00000000e-09	1.51684140e+00	1.00000000e-10	1.46352946e+06	8.84762003e-11
3.28000000e+01	2.75772306e+01	-5.95630329e+06	-2.31829715e+05	1.00000000e-09	1.00000000e-09	1.00000000e-10	1.00000000e-10	0.00000000e+00	8.13415267e-11
3.29000000e+01	2.76613075e+01	-5.92166841e+06	-2.30481665e+05	1.00000000e-09	5.48909283e-04	1.00000000e-10	5.48909283e-05	-5.29615980e+01	7.47821894e-11
3.30000000e+01	2.77453844e+01	-5.88703353e+06	-2.29133615e+05	3.70815930e+00	1.41023149e-03	3.70815930e-01	1.41023149e-04	3.57646915e+05	6.87517936e-11
3.31000000e+01	2.78294613e+01	-5.85239869e+06	-2.27785567e+05	1.54400153e+01	9.53321719e-05	1.54400153e+00	9.53321719e-06	1.48972580e+06	6.32076857e-11
3.32000000e+01	2.79135383e+01	-5.81776402e+06	-2.26437525e+05	1.00000000e-09	1.00000000e-09	1.00000000e-10	1.00000000e-10	0.00000000e+00	5.81106517e-11
3.33000000e+01	2.79976152e+01	-5.78312934e+06	-2.25089483e+05	1.00000000e-09	1.00000000e-09	1.00000000e-10	1.00000000e-10	0.00000000e+00	5.34246397e-11
3.34000000e+01	2.80816921e+01	-5.74849467e+06	-2.23741441e+05	2.71641926e+00	9.88734380e-04	2.71641926e-01	9.88734380e-05	2.61999216e+05	4.91165053e-11
3.35000000e+01	2.81657690e+01	-5.71386003e+06	-2.22393400e+05	1.56468255e+01	1.06954968e-03	1.56468255e+00	1.06954968e-04	1.50958596e+06	4.51557765e-11
3.36000000e+01	2.82498460e+01	-5.67922556e+06	-2.21045366e+05	1.00000000e-09	1.00000000e-09	1.00000000e-10	1.00000000e-10	0.00000000e+00	4.15144388e-11
3.37000000e+01	2.83339229e+01	-5.64459109e+06	-2.19697332e+05	1.00000000e-09	1.00000000e-09	1.00000000e-10	1.00000000e-10	0.00000000e+00	3.81667366e-11
3.38000000e+01	2.84179998e+01	-5.60995661e+06	-2.18349298e+05	1.75757865e+00	1.00000000e-09	1.75757865e-01	1.00000000e-10	1.69580560e+05	3.50889914e-11
3.39000000e+01	2.85020767e+01	-5.57532217e+06	-2.17001265e+05	1.58004946e+01	1.17067136e-03	1.58004946e+00	1.17067136e-04	1.52440302e+06	3.22594338e-11
3.40000000e+01	2.85861536e+01	-5.54068789e+06	-2.15653238e+05	1.00000000e-09	6.16571942e-04	1.00000000e-10	6.16571942e-05	-5.94900521e+01	2.96580503e-11
3.41000000e+01	2.86702306e+01	-5.50605362e+06	-2.14305212e+05	1.00000000e-09	1.00000000e-09	1.00000000e-10	1.00000000e-10	0.00000000e+00	2.72664410e-11
3.42000000e+01	2.87543075e+01	-5.47141935e+06	-2.12957186e+05	8.32572953e-01	1.00000000e-09	8.32572953e-02	1.00000000e-10	8.03310777e+04	2.50676897e-11
3.43000000e+01	2.88383844e+01	-5.43678508e+06	-2.11609160e+05	1.59122199e+01	3.85041526e-04	1.59122199e+00	3.85041526e-05	1.53525867e+06	2.30462446e-11
3.44000000e+01	2.89224613e+01	-5.40215100e+06	-2.10261141e+05	1.00000000e-09	1.12258292e-03	1.00000000e-10	1.12258292e-04	-1.08312689e+02	2.11878078e-11
3.45000000e+01	2.90065383e+01	-5.36751692e+06	-2.08913122e+05	1.00000000e-09	1.33618036e-04	1.00000000e-10	1.33618036e-05	-1.28920841e+01	1.94792342e-11
3.46000000e+01	2.90906152e+01	-5.33288284e+06	-2.07565103e+05	1.00000000e-09	1.00000000e-09	1.00000000e-10	1.00000000e-10	0.00000000e+00	1.79084392e-11
3.47000000e+01	2.91746921e+01	-5.29824876e+06	-2.06217085e+05	1.59913176e+01	1.00000000e-09	1.59913176e+00	1.00000000e-10	1.54292759e+06	1.64643122e-11
3.48000000e+01	2.92587690e+01	-5.26361486e+06	-2.04869073e+05	1.00000000e-09	7.44686184e-04	1.00000000e-10	7.44686184e-05	-7.18511973e+01	1.51366389e-11
3.49000000e+01	2.93428459e+01	-5.22898097e+06	-2.03521061e+05	1.00000000e-09	9.02370330e-04	1.00000000e-10	9.02370330e-05	-8.70654045e+01	1.39160284e-11
3.50000000e+01	2.94269229e+01	-5.19434708e+06	-2.02173050e+05	1.00000000e-09	1.00000000e-09	1.00000000e-10	1.00000000e-10	0.00000000e+00	1.27938473e-11
3.51000000e+01	2.95109998e+01	-5.15971319e+06	-2.00825038e+05	1.59872184e+01	1.00000000e-09	1.59872184e+00	1.00000000e-10	1.54253208e+06	1.17621583e-11
3.52000000e+01	2.95950767e+01	-5.12507949e+06	-1.99477034e+05	5.77532437e-01	1.00000000e-09	5.77532437e-02	1.00000000e-10	5.57234089e+04	1.08136641e-11
3.53000000e+01	2.96791536e+01	-5.09044580e+06	-1.98129031e+05	1.00000000e-09	9.34945453e-04	1.00000000e-10	9.34945453e-05	-9.02084260e+01	9.94165601e-12
3.54000000e+01	2.97632306e+01	-5.05581212e+06	-1.96781027e+05	1.00000000e-09	5.64860606e-04	1.00000000e-10	5.64860606e-05	-5.45006667e+01	9.13996618e-12
3.55000000e+01	2.98473075e+01	-5.02117843e+06	-1.95433024e+05	1.59665033e+01	1.00000000e-09	1.59665033e+00	1.00000000e-10	1.54053337e+06	8.40292419e-12
3.56000000e+01	2.99313844e+01	-4.98654494e+06	-1.94085028e+05	1.40324426e+00	1.00000000e-09	1.40324426e-01	1.00000000e-10	1.35392488e+05	7.72531687e-12
3.57000000e+01	3.00154613e+01	-4.95191148e+06	-1.92737033e+05	1.00000000e-09	2.49763807e-04	1.00000000e-10	2.49763807e-05	-2.40984474e+01	7.10235144e-12
3.58000000e+01	3.00995383e+01	-4.91727801e+06	-1.91389038e+05	1.00000000e-09	9.42545111e-04	1.00000000e-10	9.42545111e-05	-9.09416816e+01	6.52962161e-12
3.59000000e+01	3.01836152e+01	-4.88264455e+06	-1.90041044e+05	1.59347031e+01	1.76599521e-04	1.59347031e+00	1.76599521e-05	1.53744808e+06	6.00307641e-12
3.60000000e+01	3.02676921e+01	-4.84801128e+06	-1.88693056e+05	2.22220400e+00	1.00000000e-09	2.22220400e-01	1.00000000e-10	2.14410091e+05	5.51899153e-12
3.61000000e+01	3.03517690e+01	-4.81337805e+06	-1.87345071e+05	1.00000000e-09	1.00000000e-09	1.00000000e-10	1.00000000e-10	0.00000000e+00	5.07394300e-12
3.62000000e+01	3.04358459e+01	-4.77874483e+06	-1.85997085e+05	1.00000000e-09	5.65432702e-04	1.00000000e-10	5.65432702e-05	-5.45558656e+01	4.66478295e-12
3.63000000e+01	3.05199229e+01	-4.74411160e+06	-1.84649100e+05	1.58949948e+01	7.93737405e-04	1.58949948e+00	7.93737405e-05	1.53355727e+06	4.28861734e-12
3.64000000e+01	3.06039998e+01	-4.70947857e+06	-1.83301122e+05	3.04364610e+00	1.00000000e-09	3.04364610e-01	1.00000000e-10	2.93667205e+05	3.94278553e-12
3.65000000e+01	3.06880767e+01	-4.67484559e+06	-1.81953146e+05	1.00000000e-09	1.00000000e-09	1.00000000e-10	1.00000000e-10	0.00000000e+00	3.62484141e-12
3.66000000e+01	3.07721536e+01	-4.64021262e+06	-1.80605170e+05	1.00000000e-09	1.00000000e-09	1.00000000e-10	1.00000000e-10	0.00000000e+00	3.33253613e-12
3.67000000e+01	3.08562306e+01	-4.60557964e+06	-1.79257194e+05	1.58480419e+01	7.44664045e-04	1.58480419e+00	7.44664045e-05	1.52903174e+06	3.06380220e-12
3.68000000e+01	3.09403075e+01	-4.57094686e+06	-1.77909226e+05	3.87712844e+00	5.51777601e-04	3.87712844e-01	5.51777601e-05	3.74032786e+05	2.81673882e-12
3.69000000e+01	3.10243844e+01	-4.53631415e+06	-1.76561260e+05	1.00000000e-09	1.00000000e-09	1.00000000e-10	1.00000000e-10	0.00000000e+00	2.58959851e-12
3.70000000e+01	3.11084613e+01	-4.50168143e+06	-1.75213295e+05	1.00000000e-09	1.00000000e-09	1.00000000e-10	1.00000000e-10	0.00000000e+00	2.38077467e-12
3.71000000e+01	3.11925382e+01	-4.46704872e+06	-1.73865329e+05	1.57919315e+01	8.56748097e-05	1.57919315e+00	8.56748097e-06	1.52368149e+06	2.18879027e-12
3.72000000e+01	3.12766152e+01	-4.43241620e+06	-1.72517371e+05	4.73200570e+00	7.81586872e-04	4.73200570e-01	7.81586872e-05	4.56493730e+05	2.01228739e-12
3.73000000e+01	3.13606921e+01	-4.39778376e+06	-1.71169416e+05	1.00000000e-09	2.82759459e-04	1.00000000e-10	2.82759459e-05	-2.72820438e+01	1.85001761e-12
3.74000000e+01	3.14447690e+01	-4.36315132e+06	-1.69821461e+05	1.00000000e-09	1.00000000e-09	1.00000000e-10	1.00000000e-10	0.00000000e+00	1.70083318e-12
3.75000000e+01	3.15288459e+01	-4.32851888e+06	-1.68473506e+05	1.57223024e+01	1.00000000e-09	1.57223024e+00	1.00000000e-10	1.51697157e+06	1.56367890e-12
3.76000000e+01	3.16129229e+01	-4.29388662e+06	-1.67125558e+05	5.61692081e+00	3.25145644e-04	5.61692081e-01	3.25145644e-05	5.41919098e+05	1.43758467e-12
3.77000000e+01	3.16969998e+01	-4.25925447e+06	-1.65777614e+05	1.00000000e-09	7.18916011e-04	1.00000000e-10	7.18916011e-05	-6.93647536e+01	1.32165861e-12
3.78000000e+01	3.17810767e+01	-4.22462231e+06	-1.64429670e+05	1.00000000e-09	4.09111995e-05	1.00000000e-10	4.09111995e-06	-3.94723418e+00	1.21508076e-12
3.79000000e+01	3.18651536e+01	-4.18999016e+06	-1.63081726e+05	1.56324779e+01	1.00000000e-09	1.56324779e+00	1.00000000e-10	1.50830482e+06	1.11709730e-12
3.80000000e+01	3.19492305e+01	-4.15535818e+06	-1.61733789e+05	6.53931588e+00	1.00000000e-09	6.53931588e-01	1.00000000e-10	6.30948065e+05	1.02701517e-12
3.81000000e+01	3.20333075e+01	-4.12072631e+06	-1.60385857e+05	1.00000000e-09	4.78347212e-04	1.00000000e-10	4.78347212e-05	-4.61533932e+01	9.44197214e-13
3.82000000e+01	3.21173844e+01	-4.08609445e+06	-1.59037924e+05	1.00000000e-09	6.05010960e-04	1.00000000e-10	6.05010960e-05	-5.83745869e+01	8.68057654e-13
3.83000000e+01	3.22014613e+01	-4.05146258e+06	-1.57689991e+05	1.55135915e+01	1.00000000e-09	1.55135915e+00	1.00000000e-10	1.49683403e+06	7.98057949e-13
3.84000000e+01	3.22855382e+01	-4.01683088e+06	-1.56342065e+05	7.50495477e+00	1.00000000e-09	7.50495477e-01	1.00000000e-10	7.24118054e+05	7.33702982e-13
3.85000000e+01	3.23696152e+01	-3.98219932e+06	-1.54994144e+05	1.00000000e-09	1.00000000e-09	1.00000000e-10	1.00000000e-10	0.00000000e+00	6.74537565e-13
3.86000000e+01	3.24536921e+01	-3.94756775e+06	-1.53646223e+05	1.00000000e-09	5.63331635e-04	1.00000000e-10	5.63331635e-05	-5.43531434e+01	6.20143216e-13
3.87000000e+01	3.25377690e+01	-3.91293618e+06	-1.52298302e+05	1.53548997e+01	4.74764033e-04	1.53548997e+00	4.74764033e-05	1.48147679e+06	5.70135198e-13
3.88000000e+01	3.26218459e+01	-3.87830477e+06	-1.50950387e+05	8.51749972e+00	1.00000000e-09	8.51749972e-01	1.00000000e-10	8.21813790e+05	5.24159800e-13
3.89000000e+01	3.27059228e+01	-3.84367350e+06	-1.49602478e+05	1.00000000e-09	1.00000000e-09	1.00000000e-10	1.00000000e-10	0.00000000e+00	4.81891834e-13
3.90000000e+01	3.27899998e+01	-3.80904223e+06	-1.48254569e+05	1.00000000e-09	1.00000000e-09	1.00000000e-10	1.00000000e-10	0.00000000e+00	4.43032333e-13
3.91000000e+01	3.28740767e+01	-3.77441096e+06	-1.46906659e+05	1.51441723e+01	6.00223674e-04	1.51441723e+00	6.00223674e-05	1.46113258e+06	4.07306443e-13
3.92000000e+01	3.29581536e+01	-3.73977985e+06	-1.45558756e+05	9.57815681e+00	3.38343718e-04	9.57815681e-01	3.38343718e-05	9.24118995e+05	3.74461468e-13
3.93000000e+01	3.30422305e+01	-3.70514888e+06	-1.44210858e+05	1.00000000e-09	1.00000000e-09	1.00000000e-10	1.00000000e-10	0.00000000e+00	3.44265096e-13
3.94000000e+01	3.31263075e+01	-3.67051791e+06	-1.42862960e+05	1.00000000e-09	1.00000000e-09	1.00000000e-10	1.00000000e-10	0.00000000e+00	3.16503742e-13
3.95000000e+01	3.32103844e+01	-3.63588695e+06	-1.41515063e+05	1.48681530e+01	1.14492326e-04	1.48681530e+00	1.14492326e-05	1.43454763e+06	2.90981049e-13
3.96000000e+01	3.32944613e+01	-3.60125612e+06	-1.40167171e+05	1.06854039e+01	6.00542811e-04	1.06854039e+00	6.00542811e-05	1.03092680e+06	2.67516493e-13
3.97000000e+01	3.33785382e+01	-3.56662546e+06	-1.38819285e+05	1.00000000e-09	2.00454713e-04	1.00000000e-10	2.00454713e-05	-1.93408431e+01	2.45944106e-13
3.98000000e+01	3.34626152e+01	-3.53199480e+06	-1.37471399e+05	1.00000000e-09	1.00000000e-09	1.00000000e-10	1.00000000e-10	0.00000000e+00	2.26111304e-13
3.99000000e+01	3.35466921e+01	-3.49736413e+06	-1.36123513e+05	1.45130731e+01	1.00000000e-09	1.45130731e+00	1.00000000e-10	1.40029868e+06	2.07877809e-13
4.00000000e+01	3.36307690e+01	-3.46273360e+06	-1.34775632e+05	1.18348079e+01	2.39730101e-04	1.18348079e+00	2.39730101e-05	1.14186224e+06	1.91114654e-13
4.01000000e+01	3.37148459e+01	-3.42810324e+06	-1.33427758e+05	1.00000000e-09	5.68348662e-04	1.00000000e-10	5.68348662e-05	-5.48372129e+01	1.75703270e-13
4.02000000e+01	3.37989228e+01	-3.39347287e+06	-1.32079884e+05	1.00000000e-09	6.43400951e-05	1.00000000e-10	6.43400951e-06	-6.20777896e+00	1.61534652e-13
4.03000000e+01	3.38829998e+01	-3.35884251e+06	-1.30732010e+05	1.40652002e+01	1.00000000e-09	1.40652002e+00	1.00000000e-10	1.35708552e+06	1.48508584e-13
4.04000000e+01	3.39670767e+01	-3.32421227e+06	-1.29384140e+05	1.30189431e+01	1.00000000e-09	1.30189431e+00	1.00000000e-10	1.25613705e+06	1.36532931e-13
4.05000000e+01	3.40511536e+01	-3.28958220e+06	-1.28036278e+05	1.00000000e-09	3.38664498e-04	1.00000000e-10	3.38664498e-05	-3.26760601e+01	1.25522989e-13
4.06000000e+01	3.41352305e+01	-3.25495213e+06	-1.26688415e+05	1.00000000e-09	5.09392971e-04	1.00000000e-10	5.09392971e-05	-4.91488535e+01	1.15400882e-13
4.07000000e+01	3.42193075e+01	-3.22032207e+06	-1.25340553e+05	1.35114048e+01	1.00000000e-09	1.35114048e+00	1.00000000e-10	1.30365238e+06	1.06095016e-13
4.08000000e+01	3.43033844e+01	-3.18569211e+06	-1.23992694e+05	1.42274140e+01	1.00000000e-09	1.42274140e+00	1.00000000e-10	1.37273676e+06	9.75395708e-14
4.09000000e+01	3.43874613e+01	-3.15106234e+06	-1.22644843e+05	1.00000000e-09	1.00000000e-09	1.00000000e-10	1.00000000e-10	0.00000000e+00	8.96740319e-14
4.10000000e+01	3.44715382e+01	-3.11643256e+06	-1.21296992e+05	1.00000000e-09	4.05385943e-04	1.00000000e-10	4.05385943e-05	-3.91137008e+01	8.24427658e-14
4.11000000e+01	3.45556151e+01	-3.08180279e+06	-1.19949141e+05	1.28397282e+01	4.34514191e-04	1.28397282e+00	4.34514191e-05	1.23880352e+06	7.57946252e-14
4.12000000e+01	3.46396921e+01	-3.04717311e+06	-1.18601293e+05	1.54469818e+01	1.00000000e-09	1.54469818e+00	1.00000000e-10	1.49040717e+06	6.96825871e-14
4.13000000e+01	3.47237690e+01	-3.01254362e+06	-1.17253453e+05	1.00000000e-09	1.00000000e-09	1.00000000e-10	1.00000000e-10	0.00000000e+00	6.40634205e-14
4.14000000e+01	3.48078459e+01	-2.97791414e+06	-1.15905613e+05	1.00000000e-09	1.00000000e-09	1.00000000e-10	1.00000000e-10	0.00000000e+00	5.88973804e-14
4.15000000e+01	3.48919228e+01	-2.94328465e+06	-1.14557773e+05	1.20399294e+01	4.38987234e-04	1.20399294e+00	4.38987234e-05	1.16163423e+06	5.41479271e-14
4.16000000e+01	3.49759998e+01	-2.90865524e+06	-1.13209936e+05	1.66619432e+01	3.60295020e-04	1.66619432e+00	3.60295020e-05	1.60759836e+06	4.97814672e-14
4.17000000e+01	3.50600767e+01	-2.87402603e+06	-1.11862107e+05	1.00000000e-09	1.00000000e-09	1.00000000e-10	1.00000000e-10	0.00000000e+00	4.57671163e-14
4.18000000e+01	3.51441536e+01	-2.83939682e+06	-1.10514278e+05	1.00000000e-09	1.00000000e-09	1.00000000e-10	1.00000000e-10	0.00000000e+00	4.20764804e-14
4.19000000e+01	3.52282305e+01	-2.80476761e+06	-1.09166448e+05	1.11039572e+01	1.00000000e-09	1.11039572e+00	1.00000000e-10	1.07136900e+06	3.86834555e-14
4.20000000e+01	3.53123074e+01	-2.77013847e+06	-1.07818622e+05	1.78542921e+01	4.50469852e-04	1.78542921e+00	4.50469852e-05	1.72263384e+06	3.55640423e-14
4.21000000e+01	3.53963844e+01	-2.73550953e+06	-1.06470803e+05	1.00000000e-09	2.95979589e-04	1.00000000e-10	2.95979589e-05	-2.85575925e+01	3.26961769e-14
4.22000000e+01	3.54804613e+01	-2.70088058e+06	-1.05122984e+05	1.00000000e-09	1.00000000e-09	1.00000000e-10	1.00000000e-10	0.00000000e+00	3.00595747e-14
4.23000000e+01	3.55645382e+01	-2.66625164e+06	-1.03775165e+05	1.00264069e+01	1.00000000e-09	1.00264069e+00	1.00000000e-10	9.67401200e+05	2.76355866e-14
4.24000000e+01	3.56486151e+01	-2.63162275e+06	-1.02427348e+05	1.90041250e+01	4.06450647e-06	1.90041250e+00	4.06450647e-07	1.83361892e+06	2.54070677e-14
4.25000000e+01	3.57326921e+01	-2.59699407e+06	-1.01079540e+05	1.00000000e-09	4.56594120e-04	1.00000000e-10	4.56594120e-05	-4.40545388e+01	2.33582553e-14
4.26000000e+01	3.58167690e+01	-2.56236538e+06	-9.97317306e+04	1.00000000e-09	2.53101257e-04	1.00000000e-10	2.53101257e-05	-2.44204623e+01	2.14746581e-14
4.27000000e+01	3.59008459e+01	-2.52773669e+06	-9.83839218e+04	8.80490407e+00	1.00000000e-09	8.80490407e-01	1.00000000e-10	8.49544093e+05	1.97429531e-14
4.28000000e+01	3.59849228e+01	-2.49310805e+06	-9.70361144e+04	2.00901225e+01	1.00000000e-09	2.00901225e+00	1.00000000e-10	1.93840215e+06	1.81508919e-14
4.29000000e+01	3.60689997e+01	-2.45847961e+06	-9.56883151e+04	1.00000000e-09	3.98659594e-05	1.00000000e-10	3.98659594e-06	-3.84638385e+00	1.66872137e-14
4.30000000e+01	3.61530767e+01	-2.42385116e+06	-9.43405157e+04	1.00000000e-09	4.61214958e-04	1.00000000e-10	4.61214958e-05	-4.45003819e+01	1.53415657e-14
4.31000000e+01	3.62371536e+01	-2.38922272e+06	-9.29927163e+04	7.44040627e+00	2.26232795e-04	7.44040627e-01	2.26232795e-05	7.17868242e+05	1.41044300e-14
4.32000000e+01	3.63212305e+01	-2.35459431e+06	-9.16449180e+04	2.10900932e+01	1.00000000e-09	2.10900932e+00	1.00000000e-10	2.03488465e+06	1.29670563e-14
4.33000000e+01	3.64053074e+01	-2.31996609e+06	-9.02971276e+04	1.00000000e-09	1.00000000e-09	1.00000000e-10	1.00000000e-10	0.00000000e+00	1.19213998e-14
4.34000000e+01	3.64893844e+01	-2.28533788e+06	-8.89493372e+04	1.00000000e-09	6.84036925e-05	1.00000000e-10	6.84036925e-06	-6.59985650e+00	1.09600645e-14
4.35000000e+01	3.65734613e+01	-2.25070967e+06	-8.76015468e+04	5.93741038e+00	4.66244433e-04	5.93741038e-01	4.66244433e-05	5.72828027e+05	1.00762507e-14
4.36000000e+01	3.66575382e+01	-2.21608147e+06	-8.62537569e+04	2.19815629e+01	2.05744493e-04	2.19815629e+00	2.05744493e-05	2.12087855e+06	9.26370726e-15
4.37000000e+01	3.67416151e+01	-2.18145348e+06	-8.49059749e+04	1.00000000e-09	1.00000000e-09	1.00000000e-10	1.00000000e-10	0.00000000e+00	8.51668685e-15
4.38000000e+01	3.68256921e+01	-2.14682548e+06	-8.35581929e+04	1.00000000e-09	1.00000000e-09	1.00000000e-10	1.00000000e-10	0.00000000e+00	7.82990577e-15
4.39000000e+01	3.69097690e+01	-2.11219749e+06	-8.22104110e+04	4.30405522e+00	9.09878004e-05	4.30405522e-01	9.09878004e-06	4.15269418e+05	7.19850635e-15
4.40000000e+01	3.69938459e+01	-2.07756949e+06	-8.08626290e+04	2.27423936e+01	4.69535577e-04	2.27423936e+00	4.69535577e-05	2.19426210e+06	6.61802264e-15
4.41000000e+01	3.70779228e+01	-2.04294170e+06	-7.95148549e+04	1.00000000e-09	1.89645485e-04	1.00000000e-10	1.89645485e-05	-1.82979111e+01	6.08434883e-15
4.42000000e+01	3.71619997e+01	-2.00831391e+06	-7.81670809e+04	1.00000000e-09	1.00000000e-09	1.00000000e-10	1.00000000e-10	0.00000000e+00	5.59371018e-15
4.43000000e+01	3.72460767e+01	-1.97368612e+06	-7.68193070e+04	2.54928842e+00	1.00000000e-09	2.54928842e-01	1.00000000e-10	2.45968940e+05	5.14263638e-15
4.44000000e+01	3.73301536e+01	-1.93905833e+06	-7.54715330e+04	2.32859745e+01	1.04733340e-04	2.32859745e+00	1.04733340e-05	2.24674488e+06	4.72793693e-15
4.45000000e+01	3.74142305e+01	-1.90443074e+06	-7.41237668e+04	1.00000000e-09	4.68586290e-04	1.00000000e-10	4.68586290e-05	-4.52116073e+01	4.34667862e-15
4.46000000e+01	3.74983074e+01	-1.86980317e+06	-7.27760012e+04	1.00000000e-09	1.79003528e-04	1.00000000e-10	1.79003528e-05	-1.72711183e+01	3.99616478e-15
4.47000000e+01	3.75823844e+01	-1.83517560e+06	-7.14282357e+04	6.93344420e-01	1.00000000e-09	6.93344420e-02	1.00000000e-10	6.68975665e+04	3.67391618e-15
4.48000000e+01	3.76664613e+01	-1.80054802e+06	-7.00804701e+04	2.36593253e+01	1.00000000e-09	2.36593253e+00	1.00000000e-10	2.28277786e+06	3.37765354e-15
4.49000000e+01	3.77505382e+01	-1.76592065e+06	-6.87327122e+04	1.00000000e-09	1.09941797e-04	1.00000000e-10	1.09941797e-05	-1.06076743e+01	3.10528136e-15
4.50000000e+01	3.78346151e+01	-1.73129330e+06	-6.73849553e+04	1.00000000e-09	4.66135575e-04	1.00000000e-10	4.66135575e-05	-4.49751493e+01	2.85487313e-15
4.51000000e+01	3.79186920e+01	-1.69666595e+06	-6.60371985e+04	1.00000000e-09	1.75610096e-04	1.00000000e-10	1.75610096e-05	-1.69437020e+01	2.62465769e-15
4.52000000e+01	3.80027690e+01	-1.66203860e+06	-6.46894417e+04	2.38456290e+01	1.00000000e-09	2.38456290e+00	1.00000000e-10	2.30075343e+06	2.41300669e-15
4.53000000e+01	3.80868459e+01	-1.62741144e+06	-6.33416922e+04	1.45799475e+00	1.00000000e-09	1.45799475e-01	1.00000000e-10	1.40675107e+05	2.21842312e-15
4.54000000e+01	3.81709228e+01	-1.59278432e+06	-6.19939444e+04	1.00000000e-09	1.06973403e-04	1.00000000e-10	1.06973403e-05	-1.03212678e+01	2.03953067e-15
4.55000000e+01	3.82549997e+01	-1.55815720e+06	-6.06461966e+04	1.00000000e-09	4.65566303e-04	1.00000000e-10	4.65566303e-05	-4.49202229e+01	1.87506400e-15
4.56000000e+01	3.83390767e+01	-1.52353009e+06	-5.92984487e+04	2.38307732e+01	1.81610099e-04	2.38307732e+00	1.81610099e-05	2.29930255e+06	1.72385984e-15
4.57000000e+01	3.84231536e+01	-1.48890315e+06	-5.79507081e+04	3.49919192e+00	1.00000000e-09	3.49919192e-01	1.00000000e-10	3.37620695e+05	1.58484870e-15
4.58000000e+01	3.85072305e+01	-1.45427627e+06	-5.66029695e+04	1.00000000e-09	1.00000000e-09	1.00000000e-10	1.00000000e-10	0.00000000e+00	1.45704735e-15
4.59000000e+01	3.85913074e+01	-1.41964939e+06	-5.52552309e+04	1.00000000e-09	9.66639609e-05	1.00000000e-10	9.66639609e-06	-9.32655789e+00	1.33955183e-15
4.60000000e+01	3.86753843e+01	-1.38502251e+06	-5.39074923e+04	2.36038129e+01	4.66337729e-04	2.36038129e+00	4.66337729e-05	2.27737673e+06	1.23153109e-15
4.61000000e+01	3.87594613e+01	-1.35039581e+06	-5.25597607e+04	5.56697480e+00	1.93643950e-04	5.56697480e-01	1.93643950e-05	5.37112729e+05	1.13222108e-15
4.62000000e+01	3.88435382e+01	-1.31576917e+06	-5.12120314e+04	1.00000000e-09	1.00000000e-09	1.00000000e-10	1.00000000e-10	0.00000000e+00	1.04091937e-15
4.63000000e+01	3.89276151e+01	-1.28114253e+06	-4.98643022e+04	1.00000000e-09	1.00000000e-09	1.00000000e-10	1.00000000e-10	0.00000000e+00	9.56980191e-16
4.64000000e+01	3.90116920e+01	-1.24651589e+06	-4.85165730e+04	2.31573509e+01	8.02141962e-05	2.31573509e+00	8.02141962e-06	2.23433695e+06	8.79809819e-16
4.65000000e+01	3.90957690e+01	-1.21188942e+06	-4.71688505e+04	7.63415955e+00	4.63473239e-04	7.63415955e-01	4.63473239e-05	7.36539701e+05	8.08862425e-16
4.66000000e+01	3.91798459e+01	-1.17726303e+06	-4.58211308e+04	1.00000000e-09	2.10301088e-04	1.00000000e-10	2.10301088e-05	-2.02908738e+01	7.43636191e-16
4.67000000e+01	3.92639228e+01	-1.14263663e+06	-4.44734112e+04	1.00000000e-09	1.00000000e-09	1.00000000e-10	1.00000000e-10	0.00000000e+00	6.83669765e-16
4.68000000e+01	3.93479997e+01	-1.10801024e+06	-4.31256915e+04	2.24878303e+01	1.00000000e-09	2.24878303e+00	1.00000000e-10	2.16974578e+06	6.28539001e-16
4.69000000e+01	3.94320766e+01	-1.07338401e+06	-4.17779782e+04	9.67244632e+00	5.00219247e-05	9.67244632e-01	5.00219247e-06	9.33244370e+05	5.77853951e-16
4.70000000e+01	3.95161536e+01	-1.03875786e+06	-4.04302681e+04	1.00000000e-09	4.54062250e-04	1.00000000e-10	4.54062250e-05	-4.38102505e+01	5.31256117e-16
4.71000000e+01	3.96002305e+01	-1.00413171e+06	-3.90825580e+04	1.00000000e-09	2.38663202e-04	1.00000000e-10	2.38663202e-05	-2.30274018e+01	4.88415907e-16
4.72000000e+01	3.96843074e+01	-9.69505567e+05	-3.77348480e+04	2.15957254e+01	1.00000000e-09	2.15957254e+00	1.00000000e-10	2.08367074e+06	4.49030309e-16
4.73000000e+01	3.97683843e+01	-9.34879576e+05	-3.63871440e+04	1.16530445e+01	1.00000000e-09	1.16530445e+00	1.00000000e-10	1.12434787e+06	4.12820745e-16
4.74000000e+01	3.98524613e+01	-9.00253676e+05	-3.50394435e+04	1.00000000e-09	2.94661835e-06	1.00000000e-10	2.94661835e-07	-2.84208964e-01	3.79531100e-16
4.75000000e+01	3.99365382e+01	-8.65627775e+05	-3.36917431e+04	1.00000000e-09	4.30889128e-04	1.00000000e-10	4.30889128e-05	-4.15743842e+01	3.48925915e-16
4.76000000e+01	4.00206151e+01	-8.31001875e+05	-3.23440427e+04	2.04856958e+01	2.76896421e-04	2.04856958e+00	2.76896421e-05	1.97654245e+06	3.20788716e-16
4.77000000e+01	4.01046920e+01	-7.96376124e+05	-3.09963480e+04	1.35473323e+01	1.00000000e-09	1.35473323e+00	1.00000000e-10	1.30711885e+06	2.94920485e-16
4.78000000e+01	4.01887690e+01	-7.61750471e+05	-2.96486572e+04	1.00000000e-09	1.00000000e-09	1.00000000e-10	1.00000000e-10	0.00000000e+00	2.71138254e-16
4.79000000e+01	4.02728459e+01	-7.27124817e+05	-2.83009664e+04	1.00000000e-09	1.00000000e-09	1.00000000e-10	1.00000000e-10	0.00000000e+00	2.49273810e-16
4.80000000e+01	4.03569228e+01	-6.92499164e+05	-2.69532755e+04	1.91664890e+01	3.88537101e-04	1.91664890e+00	3.88537101e-05	1.84924757e+06	2.29172503e-16
4.81000000e+01	4.04409997e+01	-6.57873652e+05	-2.56055902e+04	1.53274975e+01	3.19206745e-04	1.53274975e+00	3.19206745e-05	1.47884788e+06	2.10692155e-16
4.82000000e+01	4.05250766e+01	-6.23248244e+05	-2.42579089e+04	1.00000000e-09	1.00000000e-09	1.00000000e-10	1.00000000e-10	0.00000000e+00	1.93702052e-16
4.83000000e+01	4.06091536e+01	-5.88622837e+05	-2.29102277e+04	1.00000000e-09	1.00000000e-09	1.00000000e-10	1.00000000e-10	0.00000000e+00	1.78082022e-16
4.84000000e+01	4.06932305e+01	-5.53997430e+05	-2.15625464e+04	1.76508047e+01	1.00000000e-09	1.76508047e+00	1.00000000e-10	1.70304375e+06	1.63721583e-16
4.85000000e+01	4.07773074e+01	-5.19372154e+05	-2.02148703e+04	1.69671592e+01	3.26113651e-04	1.69671592e+00	3.26113651e-05	1.63705052e+06	1.50519162e-16
4.86000000e+01	4.08613843e+01	-4.84746990e+05	-1.88671985e+04	1.00000000e-09	3.58024411e-04	1.00000000e-10	3.58024411e-05	-3.45440077e+01	1.38381377e-16
4.87000000e+01	4.09454613e+01	-4.50121826e+05	-1.75195267e+04	1.00000000e-09	1.00000000e-09	1.00000000e-10	1.00000000e-10	0.00000000e+00	1.27222377e-16
4.88000000e+01	4.10295382e+01	-4.15496662e+05	-1.61718549e+04	1.59550620e+01	1.00000000e-09	1.59550620e+00	1.00000000e-10	1.53942946e+06	1.16963232e-16
4.89000000e+01	4.11136151e+01	-3.80871619e+05	-1.48241879e+04	1.84419510e+01	1.00000000e-09	1.84419510e+00	1.00000000e-10	1.77937777e+06	1.07531379e-16
4.90000000e+01	4.11976920e+01	-3.46246695e+05	-1.34765254e+04	1.00000000e-09	2.41794836e-04	1.00000000e-10	2.41794836e-05	-2.33295586e+01	9.88601065e-17
4.91000000e+01	4.12817689e+01	-3.11621771e+05	-1.21288630e+04	1.00000000e-09	3.83811739e-04	1.00000000e-10	3.83811739e-05	-3.70321067e+01	9.08880802e-17
4.92000000e+01	4.13658459e+01	-2.76996847e+05	-1.07812005e+04	1.40990700e+01	3.79596165e-05	1.40990700e+00	3.79596165e-06	1.36034979e+06	8.35589140e-17
4.93000000e+01	4.14499228e+01	-2.42372034e+05	-9.43354239e+03	1.97300512e+01	1.00000000e-09	1.97300512e+00	1.00000000e-10	1.90366055e+06	7.68207678e-17
4.94000000e+01	4.15339997e+01	-2.07747345e+05	-8.08588909e+03	1.00000000e-09	1.00000000e-09	1.00000000e-10	1.00000000e-10	0.00000000e+00	7.06259821e-17
4.95000000e+01	4.16180766e+01	-1.73122656e+05	-6.73823579e+03	1.00000000e-09	1.32450252e-04	1.00000000e-10	1.32450252e-05	-1.27794101e+01	6.49307406e-17
4.96000000e+01	4.17021536e+01	-1.38497967e+05	-5.39058249e+03	1.21056169e+01	3.86082845e-04	1.21056169e+00	3.86082845e-05	1.16797722e+06	5.96947603e-17
4.97000000e+01	4.17862305e+01	-1.03873379e+05	-4.04293313e+03	2.08125861e+01	1.50951992e-04	2.08125861e+00	1.50951992e-05	2.00809472e+06	5.48810067e-17
4.98000000e+01	4.18703074e+01	-6.92489195e+04	-2.69528875e+03	1.00000000e-09	1.00000000e-09	1.00000000e-10	1.00000000e-10	0.00000000e+00	5.04554316e-17
4.99000000e+01	4.19543843e+01	-3.46244597e+04	-1.34764438e+03	1.00000000e-09	1.00000000e-09	1.00000000e-10	1.00000000e-10	0.00000000e+00	4.63867326e-17
5.00000000e+01	4.20384612e+01	0.00000000e+00	0.00000000e+00	1.00000000e+01	1.00000000e+01	1.00000000e+00	1.00000000e+00	0.00000000e+00	4.26461312e-17
