# 1D PNP Solver Results
# Debye length: 1.18939 nm
# Surface potential: 100 mV
# Bulk concentration: 10 mol/m^3
# Thermal voltage: 25.6926 mV
# Grid: non-uniform with stretching factor 1
#
# Columns:
# 1: x [nm]
# 2: x/lambda_D [-]
# 3: phi [mV]
# 4: phi_normalized = e*phi/(kB*T) [-]
# 5: c+ [mol/m^3]
# 6: c- [mol/m^3]
# 7: c+/c0 [-]
# 8: c-/c0 [-]
# 9: rho [C/m^3]
# 10: phi_GC [mV] (Gouy-Chapman analytical)
0.00000000e+00	0.00000000e+00	1.00000000e+02	3.89217445e+00	1.53636507e+05	1.00000000e-09	1.53636507e+04	1.00000000e-10	1.48236694e+10	1.00000000e+02
1.00000000e-01	8.40769225e-02	6.80891724e+04	2.65014937e+03	1.65466568e+03	1.00000000e-09	1.65466568e+02	1.00000000e-10	1.59650967e+08	8.70576373e+01
2.00000000e-01	1.68153845e-01	1.36078345e+05	5.29640657e+03	1.00000000e-09	1.00000000e-09	1.00000000e-10	1.00000000e-10	0.00000000e+00	7.68715638e+01
3.00000000e-01	2.52230767e-01	2.04067517e+05	7.94266377e+03	1.00000000e-09	1.00000000e-09	1.00000000e-10	1.00000000e-10	0.00000000e+00	6.85207345e+01
4.00000000e-01	3.36307690e-01	2.72056690e+05	1.05889210e+04	1.53292143e+05	1.00000000e-09	1.53292143e+04	1.00000000e-10	1.47904433e+10	6.14862309e+01
5.00000000e-01	4.20384612e-01	3.39048164e+05	1.31963460e+04	9.23461632e+03	1.00000000e-09	9.23461632e+02	1.00000000e-10	8.91005022e+08	5.54461690e+01
6.00000000e-01	5.04461535e-01	4.06039639e+05	1.58037711e+04	1.00000000e-09	1.00000000e-09	1.00000000e-10	1.00000000e-10	0.00000000e+00	5.01866549e+01
7.00000000e-01	5.88538457e-01	4.73031113e+05	1.84111961e+04	1.00000000e-09	1.00000000e-09	1.00000000e-10	1.00000000e-10	0.00000000e+00	4.55579535e+01
8.00000000e-01	6.72615380e-01	5.40022587e+05	2.10186212e+04	1.52358857e+05	1.00000000e-09	1.52358857e+04	1.00000000e-10	1.47003950e+10	4.14508515e+01
9.00000000e-01	7.56692302e-01	6.06014659e+05	2.35871477e+04	1.69757886e+04	1.00000000e-09	1.69757886e+03	1.00000000e-10	1.63791461e+09	3.77829914e+01
1.00000000e+00	8.40769225e-01	6.72003128e+05	2.61555341e+04	1.00000000e-09	1.00000000e-09	1.00000000e-10	1.00000000e-10	0.00000000e+00	3.44905241e+01
1.10000000e+00	9.24846147e-01	7.37991598e+05	2.87239204e+04	1.00000000e-09	1.00000000e-09	1.00000000e-10	1.00000000e-10	0.00000000e+00	3.15227780e+01
1.20000000e+00	1.00892307e+00	8.03980068e+05	3.12923068e+04	1.50830713e+05	1.00000000e-09	1.50830713e+04	1.00000000e-10	1.45529515e+10	2.88387272e+01
1.30000000e+00	1.09299999e+00	8.68965755e+05	3.38216631e+04	2.48335584e+04	1.00000000e-09	2.48335584e+03	1.00000000e-10	2.39607413e+09	2.64045776e+01
1.40000000e+00	1.17707691e+00	9.33938346e+05	3.63505097e+04	1.00000000e-09	1.00000000e-09	1.00000000e-10	1.00000000e-10	0.00000000e+00	2.41920729e+01
1.50000000e+00	1.26115384e+00	9.98910937e+05	3.88793563e+04	1.00000000e-09	1.00000000e-09	1.00000000e-10	1.00000000e-10	0.00000000e+00	2.21772778e+01
1.60000000e+00	1.34523076e+00	1.06388353e+06	4.14082028e+04	1.48719664e+05	1.00000000e-09	1.48719664e+04	1.00000000e-10	1.43492662e+10	2.03396868e+01
1.70000000e+00	1.42930768e+00	1.12784814e+06	4.38978172e+04	3.27624725e+04	1.00000000e-09	3.27624725e+03	1.00000000e-10	3.16109804e+09	1.86615585e+01
1.80000000e+00	1.51338460e+00	1.19178957e+06	4.63865291e+04	1.00000000e-09	1.00000000e-09	1.00000000e-10	1.00000000e-10	0.00000000e+00	1.71274116e+01
1.90000000e+00	1.59746153e+00	1.25573100e+06	4.88752411e+04	1.00000000e-09	1.00000000e-09	1.00000000e-10	1.00000000e-10	0.00000000e+00	1.57236358e+01
2.00000000e+00	1.68153845e+00	1.31967243e+06	5.13639531e+04	1.46005042e+05	1.00000000e-09	1.46005042e+04	1.00000000e-10	1.40873450e+10	1.44381886e+01
2.10000000e+00	1.76561537e+00	1.38259871e+06	5.38131537e+04	4.07128531e+04	1.00000000e-09	4.07128531e+03	1.00000000e-10	3.92819316e+09	1.32603556e+01
2.20000000e+00	1.84969229e+00	1.44549098e+06	5.62610305e+04	1.00000000e-09	1.00000000e-09	1.00000000e-10	1.00000000e-10	0.00000000e+00	1.21805577e+01
2.30000000e+00	1.93376922e+00	1.50838325e+06	5.87089074e+04	1.00000000e-09	1.00000000e-09	1.00000000e-10	1.00000000e-10	0.00000000e+00	1.11901960e+01
2.40000000e+00	2.01784614e+00	1.57127552e+06	6.11567843e+04	1.42669336e+05	1.00000000e-09	1.42669336e+04	1.00000000e-10	1.37654983e+10	1.02815237e+01
2.50000000e+00	2.10192306e+00	1.63314331e+06	6.35647867e+04	4.86306612e+04	1.00000000e-09	4.86306612e+03	1.00000000e-10	4.69214550e+09	9.44754093e+00
2.60000000e+00	2.18599998e+00	1.69496536e+06	6.59710088e+04	1.00000000e-09	1.00000000e-09	1.00000000e-10	1.00000000e-10	0.00000000e+00	8.68190590e+00
2.70000000e+00	2.27007691e+00	1.75678742e+06	6.83772309e+04	1.00000000e-09	1.00000000e-09	1.00000000e-10	1.00000000e-10	0.00000000e+00	7.97886054e+00
2.80000000e+00	2.35415383e+00	1.81860947e+06	7.07834531e+04	1.38698680e+05	1.00000000e-09	1.38698680e+04	1.00000000e-10	1.33823882e+10	7.33316685e+00
2.90000000e+00	2.43823075e+00	1.87939535e+06	7.31493457e+04	5.64573355e+04	1.00000000e-09	5.64573355e+03	1.00000000e-10	5.44730477e+09	6.74005227e+00
3.00000000e+00	2.52230767e+00	1.94012267e+06	7.55129587e+04	1.00000000e-09	1.00000000e-09	1.00000000e-10	1.00000000e-10	0.00000000e+00	6.19516235e+00
3.10000000e+00	2.60638460e+00	2.00084998e+06	7.78765717e+04	1.00000000e-09	1.00000000e-09	1.00000000e-10	1.00000000e-10	0.00000000e+00	5.69451955e+00
3.20000000e+00	2.69046152e+00	2.06157729e+06	8.02401847e+04	1.34083388e+05	1.00000000e-09	1.34083388e+04	1.00000000e-10	1.29370802e+10	5.23448697e+00
3.30000000e+00	2.77453844e+00	2.12125415e+06	8.25629119e+04	6.41295915e+04	1.00000000e-09	6.41295915e+03	1.00000000e-10	6.18756493e+09	4.81173646e+00
3.40000000e+00	2.85861536e+00	2.18085828e+06	8.48828088e+04	1.00000000e-09	1.00000000e-09	1.00000000e-10	1.00000000e-10	0.00000000e+00	4.42322017e+00
3.50000000e+00	2.94269229e+00	2.24046241e+06	8.72027056e+04	1.00000000e-09	1.00000000e-09	1.00000000e-10	1.00000000e-10	0.00000000e+00	4.06614534e+00
3.60000000e+00	3.02676921e+00	2.30006655e+06	8.95226024e+04	1.28818555e+05	1.00000000e-09	1.28818555e+04	1.00000000e-10	1.24291010e+10	3.73795159e+00
3.70000000e+00	3.11084613e+00	2.35860305e+06	9.18009452e+04	7.15791608e+04	1.00000000e-09	7.15791608e+03	1.00000000e-10	6.90633910e+09	3.43629058e+00
3.80000000e+00	3.19492305e+00	2.41705109e+06	9.40758451e+04	1.00000000e-09	1.00000000e-09	1.00000000e-10	1.00000000e-10	0.00000000e+00	3.15900770e+00
3.90000000e+00	3.27899998e+00	2.47549914e+06	9.63507449e+04	1.00000000e-09	1.00000000e-09	1.00000000e-10	1.00000000e-10	0.00000000e+00	2.90412542e+00
4.00000000e+00	3.36307690e+00	2.53394718e+06	9.86256447e+04	1.22904727e+05	1.00000000e-09	1.22904727e+04	1.00000000e-10	1.18585034e+10	2.66982829e+00
4.10000000e+00	3.44715382e+00	2.59130723e+06	1.00858198e+05	7.87324418e+04	1.00000000e-09	7.87324418e+03	1.00000000e-10	7.59652579e+09	2.45444929e+00
4.20000000e+00	3.53123074e+00	2.64856118e+06	1.03086622e+05	1.00000000e-09	1.00000000e-09	1.00000000e-10	1.00000000e-10	0.00000000e+00	2.25645740e+00
4.30000000e+00	3.61530767e+00	2.70581513e+06	1.05315045e+05	1.00000000e-09	1.00000000e-09	1.00000000e-10	1.00000000e-10	0.00000000e+00	2.07444628e+00
4.40000000e+00	3.69938459e+00	2.76306909e+06	1.07543469e+05	1.16348692e+05	1.00000000e-09	1.16348692e+04	1.00000000e-10	1.12259422e+10	1.90712395e+00
4.50000000e+00	3.78346151e+00	2.81921111e+06	1.09728614e+05	8.55100225e+04	1.00000000e-09	8.55100225e+03	1.00000000e-10	8.25046292e+09	1.75330334e+00
4.60000000e+00	3.86753843e+00	2.87522712e+06	1.11908855e+05	1.00000000e-09	1.00000000e-09	1.00000000e-10	1.00000000e-10	0.00000000e+00	1.61189369e+00
4.70000000e+00	3.95161536e+00	2.93124312e+06	1.14089096e+05	1.00000000e-09	1.00000000e-09	1.00000000e-10	1.00000000e-10	0.00000000e+00	1.48189263e+00
4.80000000e+00	4.03569228e+00	2.98725913e+06	1.16269337e+05	1.09164402e+05	1.00000000e-09	1.09164402e+04	1.00000000e-10	1.05327636e+10	1.36237899e+00
4.90000000e+00	4.11976920e+00	3.04213525e+06	1.18405211e+05	9.18260199e+04	1.00000000e-09	9.18260199e+03	1.00000000e-10	8.85986403e+09	1.25250612e+00
5.00000000e+00	4.20384612e+00	3.09686273e+06	1.20535300e+05	1.00000000e-09	1.00000000e-09	1.00000000e-10	1.00000000e-10	0.00000000e+00	1.15149587e+00
5.10000000e+00	4.28792305e+00	3.15159020e+06	1.22665389e+05	1.00000000e-09	1.00000000e-09	1.00000000e-10	1.00000000e-10	0.00000000e+00	1.05863300e+00
5.20000000e+00	4.37199997e+00	3.20631768e+06	1.24795478e+05	1.01374121e+05	1.00000000e-09	1.01374121e+04	1.00000000e-10	9.78111577e+09	9.73260072e-01
5.30000000e+00	4.45607689e+00	3.25987275e+06	1.26879934e+05	9.75871536e+04	1.00000000e-09	9.75871536e+03	1.00000000e-10	9.41572893e+09	8.94772759e-01
5.40000000e+00	4.54015381e+00	3.31325327e+06	1.28957597e+05	1.00000000e-09	1.00000000e-09	1.00000000e-10	1.00000000e-10	0.00000000e+00	8.22615544e-01
5.50000000e+00	4.62423074e+00	3.36663380e+06	1.31035261e+05	1.00000000e-09	1.00000000e-09	1.00000000e-10	1.00000000e-10	0.00000000e+00	7.56277766e-01
5.60000000e+00	4.70830766e+00	3.42001433e+06	1.33112924e+05	9.30098659e+04	1.00000000e-09	9.30098659e+03	1.00000000e-10	8.97408781e+09	6.95289988e-01
5.70000000e+00	4.79238458e+00	3.47218470e+06	1.35143486e+05	1.02691437e+05	1.00000000e-09	1.02691437e+04	1.00000000e-10	9.90821743e+09	6.39220665e-01
5.80000000e+00	4.87646150e+00	3.52415073e+06	1.37166094e+05	1.00000000e-09	1.00000000e-09	1.00000000e-10	1.00000000e-10	0.00000000e+00	5.87673079e-01
5.90000000e+00	4.96053843e+00	3.57611675e+06	1.39188702e+05	1.00000000e-09	1.00000000e-09	1.00000000e-10	1.00000000e-10	0.00000000e+00	5.40282524e-01
6.00000000e+00	5.04461535e+00	3.62808277e+06	1.41211311e+05	8.41153006e+04	1.00000000e-09	8.41153006e+03	1.00000000e-10	8.11589272e+09	4.96713722e-01
6.10000000e+00	5.12869227e+00	3.67879487e+06	1.43185114e+05	1.07026307e+05	1.00000000e-09	1.07026307e+04	1.00000000e-10	1.03264687e+10	4.56658442e-01
6.20000000e+00	5.21276919e+00	3.72926806e+06	1.45149619e+05	1.00000000e-09	1.00000000e-09	1.00000000e-10	1.00000000e-10	0.00000000e+00	4.19833321e-01
6.30000000e+00	5.29684612e+00	3.77974125e+06	1.47114123e+05	1.00000000e-09	1.00000000e-09	1.00000000e-10	1.00000000e-10	0.00000000e+00	3.85977854e-01
6.40000000e+00	5.38092304e+00	3.83021443e+06	1.49078628e+05	7.47483082e+04	1.00000000e-09	7.47483082e+03	1.00000000e-10	7.21211534e+09	3.54852548e-01
6.50000000e+00	5.46499996e+00	3.87938287e+06	1.50992349e+05	1.10465911e+05	1.00000000e-09	1.10465911e+04	1.00000000e-10	1.06583401e+10	3.26237227e-01
6.60000000e+00	5.54907688e+00	3.92827208e+06	1.52895202e+05	1.00000000e-09	1.00000000e-09	1.00000000e-10	1.00000000e-10	0.00000000e+00	2.99929475e-01
6.70000000e+00	5.63315381e+00	3.97716128e+06	1.54798055e+05	1.00000000e-09	1.00000000e-09	1.00000000e-10	1.00000000e-10	0.00000000e+00	2.75743201e-01
6.80000000e+00	5.71723073e+00	4.02605049e+06	1.56700908e+05	6.49846061e+04	1.00000000e-09	6.49846061e+03	1.00000000e-10	6.27006131e+09	2.53507323e-01
6.90000000e+00	5.80130765e+00	4.07357577e+06	1.58550675e+05	1.12867120e+05	1.00000000e-09	1.12867120e+04	1.00000000e-10	1.08900216e+10	2.33064554e-01
7.00000000e+00	5.88538457e+00	4.12077441e+06	1.60387729e+05	1.00000000e-09	1.00000000e-09	1.00000000e-10	1.00000000e-10	0.00000000e+00	2.14270296e-01
7.10000000e+00	5.96946150e+00	4.16797305e+06	1.62224782e+05	1.00000000e-09	1.00000000e-09	1.00000000e-10	1.00000000e-10	0.00000000e+00	1.96991610e-01
7.20000000e+00	6.05353842e+00	4.21517169e+06	1.64061836e+05	5.49230238e+04	1.00000000e-09	5.49230238e+03	1.00000000e-10	5.29926620e+09	1.81106277e-01
7.30000000e+00	6.13761534e+00	4.26093720e+06	1.65843109e+05	1.14063525e+05	1.00000000e-09	1.14063525e+04	1.00000000e-10	1.10054571e+10	1.66501937e-01
7.40000000e+00	6.22169226e+00	4.30631988e+06	1.67609482e+05	1.00000000e-09	1.00000000e-09	1.00000000e-10	1.00000000e-10	0.00000000e+00	1.53075289e-01
7.50000000e+00	6.30576919e+00	4.35170256e+06	1.69375855e+05	1.00000000e-09	1.00000000e-09	1.00000000e-10	1.00000000e-10	0.00000000e+00	1.40731363e-01
7.60000000e+00	6.38984611e+00	4.39708524e+06	1.71142228e+05	4.46935037e+04	1.00000000e-09	4.46935037e+03	1.00000000e-10	4.31226755e+09	1.29382849e-01
7.70000000e+00	6.47392303e+00	4.44095329e+06	1.72849649e+05	1.13856155e+05	1.00000000e-09	1.13856155e+04	1.00000000e-10	1.09854489e+10	1.18949475e-01
7.80000000e+00	6.55799995e+00	4.48437129e+06	1.74539554e+05	1.00000000e-09	1.00000000e-09	1.00000000e-10	1.00000000e-10	0.00000000e+00	1.09357445e-01
7.90000000e+00	6.64207688e+00	4.52778930e+06	1.76229458e+05	1.00000000e-09	1.00000000e-09	1.00000000e-10	1.00000000e-10	0.00000000e+00	1.00538914e-01
8.00000000e+00	6.72615380e+00	4.57120730e+06	1.77919363e+05	3.44697444e+04	1.00000000e-09	3.44697444e+03	1.00000000e-10	3.32582474e+09	9.24315047e-02
8.10000000e+00	6.81023072e+00	4.61301379e+06	1.79546544e+05	1.11998617e+05	1.00000000e-09	1.11998617e+04	1.00000000e-10	1.08062237e+10	8.49778740e-02
8.20000000e+00	6.89430764e+00	4.65428893e+06	1.81153045e+05	1.00000000e-09	1.00000000e-09	1.00000000e-10	1.00000000e-10	0.00000000e+00	7.81253008e-02
8.30000000e+00	6.97838457e+00	4.69556407e+06	1.82759545e+05	1.00000000e-09	1.00000000e-09	1.00000000e-10	1.00000000e-10	0.00000000e+00	7.18253161e-02
8.40000000e+00	7.06246149e+00	4.73683921e+06	1.84366046e+05	2.44901325e+04	1.00000000e-09	2.44901325e+03	1.00000000e-10	2.36293857e+09	6.60333593e-02
8.50000000e+00	7.14653841e+00	4.77638621e+06	1.85905284e+05	1.08172226e+05	1.00000000e-09	1.08172226e+04	1.00000000e-10	1.04370332e+10	6.07084632e-02
8.60000000e+00	7.23061533e+00	4.81530219e+06	1.87419961e+05	1.00000000e-09	1.00000000e-09	1.00000000e-10	1.00000000e-10	0.00000000e+00	5.58129641e-02
8.70000000e+00	7.31469226e+00	4.85421816e+06	1.88934639e+05	1.00000000e-09	1.00000000e-09	1.00000000e-10	1.00000000e-10	0.00000000e+00	5.13122357e-02
8.80000000e+00	7.39876918e+00	4.89313414e+06	1.90449317e+05	1.50943357e+04	1.00000000e-09	1.50943357e+03	1.00000000e-10	1.45638199e+09	4.71744438e-02
8.90000000e+00	7.48284610e+00	4.93017916e+06	1.91891174e+05	1.01941948e+05	1.00000000e-09	1.01941948e+04	1.00000000e-10	9.83590268e+09	4.33703214e-02
9.00000000e+00	7.56692302e+00	4.96646890e+06	1.93303634e+05	1.00000000e-09	1.00000000e-09	1.00000000e-10	1.00000000e-10	0.00000000e+00	3.98729614e-02
9.10000000e+00	7.65099995e+00	5.00275864e+06	1.94716094e+05	1.00000000e-09	1.00000000e-09	1.00000000e-10	1.00000000e-10	0.00000000e+00	3.66576268e-02
9.20000000e+00	7.73507687e+00	5.03904838e+06	1.96128554e+05	6.79165068e+03	1.00000000e-09	6.79165068e+02	1.00000000e-10	6.55294672e+08	3.37015752e-02
9.30000000e+00	7.81915379e+00	5.07328818e+06	1.97461226e+05	9.26723594e+04	1.00000000e-09	9.26723594e+03	1.00000000e-10	8.94152337e+09	3.09838980e-02
9.40000000e+00	7.90323071e+00	5.10661438e+06	1.98758340e+05	1.00000000e-09	1.00000000e-09	1.00000000e-10	1.00000000e-10	0.00000000e+00	2.84853728e-02
9.50000000e+00	7.98730764e+00	5.13994059e+06	2.00055454e+05	1.00000000e-09	1.00000000e-09	1.00000000e-10	1.00000000e-10	0.00000000e+00	2.61883275e-02
9.60000000e+00	8.07138456e+00	5.17326679e+06	2.01352568e+05	3.99779505e+02	1.00000000e-09	3.99779505e+01	1.00000000e-10	3.85728583e+07	2.40765146e-02
9.70000000e+00	8.15546148e+00	5.20431141e+06	2.02560879e+05	7.93509044e+04	1.00000000e-09	7.93509044e+03	1.00000000e-10	7.65619837e+09	2.21349973e-02
9.80000000e+00	8.23953840e+00	5.23423474e+06	2.03725547e+05	1.00000000e-09	1.00000000e-09	1.00000000e-10	1.00000000e-10	0.00000000e+00	2.03500429e-02
9.90000000e+00	8.32361533e+00	5.26415806e+06	2.04890215e+05	1.00000000e-09	1.00000000e-09	1.00000000e-10	1.00000000e-10	0.00000000e+00	1.87090262e-02
1.00000000e+01	8.40769225e+00	5.29408139e+06	2.06054883e+05	1.00000000e-09	1.00000000e-09	1.00000000e-10	1.00000000e-10	0.00000000e+00	1.72003403e-02
1.01000000e+01	8.49176917e+00	5.32140915e+06	2.07118527e+05	6.01622901e+04	1.00000000e-09	6.01622901e+03	1.00000000e-10	5.80477854e+09	1.58133140e-02
1.02000000e+01	8.57584609e+00	5.34733154e+06	2.08127472e+05	1.00000000e-09	1.00000000e-09	1.00000000e-10	1.00000000e-10	0.00000000e+00	1.45381368e-02
1.03000000e+01	8.65992302e+00	5.37325392e+06	2.09136416e+05	1.00000000e-09	1.00000000e-09	1.00000000e-10	1.00000000e-10	0.00000000e+00	1.33657892e-02
1.04000000e+01	8.74399994e+00	5.39917631e+06	2.10145361e+05	5.64580600e+02	1.00000000e-09	5.64580600e+01	1.00000000e-10	5.44737467e+07	1.22879791e-02
1.05000000e+01	8.82807686e+00	5.42204664e+06	2.11035514e+05	3.12381427e+04	1.00000000e-09	3.12381427e+03	1.00000000e-10	3.01402258e+09	1.12970830e-02
1.06000000e+01	8.91215378e+00	5.44309756e+06	2.11854853e+05	1.00000000e-09	1.00000000e-09	1.00000000e-10	1.00000000e-10	0.00000000e+00	1.03860923e-02
1.07000000e+01	8.99623071e+00	5.46414848e+06	2.12674191e+05	1.00000000e-09	1.00000000e-09	1.00000000e-10	1.00000000e-10	0.00000000e+00	9.54856333e-03
1.08000000e+01	9.08030763e+00	5.48519940e+06	2.13493529e+05	1.71248847e+04	1.00000000e-09	1.71248847e+03	1.00000000e-10	1.65230019e+09	8.77857228e-03
1.09000000e+01	9.16438455e+00	5.50245290e+06	2.14165066e+05	1.00000000e-09	1.00000000e-09	1.00000000e-10	1.00000000e-10	0.00000000e+00	8.07067289e-03
1.10000000e+01	9.24846147e+00	5.51721485e+06	2.14739627e+05	1.00000000e-09	1.00000000e-09	1.00000000e-10	1.00000000e-10	0.00000000e+00	7.41985814e-03
1.11000000e+01	9.33253840e+00	5.53197681e+06	2.15314188e+05	6.08906980e+03	1.00000000e-09	6.08906980e+02	1.00000000e-10	5.87505922e+08	6.82152474e-03
1.12000000e+01	9.41661532e+00	5.54673876e+06	2.15888749e+05	7.20380993e+04	1.00000000e-09	7.20380993e+03	1.00000000e-10	6.95061994e+09	6.27144062e-03
1.13000000e+01	9.50069224e+00	5.55618216e+06	2.16256302e+05	1.00000000e-09	1.00000000e-09	1.00000000e-10	1.00000000e-10	0.00000000e+00	5.76571500e-03
1.14000000e+01	9.58476916e+00	5.56177776e+06	2.16474093e+05	1.00000000e-09	1.00000000e-09	1.00000000e-10	1.00000000e-10	0.00000000e+00	5.30077082e-03
1.15000000e+01	9.66884609e+00	5.56737336e+06	2.16691883e+05	1.00000000e-09	1.00000000e-09	1.00000000e-10	1.00000000e-10	0.00000000e+00	4.87331949e-03
1.16000000e+01	9.75292301e+00	5.57296896e+06	2.16909674e+05	3.72104890e+05	4.03517238e+02	3.72104890e+04	4.03517238e+01	3.58637304e+10	4.48033760e-03
1.17000000e+01	9.83699993e+00	5.56765319e+06	2.16702775e+05	1.20868728e+05	6.19789721e+02	1.20868728e+04	6.19789721e+01	1.16022587e+10	4.11904557e-03
1.18000000e+01	9.92107685e+00	5.55249187e+06	2.16112670e+05	3.94132014e+03	1.00000000e-09	3.94132014e+02	1.00000000e-10	3.80279582e+08	3.78688794e-03
1.19000000e+01	1.00051538e+01	5.53686589e+06	2.15504479e+05	4.16436121e+02	1.00000000e-09	4.16436121e+01	1.00000000e-10	4.01799775e+07	3.48151531e-03
1.20000000e+01	1.00892307e+01	5.52120149e+06	2.14894794e+05	1.00000000e-09	1.00000000e-09	1.00000000e-10	1.00000000e-10	0.00000000e+00	3.20076778e-03
1.21000000e+01	1.01733076e+01	5.50555401e+06	2.14285766e+05	1.00000000e-09	2.57928211e+02	1.00000000e-10	2.57928211e+01	-2.48862891e+07	2.94265957e-03
1.22000000e+01	1.02573845e+01	5.48990652e+06	2.13676739e+05	5.39327192e-01	3.11967353e+02	5.39327192e-02	3.11967353e+01	-3.00482365e+07	2.70536508e-03
1.23000000e+01	1.03414615e+01	5.47425897e+06	2.13067709e+05	8.38956070e-01	1.00000000e-09	8.38956070e-02	1.00000000e-10	8.09469550e+04	2.48720588e-03
1.24000000e+01	1.04255384e+01	5.45861946e+06	2.12458992e+05	1.00000000e-09	1.00000000e-09	1.00000000e-10	1.00000000e-10	0.00000000e+00	2.28663893e-03
1.25000000e+01	1.05096153e+01	5.44299907e+06	2.11851019e+05	1.00000000e-09	1.00000000e-09	1.00000000e-10	1.00000000e-10	0.00000000e+00	2.10224558e-03
1.26000000e+01	1.05936922e+01	5.42737868e+06	2.11243046e+05	9.68101813e-02	4.56986800e+02	9.68101813e-03	4.56986800e+01	-4.40831825e+07	1.93272162e-03
1.27000000e+01	1.06777692e+01	5.41175827e+06	2.10635073e+05	5.44109841e-01	2.95734030e+02	5.44109841e-02	2.95734030e+01	-2.84814975e+07	1.77686798e-03
1.28000000e+01	1.07618461e+01	5.39614222e+06	2.10027269e+05	5.25529095e-02	1.00000000e-09	5.25529095e-03	1.00000000e-10	5.07058483e+03	1.63358230e-03
1.29000000e+01	1.08459230e+01	5.38054675e+06	2.09420266e+05	1.00000000e-09	1.00000000e-09	1.00000000e-10	1.00000000e-10	0.00000000e+00	1.50185109e-03
1.30000000e+01	1.09299999e+01	5.36495127e+06	2.08813263e+05	1.00000000e-09	3.64859109e+02	1.00000000e-10	3.64859109e+01	-3.52035524e+07	1.38074262e-03
1.31000000e+01	1.10140768e+01	5.34935580e+06	2.08206260e+05	1.81935323e-02	8.10128621e+02	1.81935323e-03	8.10128621e+01	-7.81637736e+07	1.26940027e-03
1.32000000e+01	1.10981538e+01	5.33376073e+06	2.07599273e+05	1.00000000e-09	1.00000000e-09	1.00000000e-10	1.00000000e-10	0.00000000e+00	1.16703651e-03
1.33000000e+01	1.11822307e+01	5.31818688e+06	2.06993111e+05	1.00000000e-09	1.00000000e-09	1.00000000e-10	1.00000000e-10	0.00000000e+00	1.07292731e-03
1.34000000e+01	1.12663076e+01	5.30261436e+06	2.06387001e+05	1.00000000e-09	1.07937344e+01	1.00000000e-10	1.07937344e+00	-1.04143705e+06	9.86407027e-04
1.35000000e+01	1.13503845e+01	5.28704183e+06	2.05780891e+05	8.18532943e-03	1.23762602e+03	8.18532943e-04	1.23762602e+02	-1.19411968e+08	9.06863691e-04
1.36000000e+01	1.14344615e+01	5.27146931e+06	2.05174782e+05	4.19875565e-03	1.93398005e+02	4.19875565e-04	1.93398005e+01	-1.86596656e+07	8.33734687e-04
1.37000000e+01	1.15185384e+01	5.25591773e+06	2.04569487e+05	3.78000558e-04	1.00000000e-09	3.78000558e-05	1.00000000e-10	3.64714129e+01	7.66502767e-04
1.38000000e+01	1.16026153e+01	5.24037155e+06	2.03964402e+05	1.00000000e-09	1.00000000e-09	1.00000000e-10	1.00000000e-10	0.00000000e+00	7.04692393e-04
1.39000000e+01	1.16866922e+01	5.22482536e+06	2.03359318e+05	1.00000000e-09	1.49677569e+03	1.00000000e-10	1.49677569e+02	-1.44416900e+08	6.47866374e-04
1.40000000e+01	1.17707691e+01	5.20927918e+06	2.02754233e+05	9.49787289e-05	8.01536414e+02	9.49787289e-06	8.01536414e+01	-7.73364979e+07	5.95622776e-04
1.41000000e+01	1.18548461e+01	5.19375281e+06	2.02149920e+05	1.39469290e-04	1.00000000e-09	1.39469290e-05	1.00000000e-10	1.34566443e+01	5.47592073e-04
1.42000000e+01	1.19389230e+01	5.17823570e+06	2.01545967e+05	1.00000000e-09	1.00000000e-09	1.00000000e-10	1.00000000e-10	0.00000000e+00	5.03434541e-04
1.43000000e+01	1.20229999e+01	5.16271860e+06	2.00942014e+05	1.00000000e-09	1.51905034e+03	1.00000000e-10	1.51905034e+02	-1.46566077e+08	4.62837848e-04
1.44000000e+01	1.21070768e+01	5.14720149e+06	2.00338061e+05	4.41730935e-05	1.50832597e+03	4.41730935e-06	1.50832597e+02	-1.45531328e+08	4.25514851e-04
1.45000000e+01	1.21911538e+01	5.13170225e+06	1.99734804e+05	9.52415955e-05	1.00000000e-09	9.52415955e-06	1.00000000e-10	9.18932049e+00	3.91201561e-04
1.46000000e+01	1.22752307e+01	5.11621576e+06	1.99132043e+05	1.00000000e-09	1.00000000e-09	1.00000000e-10	1.00000000e-10	0.00000000e+00	3.59655276e-04
1.47000000e+01	1.23593076e+01	5.10072927e+06	1.98529281e+05	1.00000000e-09	1.26402154e+03	1.00000000e-10	1.26402154e+02	-1.21959538e+08	3.30652866e-04
1.48000000e+01	1.24433845e+01	5.08524278e+06	1.97926520e+05	1.58180501e-05	2.21704441e+03	1.58180501e-06	2.21704441e+02	-2.13912265e+08	3.03989196e-04
1.49000000e+01	1.25274615e+01	5.06977149e+06	1.97324351e+05	9.73621758e-05	1.00000000e-09	9.73621758e-06	1.00000000e-10	9.39392538e+00	2.79475669e-04
1.50000000e+01	1.26115384e+01	5.05431590e+06	1.96722792e+05	9.72784350e-06	1.00000000e-09	9.72784350e-07	1.00000000e-10	9.38497725e-01	2.56938901e-04
1.51000000e+01	1.26956153e+01	5.03886030e+06	1.96121233e+05	1.00000000e-09	7.26063463e+02	1.00000000e-10	7.26063463e+01	-7.00544743e+07	2.36219485e-04
1.52000000e+01	1.27796922e+01	5.02340470e+06	1.95519674e+05	1.00000000e-09	2.82250295e+03	1.00000000e-10	2.82250295e+02	-2.72330135e+08	2.17170872e-04
1.53000000e+01	1.28637691e+01	5.00796105e+06	1.94918580e+05	1.38180755e-06	1.00000000e-09	1.38180755e-07	1.00000000e-10	1.33227676e-01	1.99658328e-04
1.54000000e+01	1.29478461e+01	4.99253534e+06	1.94318185e+05	2.07381844e-06	1.00000000e-09	2.07381844e-07	1.00000000e-10	1.99996575e-01	1.83557987e-04
1.55000000e+01	1.30319230e+01	4.97710964e+06	1.93717790e+05	8.28448128e-08	1.00000000e-09	8.28448128e-09	1.00000000e-10	7.89682395e-03	1.68755969e-04
1.56000000e+01	1.31159999e+01	4.96168394e+06	1.93117394e+05	1.00000000e-09	3.22379559e+03	1.00000000e-10	3.22379559e+02	-3.11048988e+08	1.55147578e-04
1.57000000e+01	1.32000768e+01	4.94626647e+06	1.92517320e+05	1.00000000e-09	4.48894844e+02	1.00000000e-10	4.48894844e+01	-4.33117681e+07	1.42636560e-04
1.58000000e+01	1.32841538e+01	4.93086843e+06	1.91918001e+05	2.88405625e-08	1.00000000e-09	2.88405625e-09	1.00000000e-10	2.68620592e-03	1.31134424e-04
1.59000000e+01	1.33682307e+01	4.91547039e+06	1.91318682e+05	2.27932854e-08	1.00000000e-09	2.27932854e-09	1.00000000e-10	2.10273238e-03	1.20559814e-04
1.60000000e+01	1.34523076e+01	4.90007235e+06	1.90719364e+05	1.00000000e-09	3.33726713e+03	1.00000000e-10	3.33726713e+02	-3.21997327e+08	1.10837935e-04
1.61000000e+01	1.35363845e+01	4.88467857e+06	1.90120211e+05	1.00000000e-09	1.51343722e+03	1.00000000e-10	1.51343722e+02	-1.46024493e+08	1.01900023e-04
1.62000000e+01	1.36204614e+01	4.86930484e+06	1.89521839e+05	1.32821796e-08	1.00000000e-09	1.32821796e-09	1.00000000e-10	1.18505018e-03	9.36828597e-05
1.63000000e+01	1.37045384e+01	4.85393111e+06	1.88923467e+05	1.49420867e-08	1.00000000e-09	1.49420867e-09	1.00000000e-10	1.34520686e-03	8.61283240e-05
1.64000000e+01	1.37886153e+01	4.83855738e+06	1.88325094e+05	1.00000000e-09	3.10812604e+03	1.00000000e-10	3.10812604e+02	-2.99888573e+08	7.91829819e-05
1.65000000e+01	1.38726922e+01	4.82318387e+06	1.87726730e+05	1.00000000e-09	2.60679051e+03	1.00000000e-10	2.60679051e+02	-2.51517048e+08	7.27977085e-05
1.66000000e+01	1.39567691e+01	4.80783014e+06	1.87129136e+05	8.35479051e-09	1.00000000e-09	8.35479051e-10	1.00000000e-10	7.09629405e-04	6.69273402e-05
1.67000000e+01	1.40408461e+01	4.79247798e+06	1.86531603e+05	1.50162066e-08	1.00000000e-09	1.50162066e-09	1.00000000e-10	1.35235835e-03	6.15303552e-05
1.68000000e+01	1.41249230e+01	4.77712582e+06	1.85934071e+05	1.00000000e-09	2.51421421e+03	1.00000000e-10	2.51421421e+02	-2.42584793e+08	5.65685802e-05
1.69000000e+01	1.42089999e+01	4.76177366e+06	1.85336538e+05	1.00000000e-09	3.56558782e+03	1.00000000e-10	3.56558782e+02	-3.44026925e+08	5.20069201e-05
1.70000000e+01	1.42930768e+01	4.74644016e+06	1.84739731e+05	1.00000000e-09	1.00000000e-09	1.00000000e-10	1.00000000e-10	0.00000000e+00	4.78131098e-05
1.71000000e+01	1.43771537e+01	4.73111202e+06	1.84143133e+05	1.00000000e-09	1.00000000e-09	1.00000000e-10	1.00000000e-10	0.00000000e+00	4.39574862e-05
1.72000000e+01	1.44612307e+01	4.71578389e+06	1.83546536e+05	1.00000000e-09	1.58599210e+03	1.00000000e-10	1.58599210e+02	-1.53024975e+08	4.04127779e-05
1.73000000e+01	1.45453076e+01	4.70045575e+06	1.82949938e+05	1.00000000e-09	4.31127514e+03	1.00000000e-10	4.31127514e+02	-4.15974814e+08	3.71539131e-05
1.74000000e+01	1.46293845e+01	4.68514434e+06	1.82353991e+05	1.00000000e-09	1.00000000e-09	1.00000000e-10	1.00000000e-10	0.00000000e+00	3.41578414e-05
1.75000000e+01	1.47134614e+01	4.66984169e+06	1.81758385e+05	1.00000000e-09	1.00000000e-09	1.00000000e-10	1.00000000e-10	0.00000000e+00	3.14033713e-05
1.76000000e+01	1.47975384e+01	4.65453905e+06	1.81162780e+05	1.00000000e-09	3.88594550e+02	1.00000000e-10	3.88594550e+01	-3.74936743e+07	2.88710202e-05
1.77000000e+01	1.48816153e+01	4.63923641e+06	1.80567174e+05	1.00000000e-09	4.73821912e+03	1.00000000e-10	4.73821912e+02	-4.57168646e+08	2.65428765e-05
1.78000000e+01	1.49656922e+01	4.62394783e+06	1.79972116e+05	1.00000000e-09	1.47151636e+02	1.00000000e-10	1.47151636e+01	-1.41979745e+07	2.44024731e-05
1.79000000e+01	1.50497691e+01	4.60867087e+06	1.79377510e+05	1.00000000e-09	1.00000000e-09	1.00000000e-10	1.00000000e-10	0.00000000e+00	2.24346707e-05
1.80000000e+01	1.51338460e+01	4.59339391e+06	1.78782904e+05	1.00000000e-09	1.00000000e-09	1.00000000e-10	1.00000000e-10	0.00000000e+00	2.06255509e-05
1.81000000e+01	1.52179230e+01	4.57811695e+06	1.78188298e+05	1.00000000e-09	4.76814997e+03	1.00000000e-10	4.76814997e+02	-4.60056533e+08	1.89623175e-05
1.82000000e+01	1.53019999e+01	4.56285081e+06	1.77594113e+05	1.00000000e-09	1.57943070e+03	1.00000000e-10	1.57943070e+02	-1.52391895e+08	1.74332063e-05
1.83000000e+01	1.53860768e+01	4.54759845e+06	1.77000465e+05	1.00000000e-09	1.00000000e-09	1.00000000e-10	1.00000000e-10	0.00000000e+00	1.60274019e-05
1.84000000e+01	1.54701537e+01	4.53234609e+06	1.76406817e+05	1.00000000e-09	1.00000000e-09	1.00000000e-10	1.00000000e-10	0.00000000e+00	1.47349607e-05
1.85000000e+01	1.55542307e+01	4.51709373e+06	1.75813168e+05	1.00000000e-09	4.36093086e+03	1.00000000e-10	4.36093086e+02	-4.20765862e+08	1.35467414e-05
1.86000000e+01	1.56383076e+01	4.50184852e+06	1.75219798e+05	1.00000000e-09	2.98515455e+03	1.00000000e-10	2.98515455e+02	-2.88023628e+08	1.24543394e-05
1.87000000e+01	1.57223845e+01	4.48661844e+06	1.74627017e+05	1.00000000e-09	1.00000000e-09	1.00000000e-10	1.00000000e-10	0.00000000e+00	1.14500281e-05
1.88000000e+01	1.58064614e+01	4.47138837e+06	1.74034236e+05	1.00000000e-09	1.00000000e-09	1.00000000e-10	1.00000000e-10	0.00000000e+00	1.05267039e-05
1.89000000e+01	1.58905384e+01	4.45615830e+06	1.73441455e+05	1.00000000e-09	3.52156895e+03	1.00000000e-10	3.52156895e+02	-3.39779750e+08	9.67783615e-06
1.90000000e+01	1.59746153e+01	4.44093144e+06	1.72848799e+05	1.00000000e-09	4.21927048e+03	1.00000000e-10	4.21927048e+02	-4.07097714e+08	8.89742061e-06
1.91000000e+01	1.60586922e+01	4.42572024e+06	1.72256752e+05	1.00000000e-09	1.00000000e-09	1.00000000e-10	1.00000000e-10	0.00000000e+00	8.17993736e-06
1.92000000e+01	1.61427691e+01	4.41050903e+06	1.71664705e+05	1.00000000e-09	1.00000000e-09	1.00000000e-10	1.00000000e-10	0.00000000e+00	7.52031158e-06
1.93000000e+01	1.62268460e+01	4.39529782e+06	1.71072659e+05	1.00000000e-09	2.30234982e+03	1.00000000e-10	2.30234982e+02	-2.22142987e+08	6.91387767e-06
1.94000000e+01	1.63109230e+01	4.38008661e+06	1.70480612e+05	1.00000000e-09	5.13235702e+03	1.00000000e-10	5.13235702e+02	-4.95197172e+08	6.35634627e-06
1.95000000e+01	1.63949999e+01	4.36489066e+06	1.69889159e+05	1.00000000e-09	1.00000000e-09	1.00000000e-10	1.00000000e-10	0.00000000e+00	5.84377390e-06
1.96000000e+01	1.64790768e+01	4.34969715e+06	1.69297801e+05	1.00000000e-09	1.00000000e-09	1.00000000e-10	1.00000000e-10	0.00000000e+00	5.37253509e-06
1.97000000e+01	1.65631537e+01	4.33450364e+06	1.68706443e+05	1.00000000e-09	7.96089908e+02	1.00000000e-10	7.96089908e+01	-7.68109992e+07	4.93929673e-06
1.98000000e+01	1.66472307e+01	4.31931014e+06	1.68115086e+05	1.00000000e-09	5.60428321e+03	1.00000000e-10	5.60428321e+02	-5.40731126e+08	4.54099448e-06
1.99000000e+01	1.67313076e+01	4.30413063e+06	1.67524273e+05	1.00000000e-09	1.00000000e-09	1.00000000e-10	1.00000000e-10	0.00000000e+00	4.17481111e-06
2.00000000e+01	1.68153845e+01	4.28895728e+06	1.66933699e+05	1.00000000e-09	1.00000000e-09	1.00000000e-10	1.00000000e-10	0.00000000e+00	3.83815657e-06
2.01000000e+01	1.68994614e+01	4.27378393e+06	1.66343126e+05	1.00000000e-09	1.00000000e-09	1.00000000e-10	1.00000000e-10	0.00000000e+00	3.52864967e-06
2.02000000e+01	1.69835383e+01	4.25861057e+06	1.65752553e+05	1.00000000e-09	5.59362934e+03	1.00000000e-10	5.59362934e+02	-5.39703185e+08	3.24410125e-06
2.03000000e+01	1.70676153e+01	4.24344916e+06	1.65162444e+05	1.00000000e-09	1.58821992e+03	1.00000000e-10	1.58821992e+02	-1.53239926e+08	2.98249865e-06
2.04000000e+01	1.71516922e+01	4.22829719e+06	1.64572703e+05	1.00000000e-09	1.00000000e-09	1.00000000e-10	1.00000000e-10	0.00000000e+00	2.74199155e-06
2.05000000e+01	1.72357691e+01	4.21314522e+06	1.63982962e+05	1.00000000e-09	1.00000000e-09	1.00000000e-10	1.00000000e-10	0.00000000e+00	2.52087882e-06
2.06000000e+01	1.73198460e+01	4.19799325e+06	1.63393221e+05	1.00000000e-09	5.07649762e+03	1.00000000e-10	5.07649762e+02	-4.89807559e+08	2.31759650e-06
2.07000000e+01	1.74039230e+01	4.18285047e+06	1.62803837e+05	1.00000000e-09	3.21285291e+03	1.00000000e-10	3.21285291e+02	-3.09993180e+08	2.13070675e-06
2.08000000e+01	1.74879999e+01	4.16771983e+06	1.62214926e+05	1.00000000e-09	1.00000000e-09	1.00000000e-10	1.00000000e-10	0.00000000e+00	1.95888770e-06
2.09000000e+01	1.75720768e+01	4.15258920e+06	1.61626016e+05	1.00000000e-09	1.00000000e-09	1.00000000e-10	1.00000000e-10	0.00000000e+00	1.80092404e-06
2.10000000e+01	1.76561537e+01	4.13745856e+06	1.61037105e+05	1.00000000e-09	4.07942184e+03	1.00000000e-10	4.07942184e+02	-3.93604371e+08	1.65569849e-06
2.11000000e+01	1.77402306e+01	4.12233377e+06	1.60448422e+05	1.00000000e-09	4.60676223e+03	1.00000000e-10	4.60676223e+02	-4.44484984e+08	1.52218384e-06
2.12000000e+01	1.78243076e+01	4.10722313e+06	1.59860289e+05	1.00000000e-09	1.00000000e-09	1.00000000e-10	1.00000000e-10	0.00000000e+00	1.39943575e-06
2.13000000e+01	1.79083845e+01	4.09211250e+06	1.59272157e+05	1.00000000e-09	1.00000000e-09	1.00000000e-10	1.00000000e-10	0.00000000e+00	1.28658600e-06
2.14000000e+01	1.79924614e+01	4.07700187e+06	1.58684025e+05	1.00000000e-09	2.67870368e+03	1.00000000e-10	2.67870368e+02	-2.58455614e+08	1.18283639e-06
2.15000000e+01	1.80765383e+01	4.06189333e+06	1.58095974e+05	1.00000000e-09	5.62995371e+03	1.00000000e-10	5.62995371e+02	-5.43207954e+08	1.08745310e-06
2.16000000e+01	1.81606153e+01	4.04680014e+06	1.57508521e+05	1.00000000e-09	1.00000000e-09	1.00000000e-10	1.00000000e-10	0.00000000e+00	9.99761460e-07
2.17000000e+01	1.82446922e+01	4.03170695e+06	1.56921068e+05	1.00000000e-09	1.00000000e-09	1.00000000e-10	1.00000000e-10	0.00000000e+00	9.19141229e-07
2.18000000e+01	1.83287691e+01	4.01661376e+06	1.56333614e+05	1.00000000e-09	9.94176415e+02	1.00000000e-10	9.94176415e+01	-9.59234416e+07	8.45022171e-07
2.19000000e+01	1.84128460e+01	4.00152057e+06	1.55746161e+05	1.00000000e-09	6.14148142e+03	1.00000000e-10	6.14148142e+02	-5.92562875e+08	7.76880034e-07
2.20000000e+01	1.84969229e+01	3.98644305e+06	1.55159318e+05	1.00000000e-09	1.00000000e-09	1.00000000e-10	1.00000000e-10	0.00000000e+00	7.14232843e-07
2.21000000e+01	1.85809999e+01	3.97136913e+06	1.54572615e+05	1.00000000e-09	1.00000000e-09	1.00000000e-10	1.00000000e-10	0.00000000e+00	6.56637488e-07
2.22000000e+01	1.86650768e+01	3.95629522e+06	1.53985912e+05	1.00000000e-09	1.00000000e-09	1.00000000e-10	1.00000000e-10	0.00000000e+00	6.03686592e-07
2.23000000e+01	1.87491537e+01	3.94122130e+06	1.53399209e+05	1.00000000e-09	6.11174858e+03	1.00000000e-10	6.11174858e+02	-5.89694092e+08	5.55005627e-07
2.24000000e+01	1.88332306e+01	3.92616248e+06	1.52813093e+05	1.00000000e-09	1.58288702e+03	1.00000000e-10	1.58288702e+02	-1.52725380e+08	5.10250270e-07
2.25000000e+01	1.89173076e+01	3.91111121e+06	1.52227271e+05	1.00000000e-09	1.00000000e-09	1.00000000e-10	1.00000000e-10	0.00000000e+00	4.69103960e-07
2.26000000e+01	1.90013845e+01	3.89605994e+06	1.51641450e+05	1.00000000e-09	1.00000000e-09	1.00000000e-10	1.00000000e-10	0.00000000e+00	4.31275667e-07
2.27000000e+01	1.90854614e+01	3.88100867e+06	1.51055628e+05	1.00000000e-09	5.54189940e+03	1.00000000e-10	5.54189940e+02	-5.34712004e+08	3.96497828e-07
2.28000000e+01	1.91695383e+01	3.86597106e+06	1.50470338e+05	1.00000000e-09	3.29715004e+03	1.00000000e-10	3.29715004e+02	-3.18126617e+08	3.64524455e-07
2.29000000e+01	1.92536153e+01	3.85094467e+06	1.49885485e+05	1.00000000e-09	1.00000000e-09	1.00000000e-10	1.00000000e-10	0.00000000e+00	3.35129397e-07
2.30000000e+01	1.93376922e+01	3.83591829e+06	1.49300632e+05	1.00000000e-09	1.00000000e-09	1.00000000e-10	1.00000000e-10	0.00000000e+00	3.08104742e-07
2.31000000e+01	1.94217691e+01	3.82089191e+06	1.48715779e+05	1.00000000e-09	4.47820194e+03	1.00000000e-10	4.47820194e+02	-4.32080802e+08	2.83259340e-07
2.32000000e+01	1.95058460e+01	3.80587693e+06	1.48131370e+05	1.00000000e-09	4.73968588e+03	1.00000000e-10	4.73968588e+02	-4.57310167e+08	2.60417458e-07
2.33000000e+01	1.95899229e+01	3.79087643e+06	1.47547524e+05	1.00000000e-09	1.00000000e-09	1.00000000e-10	1.00000000e-10	0.00000000e+00	2.39417533e-07
2.34000000e+01	1.96739999e+01	3.77587593e+06	1.46963678e+05	1.00000000e-09	1.00000000e-09	1.00000000e-10	1.00000000e-10	0.00000000e+00	2.20111031e-07
2.35000000e+01	1.97580768e+01	3.76087544e+06	1.46379833e+05	1.00000000e-09	3.01624205e+03	1.00000000e-10	3.01624205e+02	-2.91023115e+08	2.02361395e-07
2.36000000e+01	1.98421537e+01	3.74588340e+06	1.45796317e+05	1.00000000e-09	5.77530543e+03	1.00000000e-10	5.77530543e+02	-5.57232263e+08	1.86043080e-07
2.37000000e+01	1.99262306e+01	3.73090849e+06	1.45213467e+05	1.00000000e-09	1.00000000e-09	1.00000000e-10	1.00000000e-10	0.00000000e+00	1.71040665e-07
2.38000000e+01	2.00103076e+01	3.71593357e+06	1.44630617e+05	1.00000000e-09	1.00000000e-09	1.00000000e-10	1.00000000e-10	0.00000000e+00	1.57248037e-07
2.39000000e+01	2.00943845e+01	3.70095866e+06	1.44047767e+05	1.00000000e-09	1.29205034e+03	1.00000000e-10	1.29205034e+02	-1.24663906e+08	1.44567640e-07
2.40000000e+01	2.01784614e+01	3.68598871e+06	1.43465111e+05	1.00000000e-09	6.30868076e+03	1.00000000e-10	6.30868076e+02	-6.08695159e+08	1.32909782e-07
2.41000000e+01	2.02625383e+01	3.67103779e+06	1.42883195e+05	1.00000000e-09	1.00000000e-09	1.00000000e-10	1.00000000e-10	0.00000000e+00	1.22192009e-07
2.42000000e+01	2.03466152e+01	3.65608686e+06	1.42301279e+05	1.00000000e-09	1.00000000e-09	1.00000000e-10	1.00000000e-10	0.00000000e+00	1.12338510e-07
2.43000000e+01	2.04306922e+01	3.64113594e+06	1.41719363e+05	1.00000000e-09	1.00000000e-09	1.00000000e-10	1.00000000e-10	0.00000000e+00	1.03279593e-07
2.44000000e+01	2.05147691e+01	3.62618610e+06	1.41137489e+05	1.00000000e-09	6.29506353e+03	1.00000000e-10	6.29506353e+02	-6.07381295e+08	9.49511815e-08
2.45000000e+01	2.05988460e+01	3.61125636e+06	1.40556397e+05	1.00000000e-09	1.23474994e+03	1.00000000e-10	1.23474994e+02	-1.19135258e+08	8.72943689e-08
2.46000000e+01	2.06829229e+01	3.59632734e+06	1.39975334e+05	1.00000000e-09	1.00000000e-09	1.00000000e-10	1.00000000e-10	0.00000000e+00	8.02549976e-08
2.47000000e+01	2.07669999e+01	3.58139831e+06	1.39394270e+05	1.00000000e-09	1.00000000e-09	1.00000000e-10	1.00000000e-10	0.00000000e+00	7.37832774e-08
2.48000000e+01	2.08510768e+01	3.56646929e+06	1.38813206e+05	1.00000000e-09	5.70344050e+03	1.00000000e-10	5.70344050e+02	-5.50298351e+08	6.78334333e-08
2.49000000e+01	2.09351537e+01	3.55156054e+06	1.38232932e+05	1.00000000e-09	2.88513990e+03	1.00000000e-10	2.88513990e+02	-2.78373681e+08	6.23633815e-08
2.50000000e+01	2.10192306e+01	3.53665663e+06	1.37652846e+05	1.00000000e-09	1.00000000e-09	1.00000000e-10	1.00000000e-10	0.00000000e+00	5.73344317e-08
2.51000000e+01	2.11033075e+01	3.52175272e+06	1.37072760e+05	1.00000000e-09	1.00000000e-09	1.00000000e-10	1.00000000e-10	0.00000000e+00	5.27110137e-08
2.52000000e+01	2.11873845e+01	3.50684881e+06	1.36492673e+05	1.00000000e-09	4.64490220e+03	1.00000000e-10	4.64490220e+02	-4.48164932e+08	4.84604257e-08
2.53000000e+01	2.12714614e+01	3.49196446e+06	1.35913349e+05	1.00000000e-09	4.23369885e+03	1.00000000e-10	4.23369885e+02	-4.08489840e+08	4.45526029e-08
2.54000000e+01	2.13555383e+01	3.47708897e+06	1.35334369e+05	1.00000000e-09	1.00000000e-09	1.00000000e-10	1.00000000e-10	0.00000000e+00	4.09599048e-08
2.55000000e+01	2.14396152e+01	3.46221348e+06	1.34755389e+05	1.00000000e-09	1.00000000e-09	1.00000000e-10	1.00000000e-10	0.00000000e+00	3.76569199e-08
2.56000000e+01	2.15236922e+01	3.44733800e+06	1.34176409e+05	1.00000000e-09	3.23186590e+03	1.00000000e-10	3.23186590e+02	-3.11827655e+08	3.46202860e-08
2.57000000e+01	2.16077691e+01	3.43248048e+06	1.33598128e+05	1.00000000e-09	5.16179471e+03	1.00000000e-10	5.16179471e+02	-4.98037477e+08	3.18285246e-08
2.58000000e+01	2.16918460e+01	3.41763556e+06	1.33020338e+05	1.00000000e-09	1.00000000e-09	1.00000000e-10	1.00000000e-10	0.00000000e+00	2.92618894e-08
2.59000000e+01	2.17759229e+01	3.40279064e+06	1.32442548e+05	1.00000000e-09	1.00000000e-09	1.00000000e-10	1.00000000e-10	0.00000000e+00	2.69022262e-08
2.60000000e+01	2.18599998e+01	3.38794572e+06	1.31864758e+05	1.00000000e-09	1.61056483e+03	1.00000000e-10	1.61056483e+02	-1.55395883e+08	2.47328451e-08
2.61000000e+01	2.19440768e+01	3.37311640e+06	1.31287574e+05	1.00000000e-09	5.59599377e+03	1.00000000e-10	5.59599377e+02	-5.39931317e+08	2.27384017e-08
2.62000000e+01	2.20281537e+01	3.35830292e+06	1.30711008e+05	1.00000000e-09	1.00000000e-09	1.00000000e-10	1.00000000e-10	0.00000000e+00	2.09047891e-08
2.63000000e+01	2.21122306e+01	3.34348945e+06	1.30134442e+05	1.00000000e-09	1.00000000e-09	1.00000000e-10	1.00000000e-10	0.00000000e+00	1.92190381e-08
2.64000000e+01	2.21963075e+01	3.32867598e+06	1.29557876e+05	1.00000000e-09	1.00000000e-09	1.00000000e-10	1.00000000e-10	0.00000000e+00	1.76692251e-08
2.65000000e+01	2.22803845e+01	3.31387503e+06	1.28981797e+05	1.00000000e-09	5.51582864e+03	1.00000000e-10	5.51582864e+02	-5.32196558e+08	1.62443882e-08
2.66000000e+01	2.23644614e+01	3.29909256e+06	1.28406438e+05	1.00000000e-09	6.59401075e+02	1.00000000e-10	6.59401075e+01	-6.36225317e+07	1.49344494e-08
2.67000000e+01	2.24485383e+01	3.28431010e+06	1.27831079e+05	1.00000000e-09	1.00000000e-09	1.00000000e-10	1.00000000e-10	0.00000000e+00	1.37301434e-08
2.68000000e+01	2.25326152e+01	3.26952764e+06	1.27255719e+05	1.00000000e-09	1.00000000e-09	1.00000000e-10	1.00000000e-10	0.00000000e+00	1.26229520e-08
2.69000000e+01	2.26166921e+01	3.25475409e+06	1.26680707e+05	1.00000000e-09	4.95577664e+03	1.00000000e-10	4.95577664e+02	-4.78159755e+08	1.16050438e-08
2.70000000e+01	2.27007691e+01	3.24000090e+06	1.26106487e+05	1.00000000e-09	2.07300119e+03	1.00000000e-10	2.07300119e+02	-2.00014209e+08	1.06692193e-08
2.71000000e+01	2.27848460e+01	3.22524771e+06	1.25532267e+05	1.00000000e-09	1.00000000e-09	1.00000000e-10	1.00000000e-10	0.00000000e+00	9.80885916e-09
2.72000000e+01	2.28689229e+01	3.21049452e+06	1.24958048e+05	1.00000000e-09	1.00000000e-09	1.00000000e-10	1.00000000e-10	0.00000000e+00	9.01787799e-09
2.73000000e+01	2.29529998e+01	3.19574628e+06	1.24384020e+05	1.00000000e-09	4.00093496e+03	1.00000000e-10	4.00093496e+02	-3.86031539e+08	8.29068113e-09
2.74000000e+01	2.30370768e+01	3.18101941e+06	1.23810825e+05	1.00000000e-09	3.16462120e+03	1.00000000e-10	3.16462120e+02	-3.05339528e+08	7.62212503e-09
2.75000000e+01	2.31211537e+01	3.16629255e+06	1.23237629e+05	1.00000000e-09	1.00000000e-09	1.00000000e-10	1.00000000e-10	0.00000000e+00	7.00748093e-09
2.76000000e+01	2.32052306e+01	3.15156568e+06	1.22664434e+05	1.00000000e-09	1.00000000e-09	1.00000000e-10	1.00000000e-10	0.00000000e+00	6.44240141e-09
2.77000000e+01	2.32893075e+01	3.13683961e+06	1.22091270e+05	1.00000000e-09	2.77663258e+03	1.00000000e-10	2.77663258e+02	-2.67904317e+08	5.92288960e-09
2.78000000e+01	2.33733845e+01	3.12213504e+06	1.21518942e+05	1.00000000e-09	3.84328515e+03	1.00000000e-10	3.84328515e+02	-3.70820644e+08	5.44527095e-09
2.79000000e+01	2.34574614e+01	3.10743142e+06	1.20946652e+05	1.00000000e-09	1.00000000e-09	1.00000000e-10	1.00000000e-10	0.00000000e+00	5.00616720e-09
2.80000000e+01	2.35415383e+01	3.09272781e+06	1.20374362e+05	1.00000000e-09	1.00000000e-09	1.00000000e-10	1.00000000e-10	0.00000000e+00	4.60247255e-09
2.81000000e+01	2.36256152e+01	3.07802420e+06	1.19802071e+05	1.00000000e-09	1.38726289e+03	1.00000000e-10	1.38726289e+02	-1.33850520e+08	4.23133162e-09
2.82000000e+01	2.37096921e+01	3.06334130e+06	1.19230587e+05	1.00000000e-09	4.06393552e+03	1.00000000e-10	4.06393552e+02	-3.92110168e+08	3.89011930e-09
2.83000000e+01	2.37937691e+01	3.04866339e+06	1.18659297e+05	1.00000000e-09	1.00000000e-09	1.00000000e-10	1.00000000e-10	0.00000000e+00	3.57642216e-09
2.84000000e+01	2.38778460e+01	3.03398548e+06	1.18088008e+05	1.00000000e-09	1.00000000e-09	1.00000000e-10	1.00000000e-10	0.00000000e+00	3.28802138e-09
2.85000000e+01	2.39619229e+01	3.01930757e+06	1.17516718e+05	1.00000000e-09	3.75732335e+01	1.00000000e-10	3.75732335e+00	-3.62526592e+06	3.02287709e-09
2.86000000e+01	2.40459998e+01	3.00464872e+06	1.16946170e+05	1.00000000e-09	3.84341169e+03	1.00000000e-10	3.84341169e+02	-3.70832853e+08	2.77911390e-09
2.87000000e+01	2.41300768e+01	2.98999858e+06	1.16375961e+05	1.00000000e-09	4.68273761e+02	1.00000000e-10	4.68273761e+01	-4.51815493e+07	2.55500764e-09
2.88000000e+01	2.42141537e+01	2.97534843e+06	1.15805751e+05	1.00000000e-09	1.00000000e-09	1.00000000e-10	1.00000000e-10	0.00000000e+00	2.34897319e-09
2.89000000e+01	2.42982306e+01	2.96069829e+06	1.15235542e+05	1.00000000e-09	1.00000000e-09	1.00000000e-10	1.00000000e-10	0.00000000e+00	2.15955324e-09
2.90000000e+01	2.43823075e+01	2.94606476e+06	1.14665980e+05	1.00000000e-09	3.24636862e+03	1.00000000e-10	3.24636862e+02	-3.13226954e+08	1.98540802e-09
2.91000000e+01	2.44663844e+01	2.93144314e+06	1.14096881e+05	1.00000000e-09	1.46856330e+03	1.00000000e-10	1.46856330e+02	-1.41694817e+08	1.82530578e-09
2.92000000e+01	2.45504614e+01	2.91682153e+06	1.13527783e+05	1.00000000e-09	1.00000000e-09	1.00000000e-10	1.00000000e-10	0.00000000e+00	1.67811410e-09
2.93000000e+01	2.46345383e+01	2.90219992e+06	1.12958684e+05	1.00000000e-09	1.00000000e-09	1.00000000e-10	1.00000000e-10	0.00000000e+00	1.54279187e-09
2.94000000e+01	2.47186152e+01	2.88759181e+06	1.12390111e+05	1.00000000e-09	2.37905822e+03	1.00000000e-10	2.37905822e+02	-2.29544222e+08	1.41838196e-09
2.95000000e+01	2.48026921e+01	2.87299818e+06	1.11822101e+05	1.00000000e-09	2.13372599e+03	1.00000000e-10	2.13372599e+02	-2.05873261e+08	1.30400439e-09
2.96000000e+01	2.48867691e+01	2.85840454e+06	1.11254091e+05	1.00000000e-09	1.00000000e-09	1.00000000e-10	1.00000000e-10	0.00000000e+00	1.19885018e-09
2.97000000e+01	2.49708460e+01	2.84381091e+06	1.10686082e+05	1.00000000e-09	1.00000000e-09	1.00000000e-10	1.00000000e-10	0.00000000e+00	1.10217554e-09
2.98000000e+01	2.50549229e+01	2.82922714e+06	1.10118456e+05	1.00000000e-09	1.37538784e+03	1.00000000e-10	1.37538784e+02	-1.32704752e+08	1.01329669e-09
2.99000000e+01	2.51389998e+01	2.81465963e+06	1.09551463e+05	1.00000000e-09	2.41598364e+03	1.00000000e-10	2.41598364e+02	-2.33106984e+08	9.31584987e-10
3.00000000e+01	2.52230767e+01	2.80009212e+06	1.08984470e+05	1.00000000e-09	1.00000000e-09	1.00000000e-10	1.00000000e-10	0.00000000e+00	8.56462471e-10
3.01000000e+01	2.53071537e+01	2.78552460e+06	1.08417477e+05	1.00000000e-09	1.00000000e-09	1.00000000e-10	1.00000000e-10	0.00000000e+00	7.87397794e-10
3.02000000e+01	2.53912306e+01	2.77096298e+06	1.07850713e+05	1.00000000e-09	3.79404135e+02	1.00000000e-10	3.79404135e+01	-3.66069339e+07	7.23902457e-10
3.03000000e+01	2.54753075e+01	2.75641854e+06	1.07284618e+05	1.00000000e-09	2.31942923e+03	1.00000000e-10	2.31942923e+02	-2.23790900e+08	6.65527349e-10
3.04000000e+01	2.55593844e+01	2.74187409e+06	1.06718523e+05	1.00000000e-09	3.03200291e+01	1.00000000e-10	3.03200291e+00	-2.92543808e+06	6.11859579e-10
3.05000000e+01	2.56434614e+01	2.72732964e+06	1.06152427e+05	1.00000000e-09	1.00000000e-09	1.00000000e-10	1.00000000e-10	0.00000000e+00	5.62519549e-10
3.06000000e+01	2.57275383e+01	2.71278696e+06	1.05586401e+05	1.00000000e-09	1.00000000e-09	1.00000000e-10	1.00000000e-10	0.00000000e+00	5.17158273e-10
3.07000000e+01	2.58116152e+01	2.69826146e+06	1.05021043e+05	1.00000000e-09	1.89849080e+03	1.00000000e-10	1.89849080e+02	-1.83176515e+08	4.75454906e-10
3.08000000e+01	2.58956921e+01	2.68373610e+06	1.04455691e+05	1.00000000e-09	8.06841333e+02	1.00000000e-10	8.06841333e+01	-7.78483540e+07	4.37114476e-10
3.09000000e+01	2.59797690e+01	2.66921074e+06	1.03890338e+05	1.00000000e-09	1.00000000e-09	1.00000000e-10	1.00000000e-10	0.00000000e+00	4.01865798e-10
3.10000000e+01	2.60638460e+01	2.65468537e+06	1.03324986e+05	1.00000000e-09	1.00000000e-09	1.00000000e-10	1.00000000e-10	0.00000000e+00	3.69459555e-10
3.11000000e+01	2.61479229e+01	2.64017628e+06	1.02760266e+05	1.00000000e-09	1.24262403e+03	1.00000000e-10	1.24262403e+02	-1.19894992e+08	3.39666533e-10
3.12000000e+01	2.62319998e+01	2.62567127e+06	1.02195706e+05	1.00000000e-09	1.25798279e+03	1.00000000e-10	1.25798279e+02	-1.21376888e+08	3.12276006e-10
3.13000000e+01	2.63160767e+01	2.61116627e+06	1.01631146e+05	1.00000000e-09	1.00000000e-09	1.00000000e-10	1.00000000e-10	0.00000000e+00	2.87094235e-10
3.14000000e+01	2.64001537e+01	2.59666127e+06	1.01066586e+05	1.00000000e-09	1.00000000e-09	1.00000000e-10	1.00000000e-10	0.00000000e+00	2.63943109e-10
3.15000000e+01	2.64842306e+01	2.58217077e+06	1.00502591e+05	1.00000000e-09	4.82616681e+02	1.00000000e-10	4.82616681e+01	-4.65654308e+07	2.42658878e-10
3.16000000e+01	2.65683075e+01	2.56768796e+06	9.99388949e+04	1.00000000e-09	1.37462416e+03	1.00000000e-10	1.37462416e+02	-1.32631069e+08	2.23090996e-10
3.17000000e+01	2.66523844e+01	2.55320516e+06	9.93751989e+04	1.00000000e-09	1.00000000e-09	1.00000000e-10	1.00000000e-10	0.00000000e+00	2.05101057e-10
3.18000000e+01	2.67364614e+01	2.53872236e+06	9.88115029e+04	1.00000000e-09	1.00000000e-09	1.00000000e-10	1.00000000e-10	0.00000000e+00	1.88561817e-10
3.19000000e+01	2.68205383e+01	2.52425151e+06	9.82482723e+04	1.00000000e-09	1.00000000e-09	1.00000000e-10	1.00000000e-10	0.00000000e+00	1.73356293e-10
3.20000000e+01	2.69046152e+01	2.50979143e+06	9.76854609e+04	1.00000000e-09	1.16352445e+03	1.00000000e-10	1.16352445e+02	-1.12263043e+08	1.59376934e-10
3.21000000e+01	2.69886921e+01	2.49533136e+06	9.71226496e+04	1.00000000e-09	4.53152726e+02	1.00000000e-10	4.53152726e+01	-4.37225913e+07	1.46524863e-10
3.22000000e+01	2.70727690e+01	2.48087128e+06	9.65598382e+04	1.00000000e-09	1.00000000e-09	1.00000000e-10	1.00000000e-10	0.00000000e+00	1.34709176e-10
3.23000000e+01	2.71568460e+01	2.46641997e+06	9.59973680e+04	1.00000000e-09	1.00000000e-09	1.00000000e-10	1.00000000e-10	0.00000000e+00	1.23846300e-10
3.24000000e+01	2.72409229e+01	2.45198182e+06	9.54354100e+04	1.00000000e-09	6.80644746e+02	1.00000000e-10	6.80644746e+01	-6.56722344e+07	1.13859401e-10
3.25000000e+01	2.73249998e+01	2.43754367e+06	9.48734520e+04	1.00000000e-09	9.38738486e+02	1.00000000e-10	9.38738486e+01	-9.05744946e+07	1.04677839e-10
3.26000000e+01	2.74090767e+01	2.42310552e+06	9.43114940e+04	1.00000000e-09	1.00000000e-09	1.00000000e-10	1.00000000e-10	0.00000000e+00	9.62366743e-11
3.27000000e+01	2.74931537e+01	2.40867246e+06	9.37497341e+04	1.00000000e-09	1.00000000e-09	1.00000000e-10	1.00000000e-10	0.00000000e+00	8.84762003e-11
3.28000000e+01	2.75772306e+01	2.39425414e+06	9.31885480e+04	1.00000000e-09	2.33728140e+01	1.00000000e-10	2.33728140e+00	-2.25513372e+06	8.13415267e-11
3.29000000e+01	2.76613075e+01	2.37983583e+06	9.26273620e+04	1.00000000e-09	1.13440360e+03	1.00000000e-10	1.13440360e+02	-1.09453308e+08	7.47821894e-11
3.30000000e+01	2.77453844e+01	2.36541751e+06	9.20661760e+04	1.00000000e-09	1.78771133e+02	1.00000000e-10	1.78771133e+01	-1.72487921e+07	6.87517936e-11
3.31000000e+01	2.78294613e+01	2.35100030e+06	9.15050329e+04	1.00000000e-09	1.00000000e-09	1.00000000e-10	1.00000000e-10	0.00000000e+00	6.32076857e-11
3.32000000e+01	2.79135383e+01	2.33659854e+06	9.09444912e+04	1.00000000e-09	1.00000000e-09	1.00000000e-10	1.00000000e-10	0.00000000e+00	5.81106517e-11
3.33000000e+01	2.79976152e+01	2.32219739e+06	9.03839736e+04	1.00000000e-09	9.90363178e+02	1.00000000e-10	9.90363178e+01	-9.55555201e+07	5.34246397e-11
3.34000000e+01	2.80816921e+01	2.30779625e+06	8.98234559e+04	1.00000000e-09	8.59773199e+02	1.00000000e-10	8.59773199e+01	-8.29555027e+07	4.91165053e-11
3.35000000e+01	2.81657690e+01	2.29339510e+06	8.92629382e+04	1.00000000e-09	1.00000000e-09	1.00000000e-10	1.00000000e-10	0.00000000e+00	4.51557765e-11
3.36000000e+01	2.82498460e+01	2.27900920e+06	8.87030138e+04	1.00000000e-09	1.00000000e-09	1.00000000e-10	1.00000000e-10	0.00000000e+00	4.15144388e-11
3.37000000e+01	2.83339229e+01	2.26462798e+06	8.81432716e+04	1.00000000e-09	5.11062775e+02	1.00000000e-10	5.11062775e+01	-4.93100615e+07	3.81667366e-11
3.38000000e+01	2.84179998e+01	2.25024676e+06	8.75835295e+04	1.00000000e-09	1.40122098e+03	1.00000000e-10	1.40122098e+02	-1.35197272e+08	3.50889914e-11
3.39000000e+01	2.85020767e+01	2.23586554e+06	8.70237874e+04	1.00000000e-09	1.00000000e-09	1.00000000e-10	1.00000000e-10	0.00000000e+00	3.22594338e-11
3.40000000e+01	2.85861536e+01	2.22149845e+06	8.64645951e+04	1.00000000e-09	1.00000000e-09	1.00000000e-10	1.00000000e-10	0.00000000e+00	2.96580503e-11
3.41000000e+01	2.86702306e+01	2.20713991e+06	8.59057357e+04	1.00000000e-09	1.00000000e-09	1.00000000e-10	1.00000000e-10	0.00000000e+00	2.72664410e-11
3.42000000e+01	2.87543075e+01	2.19278137e+06	8.53468763e+04	1.00000000e-09	1.68860616e+03	1.00000000e-10	1.68860616e+02	-1.62925726e+08	2.50676897e-11
3.43000000e+01	2.88383844e+01	2.17842283e+06	8.47880169e+04	1.00000000e-09	5.18912029e+02	1.00000000e-10	5.18912029e+01	-5.00673995e+07	2.30462446e-11
3.44000000e+01	2.89224613e+01	2.16407645e+06	8.42296307e+04	1.00000000e-09	1.00000000e-09	1.00000000e-10	1.00000000e-10	0.00000000e+00	2.11878078e-11
3.45000000e+01	2.90065383e+01	2.14974210e+06	8.36717128e+04	1.00000000e-09	1.00000000e-09	1.00000000e-10	1.00000000e-10	0.00000000e+00	1.94792342e-11
3.46000000e+01	2.90906152e+01	2.13540775e+06	8.31137949e+04	1.00000000e-09	1.64221943e+03	1.00000000e-10	1.64221943e+02	-1.58450087e+08	1.79084392e-11
3.47000000e+01	2.91746921e+01	2.12107340e+06	8.25558770e+04	1.00000000e-09	1.38039886e+03	1.00000000e-10	1.38039886e+02	-1.33188242e+08	1.64643122e-11
3.48000000e+01	2.92587690e+01	2.10674849e+06	8.19983264e+04	1.00000000e-09	1.00000000e-09	1.00000000e-10	1.00000000e-10	0.00000000e+00	1.51366389e-11
3.49000000e+01	2.93428459e+01	2.09243852e+06	8.14413573e+04	1.00000000e-09	1.00000000e-09	1.00000000e-10	1.00000000e-10	0.00000000e+00	1.39160284e-11
3.50000000e+01	2.94269229e+01	2.07812854e+06	8.08843882e+04	1.00000000e-09	1.22997230e+03	1.00000000e-10	1.22997230e+02	-1.18674286e+08	1.27938473e-11
3.51000000e+01	2.95109998e+01	2.06381857e+06	8.03274191e+04	1.00000000e-09	2.18213678e+03	1.00000000e-10	2.18213678e+02	-2.10544192e+08	1.17621583e-11
3.52000000e+01	2.95950767e+01	2.04951470e+06	7.97706874e+04	1.00000000e-09	1.00000000e-09	1.00000000e-10	1.00000000e-10	0.00000000e+00	1.08136641e-11
3.53000000e+01	2.96791536e+01	2.03522796e+06	7.92146227e+04	1.00000000e-09	1.00000000e-09	1.00000000e-10	1.00000000e-10	0.00000000e+00	9.94165601e-12
3.54000000e+01	2.97632306e+01	2.02094122e+06	7.86585579e+04	1.00000000e-09	4.74196614e+02	1.00000000e-10	4.74196614e+01	-4.57530178e+07	9.13996618e-12
3.55000000e+01	2.98473075e+01	2.00665449e+06	7.81024932e+04	1.00000000e-09	2.78190618e+03	1.00000000e-10	2.78190618e+02	-2.68413141e+08	8.40292419e-12
3.56000000e+01	2.99313844e+01	1.99237005e+06	7.75465182e+04	1.00000000e-09	1.00000000e-09	1.00000000e-10	1.00000000e-10	0.00000000e+00	7.72531687e-12
3.57000000e+01	3.00154613e+01	1.97810413e+06	7.69912636e+04	1.00000000e-09	1.00000000e-09	1.00000000e-10	1.00000000e-10	0.00000000e+00	7.10235144e-12
3.58000000e+01	3.00995383e+01	1.96383821e+06	7.64360089e+04	1.00000000e-09	1.00000000e-09	1.00000000e-10	1.00000000e-10	0.00000000e+00	6.52962161e-12
3.59000000e+01	3.01836152e+01	1.94957228e+06	7.58807543e+04	1.00000000e-09	3.05727191e+03	1.00000000e-10	3.05727191e+02	-2.94981896e+08	6.00307641e-12
3.60000000e+01	3.02676921e+01	1.93530636e+06	7.53254997e+04	1.00000000e-09	1.09946869e+03	1.00000000e-10	1.09946869e+02	-1.06082602e+08	5.51899153e-12
3.61000000e+01	3.03517690e+01	1.92105942e+06	7.47709840e+04	1.00000000e-09	1.00000000e-09	1.00000000e-10	1.00000000e-10	0.00000000e+00	5.07394300e-12
3.62000000e+01	3.04358459e+01	1.90681622e+06	7.42166135e+04	1.00000000e-09	1.00000000e-09	1.00000000e-10	1.00000000e-10	0.00000000e+00	4.66478295e-12
3.63000000e+01	3.05199229e+01	1.89257301e+06	7.36622430e+04	1.00000000e-09	2.92292527e+03	1.00000000e-10	2.92292527e+02	-2.82019415e+08	4.28861734e-12
3.64000000e+01	3.06039998e+01	1.87832980e+06	7.31078726e+04	1.00000000e-09	2.28557368e+03	1.00000000e-10	2.28557368e+02	-2.20524335e+08	3.94278553e-12
3.65000000e+01	3.06880767e+01	1.86410513e+06	7.25542237e+04	1.00000000e-09	1.00000000e-09	1.00000000e-10	1.00000000e-10	0.00000000e+00	3.62484141e-12
3.66000000e+01	3.07721536e+01	1.84988827e+06	7.20008787e+04	1.00000000e-09	1.00000000e-09	1.00000000e-10	1.00000000e-10	0.00000000e+00	3.33253613e-12
3.67000000e+01	3.08562306e+01	1.83567141e+06	7.14475337e+04	1.00000000e-09	2.34717694e+03	1.00000000e-10	2.34717694e+02	-2.26468147e+08	3.06380220e-12
3.68000000e+01	3.09403075e+01	1.82145455e+06	7.08941887e+04	1.00000000e-09	3.38733227e+03	1.00000000e-10	3.38733227e+02	-3.26827879e+08	2.81673882e-12
3.69000000e+01	3.10243844e+01	1.80725488e+06	7.03415128e+04	1.00000000e-09	1.00000000e-09	1.00000000e-10	1.00000000e-10	0.00000000e+00	2.58959851e-12
3.70000000e+01	3.11084613e+01	1.79306686e+06	6.97892900e+04	1.00000000e-09	1.00000000e-09	1.00000000e-10	1.00000000e-10	0.00000000e+00	2.38077467e-12
3.71000000e+01	3.11925382e+01	1.77887883e+06	6.92370672e+04	1.00000000e-09	1.35555606e+03	1.00000000e-10	1.35555606e+02	-1.30791277e+08	2.18879027e-12
3.72000000e+01	3.12766152e+01	1.76469080e+06	6.86848444e+04	1.00000000e-09	4.24429722e+03	1.00000000e-10	4.24429722e+02	-4.09512427e+08	2.01228739e-12
3.73000000e+01	3.13606921e+01	1.75051778e+06	6.81332058e+04	1.00000000e-09	1.00000000e-09	1.00000000e-10	1.00000000e-10	0.00000000e+00	1.85001761e-12
3.74000000e+01	3.14447690e+01	1.73635980e+06	6.75821524e+04	1.00000000e-09	1.00000000e-09	1.00000000e-10	1.00000000e-10	0.00000000e+00	1.70083318e-12
3.75000000e+01	3.15288459e+01	1.72220181e+06	6.70310990e+04	1.00000000e-09	3.24226779e+01	1.00000000e-10	3.24226779e+00	-3.12831284e+06	1.56367890e-12
3.76000000e+01	3.16129229e+01	1.70804383e+06	6.64800456e+04	1.00000000e-09	4.71616838e+03	1.00000000e-10	4.71616838e+02	-4.55041072e+08	1.43758467e-12
3.77000000e+01	3.16969998e+01	1.69389794e+06	6.59294629e+04	1.00000000e-09	5.82241069e+02	1.00000000e-10	5.82241069e+01	-5.61777229e+07	1.32165861e-12
3.78000000e+01	3.17810767e+01	1.67976988e+06	6.53795740e+04	1.00000000e-09	1.00000000e-09	1.00000000e-10	1.00000000e-10	0.00000000e+00	1.21508076e-12
3.79000000e+01	3.18651536e+01	1.66564182e+06	6.48296852e+04	1.00000000e-09	1.00000000e-09	1.00000000e-10	1.00000000e-10	0.00000000e+00	1.11709730e-12
3.80000000e+01	3.19492305e+01	1.65151375e+06	6.42797964e+04	1.00000000e-09	4.70287749e+03	1.00000000e-10	4.70287749e+02	-4.53758696e+08	1.02701517e-12
3.81000000e+01	3.20333075e+01	1.63739428e+06	6.37302419e+04	1.00000000e-09	2.17114692e+03	1.00000000e-10	2.17114692e+02	-2.09483832e+08	9.44197214e-13
3.82000000e+01	3.21173844e+01	1.62329468e+06	6.31814609e+04	1.00000000e-09	1.00000000e-09	1.00000000e-10	1.00000000e-10	0.00000000e+00	8.68057654e-13
3.83000000e+01	3.22014613e+01	1.60919508e+06	6.26326799e+04	1.00000000e-09	1.00000000e-09	1.00000000e-10	1.00000000e-10	0.00000000e+00	7.98057949e-13
3.84000000e+01	3.22855382e+01	1.59509548e+06	6.20838988e+04	1.00000000e-09	4.16049243e+03	1.00000000e-10	4.16049243e+02	-4.01426494e+08	7.33702982e-13
3.85000000e+01	3.23696152e+01	1.58100056e+06	6.15352998e+04	1.00000000e-09	3.69542171e+03	1.00000000e-10	3.69542171e+02	-3.56553991e+08	6.74537565e-13
3.86000000e+01	3.24536921e+01	1.56692670e+06	6.09875206e+04	1.00000000e-09	1.00000000e-09	1.00000000e-10	1.00000000e-10	0.00000000e+00	6.20143216e-13
3.87000000e+01	3.25377690e+01	1.55285284e+06	6.04397414e+04	1.00000000e-09	1.00000000e-09	1.00000000e-10	1.00000000e-10	0.00000000e+00	5.70135198e-13
3.88000000e+01	3.26218459e+01	1.53877898e+06	5.98919622e+04	1.00000000e-09	3.11045339e+03	1.00000000e-10	3.11045339e+02	-3.00113129e+08	5.24159800e-13
3.89000000e+01	3.27059228e+01	1.52470566e+06	5.93442040e+04	1.00000000e-09	4.96741588e+03	1.00000000e-10	4.96741588e+02	-4.79282771e+08	4.81891834e-13
3.90000000e+01	3.27899998e+01	1.51065368e+06	5.87972767e+04	1.00000000e-09	1.00000000e-09	1.00000000e-10	1.00000000e-10	0.00000000e+00	4.43032333e-13
3.91000000e+01	3.28740767e+01	1.49660295e+06	5.82503977e+04	1.00000000e-09	1.00000000e-09	1.00000000e-10	1.00000000e-10	0.00000000e+00	4.07306443e-13
3.92000000e+01	3.29581536e+01	1.48255222e+06	5.77035187e+04	1.00000000e-09	1.63562588e+03	1.00000000e-10	1.63562588e+02	-1.57813907e+08	3.74461468e-13
3.93000000e+01	3.30422305e+01	1.46850149e+06	5.71566397e+04	1.00000000e-09	5.77408007e+03	1.00000000e-10	5.77408007e+02	-5.57114033e+08	3.44265096e-13
3.94000000e+01	3.31263075e+01	1.45447146e+06	5.66105666e+04	1.00000000e-09	1.00000000e-09	1.00000000e-10	1.00000000e-10	0.00000000e+00	3.16503742e-13
3.95000000e+01	3.32103844e+01	1.44044676e+06	5.60647007e+04	1.00000000e-09	1.00000000e-09	1.00000000e-10	1.00000000e-10	0.00000000e+00	2.90981049e-13
3.96000000e+01	3.32944613e+01	1.42642205e+06	5.55188347e+04	1.00000000e-09	1.00000000e-09	1.00000000e-10	1.00000000e-10	0.00000000e+00	2.67516493e-13
3.97000000e+01	3.33785382e+01	1.41239735e+06	5.49729688e+04	1.00000000e-09	6.04582105e+03	1.00000000e-10	6.04582105e+02	-5.83333052e+08	2.45944106e-13
3.98000000e+01	3.34626152e+01	1.39839181e+06	5.44278489e+04	1.00000000e-09	8.35277224e+02	1.00000000e-10	8.35277224e+01	-8.05920003e+07	2.26111304e-13
3.99000000e+01	3.35466921e+01	1.38439539e+06	5.38830837e+04	1.00000000e-09	1.00000000e-09	1.00000000e-10	1.00000000e-10	0.00000000e+00	2.07877809e-13
4.00000000e+01	3.36307690e+01	1.37039897e+06	5.33383186e+04	1.00000000e-09	1.00000000e-09	1.00000000e-10	1.00000000e-10	0.00000000e+00	1.91114654e-13
4.01000000e+01	3.37148459e+01	1.35640255e+06	5.27935535e+04	1.00000000e-09	5.72250358e+03	1.00000000e-10	5.72250358e+02	-5.52137659e+08	1.75703270e-13
4.02000000e+01	3.37989228e+01	1.34242293e+06	5.22494424e+04	1.00000000e-09	2.66545357e+03	1.00000000e-10	2.66545357e+02	-2.57177173e+08	1.61534652e-13
4.03000000e+01	3.38829998e+01	1.32845575e+06	5.17058151e+04	1.00000000e-09	1.00000000e-09	1.00000000e-10	1.00000000e-10	0.00000000e+00	1.48508584e-13
4.04000000e+01	3.39670767e+01	1.31448856e+06	5.11621878e+04	1.00000000e-09	1.00000000e-09	1.00000000e-10	1.00000000e-10	0.00000000e+00	1.36532931e-13
4.05000000e+01	3.40511536e+01	1.30052137e+06	5.06185605e+04	1.00000000e-09	4.81301417e+03	1.00000000e-10	4.81301417e+02	-4.64385271e+08	1.25522989e-13
4.06000000e+01	3.41352305e+01	1.28656792e+06	5.00754679e+04	1.00000000e-09	4.28640665e+03	1.00000000e-10	4.28640665e+02	-4.13575369e+08	1.15400882e-13
4.07000000e+01	3.42193075e+01	1.27262957e+06	4.95329629e+04	1.00000000e-09	1.00000000e-09	1.00000000e-10	1.00000000e-10	0.00000000e+00	1.06095016e-13
4.08000000e+01	3.43033844e+01	1.25869122e+06	4.89904580e+04	1.00000000e-09	1.00000000e-09	1.00000000e-10	1.00000000e-10	0.00000000e+00	9.75395708e-14
4.09000000e+01	3.43874613e+01	1.24475286e+06	4.84479530e+04	1.00000000e-09	3.39713861e+03	1.00000000e-10	3.39713861e+02	-3.27774047e+08	8.96740319e-14
4.10000000e+01	3.44715382e+01	1.23082464e+06	4.79058420e+04	1.00000000e-09	5.51009703e+03	1.00000000e-10	5.51009703e+02	-5.31643542e+08	8.24427658e-14
4.11000000e+01	3.45556151e+01	1.21691339e+06	4.73643920e+04	1.00000000e-09	1.00000000e-09	1.00000000e-10	1.00000000e-10	0.00000000e+00	7.57946252e-14
4.12000000e+01	3.46396921e+01	1.20300214e+06	4.68229421e+04	1.00000000e-09	1.00000000e-09	1.00000000e-10	1.00000000e-10	0.00000000e+00	6.96825871e-14
4.13000000e+01	3.47237690e+01	1.18909090e+06	4.62814921e+04	1.00000000e-09	1.61828986e+03	1.00000000e-10	1.61828986e+02	-1.56141235e+08	6.40634205e-14
4.14000000e+01	3.48078459e+01	1.17518579e+06	4.57402809e+04	1.00000000e-09	6.19096458e+03	1.00000000e-10	6.19096458e+02	-5.97337273e+08	5.88973804e-14
4.15000000e+01	3.48919228e+01	1.16129867e+06	4.51997702e+04	1.00000000e-09	1.00000000e-09	1.00000000e-10	1.00000000e-10	0.00000000e+00	5.41479271e-14
4.16000000e+01	3.49759998e+01	1.14741156e+06	4.46592596e+04	1.00000000e-09	1.00000000e-09	1.00000000e-10	1.00000000e-10	0.00000000e+00	4.97814672e-14
4.17000000e+01	3.50600767e+01	1.13352445e+06	4.41187489e+04	1.00000000e-09	1.00000000e-09	1.00000000e-10	1.00000000e-10	0.00000000e+00	4.57671163e-14
4.18000000e+01	3.51441536e+01	1.11963930e+06	4.35783149e+04	1.00000000e-09	6.24586062e+03	1.00000000e-10	6.24586062e+02	-6.02633936e+08	4.20764804e-14
4.19000000e+01	3.52282305e+01	1.10577225e+06	4.30385850e+04	1.00000000e-09	1.12115576e+03	1.00000000e-10	1.12115576e+02	-1.08175086e+08	3.86834555e-14
4.20000000e+01	3.53123074e+01	1.09190525e+06	4.24988572e+04	1.00000000e-09	1.00000000e-09	1.00000000e-10	1.00000000e-10	0.00000000e+00	3.55640423e-14
4.21000000e+01	3.53963844e+01	1.07803825e+06	4.19591293e+04	1.00000000e-09	1.00000000e-09	1.00000000e-10	1.00000000e-10	0.00000000e+00	3.26961769e-14
4.22000000e+01	3.54804613e+01	1.06417125e+06	4.14194015e+04	1.00000000e-09	5.62422479e+03	1.00000000e-10	5.62422479e+02	-5.42655197e+08	3.00595747e-14
4.23000000e+01	3.55645382e+01	1.05032150e+06	4.08803450e+04	1.00000000e-09	2.93388329e+03	1.00000000e-10	2.93388329e+02	-2.83076704e+08	2.76355866e-14
4.24000000e+01	3.56486151e+01	1.03647584e+06	4.03414477e+04	1.00000000e-09	1.00000000e-09	1.00000000e-10	1.00000000e-10	0.00000000e+00	2.54070677e-14
4.25000000e+01	3.57326921e+01	1.02263017e+06	3.98025503e+04	1.00000000e-09	1.00000000e-09	1.00000000e-10	1.00000000e-10	0.00000000e+00	2.33582553e-14
4.26000000e+01	3.58167690e+01	1.00878451e+06	3.92636530e+04	1.00000000e-09	4.44273471e+03	1.00000000e-10	4.44273471e+02	-4.28658734e+08	2.14746581e-14
4.27000000e+01	3.59008459e+01	9.94954370e+05	3.87253598e+04	1.00000000e-09	4.40449190e+03	1.00000000e-10	4.40449190e+02	-4.24968864e+08	1.97429531e-14
4.28000000e+01	3.59849228e+01	9.81132011e+05	3.81873695e+04	1.00000000e-09	1.00000000e-09	1.00000000e-10	1.00000000e-10	0.00000000e+00	1.81508919e-14
4.29000000e+01	3.60689997e+01	9.67309653e+05	3.76493792e+04	1.00000000e-09	1.00000000e-09	1.00000000e-10	1.00000000e-10	0.00000000e+00	1.66872137e-14
4.30000000e+01	3.61530767e+01	9.53487294e+05	3.71113888e+04	1.00000000e-09	2.83634286e+03	1.00000000e-10	2.83634286e+02	-2.73665483e+08	1.53415657e-14
4.31000000e+01	3.62371536e+01	9.39677930e+05	3.65739043e+04	1.00000000e-09	5.37447252e+03	1.00000000e-10	5.37447252e+02	-5.18557766e+08	1.41044300e-14
4.32000000e+01	3.63212305e+01	9.25879516e+05	3.60368460e+04	1.00000000e-09	1.00000000e-09	1.00000000e-10	1.00000000e-10	0.00000000e+00	1.29670563e-14
4.33000000e+01	3.64053074e+01	9.12081103e+05	3.54997876e+04	1.00000000e-09	1.00000000e-09	1.00000000e-10	1.00000000e-10	0.00000000e+00	1.19213998e-14
4.34000000e+01	3.64893844e+01	8.98282689e+05	3.49627293e+04	1.00000000e-09	9.90171829e+02	1.00000000e-10	9.90171829e+01	-9.55370578e+07	1.09600645e-14
4.35000000e+01	3.65734613e+01	8.84494068e+05	3.44260521e+04	1.00000000e-09	5.74614628e+03	1.00000000e-10	5.74614628e+02	-5.54418832e+08	1.00762507e-14
4.36000000e+01	3.66575382e+01	8.70718880e+05	3.38898978e+04	1.00000000e-09	1.00000000e-09	1.00000000e-10	1.00000000e-10	0.00000000e+00	9.26370726e-15
4.37000000e+01	3.67416151e+01	8.56943692e+05	3.33537434e+04	1.00000000e-09	1.00000000e-09	1.00000000e-10	1.00000000e-10	0.00000000e+00	8.51668685e-15
4.38000000e+01	3.68256921e+01	8.43168505e+05	3.28175891e+04	1.00000000e-09	1.00000000e-09	1.00000000e-10	1.00000000e-10	0.00000000e+00	7.82990577e-15
4.39000000e+01	3.69097690e+01	8.29399394e+05	3.22816713e+04	1.00000000e-09	5.49545508e+03	1.00000000e-10	5.49545508e+02	-5.30230809e+08	7.19850635e-15
4.40000000e+01	3.69938459e+01	8.15645390e+05	3.17463415e+04	1.00000000e-09	1.59998296e+03	1.00000000e-10	1.59998296e+02	-1.54374887e+08	6.61802264e-15
4.41000000e+01	3.70779228e+01	8.01891386e+05	3.12110116e+04	1.00000000e-09	1.00000000e-09	1.00000000e-10	1.00000000e-10	0.00000000e+00	6.08434883e-15
4.42000000e+01	3.71619997e+01	7.88137382e+05	3.06756818e+04	1.00000000e-09	1.00000000e-09	1.00000000e-10	1.00000000e-10	0.00000000e+00	5.59371018e-15
4.43000000e+01	3.72460767e+01	7.74385412e+05	3.01404311e+04	1.00000000e-09	4.67521798e+03	1.00000000e-10	4.67521798e+02	-4.51089960e+08	5.14263638e-15
4.44000000e+01	3.73301536e+01	7.60649328e+05	2.96057988e+04	1.00000000e-09	3.12095203e+03	1.00000000e-10	3.12095203e+02	-3.01126093e+08	4.72793693e-15
4.45000000e+01	3.74142305e+01	7.46913243e+05	2.90711664e+04	1.00000000e-09	1.00000000e-09	1.00000000e-10	1.00000000e-10	0.00000000e+00	4.34667862e-15
4.46000000e+01	3.74983074e+01	7.33177159e+05	2.85365340e+04	1.00000000e-09	1.00000000e-09	1.00000000e-10	1.00000000e-10	0.00000000e+00	3.99616478e-15
4.47000000e+01	3.75823844e+01	7.19441074e+05	2.80019017e+04	1.00000000e-09	3.36456239e+03	1.00000000e-10	3.36456239e+02	-3.24630919e+08	3.67391618e-15
4.48000000e+01	3.76664613e+01	7.05720720e+05	2.74678815e+04	1.00000000e-09	4.19636737e+03	1.00000000e-10	4.19636737e+02	-4.04887900e+08	3.37765354e-15
4.49000000e+01	3.77505382e+01	6.92004264e+05	2.69340131e+04	1.00000000e-09	1.00000000e-09	1.00000000e-10	1.00000000e-10	0.00000000e+00	3.10528136e-15
4.50000000e+01	3.78346151e+01	6.78287808e+05	2.64001448e+04	1.00000000e-09	1.00000000e-09	1.00000000e-10	1.00000000e-10	0.00000000e+00	2.85487313e-15
4.51000000e+01	3.79186920e+01	6.64571352e+05	2.58662764e+04	1.00000000e-09	1.78054627e+03	1.00000000e-10	1.78054627e+02	-1.71796599e+08	2.62465769e-15
4.52000000e+01	3.80027690e+01	6.50869543e+05	2.53329781e+04	1.00000000e-09	4.73104235e+03	1.00000000e-10	4.73104235e+02	-4.56476193e+08	2.41300669e-15
4.53000000e+01	3.80868459e+01	6.37175592e+05	2.47999856e+04	1.00000000e-09	1.00000000e-09	1.00000000e-10	1.00000000e-10	0.00000000e+00	2.21842312e-15
4.54000000e+01	3.81709228e+01	6.23481641e+05	2.42669931e+04	1.00000000e-09	1.00000000e-09	1.00000000e-10	1.00000000e-10	0.00000000e+00	2.03953067e-15
4.55000000e+01	3.82549997e+01	6.09787690e+05	2.37340007e+04	1.00000000e-09	1.31460269e+02	1.00000000e-10	1.31460269e+01	-1.26839877e+07	1.87506400e-15
4.56000000e+01	3.83390767e+01	5.96106430e+05	2.32015022e+04	1.00000000e-09	4.69603521e+03	1.00000000e-10	4.69603521e+02	-4.53098517e+08	1.72385984e-15
4.57000000e+01	3.84231536e+01	5.82436597e+05	2.26694484e+04	1.00000000e-09	5.14544022e+02	1.00000000e-10	5.14544022e+01	-4.96459508e+07	1.58484870e-15
4.58000000e+01	3.85072305e+01	5.68766764e+05	2.21373947e+04	1.00000000e-09	1.00000000e-09	1.00000000e-10	1.00000000e-10	0.00000000e+00	1.45704735e-15
4.59000000e+01	3.85913074e+01	5.55096931e+05	2.16053409e+04	1.00000000e-09	1.00000000e-09	1.00000000e-10	1.00000000e-10	0.00000000e+00	1.33955183e-15
4.60000000e+01	3.86753843e+01	5.41437057e+05	2.10736748e+04	1.00000000e-09	4.13704143e+03	1.00000000e-10	4.13704143e+02	-3.99163816e+08	1.23153109e-15
4.61000000e+01	3.87594613e+01	5.27791608e+05	2.05425701e+04	1.00000000e-09	1.86029698e+03	1.00000000e-10	1.86029698e+02	-1.79491372e+08	1.13222108e-15
4.62000000e+01	3.88435382e+01	5.14146159e+05	2.00114654e+04	1.00000000e-09	1.00000000e-09	1.00000000e-10	1.00000000e-10	0.00000000e+00	1.04091937e-15
4.63000000e+01	3.89276151e+01	5.00500710e+05	1.94803608e+04	1.00000000e-09	1.00000000e-09	1.00000000e-10	1.00000000e-10	0.00000000e+00	9.56980191e-16
4.64000000e+01	3.90116920e+01	4.86861849e+05	1.89495125e+04	1.00000000e-09	3.16719881e+03	1.00000000e-10	3.16719881e+02	-3.05588229e+08	8.79809819e-16
4.65000000e+01	3.90957690e+01	4.73239688e+05	1.84193142e+04	1.00000000e-09	2.82693738e+03	1.00000000e-10	2.82693738e+02	-2.72757992e+08	8.08862425e-16
4.66000000e+01	3.91798459e+01	4.59617528e+05	1.78891160e+04	1.00000000e-09	1.00000000e-09	1.00000000e-10	1.00000000e-10	0.00000000e+00	7.43636191e-16
4.67000000e+01	3.92639228e+01	4.45995367e+05	1.73589177e+04	1.00000000e-09	1.00000000e-09	1.00000000e-10	1.00000000e-10	0.00000000e+00	6.83669765e-16
4.68000000e+01	3.93479997e+01	4.32375953e+05	1.68288264e+04	1.00000000e-09	1.95047903e+03	1.00000000e-10	1.95047903e+02	-1.88192617e+08	6.28539001e-16
4.69000000e+01	3.94320766e+01	4.18774677e+05	1.62994410e+04	1.00000000e-09	3.31931986e+03	1.00000000e-10	3.31931986e+02	-3.20265679e+08	5.77853951e-16
4.70000000e+01	3.95161536e+01	4.05173400e+05	1.57700556e+04	1.00000000e-09	1.00000000e-09	1.00000000e-10	1.00000000e-10	0.00000000e+00	5.31256117e-16
4.71000000e+01	3.96002305e+01	3.91572124e+05	1.52406702e+04	1.00000000e-09	1.00000000e-09	1.00000000e-10	1.00000000e-10	0.00000000e+00	4.88415907e-16
4.72000000e+01	3.96843074e+01	3.77970847e+05	1.47112848e+04	1.00000000e-09	6.49226685e+02	1.00000000e-10	6.49226685e+01	-6.26408523e+07	4.49030309e-16
4.73000000e+01	3.97683843e+01	3.64388232e+05	1.41826257e+04	1.00000000e-09	3.30831254e+03	1.00000000e-10	3.30831254e+02	-3.19203634e+08	4.12820745e-16
4.74000000e+01	3.98524613e+01	3.50809053e+05	1.36541003e+04	1.00000000e-09	1.00000000e-09	1.00000000e-10	1.00000000e-10	0.00000000e+00	3.79531100e-16
4.75000000e+01	3.99365382e+01	3.37229874e+05	1.31255750e+04	1.00000000e-09	1.00000000e-09	1.00000000e-10	1.00000000e-10	0.00000000e+00	3.48925915e-16
4.76000000e+01	4.00206151e+01	3.23650695e+05	1.25970496e+04	1.00000000e-09	1.00000000e-09	1.00000000e-10	1.00000000e-10	0.00000000e+00	3.20788716e-16
4.77000000e+01	4.01046920e+01	3.10089760e+05	1.20692344e+04	1.00000000e-09	2.84889583e+03	1.00000000e-10	2.84889583e+02	-2.74876661e+08	2.94920485e-16
4.78000000e+01	4.01887690e+01	2.96536404e+05	1.15417142e+04	1.00000000e-09	9.16450978e+02	1.00000000e-10	9.16450978e+01	-8.84240770e+07	2.71138254e-16
4.79000000e+01	4.02728459e+01	2.82983049e+05	1.10141939e+04	1.00000000e-09	1.00000000e-09	1.00000000e-10	1.00000000e-10	0.00000000e+00	2.49273810e-16
4.80000000e+01	4.03569228e+01	2.69429694e+05	1.04866737e+04	1.00000000e-09	1.00000000e-09	1.00000000e-10	1.00000000e-10	0.00000000e+00	2.29172503e-16
4.81000000e+01	4.04409997e+01	2.55893244e+05	9.95981148e+03	1.00000000e-09	2.05495575e+03	1.00000000e-10	2.05495575e+02	-1.98273088e+08	2.10692155e-16
4.82000000e+01	4.05250766e+01	2.42368273e+05	9.43339598e+03	1.00000000e-09	1.57504789e+03	1.00000000e-10	1.57504789e+02	-1.51969018e+08	1.93702052e-16
4.83000000e+01	4.06091536e+01	2.28843301e+05	8.90698049e+03	1.00000000e-09	1.00000000e-09	1.00000000e-10	1.00000000e-10	0.00000000e+00	1.78082022e-16
4.84000000e+01	4.06932305e+01	2.15318329e+05	8.38056499e+03	1.00000000e-09	1.00000000e-09	1.00000000e-10	1.00000000e-10	0.00000000e+00	1.63721583e-16
4.85000000e+01	4.07773074e+01	2.01808070e+05	7.85472213e+03	1.00000000e-09	1.08660887e+03	1.00000000e-10	1.08660887e+02	-1.04841817e+08	1.50519162e-16
4.86000000e+01	4.08613843e+01	1.88312743e+05	7.32946048e+03	1.00000000e-09	1.80448823e+03	1.00000000e-10	1.80448823e+02	-1.74106646e+08	1.38381377e-16
4.87000000e+01	4.09454613e+01	1.74817417e+05	6.80419884e+03	1.00000000e-09	1.00000000e-09	1.00000000e-10	1.00000000e-10	0.00000000e+00	1.27222377e-16
4.88000000e+01	4.10295382e+01	1.61322091e+05	6.27893720e+03	1.00000000e-09	1.00000000e-09	1.00000000e-10	1.00000000e-10	0.00000000e+00	1.16963232e-16
4.89000000e+01	4.11136151e+01	1.47838537e+05	5.75413376e+03	1.00000000e-09	1.25895256e+02	1.00000000e-10	1.25895256e+01	-1.21470456e+07	1.07531379e-16
4.90000000e+01	4.11976920e+01	1.34372754e+05	5.23002201e+03	1.00000000e-09	1.59915419e+03	1.00000000e-10	1.59915419e+02	-1.54294923e+08	9.88601065e-17
4.91000000e+01	4.12817689e+01	1.20906972e+05	4.70591025e+03	1.00000000e-09	1.79221770e+02	1.00000000e-10	1.79221770e+01	-1.72922720e+07	9.08880802e-17
4.92000000e+01	4.13658459e+01	1.07441189e+05	4.18179850e+03	1.00000000e-09	1.00000000e-09	1.00000000e-10	1.00000000e-10	0.00000000e+00	8.35589140e-17
4.93000000e+01	4.14499228e+01	9.39836400e+04	3.65800722e+03	1.00000000e-09	1.00000000e-09	1.00000000e-10	1.00000000e-10	0.00000000e+00	7.68207678e-17
4.94000000e+01	4.15339997e+01	8.05459390e+04	3.13498846e+03	1.00000000e-09	1.02486528e+03	1.00000000e-10	1.02486528e+02	-9.88844667e+07	7.06259821e-17
4.95000000e+01	4.16180766e+01	6.71082380e+04	2.61196969e+03	1.00000000e-09	8.47161723e+02	1.00000000e-10	8.47161723e+01	-8.17386802e+07	6.49307406e-17
4.96000000e+01	4.17021536e+01	5.36705370e+04	2.08895093e+03	1.00000000e-09	1.00000000e-09	1.00000000e-10	1.00000000e-10	0.00000000e+00	5.96947603e-17
4.97000000e+01	4.17862305e+01	4.02371094e+04	1.56609849e+03	1.00000000e-09	1.00000000e-09	1.00000000e-10	1.00000000e-10	0.00000000e+00	5.48810067e-17
4.98000000e+01	4.18703074e+01	2.68247396e+04	1.04406566e+03	1.00000000e-09	2.08851834e+02	1.00000000e-10	2.08851834e+01	-2.01511385e+07	5.04554316e-17
4.99000000e+01	4.19543843e+01	1.34123698e+04	5.22032831e+02	1.00000000e-09	1.14247842e+03	1.00000000e-10	1.14247842e+02	-1.10232410e+08	4.63867326e-17
5.00000000e+01	4.20384612e+01	0.00000000e+00	0.00000000e+00	1.00000000e+01	1.00000000e+01	1.00000000e+00	1.00000000e+00	0.00000000e+00	4.26461312e-17
