# 1D PNP Solver Results
# Debye length: 1.18939 nm
# Surface potential: 100 mV
# Bulk concentration: 10 mol/m^3
# Thermal voltage: 25.6926 mV
# Grid: non-uniform with stretching factor 1
#
# Columns:
# 1: x [nm]
# 2: x/lambda_D [-]
# 3: phi [mV]
# 4: phi_normalized = e*phi/(kB*T) [-]
# 5: c+ [mol/m^3]
# 6: c- [mol/m^3]
# 7: c+/c0 [-]
# 8: c-/c0 [-]
# 9: rho [C/m^3]
# 10: phi_GC [mV] (Gouy-Chapman analytical)
0.00000000e+00	0.00000000e+00	1.00000000e+02	3.89217445e+00	9.40168105e-02	1.00000000e-09	9.40168105e-03	1.00000000e-10	9.07124309e+03	1.00000000e+02
1.00000000e-01	8.40769225e-02	-2.68395573e+04	-1.04464239e+03	1.00000000e-09	1.00000000e-09	1.00000000e-10	1.00000000e-10	0.00000000e+00	8.70576373e+01
2.00000000e-01	1.68153845e-01	-5.37791146e+04	-2.09317696e+03	1.00000000e-09	7.24278192e+04	1.00000000e-10	7.24278192e+03	-6.98822219e+09	7.68715638e+01
3.00000000e-01	2.52230767e-01	-8.07186720e+04	-3.14171153e+03	1.00000000e-09	1.72722349e+04	1.00000000e-10	1.72722349e+03	-1.66651732e+09	6.85207345e+01
4.00000000e-01	3.36307690e-01	-1.07648167e+05	-4.18985444e+03	6.50438251e-03	1.00000000e-09	6.50438251e-04	1.00000000e-10	6.27577410e+02	6.14862309e+01
5.00000000e-01	4.20384612e-01	-1.34255427e+05	-5.22545543e+03	2.56845107e-04	1.00000000e-09	2.56845107e-05	1.00000000e-10	2.47816890e+01	5.54461690e+01
6.00000000e-01	5.04461535e-01	-1.60862688e+05	-6.26105642e+03	1.00000000e-09	6.82325898e+04	1.00000000e-10	6.82325898e+03	-6.58344409e+09	5.01866549e+01
7.00000000e-01	5.88538457e-01	-1.87469948e+05	-7.29665742e+03	1.00000000e-09	3.43440946e+04	1.00000000e-10	3.43440946e+03	-3.31370137e+09	4.55579535e+01
8.00000000e-01	6.72615380e-01	-2.14057034e+05	-8.33147319e+03	6.70914956e-03	1.00000000e-09	6.70914956e-04	1.00000000e-10	6.47334427e+02	4.14508515e+01
9.00000000e-01	7.56692302e-01	-2.40317957e+05	-9.35359412e+03	5.50692770e-04	1.00000000e-09	5.50692770e-05	1.00000000e-10	5.31336784e+01	3.77829914e+01
1.00000000e+00	8.40769225e-01	-2.66578880e+05	-1.03757151e+04	1.00000000e-09	6.08106859e+04	1.00000000e-10	6.08106859e+03	-5.86733922e+09	3.44905241e+01
1.10000000e+00	9.24846147e-01	-2.92839803e+05	-1.13978360e+04	1.00000000e-09	5.06110799e+04	1.00000000e-10	5.06110799e+03	-4.88322685e+09	3.15227780e+01
1.20000000e+00	1.00892307e+00	-3.19070650e+05	-1.24187863e+04	6.90043128e-03	1.00000000e-09	6.90043128e-04	1.00000000e-10	6.65790308e+02	2.88387272e+01
1.30000000e+00	1.09299999e+00	-3.44969127e+05	-1.34268002e+04	8.74775543e-04	1.00000000e-09	8.74775543e-05	1.00000000e-10	8.44029123e+01	2.64045776e+01
1.40000000e+00	1.17707691e+00	-3.70867605e+05	-1.44348142e+04	1.00000000e-09	5.02484694e+04	1.00000000e-10	5.02484694e+03	-4.84824026e+09	2.41920729e+01
1.50000000e+00	1.26115384e+00	-3.96766082e+05	-1.54428281e+04	1.00000000e-09	6.54565334e+04	1.00000000e-10	6.54565334e+03	-6.31559536e+09	2.21772778e+01
1.60000000e+00	1.34523076e+00	-4.22625097e+05	-1.64493061e+04	7.07373723e-03	1.00000000e-09	7.07373723e-04	1.00000000e-10	6.82511789e+02	2.03396868e+01
1.70000000e+00	1.42930768e+00	-4.48143192e+05	-1.74425148e+04	1.22885762e-03	1.00000000e-09	1.22885762e-04	1.00000000e-10	1.18566639e+02	1.86615585e+01
1.80000000e+00	1.51338460e+00	-4.73661287e+05	-1.84357236e+04	1.00000000e-09	3.67457507e+04	1.00000000e-10	3.67457507e+03	-3.54542596e+09	1.71274116e+01
1.90000000e+00	1.59746153e+00	-4.99179383e+05	-1.94289324e+04	1.00000000e-09	7.82662469e+04	1.00000000e-10	7.82662469e+03	-7.55154483e+09	1.57236358e+01
2.00000000e+00	1.68153845e+00	-5.24649481e+05	-2.04202731e+04	7.22349781e-03	1.00000000e-09	7.22349781e-04	1.00000000e-10	6.96961488e+02	1.44381886e+01
2.10000000e+00	1.76561537e+00	-5.49767731e+05	-2.13979192e+04	1.61159399e-03	1.00000000e-09	1.61159399e-04	1.00000000e-10	1.55495085e+02	1.32603556e+01
2.20000000e+00	1.84969229e+00	-5.74885981e+05	-2.23755653e+04	1.00000000e-09	2.06219033e+04	1.00000000e-10	2.06219033e+03	-1.98971119e+09	1.21805577e+01
2.30000000e+00	1.93376922e+00	-6.00004231e+05	-2.33532114e+04	1.00000000e-09	8.84477749e+04	1.00000000e-10	8.84477749e+03	-8.53391294e+09	1.11901960e+01
2.40000000e+00	2.01784614e+00	-6.25067175e+05	-2.43287049e+04	7.34278606e-03	1.00000000e-09	7.34278606e-04	1.00000000e-10	7.08471055e+02	1.02815237e+01
2.50000000e+00	2.10192306e+00	-6.49764962e+05	-2.52899858e+04	2.01984147e-03	1.00000000e-09	2.01984147e-04	1.00000000e-10	1.94884979e+02	9.44754093e+00
2.60000000e+00	2.18599998e+00	-6.74462750e+05	-2.62512668e+04	1.00000000e-09	2.32024513e+03	1.00000000e-10	2.32024513e+02	-2.23869622e+08	8.68190590e+00
2.70000000e+00	2.27007691e+00	-6.99160538e+05	-2.72125478e+04	1.00000000e-09	9.54516634e+04	1.00000000e-10	9.54516634e+03	-9.20968544e+09	7.97886054e+00
2.80000000e+00	2.35415383e+00	-7.23797338e+05	-2.81714551e+04	7.42299732e-03	6.92784458e+03	7.42299732e-04	6.92784458e+02	-6.68434669e+08	7.33316685e+00
2.90000000e+00	2.43823075e+00	-7.48053343e+05	-2.91155411e+04	2.44751966e-03	1.00000000e-09	2.44751966e-04	1.00000000e-10	2.36149651e+02	6.74005227e+00
3.00000000e+00	2.52230767e+00	-7.72309348e+05	-3.00596271e+04	1.00000000e-09	1.00000000e-09	1.00000000e-10	1.00000000e-10	0.00000000e+00	6.19516235e+00
3.10000000e+00	2.60638460e+00	-7.96565353e+05	-3.10037131e+04	1.00000000e-09	9.87949081e+04	1.00000000e-10	9.87949081e+03	-9.53225952e+09	5.69451955e+00
3.20000000e+00	2.69046152e+00	-8.20756754e+05	-3.19452847e+04	7.45352474e-03	2.73737628e+04	7.45352474e-04	2.73737628e+03	-2.64116587e+09	5.23448697e+00
3.30000000e+00	2.77453844e+00	-8.44549484e+05	-3.28713392e+04	2.88367482e-03	1.00000000e-09	2.88367482e-04	1.00000000e-10	2.78232226e+02	4.81173646e+00
3.40000000e+00	2.85861536e+00	-8.68342214e+05	-3.37973938e+04	1.00000000e-09	1.00000000e-09	1.00000000e-10	1.00000000e-10	0.00000000e+00	4.42322017e+00
3.50000000e+00	2.94269229e+00	-8.92134945e+05	-3.47234484e+04	1.00000000e-09	9.80870244e+04	1.00000000e-10	9.80870244e+03	-9.46395913e+09	4.06614534e+00
3.60000000e+00	3.02676921e+00	-9.15861985e+05	-3.56469462e+04	7.42154999e-03	4.83579108e+04	7.42154999e-04	4.83579108e+03	-4.66582837e+09	3.73795159e+00
3.70000000e+00	3.11084613e+00	-9.39170404e+05	-3.65541505e+04	3.30905827e-03	1.00000000e-09	3.30905827e-04	1.00000000e-10	3.19275490e+02	3.43629058e+00
3.80000000e+00	3.19492305e+00	-9.62478823e+05	-3.74613548e+04	1.00000000e-09	1.00000000e-09	1.00000000e-10	1.00000000e-10	0.00000000e+00	3.15900770e+00
3.90000000e+00	3.27899998e+00	-9.85787242e+05	-3.83685592e+04	1.00000000e-09	9.30590757e+04	1.00000000e-10	9.30590757e+03	-8.97883582e+09	2.90412542e+00
4.00000000e+00	3.36307690e+00	-1.00903190e+06	-3.92732819e+04	7.31228473e-03	6.90092877e+04	7.31228473e-04	6.90092877e+03	-6.65838334e+09	2.66982829e+00
4.10000000e+00	3.44715382e+00	-1.03183615e+06	-4.01608629e+04	3.68975144e-03	1.00000000e-09	3.68975144e-04	1.00000000e-10	3.56006797e+02	2.45444929e+00
4.20000000e+00	3.53123074e+00	-1.05464039e+06	-4.10484439e+04	1.00000000e-09	1.00000000e-09	1.00000000e-10	1.00000000e-10	0.00000000e+00	2.25645740e+00
4.30000000e+00	3.61530767e+00	-1.07744464e+06	-4.19360249e+04	1.00000000e-09	8.35958037e+04	1.00000000e-10	8.35958037e+03	-8.06576889e+09	2.07444628e+00
4.40000000e+00	3.69938459e+00	-1.10019058e+06	-4.28213368e+04	7.11059658e-03	8.83569559e+04	7.11059658e-04	8.83569559e+03	-8.52514955e+09	1.90712395e+00
4.50000000e+00	3.78346151e+00	-1.12247279e+06	-4.36885990e+04	3.96440342e-03	1.00000000e-09	3.96440342e-04	1.00000000e-10	3.82506684e+02	1.75330334e+00
4.60000000e+00	3.86753843e+00	-1.14475499e+06	-4.45558613e+04	1.00000000e-09	1.00000000e-09	1.00000000e-10	1.00000000e-10	0.00000000e+00	1.61189369e+00
4.70000000e+00	3.95161536e+00	-1.16703720e+06	-4.54231236e+04	1.00000000e-09	6.97705208e+04	1.00000000e-10	6.97705208e+03	-6.73183187e+09	1.48189263e+00
4.80000000e+00	4.03569228e+00	-1.18927060e+06	-4.62884864e+04	6.80672049e-03	1.05356841e+05	6.80672049e-04	1.05356841e+04	-1.01653891e+10	1.36237899e+00
4.90000000e+00	4.11976920e+00	-1.21101582e+06	-4.71348483e+04	4.01603752e-03	1.00000000e-09	4.01603752e-04	1.00000000e-10	3.87488618e+02	1.25250612e+00
5.00000000e+00	4.20384612e+00	-1.23276104e+06	-4.79812101e+04	1.00000000e-09	1.00000000e-09	1.00000000e-10	1.00000000e-10	0.00000000e+00	1.15149587e+00
5.10000000e+00	4.28792305e+00	-1.25450626e+06	-4.88275720e+04	1.00000000e-09	5.18815299e+04	1.00000000e-10	5.18815299e+03	-5.00580664e+09	1.05863300e+00
5.20000000e+00	4.37199997e+00	-1.27621672e+06	-4.96725812e+04	6.41449265e-03	1.18933030e+05	6.41449265e-04	1.18933030e+04	-1.14752922e+10	9.73260072e-01
5.30000000e+00	4.45607689e+00	-1.29741396e+06	-5.04976146e+04	3.60053841e-03	1.00000000e-09	3.60053841e-04	1.00000000e-10	3.47399048e+02	8.94772759e-01
5.40000000e+00	4.54015381e+00	-1.31861120e+06	-5.13226481e+04	1.00000000e-09	1.00000000e-09	1.00000000e-10	1.00000000e-10	0.00000000e+00	8.22615544e-01
5.50000000e+00	4.62423074e+00	-1.33980843e+06	-5.21476816e+04	1.00000000e-09	3.04873807e+04	1.00000000e-10	3.04873807e+03	-2.94158505e+09	7.56277766e-01
5.60000000e+00	4.70830766e+00	-1.36099000e+06	-5.29721052e+04	6.03173782e-03	1.28037527e+05	6.03173782e-04	1.28037527e+04	-1.23537427e+10	6.95289988e-01
5.70000000e+00	4.79238458e+00	-1.38163334e+06	-5.37755798e+04	2.12440257e-03	1.00000000e-09	2.12440257e-04	1.00000000e-10	2.04973591e+02	6.39220665e-01
5.80000000e+00	4.87646150e+00	-1.40227668e+06	-5.45790545e+04	1.00000000e-09	1.00000000e-09	1.00000000e-10	1.00000000e-10	0.00000000e+00	5.87673079e-01
5.90000000e+00	4.96053843e+00	-1.42292001e+06	-5.53825291e+04	1.00000000e-09	6.43611595e+03	1.00000000e-10	6.43611595e+02	-6.20990785e+08	5.40282524e-01
6.00000000e+00	5.04461535e+00	-1.44356335e+06	-5.61860038e+04	5.96179744e-03	1.31666724e+05	5.96179744e-04	1.31666724e+04	-1.27039071e+10	4.96713722e-01
6.10000000e+00	5.12869227e+00	-1.46364426e+06	-5.69675879e+04	1.00000000e-09	2.30552066e+03	1.00000000e-10	2.30552066e+02	-2.22448927e+08	4.56658442e-01
6.20000000e+00	5.21276919e+00	-1.48372517e+06	-5.77491721e+04	1.00000000e-09	1.00000000e-09	1.00000000e-10	1.00000000e-10	0.00000000e+00	4.19833321e-01
6.30000000e+00	5.29684612e+00	-1.50380608e+06	-5.85307562e+04	1.46268483e-03	1.00000000e-09	1.46268483e-04	1.00000000e-10	1.41127535e+02	3.85977854e-01
6.40000000e+00	5.38092304e+00	-1.52388700e+06	-5.93123403e+04	7.66107535e-03	1.28926207e+05	7.66107535e-04	1.28926207e+04	-1.24394872e+10	3.54852548e-01
6.50000000e+00	5.46499996e+00	-1.54338302e+06	-6.00711597e+04	1.00000000e-09	2.81897822e+04	1.00000000e-10	2.81897822e+03	-2.71990050e+09	3.26237227e-01
6.60000000e+00	5.54907688e+00	-1.56285173e+06	-6.08289159e+04	1.00000000e-09	1.00000000e-09	1.00000000e-10	1.00000000e-10	0.00000000e+00	2.99929475e-01
6.70000000e+00	5.63315381e+00	-1.58232044e+06	-6.15866720e+04	1.41279538e-02	1.00000000e-09	1.41279538e-03	1.00000000e-10	1.36314022e+03	2.75743201e-01
6.80000000e+00	5.71723073e+00	-1.60178915e+06	-6.23444281e+04	3.80731167e-02	1.19873174e+05	3.80731167e-03	1.19873174e+04	-1.15659993e+10	2.53507323e-01
6.90000000e+00	5.80130765e+00	-1.62065332e+06	-6.30786545e+04	1.09378220e-02	5.34840397e+04	1.09378220e-03	5.34840397e+03	-5.16042428e+09	2.33064554e-01
7.00000000e+00	5.88538457e+00	-1.63945065e+06	-6.38102793e+04	4.32450775e-04	1.00000000e-09	4.32450775e-05	1.00000000e-10	4.17250602e+01	2.14270296e-01
7.10000000e+00	5.96946150e+00	-1.65824798e+06	-6.45419042e+04	1.00000000e-09	1.00000000e-09	1.00000000e-10	1.00000000e-10	0.00000000e+00	1.96991610e-01
7.20000000e+00	6.05353842e+00	-1.67704531e+06	-6.52735290e+04	1.00000000e-09	1.04555246e+05	1.00000000e-10	1.04555246e+04	-1.00880476e+10	1.81106277e-01
7.30000000e+00	6.13761534e+00	-1.69522245e+06	-6.59810149e+04	1.00000000e-09	7.65467224e+04	1.00000000e-10	7.65467224e+03	-7.38563594e+09	1.66501937e-01
7.40000000e+00	6.22169226e+00	-1.71328682e+06	-6.66841119e+04	1.00000000e-09	1.00000000e-09	1.00000000e-10	1.00000000e-10	0.00000000e+00	1.53075289e-01
7.50000000e+00	6.30576919e+00	-1.73135119e+06	-6.73872088e+04	1.00000000e-09	1.00000000e-09	1.00000000e-10	1.00000000e-10	0.00000000e+00	1.40731363e-01
7.60000000e+00	6.38984611e+00	-1.74941557e+06	-6.80903058e+04	2.75979222e-05	8.32561881e+04	2.75979222e-06	8.32561881e+03	-8.03300096e+09	1.29382849e-01
7.70000000e+00	6.47392303e+00	-1.76684964e+06	-6.87688701e+04	1.61778117e-05	9.55150777e+04	1.61778117e-06	9.55150777e+03	-9.21580399e+09	1.18949475e-01
7.80000000e+00	6.55799995e+00	-1.78411884e+06	-6.94410176e+04	1.00000000e-09	1.00000000e-09	1.00000000e-10	1.00000000e-10	0.00000000e+00	1.09357445e-01
7.90000000e+00	6.64207688e+00	-1.80138804e+06	-7.01131651e+04	1.00000000e-09	1.00000000e-09	1.00000000e-10	1.00000000e-10	0.00000000e+00	1.00538914e-01
8.00000000e+00	6.72615380e+00	-1.81865725e+06	-7.07853126e+04	1.06436763e-05	5.67255510e+04	1.06436763e-06	5.67255510e+03	-5.47318363e+09	9.24315047e-02
8.10000000e+00	6.81023072e+00	-1.83529324e+06	-7.14328145e+04	1.03018602e-05	1.08345631e+05	1.03018602e-06	1.08345631e+04	-1.04537642e+10	8.49778740e-02
8.20000000e+00	6.89430764e+00	-1.85170667e+06	-7.20716539e+04	1.00000000e-09	1.00000000e-09	1.00000000e-10	1.00000000e-10	0.00000000e+00	7.81253008e-02
8.30000000e+00	6.97838457e+00	-1.86812010e+06	-7.27104933e+04	1.00000000e-09	1.00000000e-09	1.00000000e-10	1.00000000e-10	0.00000000e+00	7.18253161e-02
8.40000000e+00	7.06246149e+00	-1.88453353e+06	-7.33493327e+04	5.14881890e-06	2.63244165e+04	5.14881890e-07	2.63244165e+03	-2.53992007e+09	6.60333593e-02
8.50000000e+00	7.14653841e+00	-1.90031986e+06	-7.39637642e+04	1.00000000e-09	1.12916325e+05	1.00000000e-10	1.12916325e+04	-1.08947691e+10	6.07084632e-02
8.60000000e+00	7.23061533e+00	-1.91582139e+06	-7.45671108e+04	1.00000000e-09	1.00000000e-09	1.00000000e-10	1.00000000e-10	0.00000000e+00	5.58129641e-02
8.70000000e+00	7.31469226e+00	-1.93132292e+06	-7.51704574e+04	1.42092601e-07	1.00000000e-09	1.42092601e-08	1.00000000e-10	1.36133665e-02	5.13122357e-02
8.80000000e+00	7.39876918e+00	-1.94682446e+06	-7.57738040e+04	9.19051987e-08	1.00000000e-09	9.19051987e-09	1.00000000e-10	8.77101829e-03	4.71744438e-02
8.90000000e+00	7.48284610e+00	-1.96171584e+06	-7.63534027e+04	1.00000000e-09	1.07244774e+05	1.00000000e-10	1.07244774e+04	-1.03475477e+10	4.33703214e-02
9.00000000e+00	7.56692302e+00	-1.97625726e+06	-7.69193799e+04	1.00000000e-09	1.80676657e+04	1.00000000e-10	1.80676657e+03	-1.74326472e+09	3.98729614e-02
9.10000000e+00	7.65099995e+00	-1.99079867e+06	-7.74853572e+04	1.00000000e-09	1.00000000e-09	1.00000000e-10	1.00000000e-10	0.00000000e+00	3.66576268e-02
9.20000000e+00	7.73507687e+00	-2.00534008e+06	-7.80513344e+04	1.00000000e-09	1.00000000e-09	1.00000000e-10	1.00000000e-10	0.00000000e+00	3.37015752e-02
9.30000000e+00	7.81915379e+00	-2.01930093e+06	-7.85947147e+04	1.00000000e-09	8.99053541e+04	1.00000000e-10	8.99053541e+03	-8.67454795e+09	3.09838980e-02
9.40000000e+00	7.90323071e+00	-2.03284595e+06	-7.91219105e+04	1.00000000e-09	4.59391408e+04	1.00000000e-10	4.59391408e+03	-4.43245326e+09	2.84853728e-02
9.50000000e+00	7.98730764e+00	-2.04639097e+06	-7.96491063e+04	1.00000000e-09	1.00000000e-09	1.00000000e-10	1.00000000e-10	0.00000000e+00	2.61883275e-02
9.60000000e+00	8.07138456e+00	-2.05993599e+06	-8.01763022e+04	1.00000000e-09	1.00000000e-09	1.00000000e-10	1.00000000e-10	0.00000000e+00	2.40765146e-02
9.70000000e+00	8.15546148e+00	-2.07294414e+06	-8.06826020e+04	1.00000000e-09	6.07500899e+04	1.00000000e-10	6.07500899e+03	-5.86149260e+09	2.21349973e-02
9.80000000e+00	8.23953840e+00	-2.08547292e+06	-8.11702443e+04	1.00000000e-09	6.53195882e+04	1.00000000e-10	6.53195882e+03	-6.30238216e+09	2.03500429e-02
9.90000000e+00	8.32361533e+00	-2.09800171e+06	-8.16578867e+04	1.00000000e-09	1.00000000e-09	1.00000000e-10	1.00000000e-10	0.00000000e+00	1.87090262e-02
1.00000000e+01	8.40769225e+00	-2.11053050e+06	-8.21455290e+04	1.00000000e-09	1.00000000e-09	1.00000000e-10	1.00000000e-10	0.00000000e+00	1.72003403e-02
1.01000000e+01	8.49176917e+00	-2.12258129e+06	-8.26145667e+04	1.00000000e-09	2.20142830e+04	1.00000000e-10	2.20142830e+03	-2.12405540e+09	1.58133140e-02
1.02000000e+01	8.57584609e+00	-2.13409524e+06	-8.30627098e+04	1.00000000e-09	7.02497310e+04	1.00000000e-10	7.02497310e+03	-6.77806863e+09	1.45381368e-02
1.03000000e+01	8.65992302e+00	-2.14560920e+06	-8.35108529e+04	1.00000000e-09	1.00000000e-09	1.00000000e-10	1.00000000e-10	0.00000000e+00	1.33657892e-02
1.04000000e+01	8.74399994e+00	-2.15712315e+06	-8.39589960e+04	1.00000000e-09	1.00000000e-09	1.00000000e-10	1.00000000e-10	0.00000000e+00	1.22879791e-02
1.05000000e+01	8.82807686e+00	-2.16823343e+06	-8.43914277e+04	1.00000000e-09	1.00000000e-09	1.00000000e-10	1.00000000e-10	0.00000000e+00	1.12970830e-02
1.06000000e+01	8.91215378e+00	-2.17875994e+06	-8.48011377e+04	1.00000000e-09	5.49972948e+04	1.00000000e-10	5.49972948e+03	-5.30643225e+09	1.03860923e-02
1.07000000e+01	8.99623071e+00	-2.18928645e+06	-8.52108478e+04	1.00000000e-09	3.37065290e+04	1.00000000e-10	3.37065290e+03	-3.25218564e+09	9.54856333e-03
1.08000000e+01	9.08030763e+00	-2.19981296e+06	-8.56205578e+04	1.00000000e-09	1.00000000e-09	1.00000000e-10	1.00000000e-10	0.00000000e+00	8.77857228e-03
1.09000000e+01	9.16438455e+00	-2.21002479e+06	-8.60180201e+04	1.00000000e-09	1.00000000e-09	1.00000000e-10	1.00000000e-10	0.00000000e+00	8.07067289e-03
1.10000000e+01	9.24846147e+00	-2.21962153e+06	-8.63915421e+04	1.00000000e-09	1.68477066e+04	1.00000000e-10	1.68477066e+03	-1.62555657e+09	7.41985814e-03
1.11000000e+01	9.33253840e+00	-2.22921828e+06	-8.67650642e+04	1.00000000e-09	5.97413353e+04	1.00000000e-10	5.97413353e+03	-5.76416257e+09	6.82152474e-03
1.12000000e+01	9.41661532e+00	-2.23881502e+06	-8.71385862e+04	1.00000000e-09	1.00000000e-09	1.00000000e-10	1.00000000e-10	0.00000000e+00	6.27144062e-03
1.13000000e+01	9.50069224e+00	-2.24819847e+06	-8.75038063e+04	1.00000000e-09	1.00000000e-09	1.00000000e-10	1.00000000e-10	0.00000000e+00	5.76571500e-03
1.14000000e+01	9.58476916e+00	-2.25695659e+06	-8.78446879e+04	1.00000000e-09	1.00000000e-09	1.00000000e-10	1.00000000e-10	0.00000000e+00	5.30077082e-03
1.15000000e+01	9.66884609e+00	-2.26571472e+06	-8.81855694e+04	1.00000000e-09	5.62749025e+04	1.00000000e-10	5.62749025e+03	-5.42970265e+09	4.87331949e-03
1.16000000e+01	9.75292301e+00	-2.27447285e+06	-8.85264509e+04	1.00000000e-09	5.56739889e+04	1.00000000e-10	5.56739889e+03	-5.37172331e+09	4.48033760e-03
1.17000000e+01	9.83699993e+00	-2.28312734e+06	-8.88632989e+04	1.00000000e-09	1.00000000e-09	1.00000000e-10	1.00000000e-10	0.00000000e+00	4.11904557e-03
1.18000000e+01	9.92107685e+00	-2.29117275e+06	-8.91764403e+04	1.00000000e-09	1.00000000e-09	1.00000000e-10	1.00000000e-10	0.00000000e+00	3.78688794e-03
1.19000000e+01	1.00051538e+01	-2.29921816e+06	-8.94895818e+04	1.00000000e-09	1.33759049e+04	1.00000000e-10	1.33759049e+03	-1.29057862e+09	3.48151531e-03
1.20000000e+01	1.00892307e+01	-2.30726357e+06	-8.98027233e+04	1.00000000e-09	9.95695526e+04	1.00000000e-10	9.95695526e+03	-9.60700135e+09	3.20076778e-03
1.21000000e+01	1.01733076e+01	-2.31530899e+06	-9.01158648e+04	1.00000000e-09	1.84210807e+04	1.00000000e-10	1.84210807e+03	-1.77736409e+09	2.94265957e-03
1.22000000e+01	1.02573845e+01	-2.32279279e+06	-9.04071473e+04	1.00000000e-09	1.00000000e-09	1.00000000e-10	1.00000000e-10	0.00000000e+00	2.70536508e-03
1.23000000e+01	1.03414615e+01	-2.33024113e+06	-9.06970498e+04	1.00000000e-09	1.00000000e-09	1.00000000e-10	1.00000000e-10	0.00000000e+00	2.48720588e-03
1.24000000e+01	1.04255384e+01	-2.33768947e+06	-9.09869522e+04	1.00000000e-09	1.00590151e+05	1.00000000e-10	1.00590151e+04	-9.70547417e+09	2.28663893e-03
1.25000000e+01	1.05096153e+01	-2.34513781e+06	-9.12768547e+04	1.00000000e-09	9.66192763e+04	1.00000000e-10	9.66192763e+03	-9.32234297e+09	2.10224558e-03
1.26000000e+01	1.05936922e+01	-2.35210651e+06	-9.15480887e+04	1.00000000e-09	1.00000000e-09	1.00000000e-10	1.00000000e-10	0.00000000e+00	1.93272162e-03
1.27000000e+01	1.06777692e+01	-2.35894231e+06	-9.18141497e+04	1.00000000e-09	1.00000000e-09	1.00000000e-10	1.00000000e-10	0.00000000e+00	1.77686798e-03
1.28000000e+01	1.07618461e+01	-2.36577810e+06	-9.20802107e+04	1.00000000e-09	3.93697857e+04	1.00000000e-10	3.93697857e+03	-3.79860685e+09	1.63358230e-03
1.29000000e+01	1.08459230e+01	-2.37261389e+06	-9.23462717e+04	1.00000000e-09	1.53135844e+05	1.00000000e-10	1.53135844e+04	-1.47753628e+10	1.50185109e-03
1.30000000e+01	1.09299999e+01	-2.37908731e+06	-9.25982282e+04	1.00000000e-09	3.36677135e+03	1.00000000e-10	3.36677135e+02	-3.24844051e+08	1.38074262e-03
1.31000000e+01	1.10140768e+01	-2.38535487e+06	-9.28421728e+04	1.00000000e-09	1.00000000e-09	1.00000000e-10	1.00000000e-10	0.00000000e+00	1.26940027e-03
1.32000000e+01	1.10981538e+01	-2.39162244e+06	-9.30861174e+04	1.00000000e-09	1.00000000e-09	1.00000000e-10	1.00000000e-10	0.00000000e+00	1.16703651e-03
1.33000000e+01	1.11822307e+01	-2.39789000e+06	-9.33300620e+04	1.00000000e-09	1.36789449e+05	1.00000000e-10	1.36789449e+04	-1.31981754e+10	1.07292731e-03
1.34000000e+01	1.12663076e+01	-2.40394480e+06	-9.35657253e+04	1.00000000e-09	1.22059753e+05	1.00000000e-10	1.22059753e+04	-1.17769758e+10	9.86407027e-04
1.35000000e+01	1.13503845e+01	-2.40975940e+06	-9.37920395e+04	1.00000000e-09	1.00000000e-09	1.00000000e-10	1.00000000e-10	0.00000000e+00	9.06863691e-04
1.36000000e+01	1.14344615e+01	-2.41557399e+06	-9.40183537e+04	1.00000000e-09	1.00000000e-09	1.00000000e-10	1.00000000e-10	0.00000000e+00	8.33734687e-04
1.37000000e+01	1.15185384e+01	-2.42138859e+06	-9.42446679e+04	1.00000000e-09	2.66983173e+04	1.00000000e-10	2.66983173e+03	-2.57599601e+09	7.66502767e-04
1.38000000e+01	1.16026153e+01	-2.42716429e+06	-9.44694683e+04	1.00000000e-09	1.77423275e+05	1.00000000e-10	1.77423275e+04	-1.71187436e+10	7.04692393e-04
1.39000000e+01	1.16866922e+01	-2.43271873e+06	-9.46856569e+04	1.00000000e-09	4.30365888e+04	1.00000000e-10	4.30365888e+03	-4.15239956e+09	6.47866374e-04
1.40000000e+01	1.17707691e+01	-2.43827317e+06	-9.49018455e+04	1.00000000e-09	1.00000000e-09	1.00000000e-10	1.00000000e-10	0.00000000e+00	5.95622776e-04
1.41000000e+01	1.18548461e+01	-2.44382762e+06	-9.51180341e+04	1.00000000e-09	1.00000000e-09	1.00000000e-10	1.00000000e-10	0.00000000e+00	5.47592073e-04
1.42000000e+01	1.19389230e+01	-2.44938206e+06	-9.53342227e+04	1.00000000e-09	1.03907014e+05	1.00000000e-10	1.03907014e+04	-1.00255028e+10	5.03434541e-04
1.43000000e+01	1.20229999e+01	-2.45480091e+06	-9.55451339e+04	1.00000000e-09	1.60983498e+05	1.00000000e-10	1.60983498e+04	-1.55325463e+10	4.62837848e-04
1.44000000e+01	1.21070768e+01	-2.46005022e+06	-9.57494460e+04	1.00000000e-09	1.00000000e-09	1.00000000e-10	1.00000000e-10	0.00000000e+00	4.25514851e-04
1.45000000e+01	1.21911538e+01	-2.46529952e+06	-9.59537582e+04	1.00000000e-09	1.00000000e-09	1.00000000e-10	1.00000000e-10	0.00000000e+00	3.91201561e-04
1.46000000e+01	1.22752307e+01	-2.47054883e+06	-9.61580703e+04	1.00000000e-09	1.00000000e-09	1.00000000e-10	1.00000000e-10	0.00000000e+00	3.59655276e-04
1.47000000e+01	1.23593076e+01	-2.47579814e+06	-9.63623825e+04	1.00000000e-09	1.54823536e+05	1.00000000e-10	1.54823536e+04	-1.49382003e+10	3.30652866e-04
1.48000000e+01	1.24433845e+01	-2.48073820e+06	-9.65546583e+04	1.00000000e-09	1.16146473e+05	1.00000000e-10	1.16146473e+04	-1.12064311e+10	3.03989196e-04
1.49000000e+01	1.25274615e+01	-2.48559094e+06	-9.67435353e+04	1.00000000e-09	1.00000000e-09	1.00000000e-10	1.00000000e-10	0.00000000e+00	2.79475669e-04
1.50000000e+01	1.26115384e+01	-2.49044368e+06	-9.69324124e+04	1.00000000e-09	1.00000000e-09	1.00000000e-10	1.00000000e-10	0.00000000e+00	2.56938901e-04
1.51000000e+01	1.26956153e+01	-2.49529642e+06	-9.71212895e+04	1.00000000e-09	1.13445923e+04	1.00000000e-10	1.13445923e+03	-1.09458676e+09	2.36219485e-04
1.52000000e+01	1.27796922e+01	-2.49976719e+06	-9.72953000e+04	1.00000000e-09	1.66578559e+05	1.00000000e-10	1.66578559e+04	-1.60723876e+10	2.17170872e-04
1.53000000e+01	1.28637691e+01	-2.50389252e+06	-9.74558651e+04	1.00000000e-09	6.77589160e+04	1.00000000e-10	6.77589160e+03	-6.53774152e+09	1.99658328e-04
1.54000000e+01	1.29478461e+01	-2.50801786e+06	-9.76164302e+04	1.00000000e-09	1.00000000e-09	1.00000000e-10	1.00000000e-10	0.00000000e+00	1.83557987e-04
1.55000000e+01	1.30319230e+01	-2.51214319e+06	-9.77769953e+04	1.00000000e-09	1.00000000e-09	1.00000000e-10	1.00000000e-10	0.00000000e+00	1.68755969e-04
1.56000000e+01	1.31159999e+01	-2.51592495e+06	-9.79241880e+04	1.00000000e-09	1.13129612e+04	1.00000000e-10	1.13129612e+03	-1.09153482e+09	1.55147578e-04
1.57000000e+01	1.32000768e+01	-2.51906534e+06	-9.80464176e+04	1.00000000e-09	1.26353369e+05	1.00000000e-10	1.26353369e+04	-1.21912468e+10	1.42636560e-04
1.58000000e+01	1.32841538e+01	-2.52220574e+06	-9.81686472e+04	1.00000000e-09	9.20608117e+04	1.00000000e-10	9.20608117e+03	-8.88251799e+09	1.31134424e-04
1.59000000e+01	1.33682307e+01	-2.52534613e+06	-9.82908768e+04	1.00000000e-09	1.00000000e-09	1.00000000e-10	1.00000000e-10	0.00000000e+00	1.20559814e-04
1.60000000e+01	1.34523076e+01	-2.52833749e+06	-9.84073057e+04	1.00000000e-09	1.00000000e-09	1.00000000e-10	1.00000000e-10	0.00000000e+00	1.10837935e-04
1.61000000e+01	1.35363845e+01	-2.53041519e+06	-9.84881735e+04	1.00000000e-09	1.00000000e-09	1.00000000e-10	1.00000000e-10	0.00000000e+00	1.01900023e-04
1.62000000e+01	1.36204614e+01	-2.53249289e+06	-9.85690413e+04	1.00000000e-09	1.00000000e-09	1.00000000e-10	1.00000000e-10	0.00000000e+00	9.36828597e-05
1.63000000e+01	1.37045384e+01	-2.53457059e+06	-9.86499091e+04	1.00000000e-09	6.30496447e+04	1.00000000e-10	6.30496447e+03	-6.08336591e+09	8.61283240e-05
1.64000000e+01	1.37886153e+01	-2.53664830e+06	-9.87307769e+04	1.00000000e-09	2.22749435e+05	1.00000000e-10	2.22749435e+04	-2.14920532e+10	7.91829819e-05
1.65000000e+01	1.38726922e+01	-2.53767122e+06	-9.87705908e+04	1.00000000e-09	1.39673652e+05	1.00000000e-10	1.39673652e+04	-1.34764587e+10	7.27977085e-05
1.66000000e+01	1.39567691e+01	-2.53834092e+06	-9.87966569e+04	1.00000000e-09	4.63889663e+04	1.00000000e-10	4.63889663e+03	-4.47585482e+09	6.69273402e-05
1.67000000e+01	1.40408461e+01	-2.53901063e+06	-9.88227230e+04	1.76528800e-09	3.82931449e+04	1.76528800e-10	3.82931449e+03	-3.69472681e+09	6.15303552e-05
1.68000000e+01	1.41249230e+01	-2.53968033e+06	-9.88487891e+04	1.35215245e+03	1.00518992e+05	1.35215245e+02	1.00518992e+04	-9.56814548e+09	5.65685802e-05
1.69000000e+01	1.42089999e+01	-2.53944385e+06	-9.88395848e+04	1.85179499e+04	6.46723042e+04	1.85179499e+03	6.46723042e+03	-4.45321821e+09	5.20069201e-05
1.70000000e+01	1.42930768e+01	-2.53830592e+06	-9.87952945e+04	4.15297880e+04	1.00000000e-09	4.15297880e+03	1.00000000e-10	4.00701539e+09	4.78131098e-05
1.71000000e+01	1.43771537e+01	-2.53716799e+06	-9.87510042e+04	7.52493576e+04	1.00000000e-09	7.52493576e+03	1.00000000e-10	7.26045926e+09	4.39574862e-05
1.72000000e+01	1.44612307e+01	-2.53603006e+06	-9.87067140e+04	1.28370661e+05	1.68377267e+04	1.28370661e+04	1.68377267e+03	1.07612923e+10	4.04127779e-05
1.73000000e+01	1.45453076e+01	-2.53458554e+06	-9.86504907e+04	1.69044735e+05	5.12597678e+04	1.69044735e+04	5.12597678e+03	1.13645216e+10	3.71539131e-05
1.74000000e+01	1.46293845e+01	-2.53193329e+06	-9.85472607e+04	9.38395433e+04	1.00000000e-09	9.38395433e+03	1.00000000e-10	9.05413950e+09	3.41578414e-05
1.75000000e+01	1.47134614e+01	-2.52928105e+06	-9.84440308e+04	1.00000000e-09	1.00000000e-09	1.00000000e-10	1.00000000e-10	0.00000000e+00	3.14033713e-05
1.76000000e+01	1.47975384e+01	-2.52662881e+06	-9.83408008e+04	1.00000000e-09	1.00000000e-09	1.00000000e-10	1.00000000e-10	0.00000000e+00	2.88710202e-05
1.77000000e+01	1.48816153e+01	-2.52397656e+06	-9.82375709e+04	1.00000000e-09	1.81658908e+04	1.00000000e-10	1.81658908e+03	-1.75274201e+09	2.65428765e-05
1.78000000e+01	1.49656922e+01	-2.52078408e+06	-9.81133141e+04	7.15629721e+04	1.99446836e+04	7.15629721e+03	1.99446836e+03	4.98040771e+09	2.44024731e-05
1.79000000e+01	1.50497691e+01	-2.51691252e+06	-9.79626260e+04	1.18480268e+05	1.00000000e-09	1.18480268e+04	1.00000000e-10	1.14316080e+10	2.24346707e-05
1.80000000e+01	1.51338460e+01	-2.51304095e+06	-9.78119379e+04	7.06320220e+03	1.00000000e-09	7.06320220e+02	1.00000000e-10	6.81495410e+08	2.06255509e-05
1.81000000e+01	1.52179230e+01	-2.50916939e+06	-9.76612498e+04	1.00000000e-09	1.00000000e-09	1.00000000e-10	1.00000000e-10	0.00000000e+00	1.89623175e-05
1.82000000e+01	1.53019999e+01	-2.50529782e+06	-9.75105618e+04	1.00000000e-09	1.00000000e-09	1.00000000e-10	1.00000000e-10	0.00000000e+00	1.74332063e-05
1.83000000e+01	1.53860768e+01	-2.50142626e+06	-9.73598737e+04	5.89918310e+04	1.00000000e-09	5.89918310e+03	1.00000000e-10	5.69184641e+09	1.60274019e-05
1.84000000e+01	1.54701537e+01	-2.49755469e+06	-9.72091856e+04	1.21727086e+05	3.32317626e+03	1.21727086e+04	3.32317626e+02	1.14242406e+10	1.47349607e-05
1.85000000e+01	1.55542307e+01	-2.49356056e+06	-9.70537271e+04	2.11203797e+04	2.14388477e+04	2.11203797e+03	2.14388477e+03	-3.07274952e+07	1.35467414e-05
1.86000000e+01	1.56383076e+01	-2.48870085e+06	-9.68645785e+04	1.00000000e-09	2.87924356e+03	1.00000000e-10	2.87924356e+02	-2.77804771e+08	1.24543394e-05
1.87000000e+01	1.57223845e+01	-2.48371479e+06	-9.66705125e+04	1.00000000e-09	2.15437701e+03	1.00000000e-10	2.15437701e+02	-2.07865781e+08	1.14500281e-05
1.88000000e+01	1.58064614e+01	-2.47863250e+06	-9.64727010e+04	5.36376774e+04	1.28575014e+04	5.36376774e+03	1.28575014e+03	3.93468882e+09	1.05267039e-05
1.89000000e+01	1.58905384e+01	-2.47294399e+06	-9.62512940e+04	8.35351420e+04	1.05113188e+04	8.35351420e+03	1.05113188e+03	7.04572784e+09	9.67783615e-06
1.90000000e+01	1.59746153e+01	-2.46671734e+06	-9.60089422e+04	1.00000000e-09	1.00000000e-09	1.00000000e-10	1.00000000e-10	0.00000000e+00	8.89742061e-06
1.91000000e+01	1.60586922e+01	-2.46049070e+06	-9.57665905e+04	1.00000000e-09	1.00000000e-09	1.00000000e-10	1.00000000e-10	0.00000000e+00	8.17993736e-06
1.92000000e+01	1.61427691e+01	-2.45426406e+06	-9.55242388e+04	1.00000000e-09	5.15373726e+03	1.00000000e-10	5.15373726e+02	-4.97260051e+08	7.52031158e-06
1.93000000e+01	1.62268460e+01	-2.44775870e+06	-9.52710386e+04	7.68455617e+04	5.87694372e+03	7.68455617e+03	5.87694372e+02	6.84743067e+09	6.91387767e-06
1.94000000e+01	1.63109230e+01	-2.44092284e+06	-9.50049752e+04	5.02084210e+04	1.00000000e-09	5.02084210e+03	1.00000000e-10	4.84437618e+09	6.35634627e-06
1.95000000e+01	1.63949999e+01	-2.43408699e+06	-9.47389119e+04	1.00000000e-09	1.00000000e-09	1.00000000e-10	1.00000000e-10	0.00000000e+00	5.84377390e-06
1.96000000e+01	1.64790768e+01	-2.42728111e+06	-9.44740153e+04	1.00000000e-09	2.70337398e+03	1.00000000e-10	2.70337398e+02	-2.60835936e+08	5.37253509e-06
1.97000000e+01	1.65631537e+01	-2.42035986e+06	-9.42046282e+04	2.80522782e+04	4.12888530e+03	2.80522782e+03	4.12888530e+02	2.30825651e+09	4.93929673e-06
1.98000000e+01	1.66472307e+01	-2.41320266e+06	-9.39260573e+04	8.09302260e+04	1.00000000e-09	8.09302260e+03	1.00000000e-10	7.80857974e+09	4.54099448e-06
1.99000000e+01	1.67313076e+01	-2.40604545e+06	-9.36474864e+04	9.99648405e+02	1.00000000e-09	9.99648405e+01	1.00000000e-10	9.64514083e+07	4.17481111e-06
2.00000000e+01	1.68153845e+01	-2.39888825e+06	-9.33689154e+04	1.00000000e-09	1.55898346e+03	1.00000000e-10	1.55898346e+02	-1.50419037e+08	3.83815657e-06
2.01000000e+01	1.68994614e+01	-2.39164990e+06	-9.30871864e+04	1.00000000e-09	3.14462417e+03	1.00000000e-10	3.14462417e+02	-3.03410108e+08	3.52864967e-06
2.02000000e+01	1.69835383e+01	-2.38424869e+06	-9.27991185e+04	6.72741441e+04	1.00000000e-09	6.72741441e+03	1.00000000e-10	6.49096813e+09	3.24410125e-06
2.03000000e+01	1.70676153e+01	-2.37685048e+06	-9.25111673e+04	5.33302029e+04	1.00000000e-09	5.33302029e+03	1.00000000e-10	5.14558234e+09	2.98249865e-06
2.04000000e+01	1.71516922e+01	-2.36945228e+06	-9.22232161e+04	1.00000000e-09	8.92931617e+02	1.00000000e-10	8.92931617e+01	-8.61548036e+07	2.74199155e-06
2.05000000e+01	1.72357691e+01	-2.36199909e+06	-9.19331250e+04	1.00000000e-09	2.46010492e+03	1.00000000e-10	2.46010492e+02	-2.37364040e+08	2.52087882e-06
2.06000000e+01	1.73198460e+01	-2.35441152e+06	-9.16378036e+04	2.35752659e+04	1.00000000e-09	2.35752659e+03	1.00000000e-10	2.27466736e+09	2.31759650e-06
2.07000000e+01	1.74039230e+01	-2.34684461e+06	-9.13432864e+04	7.71656390e+04	1.00000000e-09	7.71656390e+03	1.00000000e-10	7.44535230e+09	2.13070675e-06
2.08000000e+01	1.74879999e+01	-2.33927771e+06	-9.10487693e+04	2.62546407e+03	4.79637159e+02	2.62546407e+02	4.79637159e+01	2.07040822e+08	1.95888770e-06
2.09000000e+01	1.75720768e+01	-2.33168074e+06	-9.07530821e+04	1.00000000e-09	1.88175449e+03	1.00000000e-10	1.88175449e+02	-1.81561707e+08	1.80092404e-06
2.10000000e+01	1.76561537e+01	-2.32396615e+06	-9.04528168e+04	1.00000000e-09	1.00000000e-09	1.00000000e-10	1.00000000e-10	0.00000000e+00	1.65569849e-06
2.11000000e+01	1.77402306e+01	-2.31627424e+06	-9.01534343e+04	6.60312159e+04	1.00000000e-09	6.60312159e+03	1.00000000e-10	6.37104380e+09	1.52218384e-06
2.12000000e+01	1.78243076e+01	-2.30858861e+06	-8.98542959e+04	4.98006943e+04	2.66466848e+02	4.98006943e+03	2.66466848e+01	4.77932638e+09	1.39943575e-06
2.13000000e+01	1.79083845e+01	-2.30088606e+06	-8.95544992e+04	1.00000000e-09	1.29375383e+03	1.00000000e-10	1.29375383e+02	-1.24828268e+08	1.28658600e-06
2.14000000e+01	1.79924614e+01	-2.29310094e+06	-8.92514887e+04	1.00000000e-09	1.00000000e-09	1.00000000e-10	1.00000000e-10	0.00000000e+00	1.18283639e-06
2.15000000e+01	1.80765383e+01	-2.28533098e+06	-8.89490685e+04	2.71488262e+04	1.00000000e-09	2.71488262e+03	1.00000000e-10	2.61946351e+09	1.08745310e-06
2.16000000e+01	1.81606153e+01	-2.27757859e+06	-8.86473320e+04	7.40390936e+04	3.22024753e+02	7.40390936e+03	3.22024753e+01	7.11261587e+09	9.99761460e-07
2.17000000e+01	1.82446922e+01	-2.26980561e+06	-8.83447940e+04	1.00000000e-09	6.25088315e+02	1.00000000e-10	6.25088315e+01	-6.03118537e+07	9.19141229e-07
2.18000000e+01	1.83287691e+01	-2.26199252e+06	-8.80406947e+04	1.00000000e-09	1.00000000e-09	1.00000000e-10	1.00000000e-10	0.00000000e+00	8.45022171e-07
2.19000000e+01	1.84128460e+01	-2.25418305e+06	-8.77367366e+04	1.00000000e-09	1.00000000e-09	1.00000000e-10	1.00000000e-10	0.00000000e+00	7.76880034e-07
2.20000000e+01	1.84969229e+01	-2.24639481e+06	-8.74336048e+04	6.66761412e+04	9.09866235e+02	6.66761412e+03	9.09866235e+01	6.34548088e+09	7.14232843e-07
2.21000000e+01	1.85809999e+01	-2.23855055e+06	-8.71282925e+04	4.36315971e+04	8.18618135e+01	4.36315971e+03	8.18618135e+00	4.20191068e+09	6.56637488e-07
2.22000000e+01	1.86650768e+01	-2.23070100e+06	-8.68227745e+04	1.00000000e-09	1.00000000e-09	1.00000000e-10	1.00000000e-10	0.00000000e+00	6.03686592e-07
2.23000000e+01	1.87491537e+01	-2.22285146e+06	-8.65172565e+04	1.00000000e-09	1.00000000e-09	1.00000000e-10	1.00000000e-10	0.00000000e+00	5.55005627e-07
2.24000000e+01	1.88332306e+01	-2.21501925e+06	-8.62124131e+04	3.19061169e+04	1.67671768e+03	3.19061169e+03	1.67671768e+02	2.91669363e+09	5.10250270e-07
2.25000000e+01	1.89173076e+01	-2.20709095e+06	-8.59038302e+04	6.99218221e+04	3.44822620e+03	6.99218221e+03	3.44822620e+02	6.41372698e+09	4.69103960e-07
2.26000000e+01	1.90013845e+01	-2.19893532e+06	-8.55863989e+04	1.00000000e-09	1.00000000e-09	1.00000000e-10	1.00000000e-10	0.00000000e+00	4.31275667e-07
2.27000000e+01	1.90854614e+01	-2.19077969e+06	-8.52689675e+04	1.00000000e-09	1.00000000e-09	1.00000000e-10	1.00000000e-10	0.00000000e+00	3.96497828e-07
2.28000000e+01	1.91695383e+01	-2.18263408e+06	-8.49519260e+04	1.00000000e-09	9.93414734e+02	1.00000000e-10	9.93414734e+01	-9.58499505e+07	3.64524455e-07
2.29000000e+01	1.92536153e+01	-2.17443698e+06	-8.46328805e+04	6.73013259e+04	8.84763750e+02	6.73013259e+03	8.84763750e+01	6.40822406e+09	3.35129397e-07
2.30000000e+01	1.93376922e+01	-2.16618039e+06	-8.43115196e+04	3.51347857e+04	1.00000000e-09	3.51347857e+03	1.00000000e-10	3.38999147e+09	3.08104742e-07
2.31000000e+01	1.94217691e+01	-2.15792380e+06	-8.39901587e+04	1.00000000e-09	1.00000000e-09	1.00000000e-10	1.00000000e-10	0.00000000e+00	2.83259340e-07
2.32000000e+01	1.95058460e+01	-2.14967091e+06	-8.36689419e+04	1.00000000e-09	3.19823000e+02	1.00000000e-10	3.19823000e+01	-3.08582284e+07	2.60417458e-07
2.33000000e+01	1.95899229e+01	-2.14141095e+06	-8.33474497e+04	3.93920128e+04	5.11150592e+02	3.93920128e+03	5.11150592e+01	3.75143291e+09	2.39417533e-07
2.34000000e+01	1.96739999e+01	-2.13311643e+06	-8.30246127e+04	6.48076479e+04	1.00000000e-09	6.48076479e+03	1.00000000e-10	6.25298743e+09	2.20111031e-07
2.35000000e+01	1.97580768e+01	-2.12482192e+06	-8.27017758e+04	1.00000000e-09	1.00000000e-09	1.00000000e-10	1.00000000e-10	0.00000000e+00	2.02361395e-07
2.36000000e+01	1.98421537e+01	-2.11652740e+06	-8.23789388e+04	1.00000000e-09	1.51418407e+02	1.00000000e-10	1.51418407e+01	-1.46096553e+07	1.86043080e-07
2.37000000e+01	1.99262306e+01	-2.10823611e+06	-8.20562274e+04	1.00000000e-09	3.68994356e+02	1.00000000e-10	3.68994356e+01	-3.56025430e+07	1.71040665e-07
2.38000000e+01	2.00103076e+01	-2.09992208e+06	-8.17326308e+04	6.95715224e+04	1.00000000e-09	6.95715224e+03	1.00000000e-10	6.71263145e+09	1.57248037e-07
2.39000000e+01	2.00943845e+01	-2.09160805e+06	-8.14090342e+04	2.45706365e+04	1.00000000e-09	2.45706365e+03	1.00000000e-10	2.37070602e+09	1.44567640e-07
2.40000000e+01	2.01784614e+01	-2.08329402e+06	-8.10854377e+04	1.00000000e-09	7.06813108e+01	1.00000000e-10	7.06813108e+00	-6.81970974e+06	1.32909782e-07
2.41000000e+01	2.02625383e+01	-2.07498692e+06	-8.07621107e+04	1.00000000e-09	2.87072019e+02	1.00000000e-10	2.87072019e+01	-2.76982391e+07	1.22192009e-07
2.42000000e+01	2.03466152e+01	-2.06666595e+06	-8.04382442e+04	4.80492406e+04	1.00000000e-09	4.80492406e+03	1.00000000e-10	4.63604694e+09	1.12338510e-07
2.43000000e+01	2.04306922e+01	-2.05834499e+06	-8.01143777e+04	5.89954194e+04	1.00000000e-09	5.89954194e+03	1.00000000e-10	5.69219263e+09	1.03279593e-07
2.44000000e+01	2.05147691e+01	-2.05002402e+06	-7.97905113e+04	1.00000000e-09	1.88454971e+01	1.00000000e-10	1.88454971e+00	-1.81831405e+06	9.49511815e-08
2.45000000e+01	2.05988460e+01	-2.04171105e+06	-7.94669557e+04	1.00000000e-09	2.39409418e+02	1.00000000e-10	2.39409418e+01	-2.30994972e+07	8.72943689e-08
2.46000000e+01	2.06829229e+01	-2.03339007e+06	-7.91430889e+04	8.34623647e+03	1.00000000e-09	8.34623647e+02	1.00000000e-10	8.05289398e+08	8.02549976e-08
2.47000000e+01	2.07669999e+01	-2.02506910e+06	-7.88192220e+04	7.11650482e+04	1.00000000e-09	7.11650482e+03	1.00000000e-10	6.86638331e+09	7.37832774e-08
2.48000000e+01	2.08510768e+01	-2.01674812e+06	-7.84953551e+04	1.36273130e+04	1.00000000e-09	1.36273130e+03	1.00000000e-10	1.31483582e+09	6.78334333e-08
2.49000000e+01	2.09351537e+01	-2.00843338e+06	-7.81717307e+04	1.00000000e-09	2.10176332e+02	1.00000000e-10	2.10176332e+01	-2.02789332e+07	6.23633815e-08
2.50000000e+01	2.10192306e+01	-2.00011437e+06	-7.78479405e+04	1.00000000e-09	2.92030500e+01	1.00000000e-10	2.92030500e+00	-2.81766598e+06	5.73344317e-08
2.51000000e+01	2.11033075e+01	-1.99179338e+06	-7.75240731e+04	5.64827903e+04	1.00000000e-09	5.64827903e+03	1.00000000e-10	5.44976078e+09	5.27110137e-08
2.52000000e+01	2.11873845e+01	-1.98347239e+06	-7.72002057e+04	5.21609136e+04	1.00000000e-09	5.21609136e+03	1.00000000e-10	5.03276307e+09	4.84604257e-08
2.53000000e+01	2.12714614e+01	-1.97515431e+06	-7.68764515e+04	1.00000000e-09	1.86288227e+02	1.00000000e-10	1.86288227e+01	-1.79740814e+07	4.45526029e-08
2.54000000e+01	2.13555383e+01	-1.96683436e+06	-7.65526244e+04	1.00000000e-09	6.14797937e+01	1.00000000e-10	6.14797937e+00	-5.93189832e+06	4.09599048e-08
2.55000000e+01	2.14396152e+01	-1.95851023e+06	-7.62286347e+04	2.04015079e+04	1.00000000e-09	2.04015079e+03	1.00000000e-10	1.96844627e+09	3.76569199e-08
2.56000000e+01	2.15236922e+01	-1.95018610e+06	-7.59046451e+04	7.13161806e+04	1.00000000e-09	7.13161806e+03	1.00000000e-10	6.88096537e+09	3.46202860e-08
2.57000000e+01	2.16077691e+01	-1.94186197e+06	-7.55806555e+04	1.61036508e+03	1.65684209e+02	1.61036508e+02	1.65684209e+01	1.39390514e+08	3.18285246e-08
2.58000000e+01	2.16918460e+01	-1.93353713e+06	-7.52566382e+04	1.00000000e-09	8.60108720e+01	1.00000000e-10	8.60108720e+00	-8.29878755e+06	2.92618894e-08
2.59000000e+01	2.17759229e+01	-1.92520829e+06	-7.49324652e+04	1.00000000e-09	1.00000000e-09	1.00000000e-10	1.00000000e-10	0.00000000e+00	2.69022262e-08
2.60000000e+01	2.18599998e+01	-1.91687945e+06	-7.46082922e+04	6.38830208e+04	1.00000000e-09	6.38830208e+03	1.00000000e-10	6.16377447e+09	2.47328451e-08
2.61000000e+01	2.19440768e+01	-1.90855061e+06	-7.42841191e+04	4.33333959e+04	1.45920774e+02	4.33333959e+03	1.45920774e+01	4.16695788e+09	2.27384017e-08
2.62000000e+01	2.20281537e+01	-1.90022124e+06	-7.39599257e+04	1.00000000e-09	1.20684840e+02	1.00000000e-10	1.20684840e+01	-1.16443169e+07	2.09047891e-08
2.63000000e+01	2.21122306e+01	-1.89188831e+06	-7.36355934e+04	1.00000000e-09	1.00000000e-09	1.00000000e-10	1.00000000e-10	0.00000000e+00	1.92190381e-08
2.64000000e+01	2.21963075e+01	-1.88355537e+06	-7.33112610e+04	3.25955773e+04	1.00000000e-09	3.25955773e+03	1.00000000e-10	3.14499510e+09	1.76692251e-08
2.65000000e+01	2.22803845e+01	-1.87522244e+06	-7.29869287e+04	6.91949678e+04	2.82606445e+01	6.91949678e+03	2.82606445e+00	6.67357271e+09	1.62443882e-08
2.66000000e+01	2.23644614e+01	-1.86689506e+06	-7.26628126e+04	1.00000000e-09	1.00000000e-09	1.00000000e-10	1.00000000e-10	0.00000000e+00	1.49344494e-08
2.67000000e+01	2.24485383e+01	-1.85857455e+06	-7.23389638e+04	1.00000000e-09	1.00000000e-09	1.00000000e-10	1.00000000e-10	0.00000000e+00	1.37301434e-08
2.68000000e+01	2.25326152e+01	-1.85025404e+06	-7.20151150e+04	1.00000000e-09	1.77759540e+01	1.00000000e-10	1.77759540e+00	-1.71511883e+06	1.26229520e-08
2.69000000e+01	2.26166921e+01	-1.84193232e+06	-7.16912193e+04	6.96269274e+04	1.99660307e+01	6.96269274e+03	1.99660307e+00	6.71605079e+09	1.16050438e-08
2.70000000e+01	2.27007691e+01	-1.83361431e+06	-7.13674675e+04	3.23716991e+04	1.00000000e-09	3.23716991e+03	1.00000000e-10	3.12339414e+09	1.06692193e-08
2.71000000e+01	2.27848460e+01	-1.82530475e+06	-7.10440451e+04	1.00000000e-09	1.00000000e-09	1.00000000e-10	1.00000000e-10	0.00000000e+00	9.80885916e-09
2.72000000e+01	2.28689229e+01	-1.81699519e+06	-7.07206226e+04	1.00000000e-09	3.98688417e-01	1.00000000e-10	3.98688417e-02	-3.84675842e+04	9.01787799e-09
2.73000000e+01	2.29529998e+01	-1.80868561e+06	-7.03971991e+04	4.42337236e+04	1.29409819e+01	4.42337236e+03	1.29409819e+00	4.26665690e+09	8.29068113e-09
2.74000000e+01	2.30370768e+01	-1.80037738e+06	-7.00738285e+04	6.45271963e+04	2.14871613e+00	6.45271963e+03	2.14871613e-01	6.22572064e+09	7.62212503e-09
2.75000000e+01	2.31211537e+01	-1.79207825e+06	-6.97508117e+04	1.00000000e-09	1.00000000e-09	1.00000000e-10	1.00000000e-10	0.00000000e+00	7.00748093e-09
2.76000000e+01	2.32052306e+01	-1.78377911e+06	-6.94277949e+04	1.00000000e-09	1.00000000e-09	1.00000000e-10	1.00000000e-10	0.00000000e+00	6.44240141e-09
2.77000000e+01	2.32893075e+01	-1.77547998e+06	-6.91047781e+04	2.28451307e+03	7.63690407e+00	2.28451307e+02	7.63690407e-01	2.19685153e+08	5.92288960e-09
2.78000000e+01	2.33733845e+01	-1.76718033e+06	-6.87817411e+04	7.28519733e+04	4.87667157e+00	7.28519733e+03	4.87667157e-01	7.02867632e+09	5.44527095e-09
2.79000000e+01	2.34574614e+01	-1.75888946e+06	-6.84590461e+04	1.99781161e+04	1.00000000e-09	1.99781161e+03	1.00000000e-10	1.92759517e+09	5.00616720e-09
2.80000000e+01	2.35415383e+01	-1.75060074e+06	-6.81364345e+04	1.00000000e-09	1.00000000e-09	1.00000000e-10	1.00000000e-10	0.00000000e+00	4.60247255e-09
2.81000000e+01	2.36256152e+01	-1.74231201e+06	-6.78138230e+04	1.00000000e-09	3.10667297e+00	1.00000000e-10	3.10667297e-01	-2.99748373e+05	4.23133162e-09
2.82000000e+01	2.37096921e+01	-1.73402308e+06	-6.74912032e+04	5.41438174e+04	5.62110506e+00	5.41438174e+03	5.62110506e-01	5.22354185e+09	3.89011930e-09
2.83000000e+01	2.37937691e+01	-1.72574187e+06	-6.71688843e+04	5.72282067e+04	1.00000000e-09	5.72282067e+03	1.00000000e-10	5.52168254e+09	3.57642216e-09
2.84000000e+01	2.38778460e+01	-1.71746552e+06	-6.68467543e+04	1.00000000e-09	1.00000000e-09	1.00000000e-10	1.00000000e-10	0.00000000e+00	3.28802138e-09
2.85000000e+01	2.39619229e+01	-1.70918917e+06	-6.65246243e+04	1.00000000e-09	1.00000000e-09	1.00000000e-10	1.00000000e-10	0.00000000e+00	3.02287709e-09
2.86000000e+01	2.40459998e+01	-1.70091282e+06	-6.62024943e+04	1.52856278e+04	4.96287474e+00	1.52856278e+03	4.96287474e-01	1.47436003e+09	2.77911390e-09
2.87000000e+01	2.41300768e+01	-1.69264245e+06	-6.58805968e+04	7.31649736e+04	1.75275642e+00	7.31649736e+03	1.75275642e-01	7.05917766e+09	2.55500764e-09
2.88000000e+01	2.42141537e+01	-1.68437902e+06	-6.55589697e+04	7.20790449e+03	1.00000000e-09	7.20790449e+02	1.00000000e-10	6.95457058e+08	2.34897319e-09
2.89000000e+01	2.42982306e+01	-1.67611559e+06	-6.52373427e+04	1.00000000e-09	1.00000000e-09	1.00000000e-10	1.00000000e-10	0.00000000e+00	2.15955324e-09
2.90000000e+01	2.43823075e+01	-1.66785216e+06	-6.49157156e+04	1.00000000e-09	2.80600673e+00	1.00000000e-10	2.80600673e-01	-2.70738491e+05	1.98540802e-09
2.91000000e+01	2.44663844e+01	-1.65959242e+06	-6.45942322e+04	6.17213017e+04	3.46633991e+00	6.17213017e+03	3.46633991e-01	5.95486584e+09	1.82530578e-09
2.92000000e+01	2.45504614e+01	-1.65134103e+06	-6.42730735e+04	4.82132916e+04	1.00000000e-09	4.82132916e+03	1.00000000e-10	4.65187545e+09	1.67811410e-09
2.93000000e+01	2.46345383e+01	-1.64308963e+06	-6.39519149e+04	1.00000000e-09	1.00000000e-09	1.00000000e-10	1.00000000e-10	0.00000000e+00	1.54279187e-09
2.94000000e+01	2.47186152e+01	-1.63483824e+06	-6.36307562e+04	1.00000000e-09	1.00000000e-09	1.00000000e-10	1.00000000e-10	0.00000000e+00	1.41838196e-09
2.95000000e+01	2.48026921e+01	-1.62658789e+06	-6.33096384e+04	2.71355497e+04	3.74598517e+00	2.71355497e+03	3.74598517e-01	2.61782110e+09	1.30400439e-09
2.96000000e+01	2.48867691e+01	-1.61834654e+06	-6.29888706e+04	7.09679006e+04	1.23710621e+00	7.09679006e+03	1.23710621e-01	6.84724210e+09	1.19885018e-09
2.97000000e+01	2.49708460e+01	-1.61010548e+06	-6.26681140e+04	1.00000000e-09	1.00000000e-09	1.00000000e-10	1.00000000e-10	0.00000000e+00	1.10217554e-09
2.98000000e+01	2.50549229e+01	-1.60186441e+06	-6.23473574e+04	1.00000000e-09	1.00000000e-09	1.00000000e-10	1.00000000e-10	0.00000000e+00	1.01329669e-09
2.99000000e+01	2.51389998e+01	-1.59362335e+06	-6.20266008e+04	1.00000000e-09	2.04296574e+00	1.00000000e-10	2.04296574e-01	-1.97116228e+05	9.31584987e-10
3.00000000e+01	2.52230767e+01	-1.58539115e+06	-6.17061892e+04	6.68133733e+04	3.04540819e+00	6.68133733e+03	3.04540819e-01	6.44621668e+09	8.56462471e-10
3.01000000e+01	2.53071537e+01	-1.57716204e+06	-6.13858979e+04	3.83428328e+04	1.00000000e-09	3.83428328e+03	1.00000000e-10	3.69952096e+09	7.87397794e-10
3.02000000e+01	2.53912306e+01	-1.56893293e+06	-6.10656066e+04	1.00000000e-09	1.00000000e-09	1.00000000e-10	1.00000000e-10	0.00000000e+00	7.23902457e-10
3.03000000e+01	2.54753075e+01	-1.56070382e+06	-6.07453152e+04	1.00000000e-09	1.00000000e-09	1.00000000e-10	1.00000000e-10	0.00000000e+00	6.65527349e-10
3.04000000e+01	2.55593844e+01	-1.55248258e+06	-6.04253304e+04	3.72899625e+04	2.97846460e+00	3.72899625e+03	2.97846460e-01	3.59764704e+09	6.11859579e-10
3.05000000e+01	2.56434614e+01	-1.54426709e+06	-6.01055690e+04	6.69613419e+04	1.95676328e+00	6.69613419e+03	1.95676328e-01	6.46059851e+09	5.62519549e-10
3.06000000e+01	2.57275383e+01	-1.53605146e+06	-5.97858025e+04	1.00000000e-09	1.00000000e-09	1.00000000e-10	1.00000000e-10	0.00000000e+00	5.17158273e-10
3.07000000e+01	2.58116152e+01	-1.52783583e+06	-5.94660360e+04	1.00000000e-09	1.00000000e-09	1.00000000e-10	1.00000000e-10	0.00000000e+00	4.75454906e-10
3.08000000e+01	2.58956921e+01	-1.51962617e+06	-5.91465017e+04	1.00000000e-09	5.88390522e-01	1.00000000e-10	5.88390522e-02	-5.67710548e+04	4.37114476e-10
3.09000000e+01	2.59797690e+01	-1.51142453e+06	-5.88272796e+04	6.98612892e+04	3.04448120e+00	6.98612892e+03	3.04448120e-01	6.74029594e+09	4.01865798e-10
3.10000000e+01	2.60638460e+01	-1.50322269e+06	-5.85080495e+04	2.82851800e+04	9.12483976e-01	2.82851800e+03	9.12483976e-02	2.72901694e+09	3.69459555e-10
3.11000000e+01	2.61479229e+01	-1.49502079e+06	-5.81888170e+04	1.00000000e-09	1.00000000e-09	1.00000000e-10	1.00000000e-10	0.00000000e+00	3.39666533e-10
3.12000000e+01	2.62319998e+01	-1.48682234e+06	-5.78697193e+04	1.00000000e-09	1.00000000e-09	1.00000000e-10	1.00000000e-10	0.00000000e+00	3.12276006e-10
3.13000000e+01	2.63160767e+01	-1.47863335e+06	-5.75509893e+04	4.58310486e+04	1.19881668e+00	4.58310486e+03	1.19881668e-01	4.42190828e+09	2.87094235e-10
3.14000000e+01	2.64001537e+01	-1.47044427e+06	-5.72322562e+04	6.19117349e+04	2.88330484e+00	6.19117349e+03	2.88330484e-01	5.97329611e+09	2.63943109e-10
3.15000000e+01	2.64842306e+01	-1.46225500e+06	-5.69135155e+04	1.00000000e-09	5.72279784e-01	1.00000000e-10	5.72279784e-02	-5.52166049e+04	2.42658878e-10
3.16000000e+01	2.65683075e+01	-1.45406628e+06	-5.65947964e+04	1.00000000e-09	1.00000000e-09	1.00000000e-10	1.00000000e-10	0.00000000e+00	2.23090996e-10
3.17000000e+01	2.66523844e+01	-1.44588755e+06	-5.62764657e+04	4.03377456e+03	1.00000000e-09	4.03377456e+02	1.00000000e-10	3.89200078e+08	2.05101057e-10
3.18000000e+01	2.67364614e+01	-1.43770966e+06	-5.59581679e+04	7.14666990e+04	9.85269578e-01	7.14666990e+03	9.85269578e-02	6.89539313e+09	1.88561817e-10
3.19000000e+01	2.68205383e+01	-1.42953170e+06	-5.56398675e+04	1.84188545e+04	2.78819101e+00	1.84188545e+03	2.78819101e-01	1.77688027e+09	1.73356293e-10
3.20000000e+01	2.69046152e+01	-1.42135356e+06	-5.53215599e+04	1.00000000e-09	1.06367111e+00	1.00000000e-10	1.06367111e-01	-1.02628660e+05	1.59376934e-10
3.21000000e+01	2.69886921e+01	-1.41318495e+06	-5.50036234e+04	1.00000000e-09	1.00000000e-09	1.00000000e-10	1.00000000e-10	0.00000000e+00	1.46524863e-10
3.22000000e+01	2.70727690e+01	-1.40502010e+06	-5.46858332e+04	5.31707941e+04	1.00000000e-09	5.31707941e+03	1.00000000e-10	5.13020173e+09	1.34709176e-10
3.23000000e+01	2.71568460e+01	-1.39685524e+06	-5.43680429e+04	5.61622886e+04	2.08608795e-02	5.61622886e+03	2.08608795e-03	5.41883506e+09	1.23846300e-10
3.24000000e+01	2.72409229e+01	-1.38869039e+06	-5.40502526e+04	1.00000000e-09	2.38593995e+00	1.00000000e-10	2.38593995e-01	-2.30208208e+05	1.13859401e-10
3.25000000e+01	2.73249998e+01	-1.38053374e+06	-5.37327815e+04	1.00000000e-09	1.89032612e+00	1.00000000e-10	1.89032612e-01	-1.82388743e+05	1.04677839e-10
3.26000000e+01	2.74090767e+01	-1.37238332e+06	-5.34155528e+04	1.39665567e+04	1.00000000e-09	1.39665567e+03	1.00000000e-10	1.34756786e+09	9.62366743e-11
3.27000000e+01	2.74931537e+01	-1.36423289e+06	-5.30983242e+04	7.20929669e+04	1.00000000e-09	7.20929669e+03	1.00000000e-10	6.95591386e+09	8.84762003e-11
3.28000000e+01	2.75772306e+01	-1.35608247e+06	-5.27810955e+04	8.75931139e+03	1.00000000e-09	8.75931139e+02	1.00000000e-10	8.45145069e+08	8.13415267e-11
3.29000000e+01	2.76613075e+01	-1.34793841e+06	-5.24641143e+04	1.00000000e-09	4.41297912e-01	1.00000000e-10	4.41297912e-02	-4.25787755e+04	7.47821894e-11
3.30000000e+01	2.77453844e+01	-1.33980271e+06	-5.21474588e+04	1.00000000e-09	2.42505144e+00	1.00000000e-10	2.42505144e-01	-2.33981893e+05	6.87517936e-11
3.31000000e+01	2.78294613e+01	-1.33166685e+06	-5.18307971e+04	5.98024349e+04	2.08139869e+00	5.98024349e+03	2.08139869e-01	5.76985697e+09	6.32076857e-11
3.32000000e+01	2.79135383e+01	-1.32353086e+06	-5.15141299e+04	4.99266502e+04	4.98531340e-02	4.99266502e+03	4.98531340e-03	4.81718461e+09	5.81106517e-11
3.33000000e+01	2.79976152e+01	-1.31539864e+06	-5.11976100e+04	1.00000000e-09	1.00000000e-09	1.00000000e-10	1.00000000e-10	0.00000000e+00	5.34246397e-11
3.34000000e+01	2.80816921e+01	-1.30727612e+06	-5.08814673e+04	1.00000000e-09	1.00000000e-09	1.00000000e-10	1.00000000e-10	0.00000000e+00	4.91165053e-11
3.35000000e+01	2.81657690e+01	-1.29915360e+06	-5.05653246e+04	2.38490298e+04	1.00000000e-09	2.38490298e+03	1.00000000e-10	2.30108156e+09	4.51557765e-11
3.36000000e+01	2.82498460e+01	-1.29103108e+06	-5.02491820e+04	7.18449762e+04	7.49702906e-01	7.18449762e+03	7.49702906e-02	6.93191405e+09	4.15144388e-11
3.37000000e+01	2.83339229e+01	-1.28290940e+06	-4.99330718e+04	1.00000000e-09	2.50323262e+00	1.00000000e-10	2.50323262e-01	-2.41525231e+05	3.81667366e-11
3.38000000e+01	2.84179998e+01	-1.27479767e+06	-4.96173492e+04	1.00000000e-09	3.08323803e+00	1.00000000e-10	3.08323803e-01	-2.97487245e+05	3.50889914e-11
3.39000000e+01	2.85020767e+01	-1.26668627e+06	-4.93016393e+04	1.00000000e-09	2.51127403e+00	1.00000000e-10	2.51127403e-01	-2.42301109e+05	3.22594338e-11
3.40000000e+01	2.85861536e+01	-1.25857470e+06	-4.89859229e+04	6.57213520e+04	1.48834087e+00	6.57213520e+03	1.48834087e-01	6.34100287e+09	2.96580503e-11
3.41000000e+01	2.86702306e+01	-1.25046303e+06	-4.86702027e+04	4.26923476e+04	7.89673287e-01	4.26923476e+03	7.89673287e-02	4.11910915e+09	2.72664410e-11
3.42000000e+01	2.87543075e+01	-1.24236096e+06	-4.83548560e+04	1.00000000e-09	4.23626443e-01	1.00000000e-10	4.23626443e-02	-4.08737379e+04	2.50676897e-11
3.43000000e+01	2.88383844e+01	-1.23426228e+06	-4.80396410e+04	1.00000000e-09	2.24283654e-01	1.00000000e-10	2.24283654e-02	-2.16400827e+04	2.30462446e-11
3.44000000e+01	2.89224613e+01	-1.22616358e+06	-4.77244255e+04	3.37167955e+04	9.29135936e-02	3.37167955e+03	9.29135936e-03	3.25316725e+09	2.11878078e-11
3.45000000e+01	2.90065383e+01	-1.21806487e+06	-4.74092097e+04	7.02122022e+04	2.05308809e-02	7.02122022e+03	2.05308809e-03	6.77444567e+09	1.94792342e-11
3.46000000e+01	2.90906152e+01	-1.20997448e+06	-4.70943176e+04	1.00000000e-09	7.19619801e-03	1.00000000e-10	7.19619801e-04	-6.94327458e+02	1.79084392e-11
3.47000000e+01	2.91746921e+01	-1.20189004e+06	-4.67796571e+04	1.00000000e-09	1.45052002e-02	1.00000000e-10	1.45052002e-03	-1.39953896e+03	1.64643122e-11
3.48000000e+01	2.92587690e+01	-1.19380560e+06	-4.64649965e+04	1.00000000e-09	2.66296279e-02	1.00000000e-10	2.66296279e-03	-2.56936840e+03	1.51366389e-11
3.49000000e+01	2.93428459e+01	-1.18572115e+06	-4.61503358e+04	7.04427084e+04	2.17351674e-04	7.04427084e+03	2.17351674e-05	6.79668809e+09	1.39160284e-11
3.50000000e+01	2.94269229e+01	-1.17764297e+06	-4.58359187e+04	3.40315841e+04	3.29833232e-06	3.40315841e+03	3.29833232e-07	3.28354870e+09	1.27938473e-11
3.51000000e+01	2.95109998e+01	-1.16957268e+06	-4.55218090e+04	1.00000000e-09	1.86689195e-04	1.00000000e-10	1.86689195e-05	-1.80126725e+01	1.17621583e-11
3.52000000e+01	2.95950767e+01	-1.16150239e+06	-4.52076993e+04	1.00000000e-09	2.28627631e-02	1.00000000e-10	2.28627631e-03	-2.20592120e+03	1.08136641e-11
3.53000000e+01	2.96791536e+01	-1.15343210e+06	-4.48935895e+04	4.30434317e+04	6.71829461e-03	4.30434317e+03	6.71829461e-04	4.15305916e+09	9.94165601e-12
3.54000000e+01	2.97632306e+01	-1.14536547e+06	-4.45796222e+04	6.67239095e+04	1.00000000e-09	6.67239095e+03	1.00000000e-10	6.43787857e+09	9.13996618e-12
3.55000000e+01	2.98473075e+01	-1.13730793e+06	-4.42660086e+04	1.00000000e-09	1.00000000e-09	1.00000000e-10	1.00000000e-10	0.00000000e+00	8.40292419e-12
3.56000000e+01	2.99313844e+01	-1.12925038e+06	-4.39523949e+04	1.00000000e-09	1.39444280e-02	1.00000000e-10	1.39444280e-03	-1.34543267e+03	7.72531687e-12
3.57000000e+01	3.00154613e+01	-1.12119284e+06	-4.36387812e+04	1.00000000e-09	1.21202512e-02	1.00000000e-10	1.21202512e-03	-1.16942637e+03	7.10235144e-12
3.58000000e+01	3.00995383e+01	-1.11313606e+06	-4.33251975e+04	7.33183712e+04	1.00000000e-09	7.33183712e+03	1.00000000e-10	7.07414740e+09	6.52962161e-12
3.59000000e+01	3.01836152e+01	-1.10508869e+06	-4.30119797e+04	2.44703920e+04	1.00000000e-09	2.44703920e+03	1.00000000e-10	2.36103390e+09	6.00307641e-12
3.60000000e+01	3.02676921e+01	-1.09704199e+06	-4.26987881e+04	1.00000000e-09	4.67039243e-03	1.00000000e-10	4.67039243e-04	-4.50624268e+02	5.51899153e-12
3.61000000e+01	3.03517690e+01	-1.08899529e+06	-4.23855965e+04	1.00000000e-09	1.35299016e-02	1.00000000e-10	1.35299016e-03	-1.30543695e+03	5.07394300e-12
3.62000000e+01	3.04358459e+01	-1.08094859e+06	-4.20724050e+04	5.10405884e+04	1.00000000e-09	5.10405884e+03	1.00000000e-10	4.92466812e+09	4.66478295e-12
3.63000000e+01	3.05199229e+01	-1.07291071e+06	-4.17595565e+04	6.14495201e+04	1.00000000e-09	6.14495201e+03	1.00000000e-10	5.92897735e+09	4.28861734e-12
3.64000000e+01	3.06039998e+01	-1.06487632e+06	-4.14468441e+04	1.00000000e-09	1.00000000e-09	1.00000000e-10	1.00000000e-10	0.00000000e+00	3.94278553e-12
3.65000000e+01	3.06880767e+01	-1.05684193e+06	-4.11341317e+04	1.00000000e-09	1.17120179e-02	1.00000000e-10	1.17120179e-03	-1.13003784e+03	3.62484141e-12
3.66000000e+01	3.07721536e+01	-1.04880754e+06	-4.08214192e+04	8.66000407e+03	4.73955620e-03	8.66000407e+02	4.73955620e-04	8.35562912e+08	3.33253613e-12
3.67000000e+01	3.08562306e+01	-1.04078055e+06	-4.05089945e+04	7.41111744e+04	1.00000000e-09	7.41111744e+03	1.00000000e-10	7.15064127e+09	3.06380220e-12
3.68000000e+01	3.09403075e+01	-1.03275948e+06	-4.01968005e+04	1.48632717e+04	1.00000000e-09	1.48632717e+03	1.00000000e-10	1.43408770e+09	2.81673882e-12
3.69000000e+01	3.10243844e+01	-1.02473841e+06	-3.98846065e+04	1.00000000e-09	7.02902565e-03	1.00000000e-10	7.02902565e-04	-6.78197778e+02	2.58959851e-12
3.70000000e+01	3.11084613e+01	-1.01671734e+06	-3.95724125e+04	1.00000000e-09	7.76188806e-03	1.00000000e-10	7.76188806e-04	-7.48908251e+02	2.38077467e-12
3.71000000e+01	3.11925382e+01	-1.00870153e+06	-3.92604232e+04	5.73259752e+04	1.00000000e-09	5.73259752e+03	1.00000000e-10	5.53111576e+09	2.18879027e-12
3.72000000e+01	3.12766152e+01	-1.00069347e+06	-3.89487357e+04	5.52312272e+04	1.00000000e-09	5.52312272e+03	1.00000000e-10	5.32900330e+09	2.01228739e-12
3.73000000e+01	3.13606921e+01	-9.92685418e+05	-3.86370482e+04	1.00000000e-09	2.20357243e-03	1.00000000e-10	2.20357243e-04	-2.12612321e+02	1.85001761e-12
3.74000000e+01	3.14447690e+01	-9.84677362e+05	-3.83253607e+04	1.00000000e-09	8.14353765e-03	1.00000000e-10	8.14353765e-04	-7.85731839e+02	1.70083318e-12
3.75000000e+01	3.15288459e+01	-9.76671935e+05	-3.80137755e+04	1.77219308e+04	1.00000000e-09	1.77219308e+03	1.00000000e-10	1.70990638e+09	1.56367890e-12
3.76000000e+01	3.16129229e+01	-9.68675302e+05	-3.77025326e+04	7.33956749e+04	1.00000000e-09	7.33956749e+03	1.00000000e-10	7.08160607e+09	1.43758467e-12
3.77000000e+01	3.16969998e+01	-9.60678668e+05	-3.73912897e+04	5.85954498e+03	1.00000000e-09	5.85954498e+02	1.00000000e-10	5.65360144e+08	1.32165861e-12
3.78000000e+01	3.17810767e+01	-9.52682035e+05	-3.70800467e+04	1.00000000e-09	6.87325988e-03	1.00000000e-10	6.87325988e-04	-6.63168665e+02	1.21508076e-12
3.79000000e+01	3.18651536e+01	-9.44685401e+05	-3.67688038e+04	1.00000000e-09	2.81901385e-03	1.00000000e-10	2.81901385e-04	-2.71993391e+02	1.11709730e-12
3.80000000e+01	3.19492305e+01	-9.36697720e+05	-3.64579093e+04	6.20008493e+04	1.00000000e-09	6.20008493e+03	1.00000000e-10	5.98217253e+09	1.02701517e-12
3.81000000e+01	3.20333075e+01	-9.28711669e+05	-3.61470783e+04	4.87311079e+04	1.00000000e-09	4.87311079e+03	1.00000000e-10	4.70183713e+09	9.44197214e-13
3.82000000e+01	3.21173844e+01	-9.20725617e+05	-3.58362472e+04	1.00000000e-09	4.59770158e-03	1.00000000e-10	4.59770158e-04	-4.43610667e+02	8.68057654e-13
3.83000000e+01	3.22014613e+01	-9.12739566e+05	-3.55254162e+04	1.00000000e-09	4.46920533e-03	1.00000000e-10	4.46920533e-04	-4.31212665e+02	7.98057949e-13
3.84000000e+01	3.22855382e+01	-9.04761733e+05	-3.52149050e+04	2.55860653e+04	1.00000000e-09	2.55860653e+03	1.00000000e-10	2.46868000e+09	7.33702982e-13
3.85000000e+01	3.23696152e+01	-8.96788276e+05	-3.49045642e+04	7.17582481e+04	1.00000000e-09	7.17582481e+03	1.00000000e-10	6.92361840e+09	6.74537565e-13
3.86000000e+01	3.24536921e+01	-8.88814820e+05	-3.45942233e+04	1.00000000e-09	2.08144492e-03	1.00000000e-10	2.08144492e-04	-2.00828808e+02	6.20143216e-13
3.87000000e+01	3.25377690e+01	-8.80841363e+05	-3.42838825e+04	1.00000000e-09	5.15762707e-03	1.00000000e-10	5.15762707e-04	-4.97635264e+02	5.70135198e-13
3.88000000e+01	3.26218459e+01	-8.72874567e+05	-3.39738009e+04	1.00000000e-09	1.00000000e-09	1.00000000e-10	1.00000000e-10	0.00000000e+00	5.24159800e-13
3.89000000e+01	3.27059228e+01	-8.64914474e+05	-3.36639801e+04	6.55424321e+04	1.00000000e-09	6.55424321e+03	1.00000000e-10	6.32388333e+09	4.81891834e-13
3.90000000e+01	3.27899998e+01	-8.56954380e+05	-3.33541594e+04	4.23235140e+04	1.00000000e-09	4.23235140e+03	1.00000000e-10	4.08359831e+09	4.43032333e-13
3.91000000e+01	3.28740767e+01	-8.48994287e+05	-3.30443387e+04	1.00000000e-09	5.10002242e-03	1.00000000e-10	5.10002242e-04	-4.92077260e+02	4.07306443e-13
3.92000000e+01	3.29581536e+01	-8.41038619e+05	-3.27346902e+04	1.00000000e-09	9.55168087e-04	1.00000000e-10	9.55168087e-05	-9.21596136e+01	3.74461468e-13
3.93000000e+01	3.30422305e+01	-8.33091338e+05	-3.24253682e+04	3.24800740e+04	1.00000000e-09	3.24800740e+03	1.00000000e-10	3.13385073e+09	3.44265096e-13
3.94000000e+01	3.31263075e+01	-8.25144058e+05	-3.21160462e+04	6.97599171e+04	1.00000000e-09	6.97599171e+03	1.00000000e-10	6.73080877e+09	3.16503742e-13
3.95000000e+01	3.32103844e+01	-8.17196777e+05	-3.18067242e+04	1.00000000e-09	4.26229385e-03	1.00000000e-10	4.26229385e-04	-4.11248741e+02	2.90981049e-13
3.96000000e+01	3.32944613e+01	-8.09251223e+05	-3.14974693e+04	1.00000000e-09	3.02937798e-03	1.00000000e-10	3.02937798e-04	-2.92290444e+02	2.67516493e-13
3.97000000e+01	3.33785382e+01	-8.01314936e+05	-3.11885752e+04	1.00000000e-09	1.00000000e-09	1.00000000e-10	1.00000000e-10	0.00000000e+00	2.45944106e-13
3.98000000e+01	3.34626152e+01	-7.93378650e+05	-3.08796811e+04	6.85017399e+04	1.00000000e-09	6.85017399e+03	1.00000000e-10	6.60941312e+09	2.26111304e-13
3.99000000e+01	3.35466921e+01	-7.85442364e+05	-3.05707870e+04	3.62155361e+04	2.52766318e-03	3.62155361e+03	2.52766318e-04	3.49426779e+09	2.07877809e-13
4.00000000e+01	3.36307690e+01	-7.77506077e+05	-3.02618929e+04	1.00000000e-09	4.39956650e-03	1.00000000e-10	4.39956650e-04	-4.24493538e+02	1.91114654e-13
4.01000000e+01	3.37148459e+01	-7.69579052e+05	-2.99533592e+04	1.00000000e-09	1.00000000e-09	1.00000000e-10	1.00000000e-10	0.00000000e+00	1.75703270e-13
4.02000000e+01	3.37989228e+01	-7.61654634e+05	-2.96449270e+04	3.88739612e+04	1.00000000e-09	3.88739612e+03	1.00000000e-10	3.75076706e+09	1.61534652e-13
4.03000000e+01	3.38829998e+01	-7.53730215e+05	-2.93364949e+04	6.75944926e+04	1.00000000e-09	6.75944926e+03	1.00000000e-10	6.52187707e+09	1.48508584e-13
4.04000000e+01	3.39670767e+01	-7.45805797e+05	-2.90280627e+04	1.00000000e-09	4.73791797e-03	1.00000000e-10	4.73791797e-04	-4.57139492e+02	1.36532931e-13
4.05000000e+01	3.40511536e+01	-7.37889742e+05	-2.87199560e+04	1.00000000e-09	1.22556177e-03	1.00000000e-10	1.22556177e-04	-1.18248638e+02	1.25522989e-13
4.06000000e+01	3.41352305e+01	-7.29978999e+05	-2.84120561e+04	1.00000000e-09	1.00000000e-09	1.00000000e-10	1.00000000e-10	0.00000000e+00	1.15400882e-13
4.07000000e+01	3.42193075e+01	-7.22068255e+05	-2.81041561e+04	7.11690372e+04	1.00000000e-09	7.11690372e+03	1.00000000e-10	6.86676819e+09	1.06095016e-13
4.08000000e+01	3.43033844e+01	-7.14157511e+05	-2.77962562e+04	3.01957560e+04	3.36922729e-03	3.01957560e+03	3.36922729e-04	2.91344722e+09	9.75395708e-14
4.09000000e+01	3.43874613e+01	-7.06253427e+05	-2.74886154e+04	1.00000000e-09	3.29609030e-03	1.00000000e-10	3.29609030e-04	-3.18024271e+02	8.96740319e-14
4.10000000e+01	3.44715382e+01	-6.98356898e+05	-2.71812687e+04	1.00000000e-09	1.00000000e-09	1.00000000e-10	1.00000000e-10	0.00000000e+00	8.24427658e-14
4.11000000e+01	3.45556151e+01	-6.90460368e+05	-2.68739220e+04	4.52033426e+04	1.00000000e-09	4.52033426e+03	1.00000000e-10	4.36145952e+09	7.57946252e-14
4.12000000e+01	3.46396921e+01	-6.82563839e+05	-2.65665753e+04	6.52624016e+04	9.54251910e-04	6.52624016e+03	9.54251910e-05	6.29686440e+09	6.96825871e-14
4.13000000e+01	3.47237690e+01	-6.74671616e+05	-2.62593963e+04	1.00000000e-09	3.96174271e-03	1.00000000e-10	3.96174271e-04	-3.82249965e+02	6.40634205e-14
4.14000000e+01	3.48078459e+01	-6.66788517e+05	-2.59525723e+04	1.00000000e-09	1.57976366e-04	1.00000000e-10	1.57976366e-05	-1.52423057e+01	5.88973804e-14
4.15000000e+01	3.48919228e+01	-6.58905418e+05	-2.56457483e+04	1.71138440e+02	1.00000000e-09	1.71138440e+01	1.00000000e-10	1.65123492e+07	5.41479271e-14
4.16000000e+01	3.49759998e+01	-6.51022319e+05	-2.53389244e+04	7.35878126e+04	1.00000000e-09	7.35878126e+03	1.00000000e-10	7.10014454e+09	4.97814672e-14
4.17000000e+01	3.50600767e+01	-6.43140746e+05	-2.50321598e+04	2.37624494e+04	3.10137169e-03	2.37624494e+03	3.10137169e-04	2.29272752e+09	4.57671163e-14
4.18000000e+01	3.51441536e+01	-6.35269041e+05	-2.47257793e+04	1.00000000e-09	2.16926652e-03	1.00000000e-10	2.16926652e-04	-2.09302304e+02	4.20764804e-14
4.19000000e+01	3.52282305e+01	-6.27397336e+05	-2.44193988e+04	1.00000000e-09	1.00000000e-09	1.00000000e-10	1.00000000e-10	0.00000000e+00	3.86834555e-14
4.20000000e+01	3.53123074e+01	-6.19525631e+05	-2.41130183e+04	5.14622814e+04	1.00000000e-09	5.14622814e+03	1.00000000e-10	4.96535531e+09	3.55640423e-14
4.21000000e+01	3.53963844e+01	-6.11653926e+05	-2.38066378e+04	6.21921859e+04	1.34586229e-03	6.21921859e+03	1.34586229e-04	6.00063358e+09	3.26961769e-14
4.22000000e+01	3.54804613e+01	-6.03791938e+05	-2.35006355e+04	1.00000000e-09	2.90588748e-03	1.00000000e-10	2.90588748e-04	-2.80375422e+02	3.00595747e-14
4.23000000e+01	3.55645382e+01	-5.95932778e+05	-2.31947433e+04	1.00000000e-09	1.00000000e-09	1.00000000e-10	1.00000000e-10	0.00000000e+00	2.76355866e-14
4.24000000e+01	3.56486151e+01	-5.88073618e+05	-2.28888511e+04	7.80747785e+03	1.00000000e-09	7.80747785e+02	1.00000000e-10	7.53307093e+08	2.54070677e-14
4.25000000e+01	3.57326921e+01	-5.80214459e+05	-2.25829589e+04	7.51833465e+04	1.00000000e-09	7.51833465e+03	1.00000000e-10	7.25409016e+09	2.33582553e-14
4.26000000e+01	3.58167690e+01	-5.72363976e+05	-2.22774044e+04	1.64767070e+04	2.69770760e-03	1.64767070e+03	2.69770760e-04	1.58976029e+09	2.14746581e-14
4.27000000e+01	3.59008459e+01	-5.64519011e+05	-2.19720647e+04	1.00000000e-09	1.00142666e-03	1.00000000e-10	1.00142666e-04	-9.66228875e+01	1.97429531e-14
4.28000000e+01	3.59849228e+01	-5.56674046e+05	-2.16667250e+04	1.00000000e-09	1.00000000e-09	1.00000000e-10	1.00000000e-10	0.00000000e+00	1.81508919e-14
4.29000000e+01	3.60689997e+01	-5.48829080e+05	-2.13613852e+04	5.71305045e+04	1.00000000e-09	5.71305045e+03	1.00000000e-10	5.51225570e+09	1.66872137e-14
4.30000000e+01	3.61530767e+01	-5.40990962e+05	-2.10563120e+04	5.79288586e+04	1.80885474e-03	5.79288586e+03	1.80885474e-04	5.58928499e+09	1.53415657e-14
4.31000000e+01	3.62371536e+01	-5.33160550e+05	-2.07515387e+04	1.00000000e-09	2.07584579e-03	1.00000000e-10	2.07584579e-04	-2.00288574e+02	1.41044300e-14
4.32000000e+01	3.63212305e+01	-5.25330138e+05	-2.04467654e+04	1.00000000e-09	1.00000000e-09	1.00000000e-10	1.00000000e-10	0.00000000e+00	1.29670563e-14
4.33000000e+01	3.64053074e+01	-5.17499727e+05	-2.01419921e+04	1.53105037e+04	1.00000000e-09	1.53105037e+03	1.00000000e-10	1.47723903e+09	1.19213998e-14
4.34000000e+01	3.64893844e+01	-5.09673709e+05	-1.98373899e+04	7.54545641e+04	5.94644917e-04	7.54545641e+03	5.94644917e-05	7.28025862e+09	1.09600645e-14
4.35000000e+01	3.65734613e+01	-5.01856886e+05	-1.95331455e+04	9.13936686e+03	2.62627805e-03	9.13936686e+02	2.62627805e-04	8.81814594e+08	1.00762507e-14
4.36000000e+01	3.66575382e+01	-4.94040062e+05	-1.92289011e+04	1.00000000e-09	1.08993065e-04	1.00000000e-10	1.08993065e-05	-1.05161356e+01	9.26370726e-15
4.37000000e+01	3.67416151e+01	-4.86223238e+05	-1.89246566e+04	1.00000000e-09	1.00000000e-09	1.00000000e-10	1.00000000e-10	0.00000000e+00	8.51668685e-15
4.38000000e+01	3.68256921e+01	-4.78407961e+05	-1.86204724e+04	6.15758058e+04	1.00000000e-09	6.15758058e+03	1.00000000e-10	5.94116208e+09	7.82990577e-15
4.39000000e+01	3.69097690e+01	-4.70602521e+05	-1.83166711e+04	5.29060806e+04	2.52711347e-03	5.29060806e+03	2.52711347e-04	5.10466052e+09	7.19850635e-15
4.40000000e+01	3.69938459e+01	-4.62797081e+05	-1.80128697e+04	1.00000000e-09	1.76921918e-03	1.00000000e-10	1.76921918e-04	-1.70703604e+02	6.61802264e-15
4.41000000e+01	3.70779228e+01	-4.54991641e+05	-1.77090684e+04	1.00000000e-09	1.00000000e-09	1.00000000e-10	1.00000000e-10	0.00000000e+00	6.08434883e-15
4.42000000e+01	3.71619997e+01	-4.47186200e+05	-1.74052670e+04	2.19616492e+04	1.00000000e-09	2.19616492e+03	1.00000000e-10	2.11897702e+09	5.59371018e-15
4.43000000e+01	3.72460767e+01	-4.39390335e+05	-1.71018383e+04	7.44154338e+04	1.17067077e-03	7.44154338e+03	1.17067077e-04	7.17999773e+09	5.14263638e-15
4.44000000e+01	3.73301536e+01	-4.31597318e+05	-1.67985205e+04	2.46070428e+03	3.03004573e-03	2.46070428e+02	3.03004573e-04	2.37421577e+08	4.72793693e-15
4.45000000e+01	3.74142305e+01	-4.23804301e+05	-1.64952027e+04	1.00000000e-09	1.00000000e-09	1.00000000e-10	1.00000000e-10	0.00000000e+00	4.34667862e-15
4.46000000e+01	3.74983074e+01	-4.16011284e+05	-1.61918849e+04	1.00000000e-09	1.00000000e-09	1.00000000e-10	1.00000000e-10	0.00000000e+00	3.99616478e-15
4.47000000e+01	3.75823844e+01	-4.08226700e+05	-1.58888953e+04	6.45563132e+04	1.00000000e-09	6.45563132e+03	1.00000000e-10	6.22873732e+09	3.67391618e-15
4.48000000e+01	3.76664613e+01	-4.00447617e+05	-1.55861198e+04	4.78673587e+04	2.76461861e-03	4.78673587e+03	2.76461861e-04	4.61849773e+09	3.37765354e-15
4.49000000e+01	3.77505382e+01	-3.92668535e+05	-1.52833444e+04	1.00000000e-09	1.97765924e-03	1.00000000e-10	1.97765924e-04	-1.90815012e+02	3.10528136e-15
4.50000000e+01	3.78346151e+01	-3.84889452e+05	-1.49805689e+04	1.00000000e-09	1.00000000e-09	1.00000000e-10	1.00000000e-10	0.00000000e+00	2.85487313e-15
4.51000000e+01	3.79186920e+01	-3.77116886e+05	-1.46780471e+04	2.74057549e+04	1.00000000e-09	2.74057549e+03	1.00000000e-10	2.64425337e+09	2.62465769e-15
4.52000000e+01	3.80027690e+01	-3.69351944e+05	-1.43758220e+04	7.28203325e+04	9.22262389e-04	7.28203325e+03	9.22262389e-05	7.02609388e+09	2.41300669e-15
4.53000000e+01	3.80868459e+01	-3.61587002e+05	-1.40735969e+04	1.00000000e-09	2.82758060e-03	1.00000000e-10	2.82758060e-04	-2.72819957e+02	2.21842312e-15
4.54000000e+01	3.81709228e+01	-3.53822060e+05	-1.37713718e+04	1.00000000e-09	6.65704811e-05	1.00000000e-10	6.65704811e-06	-6.42297849e+00	2.03953067e-15
4.55000000e+01	3.82549997e+01	-3.46061124e+05	-1.34693026e+04	1.00000000e-09	1.00000000e-09	1.00000000e-10	1.00000000e-10	0.00000000e+00	1.87506400e-15
4.56000000e+01	3.83390767e+01	-3.38309206e+05	-1.31675845e+04	6.66121022e+04	1.00000000e-09	6.66121022e+03	1.00000000e-10	6.42709080e+09	1.72385984e-15
4.57000000e+01	3.84231536e+01	-3.30557288e+05	-1.28658663e+04	4.33807558e+04	2.20336579e-03	4.33807558e+03	2.20336579e-04	4.18560642e+09	1.58484870e-15
4.58000000e+01	3.85072305e+01	-3.22805371e+05	-1.25641482e+04	1.00000000e-09	1.56784471e-03	1.00000000e-10	1.56784471e-04	-1.51273921e+02	1.45704735e-15
4.59000000e+01	3.85913074e+01	-3.15054589e+05	-1.22624742e+04	1.00000000e-09	1.00000000e-09	1.00000000e-10	1.00000000e-10	0.00000000e+00	1.33955183e-15
4.60000000e+01	3.86753843e+01	-3.07313363e+05	-1.19611722e+04	3.17891520e+04	1.00000000e-09	3.17891520e+03	1.00000000e-10	3.06718689e+09	1.23153109e-15
4.61000000e+01	3.87594613e+01	-2.99572471e+05	-1.16598832e+04	7.12848553e+04	8.26624156e-04	7.12848553e+03	8.26624156e-05	6.87794286e+09	1.13222108e-15
4.62000000e+01	3.88435382e+01	-2.91831578e+05	-1.13585941e+04	1.00000000e-09	2.17021138e-03	1.00000000e-10	2.17021138e-04	-2.09393470e+02	1.04091937e-15
4.63000000e+01	3.89276151e+01	-2.84090686e+05	-1.10573051e+04	1.00000000e-09	1.00000000e-09	1.00000000e-10	1.00000000e-10	0.00000000e+00	9.56980191e-16
4.64000000e+01	3.90116920e+01	-2.76358979e+05	-1.07563736e+04	1.00000000e-09	1.00000000e-09	1.00000000e-10	1.00000000e-10	0.00000000e+00	8.79809819e-16
4.65000000e+01	3.90957690e+01	-2.68630509e+05	-1.04555680e+04	6.83164854e+04	1.00000000e-09	6.83164854e+03	1.00000000e-10	6.59153878e+09	8.08862425e-16
4.66000000e+01	3.91798459e+01	-2.60902039e+05	-1.01547625e+04	3.94931172e+04	1.98643762e-03	3.94931172e+03	1.98643762e-04	3.81050634e+09	7.43636191e-16
4.67000000e+01	3.92639228e+01	-2.53173568e+05	-9.85395694e+03	1.00000000e-09	1.14137771e-03	1.00000000e-10	1.14137771e-04	-1.10126111e+02	6.83669765e-16
4.68000000e+01	3.93479997e+01	-2.45453045e+05	-9.55346071e+03	1.00000000e-09	1.00000000e-09	1.00000000e-10	1.00000000e-10	0.00000000e+00	6.28539001e-16
4.69000000e+01	3.94320766e+01	-2.37738341e+05	-9.25319096e+03	3.56362204e+04	1.00000000e-09	3.56362204e+03	1.00000000e-10	3.43837257e+09	5.77853951e-16
4.70000000e+01	3.95161536e+01	-2.30023636e+05	-8.95292120e+03	7.00584881e+04	1.04863967e-03	7.00584881e+03	1.04863967e-04	6.75961639e+09	5.31256117e-16
4.71000000e+01	3.96002305e+01	-2.22308932e+05	-8.65265144e+03	1.00000000e-09	2.15930258e-03	1.00000000e-10	2.15930258e-04	-2.08340930e+02	4.88415907e-16
4.72000000e+01	3.96843074e+01	-2.14600185e+05	-8.35261359e+03	1.00000000e-09	1.00000000e-09	1.00000000e-10	1.00000000e-10	0.00000000e+00	4.49030309e-16
4.73000000e+01	3.97683843e+01	-2.06899277e+05	-8.05288081e+03	1.00000000e-09	1.00000000e-09	1.00000000e-10	1.00000000e-10	0.00000000e+00	4.12820745e-16
4.74000000e+01	3.98524613e+01	-1.99198369e+05	-7.75314803e+03	7.01604812e+04	1.00000000e-09	7.01604812e+03	1.00000000e-10	6.76945734e+09	3.79531100e-16
4.75000000e+01	3.99365382e+01	-1.91497461e+05	-7.45341526e+03	3.62116301e+04	2.16289353e-03	3.62116301e+03	2.16289353e-04	3.49389095e+09	3.48925915e-16
4.76000000e+01	4.00206151e+01	-1.83799961e+05	-7.15381514e+03	1.00000000e-09	1.63450256e-03	1.00000000e-10	1.63450256e-04	-1.57705425e+02	3.20788716e-16
4.77000000e+01	4.01046920e+01	-1.76111569e+05	-6.85456949e+03	1.00000000e-09	1.00000000e-09	1.00000000e-10	1.00000000e-10	0.00000000e+00	2.94920485e-16
4.78000000e+01	4.01887690e+01	-1.68423177e+05	-6.55532385e+03	3.95001836e+04	1.00000000e-09	3.95001836e+03	1.00000000e-10	3.81118833e+09	2.71138254e-16
4.79000000e+01	4.02728459e+01	-1.60734784e+05	-6.25607820e+03	6.92485832e+04	2.41676725e-04	6.92485832e+03	2.41676725e-05	6.68147252e+09	2.49273810e-16
4.80000000e+01	4.03569228e+01	-1.53046930e+05	-5.95685351e+03	1.00000000e-09	2.55403587e-03	1.00000000e-10	2.55403587e-04	-2.46426903e+02	2.29172503e-16
4.81000000e+01	4.04409997e+01	-1.45368585e+05	-5.65799894e+03	1.00000000e-09	8.14970563e-04	1.00000000e-10	8.14970563e-05	-7.86326090e+01	2.10692155e-16
4.82000000e+01	4.05250766e+01	-1.37691166e+05	-5.35918039e+03	1.00000000e-09	1.00000000e-09	1.00000000e-10	1.00000000e-10	0.00000000e+00	1.93702052e-16
4.83000000e+01	4.06091536e+01	-1.30013747e+05	-5.06036183e+03	7.22186515e+04	1.00000000e-09	7.22186515e+03	1.00000000e-10	6.96804058e+09	1.78082022e-16
4.84000000e+01	4.06932305e+01	-1.22336327e+05	-4.76154328e+03	3.29743906e+04	1.09725800e-03	3.29743906e+03	1.09725800e-04	3.18154492e+09	1.63721583e-16
4.85000000e+01	4.07773074e+01	-1.14667916e+05	-4.46307534e+03	1.00000000e-09	2.40176054e-03	1.00000000e-10	2.40176054e-04	-2.31734567e+02	1.50519162e-16
4.86000000e+01	4.08613843e+01	-1.07003271e+05	-4.16475398e+03	1.00000000e-09	1.00000000e-09	1.00000000e-10	1.00000000e-10	0.00000000e+00	1.38381377e-16
4.87000000e+01	4.09454613e+01	-9.93386259e+04	-3.86643261e+03	4.35622842e+04	1.00000000e-09	4.35622842e+03	1.00000000e-10	4.20312146e+09	1.27222377e-16
4.88000000e+01	4.10295382e+01	-9.16739807e+04	-3.56811125e+03	6.83769219e+04	1.00000000e-09	6.83769219e+03	1.00000000e-10	6.59737002e+09	1.16963232e-16
4.89000000e+01	4.11136151e+01	-8.40169892e+04	-3.27008779e+03	1.00000000e-09	1.64531085e-03	1.00000000e-10	1.64531085e-04	-1.58748267e+02	1.07531379e-16
4.90000000e+01	4.11976920e+01	-7.63662451e+04	-2.97230748e+03	1.00000000e-09	1.83148988e-03	1.00000000e-10	1.83148988e-04	-1.76711813e+02	9.88601065e-17
4.91000000e+01	4.12817689e+01	-6.87155009e+04	-2.67452717e+03	1.00000000e-09	1.00000000e-09	1.00000000e-10	1.00000000e-10	0.00000000e+00	9.08880802e-17
4.92000000e+01	4.13658459e+01	-6.10647566e+04	-2.37674686e+03	7.41946232e+04	1.00000000e-09	7.41946232e+03	1.00000000e-10	7.15869286e+09	8.35589140e-17
4.93000000e+01	4.14499228e+01	-5.34195883e+04	-2.07918357e+03	2.92064196e+04	1.00000000e-09	2.92064196e+03	1.00000000e-10	2.81799110e+09	7.68207678e-17
4.94000000e+01	4.15339997e+01	-4.57825553e+04	-1.78193692e+03	1.00000000e-09	1.85588228e-03	1.00000000e-10	1.85588228e-04	-1.79065321e+02	7.06259821e-17
4.95000000e+01	4.16180766e+01	-3.81455223e+04	-1.48469027e+03	1.00000000e-09	9.42883531e-04	1.00000000e-10	9.42883531e-05	-9.09743341e+01	6.49307406e-17
4.96000000e+01	4.17021536e+01	-3.05084891e+04	-1.18744362e+03	4.75954718e+04	1.00000000e-09	4.75954718e+03	1.00000000e-10	4.59226490e+09	5.96947603e-17
4.97000000e+01	4.17862305e+01	-2.28744283e+04	-8.90312653e+02	6.69175176e+04	1.00000000e-09	6.69175176e+03	1.00000000e-10	6.45655891e+09	5.48810067e-17
4.98000000e+01	4.18703074e+01	-1.52496189e+04	-5.93541771e+02	1.00000000e-09	5.83248888e-04	1.00000000e-10	5.83248888e-05	-5.62748662e+01	5.04554316e-17
4.99000000e+01	4.19543843e+01	-7.62480951e+03	-2.96770888e+02	1.00000000e-09	1.70648446e-03	1.00000000e-10	1.70648446e-04	-1.64650623e+02	4.63867326e-17
5.00000000e+01	4.20384612e+01	0.00000000e+00	0.00000000e+00	1.00000000e+01	1.00000000e+01	1.00000000e+00	1.00000000e+00	0.00000000e+00	4.26461312e-17
