# 1D PNP Solver Results
# Debye length: 1.18939 nm
# Surface potential: 100 mV
# Bulk concentration: 10 mol/m^3
# Thermal voltage: 25.6926 mV
# Grid: non-uniform with stretching factor 1
#
# Columns:
# 1: x [nm]
# 2: x/lambda_D [-]
# 3: phi [mV]
# 4: phi_normalized = e*phi/(kB*T) [-]
# 5: c+ [mol/m^3]
# 6: c- [mol/m^3]
# 7: c+/c0 [-]
# 8: c-/c0 [-]
# 9: rho [C/m^3]
# 10: phi_GC [mV] (Gouy-Chapman analytical)
0.00000000e+00	0.00000000e+00	1.00000000e+02	3.89217445e+00	1.00000000e-09	5.81898456e+05	1.00000000e-10	5.81898456e+04	-5.61446658e+10	1.00000000e+02
1.00000000e-01	8.40769225e-02	-1.13018556e+05	-4.39887935e+03	1.00000000e-09	4.16005370e+03	1.00000000e-10	4.16005370e+02	-4.01384163e+08	8.70576373e+01
2.00000000e-01	1.68153845e-01	-2.26053830e+05	-8.79840943e+03	1.00000000e-09	1.00000000e-09	1.00000000e-10	1.00000000e-10	0.00000000e+00	7.68715638e+01
3.00000000e-01	2.52230767e-01	-3.39089105e+05	-1.31979395e+04	1.00000000e-09	1.00000000e-09	1.00000000e-10	1.00000000e-10	0.00000000e+00	6.85207345e+01
4.00000000e-01	3.36307690e-01	-4.52124380e+05	-1.75974696e+04	1.00000000e-09	5.82045609e+05	1.00000000e-10	5.82045609e+04	-5.61588639e+10	6.14862309e+01
5.00000000e-01	4.20384612e-01	-5.61542436e+05	-2.18562112e+04	1.00000000e-09	2.22877830e+04	1.00000000e-10	2.22877830e+03	-2.15044415e+09	5.54461690e+01
6.00000000e-01	5.04461535e-01	-6.70626687e+05	-2.61019606e+04	1.00000000e-09	1.00000000e-09	1.00000000e-10	1.00000000e-10	0.00000000e+00	5.01866549e+01
7.00000000e-01	5.88538457e-01	-7.79710939e+05	-3.03477100e+04	1.00000000e-09	1.00000000e-09	1.00000000e-10	1.00000000e-10	0.00000000e+00	4.55579535e+01
8.00000000e-01	6.72615380e-01	-8.88795191e+05	-3.45934593e+04	1.00000000e-09	5.83318528e+05	1.00000000e-10	5.83318528e+04	-5.62816819e+10	4.14508515e+01
9.00000000e-01	7.56692302e-01	-9.94274103e+05	-3.86988826e+04	1.00000000e-09	4.18165701e+04	1.00000000e-10	4.18165701e+03	-4.03468566e+09	3.77829914e+01
1.00000000e+00	8.40769225e-01	-1.09915453e+06	-4.27810117e+04	1.00000000e-09	1.00000000e-09	1.00000000e-10	1.00000000e-10	0.00000000e+00	3.44905241e+01
1.10000000e+00	9.24846147e-01	-1.20403495e+06	-4.68631407e+04	1.00000000e-09	1.00000000e-09	1.00000000e-10	1.00000000e-10	0.00000000e+00	3.15227780e+01
1.20000000e+00	1.00892307e+00	-1.30891537e+06	-5.09452698e+04	1.00000000e-09	5.85860505e+05	1.00000000e-10	5.85860505e+04	-5.65269454e+10	2.88387272e+01
1.30000000e+00	1.09299999e+00	-1.41021187e+06	-5.48879060e+04	1.00000000e-09	6.30400408e+04	1.00000000e-10	6.30400408e+03	-6.08243928e+09	2.64045776e+01
1.40000000e+00	1.17707691e+00	-1.51063133e+06	-5.87964068e+04	1.00000000e-09	1.00000000e-09	1.00000000e-10	1.00000000e-10	0.00000000e+00	2.41920729e+01
1.50000000e+00	1.26115384e+00	-1.61105080e+06	-6.27049077e+04	1.00000000e-09	1.00000000e-09	1.00000000e-10	1.00000000e-10	0.00000000e+00	2.21772778e+01
1.60000000e+00	1.34523076e+00	-1.71147027e+06	-6.66134086e+04	1.00000000e-09	5.89834966e+05	1.00000000e-10	5.89834966e+04	-5.69104226e+10	2.03396868e+01
1.70000000e+00	1.42930768e+00	-1.80833861e+06	-7.03836934e+04	1.00000000e-09	8.63207609e+04	1.00000000e-10	8.63207609e+03	-8.32868728e+09	1.86615585e+01
1.80000000e+00	1.51338460e+00	-1.90403887e+06	-7.41085145e+04	1.00000000e-09	1.00000000e-09	1.00000000e-10	1.00000000e-10	0.00000000e+00	1.71274116e+01
1.90000000e+00	1.59746153e+00	-1.99973913e+06	-7.78333356e+04	1.00000000e-09	1.00000000e-09	1.00000000e-10	1.00000000e-10	0.00000000e+00	1.57236358e+01
2.00000000e+00	1.68153845e+00	-2.09543939e+06	-8.15581567e+04	1.00000000e-09	5.95421557e+05	1.00000000e-10	5.95421557e+04	-5.74494467e+10	1.44381886e+01
2.10000000e+00	1.76561537e+00	-2.18763520e+06	-8.51465782e+04	1.00000000e-09	1.12109813e+05	1.00000000e-10	1.12109813e+04	-1.08169525e+10	1.32603556e+01
2.20000000e+00	1.84969229e+00	-2.27836227e+06	-8.86778340e+04	1.00000000e-09	1.00000000e-09	1.00000000e-10	1.00000000e-10	0.00000000e+00	1.21805577e+01
2.30000000e+00	1.93376922e+00	-2.36908933e+06	-9.22090897e+04	1.00000000e-09	1.00000000e-09	1.00000000e-10	1.00000000e-10	0.00000000e+00	1.11901960e+01
2.40000000e+00	2.01784614e+00	-2.45981640e+06	-9.57403455e+04	1.00000000e-09	6.02804805e+05	1.00000000e-10	6.02804805e+04	-5.81618218e+10	1.02815237e+01
2.50000000e+00	2.10192306e+00	-2.54710272e+06	-9.91376813e+04	1.00000000e-09	1.40970978e+05	1.00000000e-10	1.40970978e+04	-1.36016316e+10	9.44754093e+00
2.60000000e+00	2.18599998e+00	-2.63261531e+06	-1.02465981e+05	1.00000000e-09	1.00000000e-09	1.00000000e-10	1.00000000e-10	0.00000000e+00	8.68190590e+00
2.70000000e+00	2.27007691e+00	-2.71812791e+06	-1.05794280e+05	1.00000000e-09	1.00000000e-09	1.00000000e-10	1.00000000e-10	0.00000000e+00	7.97886054e+00
2.80000000e+00	2.35415383e+00	-2.80364050e+06	-1.09122579e+05	1.00000000e-09	6.12148951e+05	1.00000000e-10	6.12148951e+04	-5.90633949e+10	7.33316685e+00
2.90000000e+00	2.43823075e+00	-2.88579697e+06	-1.12320252e+05	1.00000000e-09	1.73608988e+05	1.00000000e-10	1.73608988e+04	-1.67507209e+10	6.74005227e+00
3.00000000e+00	2.52230767e+00	-2.96587886e+06	-1.15437179e+05	1.00000000e-09	1.00000000e-09	1.00000000e-10	1.00000000e-10	0.00000000e+00	6.19516235e+00
3.10000000e+00	2.60638460e+00	-3.04596076e+06	-1.18554106e+05	1.00000000e-09	1.00000000e-09	1.00000000e-10	1.00000000e-10	0.00000000e+00	5.69451955e+00
3.20000000e+00	2.69046152e+00	-3.12604265e+06	-1.21671033e+05	1.00000000e-09	6.23548533e+05	1.00000000e-10	6.23548533e+04	-6.01632873e+10	5.23448697e+00
3.30000000e+00	2.77453844e+00	-3.20287831e+06	-1.24661611e+05	1.00000000e-09	2.10899146e+05	1.00000000e-10	2.10899146e+04	-2.03486741e+10	4.81173646e+00
3.40000000e+00	2.85861536e+00	-3.27735518e+06	-1.27560381e+05	1.00000000e-09	1.00000000e-09	1.00000000e-10	1.00000000e-10	0.00000000e+00	4.42322017e+00
3.50000000e+00	2.94269229e+00	-3.35183205e+06	-1.30459151e+05	1.00000000e-09	1.00000000e-09	1.00000000e-10	1.00000000e-10	0.00000000e+00	4.06614534e+00
3.60000000e+00	3.02676921e+00	-3.42630892e+06	-1.33357920e+05	1.00000000e-09	6.36939472e+05	1.00000000e-10	6.36939472e+04	-6.14553165e+10	3.73795159e+00
3.70000000e+00	3.11084613e+00	-3.49767882e+06	-1.36135761e+05	1.00000000e-09	2.53911621e+05	1.00000000e-10	2.53911621e+04	-2.44987471e+10	3.43629058e+00
3.80000000e+00	3.19492305e+00	-3.56643900e+06	-1.38812028e+05	1.00000000e-09	1.00000000e-09	1.00000000e-10	1.00000000e-10	0.00000000e+00	3.15900770e+00
3.90000000e+00	3.27899998e+00	-3.63519919e+06	-1.41488294e+05	1.00000000e-09	1.00000000e-09	1.00000000e-10	1.00000000e-10	0.00000000e+00	2.90412542e+00
4.00000000e+00	3.36307690e+00	-3.70395937e+06	-1.44164560e+05	1.00000000e-09	6.51952265e+05	1.00000000e-10	6.51952265e+04	-6.29038308e+10	2.66982829e+00
4.10000000e+00	3.44715382e+00	-3.76978475e+06	-1.46726599e+05	1.00000000e-09	3.03917574e+05	1.00000000e-10	3.03917574e+04	-2.93235880e+10	2.45444929e+00
4.20000000e+00	3.53123074e+00	-3.83277973e+06	-1.49178473e+05	1.00000000e-09	1.00000000e-09	1.00000000e-10	1.00000000e-10	0.00000000e+00	2.25645740e+00
4.30000000e+00	3.61530767e+00	-3.89577471e+06	-1.51630348e+05	1.00000000e-09	1.00000000e-09	1.00000000e-10	1.00000000e-10	0.00000000e+00	2.07444628e+00
4.40000000e+00	3.69938459e+00	-3.95876969e+06	-1.54082222e+05	1.00000000e-09	6.68032524e+05	1.00000000e-10	6.68032524e+04	-6.44553399e+10	1.90712395e+00
4.50000000e+00	3.78346151e+00	-4.01904131e+06	-1.56428099e+05	1.00000000e-09	3.62396451e+05	1.00000000e-10	3.62396451e+04	-3.49659419e+10	1.75330334e+00
4.60000000e+00	3.86753843e+00	-4.07625490e+06	-1.58654952e+05	1.00000000e-09	1.00000000e-09	1.00000000e-10	1.00000000e-10	0.00000000e+00	1.61189369e+00
4.70000000e+00	3.95161536e+00	-4.13346849e+06	-1.60881804e+05	1.00000000e-09	1.00000000e-09	1.00000000e-10	1.00000000e-10	0.00000000e+00	1.48189263e+00
4.80000000e+00	4.03569228e+00	-4.19068207e+06	-1.63108657e+05	1.00000000e-09	6.84896119e+05	1.00000000e-10	6.84896119e+04	-6.60824295e+10	1.36237899e+00
4.90000000e+00	4.11976920e+00	-4.24543206e+06	-1.65239622e+05	1.00000000e-09	4.31082863e+05	1.00000000e-10	4.31082863e+04	-4.15931732e+10	1.25250612e+00
5.00000000e+00	4.20384612e+00	-4.29688387e+06	-1.67242216e+05	1.00000000e-09	1.00000000e-09	1.00000000e-10	1.00000000e-10	0.00000000e+00	1.15149587e+00
5.10000000e+00	4.28792305e+00	-4.34833568e+06	-1.69244810e+05	1.00000000e-09	1.00000000e-09	1.00000000e-10	1.00000000e-10	0.00000000e+00	1.05863300e+00
5.20000000e+00	4.37199997e+00	-4.39978750e+06	-1.71247405e+05	1.00000000e-09	7.02074446e+05	1.00000000e-10	7.02074446e+04	-6.77398861e+10	9.73260072e-01
5.30000000e+00	4.45607689e+00	-4.44909153e+06	-1.73166404e+05	1.00000000e-09	5.11923637e+05	1.00000000e-10	5.11923637e+04	-4.93931221e+10	8.94772759e-01
5.40000000e+00	4.54015381e+00	-4.49484087e+06	-1.74947048e+05	1.00000000e-09	1.00000000e-09	1.00000000e-10	1.00000000e-10	0.00000000e+00	8.22615544e-01
5.50000000e+00	4.62423074e+00	-4.54059021e+06	-1.76727692e+05	1.00000000e-09	1.00000000e-09	1.00000000e-10	1.00000000e-10	0.00000000e+00	7.56277766e-01
5.60000000e+00	4.70830766e+00	-4.58633955e+06	-1.78508336e+05	1.00000000e-09	7.18744978e+05	1.00000000e-10	7.18744978e+04	-6.93483479e+10	6.95289988e-01
5.70000000e+00	4.79238458e+00	-4.63031653e+06	-1.80219997e+05	1.00000000e-09	6.06952562e+05	1.00000000e-10	6.06952562e+04	-5.85620195e+10	6.39220665e-01
5.80000000e+00	4.87646150e+00	-4.67046621e+06	-1.81782692e+05	1.00000000e-09	1.00000000e-09	1.00000000e-10	1.00000000e-10	0.00000000e+00	5.87673079e-01
5.90000000e+00	4.96053843e+00	-4.71061589e+06	-1.83345388e+05	1.00000000e-09	1.00000000e-09	1.00000000e-10	1.00000000e-10	0.00000000e+00	5.40282524e-01
6.00000000e+00	5.04461535e+00	-4.75076556e+06	-1.84908083e+05	1.00000000e-09	7.33374996e+05	1.00000000e-10	7.33374996e+04	-7.07599301e+10	4.96713722e-01
6.10000000e+00	5.12869227e+00	-4.78957228e+06	-1.86418509e+05	1.00000000e-09	7.18055918e+05	1.00000000e-10	7.18055918e+04	-6.92818637e+10	4.56658442e-01
6.20000000e+00	5.21276919e+00	-4.82427215e+06	-1.87769088e+05	1.00000000e-09	1.00000000e-09	1.00000000e-10	1.00000000e-10	0.00000000e+00	4.19833321e-01
6.30000000e+00	5.29684612e+00	-4.85897202e+06	-1.89119667e+05	1.00000000e-09	1.00000000e-09	1.00000000e-10	1.00000000e-10	0.00000000e+00	3.85977854e-01
6.40000000e+00	5.38092304e+00	-4.89367189e+06	-1.90470247e+05	1.00000000e-09	7.42936580e+05	1.00000000e-10	7.42936580e+04	-7.16824827e+10	3.54852548e-01
6.50000000e+00	5.46499996e+00	-4.92750997e+06	-1.91787284e+05	1.00000000e-09	8.46327045e+05	1.00000000e-10	8.46327045e+04	-8.16581460e+10	3.26237227e-01
6.60000000e+00	5.54907688e+00	-4.95697413e+06	-1.92934081e+05	1.00000000e-09	1.00000000e-09	1.00000000e-10	1.00000000e-10	0.00000000e+00	2.99929475e-01
6.70000000e+00	5.63315381e+00	-4.98643828e+06	-1.94080877e+05	1.00000000e-09	1.00000000e-09	1.00000000e-10	1.00000000e-10	0.00000000e+00	2.75743201e-01
6.80000000e+00	5.71723073e+00	-5.01590244e+06	-1.95227673e+05	1.00000000e-09	7.41381103e+05	1.00000000e-10	7.41381103e+04	-7.15324020e+10	2.53507323e-01
6.90000000e+00	5.80130765e+00	-5.04498194e+06	-1.96359498e+05	1.00000000e-09	9.91857914e+05	1.00000000e-10	9.91857914e+04	-9.56997403e+10	2.33064554e-01
7.00000000e+00	5.88538457e+00	-5.06945321e+06	-1.97311962e+05	1.00000000e-09	1.00000000e-09	1.00000000e-10	1.00000000e-10	0.00000000e+00	2.14270296e-01
7.10000000e+00	5.96946150e+00	-5.09392447e+06	-1.98264427e+05	1.00000000e-09	1.00000000e-09	1.00000000e-10	1.00000000e-10	0.00000000e+00	1.96991610e-01
7.20000000e+00	6.05353842e+00	-5.11839574e+06	-1.99216891e+05	1.00000000e-09	7.16848631e+05	1.00000000e-10	7.16848631e+04	-6.91653783e+10	1.81106277e-01
7.30000000e+00	6.13761534e+00	-5.14286700e+06	-2.00169355e+05	1.00000000e-09	1.15427701e+06	1.00000000e-10	1.15427701e+05	-1.11370800e+11	1.66501937e-01
7.40000000e+00	6.22169226e+00	-5.16257340e+06	-2.00936363e+05	1.00000000e-09	1.00000000e-09	1.00000000e-10	1.00000000e-10	0.00000000e+00	1.53075289e-01
7.50000000e+00	6.30576919e+00	-5.18199668e+06	-2.01692351e+05	1.00000000e-09	1.00000000e-09	1.00000000e-10	1.00000000e-10	0.00000000e+00	1.40731363e-01
7.60000000e+00	6.38984611e+00	-5.20141996e+06	-2.02448339e+05	1.00000000e-09	6.38501337e+05	1.00000000e-10	6.38501337e+04	-6.16060135e+10	1.29382849e-01
7.70000000e+00	6.47392303e+00	-5.22084324e+06	-2.03204327e+05	1.00000000e-09	1.36657816e+06	1.00000000e-10	1.36657816e+05	-1.31854747e+11	1.18949475e-01
7.80000000e+00	6.55799995e+00	-5.23551000e+06	-2.03775183e+05	1.00000000e-09	1.00000000e-09	1.00000000e-10	1.00000000e-10	0.00000000e+00	1.09357445e-01
7.90000000e+00	6.64207688e+00	-5.24922538e+06	-2.04309009e+05	1.00000000e-09	1.00000000e-09	1.00000000e-10	1.00000000e-10	0.00000000e+00	1.00538914e-01
8.00000000e+00	6.72615380e+00	-5.26294076e+06	-2.04842835e+05	1.00000000e-09	3.96012660e+05	1.00000000e-10	3.96012660e+04	-3.82094130e+10	9.24315047e-02
8.10000000e+00	6.81023072e+00	-5.27665613e+06	-2.05376662e+05	1.00000000e-09	1.68592483e+06	1.00000000e-10	1.68592483e+05	-1.62667017e+11	8.49778740e-02
8.20000000e+00	6.89430764e+00	-5.28589267e+06	-2.05736164e+05	1.00000000e-09	1.00000000e-09	1.00000000e-10	1.00000000e-10	0.00000000e+00	7.81253008e-02
8.30000000e+00	6.97838457e+00	-5.29325931e+06	-2.06022886e+05	1.00000000e-09	1.00000000e-09	1.00000000e-10	1.00000000e-10	0.00000000e+00	7.18253161e-02
8.40000000e+00	7.06246149e+00	-5.30062594e+06	-2.06309609e+05	1.00000000e-09	1.00000000e-09	1.00000000e-10	1.00000000e-10	0.00000000e+00	6.60333593e-02
8.50000000e+00	7.14653841e+00	-5.30799258e+06	-2.06596331e+05	1.00000000e-09	2.08770782e+06	1.00000000e-10	2.08770782e+05	-2.01433183e+11	6.07084632e-02
8.60000000e+00	7.23061533e+00	-5.31107729e+06	-2.06716393e+05	6.19982511e+01	2.62901761e+06	6.19982511e+00	2.62901761e+05	-2.53655655e+11	5.58129641e-02
8.70000000e+00	7.31469226e+00	-5.31083943e+06	-2.06707135e+05	1.47360132e+03	1.95872181e+01	1.47360132e+02	1.95872181e+00	1.40291034e+08	5.13122357e-02
8.80000000e+00	7.39876918e+00	-5.31060158e+06	-2.06697878e+05	1.58542691e+04	1.23578214e+00	1.58542691e+03	1.23578214e-01	1.52958518e+09	4.71744438e-02
8.90000000e+00	7.48284610e+00	-5.31036372e+06	-2.06688620e+05	1.69767277e+05	1.65848507e+05	1.69767277e+04	1.65848507e+04	3.78103811e+08	4.33703214e-02
9.00000000e+00	7.56692302e+00	-5.30581251e+06	-2.06511479e+05	9.50094437e+04	9.38684621e+04	9.50094437e+03	9.38684621e+03	1.10087993e+08	3.98729614e-02
9.10000000e+00	7.65099995e+00	-5.29546628e+06	-2.06108786e+05	1.00000000e-09	1.00000000e-09	1.00000000e-10	1.00000000e-10	0.00000000e+00	3.66576268e-02
9.20000000e+00	7.73507687e+00	-5.28512006e+06	-2.05706093e+05	1.00000000e-09	1.00000000e-09	1.00000000e-10	1.00000000e-10	0.00000000e+00	3.37015752e-02
9.30000000e+00	7.81915379e+00	-5.27477384e+06	-2.05303400e+05	2.43418490e+04	2.02890876e+04	2.43418490e+03	2.02890876e+03	3.91032027e+08	3.09838980e-02
9.40000000e+00	7.90323071e+00	-5.26263063e+06	-2.04830765e+05	9.69086241e+04	8.44572434e+04	9.69086241e+03	8.44572434e+03	1.20137560e+09	2.84853728e-02
9.50000000e+00	7.98730764e+00	-5.23905927e+06	-2.03913326e+05	1.00000000e-09	2.93146442e+04	1.00000000e-10	2.93146442e+03	-2.82843318e+09	2.61883275e-02
9.60000000e+00	8.07138456e+00	-5.21020059e+06	-2.02790096e+05	1.00000000e-09	4.94590986e+03	1.00000000e-10	4.94590986e+02	-4.77207755e+08	2.40765146e-02
9.70000000e+00	8.15546148e+00	-5.18064329e+06	-2.01639674e+05	1.00000000e-09	2.23431993e+03	1.00000000e-10	2.23431993e+02	-2.15579100e+08	2.21349973e-02
9.80000000e+00	8.23953840e+00	-5.15059499e+06	-2.00470142e+05	8.12438495e+04	7.02412722e+02	8.12438495e+03	7.02412722e+01	7.77106727e+09	2.03500429e-02
9.90000000e+00	8.32361533e+00	-5.12039072e+06	-1.99294539e+05	1.56984900e+04	2.56457190e+01	1.56984900e+03	2.56457190e+00	1.51219959e+09	1.87090262e-02
1.00000000e+01	8.40769225e+00	-5.09021038e+06	-1.98119868e+05	1.00000000e-09	1.00000000e-09	1.00000000e-10	1.00000000e-10	0.00000000e+00	1.72003403e-02
1.01000000e+01	8.49176917e+00	-5.06025009e+06	-1.96953761e+05	1.00000000e-09	1.00000000e-09	1.00000000e-10	1.00000000e-10	0.00000000e+00	1.58133140e-02
1.02000000e+01	8.57584609e+00	-5.03028981e+06	-1.95787655e+05	7.81250602e+04	1.00000000e-09	7.81250602e+03	1.00000000e-10	7.53792238e+09	1.45381368e-02
1.03000000e+01	8.65992302e+00	-5.00032952e+06	-1.94621548e+05	3.14734351e+04	8.99868324e+00	3.14734351e+03	8.99868324e-01	3.03585660e+09	1.33657892e-02
1.04000000e+01	8.74399994e+00	-4.97037801e+06	-1.93455783e+05	1.00000000e-09	5.69443323e+01	1.00000000e-10	5.69443323e+00	-5.49429282e+06	1.22879791e-02
1.05000000e+01	8.82807686e+00	-4.94063827e+06	-1.92298261e+05	1.00000000e-09	1.07827033e+02	1.00000000e-10	1.07827033e+01	-1.04037271e+07	1.12970830e-02
1.06000000e+01	8.91215378e+00	-4.91088716e+06	-1.91140295e+05	7.19188201e+04	1.73297662e+01	7.19188201e+03	1.73297662e+00	6.93743918e+09	1.03860923e-02
1.07000000e+01	8.99623071e+00	-4.88113225e+06	-1.89982182e+05	4.65632389e+04	8.52870142e-02	4.65632389e+03	8.52870142e-03	4.49266134e+09	9.54856333e-03
1.08000000e+01	9.08030763e+00	-4.85137731e+06	-1.88824068e+05	1.00000000e-09	1.00000000e-09	1.00000000e-10	1.00000000e-10	0.00000000e+00	8.77857228e-03
1.09000000e+01	9.16438455e+00	-4.82185937e+06	-1.87675178e+05	1.00000000e-09	1.00000000e-09	1.00000000e-10	1.00000000e-10	0.00000000e+00	8.07067289e-03
1.10000000e+01	9.24846147e+00	-4.79241448e+06	-1.86529132e+05	6.25552014e+04	3.61618702e-01	6.25552014e+03	3.61618702e-02	6.03562449e+09	7.41985814e-03
1.11000000e+01	9.33253840e+00	-4.76296951e+06	-1.85383082e+05	6.05766522e+04	4.41428896e-02	6.05766522e+03	4.41428896e-03	5.84475415e+09	6.82152474e-03
1.12000000e+01	9.41661532e+00	-4.73352453e+06	-1.84237032e+05	1.00000000e-09	1.00000000e-09	1.00000000e-10	1.00000000e-10	0.00000000e+00	6.27144062e-03
1.13000000e+01	9.50069224e+00	-4.70430006e+06	-1.83099565e+05	1.00000000e-09	1.00000000e-09	1.00000000e-10	1.00000000e-10	0.00000000e+00	5.76571500e-03
1.14000000e+01	9.58476916e+00	-4.67521809e+06	-1.81967644e+05	5.01383087e+04	1.65396501e-01	5.01383087e+03	1.65396501e-02	4.83759541e+09	5.30077082e-03
1.15000000e+01	9.66884609e+00	-4.64613608e+06	-1.80835721e+05	7.26327010e+04	1.14136832e-01	7.26327010e+03	1.14136832e-02	7.00797927e+09	4.87331949e-03
1.16000000e+01	9.75292301e+00	-4.61705405e+06	-1.79703798e+05	1.00000000e-09	1.00000000e-09	1.00000000e-10	1.00000000e-10	0.00000000e+00	4.48033760e-03
1.17000000e+01	9.83699993e+00	-4.58814086e+06	-1.78578446e+05	1.00000000e-09	1.00000000e-09	1.00000000e-10	1.00000000e-10	0.00000000e+00	4.11904557e-03
1.18000000e+01	9.92107685e+00	-4.55942449e+06	-1.77460755e+05	3.50500912e+04	1.00000000e-09	3.50500912e+03	1.00000000e-10	3.38181969e+09	3.78688794e-03
1.19000000e+01	1.00051538e+01	-4.53070813e+06	-1.76343064e+05	8.17300665e+04	5.96317119e-04	8.17300665e+03	5.96317119e-05	7.88575256e+09	3.48151531e-03
1.20000000e+01	1.00892307e+01	-4.50199177e+06	-1.75225373e+05	1.00000000e-09	1.00000000e-09	1.00000000e-10	1.00000000e-10	0.00000000e+00	3.20076778e-03
1.21000000e+01	1.01733076e+01	-4.47338168e+06	-1.74111819e+05	1.00000000e-09	1.00000000e-09	1.00000000e-10	1.00000000e-10	0.00000000e+00	2.94265957e-03
1.22000000e+01	1.02573845e+01	-4.44498241e+06	-1.73006470e+05	1.81013730e+04	8.40457152e-03	1.81013730e+03	8.40457152e-04	1.74651618e+09	2.70536508e-03
1.23000000e+01	1.03414615e+01	-4.41658314e+06	-1.71901120e+05	8.72131531e+04	5.01167081e-04	8.72131531e+03	5.01167081e-05	8.41479000e+09	2.48720588e-03
1.24000000e+01	1.04255384e+01	-4.38818387e+06	-1.70795771e+05	1.00000000e-09	1.00000000e-09	1.00000000e-10	1.00000000e-10	0.00000000e+00	2.28663893e-03
1.25000000e+01	1.05096153e+01	-4.35984002e+06	-1.69692579e+05	1.00000000e-09	1.00000000e-09	1.00000000e-10	1.00000000e-10	0.00000000e+00	2.10224558e-03
1.26000000e+01	1.05936922e+01	-4.33170002e+06	-1.68597321e+05	1.22358007e+02	5.35088299e-03	1.22358007e+01	5.35088299e-04	1.18052367e+07	1.93272162e-03
1.27000000e+01	1.06777692e+01	-4.30356002e+06	-1.67502063e+05	8.88737700e+04	1.95201873e-03	8.88737700e+03	1.95201873e-04	8.57501503e+09	1.77686798e-03
1.28000000e+01	1.07618461e+01	-4.27542002e+06	-1.66406805e+05	7.99205606e+03	1.00000000e-09	7.99205606e+02	1.00000000e-10	7.71116183e+08	1.63358230e-03
1.29000000e+01	1.08459230e+01	-4.24729622e+06	-1.65312178e+05	1.00000000e-09	1.00000000e-09	1.00000000e-10	1.00000000e-10	0.00000000e+00	1.50185109e-03
1.30000000e+01	1.09299999e+01	-4.21936832e+06	-1.64225176e+05	1.00000000e-09	2.09340278e-04	1.00000000e-10	2.09340278e-05	-2.01981698e+01	1.38074262e-03
1.31000000e+01	1.10140768e+01	-4.19144042e+06	-1.63138173e+05	8.66871517e+04	1.00000000e-09	8.66871517e+03	1.00000000e-10	8.36403862e+09	1.26940027e-03
1.32000000e+01	1.10981538e+01	-4.16351252e+06	-1.62051170e+05	2.61361244e+04	1.00000000e-09	2.61361244e+03	1.00000000e-10	2.52175264e+09	1.16703651e-03
1.33000000e+01	1.11822307e+01	-4.13558462e+06	-1.60964168e+05	1.00000000e-09	5.91576450e-05	1.00000000e-10	5.91576450e-06	-5.70774854e+00	1.07292731e-03
1.34000000e+01	1.12663076e+01	-4.10785393e+06	-1.59884841e+05	1.00000000e-09	6.28095802e-05	1.00000000e-10	6.28095802e-06	-6.06010672e+00	9.86407027e-04
1.35000000e+01	1.13503845e+01	-4.08012762e+06	-1.58805685e+05	8.09021363e+04	1.00000000e-09	8.09021363e+03	1.00000000e-10	7.80586950e+09	9.06863691e-04
1.36000000e+01	1.14344615e+01	-4.05240132e+06	-1.57726529e+05	4.36397145e+04	1.00000000e-09	4.36397145e+03	1.00000000e-10	4.21059235e+09	8.33734687e-04
1.37000000e+01	1.15185384e+01	-4.02467501e+06	-1.56647373e+05	1.00000000e-09	8.16473479e-05	1.00000000e-10	8.16473479e-06	-7.87767499e+00	7.66502767e-04
1.38000000e+01	1.16026153e+01	-3.99715897e+06	-1.55576400e+05	1.00000000e-09	2.74396325e-05	1.00000000e-10	2.74396325e-06	-2.64742557e+00	7.04692393e-04
1.39000000e+01	1.16866922e+01	-3.96968950e+06	-1.54507240e+05	7.15225561e+04	1.32206234e-08	7.15225561e+03	1.32206234e-09	6.90087758e+09	6.47866374e-04
1.40000000e+01	1.17707691e+01	-3.94222002e+06	-1.53438081e+05	6.00012242e+04	1.00000000e-09	6.00012242e+03	1.00000000e-10	5.78923805e+09	5.95622776e-04
1.41000000e+01	1.18548461e+01	-3.91475055e+06	-1.52368921e+05	1.00000000e-09	1.00000000e-09	1.00000000e-10	1.00000000e-10	0.00000000e+00	5.47592073e-04
1.42000000e+01	1.19389230e+01	-3.88750386e+06	-1.51308432e+05	1.00000000e-09	8.52396028e-07	1.00000000e-10	8.52396028e-08	-8.21472285e-02	5.03434541e-04
1.43000000e+01	1.20229999e+01	-3.86036083e+06	-1.50251978e+05	5.85484841e+04	6.55346324e-09	5.85484841e+03	6.55346324e-10	5.64906993e+09	4.62837848e-04
1.44000000e+01	1.21070768e+01	-3.83321781e+06	-1.49195524e+05	7.45621762e+04	1.00000000e-09	7.45621762e+03	1.00000000e-10	7.19415633e+09	4.25514851e-04
1.45000000e+01	1.21911538e+01	-3.80607478e+06	-1.48139070e+05	1.00000000e-09	1.00000000e-09	1.00000000e-10	1.00000000e-10	0.00000000e+00	3.91201561e-04
1.46000000e+01	1.22752307e+01	-3.77914053e+06	-1.47090742e+05	1.00000000e-09	1.00000000e-09	1.00000000e-10	1.00000000e-10	0.00000000e+00	3.59655276e-04
1.47000000e+01	1.23593076e+01	-3.75238271e+06	-1.46049281e+05	4.20677545e+04	1.00000000e-09	4.20677545e+03	1.00000000e-10	4.05892127e+09	3.30652866e-04
1.48000000e+01	1.24433845e+01	-3.72562488e+06	-1.45007820e+05	8.62842701e+04	1.00000000e-09	8.62842701e+03	1.00000000e-10	8.32516646e+09	3.03989196e-04
1.49000000e+01	1.25274615e+01	-3.69886705e+06	-1.43966358e+05	1.00000000e-09	1.00000000e-09	1.00000000e-10	1.00000000e-10	0.00000000e+00	2.79475669e-04
1.50000000e+01	1.26115384e+01	-3.67225681e+06	-1.42930641e+05	1.00000000e-09	1.00000000e-09	1.00000000e-10	1.00000000e-10	0.00000000e+00	2.56938901e-04
1.51000000e+01	1.26956153e+01	-3.64588334e+06	-1.41904140e+05	2.26232299e+04	1.00000000e-09	2.26232299e+03	1.00000000e-10	2.18280985e+09	2.36219485e-04
1.52000000e+01	1.27796922e+01	-3.61950988e+06	-1.40877639e+05	9.37978303e+04	1.00000000e-09	9.37978303e+03	1.00000000e-10	9.05011481e+09	2.17170872e-04
1.53000000e+01	1.28637691e+01	-3.59313641e+06	-1.39851137e+05	1.00000000e-09	1.00000000e-09	1.00000000e-10	1.00000000e-10	0.00000000e+00	1.99658328e-04
1.54000000e+01	1.29478461e+01	-3.56683163e+06	-1.38827309e+05	1.00000000e-09	1.00000000e-09	1.00000000e-10	1.00000000e-10	0.00000000e+00	1.83557987e-04
1.55000000e+01	1.30319230e+01	-3.54077846e+06	-1.37813275e+05	1.40648889e+03	1.00000000e-09	1.40648889e+02	1.00000000e-10	1.35705548e+08	1.68755969e-04
1.56000000e+01	1.31159999e+01	-3.51472530e+06	-1.36799240e+05	9.62374007e+04	1.00000000e-09	9.62374007e+03	1.00000000e-10	9.28549757e+09	1.55147578e-04
1.57000000e+01	1.32000768e+01	-3.48867214e+06	-1.35785205e+05	8.08405546e+03	1.00000000e-09	8.08405546e+02	1.00000000e-10	7.79992776e+08	1.42636560e-04
1.58000000e+01	1.32841538e+01	-3.46261897e+06	-1.34771171e+05	1.00000000e-09	1.00000000e-09	1.00000000e-10	1.00000000e-10	0.00000000e+00	1.31134424e-04
1.59000000e+01	1.33682307e+01	-3.43680107e+06	-1.33766293e+05	1.00000000e-09	1.00000000e-09	1.00000000e-10	1.00000000e-10	0.00000000e+00	1.20559814e-04
1.60000000e+01	1.34523076e+01	-3.41101130e+06	-1.32762510e+05	9.32199115e+04	1.00000000e-09	9.32199115e+03	1.00000000e-10	8.99435412e+09	1.10837935e-04
1.61000000e+01	1.35363845e+01	-3.38522153e+06	-1.31758727e+05	2.95203727e+04	1.00000000e-09	2.95203727e+03	1.00000000e-10	2.84828297e+09	1.01900023e-04
1.62000000e+01	1.36204614e+01	-3.35943176e+06	-1.30754945e+05	1.00000000e-09	1.00000000e-09	1.00000000e-10	1.00000000e-10	0.00000000e+00	9.36828597e-05
1.63000000e+01	1.37045384e+01	-3.33385160e+06	-1.29759320e+05	1.00000000e-09	1.00000000e-09	1.00000000e-10	1.00000000e-10	0.00000000e+00	8.61283240e-05
1.64000000e+01	1.37886153e+01	-3.30833316e+06	-1.28766098e+05	8.56701165e+04	1.00000000e-09	8.56701165e+03	1.00000000e-10	8.26590964e+09	7.91829819e-05
1.65000000e+01	1.38726922e+01	-3.28281472e+06	-1.27772876e+05	4.97736711e+04	1.00000000e-09	4.97736711e+03	1.00000000e-10	4.80242919e+09	7.27977085e-05
1.66000000e+01	1.39567691e+01	-3.25729629e+06	-1.26779654e+05	1.00000000e-09	1.00000000e-09	1.00000000e-10	1.00000000e-10	0.00000000e+00	6.69273402e-05
1.67000000e+01	1.40408461e+01	-3.23196985e+06	-1.25793905e+05	1.00000000e-09	1.00000000e-09	1.00000000e-10	1.00000000e-10	0.00000000e+00	6.15303552e-05
1.68000000e+01	1.41249230e+01	-3.20673199e+06	-1.24811603e+05	7.37921578e+04	1.00000000e-09	7.37921578e+03	1.00000000e-10	7.11986086e+09	5.65685802e-05
1.69000000e+01	1.42089999e+01	-3.18149412e+06	-1.23829301e+05	6.79906099e+04	1.00000000e-09	6.79906099e+03	1.00000000e-10	6.56009658e+09	5.20069201e-05
1.70000000e+01	1.42930768e+01	-3.15625626e+06	-1.22847000e+05	1.00000000e-09	1.00000000e-09	1.00000000e-10	1.00000000e-10	0.00000000e+00	4.78131098e-05
1.71000000e+01	1.43771537e+01	-3.13119979e+06	-1.21871758e+05	1.00000000e-09	1.00000000e-09	1.00000000e-10	1.00000000e-10	0.00000000e+00	4.39574862e-05
1.72000000e+01	1.44612307e+01	-3.10627261e+06	-1.20901549e+05	5.77736524e+04	1.00000000e-09	5.77736524e+03	1.00000000e-10	5.57431004e+09	4.04127779e-05
1.73000000e+01	1.45453076e+01	-3.08134542e+06	-1.19931339e+05	8.33427623e+04	1.00000000e-09	8.33427623e+03	1.00000000e-10	8.04135410e+09	3.71539131e-05
1.74000000e+01	1.46293845e+01	-3.05641824e+06	-1.18961130e+05	1.00000000e-09	1.00000000e-09	1.00000000e-10	1.00000000e-10	0.00000000e+00	3.41578414e-05
1.75000000e+01	1.47134614e+01	-3.03166067e+06	-1.17997522e+05	1.00000000e-09	1.00000000e-09	1.00000000e-10	1.00000000e-10	0.00000000e+00	3.14033713e-05
1.76000000e+01	1.47975384e+01	-3.00708203e+06	-1.17040878e+05	3.79740590e+04	1.00000000e-09	3.79740590e+03	1.00000000e-10	3.66393969e+09	2.88710202e-05
1.77000000e+01	1.48816153e+01	-2.98250338e+06	-1.16084235e+05	9.49257741e+04	1.00000000e-09	9.49257741e+03	1.00000000e-10	9.15894484e+09	2.65428765e-05
1.78000000e+01	1.49656922e+01	-2.95792474e+06	-1.15127591e+05	1.00000000e-09	1.00000000e-09	1.00000000e-10	1.00000000e-10	0.00000000e+00	2.44024731e-05
1.79000000e+01	1.50497691e+01	-2.93347854e+06	-1.14176102e+05	1.00000000e-09	1.00000000e-09	1.00000000e-10	1.00000000e-10	0.00000000e+00	2.24346707e-05
1.80000000e+01	1.51338460e+01	-2.90926878e+06	-1.13233816e+05	1.49580179e+04	1.00000000e-09	1.49580179e+03	1.00000000e-10	1.44322932e+09	2.06255509e-05
1.81000000e+01	1.52179230e+01	-2.88505902e+06	-1.12291530e+05	1.01508531e+05	1.00000000e-09	1.01508531e+04	1.00000000e-10	9.79408437e+09	1.89623175e-05
1.82000000e+01	1.53019999e+01	-2.86084926e+06	-1.11349244e+05	1.00000000e-09	1.00000000e-09	1.00000000e-10	1.00000000e-10	0.00000000e+00	1.74332063e-05
1.83000000e+01	1.53860768e+01	-2.83669373e+06	-1.10409069e+05	1.00000000e-09	1.00000000e-09	1.00000000e-10	1.00000000e-10	0.00000000e+00	1.60274019e-05
1.84000000e+01	1.54701537e+01	-2.81281155e+06	-1.09479533e+05	1.00000000e-09	1.00000000e-09	1.00000000e-10	1.00000000e-10	0.00000000e+00	1.47349607e-05
1.85000000e+01	1.55542307e+01	-2.78892938e+06	-1.08549997e+05	1.01734024e+05	1.00000000e-09	1.01734024e+04	1.00000000e-10	9.81584105e+09	1.35467414e-05
1.86000000e+01	1.56383076e+01	-2.76504720e+06	-1.07620461e+05	2.10106385e+04	1.00000000e-09	2.10106385e+03	1.00000000e-10	2.02721844e+09	1.24543394e-05
1.87000000e+01	1.57223845e+01	-2.74116502e+06	-1.06690925e+05	1.00000000e-09	1.00000000e-09	1.00000000e-10	1.00000000e-10	0.00000000e+00	1.14500281e-05
1.88000000e+01	1.58064614e+01	-2.71754428e+06	-1.05771564e+05	1.00000000e-09	1.00000000e-09	1.00000000e-10	1.00000000e-10	0.00000000e+00	1.05267039e-05
1.89000000e+01	1.58905384e+01	-2.69398964e+06	-1.04854777e+05	9.51200164e+04	1.00000000e-09	9.51200164e+03	1.00000000e-10	9.17768637e+09	9.67783615e-06
1.90000000e+01	1.59746153e+01	-2.67043500e+06	-1.03937989e+05	4.55699741e+04	1.00000000e-09	4.55699741e+03	1.00000000e-10	4.39683408e+09	8.89742061e-06
1.91000000e+01	1.60586922e+01	-2.64688036e+06	-1.03021201e+05	1.00000000e-09	1.00000000e-09	1.00000000e-10	1.00000000e-10	0.00000000e+00	8.17993736e-06
1.92000000e+01	1.61427691e+01	-2.62354888e+06	-1.02113099e+05	1.00000000e-09	1.00000000e-09	1.00000000e-10	1.00000000e-10	0.00000000e+00	7.52031158e-06
1.93000000e+01	1.62268460e+01	-2.60034134e+06	-1.01209821e+05	8.26280857e+04	1.00000000e-09	8.26280857e+03	1.00000000e-10	7.97239829e+09	6.91387767e-06
1.94000000e+01	1.63109230e+01	-2.57713380e+06	-1.00306543e+05	6.77869256e+04	1.00000000e-09	6.77869256e+03	1.00000000e-10	6.54044403e+09	6.35634627e-06
1.95000000e+01	1.63949999e+01	-2.55392626e+06	-9.94032654e+04	1.00000000e-09	1.00000000e-09	1.00000000e-10	1.00000000e-10	0.00000000e+00	5.84377390e-06
1.96000000e+01	1.64790768e+01	-2.53089961e+06	-9.85070281e+04	1.00000000e-09	1.00000000e-09	1.00000000e-10	1.00000000e-10	0.00000000e+00	5.37253509e-06
1.97000000e+01	1.65631537e+01	-2.50802981e+06	-9.76168955e+04	6.48318047e+04	1.00000000e-09	6.48318047e+03	1.00000000e-10	6.25531821e+09	4.93929673e-06
1.98000000e+01	1.66472307e+01	-2.48516001e+06	-9.67267630e+04	8.62075746e+04	1.00000000e-09	8.62075746e+03	1.00000000e-10	8.31776647e+09	4.54099448e-06
1.99000000e+01	1.67313076e+01	-2.46229021e+06	-9.58366304e+04	1.00000000e-09	1.00000000e-09	1.00000000e-10	1.00000000e-10	0.00000000e+00	4.17481111e-06
2.00000000e+01	1.68153845e+01	-2.43955939e+06	-9.49519073e+04	1.00000000e-09	1.00000000e-09	1.00000000e-10	1.00000000e-10	0.00000000e+00	3.83815657e-06
2.01000000e+01	1.68994614e+01	-2.41701399e+06	-9.40744009e+04	4.24820281e+04	1.00000000e-09	4.24820281e+03	1.00000000e-10	4.09889259e+09	3.52864967e-06
2.02000000e+01	1.69835383e+01	-2.39446859e+06	-9.31968945e+04	9.95390782e+04	1.00000000e-09	9.95390782e+03	1.00000000e-10	9.60406102e+09	3.24410125e-06
2.03000000e+01	1.70676153e+01	-2.37192318e+06	-9.23193880e+04	1.00000000e-09	1.00000000e-09	1.00000000e-10	1.00000000e-10	0.00000000e+00	2.98249865e-06
2.04000000e+01	1.71516922e+01	-2.34948349e+06	-9.14459962e+04	1.00000000e-09	1.00000000e-09	1.00000000e-10	1.00000000e-10	0.00000000e+00	2.74199155e-06
2.05000000e+01	1.72357691e+01	-2.32726040e+06	-9.05810347e+04	1.65561205e+04	1.00000000e-09	1.65561205e+03	1.00000000e-10	1.59742279e+09	2.52087882e-06
2.06000000e+01	1.73198460e+01	-2.30503731e+06	-8.97160732e+04	1.06820222e+05	1.00000000e-09	1.06820222e+04	1.00000000e-10	1.03065846e+10	2.31759650e-06
2.07000000e+01	1.74039230e+01	-2.28281422e+06	-8.88511118e+04	1.00000000e-09	1.00000000e-09	1.00000000e-10	1.00000000e-10	0.00000000e+00	2.13070675e-06
2.08000000e+01	1.74879999e+01	-2.26065084e+06	-8.79884743e+04	1.00000000e-09	1.00000000e-09	1.00000000e-10	1.00000000e-10	0.00000000e+00	1.95888770e-06
2.09000000e+01	1.75720768e+01	-2.23873988e+06	-8.71356616e+04	1.00000000e-09	1.00000000e-09	1.00000000e-10	1.00000000e-10	0.00000000e+00	1.80092404e-06
2.10000000e+01	1.76561537e+01	-2.21682892e+06	-8.62828490e+04	1.06984678e+05	1.00000000e-09	1.06984678e+04	1.00000000e-10	1.03224522e+10	1.65569849e-06
2.11000000e+01	1.77402306e+01	-2.19491797e+06	-8.54300363e+04	2.42554581e+04	1.00000000e-09	2.42554581e+03	1.00000000e-10	2.34029593e+09	1.52218384e-06
2.12000000e+01	1.78243076e+01	-2.17300701e+06	-8.45772236e+04	1.00000000e-09	1.00000000e-09	1.00000000e-10	1.00000000e-10	0.00000000e+00	1.39943575e-06
2.13000000e+01	1.79083845e+01	-2.15136782e+06	-8.37349885e+04	1.00000000e-09	1.00000000e-09	1.00000000e-10	1.00000000e-10	0.00000000e+00	1.28658600e-06
2.14000000e+01	1.79924614e+01	-2.12978748e+06	-8.28950443e+04	9.88337194e+04	1.00000000e-09	9.88337194e+03	1.00000000e-10	9.53600424e+09	1.18283639e-06
2.15000000e+01	1.80765383e+01	-2.10820715e+06	-8.20551001e+04	5.22448094e+04	1.00000000e-09	5.22448094e+03	1.00000000e-10	5.04085778e+09	1.08745310e-06
2.16000000e+01	1.81606153e+01	-2.08662682e+06	-8.12151558e+04	1.00000000e-09	1.00000000e-09	1.00000000e-10	1.00000000e-10	0.00000000e+00	9.99761460e-07
2.17000000e+01	1.82446922e+01	-2.06528824e+06	-8.03846211e+04	1.00000000e-09	1.00000000e-09	1.00000000e-10	1.00000000e-10	0.00000000e+00	9.19141229e-07
2.18000000e+01	1.83287691e+01	-2.04409690e+06	-7.95598171e+04	8.31448159e+04	1.00000000e-09	8.31448159e+03	1.00000000e-10	8.02225518e+09	8.45022171e-07
2.19000000e+01	1.84128460e+01	-2.02290555e+06	-7.87350131e+04	7.72737810e+04	1.00000000e-09	7.72737810e+03	1.00000000e-10	7.45578642e+09	7.76880034e-07
2.20000000e+01	1.84969229e+01	-2.00171421e+06	-7.79102091e+04	1.00000000e-09	1.00000000e-09	1.00000000e-10	1.00000000e-10	0.00000000e+00	7.14232843e-07
2.21000000e+01	1.85809999e+01	-1.98070027e+06	-7.70923097e+04	1.00000000e-09	1.00000000e-09	1.00000000e-10	1.00000000e-10	0.00000000e+00	6.56637488e-07
2.22000000e+01	1.86650768e+01	-1.95989055e+06	-7.62823593e+04	6.06937293e+04	1.00000000e-09	6.06937293e+03	1.00000000e-10	5.85605463e+09	6.03686592e-07
2.23000000e+01	1.87491537e+01	-1.93908084e+06	-7.54724089e+04	9.68282226e+04	1.00000000e-09	9.68282226e+03	1.00000000e-10	9.34250321e+09	5.55005627e-07
2.24000000e+01	1.88332306e+01	-1.91827112e+06	-7.46624586e+04	1.00000000e-09	1.00000000e-09	1.00000000e-10	1.00000000e-10	0.00000000e+00	5.10250270e-07
2.25000000e+01	1.89173076e+01	-1.89756865e+06	-7.38566823e+04	1.00000000e-09	1.00000000e-09	1.00000000e-10	1.00000000e-10	0.00000000e+00	4.69103960e-07
2.26000000e+01	1.90013845e+01	-1.87708606e+06	-7.30594641e+04	3.30736368e+04	1.00000000e-09	3.30736368e+03	1.00000000e-10	3.19112083e+09	4.31275667e-07
2.27000000e+01	1.90854614e+01	-1.85660347e+06	-7.22622459e+04	1.08992743e+05	1.00000000e-09	1.08992743e+04	1.00000000e-10	1.05162010e+10	3.96497828e-07
2.28000000e+01	1.91695383e+01	-1.83612088e+06	-7.14650277e+04	1.00000000e-09	1.00000000e-09	1.00000000e-10	1.00000000e-10	0.00000000e+00	3.64524455e-07
2.29000000e+01	1.92536153e+01	-1.81568291e+06	-7.06695465e+04	1.00000000e-09	1.00000000e-09	1.00000000e-10	1.00000000e-10	0.00000000e+00	3.35129397e-07
2.30000000e+01	1.93376922e+01	-1.79546585e+06	-6.98826631e+04	2.25266929e+03	1.00000000e-09	2.25266929e+02	1.00000000e-10	2.17349545e+08	3.08104742e-07
2.31000000e+01	1.94217691e+01	-1.77524879e+06	-6.90957798e+04	1.12573820e+05	1.00000000e-09	1.12573820e+04	1.00000000e-10	1.08617224e+10	2.83259340e-07
2.32000000e+01	1.95058460e+01	-1.75503173e+06	-6.83088964e+04	1.20536216e+04	1.00000000e-09	1.20536216e+03	1.00000000e-10	1.16299769e+09	2.60417458e-07
2.33000000e+01	1.95899229e+01	-1.73481734e+06	-6.75221173e+04	1.00000000e-09	1.00000000e-09	1.00000000e-10	1.00000000e-10	0.00000000e+00	2.39417533e-07
2.34000000e+01	1.96739999e+01	-1.71482911e+06	-6.67441405e+04	1.00000000e-09	1.00000000e-09	1.00000000e-10	1.00000000e-10	0.00000000e+00	2.20111031e-07
2.35000000e+01	1.97580768e+01	-1.69484740e+06	-6.59664175e+04	1.07223008e+05	1.00000000e-09	1.07223008e+04	1.00000000e-10	1.03454476e+10	2.02361395e-07
2.36000000e+01	1.98421537e+01	-1.67486569e+06	-6.51886945e+04	4.34577983e+04	1.00000000e-09	4.34577983e+03	1.00000000e-10	4.19304010e+09	1.86043080e-07
2.37000000e+01	1.99262306e+01	-1.65488398e+06	-6.44109715e+04	1.00000000e-09	1.00000000e-09	1.00000000e-10	1.00000000e-10	0.00000000e+00	1.71040665e-07
2.38000000e+01	2.00103076e+01	-1.63514088e+06	-6.36425354e+04	1.00000000e-09	1.00000000e-09	1.00000000e-10	1.00000000e-10	0.00000000e+00	1.57248037e-07
2.39000000e+01	2.00943845e+01	-1.61547222e+06	-6.28769970e+04	9.30292514e+04	1.00000000e-09	9.30292514e+03	1.00000000e-10	8.97595822e+09	1.44567640e-07
2.40000000e+01	2.01784614e+01	-1.59580356e+06	-6.21114585e+04	7.27807218e+04	1.00000000e-09	7.27807218e+03	1.00000000e-10	7.02227211e+09	1.32909782e-07
2.41000000e+01	2.02625383e+01	-1.57613491e+06	-6.13459201e+04	1.00000000e-09	1.00000000e-09	1.00000000e-10	1.00000000e-10	0.00000000e+00	1.22192009e-07
2.42000000e+01	2.03466152e+01	-1.55670573e+06	-6.05897027e+04	1.00000000e-09	1.00000000e-09	1.00000000e-10	1.00000000e-10	0.00000000e+00	1.12338510e-07
2.43000000e+01	2.04306922e+01	-1.53743626e+06	-5.98397012e+04	7.01082025e+04	1.00000000e-09	7.01082025e+03	1.00000000e-10	6.76441320e+09	1.03279593e-07
2.44000000e+01	2.05147691e+01	-1.51816678e+06	-5.90896996e+04	9.75576339e+04	1.00000000e-09	9.75576339e+03	1.00000000e-10	9.41288071e+09	9.49511815e-08
2.45000000e+01	2.05988460e+01	-1.49889731e+06	-5.83396981e+04	1.00000000e-09	1.00000000e-09	1.00000000e-10	1.00000000e-10	0.00000000e+00	8.72943689e-08
2.46000000e+01	2.06829229e+01	-1.47981683e+06	-5.75970526e+04	1.00000000e-09	1.00000000e-09	1.00000000e-10	1.00000000e-10	0.00000000e+00	8.02549976e-08
2.47000000e+01	2.07669999e+01	-1.46098899e+06	-5.68642403e+04	3.91940107e+04	1.00000000e-09	3.91940107e+03	1.00000000e-10	3.78164714e+09	7.37832774e-08
2.48000000e+01	2.08510768e+01	-1.44216115e+06	-5.61314280e+04	1.14363663e+05	1.00000000e-09	1.14363663e+04	1.00000000e-10	1.10344161e+10	6.78334333e-08
2.49000000e+01	2.09351537e+01	-1.42333332e+06	-5.53986157e+04	1.00000000e-09	1.00000000e-09	1.00000000e-10	1.00000000e-10	0.00000000e+00	6.23633815e-08
2.50000000e+01	2.10192306e+01	-1.40458489e+06	-5.46688941e+04	1.00000000e-09	1.00000000e-09	1.00000000e-10	1.00000000e-10	0.00000000e+00	5.73344317e-08
2.51000000e+01	2.11033075e+01	-1.38614347e+06	-5.39511218e+04	2.65254359e+03	1.00000000e-09	2.65254359e+02	1.00000000e-10	2.55931550e+08	5.27110137e-08
2.52000000e+01	2.11873845e+01	-1.36770204e+06	-5.32333495e+04	1.19648405e+05	1.00000000e-09	1.19648405e+04	1.00000000e-10	1.15443161e+10	4.84604257e-08
2.53000000e+01	2.12714614e+01	-1.34926062e+06	-5.25155772e+04	1.40168655e+04	1.00000000e-09	1.40168655e+03	1.00000000e-10	1.35242192e+09	4.45526029e-08
2.54000000e+01	2.13555383e+01	-1.33081920e+06	-5.17978048e+04	1.00000000e-09	1.00000000e-09	1.00000000e-10	1.00000000e-10	0.00000000e+00	4.09599048e-08
2.55000000e+01	2.14396152e+01	-1.31266091e+06	-5.10910526e+04	1.00000000e-09	1.00000000e-09	1.00000000e-10	1.00000000e-10	0.00000000e+00	3.76569199e-08
2.56000000e+01	2.15236922e+01	-1.29458579e+06	-5.03875372e+04	1.11917710e+05	1.00000000e-09	1.11917710e+04	1.00000000e-10	1.07984174e+10	3.46202860e-08
2.57000000e+01	2.16077691e+01	-1.27651066e+06	-4.96840217e+04	5.12083967e+04	1.00000000e-09	5.12083967e+03	1.00000000e-10	4.94085917e+09	3.18285246e-08
2.58000000e+01	2.16918460e+01	-1.25843553e+06	-4.89805063e+04	1.00000000e-09	1.00000000e-09	1.00000000e-10	1.00000000e-10	0.00000000e+00	2.92618894e-08
2.59000000e+01	2.17759229e+01	-1.24058351e+06	-4.82856742e+04	1.00000000e-09	1.00000000e-09	1.00000000e-10	1.00000000e-10	0.00000000e+00	2.69022262e-08
2.60000000e+01	2.18599998e+01	-1.22287252e+06	-4.75963317e+04	9.30000229e+04	1.00000000e-09	9.30000229e+03	1.00000000e-10	8.97313810e+09	2.47328451e-08
2.61000000e+01	2.19440768e+01	-1.20516153e+06	-4.69069891e+04	8.39348509e+04	1.00000000e-09	8.39348509e+03	1.00000000e-10	8.09848196e+09	2.27384017e-08
2.62000000e+01	2.20281537e+01	-1.18745054e+06	-4.62176466e+04	1.00000000e-09	1.00000000e-09	1.00000000e-10	1.00000000e-10	0.00000000e+00	2.09047891e-08
2.63000000e+01	2.21122306e+01	-1.16990870e+06	-4.55348874e+04	1.00000000e-09	1.00000000e-09	1.00000000e-10	1.00000000e-10	0.00000000e+00	1.92190381e-08
2.64000000e+01	2.21963075e+01	-1.15253467e+06	-4.48586600e+04	6.41858951e+04	1.00000000e-09	6.41858951e+03	1.00000000e-10	6.19299741e+09	1.76692251e-08
2.65000000e+01	2.22803845e+01	-1.13516064e+06	-4.41824326e+04	1.08801866e+05	1.00000000e-09	1.08801866e+04	1.00000000e-10	1.04977842e+10	1.62443882e-08
2.66000000e+01	2.23644614e+01	-1.11778662e+06	-4.35062052e+04	1.00000000e-09	1.00000000e-09	1.00000000e-10	1.00000000e-10	0.00000000e+00	1.49344494e-08
2.67000000e+01	2.24485383e+01	-1.10053655e+06	-4.28348025e+04	1.00000000e-09	1.00000000e-09	1.00000000e-10	1.00000000e-10	0.00000000e+00	1.37301434e-08
2.68000000e+01	2.25326152e+01	-1.08348626e+06	-4.21711752e+04	2.74462512e+04	1.00000000e-09	2.74462512e+03	1.00000000e-10	2.64816066e+09	1.26229520e-08
2.69000000e+01	2.26166921e+01	-1.06643596e+06	-4.15075480e+04	1.22916193e+05	1.00000000e-09	1.22916193e+04	1.00000000e-10	1.18596097e+10	1.16050438e-08
2.70000000e+01	2.27007691e+01	-1.04938567e+06	-4.08439208e+04	1.00000000e-09	1.00000000e-09	1.00000000e-10	1.00000000e-10	0.00000000e+00	1.06692193e-08
2.71000000e+01	2.27848460e+01	-1.03242553e+06	-4.01838026e+04	1.00000000e-09	1.00000000e-09	1.00000000e-10	1.00000000e-10	0.00000000e+00	9.80885916e-09
2.72000000e+01	2.28689229e+01	-1.01570379e+06	-3.95329634e+04	1.00000000e-09	1.00000000e-09	1.00000000e-10	1.00000000e-10	0.00000000e+00	9.01787799e-09
2.73000000e+01	2.29529998e+01	-9.98982054e+05	-3.88821243e+04	1.24211881e+05	1.00000000e-09	1.24211881e+04	1.00000000e-10	1.19846246e+10	8.29068113e-09
2.74000000e+01	2.30370768e+01	-9.82260317e+05	-3.82312851e+04	3.34919843e+04	1.00000000e-09	3.34919843e+03	1.00000000e-10	3.23148523e+09	7.62212503e-09
2.75000000e+01	2.31211537e+01	-9.65564180e+05	-3.75814423e+04	1.00000000e-09	1.00000000e-09	1.00000000e-10	1.00000000e-10	0.00000000e+00	7.00748093e-09
2.76000000e+01	2.32052306e+01	-9.49156672e+05	-3.69428335e+04	1.00000000e-09	1.00000000e-09	1.00000000e-10	1.00000000e-10	0.00000000e+00	6.44240141e-09
2.77000000e+01	2.32893075e+01	-9.32771649e+05	-3.63050998e+04	1.10395009e+05	1.00000000e-09	1.10395009e+04	1.00000000e-10	1.06514991e+10	5.92288960e-09
2.78000000e+01	2.33733845e+01	-9.16386626e+05	-3.56673661e+04	7.51098460e+04	1.00000000e-09	7.51098460e+03	1.00000000e-10	7.24699843e+09	5.44527095e-09
2.79000000e+01	2.34574614e+01	-9.00001603e+05	-3.50296325e+04	1.00000000e-09	1.00000000e-09	1.00000000e-10	1.00000000e-10	0.00000000e+00	5.00616720e-09
2.80000000e+01	2.35415383e+01	-8.83913347e+05	-3.44034495e+04	1.00000000e-09	1.00000000e-09	1.00000000e-10	1.00000000e-10	0.00000000e+00	4.60247255e-09
2.81000000e+01	2.36256152e+01	-8.67978026e+05	-3.37832189e+04	8.11344866e+04	1.00000000e-09	8.11344866e+03	1.00000000e-10	7.82828788e+09	4.23133162e-09
2.82000000e+01	2.37096921e+01	-8.52042704e+05	-3.31629884e+04	1.10544604e+05	1.00000000e-09	1.10544604e+04	1.00000000e-10	1.06659328e+10	3.89011930e-09
2.83000000e+01	2.37937691e+01	-8.36107382e+05	-3.25427579e+04	1.00000000e-09	1.00000000e-09	1.00000000e-10	1.00000000e-10	0.00000000e+00	3.57642216e-09
2.84000000e+01	2.38778460e+01	-8.20384246e+05	-3.19307860e+04	1.00000000e-09	1.00000000e-09	1.00000000e-10	1.00000000e-10	0.00000000e+00	3.28802138e-09
2.85000000e+01	2.39619229e+01	-8.04928319e+05	-3.13292144e+04	3.85361000e+04	1.00000000e-09	3.85361000e+03	1.00000000e-10	3.71816841e+09	3.02287709e-09
2.86000000e+01	2.40459998e+01	-7.89472393e+05	-3.07276428e+04	1.32605931e+05	1.00000000e-09	1.32605931e+04	1.00000000e-10	1.27945273e+10	2.77911390e-09
2.87000000e+01	2.41300768e+01	-7.74016466e+05	-3.01260711e+04	1.00000000e-09	1.00000000e-09	1.00000000e-10	1.00000000e-10	0.00000000e+00	2.55500764e-09
2.88000000e+01	2.42141537e+01	-7.58646032e+05	-2.95278270e+04	1.00000000e-09	1.00000000e-09	1.00000000e-10	1.00000000e-10	0.00000000e+00	2.34897319e-09
2.89000000e+01	2.42982306e+01	-7.43573891e+05	-2.89411930e+04	1.00000000e-09	1.00000000e-09	1.00000000e-10	1.00000000e-10	0.00000000e+00	2.15955324e-09
2.90000000e+01	2.43823075e+01	-7.28501751e+05	-2.83545590e+04	1.35586098e+05	1.00000000e-09	1.35586098e+04	1.00000000e-10	1.30820697e+10	1.98540802e-09
2.91000000e+01	2.44663844e+01	-7.13429610e+05	-2.77679250e+04	3.53612154e+04	1.00000000e-09	3.53612154e+03	1.00000000e-10	3.41183862e+09	1.82530578e-09
2.92000000e+01	2.45504614e+01	-6.98357469e+05	-2.71812910e+04	1.00000000e-09	1.00000000e-09	1.00000000e-10	1.00000000e-10	0.00000000e+00	1.67811410e-09
2.93000000e+01	2.46345383e+01	-6.83558213e+05	-2.66052781e+04	1.00000000e-09	1.00000000e-09	1.00000000e-10	1.00000000e-10	0.00000000e+00	1.54279187e-09
2.94000000e+01	2.47186152e+01	-6.68823937e+05	-2.60317944e+04	1.17770440e+05	1.00000000e-09	1.17770440e+04	1.00000000e-10	1.13631200e+10	1.41838196e-09
2.95000000e+01	2.48026921e+01	-6.54089661e+05	-2.54583107e+04	8.42584193e+04	1.00000000e-09	8.42584193e+03	1.00000000e-10	8.12970157e+09	1.30400439e-09
2.96000000e+01	2.48867691e+01	-6.39355386e+05	-2.48848270e+04	1.00000000e-09	1.00000000e-09	1.00000000e-10	1.00000000e-10	0.00000000e+00	1.19885018e-09
2.97000000e+01	2.49708460e+01	-6.24853627e+05	-2.43203932e+04	1.00000000e-09	1.00000000e-09	1.00000000e-10	1.00000000e-10	0.00000000e+00	1.10217554e-09
2.98000000e+01	2.50549229e+01	-6.10478122e+05	-2.37608735e+04	8.21233184e+04	1.00000000e-09	8.21233184e+03	1.00000000e-10	7.92369565e+09	1.01329669e-09
2.99000000e+01	2.51389998e+01	-5.96102618e+05	-2.32013538e+04	1.23085461e+05	1.00000000e-09	1.23085461e+04	1.00000000e-10	1.18759415e+10	9.31584987e-10
3.00000000e+01	2.52230767e+01	-5.81727113e+05	-2.26418341e+04	1.00000000e-09	1.00000000e-09	1.00000000e-10	1.00000000e-10	0.00000000e+00	8.56462471e-10
3.01000000e+01	2.53071537e+01	-5.67537943e+05	-2.20895668e+04	1.00000000e-09	1.00000000e-09	1.00000000e-10	1.00000000e-10	0.00000000e+00	7.87397794e-10
3.02000000e+01	2.53912306e+01	-5.53537359e+05	-2.15446397e+04	3.15599493e+04	1.00000000e-09	3.15599493e+03	1.00000000e-10	3.04507219e+09	7.23902457e-10
3.03000000e+01	2.54753075e+01	-5.39536775e+05	-2.09997125e+04	1.45095820e+05	1.00000000e-09	1.45095820e+04	1.00000000e-10	1.39996184e+10	6.65527349e-10
3.04000000e+01	2.55593844e+01	-5.25536191e+05	-2.04547854e+04	1.00000000e-09	1.00000000e-09	1.00000000e-10	1.00000000e-10	0.00000000e+00	6.11859579e-10
3.05000000e+01	2.56434614e+01	-5.11675991e+05	-1.99153222e+04	1.00000000e-09	1.00000000e-09	1.00000000e-10	1.00000000e-10	0.00000000e+00	5.62519549e-10
3.06000000e+01	2.57275383e+01	-4.98068449e+05	-1.93856929e+04	1.00000000e-09	1.00000000e-09	1.00000000e-10	1.00000000e-10	0.00000000e+00	5.17158273e-10
3.07000000e+01	2.58116152e+01	-4.84460906e+05	-1.88560636e+04	1.44942667e+05	1.00000000e-09	1.44942667e+04	1.00000000e-10	1.39848413e+10	4.75454906e-10
3.08000000e+01	2.58956921e+01	-4.70853364e+05	-1.83264343e+04	5.59821289e+04	1.00000000e-09	5.59821289e+03	1.00000000e-10	5.40145430e+09	4.37114476e-10
3.09000000e+01	2.59797690e+01	-4.57296058e+05	-1.77987603e+04	1.00000000e-09	1.00000000e-09	1.00000000e-10	1.00000000e-10	0.00000000e+00	4.01865798e-10
3.10000000e+01	2.60638460e+01	-4.44053636e+05	-1.72833422e+04	1.00000000e-09	1.00000000e-09	1.00000000e-10	1.00000000e-10	0.00000000e+00	3.69459555e-10
3.11000000e+01	2.61479229e+01	-4.30820634e+05	-1.67682907e+04	1.18260377e+05	1.00000000e-09	1.18260377e+04	1.00000000e-10	1.14103918e+10	3.39666533e-10
3.12000000e+01	2.62319998e+01	-4.17587632e+05	-1.62532391e+04	1.13372394e+05	1.00000000e-09	1.13372394e+04	1.00000000e-10	1.09387731e+10	3.12276006e-10
3.13000000e+01	2.63160767e+01	-4.04354630e+05	-1.57381876e+04	1.00000000e-09	1.00000000e-09	1.00000000e-10	1.00000000e-10	0.00000000e+00	2.87094235e-10
3.14000000e+01	2.64001537e+01	-3.91435761e+05	-1.52353627e+04	1.00000000e-09	1.00000000e-09	1.00000000e-10	1.00000000e-10	0.00000000e+00	2.63943109e-10
3.15000000e+01	2.64842306e+01	-3.78681618e+05	-1.47389492e+04	6.52019970e+04	1.00000000e-09	6.52019970e+03	1.00000000e-10	6.29103633e+09	2.42658878e-10
3.16000000e+01	2.65683075e+01	-3.65927474e+05	-1.42425357e+04	1.55284942e+05	1.00000000e-09	1.55284942e+04	1.00000000e-10	1.49827192e+10	2.23090996e-10
3.17000000e+01	2.66523844e+01	-3.53173331e+05	-1.37461222e+04	1.00000000e-09	1.00000000e-09	1.00000000e-10	1.00000000e-10	0.00000000e+00	2.05101057e-10
3.18000000e+01	2.67364614e+01	-3.40625857e+05	-1.32577526e+04	1.00000000e-09	1.00000000e-09	1.00000000e-10	1.00000000e-10	0.00000000e+00	1.88561817e-10
3.19000000e+01	2.68205383e+01	-3.28363460e+05	-1.27804787e+04	1.00000000e-09	1.00000000e-09	1.00000000e-10	1.00000000e-10	0.00000000e+00	1.73356293e-10
3.20000000e+01	2.69046152e+01	-3.16101062e+05	-1.23032048e+04	1.67903898e+05	1.00000000e-09	1.67903898e+04	1.00000000e-10	1.62002634e+10	1.59376934e-10
3.21000000e+01	2.69886921e+01	-3.03838665e+05	-1.18259309e+04	4.25514808e+04	1.00000000e-09	4.25514808e+03	1.00000000e-10	4.10559376e+09	1.46524863e-10
3.22000000e+01	2.70727690e+01	-2.91637518e+05	-1.13510409e+04	1.00000000e-09	1.00000000e-09	1.00000000e-10	1.00000000e-10	0.00000000e+00	1.34709176e-10
3.23000000e+01	2.71568460e+01	-2.79736122e+05	-1.08878179e+04	1.00000000e-09	1.00000000e-09	1.00000000e-10	1.00000000e-10	0.00000000e+00	1.23846300e-10
3.24000000e+01	2.72409229e+01	-2.67834726e+05	-1.04245948e+04	1.42738330e+05	1.00000000e-09	1.42738330e+04	1.00000000e-10	1.37721552e+10	1.13859401e-10
3.25000000e+01	2.73249998e+01	-2.55933330e+05	-9.96137167e+03	1.16364376e+05	1.00000000e-09	1.16364376e+04	1.00000000e-10	1.12274555e+10	1.04677839e-10
3.26000000e+01	2.74090767e+01	-2.44031934e+05	-9.49814858e+03	1.00000000e-09	1.00000000e-09	1.00000000e-10	1.00000000e-10	0.00000000e+00	9.62366743e-11
3.27000000e+01	2.74931537e+01	-2.32388186e+05	-9.04495360e+03	1.00000000e-09	1.00000000e-09	1.00000000e-10	1.00000000e-10	0.00000000e+00	8.84762003e-11
3.28000000e+01	2.75772306e+01	-2.20827733e+05	-8.59500061e+03	8.28336301e+04	1.00000000e-09	8.28336301e+03	1.00000000e-10	7.99223032e+09	8.13415267e-11
3.29000000e+01	2.76613075e+01	-2.09267281e+05	-8.14504763e+03	1.69562166e+05	1.00000000e-09	1.69562166e+04	1.00000000e-10	1.63602619e+10	7.47821894e-11
3.30000000e+01	2.77453844e+01	-1.97706828e+05	-7.69509465e+03	1.00000000e-09	1.00000000e-09	1.00000000e-10	1.00000000e-10	0.00000000e+00	6.87517936e-11
3.31000000e+01	2.78294613e+01	-1.86359286e+05	-7.25342852e+03	1.00000000e-09	1.00000000e-09	1.00000000e-10	1.00000000e-10	0.00000000e+00	6.32076857e-11
3.32000000e+01	2.79135383e+01	-1.75151665e+05	-6.81720834e+03	1.00000000e-09	1.00000000e-09	1.00000000e-10	1.00000000e-10	0.00000000e+00	5.81106517e-11
3.33000000e+01	2.79976152e+01	-1.63944043e+05	-6.38098816e+03	1.88049984e+05	1.00000000e-09	1.88049984e+04	1.00000000e-10	1.81440652e+10	5.34246397e-11
3.34000000e+01	2.80816921e+01	-1.52736422e+05	-5.94476798e+03	4.40887267e+04	1.00000000e-09	4.40887267e+03	1.00000000e-10	4.25391544e+09	4.91165053e-11
3.35000000e+01	2.81657690e+01	-1.41702756e+05	-5.51531848e+03	1.00000000e-09	1.00000000e-09	1.00000000e-10	1.00000000e-10	0.00000000e+00	4.51557765e-11
3.36000000e+01	2.82498460e+01	-1.30889618e+05	-5.09445227e+03	1.00000000e-09	1.00000000e-09	1.00000000e-10	1.00000000e-10	0.00000000e+00	4.15144388e-11
3.37000000e+01	2.83339229e+01	-1.20076479e+05	-4.67358605e+03	1.62692505e+05	1.00000000e-09	1.62692505e+04	1.00000000e-10	1.56974403e+10	3.81667366e-11
3.38000000e+01	2.84179998e+01	-1.09263341e+05	-4.25271983e+03	1.33421238e+05	1.00000000e-09	1.33421238e+04	1.00000000e-10	1.28731924e+10	3.50889914e-11
3.39000000e+01	2.85020767e+01	-9.85625847e+04	-3.83622774e+03	1.00000000e-09	1.00000000e-09	1.00000000e-10	1.00000000e-10	0.00000000e+00	3.22594338e-11
3.40000000e+01	2.85861536e+01	-8.81693343e+04	-3.43170430e+03	1.00000000e-09	1.00000000e-09	1.00000000e-10	1.00000000e-10	0.00000000e+00	2.96580503e-11
3.41000000e+01	2.86702306e+01	-7.77760839e+04	-3.02718087e+03	9.10399861e+04	1.00000000e-09	9.10399861e+03	1.00000000e-10	8.78402330e+09	2.72664410e-11
3.42000000e+01	2.87543075e+01	-6.73828336e+04	-2.62265743e+03	2.01701451e+05	1.00000000e-09	2.01701451e+04	1.00000000e-10	1.94612315e+10	2.50676897e-11
3.43000000e+01	2.88383844e+01	-5.69895832e+04	-2.21813400e+03	1.00000000e-09	1.00000000e-09	1.00000000e-10	1.00000000e-10	0.00000000e+00	2.30462446e-11
3.44000000e+01	2.89224613e+01	-4.69601093e+04	-1.82776938e+03	1.00000000e-09	1.00000000e-09	1.00000000e-10	1.00000000e-10	0.00000000e+00	2.11878078e-11
3.45000000e+01	2.90065383e+01	-3.70571510e+04	-1.44232896e+03	1.00000000e-09	1.00000000e-09	1.00000000e-10	1.00000000e-10	0.00000000e+00	1.94792342e-11
3.46000000e+01	2.90906152e+01	-2.71541927e+04	-1.05688855e+03	2.24240321e+05	1.00000000e-09	2.24240321e+04	1.00000000e-10	2.16359019e+10	1.79084392e-11
3.47000000e+01	2.91746921e+01	-1.72512345e+04	-6.71448140e+02	7.97150754e+04	1.00000000e-09	7.97150754e+03	1.00000000e-10	7.69133553e+09	1.64643122e-11
3.48000000e+01	2.92587690e+01	-7.63459395e+03	-2.97151715e+02	1.00000000e-09	1.00000000e-09	1.00000000e-10	1.00000000e-10	0.00000000e+00	1.51366389e-11
3.49000000e+01	2.93428459e+01	1.65614759e+03	6.44601532e+01	1.00000000e-09	1.00000000e-09	1.00000000e-10	1.00000000e-10	0.00000000e+00	1.39160284e-11
3.50000000e+01	2.94269229e+01	1.09468891e+04	4.26072022e+02	1.75806204e+05	1.00000000e-09	1.75806204e+04	1.00000000e-10	1.69627200e+10	1.27938473e-11
3.51000000e+01	2.95109998e+01	2.02376307e+04	7.87683890e+02	2.01350721e+05	1.00000000e-09	2.01350721e+04	1.00000000e-10	1.94273911e+10	1.17621583e-11
3.52000000e+01	2.95950767e+01	2.94570619e+04	1.14652023e+03	1.00000000e-09	1.00000000e-09	1.00000000e-10	1.00000000e-10	0.00000000e+00	1.08136641e-11
3.53000000e+01	2.96791536e+01	3.82605587e+04	1.48916769e+03	1.00000000e-09	1.00000000e-09	1.00000000e-10	1.00000000e-10	0.00000000e+00	9.94165601e-12
3.54000000e+01	2.97632306e+01	4.70364411e+04	1.83074034e+03	4.65630865e+04	1.00000000e-09	4.65630865e+03	1.00000000e-10	4.49265487e+09	9.13996618e-12
3.55000000e+01	2.98473075e+01	5.58123235e+04	2.17231299e+03	2.73830839e+05	1.00000000e-09	2.73830839e+04	1.00000000e-10	2.64206595e+10	8.40292419e-12
3.56000000e+01	2.99313844e+01	6.45882058e+04	2.51388565e+03	3.36045844e+04	1.00000000e-09	3.36045844e+03	1.00000000e-10	3.24234949e+09	7.72531687e-12
3.57000000e+01	3.00154613e+01	7.30313734e+04	2.84250846e+03	1.00000000e-09	1.00000000e-09	1.00000000e-10	1.00000000e-10	0.00000000e+00	7.10235144e-12
3.58000000e+01	3.00995383e+01	8.12385468e+04	3.16194596e+03	1.00000000e-09	1.00000000e-09	1.00000000e-10	1.00000000e-10	0.00000000e+00	6.52962161e-12
3.59000000e+01	3.01836152e+01	8.94457203e+04	3.48138347e+03	2.44192057e+05	1.00000000e-09	2.44192057e+04	1.00000000e-10	2.35609517e+10	6.00307641e-12
3.60000000e+01	3.02676921e+01	9.76528937e+04	3.80082098e+03	2.08540645e+05	1.00000000e-09	2.08540645e+04	1.00000000e-10	2.01211134e+10	5.51899153e-12
3.61000000e+01	3.03517690e+01	1.05687400e+05	4.11353798e+03	1.00000000e-09	1.00000000e-09	1.00000000e-10	1.00000000e-10	0.00000000e+00	5.07394300e-12
3.62000000e+01	3.04358459e+01	1.13413580e+05	4.41425440e+03	1.00000000e-09	1.00000000e-09	1.00000000e-10	1.00000000e-10	0.00000000e+00	4.66478295e-12
3.63000000e+01	3.05199229e+01	1.21139761e+05	4.71497082e+03	9.20818935e+04	1.00000000e-09	9.20818935e+03	1.00000000e-10	8.88455208e+09	4.28861734e-12
3.64000000e+01	3.06039998e+01	1.28865941e+05	5.01568724e+03	3.21568916e+05	1.00000000e-09	3.21568916e+04	1.00000000e-10	3.10266837e+10	3.94278553e-12
3.65000000e+01	3.06880767e+01	1.36580800e+05	5.31596298e+03	1.44589536e+04	1.00000000e-09	1.44589536e+03	1.00000000e-10	1.39507694e+09	3.62484141e-12
3.66000000e+01	3.07721536e+01	1.43987893e+05	5.60425998e+03	1.00000000e-09	1.00000000e-09	1.00000000e-10	1.00000000e-10	0.00000000e+00	3.33253613e-12
3.67000000e+01	3.08562306e+01	1.51368364e+05	5.89152079e+03	1.00000000e-09	1.00000000e-09	1.00000000e-10	1.00000000e-10	0.00000000e+00	3.06380220e-12
3.68000000e+01	3.09403075e+01	1.58748835e+05	6.17878160e+03	2.94858475e+05	1.00000000e-09	2.94858475e+04	1.00000000e-10	2.84495179e+10	2.81673882e-12
3.69000000e+01	3.10243844e+01	1.66129306e+05	6.46604241e+03	2.37117395e+05	1.00000000e-09	2.37117395e+04	1.00000000e-10	2.28783507e+10	2.58959851e-12
3.70000000e+01	3.11084613e+01	1.73236003e+05	6.74264745e+03	1.00000000e-09	1.00000000e-09	1.00000000e-10	1.00000000e-10	0.00000000e+00	2.38077467e-12
3.71000000e+01	3.11925382e+01	1.80196375e+05	7.01355725e+03	1.00000000e-09	1.00000000e-09	1.00000000e-10	1.00000000e-10	0.00000000e+00	2.18879027e-12
3.72000000e+01	3.12766152e+01	1.87156746e+05	7.28446705e+03	1.08302471e+05	1.00000000e-09	1.08302471e+04	1.00000000e-10	1.04495999e+10	2.01228739e-12
3.73000000e+01	3.13606921e+01	1.94117118e+05	7.55537685e+03	3.73440602e+05	1.00000000e-09	3.73440602e+04	1.00000000e-10	3.60315405e+10	1.85001761e-12
3.74000000e+01	3.14447690e+01	2.00855991e+05	7.81766556e+03	2.12159689e+04	1.00000000e-09	2.12159689e+03	1.00000000e-10	2.04702981e+09	1.70083318e-12
3.75000000e+01	3.15288459e+01	2.07314811e+05	8.06905411e+03	1.00000000e-09	1.00000000e-09	1.00000000e-10	1.00000000e-10	0.00000000e+00	1.56367890e-12
3.76000000e+01	3.16129229e+01	2.13773631e+05	8.32044266e+03	1.00000000e-09	1.00000000e-09	1.00000000e-10	1.00000000e-10	0.00000000e+00	1.43758467e-12
3.77000000e+01	3.16969998e+01	2.20232451e+05	8.57183120e+03	3.22761369e+05	1.00000000e-09	3.22761369e+04	1.00000000e-10	3.11417379e+10	1.32165861e-12
3.78000000e+01	3.17810767e+01	2.26614577e+05	8.82023465e+03	3.06401274e+05	1.00000000e-09	3.06401274e+04	1.00000000e-10	2.95632287e+10	1.21508076e-12
3.79000000e+01	3.18651536e+01	2.32599589e+05	9.05318177e+03	1.00000000e-09	1.00000000e-09	1.00000000e-10	1.00000000e-10	0.00000000e+00	1.11709730e-12
3.80000000e+01	3.19492305e+01	2.38552447e+05	9.28487738e+03	1.00000000e-09	1.00000000e-09	1.00000000e-10	1.00000000e-10	0.00000000e+00	1.02701517e-12
3.81000000e+01	3.20333075e+01	2.44505304e+05	9.51657299e+03	5.46919601e+04	1.00000000e-09	5.46919601e+03	1.00000000e-10	5.27697193e+09	9.44197214e-13
3.82000000e+01	3.21173844e+01	2.50458162e+05	9.74826859e+03	4.33069435e+05	1.00000000e-09	4.33069435e+04	1.00000000e-10	4.17848483e+10	8.68057654e-13
3.83000000e+01	3.22014613e+01	2.56041279e+05	9.96557325e+03	1.22240588e+05	1.00000000e-09	1.22240588e+04	1.00000000e-10	1.17944238e+10	7.98057949e-13
3.84000000e+01	3.22855382e+01	2.61321449e+05	1.01710867e+04	1.00000000e-09	1.00000000e-09	1.00000000e-10	1.00000000e-10	0.00000000e+00	7.33702982e-13
3.85000000e+01	3.23696152e+01	2.66601619e+05	1.03766001e+04	1.00000000e-09	1.00000000e-09	1.00000000e-10	1.00000000e-10	0.00000000e+00	6.74537565e-13
3.86000000e+01	3.24536921e+01	2.71881788e+05	1.05821135e+04	2.57008742e+05	1.00000000e-09	2.57008742e+04	1.00000000e-10	2.47975739e+10	6.20143216e-13
3.87000000e+01	3.25377690e+01	2.77045935e+05	1.07831111e+04	4.52802373e+05	1.00000000e-09	4.52802373e+04	1.00000000e-10	4.36887873e+10	5.70135198e-13
3.88000000e+01	3.26218459e+01	2.81752575e+05	1.09663017e+04	1.00000000e-09	1.00000000e-09	1.00000000e-10	1.00000000e-10	0.00000000e+00	5.24159800e-13
3.89000000e+01	3.27059228e+01	2.86441676e+05	1.11488097e+04	1.00000000e-09	1.00000000e-09	1.00000000e-10	1.00000000e-10	0.00000000e+00	4.81891834e-13
3.90000000e+01	3.27899998e+01	2.91130777e+05	1.13313177e+04	1.00000000e-09	1.00000000e-09	1.00000000e-10	1.00000000e-10	0.00000000e+00	4.43032333e-13
3.91000000e+01	3.28740767e+01	2.95819879e+05	1.15138257e+04	3.76828122e+05	1.00000000e-09	3.76828122e+04	1.00000000e-10	3.63583865e+10	4.07306443e-13
3.92000000e+01	3.29581536e+01	3.00159494e+05	1.16827311e+04	4.22903689e+05	1.00000000e-09	4.22903689e+04	1.00000000e-10	4.08040029e+10	3.74461468e-13
3.93000000e+01	3.30422305e+01	3.04202224e+05	1.18400812e+04	1.00000000e-09	1.00000000e-09	1.00000000e-10	1.00000000e-10	0.00000000e+00	3.44265096e-13
3.94000000e+01	3.31263075e+01	3.08244953e+05	1.19974313e+04	1.00000000e-09	1.00000000e-09	1.00000000e-10	1.00000000e-10	0.00000000e+00	3.16503742e-13
3.95000000e+01	3.32103844e+01	3.12287682e+05	1.21547814e+04	1.00000000e-09	1.00000000e-09	1.00000000e-10	1.00000000e-10	0.00000000e+00	2.90981049e-13
3.96000000e+01	3.32944613e+01	3.16226703e+05	1.23080949e+04	4.14225381e+05	1.00000000e-09	4.14225381e+04	1.00000000e-10	3.99666735e+10	2.67516493e-13
3.97000000e+01	3.33785382e+01	3.19808207e+05	1.24474933e+04	4.61892955e+05	1.00000000e-09	4.61892955e+04	1.00000000e-10	4.45658952e+10	2.45944106e-13
3.98000000e+01	3.34626152e+01	3.23380774e+05	1.25865438e+04	1.00000000e-09	1.00000000e-09	1.00000000e-10	1.00000000e-10	0.00000000e+00	2.26111304e-13
3.99000000e+01	3.35466921e+01	3.26953340e+05	1.27255944e+04	1.00000000e-09	1.00000000e-09	1.00000000e-10	1.00000000e-10	0.00000000e+00	2.07877809e-13
4.00000000e+01	3.36307690e+01	3.30525906e+05	1.28646449e+04	1.00000000e-09	1.00000000e-09	1.00000000e-10	1.00000000e-10	0.00000000e+00	1.91114654e-13
4.01000000e+01	3.37148459e+01	3.33826417e+05	1.29931065e+04	3.14785177e+05	1.00000000e-09	3.14785177e+04	1.00000000e-10	3.03721524e+10	1.75703270e-13
4.02000000e+01	3.37989228e+01	3.36976397e+05	1.31157092e+04	5.48892993e+05	1.00000000e-09	5.48892993e+04	1.00000000e-10	5.29601228e+10	1.61534652e-13
4.03000000e+01	3.38829998e+01	3.40126377e+05	1.32383119e+04	1.32915318e+05	1.00000000e-09	1.32915318e+04	1.00000000e-10	1.28243786e+10	1.48508584e-13
4.04000000e+01	3.39670767e+01	3.43276357e+05	1.33609147e+04	1.00000000e-09	1.00000000e-09	1.00000000e-10	1.00000000e-10	0.00000000e+00	1.36532931e-13
4.05000000e+01	3.40511536e+01	3.46277486e+05	1.34777238e+04	1.00000000e-09	1.00000000e-09	1.00000000e-10	1.00000000e-10	0.00000000e+00	1.25522989e-13
4.06000000e+01	3.41352305e+01	3.49056319e+05	1.35858809e+04	1.00000000e-09	1.00000000e-09	1.00000000e-10	1.00000000e-10	0.00000000e+00	1.15400882e-13
4.07000000e+01	3.42193075e+01	3.51835151e+05	1.36940379e+04	4.95935358e+05	1.00000000e-09	4.95935358e+04	1.00000000e-10	4.78504877e+10	1.06095016e-13
4.08000000e+01	3.43033844e+01	3.54613984e+05	1.38021949e+04	4.96063452e+05	1.00000000e-09	4.96063452e+04	1.00000000e-10	4.78628469e+10	9.75395708e-14
4.09000000e+01	3.43874613e+01	3.57346529e+05	1.39085503e+04	1.00000000e-09	1.00000000e-09	1.00000000e-10	1.00000000e-10	0.00000000e+00	8.96740319e-14
4.10000000e+01	3.44715382e+01	3.59792737e+05	1.40037610e+04	1.00000000e-09	1.00000000e-09	1.00000000e-10	1.00000000e-10	0.00000000e+00	8.24427658e-14
4.11000000e+01	3.45556151e+01	3.62238945e+05	1.40989716e+04	1.00000000e-09	1.00000000e-09	1.00000000e-10	1.00000000e-10	0.00000000e+00	7.57946252e-14
4.12000000e+01	3.46396921e+01	3.64685152e+05	1.41941823e+04	1.00000000e-09	1.00000000e-09	1.00000000e-10	1.00000000e-10	0.00000000e+00	6.96825871e-14
4.13000000e+01	3.47237690e+01	3.67131360e+05	1.42893930e+04	5.99833561e+05	1.00000000e-09	5.99833561e+04	1.00000000e-10	5.78751403e+10	6.40634205e-14
4.14000000e+01	3.48078459e+01	3.69262101e+05	1.43723252e+04	7.04739746e+05	1.00000000e-09	7.04739746e+04	1.00000000e-10	6.79970485e+10	5.88973804e-14
4.15000000e+01	3.48919228e+01	3.71155910e+05	1.44460355e+04	2.45818373e+05	1.00000000e-09	2.45818373e+04	1.00000000e-10	2.37178673e+10	5.41479271e-14
4.16000000e+01	3.49759998e+01	3.73049719e+05	1.45197458e+04	1.00000000e-09	1.00000000e-09	1.00000000e-10	1.00000000e-10	0.00000000e+00	4.97814672e-14
4.17000000e+01	3.50600767e+01	3.74943528e+05	1.45934562e+04	1.00000000e-09	1.00000000e-09	1.00000000e-10	1.00000000e-10	0.00000000e+00	4.57671163e-14
4.18000000e+01	3.51441536e+01	3.76699469e+05	1.46618005e+04	1.00000000e-09	1.00000000e-09	1.00000000e-10	1.00000000e-10	0.00000000e+00	4.20764804e-14
4.19000000e+01	3.52282305e+01	3.77983946e+05	1.47117946e+04	1.00000000e-09	1.00000000e-09	1.00000000e-10	1.00000000e-10	0.00000000e+00	3.86834555e-14
4.20000000e+01	3.53123074e+01	3.79227362e+05	1.47601905e+04	1.00000000e-09	1.00000000e-09	1.00000000e-10	1.00000000e-10	0.00000000e+00	3.55640423e-14
4.21000000e+01	3.53963844e+01	3.80470778e+05	1.48085864e+04	1.00000000e-09	1.00000000e-09	1.00000000e-10	1.00000000e-10	0.00000000e+00	3.26961769e-14
4.22000000e+01	3.54804613e+01	3.81714193e+05	1.48569823e+04	1.00000000e-09	1.00000000e-09	1.00000000e-10	1.00000000e-10	0.00000000e+00	3.00595747e-14
4.23000000e+01	3.55645382e+01	3.82557381e+05	1.48898007e+04	4.50062155e+04	1.00000000e-09	4.50062155e+03	1.00000000e-10	4.34243965e+09	2.76355866e-14
4.24000000e+01	3.56486151e+01	3.82925178e+05	1.49041159e+04	6.76443726e+03	1.00000000e-09	6.76443726e+02	1.00000000e-10	6.52668976e+08	2.54070677e-14
4.25000000e+01	3.57326921e+01	3.83292975e+05	1.49184312e+04	2.24701782e+03	1.00000000e-09	2.24701782e+02	1.00000000e-10	2.16804261e+08	2.33582553e-14
4.26000000e+01	3.58167690e+01	3.83660771e+05	1.49327465e+04	8.93219105e+03	1.00000000e-09	8.93219105e+02	1.00000000e-10	8.61825420e+08	2.14746581e-14
4.27000000e+01	3.59008459e+01	3.84028568e+05	1.49470618e+04	6.01491419e+04	1.00000000e-09	6.01491419e+03	1.00000000e-10	5.80350993e+09	1.97429531e-14
4.28000000e+01	3.59849228e+01	3.83816721e+05	1.49388163e+04	3.00615939e+04	1.00000000e-09	3.00615939e+03	1.00000000e-10	2.90050287e+09	1.81508919e-14
4.29000000e+01	3.60689997e+01	3.83249069e+05	1.49167223e+04	1.17034300e-06	1.00000000e-09	1.17034300e-07	1.00000000e-10	1.12824448e-01	1.66872137e-14
4.30000000e+01	3.61530767e+01	3.82681417e+05	1.48946283e+04	3.12473121e-07	1.00000000e-09	3.12473121e-08	1.00000000e-10	3.00525875e-02	1.53415657e-14
4.31000000e+01	3.62371536e+01	3.82113765e+05	1.48725343e+04	8.01316249e+03	1.00000000e-09	8.01316249e+02	1.00000000e-10	7.73152644e+08	1.41044300e-14
4.32000000e+01	3.63212305e+01	3.81438134e+05	1.48462376e+04	3.99217057e+04	1.00000000e-09	3.99217057e+03	1.00000000e-10	3.85185903e+09	1.29670563e-14
4.33000000e+01	3.64053074e+01	3.80118430e+05	1.47948724e+04	9.15326269e+03	1.00000000e-09	9.15326269e+02	1.00000000e-10	8.83155590e+08	1.19213998e-14
4.34000000e+01	3.64893844e+01	3.78624582e+05	1.47367292e+04	1.00000000e-09	1.00000000e-09	1.00000000e-10	1.00000000e-10	0.00000000e+00	1.09600645e-14
4.35000000e+01	3.65734613e+01	3.77130734e+05	1.46785861e+04	1.00000000e-09	1.00000000e-09	1.00000000e-10	1.00000000e-10	0.00000000e+00	1.00762507e-14
4.36000000e+01	3.66575382e+01	3.75636886e+05	1.46204429e+04	1.38326610e+04	1.00000000e-09	1.38326610e+03	1.00000000e-10	1.33464889e+09	9.26370726e-15
4.37000000e+01	3.67416151e+01	3.73857386e+05	1.45511817e+04	2.52916836e+04	1.00000000e-09	2.52916836e+03	1.00000000e-10	2.44027649e+09	8.51668685e-15
4.38000000e+01	3.68256921e+01	3.71476288e+05	1.44585052e+04	1.00000000e-09	2.50714248e+01	1.00000000e-10	2.50714248e+00	-2.41902475e+06	7.82990577e-15
4.39000000e+01	3.69097690e+01	3.69095190e+05	1.43658287e+04	1.00000000e-09	3.02803326e+01	1.00000000e-10	3.02803326e+00	-2.92160795e+06	7.19850635e-15
4.40000000e+01	3.69938459e+01	3.66714092e+05	1.42731522e+04	1.00000000e-09	7.60172782e+00	1.00000000e-10	7.60172782e-01	-7.33455233e+05	6.61802264e-15
4.41000000e+01	3.70779228e+01	3.64332994e+05	1.41804757e+04	1.39805401e+04	1.00000000e-09	1.39805401e+03	1.00000000e-10	1.34891705e+09	6.08434883e-15
4.42000000e+01	3.71619997e+01	3.61570789e+05	1.40729659e+04	1.60047461e+04	1.00000000e-09	1.60047461e+03	1.00000000e-10	1.54422324e+09	5.59371018e-15
4.43000000e+01	3.72460767e+01	3.58323288e+05	1.39465675e+04	1.00000000e-09	1.00000000e-09	1.00000000e-10	1.00000000e-10	0.00000000e+00	5.14263638e-15
4.44000000e+01	3.73301536e+01	3.55075787e+05	1.38201691e+04	1.00000000e-09	2.49900969e+01	1.00000000e-10	2.49900969e+00	-2.41117780e+06	4.72793693e-15
4.45000000e+01	3.74142305e+01	3.51828286e+05	1.36937707e+04	1.00000000e-09	2.24233812e+01	1.00000000e-10	2.24233812e+00	-2.16352738e+06	4.34667862e-15
4.46000000e+01	3.74983074e+01	3.48580785e+05	1.35673722e+04	1.15580816e+04	1.00000000e-09	1.15580816e+03	1.00000000e-10	1.11518534e+09	3.99616478e-15
4.47000000e+01	3.75823844e+01	3.44947223e+05	1.34259477e+04	9.41306876e+03	1.00000000e-09	9.41306876e+02	1.00000000e-10	9.08223065e+08	3.67391618e-15
4.48000000e+01	3.76664613e+01	3.40975140e+05	1.32713473e+04	1.00000000e-09	1.00000000e-09	1.00000000e-10	1.00000000e-10	0.00000000e+00	3.37765354e-15
4.49000000e+01	3.77505382e+01	3.37003057e+05	1.31167469e+04	1.00000000e-09	1.89273357e+01	1.00000000e-10	1.89273357e+00	-1.82621027e+06	3.10528136e-15
4.50000000e+01	3.78346151e+01	3.33030975e+05	1.29621465e+04	1.00000000e-09	2.18896544e+01	1.00000000e-10	2.18896544e+00	-2.11203057e+06	2.85487313e-15
4.51000000e+01	3.79186920e+01	3.29058892e+05	1.28075461e+04	8.21738863e+03	1.00000000e-09	8.21738863e+02	1.00000000e-10	7.92857471e+08	2.62465769e-15
4.52000000e+01	3.80027690e+01	3.24772323e+05	1.26407054e+04	4.91354707e+03	1.00000000e-09	4.91354707e+02	1.00000000e-10	4.74085221e+08	2.41300669e-15
4.53000000e+01	3.80868459e+01	3.20288826e+05	1.24661999e+04	1.00000000e-09	1.00000000e-09	1.00000000e-10	1.00000000e-10	0.00000000e+00	2.21842312e-15
4.54000000e+01	3.81709228e+01	3.15805330e+05	1.22916944e+04	1.00000000e-09	1.81549546e+01	1.00000000e-10	1.81549546e+00	-1.75168682e+06	2.03953067e-15
4.55000000e+01	3.82549997e+01	3.11321833e+05	1.21171888e+04	1.00000000e-09	1.91059891e+01	1.00000000e-10	1.91059891e+00	-1.84344771e+06	1.87506400e-15
4.56000000e+01	3.83390767e+01	3.06838337e+05	1.19426833e+04	4.60713505e+03	1.00000000e-09	4.60713505e+02	1.00000000e-10	4.44520955e+08	1.72385984e-15
4.57000000e+01	3.84231536e+01	3.02163877e+05	1.17607452e+04	1.61095310e+03	1.00000000e-09	1.61095310e+02	1.00000000e-10	1.55433345e+08	1.58484870e-15
4.58000000e+01	3.85072305e+01	2.97421169e+05	1.15761507e+04	1.00000000e-09	1.00000000e-09	1.00000000e-10	1.00000000e-10	0.00000000e+00	1.45704735e-15
4.59000000e+01	3.85913074e+01	2.92678460e+05	1.13915562e+04	1.00000000e-09	1.95936531e+01	1.00000000e-10	1.95936531e+00	-1.89050013e+06	1.33955183e-15
4.60000000e+01	3.86753843e+01	2.87935751e+05	1.12069617e+04	6.32052391e+02	1.55849448e+01	6.32052391e+01	1.55849448e+00	5.94800663e+07	1.23153109e-15
4.61000000e+01	3.87594613e+01	2.83166053e+05	1.10213168e+04	9.93054303e+02	1.00000000e-09	9.93054303e+01	1.00000000e-10	9.58151743e+07	1.13222108e-15
4.62000000e+01	3.88435382e+01	2.78353704e+05	1.08340117e+04	1.00000000e-09	1.00000000e-09	1.00000000e-10	1.00000000e-10	0.00000000e+00	1.04091937e-15
4.63000000e+01	3.89276151e+01	2.73541355e+05	1.06467067e+04	1.00000000e-09	1.00000000e-09	1.00000000e-10	1.00000000e-10	0.00000000e+00	9.56980191e-16
4.64000000e+01	3.90116920e+01	2.68729007e+05	1.04594017e+04	1.62432912e+02	2.11958435e+01	1.62432912e+01	2.11958435e+00	1.36273055e+07	8.79809819e-16
4.65000000e+01	3.90957690e+01	2.63909653e+05	1.02718241e+04	1.77264834e+03	1.16188536e+01	1.77264834e+02	1.16188536e+00	1.69913515e+08	8.08862425e-16
4.66000000e+01	3.91798459e+01	2.59013330e+05	1.00812507e+04	1.00000000e-09	1.00000000e-09	1.00000000e-10	1.00000000e-10	0.00000000e+00	7.43636191e-16
4.67000000e+01	3.92639228e+01	2.54117007e+05	9.89067723e+03	1.00000000e-09	1.00000000e-09	1.00000000e-10	1.00000000e-10	0.00000000e+00	6.83669765e-16
4.68000000e+01	3.93479997e+01	2.49220684e+05	9.70010380e+03	1.00000000e-09	4.60338784e+00	1.00000000e-10	4.60338784e-01	-4.44159405e+05	6.28539001e-16
4.69000000e+01	3.94320766e+01	2.44324361e+05	9.50953037e+03	4.09378525e+03	2.17825210e+01	4.09378525e+02	2.17825210e+00	3.92888535e+08	5.77853951e-16
4.70000000e+01	3.95161536e+01	2.39246544e+05	9.31189285e+03	4.51314542e+03	6.58259967e+00	4.51314542e+02	6.58259967e-01	4.34817211e+08	5.31256117e-16
4.71000000e+01	3.96002305e+01	2.33962454e+05	9.10622685e+03	1.00000000e-09	1.00000000e-09	1.00000000e-10	1.00000000e-10	0.00000000e+00	4.88415907e-16
4.72000000e+01	3.96843074e+01	2.28678364e+05	8.90056086e+03	1.00000000e-09	1.00000000e-09	1.00000000e-10	1.00000000e-10	0.00000000e+00	4.49030309e-16
4.73000000e+01	3.97683843e+01	2.23394274e+05	8.69489487e+03	1.00000000e-09	1.03389441e+01	1.00000000e-10	1.03389441e+00	-9.97556459e+05	4.12820745e-16
4.74000000e+01	3.98524613e+01	2.18110184e+05	8.48922887e+03	6.40308515e+03	2.02311985e+01	6.40308515e+02	2.02311985e+00	6.15851783e+08	3.79531100e-16
4.75000000e+01	3.99365382e+01	2.12521890e+05	8.27172272e+03	8.84032661e+03	1.00000000e-09	8.84032661e+02	1.00000000e-10	8.52961849e+08	3.48925915e-16
4.76000000e+01	4.00206151e+01	2.06490243e+05	8.03696049e+03	1.00000000e-09	1.00000000e-09	1.00000000e-10	1.00000000e-10	0.00000000e+00	3.20788716e-16
4.77000000e+01	4.01046920e+01	2.00458596e+05	7.80219826e+03	1.00000000e-09	1.00000000e-09	1.00000000e-10	1.00000000e-10	0.00000000e+00	2.94920485e-16
4.78000000e+01	4.01887690e+01	1.94426949e+05	7.56743603e+03	1.00000000e-09	1.57108175e+01	1.00000000e-10	1.57108175e+00	-1.51586345e+06	2.71138254e-16
4.79000000e+01	4.02728459e+01	1.88395302e+05	7.33267380e+03	3.91291425e+03	1.42879574e+01	3.91291425e+02	1.42879574e+00	3.76160253e+08	2.49273810e-16
4.80000000e+01	4.03569228e+01	1.82158448e+05	7.08992455e+03	1.27179658e+04	1.00000000e-09	1.27179658e+03	1.00000000e-10	1.22709715e+09	2.29172503e-16
4.81000000e+01	4.04409997e+01	1.75213567e+05	6.81961770e+03	5.51087180e+03	1.00000000e-09	5.51087180e+02	1.00000000e-10	5.31718296e+08	2.10692155e-16
4.82000000e+01	4.05250766e+01	1.67941730e+05	6.53658511e+03	1.00000000e-09	3.13934399e+00	1.00000000e-10	3.13934399e-01	-3.02900648e+05	1.93702052e-16
4.83000000e+01	4.06091536e+01	1.60669893e+05	6.25355253e+03	1.00000000e-09	1.73839858e+01	1.00000000e-10	1.73839858e+00	-1.67729965e+06	1.78082022e-16
4.84000000e+01	4.06932305e+01	1.53398056e+05	5.97051994e+03	1.00000000e-09	3.00269997e+00	1.00000000e-10	3.00269997e-01	-2.89716504e+05	1.63721583e-16
4.85000000e+01	4.07773074e+01	1.46126219e+05	5.68748736e+03	9.56359764e+03	1.00000000e-09	9.56359764e+02	1.00000000e-10	9.22746894e+08	1.50519162e-16
4.86000000e+01	4.08613843e+01	1.38255690e+05	5.38115264e+03	1.27184916e+04	1.00000000e-09	1.27184916e+03	1.00000000e-10	1.22714789e+09	1.38381377e-16
4.87000000e+01	4.09454613e+01	1.29523314e+05	5.04127333e+03	1.45906789e+03	1.23280424e+01	1.45906789e+02	1.23280424e+00	1.39589175e+08	1.27222377e-16
4.88000000e+01	4.10295382e+01	1.20687086e+05	4.69735193e+03	1.00000000e-09	1.15921252e+01	1.00000000e-10	1.15921252e+00	-1.11847005e+06	1.16963232e-16
4.89000000e+01	4.11136151e+01	1.11850859e+05	4.35343054e+03	1.00000000e-09	1.00000000e-09	1.00000000e-10	1.00000000e-10	0.00000000e+00	1.07531379e-16
4.90000000e+01	4.11976920e+01	1.03014631e+05	4.00950915e+03	1.00000000e-09	1.00000000e-09	1.00000000e-10	1.00000000e-10	0.00000000e+00	9.88601065e-17
4.91000000e+01	4.12817689e+01	9.41784033e+04	3.66558775e+03	7.13918207e+03	4.82959620e+00	7.13918207e+02	4.82959620e-01	6.88360368e+08	9.08880802e-17
4.92000000e+01	4.13658459e+01	8.48181910e+04	3.30127196e+03	1.05386012e+04	1.47275699e+01	1.05386012e+03	1.47275699e+00	1.01539944e+09	8.35589140e-17
4.93000000e+01	4.14499228e+01	7.46342930e+04	2.90489688e+03	5.77746315e+03	1.00000000e-09	5.77746315e+02	1.00000000e-10	5.57440450e+08	7.68207678e-17
4.94000000e+01	4.15339997e+01	6.39722512e+04	2.48991162e+03	1.00000000e-09	1.00000000e-09	1.00000000e-10	1.00000000e-10	0.00000000e+00	7.06259821e-17
4.95000000e+01	4.16180766e+01	5.33102093e+04	2.07492635e+03	1.00000000e-09	1.00000000e-09	1.00000000e-10	1.00000000e-10	0.00000000e+00	6.49307406e-17
4.96000000e+01	4.17021536e+01	4.26481675e+04	1.65994108e+03	1.00000000e-09	1.35887817e+01	1.00000000e-10	1.35887817e+00	-1.31111812e+06	5.96947603e-17
4.97000000e+01	4.17862305e+01	3.19861256e+04	1.24495581e+03	1.00000000e-09	5.98290377e+00	1.00000000e-10	5.98290377e-01	-5.77262458e+05	5.48810067e-17
4.98000000e+01	4.18703074e+01	2.13240837e+04	8.29970538e+02	1.00000000e-09	1.00000000e-09	1.00000000e-10	1.00000000e-10	0.00000000e+00	5.04554316e-17
4.99000000e+01	4.19543843e+01	1.06620419e+04	4.14985269e+02	1.00000000e-09	1.00000000e-09	1.00000000e-10	1.00000000e-10	0.00000000e+00	4.63867326e-17
5.00000000e+01	4.20384612e+01	0.00000000e+00	0.00000000e+00	1.00000000e+01	1.00000000e+01	1.00000000e+00	1.00000000e+00	0.00000000e+00	4.26461312e-17
