# 1D PNP Solver Results
# Debye length: 1.18939 nm
# Surface potential: 100 mV
# Bulk concentration: 10 mol/m^3
# Thermal voltage: 25.6926 mV
# Grid: non-uniform with stretching factor 1
#
# Columns:
# 1: x [nm]
# 2: x/lambda_D [-]
# 3: phi [mV]
# 4: phi_normalized = e*phi/(kB*T) [-]
# 5: c+ [mol/m^3]
# 6: c- [mol/m^3]
# 7: c+/c0 [-]
# 8: c-/c0 [-]
# 9: rho [C/m^3]
# 10: phi_GC [mV] (Gouy-Chapman analytical)
0.00000000e+00	0.00000000e+00	1.00000000e+02	3.89217445e+00	1.00000000e-09	1.00000000e-09	1.00000000e-10	1.00000000e-10	0.00000000e+00	1.00000000e+02
1.00000000e-01	8.40769225e-02	4.74212025e+05	1.84571593e+04	1.00000000e-09	1.00000000e-09	1.00000000e-10	1.00000000e-10	0.00000000e+00	8.70576373e+01
2.00000000e-01	1.68153845e-01	9.48187754e+05	3.69051215e+04	2.90843182e+05	1.31304485e-01	2.90843182e+04	1.31304485e-02	2.80620884e+10	7.68715638e+01
3.00000000e-01	2.52230767e-01	1.42216392e+06	5.53531009e+04	7.18596804e+03	4.73698472e-03	7.18596804e+02	4.73698472e-04	6.93340055e+08	6.85207345e+01
4.00000000e-01	3.36307690e-01	1.89614011e+06	7.38010808e+04	1.00000000e-09	1.00000000e-09	1.00000000e-10	1.00000000e-10	0.00000000e+00	6.14862309e+01
5.00000000e-01	4.20384612e-01	2.36335961e+06	9.19860789e+04	1.00000000e-09	1.00000000e-09	1.00000000e-10	1.00000000e-10	0.00000000e+00	5.54461690e+01
6.00000000e-01	5.04461535e-01	2.83012639e+06	1.10153456e+05	2.90740409e+05	1.30003372e-01	2.90740409e+04	1.30003372e-02	2.80521723e+10	5.01866549e+01
7.00000000e-01	5.88538457e-01	3.29689361e+06	1.28320851e+05	1.45809222e+04	9.86109866e-03	1.45809222e+03	9.86109866e-04	1.40684417e+09	4.55579535e+01
8.00000000e-01	6.72615380e-01	3.76366085e+06	1.46488246e+05	1.00000000e-09	1.00000000e-09	1.00000000e-10	1.00000000e-10	0.00000000e+00	4.14508515e+01
9.00000000e-01	7.56692302e-01	4.22367961e+06	1.64392979e+05	1.00000000e-09	1.00000000e-09	1.00000000e-10	1.00000000e-10	0.00000000e+00	3.77829914e+01
1.00000000e+00	8.40769225e-01	4.68292049e+06	1.82267435e+05	2.90558152e+05	1.28630502e-01	2.90558152e+04	1.28630502e-02	2.80345874e+10	3.44905241e+01
1.10000000e+00	9.24846147e-01	5.14216179e+06	2.00141907e+05	2.21942907e+04	1.53894471e-02	2.21942907e+03	1.53894471e-03	2.14142202e+09	3.15227780e+01
1.20000000e+00	1.00892307e+00	5.60140314e+06	2.18016382e+05	1.00000000e-09	1.00000000e-09	1.00000000e-10	1.00000000e-10	0.00000000e+00	2.88387272e+01
1.30000000e+00	1.09299999e+00	6.05391192e+06	2.35628813e+05	1.00000000e-09	1.00000000e-09	1.00000000e-10	1.00000000e-10	0.00000000e+00	2.64045776e+01
1.40000000e+00	1.17707691e+00	6.50530930e+06	2.53197986e+05	2.90290883e+05	1.27086890e-01	2.90290883e+04	1.27086890e-02	2.80088000e+10	2.41920729e+01
1.50000000e+00	1.26115384e+00	6.95670708e+06	2.70767175e+05	3.00352773e+04	2.13313922e-02	3.00352773e+03	2.13313922e-03	2.89796165e+09	2.21772778e+01
1.60000000e+00	1.34523076e+00	7.40810493e+06	2.88336367e+05	1.00000000e-09	1.00000000e-09	1.00000000e-10	1.00000000e-10	0.00000000e+00	2.03396868e+01
1.70000000e+00	1.42930768e+00	7.85279530e+06	3.05644492e+05	1.00000000e-09	1.00000000e-09	1.00000000e-10	1.00000000e-10	0.00000000e+00	1.86615585e+01
1.80000000e+00	1.51338460e+00	8.29603300e+06	3.22896077e+05	2.89932274e+05	1.25277230e-01	2.89932274e+04	1.25277230e-02	2.79741996e+10	1.71274116e+01
1.90000000e+00	1.59746153e+00	8.73927109e+06	3.40147677e+05	3.81126394e+04	2.76875088e-02	3.81126394e+03	2.76875088e-03	3.67730800e+09	1.57236358e+01
2.00000000e+00	1.68153845e+00	9.18250927e+06	3.57399280e+05	1.00000000e-09	1.00000000e-09	1.00000000e-10	1.00000000e-10	0.00000000e+00	1.44381886e+01
2.10000000e+00	1.76561537e+00	9.61907581e+06	3.74391211e+05	1.00000000e-09	1.00000000e-09	1.00000000e-10	1.00000000e-10	0.00000000e+00	1.32603556e+01
2.20000000e+00	1.84969229e+00	1.00538415e+07	3.91313051e+05	2.89475094e+05	1.23112537e-01	2.89475094e+04	1.23112537e-02	2.79300887e+10	1.21805577e+01
2.30000000e+00	1.93376922e+00	1.04886076e+07	4.08234907e+05	4.64344253e+04	3.44488883e-02	4.64344253e+03	3.44488883e-03	4.48023762e+09	1.11901960e+01
2.40000000e+00	2.01784614e+00	1.09233739e+07	4.25156767e+05	1.00000000e-09	1.00000000e-09	1.00000000e-10	1.00000000e-10	0.00000000e+00	1.02815237e+01
2.50000000e+00	2.10192306e+00	1.13515166e+07	4.41820830e+05	1.00000000e-09	1.00000000e-09	1.00000000e-10	1.00000000e-10	0.00000000e+00	9.44754093e+00
2.60000000e+00	2.18599998e+00	1.17775048e+07	4.58401031e+05	2.88911085e+05	1.20514984e-01	2.88911085e+04	1.20514984e-02	2.78756704e+10	8.68190590e+00
2.70000000e+00	2.27007691e+00	1.22034932e+07	4.74981246e+05	5.50076658e+04	4.15976022e-02	5.50076658e+03	4.15976022e-03	5.30742889e+09	7.97886054e+00
2.80000000e+00	2.35415383e+00	1.26294819e+07	4.91561466e+05	1.00000000e-09	1.00000000e-09	1.00000000e-10	1.00000000e-10	0.00000000e+00	7.33316685e+00
2.90000000e+00	2.43823075e+00	1.30489093e+07	5.07886312e+05	1.00000000e-09	1.00000000e-09	1.00000000e-10	1.00000000e-10	0.00000000e+00	6.74005227e+00
3.00000000e+00	2.52230767e+00	1.34658239e+07	5.24113356e+05	2.88230833e+05	1.17426171e-01	2.88230833e+04	1.17426171e-02	2.78100363e+10	6.19516235e+00
3.10000000e+00	2.60638460e+00	1.38827388e+07	5.40340414e+05	6.38380127e+04	4.91105969e-02	6.38380127e+03	4.91105969e-03	6.15942712e+09	5.69451955e+00
3.20000000e+00	2.69046152e+00	1.42996539e+07	5.56567477e+05	1.00000000e-09	1.00000000e-09	1.00000000e-10	1.00000000e-10	0.00000000e+00	5.23448697e+00
3.30000000e+00	2.77453844e+00	1.47100858e+07	5.72542200e+05	1.00000000e-09	1.00000000e-09	1.00000000e-10	1.00000000e-10	0.00000000e+00	4.81173646e+00
3.40000000e+00	2.85861536e+00	1.51176440e+07	5.88405079e+05	2.87423613e+05	1.13820586e-01	2.87423613e+04	1.13820586e-02	2.77321518e+10	4.42322017e+00
3.50000000e+00	2.94269229e+00	1.55252026e+07	6.04267971e+05	7.29293175e+04	5.69737682e-02	7.29293175e+03	5.69737682e-03	7.03660392e+09	4.06614534e+00
3.60000000e+00	3.02676921e+00	1.59327614e+07	6.20130869e+05	1.00000000e-09	1.00000000e-09	1.00000000e-10	1.00000000e-10	0.00000000e+00	3.73795159e+00
3.70000000e+00	3.11084613e+00	1.63339322e+07	6.35745136e+05	1.00000000e-09	1.00000000e-09	1.00000000e-10	1.00000000e-10	0.00000000e+00	3.43629058e+00
3.80000000e+00	3.19492305e+00	1.67318679e+07	6.51233488e+05	2.86477240e+05	1.09725128e-01	2.86477240e+04	1.09725128e-02	2.76408410e+10	3.15900770e+00
3.90000000e+00	3.27899998e+00	1.71298039e+07	6.66721851e+05	8.22831437e+04	6.52282081e-02	8.22831437e+03	6.52282081e-03	7.93911016e+09	2.90412542e+00
4.00000000e+00	3.36307690e+00	1.75277401e+07	6.82210222e+05	1.00000000e-09	1.00000000e-09	1.00000000e-10	1.00000000e-10	0.00000000e+00	2.66982829e+00
4.10000000e+00	3.44715382e+00	1.79194026e+07	6.97454410e+05	1.00000000e-09	1.00000000e-09	1.00000000e-10	1.00000000e-10	0.00000000e+00	2.45444929e+00
4.20000000e+00	3.53123074e+00	1.83074698e+07	7.12558664e+05	2.85377889e+05	1.05231863e-01	2.85377889e+04	1.05231863e-02	2.75347702e+10	2.25645740e+00
4.30000000e+00	3.61530767e+00	1.86955374e+07	7.27662928e+05	9.18982053e+04	7.41311044e-02	9.18982053e+03	7.41311044e-03	8.86682171e+09	2.07444628e+00
4.40000000e+00	3.69938459e+00	1.90836051e+07	7.42767200e+05	1.00000000e-09	1.00000000e-09	1.00000000e-10	1.00000000e-10	0.00000000e+00	1.90712395e+00
4.50000000e+00	3.78346151e+00	1.94655339e+07	7.57632537e+05	1.00000000e-09	1.00000000e-09	1.00000000e-10	1.00000000e-10	0.00000000e+00	1.75330334e+00
4.60000000e+00	3.86753843e+00	1.98435109e+07	7.72344061e+05	2.84109920e+05	1.00374598e-01	2.84109920e+04	1.00374598e-02	2.74124303e+10	1.61189369e+00
4.70000000e+00	3.95161536e+00	2.02214881e+07	7.87055595e+05	1.01769722e+05	8.48159419e-02	1.01769722e+04	8.48159419e-03	9.81927723e+09	1.48189263e+00
4.80000000e+00	4.03569228e+00	2.05994656e+07	8.01767138e+05	1.00000000e-09	1.00000000e-09	1.00000000e-10	1.00000000e-10	0.00000000e+00	1.36237899e+00
4.90000000e+00	4.11976920e+00	2.09714609e+07	8.16245842e+05	1.00000000e-09	1.00000000e-09	1.00000000e-10	1.00000000e-10	0.00000000e+00	1.25250612e+00
5.00000000e+00	4.20384612e+00	2.13391539e+07	8.30557096e+05	2.82655688e+05	9.35025044e-02	2.82655688e+04	9.35025044e-03	2.72721189e+10	1.15149587e+00
5.10000000e+00	4.28792305e+00	2.17068471e+07	8.44868358e+05	1.11888681e+05	1.03048405e-01	1.11888681e+04	1.03048405e-02	1.07956066e+10	1.05863300e+00
5.20000000e+00	4.37199997e+00	2.20745407e+07	8.59179631e+05	1.00000000e-09	1.00000000e-09	1.00000000e-10	1.00000000e-10	0.00000000e+00	9.73260072e-01
5.30000000e+00	4.45607689e+00	2.24364318e+07	8.73265065e+05	1.00000000e-09	1.00000000e-09	1.00000000e-10	1.00000000e-10	0.00000000e+00	8.94772759e-01
5.40000000e+00	4.54015381e+00	2.27936790e+07	8.87169749e+05	2.80995348e+05	4.69874040e-02	2.80995348e+04	4.69874040e-03	2.71119249e+10	8.22615544e-01
5.50000000e+00	4.62423074e+00	2.31509263e+07	9.01074438e+05	1.22240995e+05	1.83216265e-01	1.22240995e+04	1.83216265e-02	1.17944453e+10	7.56277766e-01
5.60000000e+00	4.70830766e+00	2.35081741e+07	9.14979145e+05	1.00000000e-09	1.00000000e-09	1.00000000e-10	1.00000000e-10	0.00000000e+00	6.95289988e-01
5.70000000e+00	4.79238458e+00	2.38598238e+07	9.28665966e+05	1.00000000e-09	1.00000000e-09	1.00000000e-10	1.00000000e-10	0.00000000e+00	6.39220665e-01
5.80000000e+00	4.87646150e+00	2.42064991e+07	9.42159173e+05	2.79106578e+05	1.09833781e-01	2.79106578e+04	1.09833781e-02	2.69296803e+10	5.87673079e-01
5.90000000e+00	4.96053843e+00	2.45531747e+07	9.55652391e+05	1.32806043e+05	5.58161180e-02	1.32806043e+04	5.58161180e-03	1.28138298e+10	5.40282524e-01
6.00000000e+00	5.04461535e+00	2.48998504e+07	9.69145613e+05	1.00000000e-09	1.00000000e-09	1.00000000e-10	1.00000000e-10	0.00000000e+00	4.96713722e-01
6.10000000e+00	5.12869227e+00	2.52411558e+07	9.82429818e+05	1.00000000e-09	1.00000000e-09	1.00000000e-10	1.00000000e-10	0.00000000e+00	4.56658442e-01
6.20000000e+00	5.21276919e+00	2.55771716e+07	9.95508139e+05	2.76965074e+05	4.57430259e-02	2.76965074e+04	4.57430259e-03	2.67230628e+10	4.19833321e-01
6.30000000e+00	5.29684612e+00	2.59131875e+07	1.00858646e+06	1.43558681e+05	4.08336384e-02	1.43558681e+04	4.08336384e-03	1.38513031e+10	3.85977854e-01
6.40000000e+00	5.38092304e+00	2.62492035e+07	1.02166479e+06	1.00000000e-09	1.00000000e-09	1.00000000e-10	1.00000000e-10	0.00000000e+00	3.54852548e-01
6.50000000e+00	5.46499996e+00	2.65800996e+07	1.03454384e+06	1.00000000e-09	1.00000000e-09	1.00000000e-10	1.00000000e-10	0.00000000e+00	3.26237227e-01
6.60000000e+00	5.54907688e+00	2.69054158e+07	1.04720572e+06	2.74543379e+05	2.68620764e-02	2.74543379e+04	2.68620764e-03	2.64894065e+10	2.99929475e-01
6.70000000e+00	5.63315381e+00	2.72307320e+07	1.05986759e+06	1.54467944e+05	3.73545987e-02	1.54467944e+04	3.73545987e-03	1.49038873e+10	2.75743201e-01
6.80000000e+00	5.71723073e+00	2.75560484e+07	1.07252947e+06	1.00000000e-09	1.00000000e-09	1.00000000e-10	1.00000000e-10	0.00000000e+00	2.53507323e-01
6.90000000e+00	5.80130765e+00	2.78765205e+07	1.08500281e+06	1.00000000e-09	1.00000000e-09	1.00000000e-10	1.00000000e-10	0.00000000e+00	2.33064554e-01
7.00000000e+00	5.88538457e+00	2.81911305e+07	1.09724798e+06	2.71811045e+05	1.44904078e-02	2.71811045e+04	1.44904078e-03	2.62257775e+10	2.14270296e-01
7.10000000e+00	5.96946150e+00	2.85057405e+07	1.10949315e+06	1.65490621e+05	3.81385767e-02	1.65490621e+04	3.81385767e-03	1.59674138e+10	1.96991610e-01
7.20000000e+00	6.05353842e+00	2.88203507e+07	1.12173832e+06	1.00000000e-09	1.00000000e-09	1.00000000e-10	1.00000000e-10	0.00000000e+00	1.81106277e-01
7.30000000e+00	6.13761534e+00	2.91304195e+07	1.13380675e+06	1.00000000e-09	1.00000000e-09	1.00000000e-10	1.00000000e-10	0.00000000e+00	1.66501937e-01
7.40000000e+00	6.22169226e+00	2.94343470e+07	1.14563613e+06	2.68734099e+05	1.00000000e-09	2.68734099e+04	1.00000000e-10	2.59288988e+10	1.53075289e-01
7.50000000e+00	6.30576919e+00	2.97382745e+07	1.15746552e+06	1.76570953e+05	3.91356421e-02	1.76570953e+04	3.91356421e-03	1.70365033e+10	1.40731363e-01
7.60000000e+00	6.38984611e+00	3.00422021e+07	1.16929491e+06	1.00000000e-09	1.72549729e-02	1.00000000e-10	1.72549729e-03	-1.66485169e+03	1.29382849e-01
7.70000000e+00	6.47392303e+00	3.03419207e+07	1.18096049e+06	1.00000000e-09	1.00000000e-09	1.00000000e-10	1.00000000e-10	0.00000000e+00	1.18949475e-01
7.80000000e+00	6.55799995e+00	3.06352223e+07	1.19237630e+06	2.65274855e+05	1.00000000e-09	2.65274855e+04	1.00000000e-10	2.55951325e+10	1.09357445e-01
7.90000000e+00	6.64207688e+00	3.09285239e+07	1.20379211e+06	1.87638299e+05	1.00000000e-09	1.87638299e+04	1.00000000e-10	1.81043436e+10	1.00538914e-01
8.00000000e+00	6.72615380e+00	3.12218255e+07	1.21520792e+06	1.00000000e-09	1.00000000e-09	1.00000000e-10	1.00000000e-10	0.00000000e+00	9.24315047e-02
8.10000000e+00	6.81023072e+00	3.15112815e+07	1.22647405e+06	1.00000000e-09	1.00000000e-09	1.00000000e-10	1.00000000e-10	0.00000000e+00	8.49778740e-02
8.20000000e+00	6.89430764e+00	3.17940491e+07	1.23747986e+06	2.61391772e+05	9.22946054e-04	2.61391772e+04	9.22946054e-05	2.52204719e+10	7.81253008e-02
8.30000000e+00	6.97838457e+00	3.20768166e+07	1.24848566e+06	1.98605177e+05	5.81811243e-03	1.98605177e+04	5.81811243e-04	1.91624859e+10	7.18253161e-02
8.40000000e+00	7.06246149e+00	3.23595842e+07	1.25949147e+06	1.00000000e-09	1.00000000e-09	1.00000000e-10	1.00000000e-10	0.00000000e+00	6.60333593e-02
8.50000000e+00	7.14653841e+00	3.26389026e+07	1.27036303e+06	1.00000000e-09	1.00000000e-09	1.00000000e-10	1.00000000e-10	0.00000000e+00	6.07084632e-02
8.60000000e+00	7.23061533e+00	3.29112669e+07	1.28096392e+06	2.57039164e+05	1.00000000e-09	2.57039164e+04	1.00000000e-10	2.48005091e+10	5.58129641e-02
8.70000000e+00	7.31469226e+00	3.31836312e+07	1.29156481e+06	2.09363821e+05	3.76378209e-03	2.09363821e+04	3.76378209e-04	2.02005374e+10	5.13122357e-02
8.80000000e+00	7.39876918e+00	3.34559954e+07	1.30216571e+06	1.00000000e-09	1.00000000e-09	1.00000000e-10	1.00000000e-10	0.00000000e+00	4.71744438e-02
8.90000000e+00	7.48284610e+00	3.37253417e+07	1.31264913e+06	1.00000000e-09	1.00000000e-09	1.00000000e-10	1.00000000e-10	0.00000000e+00	4.33703214e-02
9.00000000e+00	7.56692302e+00	3.39874753e+07	1.32285183e+06	2.52167552e+05	1.00000000e-09	2.52167552e+04	1.00000000e-10	2.43304700e+10	3.98729614e-02
9.10000000e+00	7.65099995e+00	3.42496089e+07	1.33305453e+06	2.19784591e+05	2.78930972e-03	2.19784591e+04	2.78930972e-04	2.12059890e+10	3.66576268e-02
9.20000000e+00	7.73507687e+00	3.45117425e+07	1.34325722e+06	1.00000000e-09	8.44037015e-04	1.00000000e-10	8.44037015e-05	-8.14370952e+01	3.37015752e-02
9.30000000e+00	7.81915379e+00	3.47713247e+07	1.35336061e+06	1.00000000e-09	1.00000000e-09	1.00000000e-10	1.00000000e-10	0.00000000e+00	3.09838980e-02
9.40000000e+00	7.90323071e+00	3.50234458e+07	1.36317361e+06	2.46724005e+05	1.00000000e-09	2.46724005e+04	1.00000000e-10	2.38052476e+10	2.84853728e-02
9.50000000e+00	7.98730764e+00	3.52755669e+07	1.37298660e+06	2.29714449e+05	5.48955238e-05	2.29714449e+04	5.48955238e-06	2.21640749e+10	2.61883275e-02
9.60000000e+00	8.07138456e+00	3.55276881e+07	1.38279960e+06	1.00000000e-09	5.04798068e-05	1.00000000e-10	5.04798068e-06	-4.87046444e+00	2.40765146e-02
9.70000000e+00	8.15546148e+00	3.57777600e+07	1.39253283e+06	1.00000000e-09	1.00000000e-09	1.00000000e-10	1.00000000e-10	0.00000000e+00	2.21349973e-02
9.80000000e+00	8.23953840e+00	3.60201364e+07	1.40196655e+06	2.40653074e+05	1.00000000e-09	2.40653074e+04	1.00000000e-10	2.32194918e+10	2.03500429e-02
9.90000000e+00	8.32361533e+00	3.62625129e+07	1.41140026e+06	2.38976985e+05	1.00000000e-09	2.38976985e+04	1.00000000e-10	2.30577738e+10	1.87090262e-02
1.00000000e+01	8.40769225e+00	3.65048893e+07	1.42083397e+06	1.00000000e-09	1.00000000e-09	1.00000000e-10	1.00000000e-10	0.00000000e+00	1.72003403e-02
1.01000000e+01	8.49176917e+00	3.67457530e+07	1.43020881e+06	1.00000000e-09	1.00000000e-09	1.00000000e-10	1.00000000e-10	0.00000000e+00	1.58133140e-02
1.02000000e+01	8.57584609e+00	3.69787059e+07	1.43927574e+06	2.33898356e+05	1.10195080e-05	2.33898356e+04	1.10195080e-06	2.25677606e+10	1.45381368e-02
1.03000000e+01	8.65992302e+00	3.72116589e+07	1.44834268e+06	2.47374379e+05	3.53477504e-06	2.47374379e+04	3.53477504e-07	2.38679991e+10	1.33657892e-02
1.04000000e+01	8.74399994e+00	3.74446118e+07	1.45740961e+06	1.00000000e-09	1.00000000e-09	1.00000000e-10	1.00000000e-10	0.00000000e+00	1.22879791e-02
1.05000000e+01	8.82807686e+00	3.76766198e+07	1.46643977e+06	1.00000000e-09	1.00000000e-09	1.00000000e-10	1.00000000e-10	0.00000000e+00	1.12970830e-02
1.06000000e+01	8.91215378e+00	3.79005274e+07	1.47515464e+06	2.26404861e+05	1.00000000e-09	2.26404861e+04	1.00000000e-10	2.18447482e+10	1.03860923e-02
1.07000000e+01	8.99623071e+00	3.81244349e+07	1.48386952e+06	2.54692140e+05	1.00000000e-09	2.54692140e+04	1.00000000e-10	2.45740557e+10	9.54856333e-03
1.08000000e+01	9.08030763e+00	3.83483425e+07	1.49258439e+06	1.00000000e-09	1.00000000e-09	1.00000000e-10	1.00000000e-10	0.00000000e+00	8.77857228e-03
1.09000000e+01	9.16438455e+00	3.85718993e+07	1.50128561e+06	1.00000000e-09	3.22329355e-07	1.00000000e-10	3.22329355e-08	-3.10035696e-02	8.07067289e-03
1.10000000e+01	9.24846147e+00	3.87871979e+07	1.50966541e+06	2.18122120e+05	1.08491124e-07	2.18122120e+04	1.08491124e-08	2.10455852e+10	7.41985814e-03
1.11000000e+01	9.33253840e+00	3.90024965e+07	1.51804520e+06	2.60707022e+05	1.00000000e-09	2.60707022e+04	1.00000000e-10	2.51544036e+10	6.82152474e-03
1.12000000e+01	9.41661532e+00	3.92177951e+07	1.52642500e+06	1.00000000e-09	1.00000000e-09	1.00000000e-10	1.00000000e-10	0.00000000e+00	6.27144062e-03
1.13000000e+01	9.50069224e+00	3.94330937e+07	1.53480480e+06	1.00000000e-09	9.84106495e-08	1.00000000e-10	9.84106495e-09	-9.39869887e-03	5.76571500e-03
1.14000000e+01	9.58476916e+00	3.96400152e+07	1.54285854e+06	2.08992462e+05	1.29644191e-07	2.08992462e+04	1.29644191e-08	2.01647072e+10	5.30077082e-03
1.15000000e+01	9.66884609e+00	3.98463571e+07	1.55088973e+06	2.65819890e+05	1.00000000e-09	2.65819890e+04	1.00000000e-10	2.56477204e+10	4.87331949e-03
1.16000000e+01	9.75292301e+00	4.00526990e+07	1.55892092e+06	1.00000000e-09	1.00000000e-09	1.00000000e-10	1.00000000e-10	0.00000000e+00	4.48033760e-03
1.17000000e+01	9.83699993e+00	4.02590408e+07	1.56695210e+06	1.00000000e-09	1.00000000e-09	1.00000000e-10	1.00000000e-10	0.00000000e+00	4.11904557e-03
1.18000000e+01	9.92107685e+00	4.04569329e+07	1.57465441e+06	1.98899882e+05	1.00000000e-09	1.98899882e+04	1.00000000e-10	1.91909212e+10	3.78688794e-03
1.19000000e+01	1.00051538e+01	4.06536070e+07	1.58230930e+06	2.70889183e+05	1.00000000e-09	2.70889183e+04	1.00000000e-10	2.61368328e+10	3.48151531e-03
1.20000000e+01	1.00892307e+01	4.08502811e+07	1.58996420e+06	1.00000000e-09	1.00000000e-09	1.00000000e-10	1.00000000e-10	0.00000000e+00	3.20076778e-03
1.21000000e+01	1.01733076e+01	4.10469552e+07	1.59761910e+06	1.00000000e-09	4.89673625e-08	1.00000000e-10	4.89673625e-09	-4.62814690e-03	2.94265957e-03
1.22000000e+01	1.02573845e+01	4.12351603e+07	1.60494438e+06	1.87687884e+05	3.85194074e-09	1.87687884e+04	3.85194074e-10	1.81091278e+10	2.70536508e-03
1.23000000e+01	1.03414615e+01	4.14214899e+07	1.61219665e+06	2.75933778e+05	1.00000000e-09	2.75933778e+04	1.00000000e-10	2.66235622e+10	2.48720588e-03
1.24000000e+01	1.04255384e+01	4.16078194e+07	1.61944892e+06	1.00000000e-09	1.00000000e-09	1.00000000e-10	1.00000000e-10	0.00000000e+00	2.28663893e-03
1.25000000e+01	1.05096153e+01	4.17941489e+07	1.62670119e+06	1.00000000e-09	1.90138670e-08	1.00000000e-10	1.90138670e-09	-1.73807394e-03	2.10224558e-03
1.26000000e+01	1.05936922e+01	4.19720533e+07	1.63362553e+06	1.75170908e+05	1.59031047e-08	1.75170908e+04	1.59031047e-09	1.69014233e+10	1.93272162e-03
1.27000000e+01	1.06777692e+01	4.21474020e+07	1.64045041e+06	2.80970969e+05	1.00000000e-09	2.80970969e+04	1.00000000e-10	2.71095772e+10	1.77686798e-03
1.28000000e+01	1.07618461e+01	4.23227508e+07	1.64727529e+06	1.00000000e-09	1.00000000e-09	1.00000000e-10	1.00000000e-10	0.00000000e+00	1.63358230e-03
1.29000000e+01	1.08459230e+01	4.24980996e+07	1.65410017e+06	1.00000000e-09	1.00000000e-09	1.00000000e-10	1.00000000e-10	0.00000000e+00	1.50185109e-03
1.30000000e+01	1.09299999e+01	4.26651404e+07	1.66060169e+06	1.61129683e+05	1.31061915e-09	1.61129683e+04	1.31061915e-10	1.55466510e+10	1.38074262e-03
1.31000000e+01	1.10140768e+01	4.28289217e+07	1.66697635e+06	2.86015886e+05	1.00000000e-09	2.86015886e+04	1.00000000e-10	2.75963377e+10	1.26940027e-03
1.32000000e+01	1.10981538e+01	4.29927031e+07	1.67335100e+06	1.00000000e-09	1.00000000e-09	1.00000000e-10	1.00000000e-10	0.00000000e+00	1.16703651e-03
1.33000000e+01	1.11822307e+01	4.31564844e+07	1.67972566e+06	1.00000000e-09	4.03136810e-09	1.00000000e-10	4.03136810e-10	-2.92482558e-04	1.07292731e-03
1.34000000e+01	1.12663076e+01	4.33121599e+07	1.68578482e+06	1.45306455e+05	1.01103316e-09	1.45306455e+04	1.01103316e-10	1.40199416e+10	9.86407027e-04
1.35000000e+01	1.13503845e+01	4.34638487e+07	1.69168881e+06	2.91080053e+05	1.00000000e-09	2.91080053e+04	1.00000000e-10	2.80849556e+10	9.06863691e-04
1.36000000e+01	1.14344615e+01	4.36155374e+07	1.69759280e+06	1.00000000e-09	1.00000000e-09	1.00000000e-10	1.00000000e-10	0.00000000e+00	8.33734687e-04
1.37000000e+01	1.15185384e+01	4.37672262e+07	1.70349679e+06	1.00000000e-09	1.71880373e-09	1.00000000e-10	1.71880373e-10	-6.93540170e-05	7.66502767e-04
1.38000000e+01	1.16026153e+01	4.39111071e+07	1.70909689e+06	1.27400346e+05	1.18958892e-09	1.27400346e+04	1.18958892e-10	1.22922647e+10	7.04692393e-04
1.39000000e+01	1.16866922e+01	4.40502549e+07	1.71451276e+06	2.96168223e+05	1.00000000e-09	2.96168223e+04	1.00000000e-10	2.85758894e+10	6.47866374e-04
1.40000000e+01	1.17707691e+01	4.41894026e+07	1.71992864e+06	1.00000000e-09	1.00000000e-09	1.00000000e-10	1.00000000e-10	0.00000000e+00	5.95622776e-04
1.41000000e+01	1.18548461e+01	4.43285503e+07	1.72534451e+06	1.00000000e-09	1.00000000e-09	1.00000000e-10	1.00000000e-10	0.00000000e+00	5.47592073e-04
1.42000000e+01	1.19389230e+01	4.44602934e+07	1.73047218e+06	1.07063281e+05	1.55051683e-09	1.07063281e+04	1.55051683e-10	1.03300362e+10	5.03434541e-04
1.43000000e+01	1.20229999e+01	4.45865458e+07	1.73538614e+06	3.01272086e+05	1.00000000e-09	3.01272086e+04	1.00000000e-10	2.90683373e+10	4.62837848e-04
1.44000000e+01	1.21070768e+01	4.47127981e+07	1.74030010e+06	1.00000000e-09	1.00000000e-09	1.00000000e-10	1.00000000e-10	0.00000000e+00	4.25514851e-04
1.45000000e+01	1.21911538e+01	4.48390504e+07	1.74521406e+06	1.00000000e-09	1.00000000e-09	1.00000000e-10	1.00000000e-10	0.00000000e+00	3.91201561e-04
1.46000000e+01	1.22752307e+01	4.49584124e+07	1.74985984e+06	8.38972013e+04	1.00000000e-09	8.38972013e+03	1.00000000e-10	8.09484933e+09	3.59655276e-04
1.47000000e+01	1.23593076e+01	4.50715278e+07	1.75426249e+06	3.06358111e+05	1.00000000e-09	3.06358111e+04	1.00000000e-10	2.95590641e+10	3.30652866e-04
1.48000000e+01	1.24433845e+01	4.51846431e+07	1.75866514e+06	1.00000000e-09	1.00000000e-09	1.00000000e-10	1.00000000e-10	0.00000000e+00	3.03989196e-04
1.49000000e+01	1.25274615e+01	4.52977585e+07	1.76306778e+06	1.00000000e-09	1.00000000e-09	1.00000000e-10	1.00000000e-10	0.00000000e+00	2.79475669e-04
1.50000000e+01	1.26115384e+01	4.54046087e+07	1.76722658e+06	5.74519394e+04	1.00000000e-09	5.74519394e+03	1.00000000e-10	5.54326946e+09	2.56938901e-04
1.51000000e+01	1.26956153e+01	4.55044763e+07	1.77111360e+06	3.11344095e+05	1.00000000e-09	3.11344095e+04	1.00000000e-10	3.00401384e+10	2.36219485e-04
1.52000000e+01	1.27796922e+01	4.56043438e+07	1.77500062e+06	1.00000000e-09	1.00000000e-09	1.00000000e-10	1.00000000e-10	0.00000000e+00	2.17170872e-04
1.53000000e+01	1.28637691e+01	4.57042113e+07	1.77888764e+06	1.00000000e-09	1.00000000e-09	1.00000000e-10	1.00000000e-10	0.00000000e+00	1.99658328e-04
1.54000000e+01	1.29478461e+01	4.57985091e+07	1.78255787e+06	2.71333505e+04	1.00000000e-09	2.71333505e+03	1.00000000e-10	2.61797034e+09	1.83557987e-04
1.55000000e+01	1.30319230e+01	4.58851240e+07	1.78592907e+06	3.16054265e+05	1.00000000e-09	3.16054265e+04	1.00000000e-10	3.04946007e+10	1.68755969e-04
1.56000000e+01	1.31159999e+01	4.59717389e+07	1.78930027e+06	1.00000000e-09	1.00000000e-09	1.00000000e-10	1.00000000e-10	0.00000000e+00	1.55147578e-04
1.57000000e+01	1.32000768e+01	4.60583538e+07	1.79267148e+06	1.00000000e-09	1.00000000e-09	1.00000000e-10	1.00000000e-10	0.00000000e+00	1.42636560e-04
1.58000000e+01	1.32841538e+01	4.61401426e+07	1.79585484e+06	1.00000000e-09	1.00000000e-09	1.00000000e-10	1.00000000e-10	0.00000000e+00	1.31134424e-04
1.59000000e+01	1.33682307e+01	4.62135986e+07	1.79871388e+06	3.20124557e+05	1.00000000e-09	3.20124557e+04	1.00000000e-10	3.08873242e+10	1.20559814e-04
1.60000000e+01	1.34523076e+01	4.62870546e+07	1.80157291e+06	1.90305646e+04	1.00000000e-09	1.90305646e+03	1.00000000e-10	1.83617034e+09	1.10837935e-04
1.61000000e+01	1.35363845e+01	4.63605106e+07	1.80443195e+06	1.00000000e-09	1.00000000e-09	1.00000000e-10	1.00000000e-10	0.00000000e+00	1.01900023e-04
1.62000000e+01	1.36204614e+01	4.64299434e+07	1.80713439e+06	1.00000000e-09	1.00000000e-09	1.00000000e-10	1.00000000e-10	0.00000000e+00	9.36828597e-05
1.63000000e+01	1.37045384e+01	4.64904657e+07	1.80949003e+06	3.22784758e+05	1.00000000e-09	3.22784758e+04	1.00000000e-10	3.11439946e+10	8.61283240e-05
1.64000000e+01	1.37886153e+01	4.65509880e+07	1.81184566e+06	6.20510394e+04	1.00000000e-09	6.20510394e+03	1.00000000e-10	5.98701515e+09	7.91829819e-05
1.65000000e+01	1.38726922e+01	4.66115103e+07	1.81420129e+06	1.00000000e-09	1.00000000e-09	1.00000000e-10	1.00000000e-10	0.00000000e+00	7.27977085e-05
1.66000000e+01	1.39567691e+01	4.66688831e+07	1.81643434e+06	1.00000000e-09	1.00000000e-09	1.00000000e-10	1.00000000e-10	0.00000000e+00	6.69273402e-05
1.67000000e+01	1.40408461e+01	4.67168701e+07	1.81830208e+06	3.22327147e+05	1.00000000e-09	3.22327147e+04	1.00000000e-10	3.10998419e+10	6.15303552e-05
1.68000000e+01	1.41249230e+01	4.67648571e+07	1.82016982e+06	1.12583123e+05	1.00000000e-09	1.12583123e+04	1.00000000e-10	1.08626200e+10	5.65685802e-05
1.69000000e+01	1.42089999e+01	4.68128441e+07	1.82203756e+06	1.00000000e-09	1.00000000e-09	1.00000000e-10	1.00000000e-10	0.00000000e+00	5.20069201e-05
1.70000000e+01	1.42930768e+01	4.68586359e+07	1.82381985e+06	1.00000000e-09	1.00000000e-09	1.00000000e-10	1.00000000e-10	0.00000000e+00	4.78131098e-05
1.71000000e+01	1.43771537e+01	4.68947058e+07	1.82522376e+06	3.14659795e+05	1.00000000e-09	3.14659795e+04	1.00000000e-10	3.03600548e+10	4.39574862e-05
1.72000000e+01	1.44612307e+01	4.69307757e+07	1.82662766e+06	1.71704043e+05	1.00000000e-09	1.71704043e+04	1.00000000e-10	1.65669216e+10	4.04127779e-05
1.73000000e+01	1.45453076e+01	4.69668456e+07	1.82803157e+06	1.00000000e-09	1.00000000e-09	1.00000000e-10	1.00000000e-10	0.00000000e+00	3.71539131e-05
1.74000000e+01	1.46293845e+01	4.70017583e+07	1.82939043e+06	1.00000000e-09	1.00000000e-09	1.00000000e-10	1.00000000e-10	0.00000000e+00	3.41578414e-05
1.75000000e+01	1.47134614e+01	4.70267741e+07	1.83036409e+06	2.88675961e+05	1.00000000e-09	2.88675961e+04	1.00000000e-10	2.78529960e+10	3.14033713e-05
1.76000000e+01	1.47975384e+01	4.70517899e+07	1.83133775e+06	2.38678200e+05	1.00000000e-09	2.38678200e+04	1.00000000e-10	2.30289454e+10	2.88710202e-05
1.77000000e+01	1.48816153e+01	4.70768058e+07	1.83231141e+06	1.00000000e-09	1.00000000e-09	1.00000000e-10	1.00000000e-10	0.00000000e+00	2.65428765e-05
1.78000000e+01	1.49656922e+01	4.71017905e+07	1.83328385e+06	1.00000000e-09	1.00000000e-09	1.00000000e-10	1.00000000e-10	0.00000000e+00	2.44024731e-05
1.79000000e+01	1.50497691e+01	4.71167625e+07	1.83386659e+06	2.05881679e+05	1.00000000e-09	2.05881679e+04	1.00000000e-10	1.98645622e+10	2.24346707e-05
1.80000000e+01	1.51338460e+01	4.71311970e+07	1.83442841e+06	3.02525345e+05	1.00000000e-09	3.02525345e+04	1.00000000e-10	2.91892584e+10	2.06255509e-05
1.81000000e+01	1.52179230e+01	4.71456314e+07	1.83499022e+06	1.00000000e-09	1.00000000e-09	1.00000000e-10	1.00000000e-10	0.00000000e+00	1.89623175e-05
1.82000000e+01	1.53019999e+01	4.71600659e+07	1.83555203e+06	1.00000000e-09	1.00000000e-09	1.00000000e-10	1.00000000e-10	0.00000000e+00	1.74332063e-05
1.83000000e+01	1.53860768e+01	4.71643850e+07	1.83572014e+06	1.00000000e-09	1.00000000e-09	1.00000000e-10	1.00000000e-10	0.00000000e+00	1.60274019e-05
1.84000000e+01	1.54701537e+01	4.71668564e+07	1.83581633e+06	1.05841640e+01	1.00000000e-09	1.05841640e+00	1.00000000e-10	1.02121658e+06	1.47349607e-05
1.85000000e+01	1.55542307e+01	4.71693277e+07	1.83591252e+06	3.50585351e+05	1.00000000e-09	3.50585351e+04	1.00000000e-10	3.38263440e+10	1.35467414e-05
1.86000000e+01	1.56383076e+01	4.71717991e+07	1.83600871e+06	3.64461980e+05	1.28210763e+01	3.64461980e+04	1.28210763e+00	3.51639981e+10	1.24543394e-05
1.87000000e+01	1.57223845e+01	4.71640815e+07	1.83570833e+06	4.34865962e+04	8.37385430e+00	4.34865962e+03	8.37385430e-01	4.19501072e+09	1.14500281e-05
1.88000000e+01	1.58064614e+01	4.71530940e+07	1.83528068e+06	1.00000000e-09	1.00000000e-09	1.00000000e-10	1.00000000e-10	0.00000000e+00	1.05267039e-05
1.89000000e+01	1.58905384e+01	4.71421064e+07	1.83485302e+06	1.00000000e-09	1.00000000e-09	1.00000000e-10	1.00000000e-10	0.00000000e+00	9.67783615e-06
1.90000000e+01	1.59746153e+01	4.71311189e+07	1.83442537e+06	8.30173483e+04	4.70397071e+00	8.30173483e+03	4.70397071e-01	8.00950256e+09	8.89742061e-06
1.91000000e+01	1.60586922e+01	4.71099388e+07	1.83360100e+06	2.71511097e+04	5.76958293e+00	2.71511097e+03	5.76958293e-01	2.61912716e+09	8.17993736e-06
1.92000000e+01	1.61427691e+01	4.70839894e+07	1.83259101e+06	1.00000000e-09	1.00000000e-09	1.00000000e-10	1.00000000e-10	0.00000000e+00	7.52031158e-06
1.93000000e+01	1.62268460e+01	4.70580400e+07	1.83158101e+06	1.00000000e-09	1.00000000e-09	1.00000000e-10	1.00000000e-10	0.00000000e+00	6.91387767e-06
1.94000000e+01	1.63109230e+01	4.70320906e+07	1.83057101e+06	4.39776922e+04	2.66487974e+00	4.39776922e+03	2.66487974e-01	4.24294512e+09	6.35634627e-06
1.95000000e+01	1.63949999e+01	4.69961166e+07	1.82917084e+06	2.25851680e+04	4.58555685e+00	2.25851680e+03	4.58555685e-01	2.17869500e+09	5.84377390e-06
1.96000000e+01	1.64790768e+01	4.69536781e+07	1.82751906e+06	1.00000000e-09	1.00000000e-09	1.00000000e-10	1.00000000e-10	0.00000000e+00	5.37253509e-06
1.97000000e+01	1.65631537e+01	4.69112396e+07	1.82586728e+06	1.00000000e-09	1.00000000e-09	1.00000000e-10	1.00000000e-10	0.00000000e+00	4.93929673e-06
1.98000000e+01	1.66472307e+01	4.68688011e+07	1.82421550e+06	2.76055481e+04	1.69646106e+00	2.76055481e+03	1.69646106e-01	2.66336679e+09	4.54099448e-06
1.99000000e+01	1.67313076e+01	4.68169079e+07	1.82219573e+06	2.10503265e+04	3.93217872e+00	2.10503265e+03	3.93217872e-01	2.03066835e+09	4.17481111e-06
2.00000000e+01	1.68153845e+01	4.67564656e+07	1.81984321e+06	1.00000000e-09	1.00000000e-09	1.00000000e-10	1.00000000e-10	0.00000000e+00	3.83815657e-06
2.01000000e+01	1.68994614e+01	4.66960233e+07	1.81749069e+06	1.00000000e-09	1.00000000e-09	1.00000000e-10	1.00000000e-10	0.00000000e+00	3.52864967e-06
2.02000000e+01	1.69835383e+01	4.66355810e+07	1.81513817e+06	1.73652739e+04	1.11988476e+00	1.73652739e+03	1.11988476e-01	1.67538617e+09	3.24410125e-06
2.03000000e+01	1.70676153e+01	4.65670660e+07	1.81247145e+06	2.09361213e+04	3.55921930e+00	2.09361213e+03	3.55921930e-01	2.01968520e+09	2.98249865e-06
2.04000000e+01	1.71516922e+01	4.64873955e+07	1.80937053e+06	1.00000000e-09	1.00000000e-09	1.00000000e-10	1.00000000e-10	0.00000000e+00	2.74199155e-06
2.05000000e+01	1.72357691e+01	4.64077250e+07	1.80626961e+06	1.00000000e-09	1.00000000e-09	1.00000000e-10	1.00000000e-10	0.00000000e+00	2.52087882e-06
2.06000000e+01	1.73198460e+01	4.63280544e+07	1.80316870e+06	9.66419889e+03	7.32635965e-01	9.66419889e+02	7.32635965e-02	9.32382751e+08	2.31759650e-06
2.07000000e+01	1.74039230e+01	4.62426578e+07	1.79984491e+06	2.15422737e+04	3.36812781e+00	2.15422737e+03	3.36812781e-01	2.07818846e+09	2.13070675e-06
2.08000000e+01	1.74879999e+01	4.61429734e+07	1.79596502e+06	1.00000000e-09	1.00000000e-09	1.00000000e-10	1.00000000e-10	0.00000000e+00	1.95888770e-06
2.09000000e+01	1.75720768e+01	4.60432890e+07	1.79208513e+06	1.00000000e-09	1.00000000e-09	1.00000000e-10	1.00000000e-10	0.00000000e+00	1.80092404e-06
2.10000000e+01	1.76561537e+01	4.59436046e+07	1.78820524e+06	2.48980969e+03	4.53648226e-01	2.48980969e+02	4.53648226e-02	2.40186344e+08	1.65569849e-06
2.11000000e+01	1.77402306e+01	4.58421274e+07	1.78425557e+06	2.19351721e+04	3.33379945e+00	2.19351721e+03	3.33379945e-01	2.11610071e+09	1.52218384e-06
2.12000000e+01	1.78243076e+01	4.57233769e+07	1.77963359e+06	1.07601517e+03	1.00000000e-09	1.07601517e+02	1.00000000e-10	1.03819681e+08	1.39943575e-06
2.13000000e+01	1.79083845e+01	4.56037099e+07	1.77497594e+06	1.00000000e-09	1.00000000e-09	1.00000000e-10	1.00000000e-10	0.00000000e+00	1.28658600e-06
2.14000000e+01	1.79924614e+01	4.54840429e+07	1.77031830e+06	1.00000000e-09	2.44357881e-01	1.00000000e-10	2.44357881e-02	-2.35769512e+04	1.18283639e-06
2.15000000e+01	1.80765383e+01	4.53643759e+07	1.76566065e+06	2.33271620e+04	3.32028741e+00	2.33271620e+03	3.32028741e-01	2.25040862e+09	1.08745310e-06
2.16000000e+01	1.81606153e+01	4.52229720e+07	1.76015696e+06	1.38129170e+04	1.00000000e-09	1.38129170e+03	1.00000000e-10	1.33274389e+09	9.99761460e-07
2.17000000e+01	1.82446922e+01	4.50669205e+07	1.75408317e+06	1.00000000e-09	1.00000000e-09	1.00000000e-10	1.00000000e-10	0.00000000e+00	9.19141229e-07
2.18000000e+01	1.83287691e+01	4.49108691e+07	1.74800937e+06	1.00000000e-09	9.68919430e-02	1.00000000e-10	9.68919430e-03	-9.34865121e+03	8.45022171e-07
2.19000000e+01	1.84128460e+01	4.47548180e+07	1.74193559e+06	1.53974239e+03	2.38176416e+00	1.53974239e+02	2.38176416e-01	1.48332751e+08	7.76880034e-07
2.20000000e+01	1.84969229e+01	4.45970467e+07	1.73579486e+06	6.98670770e+02	1.00000000e-09	6.98670770e+01	1.00000000e-10	6.74114813e+07	7.14232843e-07
2.21000000e+01	1.85809999e+01	4.44384881e+07	1.72962348e+06	3.87492257e+02	1.00000000e-09	3.87492257e+01	1.00000000e-10	3.73873191e+07	6.56637488e-07
2.22000000e+01	1.86650768e+01	4.42794911e+07	1.72343504e+06	1.94684114e+02	2.99957414e+00	1.94684114e+01	2.99957414e-01	1.84947465e+07	6.03686592e-07
2.23000000e+01	1.87491537e+01	4.41202734e+07	1.71723801e+06	8.06919181e+00	2.87703101e+00	8.06919181e-01	2.87703101e-01	5.00967359e+05	5.55005627e-07
2.24000000e+01	1.88332306e+01	4.39610472e+07	1.71104065e+06	1.00000000e-09	1.00000000e-09	1.00000000e-10	1.00000000e-10	0.00000000e+00	5.10250270e-07
2.25000000e+01	1.89173076e+01	4.38018212e+07	1.70484329e+06	1.00000000e-09	1.00000000e-09	1.00000000e-10	1.00000000e-10	0.00000000e+00	4.69103960e-07
2.26000000e+01	1.90013845e+01	4.36425953e+07	1.69864594e+06	1.42721735e+01	4.12169346e+00	1.42721735e+00	4.12169346e-01	9.79372433e+05	4.31275667e-07
2.27000000e+01	1.90854614e+01	4.34833531e+07	1.69244796e+06	6.89241088e+00	3.44342423e+00	6.89241088e-01	3.44342423e-01	3.32776622e+05	3.96497828e-07
2.28000000e+01	1.91695383e+01	4.33241038e+07	1.68624970e+06	1.00000000e-09	1.00000000e-09	1.00000000e-10	1.00000000e-10	0.00000000e+00	3.64524455e-07
2.29000000e+01	1.92536153e+01	4.31648548e+07	1.68005145e+06	1.00000000e-09	1.00000000e-09	1.00000000e-10	1.00000000e-10	0.00000000e+00	3.35129397e-07
2.30000000e+01	1.93376922e+01	4.30056057e+07	1.67385320e+06	5.65401240e+00	5.13610953e+00	5.65401240e-01	5.13610953e-01	4.99700304e+04	3.08104742e-07
2.31000000e+01	1.94217691e+01	4.28463503e+07	1.66765470e+06	5.96597756e+00	4.12821654e+00	5.96597756e-01	4.12821654e-01	1.77316982e+05	2.83259340e-07
2.32000000e+01	1.95058460e+01	4.26870887e+07	1.66145596e+06	1.00000000e-09	1.00000000e-09	1.00000000e-10	1.00000000e-10	0.00000000e+00	2.60417458e-07
2.33000000e+01	1.95899229e+01	4.25278274e+07	1.65525723e+06	1.00000000e-09	1.00000000e-09	1.00000000e-10	1.00000000e-10	0.00000000e+00	2.39417533e-07
2.34000000e+01	1.96739999e+01	4.23685661e+07	1.64905851e+06	2.02771495e+00	6.07769126e+00	2.02771495e-01	6.07769126e-01	-3.90763309e+05	2.20111031e-07
2.35000000e+01	1.97580768e+01	4.22093026e+07	1.64285969e+06	5.11451268e+00	4.94675590e+00	5.11451268e-01	4.94675590e-01	1.61860689e+04	2.02361395e-07
2.36000000e+01	1.98421537e+01	4.20500338e+07	1.63666067e+06	1.00000000e-09	1.00000000e-09	1.00000000e-10	1.00000000e-10	0.00000000e+00	1.86043080e-07
2.37000000e+01	1.99262306e+01	4.18907654e+07	1.63046167e+06	1.00000000e-09	1.00000000e-09	1.00000000e-10	1.00000000e-10	0.00000000e+00	1.71040665e-07
2.38000000e+01	2.00103076e+01	4.17314970e+07	1.62426267e+06	1.00000000e-09	6.94908501e+00	1.00000000e-10	6.94908501e-01	-6.70484775e+05	1.57248037e-07
2.39000000e+01	2.00943845e+01	4.15722287e+07	1.61806366e+06	4.31454615e+00	5.90384067e+00	4.31454615e-01	5.90384067e-01	-1.53343609e+05	1.44567640e-07
2.40000000e+01	2.01784614e+01	4.14129559e+07	1.61186449e+06	7.14445881e-01	1.00000000e-09	7.14445881e-02	1.00000000e-10	6.89335480e+04	1.32909782e-07
2.41000000e+01	2.02625383e+01	4.12536829e+07	1.60566531e+06	1.00000000e-09	1.00000000e-09	1.00000000e-10	1.00000000e-10	0.00000000e+00	1.22192009e-07
2.42000000e+01	2.03466152e+01	4.10944098e+07	1.59946612e+06	1.00000000e-09	7.72181190e+00	1.00000000e-10	7.72181190e-01	-7.45041586e+05	1.12338510e-07
2.43000000e+01	2.04306922e+01	4.09351368e+07	1.59326694e+06	3.21651824e+00	6.99833726e+00	3.21651824e-01	6.99833726e-01	-3.64890064e+05	1.03279593e-07
2.44000000e+01	2.05147691e+01	4.07758606e+07	1.58706763e+06	1.68660528e+00	1.00000000e-09	1.68660528e-01	1.00000000e-10	1.62732671e+05	9.49511815e-08
2.45000000e+01	2.05988460e+01	4.06165830e+07	1.58086827e+06	1.00000000e-09	1.00000000e-09	1.00000000e-10	1.00000000e-10	0.00000000e+00	8.72943689e-08
2.46000000e+01	2.06829229e+01	4.04573054e+07	1.57466890e+06	1.00000000e-09	8.36303148e+00	1.00000000e-10	8.36303148e-01	-8.06909870e+05	8.02549976e-08
2.47000000e+01	2.07669999e+01	4.02980278e+07	1.56846954e+06	2.01138456e+00	8.21557325e+00	2.01138456e-01	8.21557325e-01	-5.98613207e+05	7.37832774e-08
2.48000000e+01	2.08510768e+01	4.01387484e+07	1.56227011e+06	2.13186447e+00	1.00000000e-09	2.13186447e-01	1.00000000e-10	2.05693652e+05	6.78334333e-08
2.49000000e+01	2.09351537e+01	3.99794671e+07	1.55607060e+06	1.00000000e-09	1.00000000e-09	1.00000000e-10	1.00000000e-10	0.00000000e+00	6.23633815e-08
2.50000000e+01	2.10192306e+01	3.98201859e+07	1.54987110e+06	1.00000000e-09	8.85503540e+00	1.00000000e-10	8.85503540e-01	-8.54381031e+05	5.73344317e-08
2.51000000e+01	2.11033075e+01	3.96609046e+07	1.54367159e+06	8.93771295e-01	9.53437013e+00	8.93771295e-02	9.53437013e-01	-8.33691049e+05	5.27110137e-08
2.52000000e+01	2.11873845e+01	3.95016227e+07	1.53747206e+06	2.22612183e+00	1.00000000e-09	2.22612183e-01	1.00000000e-10	2.14788104e+05	4.84604257e-08
2.53000000e+01	2.12714614e+01	3.93423388e+07	1.53127246e+06	1.00000000e-09	1.00000000e-09	1.00000000e-10	1.00000000e-10	0.00000000e+00	4.45526029e-08
2.54000000e+01	2.13555383e+01	3.91830550e+07	1.52507286e+06	1.00000000e-09	9.18665468e+00	1.00000000e-10	9.18665468e-01	-8.86377428e+05	4.09599048e-08
2.55000000e+01	2.14396152e+01	3.90237712e+07	1.51887325e+06	1.00000000e-09	1.09323689e+01	1.00000000e-10	1.09323689e+00	-1.05481324e+06	3.76569199e-08
2.56000000e+01	2.15236922e+01	3.88644877e+07	1.51267366e+06	2.04315024e+00	1.00000000e-09	2.04315024e-01	1.00000000e-10	1.97134029e+05	3.46202860e-08
2.57000000e+01	2.16077691e+01	3.87052025e+07	1.50647400e+06	4.34537132e-01	1.00000000e-09	4.34537132e-02	1.00000000e-10	4.19264594e+04	3.18285246e-08
2.58000000e+01	2.16918460e+01	3.85459168e+07	1.50027432e+06	1.00000000e-09	9.35097268e+00	1.00000000e-10	9.35097268e-01	-9.02231705e+05	2.92618894e-08
2.59000000e+01	2.17759229e+01	3.83866311e+07	1.49407465e+06	1.00000000e-09	1.23851726e+01	1.00000000e-10	1.23851726e+00	-1.19498749e+06	2.69022262e-08
2.60000000e+01	2.18599998e+01	3.82273457e+07	1.48787498e+06	1.55910205e+00	1.00000000e-09	1.55910205e-01	1.00000000e-10	1.50430479e+05	2.47328451e-08
2.61000000e+01	2.19440768e+01	3.80680591e+07	1.48167527e+06	9.97386472e-01	1.00000000e-09	9.97386472e-02	1.00000000e-10	9.62331650e+04	2.27384017e-08
2.62000000e+01	2.20281537e+01	3.79087714e+07	1.47547551e+06	1.00000000e-09	9.34469210e+00	1.00000000e-10	9.34469210e-01	-9.01625720e+05	2.09047891e-08
2.63000000e+01	2.21122306e+01	3.77494837e+07	1.46927576e+06	1.00000000e-09	1.38712772e+01	1.00000000e-10	1.38712772e+00	-1.33837479e+06	1.92190381e-08
2.64000000e+01	2.21963075e+01	3.75901962e+07	1.46307601e+06	8.98728540e-01	1.00000000e-09	8.98728540e-02	1.00000000e-10	8.67141216e+04	1.76692251e-08
2.65000000e+01	2.22803845e+01	3.74309083e+07	1.45687625e+06	1.28801946e+00	1.00000000e-09	1.28801946e-01	1.00000000e-10	1.24274985e+05	1.62443882e-08
2.66000000e+01	2.23644614e+01	3.72716190e+07	1.45067643e+06	1.00000000e-09	9.16796396e+00	1.00000000e-10	9.16796396e-01	-8.84574047e+05	1.49344494e-08
2.67000000e+01	2.24485383e+01	3.71123297e+07	1.44447661e+06	1.00000000e-09	1.53703813e+01	1.00000000e-10	1.53703813e+00	-1.48301635e+06	1.37301434e-08
2.68000000e+01	2.25326152e+01	3.69530404e+07	1.43827680e+06	2.13008201e-01	1.00000000e-09	2.13008201e-02	1.00000000e-10	2.05521669e+04	1.26229520e-08
2.69000000e+01	2.26166921e+01	3.67937516e+07	1.43207700e+06	1.30247748e+00	1.00000000e-09	1.30247748e-01	1.00000000e-10	1.25669972e+05	1.16050438e-08
2.70000000e+01	2.27007691e+01	3.66344614e+07	1.42587714e+06	9.27996347e-02	8.82320309e+00	9.27996347e-03	8.82320309e-01	-8.42355877e+05	1.06692193e-08
2.71000000e+01	2.27848460e+01	3.64751710e+07	1.41967728e+06	1.00000000e-09	1.68637471e+01	1.00000000e-10	1.68637471e+00	-1.62710424e+06	9.80885916e-09
2.72000000e+01	2.28689229e+01	3.63158806e+07	1.41347743e+06	1.00000000e-09	1.00000000e-09	1.00000000e-10	1.00000000e-10	0.00000000e+00	9.01787799e-09
2.73000000e+01	2.29529998e+01	3.61565909e+07	1.40727759e+06	1.03567588e+00	1.00000000e-09	1.03567588e-01	1.00000000e-10	9.99275312e+04	8.29068113e-09
2.74000000e+01	2.30370768e+01	3.59973001e+07	1.40107772e+06	5.64537704e-01	8.31439190e+00	5.64537704e-02	8.31439190e-01	-7.47747256e+05	7.62212503e-09
2.75000000e+01	2.31211537e+01	3.58380086e+07	1.39487781e+06	1.00000000e-09	1.83340158e+01	1.00000000e-10	1.83340158e+00	-1.76896360e+06	7.00748093e-09
2.76000000e+01	2.32052306e+01	3.56787171e+07	1.38867791e+06	1.00000000e-09	1.00000000e-09	1.00000000e-10	1.00000000e-10	0.00000000e+00	6.44240141e-09
2.77000000e+01	2.32893075e+01	3.55194263e+07	1.38247803e+06	5.52161657e-01	1.00000000e-09	5.52161657e-02	1.00000000e-10	5.32755008e+04	5.92288960e-09
2.78000000e+01	2.33733845e+01	3.53601349e+07	1.37627814e+06	8.00555681e-01	7.59275162e+00	8.00555681e-02	7.59275162e-01	-6.55347281e+05	5.44527095e-09
2.79000000e+01	2.34574614e+01	3.52008426e+07	1.37007820e+06	1.00000000e-09	1.97657873e+01	1.00000000e-10	1.97657873e+00	-1.90710855e+06	5.00616720e-09
2.80000000e+01	2.35415383e+01	3.50415503e+07	1.36387827e+06	1.00000000e-09	1.00000000e-09	1.00000000e-10	1.00000000e-10	0.00000000e+00	4.60247255e-09
2.81000000e+01	2.36256152e+01	3.48822586e+07	1.35767836e+06	1.86895249e-02	1.00000000e-09	1.86895249e-03	1.00000000e-10	1.80326492e+03	4.23133162e-09
2.82000000e+01	2.37096921e+01	3.47229671e+07	1.35147845e+06	7.39954076e-01	6.72122392e+00	7.39954076e-02	6.72122392e-01	-5.77104808e+05	3.89011930e-09
2.83000000e+01	2.37937691e+01	3.45636747e+07	1.34527851e+06	1.92573305e-01	2.11453333e+01	1.92573305e-02	2.11453333e+00	-2.02163400e+06	3.57642216e-09
2.84000000e+01	2.38778460e+01	3.44043821e+07	1.33907857e+06	1.00000000e-09	1.00000000e-09	1.00000000e-10	1.00000000e-10	0.00000000e+00	3.28802138e-09
2.85000000e+01	2.39619229e+01	3.42450901e+07	1.33287865e+06	1.00000000e-09	1.00000000e-09	1.00000000e-10	1.00000000e-10	0.00000000e+00	3.02287709e-09
2.86000000e+01	2.40459998e+01	3.40857983e+07	1.32667873e+06	3.78095188e-01	5.70713347e+00	3.78095188e-02	5.70713347e-01	-5.14174028e+05	2.77911390e-09
2.87000000e+01	2.41300768e+01	3.39265060e+07	1.32047880e+06	4.24256819e-01	2.24599861e+01	4.24256819e-02	2.24599861e+00	-2.12612466e+06	2.55500764e-09
2.88000000e+01	2.42141537e+01	3.37672133e+07	1.31427885e+06	1.00000000e-09	1.00000000e-09	1.00000000e-10	1.00000000e-10	0.00000000e+00	2.34897319e-09
2.89000000e+01	2.42982306e+01	3.36079212e+07	1.30807892e+06	1.00000000e-09	1.00000000e-09	1.00000000e-10	1.00000000e-10	0.00000000e+00	2.15955324e-09
2.90000000e+01	2.43823075e+01	3.34486293e+07	1.30187900e+06	1.00000000e-09	4.55843825e+00	1.00000000e-10	4.55843825e-01	-4.39822429e+05	1.98540802e-09
2.91000000e+01	2.44663844e+01	3.32893375e+07	1.29567909e+06	2.62353368e-01	2.36974578e+01	2.62353368e-02	2.36974578e+00	-2.26114383e+06	1.82530578e-09
2.92000000e+01	2.45504614e+01	3.31300453e+07	1.28947916e+06	2.11256358e-01	1.00000000e-09	2.11256358e-02	1.00000000e-10	2.03831398e+04	1.67811410e-09
2.93000000e+01	2.46345383e+01	3.29707534e+07	1.28327924e+06	1.00000000e-09	1.00000000e-09	1.00000000e-10	1.00000000e-10	0.00000000e+00	1.54279187e-09
2.94000000e+01	2.47186152e+01	3.28114619e+07	1.27707934e+06	1.00000000e-09	3.28383223e+00	1.00000000e-10	3.28383223e-01	-3.16841643e+05	1.41838196e-09
2.95000000e+01	2.48026921e+01	3.26521703e+07	1.27087943e+06	1.00000000e-09	2.48466885e+01	1.00000000e-10	2.48466885e+00	-2.39734099e+06	1.30400439e-09
2.96000000e+01	2.48867691e+01	3.24928788e+07	1.26467952e+06	1.14673330e-01	1.00000000e-09	1.14673330e-02	1.00000000e-10	1.10642943e+04	1.19885018e-09
2.97000000e+01	2.49708460e+01	3.23335876e+07	1.25847964e+06	3.20489741e-01	1.00000000e-09	3.20489741e-02	1.00000000e-10	3.09225590e+04	1.10217554e-09
2.98000000e+01	2.50549229e+01	3.21742964e+07	1.25227974e+06	4.90767490e-02	1.89260087e+00	4.90767490e-03	1.89260087e-01	-1.77873037e+05	1.01329669e-09
2.99000000e+01	2.51389998e+01	3.20150052e+07	1.24607985e+06	1.00000000e-09	2.58980354e+01	1.00000000e-10	2.58980354e+00	-2.49878054e+06	9.31584987e-10
3.00000000e+01	2.52230767e+01	3.18557139e+07	1.23987996e+06	1.00000000e-09	1.00000000e-09	1.00000000e-10	1.00000000e-10	0.00000000e+00	8.56462471e-10
3.01000000e+01	2.53071537e+01	3.16964232e+07	1.23368009e+06	1.69736547e-01	1.00000000e-09	1.69736547e-02	1.00000000e-10	1.63770870e+04	7.87397794e-10
3.02000000e+01	2.53912306e+01	3.15371327e+07	1.22748022e+06	8.01910702e-01	3.94345484e-01	8.01910702e-02	3.94345484e-02	3.93240655e+04	7.23902457e-10
3.03000000e+01	2.54753075e+01	3.13778412e+07	1.22128032e+06	1.85857883e-01	2.68422264e+01	1.85857883e-02	2.68422264e+00	-2.57194857e+06	6.65527349e-10
3.04000000e+01	2.55593844e+01	3.12185495e+07	1.21508041e+06	1.00000000e-09	3.86004658e-02	1.00000000e-10	3.86004658e-03	-3.72437867e+03	6.11859579e-10
3.05000000e+01	2.56434614e+01	3.10592583e+07	1.20888052e+06	1.00000000e-09	1.00000000e-09	1.00000000e-10	1.00000000e-10	0.00000000e+00	5.62519549e-10
3.06000000e+01	2.57275383e+01	3.08999675e+07	1.20268064e+06	1.83043860e-01	1.00000000e-09	1.83043860e-02	1.00000000e-10	1.76610475e+04	5.17158273e-10
3.07000000e+01	2.58116152e+01	3.07406765e+07	1.19648076e+06	1.38105204e+00	2.76717545e+01	1.38105204e-01	2.76717545e+00	-2.53666716e+06	4.75454906e-10
3.08000000e+01	2.58956921e+01	3.05813840e+07	1.19028081e+06	6.61252931e-01	1.64685460e+00	6.61252931e-02	1.64685460e-01	-9.50961044e+04	4.37114476e-10
3.09000000e+01	2.59797690e+01	3.04220911e+07	1.18408086e+06	1.00000000e-09	1.00000000e-09	1.00000000e-10	1.00000000e-10	0.00000000e+00	4.01865798e-10
3.10000000e+01	2.60638460e+01	3.02627986e+07	1.17788092e+06	1.00000000e-09	1.00000000e-09	1.00000000e-10	1.00000000e-10	0.00000000e+00	3.69459555e-10
3.11000000e+01	2.61479229e+01	3.01035062e+07	1.17168098e+06	1.00000000e-09	2.83787908e+01	1.00000000e-10	2.83787908e+00	-2.73813706e+06	3.39666533e-10
3.12000000e+01	2.62319998e+01	2.99442137e+07	1.16548104e+06	1.00000000e-09	3.33996633e+00	1.00000000e-10	3.33996633e-01	-3.22257760e+05	3.12276006e-10
3.13000000e+01	2.63160767e+01	2.97849217e+07	1.15928111e+06	1.00000000e-09	1.00000000e-09	1.00000000e-10	1.00000000e-10	0.00000000e+00	2.87094235e-10
3.14000000e+01	2.64001537e+01	2.96256301e+07	1.15308121e+06	1.17069098e-01	1.00000000e-09	1.17069098e-02	1.00000000e-10	1.12954507e+04	2.63943109e-10
3.15000000e+01	2.64842306e+01	2.94663384e+07	1.14688129e+06	3.99428383e-01	2.89574375e+01	3.99428383e-02	2.89574375e+00	-2.75542899e+06	2.42658878e-10
3.16000000e+01	2.65683075e+01	2.93070462e+07	1.14068137e+06	6.21079568e-01	5.10777663e+00	6.21079568e-02	5.10777663e-01	-4.32900456e+05	2.23090996e-10
3.17000000e+01	2.66523844e+01	2.91477537e+07	1.13448142e+06	4.77487539e-02	1.00000000e-09	4.77487539e-03	1.00000000e-10	4.60705428e+03	2.05101057e-10
3.18000000e+01	2.67364614e+01	2.89884617e+07	1.12828150e+06	5.92419387e-03	1.00000000e-09	5.92419387e-04	1.00000000e-10	5.71597717e+02	1.88561817e-10
3.19000000e+01	2.68205383e+01	2.88291696e+07	1.12208157e+06	2.90534938e-02	2.94018274e+01	2.90534938e-03	2.94018274e+00	-2.83404184e+06	1.73356293e-10
3.20000000e+01	2.69046152e+01	2.86698775e+07	1.11588165e+06	3.67633035e-01	6.93907125e+00	3.67633035e-02	6.93907125e-01	-6.34047398e+05	1.59376934e-10
3.21000000e+01	2.69886921e+01	2.85105853e+07	1.10968171e+06	1.70347022e-01	1.00000000e-09	1.70347022e-02	1.00000000e-10	1.64359889e+04	1.46524863e-10
3.22000000e+01	2.70727690e+01	2.83512934e+07	1.10348180e+06	1.00000000e-09	1.00000000e-09	1.00000000e-10	1.00000000e-10	0.00000000e+00	1.34709176e-10
3.23000000e+01	2.71568460e+01	2.81920015e+07	1.09728188e+06	1.00000000e-09	2.97077532e+01	1.00000000e-10	2.97077532e+00	-2.86636243e+06	1.23846300e-10
3.24000000e+01	2.72409229e+01	2.80327096e+07	1.09108196e+06	1.32016256e-01	8.82311864e+00	1.32016256e-02	8.82311864e-01	-8.38563900e+05	1.13859401e-10
3.25000000e+01	2.73249998e+01	2.78734178e+07	1.08488205e+06	1.93268791e-01	1.00000000e-09	1.93268791e-02	1.00000000e-10	1.86476034e+04	1.04677839e-10
3.26000000e+01	2.74090767e+01	2.77141264e+07	1.07868215e+06	1.00000000e-09	1.00000000e-09	1.00000000e-10	1.00000000e-10	0.00000000e+00	9.62366743e-11
3.27000000e+01	2.74931537e+01	2.75548349e+07	1.07248224e+06	1.00000000e-09	2.98713607e+01	1.00000000e-10	2.98713607e+00	-2.88214816e+06	8.84762003e-11
3.28000000e+01	2.75772306e+01	2.73955435e+07	1.06628234e+06	1.00000000e-09	1.07494735e+01	1.00000000e-10	1.07494735e+00	-1.03716652e+06	8.13415267e-11
3.29000000e+01	2.76613075e+01	2.72362522e+07	1.06008245e+06	1.57379027e-01	1.00000000e-09	1.57379027e-02	1.00000000e-10	1.51847676e+04	7.47821894e-11
3.30000000e+01	2.77453844e+01	2.70769614e+07	1.05388257e+06	5.46439756e-02	1.00000000e-09	5.46439756e-03	1.00000000e-10	5.27234203e+03	6.87517936e-11
3.31000000e+01	2.78294613e+01	2.69176704e+07	1.04768269e+06	1.00000000e-09	2.98882437e+01	1.00000000e-10	2.98882437e+00	-2.88377712e+06	6.32076857e-11
3.32000000e+01	2.79135383e+01	2.67583795e+07	1.04148281e+06	1.00000000e-09	1.27070603e+01	1.00000000e-10	1.27070603e+00	-1.22604493e+06	5.81106517e-11
3.33000000e+01	2.79976152e+01	2.65990888e+07	1.03528294e+06	7.85692682e-02	1.00000000e-09	7.85692682e-03	1.00000000e-10	7.58078184e+03	5.34246397e-11
3.34000000e+01	2.80816921e+01	2.64397985e+07	1.02908308e+06	9.66116898e-02	1.00000000e-09	9.66116898e-03	1.00000000e-10	9.32161088e+03	4.91165053e-11
3.35000000e+01	2.81657690e+01	2.62805081e+07	1.02288322e+06	1.00000000e-09	2.97593840e+01	1.00000000e-10	2.97593840e+00	-2.87134405e+06	4.51557765e-11
3.36000000e+01	2.82498460e+01	2.61212178e+07	1.01668336e+06	1.00000000e-09	1.46851009e+01	1.00000000e-10	1.46851009e+00	-1.41689684e+06	4.15144388e-11
3.37000000e+01	2.83339229e+01	2.59619275e+07	1.01048351e+06	1.00000000e-09	1.00000000e-09	1.00000000e-10	1.00000000e-10	0.00000000e+00	3.81667366e-11
3.38000000e+01	2.84179998e+01	2.58026378e+07	1.00428368e+06	9.19685498e-02	1.00000000e-09	9.19685498e-03	1.00000000e-10	8.87361598e+03	3.50889914e-11
3.39000000e+01	2.85020767e+01	2.56433481e+07	9.98083841e+05	2.96609397e-02	2.94819813e+01	2.96609397e-03	2.94819813e+00	-2.84171691e+06	3.22594338e-11
3.40000000e+01	2.85861536e+01	2.54840583e+07	9.91884004e+05	1.00000000e-09	1.66698989e+01	1.00000000e-10	1.66698989e+00	-1.60840074e+06	2.96580503e-11
3.41000000e+01	2.86702306e+01	2.53247685e+07	9.85684170e+05	1.00000000e-09	1.00000000e-09	1.00000000e-10	1.00000000e-10	0.00000000e+00	2.72664410e-11
3.42000000e+01	2.87543075e+01	2.51654794e+07	9.79484358e+05	4.84185647e-02	1.00000000e-09	4.84185647e-03	1.00000000e-10	4.67168120e+03	2.50676897e-11
3.43000000e+01	2.88383844e+01	2.50061902e+07	9.73284545e+05	6.36556029e-02	2.90571200e+01	6.36556029e-03	2.90571200e+00	-2.79744404e+06	2.30462446e-11
3.44000000e+01	2.89224613e+01	2.48469009e+07	9.67084729e+05	1.00000000e-09	1.86526231e+01	1.00000000e-10	1.86526231e+00	-1.79970454e+06	2.11878078e-11
3.45000000e+01	2.90065383e+01	2.46876117e+07	9.60884913e+05	1.00000000e-09	1.00000000e-09	1.00000000e-10	1.00000000e-10	0.00000000e+00	1.94792342e-11
3.46000000e+01	2.90906152e+01	2.45283230e+07	9.54685121e+05	1.00000000e-09	1.00000000e-09	1.00000000e-10	1.00000000e-10	0.00000000e+00	1.79084392e-11
3.47000000e+01	2.91746921e+01	2.43690344e+07	9.48485329e+05	6.10464323e-02	2.84865527e+01	6.10464323e-03	2.84865527e+00	-2.74264441e+06	1.64643122e-11
3.48000000e+01	2.92587690e+01	2.42097456e+07	9.42285534e+05	2.66912211e-02	2.06245594e+01	2.66912211e-03	2.06245594e+00	-1.98739216e+06	1.51366389e-11
3.49000000e+01	2.93428459e+01	2.40504569e+07	9.36085738e+05	1.00000000e-09	1.00000000e-09	1.00000000e-10	1.00000000e-10	0.00000000e+00	1.39160284e-11
3.50000000e+01	2.94269229e+01	2.38911687e+07	9.29885965e+05	1.00000000e-09	1.00000000e-09	1.00000000e-10	1.00000000e-10	0.00000000e+00	1.27938473e-11
3.51000000e+01	2.95109998e+01	2.37318806e+07	9.23686193e+05	2.56274638e-02	2.77318047e+01	2.56274638e-03	2.77318047e+00	-2.67323971e+06	1.17621583e-11
3.52000000e+01	2.95950767e+01	2.35725924e+07	9.17486420e+05	5.27108975e-02	2.25740561e+01	5.27108975e-03	2.25740561e+00	-2.17297947e+06	1.08136641e-11
3.53000000e+01	2.96791536e+01	2.34133042e+07	9.11286645e+05	1.00000000e-09	1.00000000e-09	1.00000000e-10	1.00000000e-10	0.00000000e+00	9.94165601e-12
3.54000000e+01	2.97632306e+01	2.32540166e+07	9.05086893e+05	1.00000000e-09	1.00000000e-09	1.00000000e-10	1.00000000e-10	0.00000000e+00	9.13996618e-12
3.55000000e+01	2.98473075e+01	2.30947291e+07	8.98887144e+05	1.00000000e-09	2.68292880e+01	1.00000000e-10	2.68292880e+00	-2.58863277e+06	8.40292419e-12
3.56000000e+01	2.99313844e+01	2.29354415e+07	8.92687395e+05	4.40611905e-02	2.44893089e+01	4.40611905e-03	2.44893089e+00	-2.35860784e+06	7.72531687e-12
3.57000000e+01	3.00154613e+01	2.27761539e+07	8.86487644e+05	3.46322426e-02	1.00000000e-09	3.46322426e-03	1.00000000e-10	3.34150333e+03	7.10235144e-12
3.58000000e+01	3.00995383e+01	2.26168669e+07	8.80287914e+05	1.00000000e-09	1.00000000e-09	1.00000000e-10	1.00000000e-10	0.00000000e+00	6.52962161e-12
3.59000000e+01	3.01836152e+01	2.24575800e+07	8.74088189e+05	1.00000000e-09	2.57817829e+01	1.00000000e-10	2.57817829e+00	-2.48756389e+06	6.00307641e-12
3.60000000e+01	3.02676921e+01	2.22982930e+07	8.67888464e+05	6.32837601e-03	2.63577930e+01	6.32837601e-04	2.63577930e+00	-2.54252982e+06	5.51899153e-12
3.61000000e+01	3.03517690e+01	2.21390061e+07	8.61688739e+05	5.08805874e-02	1.00000000e-09	5.08805874e-03	1.00000000e-10	4.90923028e+03	5.07394300e-12
3.62000000e+01	3.04358459e+01	2.19797197e+07	8.55489033e+05	1.28443486e-02	1.00000000e-09	1.28443486e-03	1.00000000e-10	1.23929115e+03	4.66478295e-12
3.63000000e+01	3.05199229e+01	2.18204334e+07	8.49289334e+05	1.00000000e-09	2.45937795e+01	1.00000000e-10	2.45937795e+00	-2.37293898e+06	4.28861734e-12
3.64000000e+01	3.06039998e+01	2.16611472e+07	8.43089635e+05	1.00000000e-09	2.81681134e+01	1.00000000e-10	2.81681134e+00	-2.71780978e+06	3.94278553e-12
3.65000000e+01	3.06880767e+01	2.15018609e+07	8.36889936e+05	3.24907613e-02	1.00000000e-09	3.24907613e-03	1.00000000e-10	3.13488180e+03	3.62484141e-12
3.66000000e+01	3.07721536e+01	2.13425752e+07	8.30690257e+05	4.67213999e-02	1.00000000e-09	4.67213999e-03	1.00000000e-10	4.50792969e+03	3.33253613e-12
3.67000000e+01	3.08562306e+01	2.11832896e+07	8.24490584e+05	1.00000000e-09	2.32701828e+01	1.00000000e-10	2.32701828e+00	-2.24523132e+06	3.06380220e-12
3.68000000e+01	3.09403075e+01	2.10240040e+07	8.18290912e+05	1.00000000e-09	2.99101468e+01	1.00000000e-10	2.99101468e+00	-2.88589044e+06	2.81673882e-12
3.69000000e+01	3.10243844e+01	2.08647184e+07	8.12091239e+05	1.00000000e-09	1.00000000e-09	1.00000000e-10	1.00000000e-10	0.00000000e+00	2.58959851e-12
3.70000000e+01	3.11084613e+01	2.07054334e+07	8.05891587e+05	5.18552586e-02	1.00000000e-09	5.18552586e-03	1.00000000e-10	5.00327175e+03	2.38077467e-12
3.71000000e+01	3.11925382e+01	2.05461485e+07	7.99691944e+05	2.96116573e-02	2.18155472e+01	2.96116573e-03	2.18155472e+00	-2.10202323e+06	2.18879027e-12
3.72000000e+01	3.12766152e+01	2.03868637e+07	7.93492298e+05	1.00000000e-09	3.15750271e+01	1.00000000e-10	3.15750271e+00	-3.04652698e+06	2.01228739e-12
3.73000000e+01	3.13606921e+01	2.02275788e+07	7.87292653e+05	1.00000000e-09	1.00000000e-09	1.00000000e-10	1.00000000e-10	0.00000000e+00	1.85001761e-12
3.74000000e+01	3.14447690e+01	2.00682944e+07	7.81093028e+05	2.14704414e-02	1.00000000e-09	2.14704414e-03	1.00000000e-10	2.07158258e+03	1.70083318e-12
3.75000000e+01	3.15288459e+01	1.99090103e+07	7.74893414e+05	5.58261554e-02	2.02336307e+01	5.58261554e-03	2.02336307e+00	-1.94686218e+06	1.56367890e-12
3.76000000e+01	3.16129229e+01	1.97497262e+07	7.68693797e+05	1.00000000e-09	3.31546362e+01	1.00000000e-10	3.31546362e+00	-3.19893609e+06	1.43758467e-12
3.77000000e+01	3.16969998e+01	1.95904421e+07	7.62494180e+05	1.00000000e-09	1.00000000e-09	1.00000000e-10	1.00000000e-10	0.00000000e+00	1.32165861e-12
3.78000000e+01	3.17810767e+01	1.94311584e+07	7.56294582e+05	1.00000000e-09	1.00000000e-09	1.00000000e-10	1.00000000e-10	0.00000000e+00	1.21508076e-12
3.79000000e+01	3.18651536e+01	1.92718751e+07	7.50094998e+05	4.74566218e-02	1.85281685e+01	4.74566218e-03	1.85281685e+00	-1.78311762e+06	1.11709730e-12
3.80000000e+01	3.19492305e+01	1.91125917e+07	7.43895412e+05	4.18664745e-02	3.46407790e+01	4.18664745e-03	3.46407790e+00	-3.33828756e+06	1.02701517e-12
3.81000000e+01	3.20333075e+01	1.89533083e+07	7.37695824e+05	1.00000000e-09	1.00000000e-09	1.00000000e-10	1.00000000e-10	0.00000000e+00	9.44197214e-13
3.82000000e+01	3.21173844e+01	1.87940254e+07	7.31496254e+05	1.00000000e-09	1.00000000e-09	1.00000000e-10	1.00000000e-10	0.00000000e+00	8.68057654e-13
3.83000000e+01	3.22014613e+01	1.86347428e+07	7.25296699e+05	6.38301256e-03	1.67033185e+01	6.38301256e-04	1.67033185e+00	-1.61100937e+06	7.98057949e-13
3.84000000e+01	3.22855382e+01	1.84754603e+07	7.19097143e+05	5.59747239e-02	3.60246742e+01	5.59747239e-03	3.60246742e+00	-3.47045191e+06	7.33702982e-13
3.85000000e+01	3.23696152e+01	1.83161776e+07	7.12897586e+05	1.39782080e-02	1.00000000e-09	1.39782080e-03	1.00000000e-10	1.34869195e+03	6.74537565e-13
3.86000000e+01	3.24536921e+01	1.81568954e+07	7.06698044e+05	1.00000000e-09	1.00000000e-09	1.00000000e-10	1.00000000e-10	0.00000000e+00	6.20143216e-13
3.87000000e+01	3.25377690e+01	1.79976136e+07	7.00498520e+05	1.00000000e-09	1.47640874e+01	1.00000000e-10	1.47640874e+00	-1.42451787e+06	5.70135198e-13
3.88000000e+01	3.26218459e+01	1.78383319e+07	6.94298995e+05	3.02169209e-02	3.72968009e+01	3.02169209e-03	3.72968009e+00	-3.59567873e+06	5.24159800e-13
3.89000000e+01	3.27059228e+01	1.76790500e+07	6.88099469e+05	4.56323996e-02	1.00000000e-09	4.56323996e-03	1.00000000e-10	4.40285713e+03	4.81891834e-13
3.90000000e+01	3.27899998e+01	1.75197686e+07	6.81899956e+05	1.00000000e-09	1.00000000e-09	1.00000000e-10	1.00000000e-10	0.00000000e+00	4.43032333e-13
3.91000000e+01	3.28740767e+01	1.73604876e+07	6.75700462e+05	1.00000000e-09	1.27177504e+01	1.00000000e-10	1.27177504e+00	-1.22707637e+06	4.07306443e-13
3.92000000e+01	3.29581536e+01	1.72012066e+07	6.69500968e+05	1.00000000e-09	3.84470818e+01	1.00000000e-10	3.84470818e+00	-3.70957945e+06	3.74461468e-13
3.93000000e+01	3.30422305e+01	1.70419256e+07	6.63301474e+05	3.87406763e-02	1.00000000e-09	3.87406763e-03	1.00000000e-10	3.73790693e+03	3.44265096e-13
3.94000000e+01	3.31263075e+01	1.68826449e+07	6.57101992e+05	2.95886900e-02	1.00000000e-09	2.95886900e-03	1.00000000e-10	2.85487448e+03	3.16503742e-13
3.95000000e+01	3.32103844e+01	1.67233647e+07	6.50902529e+05	1.00000000e-09	1.05721870e+01	1.00000000e-10	1.05721870e+00	-1.02006098e+06	2.90981049e-13
3.96000000e+01	3.32944613e+01	1.65640845e+07	6.44703065e+05	1.00000000e-09	3.94652902e+01	1.00000000e-10	3.94652902e+00	-3.80782163e+06	2.67516493e-13
3.97000000e+01	3.33785382e+01	1.64048043e+07	6.38503602e+05	1.00000000e-09	1.00000000e-09	1.00000000e-10	1.00000000e-10	0.00000000e+00	2.45944106e-13
3.98000000e+01	3.34626152e+01	1.62455244e+07	6.32304151e+05	3.49148520e-02	1.00000000e-09	3.49148520e-03	1.00000000e-10	3.36877100e+03	2.26111304e-13
3.99000000e+01	3.35466921e+01	1.60862451e+07	6.26104720e+05	1.94782220e-02	8.33611235e+00	1.94782220e-03	8.33611235e-01	-8.02433206e+05	2.07877809e-13
4.00000000e+01	3.36307690e+01	1.59269656e+07	6.19905287e+05	1.00000000e-09	4.03413179e+01	1.00000000e-10	4.03413179e+00	-3.89234546e+06	1.91114654e-13
4.01000000e+01	3.37148459e+01	1.57676862e+07	6.13705855e+05	1.00000000e-09	1.00000000e-09	1.00000000e-10	1.00000000e-10	0.00000000e+00	1.75703270e-13
4.02000000e+01	3.37989228e+01	1.56084071e+07	6.07506434e+05	1.00000000e-09	1.00000000e-09	1.00000000e-10	1.00000000e-10	0.00000000e+00	1.61534652e-13
4.03000000e+01	3.38829998e+01	1.54491286e+07	6.01307035e+05	2.90383189e-02	6.01993696e+00	2.90383189e-03	6.01993696e-01	-5.78033845e+05	1.48508584e-13
4.04000000e+01	3.39670767e+01	1.52898500e+07	5.95107634e+05	1.71474563e-02	4.10655934e+01	1.71474563e-03	4.10655934e+00	-3.96057294e+06	1.36532931e-13
4.05000000e+01	3.40511536e+01	1.51305714e+07	5.88908233e+05	1.00000000e-09	1.00000000e-09	1.00000000e-10	1.00000000e-10	0.00000000e+00	1.25522989e-13
4.06000000e+01	3.41352305e+01	1.49712930e+07	5.82708841e+05	1.00000000e-09	1.00000000e-09	1.00000000e-10	1.00000000e-10	0.00000000e+00	1.15400882e-13
4.07000000e+01	3.42193075e+01	1.48120152e+07	5.76509472e+05	1.00000000e-09	3.63541533e+00	1.00000000e-10	3.63541533e-01	-3.50764255e+05	1.06095016e-13
4.08000000e+01	3.43033844e+01	1.46527374e+07	5.70310103e+05	2.70189572e-02	4.16294175e+01	2.70189572e-03	4.16294175e+00	-4.01402124e+06	9.75395708e-14
4.09000000e+01	3.43874613e+01	1.44934596e+07	5.64110733e+05	2.32403267e-02	1.00000000e-09	2.32403267e-03	1.00000000e-10	2.24235054e+03	8.96740319e-14
4.10000000e+01	3.44715382e+01	1.43341820e+07	5.57911369e+05	1.00000000e-09	1.00000000e-09	1.00000000e-10	1.00000000e-10	0.00000000e+00	8.24427658e-14
4.11000000e+01	3.45556151e+01	1.41749049e+07	5.51712028e+05	1.00000000e-09	1.19550470e+00	1.00000000e-10	1.19550470e-01	-1.15348668e+05	7.57946252e-14
4.12000000e+01	3.46396921e+01	1.40156279e+07	5.45512688e+05	1.00000000e-09	4.20251404e+01	1.00000000e-10	4.20251404e+00	-4.05480963e+06	6.96825871e-14
4.13000000e+01	3.47237690e+01	1.38563509e+07	5.39313348e+05	2.82301303e-02	1.00000000e-09	2.82301303e-03	1.00000000e-10	2.72379340e+03	6.40634205e-14
4.14000000e+01	3.48078459e+01	1.36970739e+07	5.33114012e+05	3.14119203e-02	1.00000000e-09	3.14119203e-03	1.00000000e-10	3.03078946e+03	5.88973804e-14
4.15000000e+01	3.48919228e+01	1.35377976e+07	5.26914699e+05	1.00000000e-09	1.00000000e-09	1.00000000e-10	1.00000000e-10	0.00000000e+00	5.41479271e-14
4.16000000e+01	3.49759998e+01	1.33785212e+07	5.20715386e+05	1.00000000e-09	4.22464625e+01	1.00000000e-10	4.22464625e+00	-4.07616397e+06	4.97814672e-14
4.17000000e+01	3.50600767e+01	1.32192449e+07	5.14516073e+05	1.00000000e-09	1.96729096e+00	1.00000000e-10	1.96729096e-01	-1.89814721e+05	4.57671163e-14
4.18000000e+01	3.51441536e+01	1.30599686e+07	5.08316762e+05	2.70373207e-02	1.00000000e-09	2.70373207e-03	1.00000000e-10	2.60870477e+03	4.20764804e-14
4.19000000e+01	3.52282305e+01	1.29006930e+07	5.02117476e+05	3.57412138e-02	1.00000000e-09	3.57412138e-03	1.00000000e-10	3.44850279e+03	3.86834555e-14
4.20000000e+01	3.53123074e+01	1.27414173e+07	4.95918188e+05	1.00000000e-09	4.22885142e+01	1.00000000e-10	4.22885142e+00	-4.08022134e+06	3.55640423e-14
4.21000000e+01	3.53963844e+01	1.25821416e+07	4.89718900e+05	1.00000000e-09	4.47599931e+00	1.00000000e-10	4.47599931e-01	-4.31868280e+05	3.26961769e-14
4.22000000e+01	3.54804613e+01	1.24228659e+07	4.83519613e+05	1.00000000e-09	1.00000000e-09	1.00000000e-10	1.00000000e-10	0.00000000e+00	3.00595747e-14
4.23000000e+01	3.55645382e+01	1.22635909e+07	4.77320352e+05	1.53450896e-02	1.00000000e-09	1.53450896e-03	1.00000000e-10	1.48057597e+03	2.76355866e-14
4.24000000e+01	3.56486151e+01	1.21043159e+07	4.71121089e+05	3.42446854e-02	4.21316772e+01	3.42446854e-03	4.21316772e+00	-4.06178476e+06	2.54070677e-14
4.25000000e+01	3.57326921e+01	1.19450408e+07	4.64921826e+05	1.38834054e-02	6.99285661e+00	1.38834054e-03	6.99285661e-01	-6.73368547e+05	2.33582553e-14
4.26000000e+01	3.58167690e+01	1.17857657e+07	4.58722562e+05	1.00000000e-09	1.00000000e-09	1.00000000e-10	1.00000000e-10	0.00000000e+00	2.14746581e-14
4.27000000e+01	3.59008459e+01	1.16264913e+07	4.52523323e+05	1.00000000e-09	1.00000000e-09	1.00000000e-10	1.00000000e-10	0.00000000e+00	1.97429531e-14
4.28000000e+01	3.59849228e+01	1.14672169e+07	4.46324086e+05	1.00000000e-09	4.17562095e+01	1.00000000e-10	4.17562095e+00	-4.02886175e+06	1.81508919e-14
4.29000000e+01	3.60689997e+01	1.13079425e+07	4.40124850e+05	1.91946360e-02	9.50254139e+00	1.91946360e-03	9.50254139e-01	-9.15003861e+05	1.66872137e-14
4.30000000e+01	3.61530767e+01	1.11486681e+07	4.33925613e+05	2.83162129e-02	1.00000000e-09	2.83162129e-03	1.00000000e-10	2.73209911e+03	1.53415657e-14
4.31000000e+01	3.62371536e+01	1.09893944e+07	4.27726400e+05	7.57488578e-03	1.00000000e-09	7.57488578e-04	1.00000000e-10	7.30865274e+02	1.41044300e-14
4.32000000e+01	3.63212305e+01	1.08301207e+07	4.21527192e+05	1.00000000e-09	4.11960463e+01	1.00000000e-10	4.11960463e+00	-3.97481421e+06	1.29670563e-14
4.33000000e+01	3.64053074e+01	1.06708471e+07	4.15327983e+05	1.00000000e-09	1.19893284e+01	1.00000000e-10	1.19893284e+00	-1.15679433e+06	1.19213998e-14
4.34000000e+01	3.64893844e+01	1.05115734e+07	4.09128774e+05	1.00000000e-09	1.00000000e-09	1.00000000e-10	1.00000000e-10	0.00000000e+00	1.09600645e-14
4.35000000e+01	3.65734613e+01	1.03523004e+07	4.02929591e+05	2.28073964e-02	1.00000000e-09	2.28073964e-03	1.00000000e-10	2.20057912e+03	1.00762507e-14
4.36000000e+01	3.66575382e+01	1.01930275e+07	3.96730413e+05	3.66873911e-02	4.04531186e+01	3.66873911e-03	4.04531186e+00	-3.89959279e+06	9.26370726e-15
4.37000000e+01	3.67416151e+01	1.00337546e+07	3.90531234e+05	1.09383458e-02	1.44376041e+01	1.09383458e-03	1.44376041e+00	-1.39196163e+06	8.51668685e-15
4.38000000e+01	3.68256921e+01	9.87448172e+06	3.84332054e+05	1.00000000e-09	1.00000000e-09	1.00000000e-10	1.00000000e-10	0.00000000e+00	7.82990577e-15
4.39000000e+01	3.69097690e+01	9.71520943e+06	3.78132899e+05	1.00000000e-09	1.00000000e-09	1.00000000e-10	1.00000000e-10	0.00000000e+00	7.19850635e-15
4.40000000e+01	3.69938459e+01	9.55593738e+06	3.71933753e+05	1.00000000e-09	3.95308522e+01	1.00000000e-10	3.95308522e+00	-3.81414741e+06	6.61802264e-15
4.41000000e+01	3.70779228e+01	9.39666533e+06	3.65734607e+05	1.09601166e-02	1.68319938e+01	1.09601166e-03	1.68319938e+00	-1.62298302e+06	6.08434883e-15
4.42000000e+01	3.71619997e+01	9.23739327e+06	3.59535461e+05	2.96766833e-02	1.00000000e-09	2.96766833e-03	1.00000000e-10	2.86336455e+03	5.59371018e-15
4.43000000e+01	3.72460767e+01	9.07812178e+06	3.53336337e+05	2.69466370e-02	1.00000000e-09	2.69466370e-03	1.00000000e-10	2.59995512e+03	5.14263638e-15
4.44000000e+01	3.73301536e+01	8.91885056e+06	3.47137223e+05	6.28021210e-03	3.84340204e+01	6.28021210e-04	3.84340204e+00	-3.70771327e+06	4.72793693e-15
4.45000000e+01	3.74142305e+01	8.75957932e+06	3.40938108e+05	1.00000000e-09	1.91575831e+01	1.00000000e-10	1.91575831e+00	-1.84842577e+06	4.34667862e-15
4.46000000e+01	3.74983074e+01	8.60030809e+06	3.34738994e+05	1.00000000e-09	1.00000000e-09	1.00000000e-10	1.00000000e-10	0.00000000e+00	3.99616478e-15
4.47000000e+01	3.75823844e+01	8.44103744e+06	3.28539902e+05	1.00000000e-09	1.00000000e-09	1.00000000e-10	1.00000000e-10	0.00000000e+00	3.67391618e-15
4.48000000e+01	3.76664613e+01	8.28176714e+06	3.22340824e+05	1.00000000e-09	3.71687108e+01	1.00000000e-10	3.71687108e+00	-3.58623541e+06	3.37765354e-15
4.49000000e+01	3.77505382e+01	8.12249683e+06	3.16141746e+05	5.27373196e-03	2.13999896e+01	5.27373196e-04	2.13999896e+00	-2.06427627e+06	3.10528136e-15
4.50000000e+01	3.78346151e+01	7.96322652e+06	3.09942668e+05	3.36350772e-02	1.00000000e-09	3.36350772e-03	1.00000000e-10	3.24529150e+03	2.85487313e-15
4.51000000e+01	3.79186920e+01	7.80395672e+06	3.03743610e+05	5.10982047e-02	1.00000000e-09	5.10982047e-03	1.00000000e-10	4.93022716e+03	2.62465769e-15
4.52000000e+01	3.80027690e+01	7.64468726e+06	2.97544564e+05	5.64910009e-02	3.57422088e+01	5.64910009e-03	3.57422088e+00	-3.44314833e+06	2.41300669e-15
4.53000000e+01	3.80868459e+01	7.48541774e+06	2.91345517e+05	5.07933592e-02	2.35454973e+01	5.07933592e-03	2.35454973e+00	-2.26689432e+06	2.21842312e-15
4.54000000e+01	3.81709228e+01	7.32614816e+06	2.85146467e+05	3.46454747e-02	1.00000000e-09	3.46454747e-03	1.00000000e-10	3.34278003e+03	2.03953067e-15
4.55000000e+01	3.82549997e+01	7.16687906e+06	2.78947436e+05	2.00405924e-02	1.00000000e-09	2.00405924e-03	1.00000000e-10	1.93362312e+03	1.87506400e-15
4.56000000e+01	3.83390767e+01	7.00761038e+06	2.72748421e+05	1.32672107e-02	3.41629917e+01	1.32672107e-03	3.41629917e+00	-3.29494751e+06	1.72385984e-15
4.57000000e+01	3.84231536e+01	6.84834169e+06	2.66549405e+05	1.13272660e-02	2.55810329e+01	1.13272660e-03	2.55810329e+00	-2.46710155e+06	1.58484870e-15
4.58000000e+01	3.85072305e+01	6.68907298e+06	2.60350389e+05	9.11316543e-03	1.00000000e-09	9.11316543e-04	1.00000000e-10	8.79286697e+02	1.45704735e-15
4.59000000e+01	3.85913074e+01	6.52980474e+06	2.54151392e+05	3.17894753e-03	1.00000000e-09	3.17894753e-04	1.00000000e-10	3.06721712e+02	1.33955183e-15
4.60000000e+01	3.86753843e+01	6.37053699e+06	2.47952413e+05	1.64141402e-03	3.24404443e+01	1.64141402e-04	3.24404443e+00	-3.12986867e+06	1.23153109e-15
4.61000000e+01	3.87594613e+01	6.21126923e+06	2.41753434e+05	2.34387534e-03	2.74944687e+01	2.34387534e-04	2.74944687e+00	-2.65258679e+06	1.13222108e-15
4.62000000e+01	3.88435382e+01	6.05200148e+06	2.35554455e+05	5.42330909e-03	1.00000000e-09	5.42330909e-04	1.00000000e-10	5.23269682e+02	1.04091937e-15
4.63000000e+01	3.89276151e+01	5.89273415e+06	2.29355493e+05	1.92872336e-03	1.00000000e-09	1.92872336e-04	1.00000000e-10	1.86093418e+02	9.56980191e-16
4.64000000e+01	3.90116920e+01	5.73346735e+06	2.23156551e+05	5.11058757e-04	3.05851800e+01	5.11058757e-05	3.05851800e+00	-2.95097194e+06	8.79809819e-16
4.65000000e+01	3.90957690e+01	5.57420055e+06	2.16957610e+05	8.76679504e-04	2.92745040e+01	8.76679504e-05	2.92745040e+00	-2.82447565e+06	8.08862425e-16
4.66000000e+01	3.91798459e+01	5.41493375e+06	2.10758668e+05	4.28394230e-03	1.00000000e-09	4.28394230e-04	1.00000000e-10	4.13337499e+02	7.43636191e-16
4.67000000e+01	3.92639228e+01	5.25566734e+06	2.04559741e+05	3.13461139e-03	1.00000000e-09	3.13461139e-04	1.00000000e-10	3.02443925e+02	6.83669765e-16
4.68000000e+01	3.93479997e+01	5.09640149e+06	1.98360836e+05	1.36128722e-04	2.86086462e+01	1.36128722e-05	2.86086462e+00	-2.76030160e+06	6.28539001e-16
4.69000000e+01	3.94320766e+01	4.93713564e+06	1.92161932e+05	1.04496232e-04	3.09107772e+01	1.04496232e-05	3.09107772e+00	-2.98242652e+06	5.77853951e-16
4.70000000e+01	3.95161536e+01	4.77786979e+06	1.85963027e+05	2.34169657e-03	1.00000000e-09	2.34169657e-04	1.00000000e-10	2.25939275e+02	5.31256117e-16
4.71000000e+01	3.96002305e+01	4.61860427e+06	1.79764135e+05	3.65698284e-03	1.00000000e-09	3.65698284e-04	1.00000000e-10	3.52845107e+02	4.88415907e-16
4.72000000e+01	3.96843074e+01	4.45933936e+06	1.73565267e+05	1.59714628e-08	2.65228905e+01	1.59714628e-09	2.65228905e+00	-2.55906989e+06	4.49030309e-16
4.73000000e+01	3.97683843e+01	4.30007444e+06	1.67366399e+05	1.14981838e-09	3.23939324e+01	1.14981838e-10	3.23939324e+00	-3.12553932e+06	4.12820745e-16
4.74000000e+01	3.98524613e+01	4.14080953e+06	1.61167530e+05	2.62603774e-04	1.00000000e-09	2.62603774e-05	1.00000000e-10	2.53373158e+01	3.79531100e-16
4.75000000e+01	3.99365382e+01	3.98154490e+06	1.54968673e+05	3.43159159e-03	1.00000000e-09	3.43159159e-04	1.00000000e-10	3.31098158e+02	3.48925915e-16
4.76000000e+01	4.00206151e+01	3.82228090e+06	1.48769841e+05	5.29292020e-04	2.43406608e+01	5.29292020e-05	2.43406608e+00	-2.34846568e+06	3.20788716e-16
4.77000000e+01	4.01046920e+01	3.66301690e+06	1.42571008e+05	1.00000000e-09	3.37156613e+01	1.00000000e-10	3.37156613e+00	-3.25306678e+06	2.94920485e-16
4.78000000e+01	4.01887690e+01	3.50375290e+06	1.36372175e+05	1.00000000e-09	1.00000000e-09	1.00000000e-10	1.00000000e-10	0.00000000e+00	2.71138254e-16
4.79000000e+01	4.02728459e+01	3.34448913e+06	1.30173351e+05	2.53897855e-03	1.00000000e-09	2.53897855e-04	1.00000000e-10	2.44974092e+02	2.49273810e-16
4.80000000e+01	4.03569228e+01	3.18522601e+06	1.23974553e+05	1.63187512e-03	2.20753164e+01	1.63187512e-04	2.20753164e+00	-2.12978678e+06	2.29172503e-16
4.81000000e+01	4.04409997e+01	3.02596289e+06	1.17775755e+05	1.00000000e-09	3.48687474e+01	1.00000000e-10	3.48687474e+00	-3.36432267e+06	2.10692155e-16
4.82000000e+01	4.05250766e+01	2.86669978e+06	1.11576956e+05	1.00000000e-09	1.00000000e-09	1.00000000e-10	1.00000000e-10	0.00000000e+00	1.93702052e-16
4.83000000e+01	4.06091536e+01	2.70743684e+06	1.05378165e+05	1.30944968e-03	1.00000000e-09	1.30944968e-04	1.00000000e-10	1.26342591e+02	1.78082022e-16
4.84000000e+01	4.06932305e+01	2.54817457e+06	9.91793994e+04	2.11250969e-03	1.97407315e+01	2.11250969e-04	1.97407315e+00	-1.90448721e+06	1.63721583e-16
4.85000000e+01	4.07773074e+01	2.38891230e+06	9.29806340e+04	1.00000000e-09	3.58471023e+01	1.00000000e-10	3.58471023e+00	-3.45871957e+06	1.50519162e-16
4.86000000e+01	4.08613843e+01	2.22965003e+06	8.67818686e+04	1.00000000e-09	1.00000000e-09	1.00000000e-10	1.00000000e-10	0.00000000e+00	1.38381377e-16
4.87000000e+01	4.09454613e+01	2.07038787e+06	8.05831078e+04	1.23222702e-04	1.00000000e-09	1.23222702e-05	1.00000000e-10	1.18890868e+01	1.27222377e-16
4.88000000e+01	4.10295382e+01	1.91112641e+06	7.43843738e+04	2.08633658e-03	1.73512001e+01	2.08633658e-04	1.73512001e+00	-1.67393500e+06	1.16963232e-16
4.89000000e+01	4.11136151e+01	1.75186494e+06	6.81856398e+04	3.61910620e-04	3.66457934e+01	3.61910620e-05	3.66457934e+00	-3.53574663e+06	1.07531379e-16
4.90000000e+01	4.11976920e+01	1.59260348e+06	6.19869057e+04	1.00000000e-09	1.00000000e-09	1.00000000e-10	1.00000000e-10	0.00000000e+00	9.88601065e-17
4.91000000e+01	4.12817689e+01	1.43334207e+06	5.57881739e+04	1.00000000e-09	1.00000000e-09	1.00000000e-10	1.00000000e-10	0.00000000e+00	9.08880802e-17
4.92000000e+01	4.13658459e+01	1.27408136e+06	4.95894692e+04	1.59198929e-03	1.49213415e+01	1.59198929e-04	1.49213415e+00	-1.43953699e+06	8.35589140e-17
4.93000000e+01	4.14499228e+01	1.11482065e+06	4.33907646e+04	1.11629761e-03	3.72610641e+01	1.11629761e-04	3.72610641e+00	-3.59503844e+06	7.68207678e-17
4.94000000e+01	4.15339997e+01	9.55559940e+05	3.71920598e+04	1.00000000e-09	1.00000000e-09	1.00000000e-10	1.00000000e-10	0.00000000e+00	7.06259821e-17
4.95000000e+01	4.16180766e+01	7.96299228e+05	3.09933551e+04	1.00000000e-09	1.00000000e-09	1.00000000e-10	1.00000000e-10	0.00000000e+00	6.49307406e-17
4.96000000e+01	4.17021536e+01	6.37039220e+05	2.47946777e+04	8.17245177e-04	1.24659632e+01	8.17245177e-05	1.24659632e+00	-1.20270374e+06	5.96947603e-17
4.97000000e+01	4.17862305e+01	4.77779240e+05	1.85960015e+04	1.48411885e-03	3.76400494e+01	1.48411885e-04	3.76400494e+00	-3.63156947e+06	5.48810067e-17
4.98000000e+01	4.18703074e+01	3.18519259e+05	1.23973252e+04	1.00000000e-09	1.00000000e-09	1.00000000e-10	1.00000000e-10	0.00000000e+00	5.04554316e-17
4.99000000e+01	4.19543843e+01	1.59259278e+05	6.19864894e+03	1.00000000e-09	1.00000000e-09	1.00000000e-10	1.00000000e-10	0.00000000e+00	4.63867326e-17
5.00000000e+01	4.20384612e+01	0.00000000e+00	0.00000000e+00	1.00000000e+01	1.00000000e+01	1.00000000e+00	1.00000000e+00	0.00000000e+00	4.26461312e-17
