# 1D PNP Solver Results
# Debye length: 1.18939 nm
# Surface potential: 100 mV
# Bulk concentration: 10 mol/m^3
# Thermal voltage: 25.6926 mV
# Grid: non-uniform with stretching factor 1
#
# Columns:
# 1: x [nm]
# 2: x/lambda_D [-]
# 3: phi [mV]
# 4: phi_normalized = e*phi/(kB*T) [-]
# 5: c+ [mol/m^3]
# 6: c- [mol/m^3]
# 7: c+/c0 [-]
# 8: c-/c0 [-]
# 9: rho [C/m^3]
# 10: phi_GC [mV] (Gouy-Chapman analytical)
0.00000000e+00	0.00000000e+00	1.00000000e+02	3.89217445e+00	1.00000000e-09	1.00000000e-09	1.00000000e-10	1.00000000e-10	0.00000000e+00	1.00000000e+02
1.00000000e-01	8.40769225e-02	1.81166771e+05	7.05132677e+03	1.00000000e-09	1.00000000e-09	1.00000000e-10	1.00000000e-10	0.00000000e+00	8.70576373e+01
2.00000000e-01	1.68153845e-01	3.62233542e+05	1.40987614e+04	1.69864605e+05	3.21078849e+02	1.69864605e+04	3.21078849e+01	1.63584634e+10	7.68715638e+01
3.00000000e-01	2.52230767e-01	5.39031738e+05	2.09800556e+04	1.00000000e-09	1.00000000e-09	1.00000000e-10	1.00000000e-10	0.00000000e+00	6.85207345e+01
4.00000000e-01	3.36307690e-01	7.13365483e+05	2.77654291e+04	1.00000000e-09	1.00000000e-09	1.00000000e-10	1.00000000e-10	0.00000000e+00	6.14862309e+01
5.00000000e-01	4.20384612e-01	8.87699228e+05	3.45508025e+04	1.00000000e-09	1.00000000e-09	1.00000000e-10	1.00000000e-10	0.00000000e+00	5.54461690e+01
6.00000000e-01	5.04461535e-01	1.06203297e+06	4.13361760e+04	1.76302278e+05	2.52121718e+02	1.76302278e+04	2.52121718e+01	1.69862578e+10	5.01866549e+01
7.00000000e-01	5.88538457e-01	1.23345628e+06	4.80082702e+04	1.00000000e-09	1.00000000e-09	1.00000000e-10	1.00000000e-10	0.00000000e+00	4.55579535e+01
8.00000000e-01	6.72615380e-01	1.40162704e+06	5.45537697e+04	1.00000000e-09	1.00000000e-09	1.00000000e-10	1.00000000e-10	0.00000000e+00	4.14508515e+01
9.00000000e-01	7.56692302e-01	1.56979781e+06	6.10992692e+04	1.00000000e-09	1.00000000e-09	1.00000000e-10	1.00000000e-10	0.00000000e+00	3.77829914e+01
1.00000000e+00	8.40769225e-01	1.73796857e+06	6.76447687e+04	1.85221023e+05	2.09979109e+02	1.85221023e+04	2.09979109e+01	1.78508520e+10	3.44905241e+01
1.10000000e+00	9.24846147e-01	1.90448214e+06	7.41257671e+04	1.00000000e-09	1.00000000e-09	1.00000000e-10	1.00000000e-10	0.00000000e+00	3.15227780e+01
1.20000000e+00	1.00892307e+00	2.06767832e+06	8.04776471e+04	1.00000000e-09	1.00000000e-09	1.00000000e-10	1.00000000e-10	0.00000000e+00	2.88387272e+01
1.30000000e+00	1.09299999e+00	2.23087450e+06	8.68295271e+04	1.00000000e-09	1.00000000e-09	1.00000000e-10	1.00000000e-10	0.00000000e+00	2.64045776e+01
1.40000000e+00	1.17707691e+00	2.39407068e+06	9.31814071e+04	1.94694572e+05	1.80903906e+02	1.94694572e+04	1.80903906e+01	1.87677158e+10	2.41920729e+01
1.50000000e+00	1.26115384e+00	2.55660938e+06	9.95076969e+04	4.47152891e+03	1.00000000e-09	4.47152891e+02	1.00000000e-10	4.31436952e+08	2.21772778e+01
1.60000000e+00	1.34523076e+00	2.71607426e+06	1.05714349e+05	1.00000000e-09	1.00000000e-09	1.00000000e-10	1.00000000e-10	0.00000000e+00	2.03396868e+01
1.70000000e+00	1.42930768e+00	2.87553915e+06	1.11921000e+05	1.00000000e-09	6.42237883e-01	1.00000000e-10	6.42237883e-02	-6.19665354e+04	1.86615585e+01
1.80000000e+00	1.51338460e+00	3.03500477e+06	1.18127680e+05	2.03703194e+05	1.59140237e+02	2.03703194e+04	1.59140237e+01	1.96390157e+10	1.71274116e+01
1.90000000e+00	1.59746153e+00	3.19457535e+06	1.24338446e+05	1.08956702e+04	1.00000000e-09	1.08956702e+03	1.00000000e-10	1.05127236e+09	1.57236358e+01
2.00000000e+00	1.68153845e+00	3.35143813e+06	1.30443819e+05	1.00000000e-09	1.00000000e-09	1.00000000e-10	1.00000000e-10	0.00000000e+00	1.44381886e+01
2.10000000e+00	1.76561537e+00	3.50807974e+06	1.36540583e+05	1.00000000e-09	1.29566864e+00	1.00000000e-10	1.29566864e-01	-1.25013019e+05	1.32603556e+01
2.20000000e+00	1.84969229e+00	3.66472280e+06	1.42637404e+05	2.11680589e+05	1.42421640e+02	2.11680589e+04	1.42421640e+01	2.04103304e+10	1.21805577e+01
2.30000000e+00	1.93376922e+00	3.82152493e+06	1.48740417e+05	1.82400141e+04	1.00000000e-09	1.82400141e+03	1.00000000e-10	1.75989381e+09	1.11901960e+01
2.40000000e+00	2.01784614e+00	3.97602105e+06	1.54753675e+05	1.00000000e-09	1.00000000e-09	1.00000000e-10	1.00000000e-10	0.00000000e+00	1.02815237e+01
2.50000000e+00	2.10192306e+00	4.12978035e+06	1.60738255e+05	1.00000000e-09	1.87654759e+00	1.00000000e-10	1.87654759e-01	-1.81059317e+05	9.44754093e+00
2.60000000e+00	2.18599998e+00	4.28354170e+06	1.66722915e+05	2.18366900e+05	1.29626057e+02	2.18366900e+04	1.29626057e+01	2.10566958e+10	8.68190590e+00
2.70000000e+00	2.27007691e+00	4.43744518e+06	1.72713108e+05	2.69624828e+04	1.00000000e-09	2.69624828e+03	1.00000000e-10	2.60148411e+09	7.97886054e+00
2.80000000e+00	2.35415383e+00	4.58943918e+06	1.78628979e+05	1.00000000e-09	1.00000000e-09	1.00000000e-10	1.00000000e-10	0.00000000e+00	7.33316685e+00
2.90000000e+00	2.43823075e+00	4.74031960e+06	1.84501508e+05	1.00000000e-09	2.41703266e+00	1.00000000e-10	2.41703266e-01	-2.33208199e+05	6.74005227e+00
3.00000000e+00	2.52230767e+00	4.89120263e+06	1.90374139e+05	2.23641924e+05	1.19565404e+02	2.23641924e+04	1.19565404e+01	2.15666290e+10	6.19516235e+00
3.10000000e+00	2.60638460e+00	5.04221432e+06	1.96251777e+05	3.68443521e+04	1.00000000e-09	3.68443521e+03	1.00000000e-10	3.55493955e+09	5.69451955e+00
3.20000000e+00	2.69046152e+00	5.19168883e+06	2.02069586e+05	1.00000000e-09	1.00000000e-09	1.00000000e-10	1.00000000e-10	0.00000000e+00	5.23448697e+00
3.30000000e+00	2.77453844e+00	5.33977905e+06	2.07833516e+05	1.00000000e-09	2.93738680e+00	1.00000000e-10	2.93738680e-01	-2.83414740e+05	4.81173646e+00
3.40000000e+00	2.85861536e+00	5.48787237e+06	2.13597566e+05	2.27453578e+05	1.11484856e+02	2.27453578e+04	1.11484856e+01	2.19351773e+10	4.42322017e+00
3.50000000e+00	2.94269229e+00	5.63608346e+06	2.19366200e+05	4.77010329e+04	1.00000000e-09	4.77010329e+03	1.00000000e-10	4.60245000e+09	4.06614534e+00
3.60000000e+00	3.02676921e+00	5.78309758e+06	2.25088246e+05	1.00000000e-09	1.00000000e-09	1.00000000e-10	1.00000000e-10	0.00000000e+00	3.73795159e+00
3.70000000e+00	3.11084613e+00	5.92853764e+06	2.30749027e+05	1.00000000e-09	3.45168664e+00	1.00000000e-10	3.45168664e-01	-3.33037132e+05	3.43629058e+00
3.80000000e+00	3.19492305e+00	6.07398127e+06	2.36409947e+05	2.29791844e+05	1.04902005e+02	2.29791844e+04	1.04902005e+01	2.21614209e+10	3.15900770e+00
3.90000000e+00	3.27899998e+00	6.21953375e+06	2.42075104e+05	5.93709420e+04	1.00000000e-09	5.93709420e+03	1.00000000e-10	5.72842505e+09	2.90412542e+00
4.00000000e+00	3.36307690e+00	6.36419507e+06	2.47705574e+05	1.00000000e-09	1.00000000e-09	1.00000000e-10	1.00000000e-10	0.00000000e+00	2.66982829e+00
4.10000000e+00	3.44715382e+00	6.50715446e+06	2.53269803e+05	1.00000000e-09	3.97063328e+00	1.00000000e-10	3.97063328e-01	-3.83107870e+05	2.45444929e+00
4.20000000e+00	3.53123074e+00	6.65011790e+06	2.58834190e+05	2.30674239e+05	9.95030469e+01	2.30674239e+04	9.95030469e+00	2.22470800e+10	2.25645740e+00
4.30000000e+00	3.61530767e+00	6.79318283e+06	2.64402527e+05	7.17082648e+04	1.00000000e-09	7.17082648e+03	1.00000000e-10	6.91879574e+09	2.07444628e+00
4.40000000e+00	3.69938459e+00	6.93562850e+06	2.69946760e+05	1.00000000e-09	1.00000000e-09	1.00000000e-10	1.00000000e-10	0.00000000e+00	1.90712395e+00
4.50000000e+00	3.78346151e+00	7.07629179e+06	2.75421621e+05	1.00000000e-09	4.50311327e+00	1.00000000e-10	4.50311327e-01	-4.34484379e+05	1.75330334e+00
4.60000000e+00	3.86753843e+00	7.21695961e+06	2.80896658e+05	2.30137187e+05	9.50864315e+01	2.30137187e+04	9.50864315e+00	2.21956884e+10	1.61189369e+00
4.70000000e+00	3.95161536e+00	7.35772287e+06	2.86375410e+05	8.45784150e+04	1.00000000e-09	8.45784150e+03	1.00000000e-10	8.16057646e+09	1.48189263e+00
4.80000000e+00	4.03569228e+00	7.49810668e+06	2.91839392e+05	1.00000000e-09	1.00000000e-09	1.00000000e-10	1.00000000e-10	0.00000000e+00	1.36237899e+00
4.90000000e+00	4.11976920e+00	7.63666402e+06	2.97232286e+05	1.00000000e-09	5.05706162e+00	1.00000000e-10	5.05706162e-01	-4.87932270e+05	1.25250612e+00
5.00000000e+00	4.20384612e+00	7.77522636e+06	3.02625374e+05	2.28230596e+05	9.15328980e+01	2.28230596e+04	9.15328980e+00	2.20120733e+10	1.15149587e+00
5.10000000e+00	4.28792305e+00	7.91387922e+06	3.08021985e+05	9.78553088e+04	1.00000000e-09	9.78553088e+03	1.00000000e-10	9.44160197e+09	1.05863300e+00
5.20000000e+00	4.37199997e+00	8.05236275e+06	3.13412005e+05	1.00000000e-09	1.00000000e-09	1.00000000e-10	1.00000000e-10	0.00000000e+00	9.73260072e-01
5.30000000e+00	4.45607689e+00	8.18900350e+06	3.18730302e+05	1.00000000e-09	5.63976607e+00	1.00000000e-10	5.63976607e-01	-5.44154702e+05	8.94772759e-01
5.40000000e+00	4.54015381e+00	8.32564976e+06	3.24048813e+05	2.25014266e+05	8.87928030e+01	2.25014266e+04	8.87928030e+00	2.17020090e+10	8.22615544e-01
5.50000000e+00	4.62423074e+00	8.46238262e+06	3.29370694e+05	1.11419846e+05	1.00000000e-09	1.11419846e+04	1.00000000e-10	1.07503809e+10	7.56277766e-01
5.60000000e+00	4.70830766e+00	8.59911547e+06	3.34692575e+05	1.00000000e-09	1.00000000e-09	1.00000000e-10	1.00000000e-10	0.00000000e+00	6.95289988e-01
5.70000000e+00	4.79238458e+00	8.73401042e+06	3.39942922e+05	1.00000000e-09	6.26023679e+00	1.00000000e-10	6.26023679e-01	-6.04021026e+05	6.39220665e-01
5.80000000e+00	4.87646150e+00	8.86881228e+06	3.45189646e+05	2.20559631e+05	8.69607602e+01	2.20559631e+04	8.69607602e+00	2.12723788e+10	5.87673079e-01
5.90000000e+00	4.96053843e+00	9.00369782e+06	3.50439626e+05	1.25164633e+05	1.00000000e-09	1.25164633e+04	1.00000000e-10	1.20765512e+10	5.40282524e-01
6.00000000e+00	5.04461535e+00	9.13858337e+06	3.55689607e+05	1.00000000e-09	1.00000000e-09	1.00000000e-10	1.00000000e-10	0.00000000e+00	4.96713722e-01
6.10000000e+00	5.12869227e+00	9.27165182e+06	3.60868863e+05	1.00000000e-09	6.93320870e+00	1.00000000e-10	6.93320870e-01	-6.68952944e+05	4.56658442e-01
6.20000000e+00	5.21276919e+00	9.40447640e+06	3.66038628e+05	2.15432263e+05	8.62822470e+01	2.15432263e+04	8.62822470e+00	2.07777285e+10	4.19833321e-01
6.30000000e+00	5.29684612e+00	9.53738280e+06	3.71211577e+05	1.39031252e+05	1.00000000e-09	1.39031252e+04	1.00000000e-10	1.34144765e+10	3.85977854e-01
6.40000000e+00	5.38092304e+00	9.67028920e+06	3.76384526e+05	1.00000000e-09	1.00000000e-09	1.00000000e-10	1.00000000e-10	0.00000000e+00	3.54852548e-01
6.50000000e+00	5.46499996e+00	9.80141120e+06	3.81488022e+05	1.00000000e-09	7.65307867e+00	1.00000000e-10	7.65307867e-01	-7.38409837e+05	3.26237227e-01
6.60000000e+00	5.54907688e+00	9.93216106e+06	3.86577035e+05	2.09602636e+05	8.70225538e+01	2.09602636e+04	8.70225538e+00	2.02151835e+10	2.99929475e-01
6.70000000e+00	5.63315381e+00	1.00629922e+07	3.91669210e+05	1.52965877e+05	1.00000000e-09	1.52965877e+04	1.00000000e-10	1.47589635e+10	2.75743201e-01
6.80000000e+00	5.71723073e+00	1.01938233e+07	3.96761386e+05	1.00000000e-09	1.00000000e-09	1.00000000e-10	1.00000000e-10	0.00000000e+00	2.53507323e-01
6.90000000e+00	5.80130765e+00	1.03229112e+07	4.01785713e+05	1.00000000e-09	8.36736634e+00	1.00000000e-10	8.36736634e-01	-8.07328120e+05	2.33064554e-01
7.00000000e+00	5.88538457e+00	1.04515194e+07	4.06791368e+05	2.03041450e+05	8.98113621e+01	2.03041450e+04	8.98113621e+00	1.95818563e+10	2.14270296e-01
7.10000000e+00	5.96946150e+00	1.05802101e+07	4.11800235e+05	1.66913319e+05	1.00000000e-09	1.66913319e+04	1.00000000e-10	1.61046870e+10	1.96991610e-01
7.20000000e+00	6.05353842e+00	1.07089008e+07	4.16809101e+05	1.00000000e-09	1.00000000e-09	1.00000000e-10	1.00000000e-10	0.00000000e+00	1.81106277e-01
7.30000000e+00	6.13761534e+00	1.08358952e+07	4.21751946e+05	1.00000000e-09	8.83680660e+00	1.00000000e-10	8.83680660e-01	-8.52622220e+05	1.66501937e-01
7.40000000e+00	6.22169226e+00	1.09623216e+07	4.26672681e+05	1.95721016e+05	9.62185065e+01	1.95721016e+04	9.62185065e+00	1.88749235e+10	1.53075289e-01
7.50000000e+00	6.30576919e+00	1.10888349e+07	4.31596798e+05	1.80815371e+05	1.00000000e-09	1.80815371e+04	1.00000000e-10	1.74460311e+10	1.40731363e-01
7.60000000e+00	6.38984611e+00	1.12153481e+07	4.36520915e+05	1.00000000e-09	1.00000000e-09	1.00000000e-10	1.00000000e-10	0.00000000e+00	1.29382849e-01
7.70000000e+00	6.47392303e+00	1.13402152e+07	4.41380957e+05	1.00000000e-09	7.76109820e+00	1.00000000e-10	7.76109820e-01	-7.48832137e+05	1.18949475e-01
7.80000000e+00	6.55799995e+00	1.14644437e+07	4.46216148e+05	1.87618411e+05	1.11208743e+02	1.87618411e+04	1.11208743e+01	1.80916946e+10	1.09357445e-01
7.90000000e+00	6.64207688e+00	1.15887709e+07	4.51055180e+05	1.94606589e+05	1.00000000e-09	1.94606589e+04	1.00000000e-10	1.87766814e+10	1.00538914e-01
8.00000000e+00	6.72615380e+00	1.17130981e+07	4.55894212e+05	1.00000000e-09	1.00000000e-09	1.00000000e-10	1.00000000e-10	0.00000000e+00	9.24315047e-02
8.10000000e+00	6.81023072e+00	1.18358282e+07	4.60671082e+05	1.00000000e-09	1.00000000e-09	1.00000000e-10	1.00000000e-10	0.00000000e+00	8.49778740e-02
8.20000000e+00	6.89430764e+00	1.19578653e+07	4.65420978e+05	1.78723905e+05	1.62922983e+02	1.78723905e+04	1.62922983e+01	1.72285157e+10	7.81253008e-02
8.30000000e+00	6.97838457e+00	1.20800445e+07	4.70176404e+05	2.08184595e+05	3.83933780e+01	2.08184595e+04	3.83933780e+00	2.00830554e+10	7.18253161e-02
8.40000000e+00	7.06246149e+00	1.22022572e+07	4.74933136e+05	1.00000000e-09	1.00000000e-09	1.00000000e-10	1.00000000e-10	0.00000000e+00	6.60333593e-02
8.50000000e+00	7.14653841e+00	1.23229518e+07	4.79630782e+05	1.00000000e-09	1.00000000e-09	1.00000000e-10	1.00000000e-10	0.00000000e+00	6.07084632e-02
8.60000000e+00	7.23061533e+00	1.24429454e+07	4.84301141e+05	1.68994331e+05	1.93143405e+01	1.68994331e+04	1.93143405e+00	1.63036106e+10	5.58129641e-02
8.70000000e+00	7.31469226e+00	1.25629555e+07	4.88972146e+05	2.21659835e+05	1.03015334e+01	2.21659835e+04	1.03015334e+00	2.13859289e+10	5.13122357e-02
8.80000000e+00	7.39876918e+00	1.26829745e+07	4.93643494e+05	1.00000000e-09	1.00000000e-09	1.00000000e-10	1.00000000e-10	0.00000000e+00	4.71744438e-02
8.90000000e+00	7.48284610e+00	1.28014493e+07	4.98254739e+05	1.00000000e-09	1.00000000e-09	1.00000000e-10	1.00000000e-10	0.00000000e+00	4.33703214e-02
9.00000000e+00	7.56692302e+00	1.29190985e+07	5.02833853e+05	1.58341856e+05	1.00000000e-09	1.58341856e+04	1.00000000e-10	1.52776666e+10	3.98729614e-02
9.10000000e+00	7.65099995e+00	1.30367478e+07	5.07412966e+05	2.35256193e+05	3.72637728e-01	2.35256193e+04	3.72637728e-02	2.26987360e+10	3.66576268e-02
9.20000000e+00	7.73507687e+00	1.31543973e+07	5.11992091e+05	1.00000000e-09	1.00000000e-09	1.00000000e-10	1.00000000e-10	0.00000000e+00	3.37015752e-02
9.30000000e+00	7.81915379e+00	1.32705345e+07	5.16512353e+05	1.00000000e-09	1.00000000e-09	1.00000000e-10	1.00000000e-10	0.00000000e+00	3.09838980e-02
9.40000000e+00	7.90323071e+00	1.33857326e+07	5.20996065e+05	1.46673391e+05	2.51254151e-03	1.46673391e+04	2.51254151e-04	1.41518306e+10	2.84853728e-02
9.50000000e+00	7.98730764e+00	1.35009308e+07	5.25479778e+05	2.48664614e+05	1.00000000e-09	2.48664614e+04	1.00000000e-10	2.39924879e+10	2.61883275e-02
9.60000000e+00	8.07138456e+00	1.36161289e+07	5.29963490e+05	1.00000000e-09	1.00000000e-09	1.00000000e-10	1.00000000e-10	0.00000000e+00	2.40765146e-02
9.70000000e+00	8.15546148e+00	1.37298553e+07	5.34389919e+05	1.00000000e-09	2.02078364e-02	1.00000000e-10	2.02078364e-03	-1.94975971e+03	2.21349973e-02
9.80000000e+00	8.23953840e+00	1.38425273e+07	5.38775311e+05	1.33900617e+05	1.21057654e-02	1.33900617e+04	1.21057654e-03	1.29194444e+10	2.03500429e-02
9.90000000e+00	8.32361533e+00	1.39551993e+07	5.43160703e+05	2.61785684e+05	1.00000000e-09	2.61785684e+04	1.00000000e-10	2.52584787e+10	1.87090262e-02
1.00000000e+01	8.40769225e+00	1.40678714e+07	5.47546096e+05	1.00000000e-09	1.00000000e-09	1.00000000e-10	1.00000000e-10	0.00000000e+00	1.72003403e-02
1.01000000e+01	8.49176917e+00	1.41791233e+07	5.51876213e+05	1.00000000e-09	1.00000000e-09	1.00000000e-10	1.00000000e-10	0.00000000e+00	1.58133140e-02
1.02000000e+01	8.57584609e+00	1.42892038e+07	5.56160740e+05	1.19940597e+05	1.56877985e-04	1.19940597e+04	1.56877985e-05	1.15725083e+10	1.45381368e-02
1.03000000e+01	8.65992302e+00	1.43992844e+07	5.60445267e+05	2.74493030e+05	1.00000000e-09	2.74493030e+04	1.00000000e-10	2.64845511e+10	1.33657892e-02
1.04000000e+01	8.74399994e+00	1.45093649e+07	5.64729794e+05	1.00000000e-09	1.00000000e-09	1.00000000e-10	1.00000000e-10	0.00000000e+00	1.22879791e-02
1.05000000e+01	8.82807686e+00	1.46180885e+07	5.68961506e+05	1.00000000e-09	3.00842263e-04	1.00000000e-10	3.00842263e-05	-2.90267692e+01	1.12970830e-02
1.06000000e+01	8.91215378e+00	1.47255230e+07	5.73143043e+05	1.04706493e+05	1.02329503e-04	1.04706493e+04	1.02329503e-05	1.01026408e+10	1.03860923e-02
1.07000000e+01	8.99623071e+00	1.48329575e+07	5.77324581e+05	2.86637084e+05	1.00000000e-09	2.86637084e+04	1.00000000e-10	2.76562743e+10	9.54856333e-03
1.08000000e+01	9.08030763e+00	1.49403920e+07	5.81506119e+05	1.00000000e-09	1.00000000e-09	1.00000000e-10	1.00000000e-10	0.00000000e+00	8.77857228e-03
1.09000000e+01	9.16438455e+00	1.50465448e+07	5.85637774e+05	1.00000000e-09	1.58345733e-04	1.00000000e-10	1.58345733e-05	-1.52779441e+01	8.07067289e-03
1.10000000e+01	9.24846147e+00	1.51512910e+07	5.89714678e+05	8.81086494e+04	9.79161469e-05	8.81086494e+03	9.79161469e-06	8.50119229e+09	7.41985814e-03
1.11000000e+01	9.33253840e+00	1.52560372e+07	5.93791581e+05	2.98043132e+05	1.00000000e-09	2.98043132e+04	1.00000000e-10	2.87567906e+10	6.82152474e-03
1.12000000e+01	9.41661532e+00	1.53607834e+07	5.97868485e+05	1.00000000e-09	1.00000000e-09	1.00000000e-10	1.00000000e-10	0.00000000e+00	6.27144062e-03
1.13000000e+01	9.50069224e+00	1.54643329e+07	6.01898813e+05	1.00000000e-09	2.70947140e-05	1.00000000e-10	2.70947140e-06	-2.61414600e+00	5.76571500e-03
1.14000000e+01	9.58476916e+00	1.55663591e+07	6.05869852e+05	7.00553057e+04	5.00821943e-07	7.00553057e+03	5.00821943e-08	6.75930944e+09	5.30077082e-03
1.15000000e+01	9.66884609e+00	1.56683854e+07	6.09840892e+05	3.08525973e+05	1.00000000e-09	3.08525973e+04	1.00000000e-10	2.97682310e+10	4.87331949e-03
1.16000000e+01	9.75292301e+00	1.57704116e+07	6.13811931e+05	1.00000000e-09	1.00000000e-09	1.00000000e-10	1.00000000e-10	0.00000000e+00	4.48033760e-03
1.17000000e+01	9.83699993e+00	1.58713364e+07	6.17740102e+05	1.00000000e-09	6.26008967e-07	1.00000000e-10	6.26008967e-08	-6.03041977e-02	4.11904557e-03
1.18000000e+01	9.92107685e+00	1.59706235e+07	6.21604528e+05	5.04545448e+04	6.26471529e-07	5.04545448e+03	6.26471529e-08	4.86812351e+09	3.78688794e-03
1.19000000e+01	1.00051538e+01	1.60699106e+07	6.25468954e+05	3.17871825e+05	1.00000000e-09	3.17871825e+04	1.00000000e-10	3.06699686e+10	3.48151531e-03
1.20000000e+01	1.00892307e+01	1.61691977e+07	6.29333380e+05	1.00000000e-09	1.00000000e-09	1.00000000e-10	1.00000000e-10	0.00000000e+00	3.20076778e-03
1.21000000e+01	1.01733076e+01	1.62674896e+07	6.33159073e+05	1.00000000e-09	1.00000000e-09	1.00000000e-10	1.00000000e-10	0.00000000e+00	2.94265957e-03
1.22000000e+01	1.02573845e+01	1.63640326e+07	6.36916698e+05	2.92180702e+04	1.00000000e-09	2.92180702e+03	1.00000000e-10	2.81911521e+09	2.70536508e-03
1.23000000e+01	1.03414615e+01	1.64605757e+07	6.40674322e+05	3.25835941e+05	1.00000000e-09	3.25835941e+04	1.00000000e-10	3.14383890e+10	2.48720588e-03
1.24000000e+01	1.04255384e+01	1.65571188e+07	6.44431946e+05	1.00000000e-09	2.94436719e-09	1.00000000e-10	2.94436719e-10	-1.87602914e-04	2.28663893e-03
1.25000000e+01	1.05096153e+01	1.66527847e+07	6.48155430e+05	1.00000000e-09	2.39587125e-08	1.00000000e-10	2.39587125e-09	-2.21517900e-03	2.10224558e-03
1.26000000e+01	1.05936922e+01	1.67465956e+07	6.51806715e+05	6.26669112e+03	1.00000000e-09	6.26669112e+02	1.00000000e-10	6.04643774e+08	1.93272162e-03
1.27000000e+01	1.06777692e+01	1.68404065e+07	6.55458000e+05	3.32141140e+05	1.00000000e-09	3.32141140e+04	1.00000000e-10	3.20467482e+10	1.77686798e-03
1.28000000e+01	1.07618461e+01	1.69342175e+07	6.59109285e+05	2.82986357e+03	1.00000000e-09	2.82986357e+02	1.00000000e-10	2.73040326e+08	1.63358230e-03
1.29000000e+01	1.08459230e+01	1.70272816e+07	6.62731504e+05	1.00000000e-09	1.29210716e-08	1.00000000e-10	1.29210716e-09	-1.15020855e-03	1.50185109e-03
1.30000000e+01	1.09299999e+01	1.71183916e+07	6.66277665e+05	1.00000000e-09	8.49721067e-09	1.00000000e-10	8.49721067e-10	-7.23370861e-04	1.38074262e-03
1.31000000e+01	1.10140768e+01	1.72095016e+07	6.69823825e+05	3.36477941e+05	2.25301300e-09	3.36477941e+04	2.25301300e-10	3.24651859e+10	1.26940027e-03
1.32000000e+01	1.10981538e+01	1.73006116e+07	6.73369986e+05	2.79505358e+04	1.21964996e-09	2.79505358e+03	1.21964996e-10	2.69681673e+09	1.16703651e-03
1.33000000e+01	1.11822307e+01	1.73911182e+07	6.76892659e+05	1.00000000e-09	2.31689525e-09	1.00000000e-10	2.31689525e-10	-1.27061076e-04	1.07292731e-03
1.34000000e+01	1.12663076e+01	1.74795806e+07	6.80335772e+05	1.00000000e-09	1.00000000e-09	1.00000000e-10	1.00000000e-10	0.00000000e+00	9.86407027e-04
1.35000000e+01	1.13503845e+01	1.75680431e+07	6.83778884e+05	3.38507358e+05	1.00000000e-09	3.38507358e+04	1.00000000e-10	3.26609949e+10	9.06863691e-04
1.36000000e+01	1.14344615e+01	1.76565055e+07	6.87221997e+05	5.48348859e+04	1.00000000e-09	5.48348859e+03	1.00000000e-10	5.29076218e+09	8.33734687e-04
1.37000000e+01	1.15185384e+01	1.77445212e+07	6.90647722e+05	1.00000000e-09	1.00000000e-09	1.00000000e-10	1.00000000e-10	0.00000000e+00	7.66502767e-04
1.38000000e+01	1.16026153e+01	1.78304146e+07	6.93990843e+05	1.00000000e-09	1.00000000e-09	1.00000000e-10	1.00000000e-10	0.00000000e+00	7.04692393e-04
1.39000000e+01	1.16866922e+01	1.79163080e+07	6.97333964e+05	3.37866637e+05	1.00000000e-09	3.37866637e+04	1.00000000e-10	3.25991747e+10	6.47866374e-04
1.40000000e+01	1.17707691e+01	1.80022014e+07	7.00677085e+05	8.34588869e+04	1.00000000e-09	8.34588869e+03	1.00000000e-10	8.05255842e+09	5.95622776e-04
1.41000000e+01	1.18548461e+01	1.80878185e+07	7.04009450e+05	1.00000000e-09	1.00000000e-09	1.00000000e-10	1.00000000e-10	0.00000000e+00	5.47592073e-04
1.42000000e+01	1.19389230e+01	1.81712497e+07	7.07256738e+05	1.00000000e-09	1.00000000e-09	1.00000000e-10	1.00000000e-10	0.00000000e+00	5.03434541e-04
1.43000000e+01	1.20229999e+01	1.82546809e+07	7.10504025e+05	3.34180185e+05	1.00000000e-09	3.34180185e+04	1.00000000e-10	3.22434861e+10	4.62837848e-04
1.44000000e+01	1.21070768e+01	1.83381121e+07	7.13751313e+05	1.13738302e+05	1.00000000e-09	1.13738302e+04	1.00000000e-10	1.09740779e+10	4.25514851e-04
1.45000000e+01	1.21911538e+01	1.84214509e+07	7.16995004e+05	1.00000000e-09	1.00000000e-09	1.00000000e-10	1.00000000e-10	0.00000000e+00	3.91201561e-04
1.46000000e+01	1.22752307e+01	1.85025581e+07	7.20151838e+05	1.00000000e-09	1.00000000e-09	1.00000000e-10	1.00000000e-10	0.00000000e+00	3.59655276e-04
1.47000000e+01	1.23593076e+01	1.85836653e+07	7.23308672e+05	3.27076766e+05	1.00000000e-09	3.27076766e+04	1.00000000e-10	3.15581104e+10	3.30652866e-04
1.48000000e+01	1.24433845e+01	1.86647725e+07	7.26465506e+05	1.45509671e+05	1.00000000e-09	1.45509671e+04	1.00000000e-10	1.40395489e+10	3.03989196e-04
1.49000000e+01	1.25274615e+01	1.87458797e+07	7.29622339e+05	1.00000000e-09	1.00000000e-09	1.00000000e-10	1.00000000e-10	0.00000000e+00	2.79475669e-04
1.50000000e+01	1.26115384e+01	1.88247307e+07	7.32691358e+05	1.00000000e-09	1.00000000e-09	1.00000000e-10	1.00000000e-10	0.00000000e+00	2.56938901e-04
1.51000000e+01	1.26956153e+01	1.89033997e+07	7.35753293e+05	3.17063133e+05	1.00000000e-09	3.17063133e+04	1.00000000e-10	3.05919417e+10	2.36219485e-04
1.52000000e+01	1.27796922e+01	1.89820687e+07	7.38815228e+05	1.78631019e+05	1.00000000e-09	1.78631019e+04	1.00000000e-10	1.72352732e+10	2.17170872e-04
1.53000000e+01	1.28637691e+01	1.90607377e+07	7.41877163e+05	1.00000000e-09	1.00000000e-09	1.00000000e-10	1.00000000e-10	0.00000000e+00	1.99658328e-04
1.54000000e+01	1.29478461e+01	1.91371503e+07	7.44851273e+05	1.00000000e-09	1.00000000e-09	1.00000000e-10	1.00000000e-10	0.00000000e+00	1.83557987e-04
1.55000000e+01	1.30319230e+01	1.92131703e+07	7.47810104e+05	3.04523805e+05	1.00000000e-09	3.04523805e+04	1.00000000e-10	2.93820805e+10	1.68755969e-04
1.56000000e+01	1.31159999e+01	1.92891903e+07	7.50768936e+05	2.13017493e+05	1.00000000e-09	2.13017493e+04	1.00000000e-10	2.05530636e+10	1.55147578e-04
1.57000000e+01	1.32000768e+01	1.93652103e+07	7.53727767e+05	1.00000000e-09	1.00000000e-09	1.00000000e-10	1.00000000e-10	0.00000000e+00	1.42636560e-04
1.58000000e+01	1.32841538e+01	1.94390010e+07	7.56599830e+05	1.00000000e-09	1.00000000e-09	1.00000000e-10	1.00000000e-10	0.00000000e+00	1.31134424e-04
1.59000000e+01	1.33682307e+01	1.95121797e+07	7.59448073e+05	2.89076402e+05	1.00000000e-09	2.89076402e+04	1.00000000e-10	2.78916327e+10	1.20559814e-04
1.60000000e+01	1.34523076e+01	1.95853584e+07	7.62296315e+05	2.48502217e+05	1.00000000e-09	2.48502217e+04	1.00000000e-10	2.39768190e+10	1.10837935e-04
1.61000000e+01	1.35363845e+01	1.96585371e+07	7.65144558e+05	1.00000000e-09	1.00000000e-09	1.00000000e-10	1.00000000e-10	0.00000000e+00	1.01900023e-04
1.62000000e+01	1.36204614e+01	1.97295373e+07	7.67908010e+05	1.00000000e-09	1.00000000e-09	1.00000000e-10	1.00000000e-10	0.00000000e+00	9.36828597e-05
1.63000000e+01	1.37045384e+01	1.97996990e+07	7.70638827e+05	2.70252330e+05	1.00000000e-09	2.70252330e+04	1.00000000e-10	2.60753858e+10	8.61283240e-05
1.64000000e+01	1.37886153e+01	1.98698608e+07	7.73369645e+05	2.84849427e+05	1.00000000e-09	2.84849427e+04	1.00000000e-10	2.74837916e+10	7.91829819e-05
1.65000000e+01	1.38726922e+01	1.99400225e+07	7.76100462e+05	1.00000000e-09	1.00000000e-09	1.00000000e-10	1.00000000e-10	0.00000000e+00	7.27977085e-05
1.66000000e+01	1.39567691e+01	2.00080765e+07	7.78749241e+05	1.00000000e-09	1.00000000e-09	1.00000000e-10	1.00000000e-10	0.00000000e+00	6.69273402e-05
1.67000000e+01	1.40408461e+01	2.00750601e+07	7.81356358e+05	2.47475573e+05	1.00000000e-09	2.47475573e+04	1.00000000e-10	2.38777629e+10	6.15303552e-05
1.68000000e+01	1.41249230e+01	2.01420436e+07	7.83963476e+05	3.21736372e+05	1.00000000e-09	3.21736372e+04	1.00000000e-10	3.10428407e+10	5.65685802e-05
1.69000000e+01	1.42089999e+01	2.02090272e+07	7.86570594e+05	1.00000000e-09	1.00000000e-09	1.00000000e-10	1.00000000e-10	0.00000000e+00	5.20069201e-05
1.70000000e+01	1.42930768e+01	2.02739958e+07	7.89099286e+05	1.00000000e-09	1.00000000e-09	1.00000000e-10	1.00000000e-10	0.00000000e+00	4.78131098e-05
1.71000000e+01	1.43771537e+01	2.03376591e+07	7.91577170e+05	2.20038512e+05	1.00000000e-09	2.20038512e+04	1.00000000e-10	2.12304889e+10	4.39574862e-05
1.72000000e+01	1.44612307e+01	2.04013223e+07	7.94055055e+05	3.58668566e+05	1.00000000e-09	3.58668566e+04	1.00000000e-10	3.46062557e+10	4.04127779e-05
1.73000000e+01	1.45453076e+01	2.04649856e+07	7.96532940e+05	1.00000000e-09	1.00000000e-09	1.00000000e-10	1.00000000e-10	0.00000000e+00	3.71539131e-05
1.74000000e+01	1.46293845e+01	2.05267514e+07	7.98936975e+05	1.00000000e-09	1.00000000e-09	1.00000000e-10	1.00000000e-10	0.00000000e+00	3.41578414e-05
1.75000000e+01	1.47134614e+01	2.05869772e+07	8.01281067e+05	1.87078845e+05	1.00000000e-09	1.87078845e+04	1.00000000e-10	1.80503645e+10	3.14033713e-05
1.76000000e+01	1.47975384e+01	2.06472030e+07	8.03625160e+05	3.94909627e+05	1.00000000e-09	3.94909627e+04	1.00000000e-10	3.81029865e+10	2.88710202e-05
1.77000000e+01	1.48816153e+01	2.07074288e+07	8.05969253e+05	1.00000000e-09	1.00000000e-09	1.00000000e-10	1.00000000e-10	0.00000000e+00	2.65428765e-05
1.78000000e+01	1.49656922e+01	2.07659023e+07	8.08245144e+05	1.00000000e-09	1.00000000e-09	1.00000000e-10	1.00000000e-10	0.00000000e+00	2.44024731e-05
1.79000000e+01	1.50497691e+01	2.08226059e+07	8.10452148e+05	1.47561447e+05	1.00000000e-09	1.47561447e+04	1.00000000e-10	1.42375152e+10	2.24346707e-05
1.80000000e+01	1.51338460e+01	2.08793095e+07	8.12659151e+05	4.29388076e+05	1.00000000e-09	4.29388076e+04	1.00000000e-10	4.14296511e+10	2.06255509e-05
1.81000000e+01	1.52179230e+01	2.09360132e+07	8.14866155e+05	1.00000000e-09	1.00000000e-09	1.00000000e-10	1.00000000e-10	0.00000000e+00	1.89623175e-05
1.82000000e+01	1.53019999e+01	2.09911401e+07	8.17011793e+05	1.00000000e-09	1.00000000e-09	1.00000000e-10	1.00000000e-10	0.00000000e+00	1.74332063e-05
1.83000000e+01	1.53860768e+01	2.10442782e+07	8.19080021e+05	1.00276186e+05	1.00000000e-09	1.00276186e+04	1.00000000e-10	9.67518107e+09	1.60274019e-05
1.84000000e+01	1.54701537e+01	2.10974164e+07	8.21148249e+05	4.60579460e+05	1.00000000e-09	4.60579460e+04	1.00000000e-10	4.44391621e+10	1.47349607e-05
1.85000000e+01	1.55542307e+01	2.11505545e+07	8.23216477e+05	1.00000000e-09	1.00000000e-09	1.00000000e-10	1.00000000e-10	0.00000000e+00	1.35467414e-05
1.86000000e+01	1.56383076e+01	2.12023247e+07	8.25231464e+05	1.00000000e-09	1.00000000e-09	1.00000000e-10	1.00000000e-10	0.00000000e+00	1.24543394e-05
1.87000000e+01	1.57223845e+01	2.12519055e+07	8.27161235e+05	4.38723239e+04	1.00000000e-09	4.38723239e+03	1.00000000e-10	4.23303574e+09	1.14500281e-05
1.88000000e+01	1.58064614e+01	2.13014863e+07	8.29091007e+05	4.86369725e+05	1.00000000e-09	4.86369725e+04	1.00000000e-10	4.69275445e+10	1.05267039e-05
1.89000000e+01	1.58905384e+01	2.13510671e+07	8.31020779e+05	1.00000000e-09	1.00000000e-09	1.00000000e-10	1.00000000e-10	0.00000000e+00	9.67783615e-06
1.90000000e+01	1.59746153e+01	2.13995240e+07	8.32906804e+05	1.00000000e-09	1.00000000e-09	1.00000000e-10	1.00000000e-10	0.00000000e+00	8.89742061e-06
1.91000000e+01	1.60586922e+01	2.14456183e+07	8.34700878e+05	1.00000000e-09	1.00000000e-09	1.00000000e-10	1.00000000e-10	0.00000000e+00	8.17993736e-06
1.92000000e+01	1.61427691e+01	2.14917127e+07	8.36494951e+05	5.03919634e+05	1.00000000e-09	5.03919634e+04	1.00000000e-10	4.86208533e+10	7.52031158e-06
1.93000000e+01	1.62268460e+01	2.15378071e+07	8.38289024e+05	5.11229043e+04	1.00000000e-09	5.11229043e+03	1.00000000e-10	4.93261040e+09	6.91387767e-06
1.94000000e+01	1.63109230e+01	2.15830575e+07	8.40050250e+05	1.00000000e-09	1.00000000e-09	1.00000000e-10	1.00000000e-10	0.00000000e+00	6.35634627e-06
1.95000000e+01	1.63949999e+01	2.16258101e+07	8.41714254e+05	1.00000000e-09	1.00000000e-09	1.00000000e-10	1.00000000e-10	0.00000000e+00	5.84377390e-06
1.96000000e+01	1.64790768e+01	2.16685626e+07	8.43378259e+05	5.09584232e+05	1.00000000e-09	5.09584232e+04	1.00000000e-10	4.91674039e+10	5.37253509e-06
1.97000000e+01	1.65631537e+01	2.17113152e+07	8.45042263e+05	1.32255221e+05	1.00000000e-09	1.32255221e+04	1.00000000e-10	1.27606889e+10	4.93929673e-06
1.98000000e+01	1.66472307e+01	2.17535389e+07	8.46685683e+05	1.00000000e-09	1.00000000e-09	1.00000000e-10	1.00000000e-10	0.00000000e+00	4.54099448e-06
1.99000000e+01	1.67313076e+01	2.17931780e+07	8.48228505e+05	1.00000000e-09	1.00000000e-09	1.00000000e-10	1.00000000e-10	0.00000000e+00	4.17481111e-06
2.00000000e+01	1.68153845e+01	2.18328170e+07	8.49771326e+05	4.98987671e+05	1.00000000e-09	4.98987671e+04	1.00000000e-10	4.81449912e+10	3.83815657e-06
2.01000000e+01	1.68994614e+01	2.18724561e+07	8.51314148e+05	2.24820515e+05	1.00000000e-09	2.24820515e+04	1.00000000e-10	2.16918821e+10	3.52864967e-06
2.02000000e+01	1.69835383e+01	2.19119127e+07	8.52849868e+05	1.00000000e-09	1.00000000e-09	1.00000000e-10	1.00000000e-10	0.00000000e+00	3.24410125e-06
2.03000000e+01	1.70676153e+01	2.19487547e+07	8.54283824e+05	1.00000000e-09	1.00000000e-09	1.00000000e-10	1.00000000e-10	0.00000000e+00	2.98249865e-06
2.04000000e+01	1.71516922e+01	2.19855968e+07	8.55717781e+05	4.67399699e+05	1.00000000e-09	4.67399699e+04	1.00000000e-10	4.50972152e+10	2.74199155e-06
2.05000000e+01	1.72357691e+01	2.20224388e+07	8.57151737e+05	3.27478316e+05	1.00000000e-09	3.27478316e+04	1.00000000e-10	3.15968541e+10	2.52087882e-06
2.06000000e+01	1.73198460e+01	2.20592809e+07	8.58585693e+05	1.00000000e-09	1.00000000e-09	1.00000000e-10	1.00000000e-10	0.00000000e+00	2.31759650e-06
2.07000000e+01	1.74039230e+01	2.20935162e+07	8.59918191e+05	1.00000000e-09	1.00000000e-09	1.00000000e-10	1.00000000e-10	0.00000000e+00	2.13070675e-06
2.08000000e+01	1.74879999e+01	2.21274149e+07	8.61237590e+05	4.15295396e+05	1.00000000e-09	4.15295396e+04	1.00000000e-10	4.00699142e+10	1.95888770e-06
2.09000000e+01	1.75720768e+01	2.21613137e+07	8.62556990e+05	4.38794874e+05	1.00000000e-09	4.38794874e+04	1.00000000e-10	4.23372691e+10	1.80092404e-06
2.10000000e+01	1.76561537e+01	2.21952125e+07	8.63876389e+05	1.00000000e-09	1.00000000e-09	1.00000000e-10	1.00000000e-10	0.00000000e+00	1.65569849e-06
2.11000000e+01	1.77402306e+01	2.22265574e+07	8.65096389e+05	1.00000000e-09	1.00000000e-09	1.00000000e-10	1.00000000e-10	0.00000000e+00	1.52218384e-06
2.12000000e+01	1.78243076e+01	2.22571599e+07	8.66287492e+05	3.40037450e+05	1.00000000e-09	3.40037450e+04	1.00000000e-10	3.28086263e+10	1.39943575e-06
2.13000000e+01	1.79083845e+01	2.22877625e+07	8.67478596e+05	5.57460053e+05	1.00000000e-09	5.57460053e+04	1.00000000e-10	5.37867183e+10	1.28658600e-06
2.14000000e+01	1.79924614e+01	2.23183650e+07	8.68669699e+05	1.00000000e-09	1.00000000e-09	1.00000000e-10	1.00000000e-10	0.00000000e+00	1.18283639e-06
2.15000000e+01	1.80765383e+01	2.23465213e+07	8.69765592e+05	1.00000000e-09	1.00000000e-09	1.00000000e-10	1.00000000e-10	0.00000000e+00	1.08745310e-06
2.16000000e+01	1.81606153e+01	2.23735104e+07	8.70816056e+05	2.31115517e+05	1.00000000e-09	2.31115517e+04	1.00000000e-10	2.22992574e+10	9.99761460e-07
2.17000000e+01	1.82446922e+01	2.24004995e+07	8.71866519e+05	6.79231241e+05	1.00000000e-09	6.79231241e+04	1.00000000e-10	6.55358519e+10	9.19141229e-07
2.18000000e+01	1.83287691e+01	2.24274887e+07	8.72916983e+05	1.00000000e-09	1.00000000e-09	1.00000000e-10	1.00000000e-10	0.00000000e+00	8.45022171e-07
2.19000000e+01	1.84128460e+01	2.24522062e+07	8.73879034e+05	1.00000000e-09	1.00000000e-09	1.00000000e-10	1.00000000e-10	0.00000000e+00	7.76880034e-07
2.20000000e+01	1.84969229e+01	2.24753241e+07	8.74778824e+05	7.11582520e+04	1.00000000e-09	7.11582520e+03	1.00000000e-10	6.86572758e+09	7.14232843e-07
2.21000000e+01	1.85809999e+01	2.24984421e+07	8.75678614e+05	7.92864310e+05	1.00000000e-09	7.92864310e+04	1.00000000e-10	7.64997763e+10	6.56637488e-07
2.22000000e+01	1.86650768e+01	2.25215600e+07	8.76578403e+05	1.69583774e+04	1.00000000e-09	1.69583774e+03	1.00000000e-10	1.63623468e+09	6.03686592e-07
2.23000000e+01	1.87491537e+01	2.25426626e+07	8.77399756e+05	1.00000000e-09	1.00000000e-09	1.00000000e-10	1.00000000e-10	0.00000000e+00	5.55005627e-07
2.24000000e+01	1.88332306e+01	2.25617437e+07	8.78142425e+05	1.00000000e-09	1.00000000e-09	1.00000000e-10	1.00000000e-10	0.00000000e+00	5.10250270e-07
2.25000000e+01	1.89173076e+01	2.25808248e+07	8.78885095e+05	8.70773658e+05	1.00000000e-09	8.70773658e+04	1.00000000e-10	8.40168856e+10	4.69103960e-07
2.26000000e+01	1.90013845e+01	2.25999059e+07	8.79627764e+05	2.86293315e+05	1.00000000e-09	2.86293315e+04	1.00000000e-10	2.76231056e+10	4.31275667e-07
2.27000000e+01	1.90854614e+01	2.26173255e+07	8.80305763e+05	1.00000000e-09	1.00000000e-09	1.00000000e-10	1.00000000e-10	0.00000000e+00	3.96497828e-07
2.28000000e+01	1.91695383e+01	2.26323394e+07	8.80890133e+05	1.00000000e-09	1.00000000e-09	1.00000000e-10	1.00000000e-10	0.00000000e+00	3.64524455e-07
2.29000000e+01	1.92536153e+01	2.26473534e+07	8.81474504e+05	8.46509948e+05	1.00000000e-09	8.46509948e+04	1.00000000e-10	8.16757934e+10	3.35129397e-07
2.30000000e+01	1.93376922e+01	2.26623674e+07	8.82058875e+05	6.82968363e+05	1.00000000e-09	6.82968363e+04	1.00000000e-10	6.58964294e+10	3.08104742e-07
2.31000000e+01	1.94217691e+01	2.26761849e+07	8.82596674e+05	1.00000000e-09	1.00000000e-09	1.00000000e-10	1.00000000e-10	0.00000000e+00	2.83259340e-07
2.32000000e+01	1.95058460e+01	2.26872884e+07	8.83028843e+05	1.00000000e-09	1.00000000e-09	1.00000000e-10	1.00000000e-10	0.00000000e+00	2.60417458e-07
2.33000000e+01	1.95899229e+01	2.26983920e+07	8.83461012e+05	5.60902556e+05	1.00000000e-09	5.60902556e+04	1.00000000e-10	5.41188694e+10	2.39417533e-07
2.34000000e+01	1.96739999e+01	2.27094955e+07	8.83893182e+05	1.23795802e+06	1.00000000e-09	1.23795802e+05	1.00000000e-10	1.19444790e+11	2.20111031e-07
2.35000000e+01	1.97580768e+01	2.27199856e+07	8.84301473e+05	1.00000000e-09	1.00000000e-09	1.00000000e-10	1.00000000e-10	0.00000000e+00	2.02361395e-07
2.36000000e+01	1.98421537e+01	2.27275757e+07	8.84596896e+05	1.00000000e-09	1.00000000e-09	1.00000000e-10	1.00000000e-10	0.00000000e+00	1.86043080e-07
2.37000000e+01	1.99262306e+01	2.27351659e+07	8.84892320e+05	1.00000000e-09	1.00000000e-09	1.00000000e-10	1.00000000e-10	0.00000000e+00	1.71040665e-07
2.38000000e+01	2.00103076e+01	2.27427561e+07	8.85187743e+05	1.80655702e+06	1.00000000e-09	1.80655702e+05	1.00000000e-10	1.74306254e+11	1.57248037e-07
2.39000000e+01	2.00943845e+01	2.27503463e+07	8.85483166e+05	9.55382162e+05	1.00000000e-09	9.55382162e+04	1.00000000e-10	9.21803652e+10	1.44567640e-07
2.40000000e+01	2.01784614e+01	2.27550098e+07	8.85664677e+05	1.00000000e-09	1.00000000e-09	1.00000000e-10	1.00000000e-10	0.00000000e+00	1.32909782e-07
2.41000000e+01	2.02625383e+01	2.27593110e+07	8.85832086e+05	1.00000000e-09	1.00000000e-09	1.00000000e-10	1.00000000e-10	0.00000000e+00	1.22192009e-07
2.42000000e+01	2.03466152e+01	2.27636121e+07	8.85999496e+05	1.03383902e+06	1.00000000e-09	1.03383902e+05	1.00000000e-10	9.97503008e+10	1.12338510e-07
2.43000000e+01	2.04306922e+01	2.27679133e+07	8.86166905e+05	3.22525825e+06	1.00000000e-09	3.22525825e+05	1.00000000e-10	3.11190113e+11	1.03279593e-07
2.44000000e+01	2.05147691e+01	2.27694079e+07	8.86225077e+05	2.03783422e+06	1.00000000e-09	2.03783422e+05	1.00000000e-10	1.96621112e+11	9.49511815e-08
2.45000000e+01	2.05988460e+01	2.27697266e+07	8.86237482e+05	2.59115773e+05	1.00000000e-09	2.59115773e+04	1.00000000e-10	2.50008714e+10	8.72943689e-08
2.46000000e+01	2.06829229e+01	2.27700453e+07	8.86249887e+05	5.09603789e+04	1.00000000e-09	5.09603789e+03	1.00000000e-10	4.91692909e+09	8.02549976e-08
2.47000000e+01	2.07669999e+01	2.27703641e+07	8.86262292e+05	1.51688106e+05	1.00000000e-09	1.51688106e+04	1.00000000e-10	1.46356773e+10	7.37832774e-08
2.48000000e+01	2.08510768e+01	2.27682053e+07	8.86178271e+05	6.51780810e+04	1.00000000e-09	6.51780810e+03	1.00000000e-10	6.28872879e+09	6.78334333e-08
2.49000000e+01	2.09351537e+01	2.27639853e+07	8.86014019e+05	1.00000000e-09	1.00000000e-09	1.00000000e-10	1.00000000e-10	0.00000000e+00	6.23633815e-08
2.50000000e+01	2.10192306e+01	2.27597652e+07	8.85849766e+05	1.00000000e-09	3.14213470e+02	1.00000000e-10	3.14213470e+01	-3.03169910e+07	5.73344317e-08
2.51000000e+01	2.11033075e+01	2.27555451e+07	8.85685513e+05	4.05888355e+04	2.73832782e+02	4.05888355e+03	2.73832782e+01	3.88980643e+09	5.27110137e-08
2.52000000e+01	2.11873845e+01	2.27494811e+07	8.85449491e+05	4.72994535e+04	1.00000000e-09	4.72994535e+03	1.00000000e-10	4.56370348e+09	4.84604257e-08
2.53000000e+01	2.12714614e+01	2.27404668e+07	8.85098639e+05	1.00000000e-09	1.00000000e-09	1.00000000e-10	1.00000000e-10	0.00000000e+00	4.45526029e-08
2.54000000e+01	2.13555383e+01	2.27314525e+07	8.84747787e+05	1.00000000e-09	4.18053568e+01	1.00000000e-10	4.18053568e+00	-4.03360373e+06	4.09599048e-08
2.55000000e+01	2.14396152e+01	2.27224382e+07	8.84396935e+05	1.01889411e+04	2.25382120e+02	1.01889411e+03	2.25382120e+01	9.61337293e+08	3.76569199e-08
2.56000000e+01	2.15236922e+01	2.27126544e+07	8.84016132e+05	4.03745127e+04	2.06687527e+01	4.03745127e+03	2.06687527e+00	3.89355403e+09	3.46202860e-08
2.57000000e+01	2.16077691e+01	2.26991858e+07	8.83491911e+05	1.00000000e-09	1.00000000e-09	1.00000000e-10	1.00000000e-10	0.00000000e+00	3.18285246e-08
2.58000000e+01	2.16918460e+01	2.26857172e+07	8.82967690e+05	1.00000000e-09	1.00000000e-09	1.00000000e-10	1.00000000e-10	0.00000000e+00	2.92618894e-08
2.59000000e+01	2.17759229e+01	2.26722486e+07	8.82443468e+05	1.00000000e-09	1.50021250e+02	1.00000000e-10	1.50021250e+01	-1.44748501e+07	2.69022262e-08
2.60000000e+01	2.18599998e+01	2.26587800e+07	8.81919247e+05	3.33441362e+04	7.97658151e+01	3.33441362e+03	7.97658151e+00	3.20952382e+09	2.47328451e-08
2.61000000e+01	2.19440768e+01	2.26413694e+07	8.81241595e+05	1.20782208e+04	1.00000000e-09	1.20782208e+03	1.00000000e-10	1.16537114e+09	2.27384017e-08
2.62000000e+01	2.20281537e+01	2.26222914e+07	8.80499046e+05	1.00000000e-09	1.00000000e-09	1.00000000e-10	1.00000000e-10	0.00000000e+00	2.09047891e-08
2.63000000e+01	2.21122306e+01	2.26032134e+07	8.79756496e+05	1.00000000e-09	9.25886527e+01	1.00000000e-10	9.25886527e+00	-8.93344691e+06	1.92190381e-08
2.64000000e+01	2.21963075e+01	2.25841354e+07	8.79013947e+05	2.02648973e+04	9.93074049e+01	2.02648973e+03	9.93074049e+00	1.94568364e+09	1.76692251e-08
2.65000000e+01	2.22803845e+01	2.25619154e+07	8.78149105e+05	2.24446954e+04	1.00000000e-09	2.24446954e+03	1.00000000e-10	2.16558389e+09	1.62443882e-08
2.66000000e+01	2.23644614e+01	2.25356447e+07	8.77126607e+05	1.00000000e-09	1.00000000e-09	1.00000000e-10	1.00000000e-10	0.00000000e+00	1.49344494e-08
2.67000000e+01	2.24485383e+01	2.25093741e+07	8.76104109e+05	1.00000000e-09	5.91481784e+01	1.00000000e-10	5.91481784e+00	-5.70693164e+06	1.37301434e-08
2.68000000e+01	2.25326152e+01	2.24831035e+07	8.75081611e+05	2.44377075e+03	9.64318876e+01	2.44377075e+02	9.64318876e+00	2.26483769e+08	1.26229520e-08
2.69000000e+01	2.26166921e+01	2.24563528e+07	8.74040425e+05	2.86734979e+04	1.00000000e-09	2.86734979e+03	1.00000000e-10	2.76657196e+09	1.16050438e-08
2.70000000e+01	2.27007691e+01	2.24232786e+07	8.72753122e+05	5.53790625e+03	1.00000000e-09	5.53790625e+02	1.00000000e-10	5.34326723e+08	1.06692193e-08
2.71000000e+01	2.27848460e+01	2.23888326e+07	8.71412422e+05	1.00000000e-09	4.07798038e+01	1.00000000e-10	4.07798038e+00	-3.93465292e+06	9.80885916e-09
2.72000000e+01	2.28689229e+01	2.23543866e+07	8.70071723e+05	1.00000000e-09	8.48297819e+01	1.00000000e-10	8.48297819e+00	-8.18482968e+06	9.01787799e-09
2.73000000e+01	2.29529998e+01	2.23199405e+07	8.68731023e+05	2.31196303e+04	1.00000000e-09	2.31196303e+03	1.00000000e-10	2.23070520e+09	8.29068113e-09
2.74000000e+01	2.30370768e+01	2.22791354e+07	8.67142815e+05	2.28816102e+04	1.00000000e-09	2.28816102e+03	1.00000000e-10	2.20773976e+09	7.62212503e-09
2.75000000e+01	2.31211537e+01	2.22309232e+07	8.65266313e+05	1.00000000e-09	2.52277354e+01	1.00000000e-10	2.52277354e+00	-2.43410643e+06	7.00748093e-09
2.76000000e+01	2.32052306e+01	2.21827111e+07	8.63389812e+05	1.00000000e-09	7.51234547e+01	1.00000000e-10	7.51234547e+00	-7.24831147e+06	6.44240141e-09
2.77000000e+01	2.32893075e+01	2.21344989e+07	8.61513310e+05	1.00000000e-09	1.00000000e-09	1.00000000e-10	1.00000000e-10	0.00000000e+00	5.92288960e-09
2.78000000e+01	2.33733845e+01	2.20862867e+07	8.59636809e+05	2.88356548e+04	1.00000000e-09	2.88356548e+03	1.00000000e-10	2.78221773e+09	5.44527095e-09
2.79000000e+01	2.34574614e+01	2.20268403e+07	8.57323050e+05	3.23941067e+04	1.39176504e+01	3.23941067e+03	1.39176504e+00	3.12421330e+09	5.00616720e-09
2.80000000e+01	2.35415383e+01	2.19516888e+07	8.54398022e+05	1.73384154e+04	6.07947511e+01	1.73384154e+03	6.07947511e+00	1.66703696e+09	4.60247255e-09
2.81000000e+01	2.36256152e+01	2.18665574e+07	8.51084559e+05	9.96500934e+03	1.00000000e-09	9.96500934e+02	1.00000000e-10	9.61477236e+08	4.23133162e-09
2.82000000e+01	2.37096921e+01	2.17751164e+07	8.47525518e+05	5.88336375e+03	1.00000000e-09	5.88336375e+02	1.00000000e-10	5.67658306e+08	3.89011930e-09
2.83000000e+01	2.37937691e+01	2.16797372e+07	8.43813193e+05	1.24669235e+03	8.48721434e+00	1.24669235e+02	8.48721434e-01	1.19468634e+08	3.57642216e-09
2.84000000e+01	2.38778460e+01	2.15835024e+07	8.40067564e+05	1.00000000e-09	5.66142273e+01	1.00000000e-10	5.66142273e+00	-5.46244253e+06	3.28802138e-09
2.85000000e+01	2.39619229e+01	2.14872675e+07	8.36321935e+05	1.00000000e-09	1.00000000e-09	1.00000000e-10	1.00000000e-10	0.00000000e+00	3.02287709e-09
2.86000000e+01	2.40459998e+01	2.13910326e+07	8.32576306e+05	5.37002082e+02	1.00000000e-09	5.37002082e+01	1.00000000e-10	5.18128242e+07	2.77911390e-09
2.87000000e+01	2.41300768e+01	2.12944269e+07	8.28816242e+05	6.62215807e+02	5.43833364e+00	6.62215807e+01	5.43833364e-01	6.33693926e+07	2.55500764e-09
2.88000000e+01	2.42141537e+01	2.11973622e+07	8.25038314e+05	1.00000000e-09	5.55991455e+01	1.00000000e-10	5.55991455e+00	-5.36450202e+06	2.34897319e-09
2.89000000e+01	2.42982306e+01	2.11003000e+07	8.21260487e+05	1.00000000e-09	1.00000000e-09	1.00000000e-10	1.00000000e-10	0.00000000e+00	2.15955324e-09
2.90000000e+01	2.43823075e+01	2.10032391e+07	8.17482706e+05	1.80706797e+02	1.00000000e-09	1.80706797e+01	1.00000000e-10	1.74355553e+07	1.98540802e-09
2.91000000e+01	2.44663844e+01	2.09060525e+07	8.13700032e+05	4.80226077e+02	9.90076787e+00	4.80226077e+01	9.90076787e-01	4.53794936e+07	1.82530578e-09
2.92000000e+01	2.45504614e+01	2.08085310e+07	8.09904326e+05	1.00000000e-09	5.94125195e+01	1.00000000e-10	5.94125195e+00	-5.73243668e+06	1.67811410e-09
2.93000000e+01	2.46345383e+01	2.07110100e+07	8.06108641e+05	1.00000000e-09	1.00000000e-09	1.00000000e-10	1.00000000e-10	0.00000000e+00	1.54279187e-09
2.94000000e+01	2.47186152e+01	2.06134914e+07	8.02313045e+05	3.08793370e+01	1.00000000e-09	3.08793370e+00	1.00000000e-10	2.97940308e+06	1.41838196e-09
2.95000000e+01	2.48026921e+01	2.05159514e+07	7.98516620e+05	3.83505075e+02	7.37087111e+00	3.83505075e+01	7.37087111e-01	3.62914336e+07	1.30400439e-09
2.96000000e+01	2.48867691e+01	2.04181432e+07	7.94709754e+05	1.57200253e+01	6.62301572e+01	1.57200253e+00	6.62301572e+00	-4.87348685e+06	1.19885018e-09
2.97000000e+01	2.49708460e+01	2.03203240e+07	7.90902459e+05	1.00000000e-09	1.00000000e-09	1.00000000e-10	1.00000000e-10	0.00000000e+00	1.10217554e-09
2.98000000e+01	2.50549229e+01	2.02225066e+07	7.87095235e+05	1.00000000e-09	1.00000000e-09	1.00000000e-10	1.00000000e-10	0.00000000e+00	1.01329669e-09
2.99000000e+01	2.51389998e+01	2.01246906e+07	7.83288065e+05	3.05815004e+02	1.00000000e-09	3.05815004e+01	1.00000000e-10	2.95066622e+07	9.31584987e-10
3.00000000e+01	2.52230767e+01	2.00266601e+07	7.79472548e+05	7.90037232e+01	7.14980907e+01	7.90037232e+00	7.14980907e+00	7.24183447e+05	8.56462471e-10
3.01000000e+01	2.53071537e+01	1.99285742e+07	7.75654872e+05	1.00000000e-09	2.14142987e+00	1.00000000e-10	2.14142987e-01	-2.06616572e+05	7.87397794e-10
3.02000000e+01	2.53912306e+01	1.98304892e+07	7.71837235e+05	1.00000000e-09	1.00000000e-09	1.00000000e-10	1.00000000e-10	0.00000000e+00	7.23902457e-10
3.03000000e+01	2.54753075e+01	1.97324060e+07	7.68019664e+05	2.30612266e+02	1.00000000e-09	2.30612266e+01	1.00000000e-10	2.22507011e+07	6.65527349e-10
3.04000000e+01	2.55593844e+01	1.96341607e+07	7.64195784e+05	1.17369882e+02	7.39922157e+01	1.17369882e+01	7.39922157e+00	4.18530856e+06	6.11859579e-10
3.05000000e+01	2.56434614e+01	1.95358327e+07	7.60368689e+05	1.00000000e-09	1.09918243e+01	1.00000000e-10	1.09918243e+00	-1.06054982e+06	5.62519549e-10
3.06000000e+01	2.57275383e+01	1.94375050e+07	7.56541604e+05	1.00000000e-09	1.00000000e-09	1.00000000e-10	1.00000000e-10	0.00000000e+00	5.17158273e-10
3.07000000e+01	2.58116152e+01	1.93391790e+07	7.52714584e+05	1.63627751e+02	1.00000000e-09	1.63627751e+01	1.00000000e-10	1.57876779e+07	4.75454906e-10
3.08000000e+01	2.58956921e+01	1.92407377e+07	7.48883078e+05	1.38015587e+02	7.37845647e+01	1.38015587e+01	7.37845647e+00	6.19735150e+06	4.37114476e-10
3.09000000e+01	2.59797690e+01	1.91421991e+07	7.45047784e+05	1.00000000e-09	1.96556649e+01	1.00000000e-10	1.96556649e+00	-1.89648336e+06	4.01865798e-10
3.10000000e+01	2.60638460e+01	1.90436606e+07	7.41212490e+05	1.00000000e-09	1.00000000e-09	1.00000000e-10	1.00000000e-10	0.00000000e+00	3.69459555e-10
3.11000000e+01	2.61479229e+01	1.89451234e+07	7.37377253e+05	1.05821863e+02	1.00000000e-09	1.05821863e+01	1.00000000e-10	1.02102576e+07	3.39666533e-10
3.12000000e+01	2.62319998e+01	1.88465121e+07	7.33539129e+05	1.46367254e+02	7.10894897e+01	1.46367254e+01	7.10894897e+00	7.26320009e+06	3.12276006e-10
3.13000000e+01	2.63160767e+01	1.87477974e+07	7.29696979e+05	1.00000000e-09	2.75957926e+01	1.00000000e-10	2.75957926e+00	-2.66258921e+06	2.87094235e-10
3.14000000e+01	2.64001537e+01	1.86490826e+07	7.25854829e+05	1.00000000e-09	1.00000000e-09	1.00000000e-10	1.00000000e-10	0.00000000e+00	2.63943109e-10
3.15000000e+01	2.64842306e+01	1.85503691e+07	7.22012727e+05	5.63584021e+01	1.00000000e-09	5.63584021e+00	1.00000000e-10	5.43775914e+06	2.42658878e-10
3.16000000e+01	2.65683075e+01	1.84516166e+07	7.18169105e+05	1.46015617e+02	6.71829699e+01	1.46015617e+01	6.71829699e+00	7.60619409e+06	2.23090996e-10
3.17000000e+01	2.66523844e+01	1.83527607e+07	7.14321462e+05	1.00000000e-09	3.46228684e+01	1.00000000e-10	3.46228684e+00	-3.34059895e+06	2.05101057e-10
3.18000000e+01	2.67364614e+01	1.82539048e+07	7.10473819e+05	1.00000000e-09	1.00000000e-09	1.00000000e-10	1.00000000e-10	0.00000000e+00	1.88561817e-10
3.19000000e+01	2.68205383e+01	1.81550499e+07	7.06626214e+05	1.39726397e+01	1.00000000e-09	1.39726397e+00	1.00000000e-10	1.34815478e+06	1.73356293e-10
3.20000000e+01	2.69046152e+01	1.80561861e+07	7.02778262e+05	1.39169229e+02	6.24502418e+01	1.39169229e+01	6.24502418e+00	7.40225696e+06	1.59376934e-10
3.21000000e+01	2.69886921e+01	1.79572237e+07	6.98926474e+05	4.30326356e+00	4.06975560e+01	4.30326356e-01	4.06975560e+00	-3.51151540e+06	1.46524863e-10
3.22000000e+01	2.70727690e+01	1.78582583e+07	6.95074566e+05	1.00000000e-09	1.00000000e-09	1.00000000e-10	1.00000000e-10	0.00000000e+00	1.34709176e-10
3.23000000e+01	2.71568460e+01	1.77592936e+07	6.91222688e+05	1.00000000e-09	1.00000000e-09	1.00000000e-10	1.00000000e-10	0.00000000e+00	1.23846300e-10
3.24000000e+01	2.72409229e+01	1.76603300e+07	6.87370851e+05	1.25262098e+02	5.71595045e+01	1.25262098e+01	5.71595045e+00	6.57090131e+06	1.13859401e-10
3.25000000e+01	2.73249998e+01	1.75612775e+07	6.83515557e+05	3.61296650e+01	4.58283418e+01	3.61296650e+00	4.58283418e+00	-9.35780055e+05	1.04677839e-10
3.26000000e+01	2.74090767e+01	1.74621995e+07	6.79659266e+05	1.00000000e-09	1.00000000e-09	1.00000000e-10	1.00000000e-10	0.00000000e+00	9.62366743e-11
3.27000000e+01	2.74931537e+01	1.73631219e+07	6.75802995e+05	1.00000000e-09	1.00000000e-09	1.00000000e-10	1.00000000e-10	0.00000000e+00	8.84762003e-11
3.28000000e+01	2.75772306e+01	1.72640455e+07	6.71946767e+05	1.03693211e+02	5.15142646e+01	1.03693211e+01	5.15142646e+00	5.03450298e+06	8.13415267e-11
3.29000000e+01	2.76613075e+01	1.71648954e+07	6.68087674e+05	6.06167808e+01	4.99961542e+01	6.06167808e+00	4.99961542e+00	1.02473468e+06	7.47821894e-11
3.30000000e+01	2.77453844e+01	1.70657023e+07	6.64226906e+05	1.00000000e-09	1.00000000e-09	1.00000000e-10	1.00000000e-10	0.00000000e+00	6.87517936e-11
3.31000000e+01	2.78294613e+01	1.69665095e+07	6.60366149e+05	1.00000000e-09	1.00000000e-09	1.00000000e-10	1.00000000e-10	0.00000000e+00	6.32076857e-11
3.32000000e+01	2.79135383e+01	1.68673178e+07	6.56505435e+05	7.77919891e+01	4.56838484e+01	7.77919891e+00	4.56838484e+00	3.09796462e+06	5.81106517e-11
3.33000000e+01	2.79976152e+01	1.67680709e+07	6.52642570e+05	7.72495803e+01	5.32337190e+01	7.72495803e+00	5.32337190e+00	2.31717836e+06	5.34246397e-11
3.34000000e+01	2.80816921e+01	1.66687690e+07	6.48777568e+05	1.00000000e-09	1.00000000e-09	1.00000000e-10	1.00000000e-10	0.00000000e+00	4.91165053e-11
3.35000000e+01	2.81657690e+01	1.65694672e+07	6.44912568e+05	1.00000000e-09	1.00000000e-09	1.00000000e-10	1.00000000e-10	0.00000000e+00	4.51557765e-11
3.36000000e+01	2.82498460e+01	1.64701665e+07	6.41047611e+05	5.02399104e+01	3.97853738e+01	5.02399104e+00	3.97853738e+00	1.00870943e+06	4.15144388e-11
3.37000000e+01	2.83339229e+01	1.63708300e+07	6.37181263e+05	8.64328346e+01	5.55796556e+01	8.64328346e+00	5.55796556e+00	2.97687923e+06	3.81667366e-11
3.38000000e+01	2.84179998e+01	1.62714321e+07	6.33312522e+05	1.00000000e-09	1.00000000e-09	1.00000000e-10	1.00000000e-10	0.00000000e+00	3.50889914e-11
3.39000000e+01	2.85020767e+01	1.61720342e+07	6.29443781e+05	1.00000000e-09	1.00000000e-09	1.00000000e-10	1.00000000e-10	0.00000000e+00	3.22594338e-11
3.40000000e+01	2.85861536e+01	1.60726373e+07	6.25575081e+05	2.29265897e+01	3.38918019e+01	2.29265897e+00	3.38918019e+00	-1.05798214e+06	2.96580503e-11
3.41000000e+01	2.86702306e+01	1.59732242e+07	6.21705752e+05	8.89553011e+01	5.69519709e+01	8.89553011e+00	5.69519709e+00	3.08785194e+06	2.72664410e-11
3.42000000e+01	2.87543075e+01	1.58737478e+07	6.17833958e+05	1.00000000e-09	1.00000000e-09	1.00000000e-10	1.00000000e-10	0.00000000e+00	2.50676897e-11
3.43000000e+01	2.88383844e+01	1.57742715e+07	6.13962164e+05	1.00000000e-09	1.00000000e-09	1.00000000e-10	1.00000000e-10	0.00000000e+00	2.30462446e-11
3.44000000e+01	2.89224613e+01	1.56747961e+07	6.10090408e+05	1.00000000e-09	2.80620376e+01	1.00000000e-10	2.80620376e+00	-2.70757502e+06	2.11878078e-11
3.45000000e+01	2.90065383e+01	1.55753210e+07	6.06218665e+05	8.55928147e+01	5.76426663e+01	8.55928147e+00	5.76426663e+00	2.69677936e+06	1.94792342e-11
3.46000000e+01	2.90906152e+01	1.54757850e+07	6.02344548e+05	1.41226901e+01	1.00000000e-09	1.41226901e+00	1.00000000e-10	1.36263245e+06	1.79084392e-11
3.47000000e+01	2.91746921e+01	1.53762388e+07	5.98470039e+05	1.00000000e-09	1.00000000e-09	1.00000000e-10	1.00000000e-10	0.00000000e+00	1.64643122e-11
3.48000000e+01	2.92587690e+01	1.52766937e+07	5.94595567e+05	1.00000000e-09	2.23624212e+01	1.00000000e-10	2.23624212e+00	-2.15764564e+06	1.51366389e-11
3.49000000e+01	2.93428459e+01	1.51771489e+07	5.90721112e+05	7.56958292e+01	5.76998247e+01	7.56958292e+00	5.76998247e+00	1.73635048e+06	1.39160284e-11
3.50000000e+01	2.94269229e+01	1.50775502e+07	5.86844556e+05	3.49355807e+01	1.00000000e-09	3.49355807e+00	1.00000000e-10	3.37077111e+06	1.27938473e-11
3.51000000e+01	2.95109998e+01	1.49779266e+07	5.82967030e+05	1.00000000e-09	1.00000000e-09	1.00000000e-10	1.00000000e-10	0.00000000e+00	1.17621583e-11
3.52000000e+01	2.95950767e+01	1.48783038e+07	5.79089538e+05	1.00000000e-09	1.68892464e+01	1.00000000e-10	1.68892464e+00	-1.62956455e+06	1.08136641e-11
3.53000000e+01	2.96791536e+01	1.47786815e+07	5.75212067e+05	6.05022955e+01	5.71859455e+01	6.05022955e+00	5.71859455e+00	3.19979129e+05	9.94165601e-12
3.54000000e+01	2.97632306e+01	1.46790161e+07	5.71332915e+05	5.10601743e+01	1.00000000e-09	5.10601743e+00	1.00000000e-10	4.92655788e+06	9.13996618e-12
3.55000000e+01	2.98473075e+01	1.45793143e+07	5.67452345e+05	1.00000000e-09	1.00000000e-09	1.00000000e-10	1.00000000e-10	0.00000000e+00	8.40292419e-12
3.56000000e+01	2.99313844e+01	1.44796132e+07	5.63571805e+05	1.00000000e-09	1.17102693e+01	1.00000000e-10	1.17102693e+00	-1.12986922e+06	7.72531687e-12
3.57000000e+01	3.00154613e+01	1.43799127e+07	5.59691288e+05	4.19201340e+01	5.61648926e+01	4.19201340e+00	5.61648926e+00	-1.37441026e+06	7.10235144e-12
3.58000000e+01	3.00995383e+01	1.42801823e+07	5.55809607e+05	6.18371881e+01	1.00000000e-09	6.18371881e+00	1.00000000e-10	5.96638163e+06	6.52962161e-12
3.59000000e+01	3.01836152e+01	1.41804077e+07	5.51926206e+05	1.00000000e-09	1.00000000e-09	1.00000000e-10	1.00000000e-10	0.00000000e+00	6.00307641e-12
3.60000000e+01	3.02676921e+01	1.40806338e+07	5.48042832e+05	1.00000000e-09	6.86902999e+00	1.00000000e-10	6.86902999e-01	-6.62760639e+05	5.51899153e-12
3.61000000e+01	3.03517690e+01	1.39808606e+07	5.44159485e+05	2.16756319e+01	5.46923361e+01	2.16756319e+00	5.46923361e+00	-3.18562767e+06	5.07394300e-12
3.62000000e+01	3.04358459e+01	1.38810719e+07	5.40275534e+05	6.71623504e+01	1.00000000e-09	6.71623504e+00	1.00000000e-10	6.48018168e+06	4.66478295e-12
3.63000000e+01	3.05199229e+01	1.37812352e+07	5.36389715e+05	1.00000000e-09	1.00000000e-09	1.00000000e-10	1.00000000e-10	0.00000000e+00	4.28861734e-12
3.64000000e+01	3.06039998e+01	1.36813991e+07	5.32503919e+05	1.00000000e-09	2.39176353e+00	1.00000000e-10	2.39176353e-01	-2.30770098e+05	3.94278553e-12
3.65000000e+01	3.06880767e+01	1.35815637e+07	5.28618151e+05	1.17930440e+00	5.28140304e+01	1.17930440e-01	5.28140304e+00	-4.98199368e+06	3.62484141e-12
3.66000000e+01	3.07721536e+01	1.34817274e+07	5.24732351e+05	6.72420380e+01	1.00000000e-09	6.72420380e+00	1.00000000e-10	6.48787037e+06	3.33253613e-12
3.67000000e+01	3.08562306e+01	1.33818431e+07	5.20844679e+05	8.30044222e+00	1.00000000e-09	8.30044222e-01	1.00000000e-10	8.00870924e+05	3.06380220e-12
3.68000000e+01	3.09403075e+01	1.32819534e+07	5.16956795e+05	1.00000000e-09	1.00000000e-09	1.00000000e-10	1.00000000e-10	0.00000000e+00	2.81673882e-12
3.69000000e+01	3.10243844e+01	1.31820644e+07	5.13068941e+05	1.00000000e-09	5.05770545e+01	1.00000000e-10	5.05770545e+00	-4.87994390e+06	2.58959851e-12
3.70000000e+01	3.11084613e+01	1.30821754e+07	5.09181087e+05	6.14935234e+01	3.00647411e+00	6.14935234e+00	3.00647411e-01	5.64314238e+06	2.38077467e-12
3.71000000e+01	3.11925382e+01	1.29822424e+07	5.05291521e+05	2.62117575e+01	1.00000000e-09	2.62117575e+00	1.00000000e-10	2.52905013e+06	2.18879027e-12
3.72000000e+01	3.12766152e+01	1.28822910e+07	5.01401241e+05	1.00000000e-09	1.00000000e-09	1.00000000e-10	1.00000000e-10	0.00000000e+00	2.01228739e-12
3.73000000e+01	3.13606921e+01	1.27823405e+07	4.97510991e+05	1.00000000e-09	4.80603457e+01	1.00000000e-10	4.80603457e+00	-4.63711842e+06	1.85001761e-12
3.74000000e+01	3.14447690e+01	1.26823900e+07	4.93620742e+05	5.04985110e+01	6.65090387e+00	5.04985110e+00	6.65090387e-01	4.23065093e+06	1.70083318e-12
3.75000000e+01	3.15288459e+01	1.25824033e+07	4.89729086e+05	4.07674851e+01	1.00000000e-09	4.07674851e+00	1.00000000e-10	3.93346434e+06	1.56367890e-12
3.76000000e+01	3.16129229e+01	1.24823877e+07	4.85836305e+05	1.00000000e-09	1.00000000e-09	1.00000000e-10	1.00000000e-10	0.00000000e+00	1.43758467e-12
3.77000000e+01	3.16969998e+01	1.23823730e+07	4.81943557e+05	1.00000000e-09	4.53361706e+01	1.00000000e-10	4.53361706e+00	-4.37427548e+06	1.32165861e-12
3.78000000e+01	3.17810767e+01	1.22823582e+07	4.78050808e+05	3.57597080e+01	9.90622582e+00	3.57597080e+00	9.90622582e-01	2.49448182e+06	1.21508076e-12
3.79000000e+01	3.18651536e+01	1.21823179e+07	4.74157063e+05	5.09934337e+01	1.00000000e-09	5.09934337e+00	1.00000000e-10	4.92011839e+06	1.11709730e-12
3.80000000e+01	3.19492305e+01	1.20822412e+07	4.70261905e+05	1.00000000e-09	1.00000000e-09	1.00000000e-10	1.00000000e-10	0.00000000e+00	1.02701517e-12
3.81000000e+01	3.20333075e+01	1.19821653e+07	4.66366778e+05	1.00000000e-09	4.24645215e+01	1.00000000e-10	4.24645215e+00	-4.09720346e+06	9.44197214e-13
3.82000000e+01	3.21173844e+01	1.18820895e+07	4.62471651e+05	1.88696580e+01	1.27847628e+01	1.88696580e+00	1.27847628e+00	5.87103127e+05	8.68057654e-13
3.83000000e+01	3.22014613e+01	1.17820001e+07	4.58575998e+05	5.64709857e+01	1.00000000e-09	5.64709857e+00	1.00000000e-10	5.44862181e+06	7.98057949e-13
3.84000000e+01	3.22855382e+01	1.16818704e+07	4.54678776e+05	1.00000000e-09	1.00000000e-09	1.00000000e-10	1.00000000e-10	0.00000000e+00	7.33702982e-13
3.85000000e+01	3.23696152e+01	1.15817415e+07	4.50781584e+05	1.00000000e-09	3.94922117e+01	1.00000000e-10	3.94922117e+00	-3.81041916e+06	6.74537565e-13
3.86000000e+01	3.24536921e+01	1.14816126e+07	4.46884393e+05	1.29093973e+00	1.53008740e+01	1.29093973e-01	1.53008740e+00	-1.35175316e+06	6.20143216e-13
3.87000000e+01	3.25377690e+01	1.13814828e+07	4.42987166e+05	5.71789023e+01	1.00000000e-09	5.71789023e+00	1.00000000e-10	5.51692538e+06	5.70135198e-13
3.88000000e+01	3.26218459e+01	1.12813121e+07	4.39088346e+05	7.17519240e+00	1.00000000e-09	7.17519240e-01	1.00000000e-10	6.92300822e+05	5.24159800e-13
3.89000000e+01	3.27059228e+01	1.11811370e+07	4.35189357e+05	1.00000000e-09	3.64522134e+01	1.00000000e-10	3.64522134e+00	-3.51710392e+06	4.81891834e-13
3.90000000e+01	3.27899998e+01	1.10809619e+07	4.31290368e+05	1.00000000e-09	1.74676034e+01	1.00000000e-10	1.74676034e+00	-1.68536751e+06	4.43032333e-13
3.91000000e+01	3.28740767e+01	1.09807868e+07	4.27391378e+05	5.26615777e+01	1.00000000e-09	5.26615777e+00	1.00000000e-10	5.08106981e+06	4.07306443e-13
3.92000000e+01	3.29581536e+01	1.08805740e+07	4.23490919e+05	2.28600415e+01	1.00000000e-09	2.28600415e+00	1.00000000e-10	2.20565869e+06	3.74461468e-13
3.93000000e+01	3.30422305e+01	1.07803455e+07	4.19589852e+05	1.00000000e-09	3.33636349e+01	1.00000000e-10	3.33636349e+00	-3.21910140e+06	3.44265096e-13
3.94000000e+01	3.31263075e+01	1.06801170e+07	4.15688784e+05	1.00000000e-09	1.92634742e+01	1.00000000e-10	1.92634742e+00	-1.85864271e+06	3.16503742e-13
3.95000000e+01	3.32103844e+01	1.05798885e+07	4.11787717e+05	4.34058741e+01	1.00000000e-09	4.34058741e+00	1.00000000e-10	4.18803018e+06	2.90981049e-13
3.96000000e+01	3.32944613e+01	1.04796289e+07	4.07885438e+05	3.56580259e+01	1.00000000e-09	3.56580259e+00	1.00000000e-10	3.44047647e+06	2.67516493e-13
3.97000000e+01	3.33785382e+01	1.03793444e+07	4.03982191e+05	1.00000000e-09	3.02438376e+01	1.00000000e-10	3.02438376e+00	-2.91808672e+06	2.45944106e-13
3.98000000e+01	3.34626152e+01	1.02790600e+07	4.00078946e+05	1.00000000e-09	2.06852240e+01	1.00000000e-10	2.06852240e+00	-1.99582071e+06	2.26111304e-13
3.99000000e+01	3.35466921e+01	1.01787756e+07	3.96175702e+05	3.06755877e+01	1.00000000e-09	3.06755877e+00	1.00000000e-10	2.95974427e+06	2.07877809e-13
4.00000000e+01	3.36307690e+01	1.00784691e+07	3.92271600e+05	4.46322258e+01	1.00000000e-09	4.46322258e+00	1.00000000e-10	4.30635513e+06	1.91114654e-13
4.01000000e+01	3.37148459e+01	9.97813135e+06	3.88366279e+05	1.00000000e-09	2.71067754e+01	1.00000000e-10	2.71067754e+00	-2.61540623e+06	1.75703270e-13
4.02000000e+01	3.37989228e+01	9.87779369e+06	3.84460962e+05	1.00000000e-09	2.18029728e+01	1.00000000e-10	2.18029728e+00	-2.10366707e+06	1.61534652e-13
4.03000000e+01	3.38829998e+01	9.77745604e+06	3.80555646e+05	1.58646385e+01	1.00000000e-09	1.58646385e+00	1.00000000e-10	1.53070492e+06	1.48508584e-13
4.04000000e+01	3.39670767e+01	9.67710699e+06	3.76649886e+05	4.93290953e+01	1.00000000e-09	4.93290953e+00	1.00000000e-10	4.75953414e+06	1.36532931e-13
4.05000000e+01	3.40511536e+01	9.57672320e+06	3.72742773e+05	1.00000000e-09	2.39604277e+01	1.00000000e-10	2.39604277e+00	-2.31182983e+06	1.25522989e-13
4.06000000e+01	3.41352305e+01	9.47633958e+06	3.68835668e+05	1.00000000e-09	2.26312015e+01	1.00000000e-10	2.26312015e+00	-2.18357899e+06	1.15400882e-13
4.07000000e+01	3.42193075e+01	9.37595595e+06	3.64928562e+05	3.06999358e-01	1.00000000e-09	3.06999358e-02	1.00000000e-10	2.96209350e+04	1.06095016e-13
4.08000000e+01	3.43033844e+01	9.27557211e+06	3.61021448e+05	4.96570167e+01	1.00000000e-09	4.96570167e+00	1.00000000e-10	4.79117375e+06	9.75395708e-14
4.09000000e+01	3.43874613e+01	9.17515327e+06	3.57112971e+05	7.10922820e+00	2.08101729e+01	7.10922820e-01	2.08101729e+00	-1.32194020e+06	8.96740319e-14
4.10000000e+01	3.44715382e+01	9.07472952e+06	3.53204304e+05	1.00000000e-09	2.31801450e+01	1.00000000e-10	2.31801450e+00	-2.23654399e+06	8.24427658e-14
4.11000000e+01	3.45556151e+01	8.97430578e+06	3.49295637e+05	1.00000000e-09	1.00000000e-09	1.00000000e-10	1.00000000e-10	0.00000000e+00	7.57946252e-14
4.12000000e+01	3.46396921e+01	8.87388204e+06	3.45386969e+05	4.52089814e+01	1.00000000e-09	4.52089814e+00	1.00000000e-10	4.36200358e+06	6.96825871e-14
4.13000000e+01	3.47237690e+01	8.77342646e+06	3.41477063e+05	2.10915828e+01	1.76853187e+01	2.10915828e+00	1.76853187e+00	3.28654518e+05	6.40634205e-14
4.14000000e+01	3.48078459e+01	8.67295597e+06	3.37566576e+05	1.00000000e-09	2.34559202e+01	1.00000000e-10	2.34559202e+00	-2.26315226e+06	5.88973804e-14
4.15000000e+01	3.48919228e+01	8.57248547e+06	3.33656089e+05	1.00000000e-09	1.00000000e-09	1.00000000e-10	1.00000000e-10	0.00000000e+00	5.41479271e-14
4.16000000e+01	3.49759998e+01	8.47201497e+06	3.29745602e+05	3.64915965e+01	1.00000000e-09	3.64915965e+00	1.00000000e-10	3.52090381e+06	4.97814672e-14
4.17000000e+01	3.50600767e+01	8.37151888e+06	3.25834119e+05	3.23470681e+01	1.46205354e+01	3.23470681e+00	1.46205354e+00	1.71035040e+06	4.57671163e-14
4.18000000e+01	3.51441536e+01	8.27099980e+06	3.21921741e+05	1.00000000e-09	2.34691653e+01	1.00000000e-10	2.34691653e+00	-2.26443021e+06	4.20764804e-14
4.19000000e+01	3.52282305e+01	8.17048071e+06	3.18009363e+05	1.00000000e-09	1.00000000e-09	1.00000000e-10	1.00000000e-10	0.00000000e+00	3.86834555e-14
4.20000000e+01	3.53123074e+01	8.06996162e+06	3.14096984e+05	2.46769202e+01	1.00000000e-09	2.46769202e+00	1.00000000e-10	2.38096084e+06	3.55640423e-14
4.21000000e+01	3.53963844e+01	7.96942540e+06	3.10183939e+05	3.99245855e+01	1.16442433e+01	3.99245855e+00	1.16442433e+00	2.72863821e+06	3.26961769e-14
4.22000000e+01	3.54804613e+01	7.86886076e+06	3.06269788e+05	1.00000000e-09	2.32303311e+01	1.00000000e-10	2.32303311e+00	-2.24138621e+06	3.00595747e-14
4.23000000e+01	3.55645382e+01	7.76829612e+06	3.02355637e+05	1.00000000e-09	1.00000000e-09	1.00000000e-10	1.00000000e-10	0.00000000e+00	2.76355866e-14
4.24000000e+01	3.56486151e+01	7.66773147e+06	2.98441485e+05	1.11034225e+01	1.00000000e-09	1.11034225e+00	1.00000000e-10	1.07131741e+06	2.54070677e-14
4.25000000e+01	3.57326921e+01	7.56715943e+06	2.94527046e+05	4.33592382e+01	8.77835175e+00	4.33592382e+00	8.77835175e-01	3.33654831e+06	2.33582553e-14
4.26000000e+01	3.58167690e+01	7.46655651e+06	2.90611405e+05	1.00000000e-09	2.27487067e+01	1.00000000e-10	2.27487067e+00	-2.19491652e+06	2.14746581e-14
4.27000000e+01	3.59008459e+01	7.36595359e+06	2.86695764e+05	1.00000000e-09	1.00000000e-09	1.00000000e-10	1.00000000e-10	0.00000000e+00	1.97429531e-14
4.28000000e+01	3.59849228e+01	7.26535067e+06	2.82780123e+05	1.00000000e-09	1.00000000e-09	1.00000000e-10	1.00000000e-10	0.00000000e+00	1.81508919e-14
4.29000000e+01	3.60689997e+01	7.16474831e+06	2.78864503e+05	4.25150230e+01	6.03888759e+00	4.25150230e+00	6.03888759e-01	3.51941204e+06	1.66872137e-14
4.30000000e+01	3.61530767e+01	7.06411571e+06	2.74947707e+05	9.43822589e+00	2.20338222e+01	9.43822589e-01	2.20338222e+00	-1.21529029e+06	1.53415657e-14
4.31000000e+01	3.62371536e+01	6.96347630e+06	2.71030646e+05	1.00000000e-09	1.00000000e-09	1.00000000e-10	1.00000000e-10	0.00000000e+00	1.41044300e-14
4.32000000e+01	3.63212305e+01	6.86283690e+06	2.67113584e+05	1.00000000e-09	1.00000000e-09	1.00000000e-10	1.00000000e-10	0.00000000e+00	1.29670563e-14
4.33000000e+01	3.64053074e+01	6.76219802e+06	2.63196544e+05	3.72296850e+01	3.43656799e+00	3.72296850e+00	3.43656799e-01	3.26054012e+06	1.19213998e-14
4.34000000e+01	3.64893844e+01	6.66153272e+06	2.59278475e+05	2.14290619e+01	2.11073013e+01	2.14290619e+00	2.11073013e+00	3.10451707e+04	1.09600645e-14
4.35000000e+01	3.65734613e+01	6.56085198e+06	2.55359804e+05	1.00000000e-09	1.00000000e-09	1.00000000e-10	1.00000000e-10	0.00000000e+00	1.00762507e-14
4.36000000e+01	3.66575382e+01	6.46017123e+06	2.51441134e+05	1.00000000e-09	1.00000000e-09	1.00000000e-10	1.00000000e-10	0.00000000e+00	9.26370726e-15
4.37000000e+01	3.67416151e+01	6.35949098e+06	2.47522483e+05	2.83275403e+01	9.77785418e-01	2.83275403e+00	9.77785418e-02	2.63885018e+06	8.51668685e-15
4.38000000e+01	3.68256921e+01	6.25879074e+06	2.43603054e+05	3.05876097e+01	1.99930531e+01	3.05876097e+00	1.99930531e+00	1.02221931e+06	7.82990577e-15
4.39000000e+01	3.69097690e+01	6.15806844e+06	2.39682767e+05	1.00000000e-09	1.00000000e-09	1.00000000e-10	1.00000000e-10	0.00000000e+00	7.19850635e-15
4.40000000e+01	3.69938459e+01	6.05734615e+06	2.35762479e+05	1.00000000e-09	1.00000000e-09	1.00000000e-10	1.00000000e-10	0.00000000e+00	6.61802264e-15
4.41000000e+01	3.70779228e+01	5.95662431e+06	2.31842210e+05	1.69749524e+01	1.00000000e-09	1.69749524e+00	1.00000000e-10	1.63783392e+06	6.08434883e-15
4.42000000e+01	3.71619997e+01	5.85589068e+06	2.27921481e+05	3.61521558e+01	1.87128193e+01	3.61521558e+00	1.87128193e+00	1.68264018e+06	5.59371018e-15
4.43000000e+01	3.72460767e+01	5.75513098e+06	2.23999737e+05	1.00000000e-09	1.81225538e+00	1.00000000e-10	1.81225538e-01	-1.74856062e+05	5.14263638e-15
4.44000000e+01	3.73301536e+01	5.65437127e+06	2.20077994e+05	1.00000000e-09	1.00000000e-09	1.00000000e-10	1.00000000e-10	0.00000000e+00	4.72793693e-15
4.45000000e+01	3.74142305e+01	5.55361200e+06	2.16156267e+05	4.43690897e+00	1.00000000e-09	4.43690897e-01	1.00000000e-10	4.28096636e+05	4.34667862e-15
4.46000000e+01	3.74983074e+01	5.45284999e+06	2.12234434e+05	3.77867341e+01	1.72847380e+01	3.77867341e+00	1.72847380e+00	1.97814190e+06	3.99616478e-15
4.47000000e+01	3.75823844e+01	5.35206072e+06	2.08311540e+05	1.80499554e+00	3.94357374e+00	1.80499554e-01	3.94357374e-01	-2.06341428e+05	3.67391618e-15
4.48000000e+01	3.76664613e+01	5.25127014e+06	2.04388595e+05	1.00000000e-09	1.00000000e-09	1.00000000e-10	1.00000000e-10	0.00000000e+00	3.37765354e-15
4.49000000e+01	3.77505382e+01	5.15047997e+06	2.00465666e+05	1.00000000e-09	1.00000000e-09	1.00000000e-10	1.00000000e-10	0.00000000e+00	3.10528136e-15
4.50000000e+01	3.78346151e+01	5.04969028e+06	1.96542755e+05	3.53057216e+01	1.57216502e+01	3.53057216e+00	1.57216502e+00	1.88957563e+06	2.85487313e-15
4.51000000e+01	3.79186920e+01	4.94887510e+06	1.92618852e+05	1.36244970e+01	5.92757354e+00	1.36244970e+00	5.92757354e-01	7.42640212e+05	2.62465769e-15
4.52000000e+01	3.80027690e+01	4.84805009e+06	1.88694567e+05	1.00000000e-09	1.00000000e-09	1.00000000e-10	1.00000000e-10	0.00000000e+00	2.41300669e-15
4.53000000e+01	3.80868459e+01	4.74722547e+06	1.84770297e+05	1.00000000e-09	1.00000000e-09	1.00000000e-10	1.00000000e-10	0.00000000e+00	2.21842312e-15
4.54000000e+01	3.81709228e+01	4.64640132e+06	1.80846045e+05	2.88779433e+01	1.40332729e+01	2.88779433e+00	1.40332729e+00	1.43229295e+06	2.03953067e-15
4.55000000e+01	3.82549997e+01	4.54555633e+06	1.76920982e+05	2.33903150e+01	7.75387534e+00	2.33903150e+00	7.75387534e-01	1.50868708e+06	1.87506400e-15
4.56000000e+01	3.83390767e+01	4.44469445e+06	1.72995262e+05	1.00000000e-09	1.00000000e-09	1.00000000e-10	1.00000000e-10	0.00000000e+00	1.72385984e-15
4.57000000e+01	3.84231536e+01	4.34383292e+06	1.69069555e+05	1.00000000e-09	1.00000000e-09	1.00000000e-10	1.00000000e-10	0.00000000e+00	1.58484870e-15
4.58000000e+01	3.85072305e+01	4.24297189e+06	1.65143868e+05	1.94732548e+01	1.22290425e+01	1.94732548e+00	1.22290425e+00	6.98960224e+05	1.45704735e-15
4.59000000e+01	3.85913074e+01	4.14209679e+06	1.61217633e+05	3.00894573e+01	9.41228458e+00	3.00894573e+00	9.41228458e-01	1.99504388e+06	1.33955183e-15
4.60000000e+01	3.86753843e+01	4.04119996e+06	1.57290552e+05	1.00000000e-09	1.00000000e-09	1.00000000e-10	1.00000000e-10	0.00000000e+00	1.23153109e-15
4.61000000e+01	3.87594613e+01	3.94030346e+06	1.53363484e+05	1.00000000e-09	1.00000000e-09	1.00000000e-10	1.00000000e-10	0.00000000e+00	1.13222108e-15
4.62000000e+01	3.88435382e+01	3.83940745e+06	1.49436436e+05	8.32036638e+00	1.03161864e+01	8.32036638e-01	1.03161864e+00	-1.92567354e+05	1.04091937e-15
4.63000000e+01	3.89276151e+01	3.73850544e+06	1.45509154e+05	3.31558011e+01	1.08956678e+01	3.31558011e+00	1.08956678e+00	2.14777635e+06	9.56980191e-16
4.64000000e+01	3.90116920e+01	3.63757947e+06	1.41580939e+05	1.00000000e-09	1.00000000e-09	1.00000000e-10	1.00000000e-10	0.00000000e+00	8.79809819e-16
4.65000000e+01	3.90957690e+01	3.53665381e+06	1.37652736e+05	1.00000000e-09	1.00000000e-09	1.00000000e-10	1.00000000e-10	0.00000000e+00	8.08862425e-16
4.66000000e+01	3.91798459e+01	3.43572865e+06	1.33724553e+05	1.00000000e-09	8.30009437e+00	1.00000000e-10	8.30009437e-01	-8.00837362e+05	7.43636191e-16
4.67000000e+01	3.92639228e+01	3.33480349e+06	1.29796369e+05	3.23748697e+01	1.21990023e+01	3.23748697e+00	1.21990023e+00	1.94667526e+06	6.83669765e-16
4.68000000e+01	3.93479997e+01	3.23385494e+06	1.25867276e+05	8.77781375e+00	1.00000000e-09	8.77781375e-01	1.00000000e-10	8.46930275e+05	6.28539001e-16
4.69000000e+01	3.94320766e+01	3.13290032e+06	1.21937946e+05	1.00000000e-09	1.00000000e-09	1.00000000e-10	1.00000000e-10	0.00000000e+00	5.77853951e-16
4.70000000e+01	3.95161536e+01	3.03194621e+06	1.18008636e+05	1.00000000e-09	6.19517235e+00	1.00000000e-10	6.19517235e-01	-5.97743262e+05	5.31256117e-16
4.71000000e+01	3.96002305e+01	2.93099211e+06	1.14079326e+05	2.76981918e+01	1.33178665e+01	2.76981918e+00	1.33178665e+00	1.38749046e+06	4.88415907e-16
4.72000000e+01	3.96843074e+01	2.83001798e+06	1.10149237e+05	1.84927271e+01	1.00000000e-09	1.84927271e+00	1.00000000e-10	1.78427692e+06	4.49030309e-16
4.73000000e+01	3.97683843e+01	2.72903073e+06	1.06218637e+05	1.00000000e-09	1.00000000e-09	1.00000000e-10	1.00000000e-10	0.00000000e+00	4.12820745e-16
4.74000000e+01	3.98524613e+01	2.62804401e+06	1.02288057e+05	1.00000000e-09	4.02332438e+00	1.00000000e-10	4.02332438e-01	-3.88191789e+05	3.79531100e-16
4.75000000e+01	3.99365382e+01	2.52705729e+06	9.83574781e+04	1.98579213e+01	1.42518438e+01	1.98579213e+00	1.42518438e+00	5.40904248e+05	3.48925915e-16
4.76000000e+01	4.00206151e+01	2.42605621e+06	9.44263398e+04	2.55832502e+01	1.00000000e-09	2.55832502e+00	1.00000000e-10	2.46840839e+06	3.20788716e-16
4.77000000e+01	4.01046920e+01	2.32503685e+06	9.04944901e+04	1.00000000e-09	1.00000000e-09	1.00000000e-10	1.00000000e-10	0.00000000e+00	2.94920485e-16
4.78000000e+01	4.01887690e+01	2.22401801e+06	8.65626608e+04	1.00000000e-09	1.80363572e+00	1.00000000e-10	1.80363572e-01	-1.74024391e+05	2.71138254e-16
4.79000000e+01	4.02728459e+01	2.12299918e+06	8.26308316e+04	9.95469963e+00	1.50033453e+01	9.95469963e-01	1.50033453e+00	-4.87120257e+05	2.49273810e-16
4.80000000e+01	4.03569228e+01	2.02197315e+06	7.86987222e+04	2.93602454e+01	1.00000000e-09	2.93602454e+00	1.00000000e-10	2.83283303e+06	2.29172503e-16
4.81000000e+01	4.04409997e+01	1.92092607e+06	7.47657939e+04	1.00000000e-09	1.00000000e-09	1.00000000e-10	1.00000000e-10	0.00000000e+00	2.10692155e-16
4.82000000e+01	4.05250766e+01	1.81987953e+06	7.08328860e+04	1.00000000e-09	1.00000000e-09	1.00000000e-10	1.00000000e-10	0.00000000e+00	1.93702052e-16
4.83000000e+01	4.06091536e+01	1.71883298e+06	6.68999782e+04	1.00000000e-09	1.55761606e+01	1.00000000e-10	1.55761606e+00	-1.50287103e+06	1.78082022e-16
4.84000000e+01	4.06932305e+01	1.61778644e+06	6.29670704e+04	2.95268717e+01	8.44557123e-01	2.95268717e+00	8.44557123e-02	2.76742265e+06	1.63721583e-16
4.85000000e+01	4.07773074e+01	1.51671871e+06	5.90333380e+04	5.96545590e+00	1.00000000e-09	5.96545590e-01	1.00000000e-10	5.75578993e+05	1.50519162e-16
4.86000000e+01	4.08613843e+01	1.41564718e+06	5.50994580e+04	1.00000000e-09	1.00000000e-09	1.00000000e-10	1.00000000e-10	0.00000000e+00	1.38381377e-16
4.87000000e+01	4.09454613e+01	1.31457566e+06	5.11655780e+04	1.00000000e-09	1.59741393e+01	1.00000000e-10	1.59741393e+00	-1.54127014e+06	1.27222377e-16
4.88000000e+01	4.10295382e+01	1.21350414e+06	4.72316980e+04	2.59271463e+01	3.12757430e+00	2.59271463e+00	3.12757430e-01	2.19982428e+06	1.16963232e-16
4.89000000e+01	4.11136151e+01	1.11241401e+06	4.32970939e+04	1.54449908e+01	1.00000000e-09	1.54449908e+00	1.00000000e-10	1.49021506e+06	1.07531379e-16
4.90000000e+01	4.11976920e+01	1.01131323e+06	3.93620750e+04	1.00000000e-09	1.00000000e-09	1.00000000e-10	1.00000000e-10	0.00000000e+00	9.88601065e-17
4.91000000e+01	4.12817689e+01	9.10212443e+05	3.54270561e+04	1.00000000e-09	1.61968209e+01	1.00000000e-10	1.61968209e+00	-1.56275564e+06	9.08880802e-17
4.92000000e+01	4.13658459e+01	8.09111659e+05	3.14920373e+04	1.90978076e+01	5.41818927e+00	1.90978076e+00	5.41818927e-01	1.31988252e+06	8.35589140e-17
4.93000000e+01	4.14499228e+01	7.07997185e+05	2.75564855e+04	2.26082132e+01	1.00000000e-09	2.26082132e+00	1.00000000e-10	2.18136096e+06	7.68207678e-17
4.94000000e+01	4.15339997e+01	6.06866868e+05	2.36203172e+04	1.00000000e-09	1.00000000e-09	1.00000000e-10	1.00000000e-10	0.00000000e+00	7.06259821e-17
4.95000000e+01	4.16180766e+01	5.05736551e+05	1.96841488e+04	1.00000000e-09	1.62437818e+01	1.00000000e-10	1.62437818e+00	-1.56728668e+06	6.49307406e-17
4.96000000e+01	4.17021536e+01	4.04606234e+05	1.57479805e+04	1.00531748e+01	7.71029638e+00	1.00531748e+00	7.71029638e-01	2.26053399e+05	5.96947603e-17
4.97000000e+01	4.17862305e+01	3.03468750e+05	1.18115332e+04	2.66413567e+01	1.00000000e-09	2.66413567e+00	1.00000000e-10	2.57050015e+06	5.48810067e-17
4.98000000e+01	4.18703074e+01	2.02312500e+05	7.87435543e+03	1.00000000e-09	1.00000000e-09	1.00000000e-10	1.00000000e-10	0.00000000e+00	5.04554316e-17
4.99000000e+01	4.19543843e+01	1.01156250e+05	3.93717772e+03	1.00000000e-09	1.61157223e+01	1.00000000e-10	1.61157223e+00	-1.55493082e+06	4.63867326e-17
5.00000000e+01	4.20384612e+01	0.00000000e+00	0.00000000e+00	1.00000000e+01	1.00000000e+01	1.00000000e+00	1.00000000e+00	0.00000000e+00	4.26461312e-17
