# 1D PNP Solver Results
# Debye length: 1.18939 nm
# Surface potential: 100 mV
# Bulk concentration: 10 mol/m^3
# Thermal voltage: 25.6926 mV
# Grid: non-uniform with stretching factor 1
#
# Columns:
# 1: x [nm]
# 2: x/lambda_D [-]
# 3: phi [mV]
# 4: phi_normalized = e*phi/(kB*T) [-]
# 5: c+ [mol/m^3]
# 6: c- [mol/m^3]
# 7: c+/c0 [-]
# 8: c-/c0 [-]
# 9: rho [C/m^3]
# 10: phi_GC [mV] (Gouy-Chapman analytical)
0.00000000e+00	0.00000000e+00	1.00000000e+02	3.89217445e+00	1.00000000e-09	1.00000000e-09	1.00000000e-10	1.00000000e-10	0.00000000e+00	1.00000000e+02
1.00000000e-01	8.40769225e-02	1.19192100e+05	4.63916444e+03	1.00000000e-09	1.00000000e-09	1.00000000e-10	1.00000000e-10	0.00000000e+00	8.70576373e+01
2.00000000e-01	1.68153845e-01	2.38284199e+05	9.27443671e+03	2.56775357e+04	1.00000000e-09	2.56775357e+03	1.00000000e-10	2.47750556e+09	7.68715638e+01
3.00000000e-01	2.52230767e-01	3.54791909e+05	1.38091200e+04	1.00000000e-09	1.00000000e-09	1.00000000e-10	1.00000000e-10	0.00000000e+00	6.85207345e+01
4.00000000e-01	3.36307690e-01	4.71260992e+05	1.83422999e+04	1.00000000e-09	1.00000000e-09	1.00000000e-10	1.00000000e-10	0.00000000e+00	6.14862309e+01
5.00000000e-01	4.20384612e-01	5.87730076e+05	2.28754798e+04	4.57199938e+03	1.00000000e-09	4.57199938e+02	1.00000000e-10	4.41130879e+08	5.54461690e+01
6.00000000e-01	5.04461535e-01	7.04199159e+05	2.74086598e+04	2.59941952e+04	1.00000000e-09	2.59941952e+03	1.00000000e-10	2.50805856e+09	5.01866549e+01
7.00000000e-01	5.88538457e-01	8.18083859e+05	3.18412509e+04	1.00000000e-09	1.00000000e-09	1.00000000e-10	1.00000000e-10	0.00000000e+00	4.55579535e+01
8.00000000e-01	6.72615380e-01	9.31890122e+05	3.62707892e+04	1.00000000e-09	1.00000000e-09	1.00000000e-10	1.00000000e-10	0.00000000e+00	4.14508515e+01
9.00000000e-01	7.56692302e-01	1.04569638e+06	4.07003275e+04	9.91280478e+03	1.00000000e-09	9.91280478e+02	1.00000000e-10	9.56440261e+08	3.77829914e+01
1.00000000e+00	8.40769225e-01	1.15950265e+06	4.51298657e+04	2.66681660e+04	1.00000000e-09	2.66681660e+03	1.00000000e-10	2.57308685e+09	3.44905241e+01
1.10000000e+00	9.24846147e-01	1.27072454e+06	4.94588157e+04	1.00000000e-09	1.00000000e-09	1.00000000e-10	1.00000000e-10	0.00000000e+00	3.15227780e+01
1.20000000e+00	1.00892307e+00	1.38182690e+06	5.37831137e+04	1.00000000e-09	1.00000000e-09	1.00000000e-10	1.00000000e-10	0.00000000e+00	2.88387272e+01
1.30000000e+00	1.09299999e+00	1.49292927e+06	5.81074117e+04	1.54682562e+04	1.00000000e-09	1.54682562e+03	1.00000000e-10	1.49245983e+09	2.64045776e+01
1.40000000e+00	1.17707691e+00	1.60403164e+06	6.24317097e+04	2.77312717e+04	1.00000000e-09	2.77312717e+03	1.00000000e-10	2.67566096e+09	2.41920729e+01
1.50000000e+00	1.26115384e+00	1.71254965e+06	6.66554200e+04	1.00000000e-09	1.00000000e-09	1.00000000e-10	1.00000000e-10	0.00000000e+00	2.21772778e+01
1.60000000e+00	1.34523076e+00	1.82090569e+06	7.08728261e+04	1.00000000e-09	1.00000000e-09	1.00000000e-10	1.00000000e-10	0.00000000e+00	2.03396868e+01
1.70000000e+00	1.42930768e+00	1.92926173e+06	7.50902321e+04	2.12371339e+04	1.00000000e-09	2.12371339e+03	1.00000000e-10	2.04907192e+09	1.86615585e+01
1.80000000e+00	1.51338460e+00	2.03761777e+06	7.93076382e+04	2.92189106e+04	1.00000000e-09	2.92189106e+03	1.00000000e-10	2.81919630e+09	1.71274116e+01
1.90000000e+00	1.59746153e+00	2.14338947e+06	8.34244574e+04	1.00000000e-09	1.00000000e-09	1.00000000e-10	1.00000000e-10	0.00000000e+00	1.57236358e+01
2.00000000e+00	1.68153845e+00	2.24895528e+06	8.75332628e+04	1.00000000e-09	1.00000000e-09	1.00000000e-10	1.00000000e-10	0.00000000e+00	1.44381886e+01
2.10000000e+00	1.76561537e+00	2.35452109e+06	9.16420683e+04	2.72166046e+04	1.00000000e-09	2.72166046e+03	1.00000000e-10	2.62600313e+09	1.32603556e+01
2.20000000e+00	1.84969229e+00	2.46008690e+06	9.57508737e+04	3.11705820e+04	1.00000000e-09	3.11705820e+03	1.00000000e-10	3.00750396e+09	1.21805577e+01
2.30000000e+00	1.93376922e+00	2.56306840e+06	9.97590932e+04	1.00000000e-09	1.00000000e-09	1.00000000e-10	1.00000000e-10	0.00000000e+00	1.11901960e+01
2.40000000e+00	2.01784614e+00	2.66579849e+06	1.03757528e+05	1.00000000e-09	1.00000000e-09	1.00000000e-10	1.00000000e-10	0.00000000e+00	1.02815237e+01
2.50000000e+00	2.10192306e+00	2.76852858e+06	1.07755962e+05	3.34017966e+04	1.00000000e-09	3.34017966e+03	1.00000000e-10	3.22278344e+09	9.44754093e+00
2.60000000e+00	2.18599998e+00	2.87125868e+06	1.11754397e+05	3.36305104e+04	1.00000000e-09	3.36305104e+03	1.00000000e-10	3.24485097e+09	8.68190590e+00
2.70000000e+00	2.27007691e+00	2.97140449e+06	1.15652246e+05	1.00000000e-09	1.00000000e-09	1.00000000e-10	1.00000000e-10	0.00000000e+00	7.97886054e+00
2.80000000e+00	2.35415383e+00	3.07125167e+06	1.19538473e+05	1.00000000e-09	1.00000000e-09	1.00000000e-10	1.00000000e-10	0.00000000e+00	7.33316685e+00
2.90000000e+00	2.43823075e+00	3.17109886e+06	1.23424699e+05	3.97852627e+04	1.00000000e-09	3.97852627e+03	1.00000000e-10	3.83869429e+09	6.74005227e+00
3.00000000e+00	2.52230767e+00	3.27094604e+06	1.27310926e+05	3.66483894e+04	1.00000000e-09	3.66483894e+03	1.00000000e-10	3.53603202e+09	6.19516235e+00
3.10000000e+00	2.60638460e+00	3.36820898e+06	1.31096569e+05	1.00000000e-09	1.00000000e-09	1.00000000e-10	1.00000000e-10	0.00000000e+00	5.69451955e+00
3.20000000e+00	2.69046152e+00	3.46512420e+06	1.34868679e+05	1.00000000e-09	1.00000000e-09	1.00000000e-10	1.00000000e-10	0.00000000e+00	5.23448697e+00
3.30000000e+00	2.77453844e+00	3.56203942e+06	1.38640788e+05	4.63562952e+04	1.00000000e-09	4.63562952e+03	1.00000000e-10	4.47270254e+09	4.81173646e+00
3.40000000e+00	2.85861536e+00	3.65895465e+06	1.42412898e+05	4.02802730e+04	1.00000000e-09	4.02802730e+03	1.00000000e-10	3.88645552e+09	4.42322017e+00
3.50000000e+00	2.94269229e+00	3.75328567e+06	1.46084426e+05	1.00000000e-09	1.00000000e-09	1.00000000e-10	1.00000000e-10	0.00000000e+00	4.06614534e+00
3.60000000e+00	3.02676921e+00	3.84721787e+06	1.49740431e+05	1.00000000e-09	1.00000000e-09	1.00000000e-10	1.00000000e-10	0.00000000e+00	3.73795159e+00
3.70000000e+00	3.11084613e+00	3.94115008e+06	1.53396436e+05	5.31000471e+04	1.00000000e-09	5.31000471e+03	1.00000000e-10	5.12337568e+09	3.43629058e+00
3.80000000e+00	3.19492305e+00	4.03508228e+06	1.57052442e+05	4.45896499e+04	1.00000000e-09	4.45896499e+03	1.00000000e-10	4.30224718e+09	3.15900770e+00
3.90000000e+00	3.27899998e+00	4.12643034e+06	1.60607867e+05	1.00000000e-09	1.00000000e-09	1.00000000e-10	1.00000000e-10	0.00000000e+00	2.90412542e+00
4.00000000e+00	3.36307690e+00	4.21732628e+06	1.64145696e+05	1.00000000e-09	1.00000000e-09	1.00000000e-10	1.00000000e-10	0.00000000e+00	2.66982829e+00
4.10000000e+00	3.44715382e+00	4.30822221e+06	1.67683524e+05	5.99963978e+04	1.00000000e-09	5.99963978e+03	1.00000000e-10	5.78877237e+09	2.45444929e+00
4.20000000e+00	3.53123074e+00	4.39911815e+06	1.71221353e+05	4.96487445e+04	1.00000000e-09	4.96487445e+03	1.00000000e-10	4.79037560e+09	2.25645740e+00
4.30000000e+00	3.61530767e+00	4.48743001e+06	1.74658604e+05	1.00000000e-09	1.00000000e-09	1.00000000e-10	1.00000000e-10	0.00000000e+00	2.07444628e+00
4.40000000e+00	3.69938459e+00	4.57523406e+06	1.78076091e+05	1.00000000e-09	1.00000000e-09	1.00000000e-10	1.00000000e-10	0.00000000e+00	1.90712395e+00
4.50000000e+00	3.78346151e+00	4.66303811e+06	1.81493578e+05	6.70184754e+04	1.00000000e-09	6.70184754e+03	1.00000000e-10	6.46629986e+09	1.75330334e+00
4.60000000e+00	3.86753843e+00	4.75084217e+06	1.84911065e+05	5.55401045e+04	1.00000000e-09	5.55401045e+03	1.00000000e-10	5.35880543e+09	1.61189369e+00
4.70000000e+00	3.95161536e+00	4.83606220e+06	1.88227977e+05	1.00000000e-09	1.00000000e-09	1.00000000e-10	1.00000000e-10	0.00000000e+00	1.48189263e+00
4.80000000e+00	4.03569228e+00	4.92071616e+06	1.91522857e+05	1.00000000e-09	1.00000000e-09	1.00000000e-10	1.00000000e-10	0.00000000e+00	1.36237899e+00
4.90000000e+00	4.11976920e+00	5.00537011e+06	1.94817737e+05	7.41307162e+04	1.00000000e-09	7.41307162e+03	1.00000000e-10	7.15252678e+09	1.25250612e+00
5.00000000e+00	4.20384612e+00	5.09002407e+06	1.98112616e+05	6.23585470e+04	1.00000000e-09	6.23585470e+03	1.00000000e-10	6.01668511e+09	1.15149587e+00
5.10000000e+00	4.28792305e+00	5.17209408e+06	2.01306924e+05	1.00000000e-09	1.00000000e-09	1.00000000e-10	1.00000000e-10	0.00000000e+00	1.05863300e+00
5.20000000e+00	4.37199997e+00	5.25353691e+06	2.04476821e+05	1.00000000e-09	1.00000000e-09	1.00000000e-10	1.00000000e-10	0.00000000e+00	9.73260072e-01
5.30000000e+00	4.45607689e+00	5.33497973e+06	2.07646718e+05	8.12862917e+04	1.00000000e-09	8.12862917e+03	1.00000000e-10	7.84293485e+09	8.94772759e-01
5.40000000e+00	4.54015381e+00	5.41642255e+06	2.10816615e+05	7.02135617e+04	1.00000000e-09	7.02135617e+03	1.00000000e-10	6.77457882e+09	8.22615544e-01
5.50000000e+00	4.62423074e+00	5.49528152e+06	2.13885943e+05	1.00000000e-09	1.00000000e-09	1.00000000e-10	1.00000000e-10	0.00000000e+00	7.56277766e-01
5.60000000e+00	4.70830766e+00	5.57344909e+06	2.16928362e+05	1.00000000e-09	1.00000000e-09	1.00000000e-10	1.00000000e-10	0.00000000e+00	6.95289988e-01
5.70000000e+00	4.79238458e+00	5.65161667e+06	2.19970780e+05	8.84236591e+04	1.00000000e-09	8.84236591e+03	1.00000000e-10	8.53158612e+09	6.39220665e-01
5.80000000e+00	4.87646150e+00	5.72978424e+06	2.23013198e+05	7.92322962e+04	1.00000000e-09	7.92322962e+03	1.00000000e-10	7.64475442e+09	5.87673079e-01
5.90000000e+00	4.96053843e+00	5.80536806e+06	2.25955052e+05	1.00000000e-09	1.00000000e-09	1.00000000e-10	1.00000000e-10	0.00000000e+00	5.40282524e-01
6.00000000e+00	5.04461535e+00	5.88019290e+06	2.28867366e+05	1.00000000e-09	1.00000000e-09	1.00000000e-10	1.00000000e-10	0.00000000e+00	4.96713722e-01
6.10000000e+00	5.12869227e+00	5.95501775e+06	2.31779679e+05	9.54618849e+04	1.00000000e-09	9.54618849e+03	1.00000000e-10	9.21067167e+09	4.56658442e-01
6.20000000e+00	5.21276919e+00	6.02984259e+06	2.34691993e+05	8.95632859e+04	1.00000000e-09	8.95632859e+03	1.00000000e-10	8.64154339e+09	4.19833321e-01
6.30000000e+00	5.29684612e+00	6.10208380e+06	2.37503746e+05	1.00000000e-09	1.00000000e-09	1.00000000e-10	1.00000000e-10	0.00000000e+00	3.85977854e-01
6.40000000e+00	5.38092304e+00	6.17349477e+06	2.40283186e+05	1.00000000e-09	1.00000000e-09	1.00000000e-10	1.00000000e-10	0.00000000e+00	3.54852548e-01
6.50000000e+00	5.46499996e+00	6.24490574e+06	2.43062626e+05	1.02294218e+05	1.00000000e-09	1.02294218e+04	1.00000000e-10	9.86989163e+09	3.26237227e-01
6.60000000e+00	5.54907688e+00	6.31631671e+06	2.45842065e+05	1.01381166e+05	1.00000000e-09	1.01381166e+04	1.00000000e-10	9.78179544e+09	2.99929475e-01
6.70000000e+00	5.63315381e+00	6.38514418e+06	2.48520950e+05	1.00000000e-09	1.00000000e-09	1.00000000e-10	1.00000000e-10	0.00000000e+00	2.75743201e-01
6.80000000e+00	5.71723073e+00	6.45306613e+06	2.51164591e+05	1.00000000e-09	1.00000000e-09	1.00000000e-10	1.00000000e-10	0.00000000e+00	2.53507323e-01
6.90000000e+00	5.80130765e+00	6.52098808e+06	2.53808232e+05	1.08779131e+05	1.00000000e-09	1.08779131e+04	1.00000000e-10	1.04955906e+10	2.33064554e-01
7.00000000e+00	5.88538457e+00	6.58891003e+06	2.56451873e+05	1.14892652e+05	1.00000000e-09	1.14892652e+04	1.00000000e-10	1.10854557e+10	2.14270296e-01
7.10000000e+00	5.96946150e+00	6.65424862e+06	2.58994965e+05	1.00000000e-09	1.00000000e-09	1.00000000e-10	1.00000000e-10	0.00000000e+00	1.96991610e-01
7.20000000e+00	6.05353842e+00	6.71860202e+06	2.61499711e+05	1.00000000e-09	1.00000000e-09	1.00000000e-10	1.00000000e-10	0.00000000e+00	1.81106277e-01
7.30000000e+00	6.13761534e+00	6.78295543e+06	2.64004458e+05	1.14727618e+05	1.00000000e-09	1.14727618e+04	1.00000000e-10	1.10695323e+10	1.66501937e-01
7.40000000e+00	6.22169226e+00	6.84730884e+06	2.66509205e+05	1.30344169e+05	1.00000000e-09	1.30344169e+04	1.00000000e-10	1.25763004e+10	1.53075289e-01
7.50000000e+00	6.30576919e+00	6.90907906e+06	2.68913410e+05	1.00000000e-09	1.00000000e-09	1.00000000e-10	1.00000000e-10	0.00000000e+00	1.40731363e-01
7.60000000e+00	6.38984611e+00	6.96977962e+06	2.71275981e+05	1.00000000e-09	1.00000000e-09	1.00000000e-10	1.00000000e-10	0.00000000e+00	1.29382849e-01
7.70000000e+00	6.47392303e+00	7.03048018e+06	2.73638553e+05	1.19884871e+05	1.00000000e-09	1.19884871e+04	1.00000000e-10	1.15671316e+10	1.18949475e-01
7.80000000e+00	6.55799995e+00	7.09118074e+06	2.76001125e+05	1.48031607e+05	1.00000000e-09	1.48031607e+04	1.00000000e-10	1.42828788e+10	1.09357445e-01
7.90000000e+00	6.64207688e+00	7.14929831e+06	2.78263162e+05	1.00000000e-09	1.00000000e-09	1.00000000e-10	1.00000000e-10	0.00000000e+00	1.00538914e-01
8.00000000e+00	6.72615380e+00	7.20625652e+06	2.80480075e+05	1.00000000e-09	1.00000000e-09	1.00000000e-10	1.00000000e-10	0.00000000e+00	9.24315047e-02
8.10000000e+00	6.81023072e+00	7.26321472e+06	2.82696988e+05	1.23903268e+05	1.00000000e-09	1.23903268e+04	1.00000000e-10	1.19548479e+10	8.49778740e-02
8.20000000e+00	6.89430764e+00	7.32017293e+06	2.84913900e+05	1.68312794e+05	1.00000000e-09	1.68312794e+04	1.00000000e-10	1.62397158e+10	7.81253008e-02
8.30000000e+00	6.97838457e+00	7.37454838e+06	2.87030288e+05	1.00000000e-09	1.00000000e-09	1.00000000e-10	1.00000000e-10	0.00000000e+00	7.18253161e-02
8.40000000e+00	7.06246149e+00	7.42766905e+06	2.89097837e+05	1.00000000e-09	1.00000000e-09	1.00000000e-10	1.00000000e-10	0.00000000e+00	6.60333593e-02
8.50000000e+00	7.14653841e+00	7.48078971e+06	2.91165386e+05	1.26301622e+05	1.00000000e-09	1.26301622e+04	1.00000000e-10	1.21862539e+10	6.07084632e-02
8.60000000e+00	7.23061533e+00	7.53391037e+06	2.93232935e+05	1.91623300e+05	1.00000000e-09	1.91623300e+04	1.00000000e-10	1.84888378e+10	5.58129641e-02
8.70000000e+00	7.31469226e+00	7.58444856e+06	2.95199969e+05	1.00000000e-09	1.00000000e-09	1.00000000e-10	1.00000000e-10	0.00000000e+00	5.13122357e-02
8.80000000e+00	7.39876918e+00	7.63363034e+06	2.97114210e+05	1.00000000e-09	1.00000000e-09	1.00000000e-10	1.00000000e-10	0.00000000e+00	4.71744438e-02
8.90000000e+00	7.48284610e+00	7.68281211e+06	2.99028450e+05	1.26402018e+05	1.00000000e-09	1.26402018e+04	1.00000000e-10	1.21959407e+10	4.33703214e-02
9.00000000e+00	7.56692302e+00	7.73199388e+06	3.00942690e+05	2.18496032e+05	1.00000000e-09	2.18496032e+04	1.00000000e-10	2.10816622e+10	3.98729614e-02
9.10000000e+00	7.65099995e+00	7.77859351e+06	3.02756429e+05	1.00000000e-09	1.00000000e-09	1.00000000e-10	1.00000000e-10	0.00000000e+00	3.66576268e-02
9.20000000e+00	7.73507687e+00	7.82372838e+06	3.04513157e+05	1.00000000e-09	1.00000000e-09	1.00000000e-10	1.00000000e-10	0.00000000e+00	3.37015752e-02
9.30000000e+00	7.81915379e+00	7.86886325e+06	3.06269885e+05	1.23228790e+05	1.00000000e-09	1.23228790e+04	1.00000000e-10	1.18897708e+10	3.09838980e-02
9.40000000e+00	7.90323071e+00	7.91399812e+06	3.08026613e+05	2.49584073e+05	1.00000000e-09	2.49584073e+04	1.00000000e-10	2.40812022e+10	2.84853728e-02
9.50000000e+00	7.98730764e+00	7.95655124e+06	3.09682855e+05	1.00000000e-09	1.00000000e-09	1.00000000e-10	1.00000000e-10	0.00000000e+00	2.61883275e-02
9.60000000e+00	8.07138456e+00	7.99752404e+06	3.11277587e+05	1.00000000e-09	1.00000000e-09	1.00000000e-10	1.00000000e-10	0.00000000e+00	2.40765146e-02
9.70000000e+00	8.15546148e+00	8.03849684e+06	3.12872320e+05	1.15340903e+05	1.00000000e-09	1.15340903e+04	1.00000000e-10	1.11287053e+10	2.21349973e-02
9.80000000e+00	8.23953840e+00	8.07946964e+06	3.14467053e+05	2.85683206e+05	1.00000000e-09	2.85683206e+04	1.00000000e-10	2.75642390e+10	2.03500429e-02
9.90000000e+00	8.32361533e+00	8.11786116e+06	3.15961318e+05	1.00000000e-09	1.00000000e-09	1.00000000e-10	1.00000000e-10	0.00000000e+00	1.87090262e-02
1.00000000e+01	8.40769225e+00	8.15454910e+06	3.17389277e+05	1.00000000e-09	1.00000000e-09	1.00000000e-10	1.00000000e-10	0.00000000e+00	1.72003403e-02
1.01000000e+01	8.49176917e+00	8.19123705e+06	3.18817235e+05	1.00541478e+05	1.00000000e-09	1.00541478e+04	1.00000000e-10	9.70077791e+09	1.58133140e-02
1.02000000e+01	8.57584609e+00	8.22792499e+06	3.20245194e+05	3.27740928e+05	1.00000000e-09	3.27740928e+04	1.00000000e-10	3.16221923e+10	1.45381368e-02
1.03000000e+01	8.65992302e+00	8.26203223e+06	3.21572708e+05	1.00000000e-09	1.00000000e-09	1.00000000e-10	1.00000000e-10	0.00000000e+00	1.33657892e-02
1.04000000e+01	8.74399994e+00	8.29430460e+06	3.22828804e+05	1.00000000e-09	1.00000000e-09	1.00000000e-10	1.00000000e-10	0.00000000e+00	1.22879791e-02
1.05000000e+01	8.82807686e+00	8.32657697e+06	3.24084901e+05	7.53473051e+04	1.00000000e-09	7.53473051e+03	1.00000000e-10	7.26990976e+09	1.12970830e-02
1.06000000e+01	8.91215378e+00	8.35884934e+06	3.25340998e+05	3.76808331e+05	1.00000000e-09	3.76808331e+04	1.00000000e-10	3.63564770e+10	1.03860923e-02
1.07000000e+01	8.99623071e+00	8.38854171e+06	3.26496677e+05	1.00000000e-09	1.00000000e-09	1.00000000e-10	1.00000000e-10	0.00000000e+00	9.54856333e-03
1.08000000e+01	9.08030763e+00	8.41625986e+06	3.27575516e+05	1.00000000e-09	1.00000000e-09	1.00000000e-10	1.00000000e-10	0.00000000e+00	8.77857228e-03
1.09000000e+01	9.16438455e+00	8.44397800e+06	3.28654354e+05	3.39557580e+04	1.00000000e-09	3.39557580e+03	1.00000000e-10	3.27623259e+09	8.07067289e-03
1.10000000e+01	9.24846147e+00	8.47169615e+06	3.29733193e+05	4.33792956e+05	1.00000000e-09	4.33792956e+04	1.00000000e-10	4.18546574e+10	7.41985814e-03
1.11000000e+01	9.33253840e+00	8.49683516e+06	3.30711647e+05	1.00000000e-09	1.00000000e-09	1.00000000e-10	1.00000000e-10	0.00000000e+00	6.82152474e-03
1.12000000e+01	9.41661532e+00	8.51985316e+06	3.31607548e+05	1.00000000e-09	1.00000000e-09	1.00000000e-10	1.00000000e-10	0.00000000e+00	6.27144062e-03
1.13000000e+01	9.50069224e+00	8.54287115e+06	3.32503448e+05	1.00000000e-09	1.00000000e-09	1.00000000e-10	1.00000000e-10	0.00000000e+00	5.76571500e-03
1.14000000e+01	9.58476916e+00	8.56588915e+06	3.33399349e+05	4.98518529e+05	1.00000000e-09	4.98518529e+04	1.00000000e-10	4.80997258e+10	5.30077082e-03
1.15000000e+01	9.66884609e+00	8.58632908e+06	3.34194906e+05	6.51928286e+04	1.00000000e-09	6.51928286e+03	1.00000000e-10	6.29015172e+09	4.87331949e-03
1.16000000e+01	9.75292301e+00	8.60449554e+06	3.34901977e+05	1.00000000e-09	1.00000000e-09	1.00000000e-10	1.00000000e-10	0.00000000e+00	4.48033760e-03
1.17000000e+01	9.83699993e+00	8.62266200e+06	3.35609047e+05	1.00000000e-09	1.00000000e-09	1.00000000e-10	1.00000000e-10	0.00000000e+00	4.11904557e-03
1.18000000e+01	9.92107685e+00	8.64082846e+06	3.36316118e+05	5.66130415e+05	1.00000000e-09	5.66130415e+04	1.00000000e-10	5.46232811e+10	3.78688794e-03
1.19000000e+01	1.00051538e+01	8.65641821e+06	3.36922898e+05	2.19261237e+05	1.00000000e-09	2.19261237e+04	1.00000000e-10	2.11554932e+10	3.48151531e-03
1.20000000e+01	1.00892307e+01	8.66958034e+06	3.37435191e+05	1.00000000e-09	1.00000000e-09	1.00000000e-10	1.00000000e-10	0.00000000e+00	3.20076778e-03
1.21000000e+01	1.01733076e+01	8.68274247e+06	3.37947484e+05	1.00000000e-09	1.00000000e-09	1.00000000e-10	1.00000000e-10	0.00000000e+00	2.94265957e-03
1.22000000e+01	1.02573845e+01	8.69590460e+06	3.38459777e+05	6.11222659e+05	1.00000000e-09	6.11222659e+04	1.00000000e-10	5.89740213e+10	2.70536508e-03
1.23000000e+01	1.03414615e+01	8.70649174e+06	3.38871847e+05	5.17109665e+05	1.00000000e-09	5.17109665e+04	1.00000000e-10	4.98934978e+10	2.48720588e-03
1.24000000e+01	1.04255384e+01	8.71450327e+06	3.39183670e+05	1.00000000e-09	1.00000000e-09	1.00000000e-10	1.00000000e-10	0.00000000e+00	2.28663893e-03
1.25000000e+01	1.05096153e+01	8.72251481e+06	3.39495493e+05	1.00000000e-09	1.00000000e-09	1.00000000e-10	1.00000000e-10	0.00000000e+00	2.10224558e-03
1.26000000e+01	1.05936922e+01	8.73052635e+06	3.39807316e+05	4.91641761e+05	1.00000000e-09	4.91641761e+04	1.00000000e-10	4.74362186e+10	1.93272162e-03
1.27000000e+01	1.06777692e+01	8.73596517e+06	3.40019004e+05	1.20632367e+06	1.00000000e-09	1.20632367e+05	1.00000000e-10	1.16392540e+11	1.77686798e-03
1.28000000e+01	1.07618461e+01	8.73870133e+06	3.40125500e+05	1.00000000e-09	1.00000000e-09	1.00000000e-10	1.00000000e-10	0.00000000e+00	1.63358230e-03
1.29000000e+01	1.08459230e+01	8.74143749e+06	3.40231997e+05	1.00000000e-09	1.00000000e-09	1.00000000e-10	1.00000000e-10	0.00000000e+00	1.50185109e-03
1.30000000e+01	1.09299999e+01	8.74417365e+06	3.40338493e+05	1.00000000e-09	1.00000000e-09	1.00000000e-10	1.00000000e-10	0.00000000e+00	1.38074262e-03
1.31000000e+01	1.10140768e+01	8.74434016e+06	3.40344974e+05	1.15845119e+05	1.00000000e-09	1.15845119e+04	1.00000000e-10	1.11773547e+10	1.26940027e-03
1.32000000e+01	1.10981538e+01	8.74172463e+06	3.40243173e+05	1.00000000e-09	1.00000000e-09	1.00000000e-10	1.00000000e-10	0.00000000e+00	1.16703651e-03
1.33000000e+01	1.11822307e+01	8.73910910e+06	3.40141372e+05	1.00000000e-09	1.00000000e-09	1.00000000e-10	1.00000000e-10	0.00000000e+00	1.07292731e-03
1.34000000e+01	1.12663076e+01	8.73649357e+06	3.40039571e+05	7.00195535e+04	9.93552497e+01	7.00195535e+03	9.93552497e+00	6.74627355e+09	9.86407027e-04
1.35000000e+01	1.13503845e+01	8.73131274e+06	3.39837924e+05	5.02128455e+04	5.06286250e+01	5.02128455e+03	5.06286250e+00	4.83991815e+09	9.06863691e-04
1.36000000e+01	1.14344615e+01	8.72334182e+06	3.39527681e+05	1.00000000e-09	1.00000000e-09	1.00000000e-10	1.00000000e-10	0.00000000e+00	8.33734687e-04
1.37000000e+01	1.15185384e+01	8.71537090e+06	3.39217439e+05	1.00000000e-09	1.00000000e-09	1.00000000e-10	1.00000000e-10	0.00000000e+00	7.66502767e-04
1.38000000e+01	1.16026153e+01	8.70739997e+06	3.38907197e+05	3.43527617e+04	2.69255558e+01	3.43527617e+03	2.69255558e+00	3.31193970e+09	7.04692393e-04
1.39000000e+01	1.16866922e+01	8.69687084e+06	3.38497385e+05	3.01026740e+04	5.66736317e+01	3.01026740e+03	5.66736317e+00	2.89899833e+09	6.47866374e-04
1.40000000e+01	1.17707691e+01	8.68352850e+06	3.37978078e+05	1.00000000e-09	1.00000000e-09	1.00000000e-10	1.00000000e-10	0.00000000e+00	5.95622776e-04
1.41000000e+01	1.18548461e+01	8.67018616e+06	3.37458770e+05	1.00000000e-09	1.00000000e-09	1.00000000e-10	1.00000000e-10	0.00000000e+00	5.47592073e-04
1.42000000e+01	1.19389230e+01	8.65684382e+06	3.36939463e+05	2.26183985e+04	1.00000000e-09	2.26183985e+03	1.00000000e-10	2.18234369e+09	5.03434541e-04
1.43000000e+01	1.20229999e+01	8.64095960e+06	3.36321222e+05	2.20227317e+04	4.91205553e+01	2.20227317e+03	4.91205553e+00	2.12013117e+09	4.62837848e-04
1.44000000e+01	1.21070768e+01	8.62217697e+06	3.35590169e+05	1.00000000e-09	7.53229647e+00	1.00000000e-10	7.53229647e-01	-7.26756127e+05	4.25514851e-04
1.45000000e+01	1.21911538e+01	8.60339434e+06	3.34859116e+05	1.00000000e-09	1.00000000e-09	1.00000000e-10	1.00000000e-10	0.00000000e+00	3.91201561e-04
1.46000000e+01	1.22752307e+01	8.58461171e+06	3.34128064e+05	1.56702668e+04	1.00000000e-09	1.56702668e+03	1.00000000e-10	1.51195089e+09	3.59655276e-04
1.47000000e+01	1.23593076e+01	8.56347586e+06	3.33305419e+05	1.00000000e-09	4.10206828e+01	1.00000000e-10	4.10206828e+00	-3.95789420e+06	3.30652866e-04
1.48000000e+01	1.24433845e+01	8.54234000e+06	3.32482775e+05	1.00000000e-09	1.90969540e+01	1.00000000e-10	1.90969540e+00	-1.84257595e+06	3.03989196e-04
1.49000000e+01	1.25274615e+01	8.52120463e+06	3.31660149e+05	8.93355700e+03	1.00000000e-09	8.93355700e+02	1.00000000e-10	8.61957215e+08	2.79475669e-04
1.50000000e+01	1.26115384e+01	8.49860756e+06	3.30780632e+05	4.04664844e+03	1.00000000e-09	4.04664844e+02	1.00000000e-10	3.90442219e+08	2.56938901e-04
1.51000000e+01	1.26956153e+01	8.47531743e+06	3.29874140e+05	1.00000000e-09	4.08787911e+01	1.00000000e-10	4.08787911e+00	-3.94420374e+06	2.36219485e-04
1.52000000e+01	1.27796922e+01	8.45202731e+06	3.28967647e+05	1.00000000e-09	3.11997363e+01	1.00000000e-10	3.11997363e+00	-3.01031692e+06	2.17170872e-04
1.53000000e+01	1.28637691e+01	8.42873731e+06	3.28061160e+05	2.10944222e+03	1.00000000e-09	2.10944222e+02	1.00000000e-10	2.03530233e+08	1.99658328e-04
1.54000000e+01	1.29478461e+01	8.40507829e+06	3.27140310e+05	3.50965961e+03	1.00000000e-09	3.50965961e+02	1.00000000e-10	3.38630673e+08	1.83557987e-04
1.55000000e+01	1.30319230e+01	8.38079265e+06	3.26195070e+05	7.75117184e+01	3.41155341e+01	7.75117184e+00	3.41155341e+00	4.18709526e+06	1.68755969e-04
1.56000000e+01	1.31159999e+01	8.35649300e+06	3.25249285e+05	1.00000000e-09	4.05692886e+01	1.00000000e-10	4.05692886e+00	-3.91434128e+06	1.55147578e-04
1.57000000e+01	1.32000768e+01	8.33219345e+06	3.24303505e+05	1.00000000e-09	1.00000000e-09	1.00000000e-10	1.00000000e-10	0.00000000e+00	1.42636560e-04
1.58000000e+01	1.32841538e+01	8.30789400e+06	3.23357728e+05	1.00000000e-09	1.00000000e-09	1.00000000e-10	1.00000000e-10	0.00000000e+00	1.31134424e-04
1.59000000e+01	1.33682307e+01	8.28359455e+06	3.22411951e+05	1.00000000e-09	2.61952195e+01	1.00000000e-10	2.61952195e+00	-2.52745446e+06	1.20559814e-04
1.60000000e+01	1.34523076e+01	8.25929510e+06	3.21466174e+05	9.87977047e-01	4.78156861e+01	9.87977047e-02	4.78156861e+00	-4.51818706e+06	1.10837935e-04
1.61000000e+01	1.35363845e+01	8.23499557e+06	3.20520393e+05	1.46394465e+00	1.00000000e-09	1.46394465e-01	1.00000000e-10	1.41249185e+05	1.01900023e-04
1.62000000e+01	1.36204614e+01	8.21069588e+06	3.19574607e+05	1.00000000e-09	1.00000000e-09	1.00000000e-10	1.00000000e-10	0.00000000e+00	9.36828597e-05
1.63000000e+01	1.37045384e+01	8.18639618e+06	3.18628821e+05	1.00000000e-09	1.68381916e+01	1.00000000e-10	1.68381916e+00	-1.62463851e+06	8.61283240e-05
1.64000000e+01	1.37886153e+01	8.16209649e+06	3.17683034e+05	1.00000000e-09	5.31545922e+01	1.00000000e-10	5.31545922e+00	-5.12863848e+06	7.91829819e-05
1.65000000e+01	1.38726922e+01	8.13779689e+06	3.16737251e+05	8.66039326e-01	1.00000000e-09	8.66039326e-02	1.00000000e-10	8.35600919e+04	7.27977085e-05
1.66000000e+01	1.39567691e+01	8.11349724e+06	3.15791467e+05	3.19351019e-01	1.00000000e-09	3.19351019e-02	1.00000000e-10	3.08126891e+04	6.69273402e-05
1.67000000e+01	1.40408461e+01	8.08919754e+06	3.14845680e+05	1.00000000e-09	6.45330077e+00	1.00000000e-10	6.45330077e-01	-6.22648868e+05	6.15303552e-05
1.68000000e+01	1.41249230e+01	8.06489783e+06	3.13899893e+05	1.00000000e-09	5.63438258e+01	1.00000000e-10	5.63438258e+00	-5.43635275e+06	5.65685802e-05
1.69000000e+01	1.42089999e+01	8.04059822e+06	3.12954109e+05	3.32601839e-01	1.00000000e-09	3.32601839e-02	1.00000000e-10	3.20911988e+04	5.20069201e-05
1.70000000e+01	1.42930768e+01	8.01629865e+06	3.12008328e+05	4.80000639e-01	1.00000000e-09	4.80000639e-02	1.00000000e-10	4.63130210e+04	4.78131098e-05
1.71000000e+01	1.43771537e+01	7.99199899e+06	3.11062543e+05	1.00000000e-09	1.00000000e-09	1.00000000e-10	1.00000000e-10	0.00000000e+00	4.39574862e-05
1.72000000e+01	1.44612307e+01	7.96769934e+06	3.10116758e+05	1.00000000e-09	5.72382978e+01	1.00000000e-10	5.72382978e+00	-5.52265617e+06	4.04127779e-05
1.73000000e+01	1.45453076e+01	7.94339978e+06	3.09170977e+05	1.00000000e-09	9.43631429e+00	1.00000000e-10	9.43631429e-01	-9.10465918e+05	3.71539131e-05
1.74000000e+01	1.46293845e+01	7.91910032e+06	3.08225199e+05	1.25550495e-01	1.00000000e-09	1.25550495e-02	1.00000000e-10	1.21137811e+04	3.41578414e-05
1.75000000e+01	1.47134614e+01	7.89480084e+06	3.07279421e+05	4.53927296e-01	1.00000000e-09	4.53927296e-02	1.00000000e-10	4.37973258e+04	3.14033713e-05
1.76000000e+01	1.47975384e+01	7.87050127e+06	3.06333640e+05	3.87497401e-01	5.57965452e+01	3.87497401e-02	5.57965452e+00	-5.34616038e+06	2.88710202e-05
1.77000000e+01	1.48816153e+01	7.84620174e+06	3.05387859e+05	1.46027732e-01	2.03037261e+01	1.46027732e-02	2.03037261e+00	-1.94492223e+06	2.65428765e-05
1.78000000e+01	1.49656922e+01	7.82190227e+06	3.04442082e+05	1.00000000e-09	1.00000000e-09	1.00000000e-10	1.00000000e-10	0.00000000e+00	2.44024731e-05
1.79000000e+01	1.50497691e+01	7.79760281e+06	3.03496304e+05	1.00000000e-09	1.00000000e-09	1.00000000e-10	1.00000000e-10	0.00000000e+00	2.24346707e-05
1.80000000e+01	1.51338460e+01	7.77330335e+06	3.02550527e+05	1.00000000e-09	5.20829345e+01	1.00000000e-10	5.20829345e+00	-5.02523923e+06	2.06255509e-05
1.81000000e+01	1.52179230e+01	7.74900398e+06	3.01604753e+05	3.29414175e-02	3.05069731e+01	3.29414175e-03	3.05069731e+00	-2.94029707e+06	1.89623175e-05
1.82000000e+01	1.53019999e+01	7.72470471e+06	3.00658983e+05	1.35708971e-02	1.00000000e-09	1.35708971e-03	1.00000000e-10	1.30939242e+03	1.74332063e-05
1.83000000e+01	1.53860768e+01	7.70040544e+06	2.99713213e+05	1.00000000e-09	1.00000000e-09	1.00000000e-10	1.00000000e-10	0.00000000e+00	1.60274019e-05
1.84000000e+01	1.54701537e+01	7.67610617e+06	2.98767443e+05	1.00000000e-09	4.62626182e+01	1.00000000e-10	4.62626182e+00	-4.46366408e+06	1.47349607e-05
1.85000000e+01	1.55542307e+01	7.65180699e+06	2.97821676e+05	9.73222756e-03	3.95895237e+01	9.73222756e-04	3.95895237e+00	-3.81886932e+06	1.35467414e-05
1.86000000e+01	1.56383076e+01	7.62750791e+06	2.96875914e+05	1.56535937e-02	1.00000000e-09	1.56535937e-03	1.00000000e-10	1.51034209e+03	1.24543394e-05
1.87000000e+01	1.57223845e+01	7.60320883e+06	2.95930151e+05	1.00000000e-09	1.00000000e-09	1.00000000e-10	1.00000000e-10	0.00000000e+00	1.14500281e-05
1.88000000e+01	1.58064614e+01	7.57890975e+06	2.94984389e+05	1.00000000e-09	3.85967469e+01	1.00000000e-10	3.85967469e+00	-3.72401994e+06	1.05267039e-05
1.89000000e+01	1.58905384e+01	7.55461076e+06	2.94038630e+05	1.00000000e-09	4.71463015e+01	1.00000000e-10	4.71463015e+00	-4.54892656e+06	9.67783615e-06
1.90000000e+01	1.59746153e+01	7.53031187e+06	2.93092875e+05	1.15979337e-02	1.00000000e-09	1.15979337e-03	1.00000000e-10	1.11903039e+03	8.89742061e-06
1.91000000e+01	1.60586922e+01	7.50601299e+06	2.92147120e+05	6.39792242e-03	1.00000000e-09	6.39792242e-04	1.00000000e-10	6.17305573e+02	8.17993736e-06
1.92000000e+01	1.61427691e+01	7.48171410e+06	2.91201365e+05	1.00000000e-09	2.94278200e+01	1.00000000e-10	2.94278200e+00	-2.83935298e+06	7.52031158e-06
1.93000000e+01	1.62268460e+01	7.45741531e+06	2.90255613e+05	1.00000000e-09	5.28413993e+01	1.00000000e-10	5.28413993e+00	-5.09841996e+06	6.91387767e-06
1.94000000e+01	1.63109230e+01	7.43311662e+06	2.89309866e+05	1.22407089e-03	1.00000000e-09	1.22407089e-04	1.00000000e-10	1.18104790e+02	6.35634627e-06
1.95000000e+01	1.63949999e+01	7.40881792e+06	2.88364118e+05	9.35869111e-03	1.00000000e-09	9.35869111e-04	1.00000000e-10	9.02976324e+02	5.84377390e-06
1.96000000e+01	1.64790768e+01	7.38451923e+06	2.87418371e+05	4.70030994e-03	1.91643731e+01	4.70030994e-04	1.91643731e+00	-1.84862739e+06	5.37253509e-06
1.97000000e+01	1.65631537e+01	7.36022063e+06	2.86472627e+05	1.00000000e-09	5.64220931e+01	1.00000000e-10	5.64220931e+00	-5.44390439e+06	4.93929673e-06
1.98000000e+01	1.66472307e+01	7.33592213e+06	2.85526887e+05	1.00000000e-09	1.00000000e-09	1.00000000e-10	1.00000000e-10	0.00000000e+00	4.54099448e-06
1.99000000e+01	1.67313076e+01	7.31162363e+06	2.84581147e+05	1.00000000e-09	1.00000000e-09	1.00000000e-10	1.00000000e-10	0.00000000e+00	4.17481111e-06
2.00000000e+01	1.68153845e+01	7.28732514e+06	2.83635407e+05	1.00000000e-09	8.26305872e+00	1.00000000e-10	8.26305872e-01	-7.97263965e+05	3.83815657e-06
2.01000000e+01	1.68994614e+01	7.26302673e+06	2.82689671e+05	5.61953336e-03	5.77296826e+01	5.61953336e-04	5.77296826e+00	-5.56952540e+06	3.52864967e-06
2.02000000e+01	1.69835383e+01	7.23872843e+06	2.81743938e+05	6.61571803e-03	1.00000000e-09	6.61571803e-04	1.00000000e-10	6.38319655e+02	3.24410125e-06
2.03000000e+01	1.70676153e+01	7.21443012e+06	2.80798206e+05	1.09954700e-04	1.00000000e-09	1.09954700e-05	1.00000000e-10	1.06089192e+01	2.98249865e-06
2.04000000e+01	1.71516922e+01	7.19013182e+06	2.79852474e+05	3.04971515e-09	1.00000000e-09	3.04971515e-10	1.00000000e-10	1.97767447e-04	2.74199155e-06
2.05000000e+01	1.72357691e+01	7.16583361e+06	2.78906745e+05	4.65732873e-08	5.67066640e+01	4.65732873e-09	5.67066640e+00	-5.47136130e+06	2.52087882e-06
2.06000000e+01	1.73198460e+01	7.14153550e+06	2.77961020e+05	1.64786244e-03	7.59672232e+00	1.64786244e-04	7.59672232e-01	-7.32813282e+05	2.31759650e-06
2.07000000e+01	1.74039230e+01	7.11723739e+06	2.77015295e+05	2.00166661e-04	1.00000000e-09	2.00166661e-05	1.00000000e-10	1.93130503e+01	2.13070675e-06
2.08000000e+01	1.74879999e+01	7.09293928e+06	2.76069570e+05	1.00000000e-09	1.00000000e-09	1.00000000e-10	1.00000000e-10	0.00000000e+00	1.95888770e-06
2.09000000e+01	1.75720768e+01	7.06864126e+06	2.75123849e+05	1.00000000e-09	5.33990990e+01	1.00000000e-10	5.33990990e+00	-5.15222981e+06	1.80092404e-06
2.10000000e+01	1.76561537e+01	7.04434335e+06	2.74178132e+05	8.01368790e-04	1.79650672e+01	8.01368790e-05	1.79650672e+00	-1.73328816e+06	1.65569849e-06
2.11000000e+01	1.77402306e+01	7.02004543e+06	2.73232415e+05	2.65561058e-04	1.00000000e-09	2.65561058e-05	1.00000000e-10	2.56226504e+01	1.52218384e-06
2.12000000e+01	1.78243076e+01	6.99574752e+06	2.72286697e+05	1.00000000e-09	1.00000000e-09	1.00000000e-10	1.00000000e-10	0.00000000e+00	1.39943575e-06
2.13000000e+01	1.79083845e+01	6.97144969e+06	2.71340984e+05	1.00000000e-09	4.79545948e+01	1.00000000e-10	4.79545948e+00	-4.62691500e+06	1.28658600e-06
2.14000000e+01	1.79924614e+01	6.94715197e+06	2.70395274e+05	4.67493108e-04	2.72947058e+01	4.67493108e-05	2.72947058e+00	-2.63349365e+06	1.18283639e-06
2.15000000e+01	1.80765383e+01	6.92285425e+06	2.69449564e+05	3.11882972e-04	1.00000000e-09	3.11882972e-05	1.00000000e-10	3.00920356e+01	1.08745310e-06
2.16000000e+01	1.81606153e+01	6.89855653e+06	2.68503855e+05	1.00000000e-09	1.00000000e-09	1.00000000e-10	1.00000000e-10	0.00000000e+00	9.99761460e-07
2.17000000e+01	1.82446922e+01	6.87425890e+06	2.67558148e+05	1.00000000e-09	4.06156701e+01	1.00000000e-10	4.06156701e+00	-3.91881642e+06	9.19141229e-07
2.18000000e+01	1.83287691e+01	6.84996137e+06	2.66612446e+05	2.90885151e-04	3.51721017e+01	2.90885151e-05	3.51721017e+00	-3.39356385e+06	8.45022171e-07
2.19000000e+01	1.84128460e+01	6.82566384e+06	2.65666744e+05	3.03376466e-04	1.00000000e-09	3.03376466e-05	1.00000000e-10	2.92712826e+01	7.76880034e-07
2.20000000e+01	1.84969229e+01	6.80136631e+06	2.64721042e+05	1.00000000e-09	1.00000000e-09	1.00000000e-10	1.00000000e-10	0.00000000e+00	7.14232843e-07
2.21000000e+01	1.85809999e+01	6.77706887e+06	2.63775343e+05	1.00000000e-09	3.17088907e+01	1.00000000e-10	3.17088907e+00	-3.05944285e+06	6.56637488e-07
2.22000000e+01	1.86650768e+01	6.75277154e+06	2.62829648e+05	1.38612727e-04	4.12485957e+01	1.38612727e-05	4.12485957e+00	-3.97987108e+06	6.03686592e-07
2.23000000e+01	1.87491537e+01	6.72847420e+06	2.61883954e+05	1.00000000e-09	1.00000000e-09	1.00000000e-10	1.00000000e-10	0.00000000e+00	5.55005627e-07
2.24000000e+01	1.88332306e+01	6.70417686e+06	2.60938259e+05	1.00000000e-09	1.00000000e-09	1.00000000e-10	1.00000000e-10	0.00000000e+00	5.10250270e-07
2.25000000e+01	1.89173076e+01	6.67987961e+06	2.59992568e+05	1.00000000e-09	2.16302702e+01	1.00000000e-10	2.16302702e+00	-2.08700380e+06	4.69103960e-07
2.26000000e+01	1.90013845e+01	6.65558247e+06	2.59046880e+05	1.23520659e-04	4.52558766e+01	1.23520659e-05	4.52558766e+00	-4.36651637e+06	4.31275667e-07
2.27000000e+01	1.90854614e+01	6.63128532e+06	2.58101193e+05	3.48922623e-05	1.00000000e-09	3.48922623e-06	1.00000000e-10	3.36649503e+00	3.96497828e-07
2.28000000e+01	1.91695383e+01	6.60698818e+06	2.57155506e+05	1.00000000e-09	1.00000000e-09	1.00000000e-10	1.00000000e-10	0.00000000e+00	3.64524455e-07
2.29000000e+01	1.92536153e+01	6.58269112e+06	2.56209822e+05	1.00000000e-09	1.08275884e+01	1.00000000e-10	1.08275884e+00	-1.04470346e+06	3.35129397e-07
2.30000000e+01	1.93376922e+01	6.55839416e+06	2.55264142e+05	1.00000000e-09	4.70178622e+01	1.00000000e-10	4.70178622e+00	-4.53653405e+06	3.08104742e-07
2.31000000e+01	1.94217691e+01	6.53409721e+06	2.54318462e+05	4.38726464e-05	1.00000000e-09	4.38726464e-06	1.00000000e-10	4.23297037e+00	2.83259340e-07
2.32000000e+01	1.95058460e+01	6.50980025e+06	2.53372782e+05	2.11415555e-05	1.00000000e-09	2.11415555e-06	1.00000000e-10	2.03975352e+00	2.60417458e-07
2.33000000e+01	1.95899229e+01	6.48550338e+06	2.52427106e+05	1.00000000e-09	1.00000000e-09	1.00000000e-10	1.00000000e-10	0.00000000e+00	2.39417533e-07
2.34000000e+01	1.96739999e+01	6.46120661e+06	2.51481433e+05	1.00000000e-09	4.64584543e+01	1.00000000e-10	4.64584543e+00	-4.48255939e+06	2.20111031e-07
2.35000000e+01	1.97580768e+01	6.43690984e+06	2.50535760e+05	1.00000000e-09	5.13233342e+00	1.00000000e-10	5.13233342e-01	-4.95194894e+05	2.02361395e-07
2.36000000e+01	1.98421537e+01	6.41261308e+06	2.49590088e+05	2.32408452e-05	1.00000000e-09	2.32408452e-06	1.00000000e-10	2.24230419e+00	1.86043080e-07
2.37000000e+01	1.99262306e+01	6.38831640e+06	2.48644419e+05	2.43117401e-05	1.00000000e-09	2.43117401e-06	1.00000000e-10	2.34562983e+00	1.71040665e-07
2.38000000e+01	2.00103076e+01	6.36401982e+06	2.47698753e+05	5.45148068e-06	4.36048414e+01	5.45148068e-07	4.36048414e+00	-4.20722708e+06	1.57248037e-07
2.39000000e+01	2.00943845e+01	6.33972323e+06	2.46753088e+05	1.00000000e-09	1.56323252e+01	1.00000000e-10	1.56323252e+00	-1.50829009e+06	1.44567640e-07
2.40000000e+01	2.01784614e+01	6.31542665e+06	2.45807423e+05	1.00000000e-09	1.00000000e-09	1.00000000e-10	1.00000000e-10	0.00000000e+00	1.32909782e-07
2.41000000e+01	2.02625383e+01	6.29113016e+06	2.44861761e+05	1.00000000e-09	1.00000000e-09	1.00000000e-10	1.00000000e-10	0.00000000e+00	1.22192009e-07
2.42000000e+01	2.03466152e+01	6.26683376e+06	2.43916103e+05	9.96220755e-06	3.85861854e+01	9.96220755e-07	3.85861854e+00	-3.72299995e+06	1.12338510e-07
2.43000000e+01	2.04306922e+01	6.24253737e+06	2.42970445e+05	2.09805602e-05	2.51794053e+01	2.09805602e-06	2.51794053e+00	-2.42944126e+06	1.03279593e-07
2.44000000e+01	2.05147691e+01	6.21824097e+06	2.42024786e+05	1.98746246e-05	1.00000000e-09	1.98746246e-06	1.00000000e-10	1.91751327e+00	9.49511815e-08
2.45000000e+01	2.05988460e+01	6.19394467e+06	2.41079132e+05	1.30297783e-05	1.00000000e-09	1.30297783e-06	1.00000000e-10	1.25708600e+00	8.72943689e-08
2.46000000e+01	2.06829229e+01	6.16964846e+06	2.40133481e+05	6.31394274e-06	3.16277734e+01	6.31394274e-07	3.16277734e+00	-3.05161561e+06	8.02549976e-08
2.47000000e+01	2.07669999e+01	6.14535225e+06	2.39187830e+05	3.02371554e-06	3.33516246e+01	3.02371554e-07	3.33516246e+00	-3.21794229e+06	7.37832774e-08
2.48000000e+01	2.08510768e+01	6.12105604e+06	2.38242179e+05	1.46619338e-06	1.00000000e-09	1.46619338e-07	1.00000000e-10	1.41369670e-01	6.78334333e-08
2.49000000e+01	2.09351537e+01	6.09675991e+06	2.37296532e+05	6.73163248e-07	1.00000000e-09	6.73163248e-08	1.00000000e-10	6.48538942e-02	6.23633815e-08
2.50000000e+01	2.10192306e+01	6.07246389e+06	2.36350888e+05	2.14197707e-07	2.30409952e+01	2.14197707e-08	2.30409952e+00	-2.22311806e+06	5.73344317e-08
2.51000000e+01	2.11033075e+01	6.04816786e+06	2.35405244e+05	4.03829860e-08	3.97876995e+01	4.03829860e-09	3.97876995e+00	-3.83892939e+06	5.27110137e-08
2.52000000e+01	2.11873845e+01	6.02387183e+06	2.34459600e+05	1.01069953e-08	1.00000000e-09	1.01069953e-09	1.00000000e-10	8.78691467e-04	4.84604257e-08
2.53000000e+01	2.12714614e+01	5.99957589e+06	2.33513960e+05	1.56837277e-08	1.00000000e-09	1.56837277e-09	1.00000000e-10	1.41676434e-03	4.45526029e-08
2.54000000e+01	2.13555383e+01	5.97528005e+06	2.32568323e+05	2.89143169e-08	1.32094012e+01	2.89143169e-09	1.32094012e+00	-1.27451345e+06	4.09599048e-08
2.55000000e+01	2.14396152e+01	5.95098421e+06	2.31622687e+05	1.00000000e-09	4.42048848e+01	1.00000000e-10	4.42048848e+00	-4.26512299e+06	3.76569199e-08
2.56000000e+01	2.15236922e+01	5.92668836e+06	2.30677050e+05	1.00000000e-09	1.00000000e-09	1.00000000e-10	1.00000000e-10	0.00000000e+00	3.46202860e-08
2.57000000e+01	2.16077691e+01	5.90239261e+06	2.29731417e+05	1.00000000e-09	1.00000000e-09	1.00000000e-10	1.00000000e-10	0.00000000e+00	3.18285246e-08
2.58000000e+01	2.16918460e+01	5.87809694e+06	2.28785787e+05	1.91437531e-08	2.57144600e+00	1.91437531e-09	2.57144600e-01	-2.48106819e+05	2.92618894e-08
2.59000000e+01	2.17759229e+01	5.85380128e+06	2.27840158e+05	1.25584220e-08	4.64106594e+01	1.25584220e-09	4.64106594e+00	-4.47794788e+06	2.69022262e-08
2.60000000e+01	2.18599998e+01	5.82950562e+06	2.26894528e+05	1.00000000e-09	2.33646514e+00	1.00000000e-10	2.33646514e-01	-2.25434615e+05	2.47328451e-08
2.61000000e+01	2.19440768e+01	5.80521004e+06	2.25948902e+05	1.00000000e-09	1.00000000e-09	1.00000000e-10	1.00000000e-10	0.00000000e+00	2.27384017e-08
2.62000000e+01	2.20281537e+01	5.78091456e+06	2.25003280e+05	3.03076899e-09	1.00000000e-09	3.03076899e-10	1.00000000e-10	1.95939421e-04	2.09047891e-08
2.63000000e+01	2.21122306e+01	5.75661908e+06	2.24057657e+05	1.70409200e-08	4.63112195e+01	1.70409200e-09	4.63112195e+00	-4.46835339e+06	1.92190381e-08
2.64000000e+01	2.21963075e+01	5.73232360e+06	2.23112034e+05	2.11557810e-09	1.32965461e+01	2.11557810e-10	1.32965461e+00	-1.28292167e+06	1.76692251e-08
2.65000000e+01	2.22803845e+01	5.70802821e+06	2.22166415e+05	1.00000000e-09	1.00000000e-09	1.00000000e-10	1.00000000e-10	0.00000000e+00	1.62443882e-08
2.66000000e+01	2.23644614e+01	5.68373290e+06	2.21220800e+05	1.00000000e-09	1.00000000e-09	1.00000000e-10	1.00000000e-10	0.00000000e+00	1.49344494e-08
2.67000000e+01	2.24485383e+01	5.65943760e+06	2.20275184e+05	1.18217992e-08	4.39155630e+01	1.18217992e-09	4.39155630e+00	-4.23720768e+06	1.37301434e-08
2.68000000e+01	2.25326152e+01	5.63514230e+06	2.19329569e+05	1.25616757e-08	2.38585110e+01	1.25616757e-09	2.38585110e+00	-2.30199636e+06	1.26229520e-08
2.69000000e+01	2.26166921e+01	5.61084709e+06	2.18383957e+05	1.00000000e-09	1.00000000e-09	1.00000000e-10	1.00000000e-10	0.00000000e+00	1.16050438e-08
2.70000000e+01	2.27007691e+01	5.58655197e+06	2.17438348e+05	1.00000000e-09	1.00000000e-09	1.00000000e-10	1.00000000e-10	0.00000000e+00	1.06692193e-08
2.71000000e+01	2.27848460e+01	5.56225685e+06	2.16492740e+05	1.00000000e-09	3.93349847e+01	1.00000000e-10	3.93349847e+00	-3.79524907e+06	9.80885916e-09
2.72000000e+01	2.28689229e+01	5.53796173e+06	2.15547131e+05	1.61339372e-08	3.35538731e+01	1.61339372e-09	3.35538731e+00	-3.23745659e+06	9.01787799e-09
2.73000000e+01	2.29529998e+01	5.51366670e+06	2.14601526e+05	4.56071307e-09	1.00000000e-09	4.56071307e-10	1.00000000e-10	3.43556583e-04	8.29068113e-09
2.74000000e+01	2.30370768e+01	5.48937176e+06	2.13655925e+05	1.00000000e-09	1.00000000e-09	1.00000000e-10	1.00000000e-10	0.00000000e+00	7.62212503e-09
2.75000000e+01	2.31211537e+01	5.46507681e+06	2.12710323e+05	1.00000000e-09	3.27780067e+01	1.00000000e-10	3.27780067e+00	-3.16259686e+06	7.00748093e-09
2.76000000e+01	2.32052306e+01	5.44078187e+06	2.11764722e+05	1.13874475e-08	4.19534942e+01	1.13874475e-09	4.19534942e+00	-4.04789682e+06	6.44240141e-09
2.77000000e+01	2.32893075e+01	5.41648702e+06	2.10819124e+05	1.27699550e-08	1.00000000e-09	1.27699550e-09	1.00000000e-10	1.13562802e-03	5.92288960e-09
2.78000000e+01	2.33733845e+01	5.39219226e+06	2.09873530e+05	1.00000000e-09	1.00000000e-09	1.00000000e-10	1.00000000e-10	0.00000000e+00	5.44527095e-09
2.79000000e+01	2.34574614e+01	5.36789750e+06	2.08927935e+05	1.00000000e-09	2.45409736e+01	1.00000000e-10	2.45409736e+00	-2.36784399e+06	5.00616720e-09
2.80000000e+01	2.35415383e+01	5.34360274e+06	2.07982341e+05	1.53264119e-09	4.86867010e+01	1.53264119e-10	4.86867010e+00	-4.69755251e+06	4.60247255e-09
2.81000000e+01	2.36256152e+01	5.31930807e+06	2.07036750e+05	1.55376157e-08	1.00000000e-09	1.55376157e-09	1.00000000e-10	1.40266668e-03	4.23133162e-09
2.82000000e+01	2.37096921e+01	5.29501349e+06	2.06091162e+05	2.91530354e-09	1.00000000e-09	2.91530354e-10	1.00000000e-10	1.84798698e-04	3.89011930e-09
2.83000000e+01	2.37937691e+01	5.27071892e+06	2.05145575e+05	1.00000000e-09	1.49947332e+01	1.00000000e-10	1.49947332e+00	-1.44677182e+06	3.57642216e-09
2.84000000e+01	2.38778460e+01	5.24642434e+06	2.04199988e+05	1.00000000e-09	5.34577812e+01	1.00000000e-10	5.34577812e+00	-5.15789178e+06	3.28802138e-09
2.85000000e+01	2.39619229e+01	5.22212985e+06	2.03254404e+05	1.14642529e-08	1.00000000e-09	1.14642529e-09	1.00000000e-10	1.00964692e-03	3.02287709e-09
2.86000000e+01	2.40459998e+01	5.19783545e+06	2.02308823e+05	1.07192745e-08	1.00000000e-09	1.07192745e-09	1.00000000e-10	9.37767427e-04	2.77911390e-09
2.87000000e+01	2.41300768e+01	5.17354105e+06	2.01363243e+05	1.00000000e-09	4.56799460e+00	1.00000000e-10	4.56799460e-01	-4.40744476e+05	2.55500764e-09
2.88000000e+01	2.42141537e+01	5.14924666e+06	2.00417663e+05	1.00000000e-09	5.60591604e+01	1.00000000e-10	5.60591604e+00	-5.40888671e+06	2.34897319e-09
2.89000000e+01	2.42982306e+01	5.12495236e+06	1.99472086e+05	2.82444254e-09	2.39161988e-01	2.82444254e-10	2.39161988e-02	-2.30756235e+04	2.15955324e-09
2.90000000e+01	2.43823075e+01	5.10065814e+06	1.98526513e+05	1.30564836e-08	1.00000000e-09	1.30564836e-09	1.00000000e-10	1.16327382e-03	1.98540802e-09
2.91000000e+01	2.44663844e+01	5.07636393e+06	1.97580940e+05	1.01143588e-09	1.00000000e-09	1.01143588e-10	1.00000000e-10	1.10339492e-06	1.82530578e-09
2.92000000e+01	2.45504614e+01	5.05206971e+06	1.96635366e+05	1.00000000e-09	5.63805480e+01	1.00000000e-10	5.63805480e+00	-5.43989590e+06	1.67811410e-09
2.93000000e+01	2.46345383e+01	5.02777559e+06	1.95689797e+05	1.00000000e-09	1.10946297e+01	1.00000000e-10	1.10946297e+00	-1.07046904e+06	1.54279187e-09
2.94000000e+01	2.47186152e+01	5.00348156e+06	1.94744231e+05	9.72651788e-09	1.00000000e-09	9.72651788e-10	1.00000000e-10	8.41980976e-04	1.41838196e-09
2.95000000e+01	2.48026921e+01	4.97918753e+06	1.93798665e+05	7.98256620e-09	1.00000000e-09	7.98256620e-10	1.00000000e-10	6.73715218e-04	1.30400439e-09
2.96000000e+01	2.48867691e+01	4.95489350e+06	1.92853099e+05	1.00000000e-09	5.44137773e+01	1.00000000e-10	5.44137773e+00	-5.25013137e+06	1.19885018e-09
2.97000000e+01	2.49708460e+01	4.93059957e+06	1.91907537e+05	1.00000000e-09	2.16352787e+01	1.00000000e-10	2.16352787e+00	-2.08748705e+06	1.10217554e-09
2.98000000e+01	2.50549229e+01	4.90630573e+06	1.90961978e+05	2.26946837e-09	1.00000000e-09	2.26946837e-10	1.00000000e-10	1.22485077e-04	1.01329669e-09
2.99000000e+01	2.51389998e+01	4.88201188e+06	1.90016419e+05	1.01869943e-08	1.00000000e-09	1.01869943e-09	1.00000000e-10	8.86410195e-04	9.31584987e-10
3.00000000e+01	2.52230767e+01	4.85771804e+06	1.89070860e+05	1.08887875e-09	5.02530788e+01	1.08887875e-10	5.02530788e+00	-4.84868500e+06	8.56462471e-10
3.01000000e+01	2.53071537e+01	4.83342430e+06	1.88125305e+05	1.00000000e-09	3.13902732e+01	1.00000000e-10	3.13902732e+00	-3.02870094e+06	7.87397794e-10
3.02000000e+01	2.53912306e+01	4.80913064e+06	1.87179754e+05	1.00000000e-09	1.00000000e-09	1.00000000e-10	1.00000000e-10	0.00000000e+00	7.23902457e-10
3.03000000e+01	2.54753075e+01	4.78483698e+06	1.86234203e+05	6.79097098e-09	1.00000000e-09	6.79097098e-10	1.00000000e-10	5.58743758e-04	6.65527349e-10
3.04000000e+01	2.55593844e+01	4.76054333e+06	1.85288651e+05	6.52936449e-09	4.40893115e+01	6.52936449e-10	4.40893115e+00	-4.25397186e+06	6.11859579e-10
3.05000000e+01	2.56434614e+01	4.73624977e+06	1.84343104e+05	1.00000000e-09	3.99243572e+01	1.00000000e-10	3.99243572e+00	-3.85211486e+06	5.62519549e-10
3.06000000e+01	2.57275383e+01	4.71195631e+06	1.83397560e+05	1.00000000e-09	1.00000000e-09	1.00000000e-10	1.00000000e-10	0.00000000e+00	5.17158273e-10
3.07000000e+01	2.58116152e+01	4.68766284e+06	1.82452015e+05	1.00000000e-09	1.00000000e-09	1.00000000e-10	1.00000000e-10	0.00000000e+00	4.75454906e-10
3.08000000e+01	2.58956921e+01	4.66336938e+06	1.81506471e+05	7.01285181e-09	3.62042362e+01	7.01285181e-10	3.62042362e+00	-3.49317775e+06	4.37114476e-10
3.09000000e+01	2.59797690e+01	4.63907602e+06	1.80560931e+05	2.64280118e-09	4.68576091e+01	2.64280118e-10	4.68576091e+00	-4.52107198e+06	4.01865798e-10
3.10000000e+01	2.60638460e+01	4.61478274e+06	1.79615395e+05	1.00000000e-09	1.00000000e-09	1.00000000e-10	1.00000000e-10	0.00000000e+00	3.69459555e-10
3.11000000e+01	2.61479229e+01	4.59048947e+06	1.78669858e+05	1.00000000e-09	1.00000000e-09	1.00000000e-10	1.00000000e-10	0.00000000e+00	3.39666533e-10
3.12000000e+01	2.62319998e+01	4.56619620e+06	1.77724322e+05	2.42273664e-09	2.69564352e+01	2.42273664e-10	2.69564352e+00	-2.60090061e+06	3.12276006e-10
3.13000000e+01	2.63160767e+01	4.54190303e+06	1.76778789e+05	5.44528380e-09	5.18824203e+01	5.44528380e-10	5.18824203e+00	-5.00589255e+06	2.87094235e-10
3.14000000e+01	2.64001537e+01	4.51760995e+06	1.75833260e+05	1.00000000e-09	1.00000000e-09	1.00000000e-10	1.00000000e-10	0.00000000e+00	2.63943109e-10
3.15000000e+01	2.64842306e+01	4.49331687e+06	1.74887731e+05	1.00000000e-09	1.00000000e-09	1.00000000e-10	1.00000000e-10	0.00000000e+00	2.42658878e-10
3.16000000e+01	2.65683075e+01	4.46902380e+06	1.73942202e+05	1.00000000e-09	1.67652014e+01	1.00000000e-10	1.67652014e+00	-1.61759602e+06	2.23090996e-10
3.17000000e+01	2.66523844e+01	4.44473083e+06	1.72996678e+05	2.64054747e-09	5.47772339e+01	2.64054747e-10	5.47772339e+00	-5.28519961e+06	2.05101057e-10
3.18000000e+01	2.67364614e+01	4.42043795e+06	1.72051156e+05	4.48409986e-09	1.00000000e-09	4.48409986e-10	1.00000000e-10	3.36164532e-04	1.88561817e-10
3.19000000e+01	2.68205383e+01	4.39614507e+06	1.71105635e+05	1.00000000e-09	1.00000000e-09	1.00000000e-10	1.00000000e-10	0.00000000e+00	1.73356293e-10
3.20000000e+01	2.69046152e+01	4.37185219e+06	1.70160114e+05	1.00000000e-09	6.09171604e+00	1.00000000e-10	6.09171604e-01	-5.87761246e+05	1.59376934e-10
3.21000000e+01	2.69886921e+01	4.34755942e+06	1.69214597e+05	1.00000000e-09	5.54164295e+01	1.00000000e-10	5.54164295e+00	-5.34687260e+06	1.46524863e-10
3.22000000e+01	2.70727690e+01	4.32326674e+06	1.68269083e+05	2.68366924e-09	1.00000000e-09	2.68366924e-10	1.00000000e-10	1.62449386e-04	1.34709176e-10
3.23000000e+01	2.71568460e+01	4.29897406e+06	1.67323570e+05	4.64965961e-09	1.00000000e-09	4.64965961e-10	1.00000000e-10	3.52138620e-04	1.23846300e-10
3.24000000e+01	2.72409229e+01	4.27468138e+06	1.66378056e+05	1.00000000e-09	1.00000000e-09	1.00000000e-10	1.00000000e-10	0.00000000e+00	1.13859401e-10
3.25000000e+01	2.73249998e+01	4.25038881e+06	1.65432547e+05	1.00000000e-09	5.37759123e+01	1.00000000e-10	5.37759123e+00	-5.18858676e+06	1.04677839e-10
3.26000000e+01	2.74090767e+01	4.22609634e+06	1.64487042e+05	1.00000000e-09	9.18817853e+00	1.00000000e-10	9.18817853e-01	-8.86524457e+05	9.62366743e-11
3.27000000e+01	2.74931537e+01	4.20180386e+06	1.63541536e+05	3.54175290e-09	1.00000000e-09	3.54175290e-10	1.00000000e-10	2.45241873e-04	8.84762003e-11
3.28000000e+01	2.75772306e+01	4.17751139e+06	1.62596031e+05	5.68960078e-09	1.00000000e-09	5.68960078e-10	1.00000000e-10	4.52477689e-04	8.13415267e-11
3.29000000e+01	2.76613075e+01	4.15321902e+06	1.61650530e+05	1.00000000e-09	4.99341593e+01	1.00000000e-10	4.99341593e+00	-4.81791395e+06	7.47821894e-11
3.30000000e+01	2.77453844e+01	4.12892676e+06	1.60705032e+05	1.00000000e-09	1.89530124e+01	1.00000000e-10	1.89530124e+00	-1.82868770e+06	6.87517936e-11
3.31000000e+01	2.78294613e+01	4.10463449e+06	1.59759535e+05	1.00000000e-09	1.00000000e-09	1.00000000e-10	1.00000000e-10	0.00000000e+00	6.32076857e-11
3.32000000e+01	2.79135383e+01	4.08034222e+06	1.58814037e+05	4.76020450e-09	1.00000000e-09	4.76020450e-10	1.00000000e-10	3.62804580e-04	5.81106517e-11
3.33000000e+01	2.79976152e+01	4.05605006e+06	1.57868544e+05	5.95354247e-09	4.40687058e+01	5.95354247e-10	4.40687058e+00	-4.25198371e+06	5.34246397e-11
3.34000000e+01	2.80816921e+01	4.03175801e+06	1.56923055e+05	1.00000000e-09	2.75597720e+01	1.00000000e-10	2.75597720e+00	-2.65911376e+06	4.91165053e-11
3.35000000e+01	2.81657690e+01	4.00746595e+06	1.55977566e+05	1.00000000e-09	1.00000000e-09	1.00000000e-10	1.00000000e-10	0.00000000e+00	4.51557765e-11
3.36000000e+01	2.82498460e+01	3.98317389e+06	1.55032076e+05	1.00000000e-09	1.00000000e-09	1.00000000e-10	1.00000000e-10	0.00000000e+00	4.15144388e-11
3.37000000e+01	2.83339229e+01	3.95888195e+06	1.54086592e+05	4.22863019e-09	3.64481339e+01	4.22863019e-10	3.64481339e+00	-3.51671031e+06	3.81667366e-11
3.38000000e+01	2.84179998e+01	3.93459010e+06	1.53141111e+05	5.25303977e-09	3.46198978e+01	5.25303977e-10	3.46198978e+00	-3.34031234e+06	3.50889914e-11
3.39000000e+01	2.85020767e+01	3.91029825e+06	1.52195630e+05	1.00000000e-09	1.00000000e-09	1.00000000e-10	1.00000000e-10	0.00000000e+00	3.22594338e-11
3.40000000e+01	2.85861536e+01	3.88600641e+06	1.51250149e+05	1.00000000e-09	1.00000000e-09	1.00000000e-10	1.00000000e-10	0.00000000e+00	2.96580503e-11
3.41000000e+01	2.86702306e+01	3.86171468e+06	1.50304672e+05	1.00000000e-09	2.74200179e+01	1.00000000e-10	2.74200179e+00	-2.64562954e+06	2.72664410e-11
3.42000000e+01	2.87543075e+01	3.83742305e+06	1.49359199e+05	1.00000000e-09	3.98146174e+01	1.00000000e-10	3.98146174e+00	-3.84152658e+06	2.50676897e-11
3.43000000e+01	2.88383844e+01	3.81313142e+06	1.48413727e+05	4.06333476e-09	1.00000000e-09	4.06333476e-10	1.00000000e-10	2.95566872e-04	2.30462446e-11
3.44000000e+01	2.89224613e+01	3.78883979e+06	1.47468254e+05	3.35655432e-09	1.00000000e-09	3.35655432e-10	1.00000000e-10	2.27372926e-04	2.11878078e-11
3.45000000e+01	2.90065383e+01	3.76454827e+06	1.46522786e+05	1.00000000e-09	1.73953311e+01	1.00000000e-10	1.73953311e+00	-1.67839430e+06	1.94792342e-11
3.46000000e+01	2.90906152e+01	3.74025686e+06	1.45577322e+05	1.00000000e-09	4.29092601e+01	1.00000000e-10	4.29092601e+00	-4.14011421e+06	1.79084392e-11
3.47000000e+01	2.91746921e+01	3.71596545e+06	1.44631858e+05	1.00000000e-09	1.00000000e-09	1.00000000e-10	1.00000000e-10	0.00000000e+00	1.64643122e-11
3.48000000e+01	2.92587690e+01	3.69167404e+06	1.43686394e+05	1.00000000e-09	1.00000000e-09	1.00000000e-10	1.00000000e-10	0.00000000e+00	1.51366389e-11
3.49000000e+01	2.93428459e+01	3.66738274e+06	1.42740934e+05	5.59936008e-09	6.83001197e+00	5.59936008e-10	6.83001197e-01	-6.58995973e+05	1.39160284e-11
3.50000000e+01	2.94269229e+01	3.64309155e+06	1.41795479e+05	5.46101937e-09	4.37638091e+01	5.46101937e-10	4.37638091e+00	-4.22256566e+06	1.27938473e-11
3.51000000e+01	2.95109998e+01	3.61880036e+06	1.40850023e+05	1.00000000e-09	1.00000000e-09	1.00000000e-10	1.00000000e-10	0.00000000e+00	1.17621583e-11
3.52000000e+01	2.95950767e+01	3.59450917e+06	1.39904567e+05	1.00000000e-09	1.00000000e-09	1.00000000e-10	1.00000000e-10	0.00000000e+00	1.08136641e-11
3.53000000e+01	2.96791536e+01	3.57021809e+06	1.38959116e+05	1.00000000e-09	1.00000000e-09	1.00000000e-10	1.00000000e-10	0.00000000e+00	9.94165601e-12
3.54000000e+01	2.97632306e+01	3.54592713e+06	1.38013670e+05	1.00000000e-09	4.23393688e+01	1.00000000e-10	4.23393688e+00	-4.08512806e+06	9.13996618e-12
3.55000000e+01	2.98473075e+01	3.52163616e+06	1.37068223e+05	1.00000000e-09	8.27231784e+00	1.00000000e-10	8.27231784e-01	-7.98157334e+05	8.40292419e-12
3.56000000e+01	2.99313844e+01	3.49734519e+06	1.36122776e+05	1.00000000e-09	1.00000000e-09	1.00000000e-10	1.00000000e-10	0.00000000e+00	7.72531687e-12
3.57000000e+01	3.00154613e+01	3.47305434e+06	1.35177334e+05	3.78246387e-09	1.00000000e-09	3.78246387e-10	1.00000000e-10	2.68466951e-04	7.10235144e-12
3.58000000e+01	3.00995383e+01	3.44876359e+06	1.34231895e+05	5.07669330e-09	3.86999569e+01	5.07669330e-10	3.86999569e+00	-3.73397819e+06	6.52962161e-12
3.59000000e+01	3.01836152e+01	3.42447285e+06	1.33286457e+05	3.32992865e-09	1.80869103e+01	3.32992865e-10	1.80869103e+00	-1.74512154e+06	6.00307641e-12
3.60000000e+01	3.02676921e+01	3.40018211e+06	1.32341019e+05	2.52391024e-09	1.00000000e-09	2.52391024e-10	1.00000000e-10	1.47034986e-04	5.51899153e-12
3.61000000e+01	3.03517690e+01	3.37589148e+06	1.31395586e+05	2.37189194e-09	1.00000000e-09	2.37189194e-10	1.00000000e-10	1.32367449e-04	5.07394300e-12
3.62000000e+01	3.04358459e+01	3.35160096e+06	1.30450156e+05	2.79123413e-09	3.30095412e+01	2.79123413e-10	3.30095412e+00	-3.18493655e+06	4.66478295e-12
3.63000000e+01	3.05199229e+01	3.32731045e+06	1.29504727e+05	1.36669664e-09	2.67954195e+01	1.36669664e-10	2.67954195e+00	-2.58536495e+06	4.28861734e-12
3.64000000e+01	3.06039998e+01	3.30301993e+06	1.28559298e+05	1.00000000e-09	1.00000000e-09	1.00000000e-10	1.00000000e-10	0.00000000e+00	3.94278553e-12
3.65000000e+01	3.06880767e+01	3.27872953e+06	1.27613873e+05	1.00000000e-09	1.00000000e-09	1.00000000e-10	1.00000000e-10	0.00000000e+00	3.62484141e-12
3.66000000e+01	3.07721536e+01	3.25443924e+06	1.26668453e+05	1.46155285e-09	2.55247459e+01	1.46155285e-10	2.55247459e+00	-2.46276359e+06	3.33253613e-12
3.67000000e+01	3.08562306e+01	3.23014895e+06	1.25723032e+05	1.00000000e-09	3.40001314e+01	1.00000000e-10	3.40001314e+00	-3.28051397e+06	3.06380220e-12
3.68000000e+01	3.09403075e+01	3.20585866e+06	1.24777612e+05	1.00000000e-09	1.00000000e-09	1.00000000e-10	1.00000000e-10	0.00000000e+00	2.81673882e-12
3.69000000e+01	3.10243844e+01	3.18156849e+06	1.23832196e+05	1.00000000e-09	1.00000000e-09	1.00000000e-10	1.00000000e-10	0.00000000e+00	2.58959851e-12
3.70000000e+01	3.11084613e+01	3.15727843e+06	1.22886784e+05	1.00000000e-09	1.65834062e+01	1.00000000e-10	1.65834062e+00	-1.60005545e+06	2.38077467e-12
3.71000000e+01	3.11925382e+01	3.13298837e+06	1.21941373e+05	1.00000000e-09	3.93707132e+01	1.00000000e-10	3.93707132e+00	-3.79869634e+06	2.18879027e-12
3.72000000e+01	3.12766152e+01	3.10869831e+06	1.20995961e+05	1.00000000e-09	1.00000000e-09	1.00000000e-10	1.00000000e-10	0.00000000e+00	2.01228739e-12
3.73000000e+01	3.13606921e+01	3.08440836e+06	1.20050554e+05	1.00000000e-09	1.00000000e-09	1.00000000e-10	1.00000000e-10	0.00000000e+00	1.85001761e-12
3.74000000e+01	3.14447690e+01	3.06011852e+06	1.19105151e+05	1.00000000e-09	6.58948058e+00	1.00000000e-10	6.58948058e-01	-6.35788222e+05	1.70083318e-12
3.75000000e+01	3.15288459e+01	3.03582869e+06	1.18159749e+05	1.00000000e-09	4.26590984e+01	1.00000000e-10	4.26590984e+00	-4.11597728e+06	1.56367890e-12
3.76000000e+01	3.16129229e+01	3.01153886e+06	1.17214346e+05	1.00000000e-09	1.00000000e-09	1.00000000e-10	1.00000000e-10	0.00000000e+00	1.43758467e-12
3.77000000e+01	3.16969998e+01	2.98724914e+06	1.16268948e+05	1.00000000e-09	1.00000000e-09	1.00000000e-10	1.00000000e-10	0.00000000e+00	1.32165861e-12
3.78000000e+01	3.17810767e+01	2.96295954e+06	1.15323554e+05	1.00000000e-09	1.00000000e-09	1.00000000e-10	1.00000000e-10	0.00000000e+00	1.21508076e-12
3.79000000e+01	3.18651536e+01	2.93866994e+06	1.14378160e+05	1.00000000e-09	4.37107015e+01	1.00000000e-10	4.37107015e+00	-4.21744156e+06	1.11709730e-12
3.80000000e+01	3.19492305e+01	2.91438034e+06	1.13432767e+05	1.00000000e-09	8.62855049e+00	1.00000000e-10	8.62855049e-01	-8.32528559e+05	1.02701517e-12
3.81000000e+01	3.20333075e+01	2.89009084e+06	1.12487377e+05	1.00000000e-09	1.00000000e-09	1.00000000e-10	1.00000000e-10	0.00000000e+00	9.44197214e-13
3.82000000e+01	3.21173844e+01	2.86580147e+06	1.11541992e+05	1.00000000e-09	1.00000000e-09	1.00000000e-10	1.00000000e-10	0.00000000e+00	8.68057654e-13
3.83000000e+01	3.22014613e+01	2.84151209e+06	1.10596608e+05	1.00000000e-09	4.24714629e+01	1.00000000e-10	4.24714629e+00	-4.09787320e+06	7.98057949e-13
3.84000000e+01	3.22855382e+01	2.81722272e+06	1.09651223e+05	1.00000000e-09	1.92126479e+01	1.00000000e-10	1.92126479e+00	-1.85373871e+06	7.33702982e-13
3.85000000e+01	3.23696152e+01	2.79293345e+06	1.08705842e+05	1.00000000e-09	1.00000000e-09	1.00000000e-10	1.00000000e-10	0.00000000e+00	6.74537565e-13
3.86000000e+01	3.24536921e+01	2.76864431e+06	1.07760466e+05	1.00000000e-09	1.00000000e-09	1.00000000e-10	1.00000000e-10	0.00000000e+00	6.20143216e-13
3.87000000e+01	3.25377690e+01	2.74435516e+06	1.06815090e+05	1.00000000e-09	3.89904005e+01	1.00000000e-10	3.89904005e+00	-3.76200174e+06	5.70135198e-13
3.88000000e+01	3.26218459e+01	2.72006602e+06	1.05869715e+05	1.00000000e-09	2.91939859e+01	1.00000000e-10	2.91939859e+00	-2.81679142e+06	5.24159800e-13
3.89000000e+01	3.27059228e+01	2.69577697e+06	1.04924343e+05	1.00000000e-09	1.00000000e-09	1.00000000e-10	1.00000000e-10	0.00000000e+00	4.81891834e-13
3.90000000e+01	3.27899998e+01	2.67148805e+06	1.03978975e+05	1.00000000e-09	1.00000000e-09	1.00000000e-10	1.00000000e-10	0.00000000e+00	4.43032333e-13
3.91000000e+01	3.28740767e+01	2.64719914e+06	1.03033608e+05	1.00000000e-09	3.34175515e+01	1.00000000e-10	3.34175515e+00	-3.22430356e+06	4.07306443e-13
3.92000000e+01	3.29581536e+01	2.62291022e+06	1.02088241e+05	1.00000000e-09	3.81175838e+01	1.00000000e-10	3.81175838e+00	-3.67778774e+06	3.74461468e-13
3.93000000e+01	3.30422305e+01	2.59862140e+06	1.01142878e+05	1.00000000e-09	1.00000000e-09	1.00000000e-10	1.00000000e-10	0.00000000e+00	3.44265096e-13
3.94000000e+01	3.31263075e+01	2.57433270e+06	1.00197520e+05	1.00000000e-09	1.00000000e-09	1.00000000e-10	1.00000000e-10	0.00000000e+00	3.16503742e-13
3.95000000e+01	3.32103844e+01	2.55004401e+06	9.92521614e+04	1.00000000e-09	2.59973945e+01	1.00000000e-10	2.59973945e+00	-2.50836724e+06	2.90981049e-13
3.96000000e+01	3.32944613e+01	2.52575532e+06	9.83068031e+04	1.00000000e-09	4.55750002e+01	1.00000000e-10	4.55750002e+00	-4.39731903e+06	2.67516493e-13
3.97000000e+01	3.33785382e+01	2.50146672e+06	9.73614485e+04	1.00000000e-09	1.00000000e-09	1.00000000e-10	1.00000000e-10	0.00000000e+00	2.45944106e-13
3.98000000e+01	3.34626152e+01	2.47717825e+06	9.64160989e+04	1.00000000e-09	1.00000000e-09	1.00000000e-10	1.00000000e-10	0.00000000e+00	2.26111304e-13
3.99000000e+01	3.35466921e+01	2.45288978e+06	9.54707492e+04	1.00000000e-09	1.70580431e+01	1.00000000e-10	1.70580431e+00	-1.64585096e+06	2.07877809e-13
4.00000000e+01	3.36307690e+01	2.42860131e+06	9.45253996e+04	1.00000000e-09	5.12226994e+01	1.00000000e-10	5.12226994e+00	-4.94223917e+06	1.91114654e-13
4.01000000e+01	3.37148459e+01	2.40431293e+06	9.35800535e+04	1.00000000e-09	1.00000000e-09	1.00000000e-10	1.00000000e-10	0.00000000e+00	1.75703270e-13
4.02000000e+01	3.37989228e+01	2.38002468e+06	9.26347124e+04	1.00000000e-09	1.00000000e-09	1.00000000e-10	1.00000000e-10	0.00000000e+00	1.61534652e-13
4.03000000e+01	3.38829998e+01	2.35573643e+06	9.16893714e+04	1.00000000e-09	6.99669044e+00	1.00000000e-10	6.99669044e-01	-6.75078001e+05	1.48508584e-13
4.04000000e+01	3.39670767e+01	2.33144818e+06	9.07440303e+04	1.00000000e-09	5.47975362e+01	1.00000000e-10	5.47975362e+00	-5.28715848e+06	1.36532931e-13
4.05000000e+01	3.40511536e+01	2.30716002e+06	8.97986927e+04	1.00000000e-09	1.00000000e-09	1.00000000e-10	1.00000000e-10	0.00000000e+00	1.25522989e-13
4.06000000e+01	3.41352305e+01	2.28287198e+06	8.88533601e+04	1.00000000e-09	1.00000000e-09	1.00000000e-10	1.00000000e-10	0.00000000e+00	1.15400882e-13
4.07000000e+01	3.42193075e+01	2.25858395e+06	8.79080274e+04	1.00000000e-09	1.00000000e-09	1.00000000e-10	1.00000000e-10	0.00000000e+00	1.06095016e-13
4.08000000e+01	3.43033844e+01	2.23429592e+06	8.69626948e+04	1.00000000e-09	5.61269696e+01	1.00000000e-10	5.61269696e+00	-5.41542930e+06	9.75395708e-14
4.09000000e+01	3.43874613e+01	2.21000797e+06	8.60173655e+04	1.00000000e-09	8.66815245e+00	1.00000000e-10	8.66815245e-01	-8.36349568e+05	8.96740319e-14
4.10000000e+01	3.44715382e+01	2.18572015e+06	8.50720412e+04	1.00000000e-09	1.00000000e-09	1.00000000e-10	1.00000000e-10	0.00000000e+00	8.24427658e-14
4.11000000e+01	3.45556151e+01	2.16143233e+06	8.41267169e+04	1.00000000e-09	1.00000000e-09	1.00000000e-10	1.00000000e-10	0.00000000e+00	7.57946252e-14
4.12000000e+01	3.46396921e+01	2.13714451e+06	8.31813926e+04	1.00000000e-09	5.51403522e+01	1.00000000e-10	5.51403522e+00	-5.32023519e+06	6.96825871e-14
4.13000000e+01	3.47237690e+01	2.11285677e+06	8.22360715e+04	1.00000000e-09	1.95247407e+01	1.00000000e-10	1.95247407e+00	-1.88385109e+06	6.40634205e-14
4.14000000e+01	3.48078459e+01	2.08856916e+06	8.12907554e+04	1.00000000e-09	1.00000000e-09	1.00000000e-10	1.00000000e-10	0.00000000e+00	5.88973804e-14
4.15000000e+01	3.48919228e+01	2.06428155e+06	8.03454392e+04	1.00000000e-09	1.00000000e-09	1.00000000e-10	1.00000000e-10	0.00000000e+00	5.41479271e-14
4.16000000e+01	3.49759998e+01	2.03999394e+06	7.94001231e+04	1.00000000e-09	5.18705753e+01	1.00000000e-10	5.18705753e+00	-5.00474969e+06	4.97814672e-14
4.17000000e+01	3.50600767e+01	2.01570642e+06	7.84548101e+04	1.00000000e-09	2.98410364e+01	1.00000000e-10	2.98410364e+00	-2.87922231e+06	4.57671163e-14
4.18000000e+01	3.51441536e+01	1.99141901e+06	7.75095019e+04	1.00000000e-09	1.00000000e-09	1.00000000e-10	1.00000000e-10	0.00000000e+00	4.20764804e-14
4.19000000e+01	3.52282305e+01	1.96713161e+06	7.65641938e+04	1.00000000e-09	1.00000000e-09	1.00000000e-10	1.00000000e-10	0.00000000e+00	3.86834555e-14
4.20000000e+01	3.53123074e+01	1.94284420e+06	7.56188857e+04	1.00000000e-09	4.64527895e+01	1.00000000e-10	4.64527895e+00	-4.48201282e+06	3.55640423e-14
4.21000000e+01	3.53963844e+01	1.91855688e+06	7.46735806e+04	1.00000000e-09	3.91522350e+01	1.00000000e-10	3.91522350e+00	-3.77761640e+06	3.26961769e-14
4.22000000e+01	3.54804613e+01	1.89426968e+06	7.37282803e+04	1.00000000e-09	1.00000000e-09	1.00000000e-10	1.00000000e-10	0.00000000e+00	3.00595747e-14
4.23000000e+01	3.55645382e+01	1.86998247e+06	7.27829800e+04	1.00000000e-09	1.00000000e-09	1.00000000e-10	1.00000000e-10	0.00000000e+00	2.76355866e-14
4.24000000e+01	3.56486151e+01	1.84569527e+06	7.18376797e+04	1.00000000e-09	3.91185595e+01	1.00000000e-10	3.91185595e+00	-3.77436720e+06	2.54070677e-14
4.25000000e+01	3.57326921e+01	1.82140814e+06	7.08923824e+04	1.00000000e-09	4.70369489e+01	1.00000000e-10	4.70369489e+00	-4.53837564e+06	2.33582553e-14
4.26000000e+01	3.58167690e+01	1.79712114e+06	6.99470898e+04	1.00000000e-09	1.00000000e-09	1.00000000e-10	1.00000000e-10	0.00000000e+00	2.14746581e-14
4.27000000e+01	3.59008459e+01	1.77283413e+06	6.90017972e+04	1.00000000e-09	1.00000000e-09	1.00000000e-10	1.00000000e-10	0.00000000e+00	1.97429531e-14
4.28000000e+01	3.59849228e+01	1.74854713e+06	6.80565046e+04	1.00000000e-09	3.01857284e+01	1.00000000e-10	3.01857284e+00	-2.91248003e+06	1.81508919e-14
4.29000000e+01	3.60689997e+01	1.72426020e+06	6.71112148e+04	1.00000000e-09	5.31361362e+01	1.00000000e-10	5.31361362e+00	-5.12685775e+06	1.66872137e-14
4.30000000e+01	3.61530767e+01	1.69997338e+06	6.61659297e+04	1.00000000e-09	1.00000000e-09	1.00000000e-10	1.00000000e-10	0.00000000e+00	1.53415657e-14
4.31000000e+01	3.62371536e+01	1.67568657e+06	6.52206446e+04	1.00000000e-09	1.00000000e-09	1.00000000e-10	1.00000000e-10	0.00000000e+00	1.41044300e-14
4.32000000e+01	3.63212305e+01	1.65139976e+06	6.42753595e+04	1.00000000e-09	2.00444060e+01	1.00000000e-10	2.00444060e+00	-1.93399117e+06	1.29670563e-14
4.33000000e+01	3.64053074e+01	1.62711302e+06	6.33300772e+04	1.00000000e-09	5.71692172e+01	1.00000000e-10	5.71692172e+00	-5.51599091e+06	1.19213998e-14
4.34000000e+01	3.64893844e+01	1.60282640e+06	6.23847994e+04	1.00000000e-09	1.00000000e-09	1.00000000e-10	1.00000000e-10	0.00000000e+00	1.09600645e-14
4.35000000e+01	3.65734613e+01	1.57853977e+06	6.14395217e+04	1.00000000e-09	1.00000000e-09	1.00000000e-10	1.00000000e-10	0.00000000e+00	1.00762507e-14
4.36000000e+01	3.66575382e+01	1.55425315e+06	6.04942439e+04	1.00000000e-09	9.13972252e+00	1.00000000e-10	9.13972252e-01	-8.81849163e+05	9.26370726e-15
4.37000000e+01	3.67416151e+01	1.52996659e+06	5.95489689e+04	1.00000000e-09	5.89467144e+01	1.00000000e-10	5.89467144e+00	-5.68749331e+06	8.51668685e-15
4.38000000e+01	3.68256921e+01	1.50568016e+06	5.86036983e+04	1.00000000e-09	1.00000000e-09	1.00000000e-10	1.00000000e-10	0.00000000e+00	7.82990577e-15
4.39000000e+01	3.69097690e+01	1.48139372e+06	5.76584277e+04	1.00000000e-09	1.00000000e-09	1.00000000e-10	1.00000000e-10	0.00000000e+00	7.19850635e-15
4.40000000e+01	3.69938459e+01	1.45710728e+06	5.67131571e+04	1.00000000e-09	1.00000000e-09	1.00000000e-10	1.00000000e-10	0.00000000e+00	6.61802264e-15
4.41000000e+01	3.70779228e+01	1.43282091e+06	5.57678892e+04	1.00000000e-09	5.83788502e+01	1.00000000e-10	5.83788502e+00	-5.63270275e+06	6.08434883e-15
4.42000000e+01	3.71619997e+01	1.40853465e+06	5.48226256e+04	1.00000000e-09	6.92557970e+00	1.00000000e-10	6.92557970e-01	-6.68216857e+05	5.59371018e-15
4.43000000e+01	3.72460767e+01	1.38424839e+06	5.38773620e+04	1.00000000e-09	1.00000000e-09	1.00000000e-10	1.00000000e-10	0.00000000e+00	5.14263638e-15
4.44000000e+01	3.73301536e+01	1.35996213e+06	5.29320985e+04	1.00000000e-09	1.00000000e-09	1.00000000e-10	1.00000000e-10	0.00000000e+00	4.72793693e-15
4.45000000e+01	3.74142305e+01	1.33567594e+06	5.19868375e+04	1.00000000e-09	5.54797171e+01	1.00000000e-10	5.54797171e+00	-5.35297893e+06	4.34667862e-15
4.46000000e+01	3.74983074e+01	1.31138985e+06	5.10415808e+04	1.00000000e-09	1.76302066e+01	1.00000000e-10	1.76302066e+00	-1.70105634e+06	3.99616478e-15
4.47000000e+01	3.75823844e+01	1.28710377e+06	5.00963241e+04	1.00000000e-09	1.00000000e-09	1.00000000e-10	1.00000000e-10	0.00000000e+00	3.67391618e-15
4.48000000e+01	3.76664613e+01	1.26281769e+06	4.91510673e+04	1.00000000e-09	1.00000000e-09	1.00000000e-10	1.00000000e-10	0.00000000e+00	3.37765354e-15
4.49000000e+01	3.77505382e+01	1.23853167e+06	4.82058132e+04	1.00000000e-09	5.03668308e+01	1.00000000e-10	5.03668308e+00	-4.85966039e+06	3.10528136e-15
4.50000000e+01	3.78346151e+01	1.21424576e+06	4.72605632e+04	1.00000000e-09	2.74038061e+01	1.00000000e-10	2.74038061e+00	-2.64406534e+06	2.85487313e-15
4.51000000e+01	3.79186920e+01	1.18995985e+06	4.63153132e+04	1.00000000e-09	1.00000000e-09	1.00000000e-10	1.00000000e-10	0.00000000e+00	2.62465769e-15
4.52000000e+01	3.80027690e+01	1.16567394e+06	4.53700632e+04	1.00000000e-09	1.00000000e-09	1.00000000e-10	1.00000000e-10	0.00000000e+00	2.41300669e-15
4.53000000e+01	3.80868459e+01	1.14138809e+06	4.44248158e+04	1.00000000e-09	4.32560830e+01	1.00000000e-10	4.32560830e+00	-4.17357754e+06	2.21842312e-15
4.54000000e+01	3.81709228e+01	1.11710235e+06	4.34795723e+04	1.00000000e-09	3.58117463e+01	1.00000000e-10	3.58117463e+00	-3.45530823e+06	2.03953067e-15
4.55000000e+01	3.82549997e+01	1.09281661e+06	4.25343289e+04	1.00000000e-09	1.00000000e-09	1.00000000e-10	1.00000000e-10	0.00000000e+00	1.87506400e-15
4.56000000e+01	3.83390767e+01	1.06853087e+06	4.15890855e+04	1.00000000e-09	1.00000000e-09	1.00000000e-10	1.00000000e-10	0.00000000e+00	1.72385984e-15
4.57000000e+01	3.84231536e+01	1.04424520e+06	4.06438447e+04	1.00000000e-09	3.44551254e+01	1.00000000e-10	3.44551254e+00	-3.32441422e+06	1.58484870e-15
4.58000000e+01	3.85072305e+01	1.01995962e+06	3.96986077e+04	1.00000000e-09	4.24790103e+01	1.00000000e-10	4.24790103e+00	-4.09860142e+06	1.45704735e-15
4.59000000e+01	3.85913074e+01	9.95674045e+05	3.87533708e+04	1.00000000e-09	1.00000000e-09	1.00000000e-10	1.00000000e-10	0.00000000e+00	1.33955183e-15
4.60000000e+01	3.86753843e+01	9.71388469e+05	3.78081338e+04	1.00000000e-09	1.00000000e-09	1.00000000e-10	1.00000000e-10	0.00000000e+00	1.23153109e-15
4.61000000e+01	3.87594613e+01	9.47102961e+05	3.68628995e+04	1.00000000e-09	2.43442753e+01	1.00000000e-10	2.43442753e+00	-2.34886549e+06	1.13222108e-15
4.62000000e+01	3.88435382e+01	9.22817550e+05	3.59176689e+04	1.00000000e-09	4.71069150e+01	1.00000000e-10	4.71069150e+00	-4.54512634e+06	1.04091937e-15
4.63000000e+01	3.89276151e+01	8.98532138e+05	3.49724383e+04	1.00000000e-09	1.00000000e-09	1.00000000e-10	1.00000000e-10	0.00000000e+00	9.56980191e-16
4.64000000e+01	3.90116920e+01	8.74246726e+05	3.40272077e+04	1.00000000e-09	1.00000000e-09	1.00000000e-10	1.00000000e-10	0.00000000e+00	8.79809819e-16
4.65000000e+01	3.90957690e+01	8.49961383e+05	3.30819798e+04	1.00000000e-09	1.33624809e+01	1.00000000e-10	1.33624809e+00	-1.28928341e+06	8.08862425e-16
4.66000000e+01	3.91798459e+01	8.25676132e+05	3.21367555e+04	1.00000000e-09	4.94860876e+01	1.00000000e-10	4.94860876e+00	-4.77468159e+06	7.43636191e-16
4.67000000e+01	3.92639228e+01	8.01390882e+05	3.11915311e+04	1.00000000e-09	1.00000000e-09	1.00000000e-10	1.00000000e-10	0.00000000e+00	6.83669765e-16
4.68000000e+01	3.93479997e+01	7.77105631e+05	3.02463068e+04	1.00000000e-09	1.00000000e-09	1.00000000e-10	1.00000000e-10	0.00000000e+00	6.28539001e-16
4.69000000e+01	3.94320766e+01	7.52820451e+05	2.93010852e+04	1.00000000e-09	1.98796703e+00	1.00000000e-10	1.98796703e-01	-1.91809659e+05	5.77853951e-16
4.70000000e+01	3.95161536e+01	7.28535360e+05	2.83558671e+04	1.00000000e-09	4.95059059e+01	1.00000000e-10	4.95059059e+00	-4.77659377e+06	5.31256117e-16
4.71000000e+01	3.96002305e+01	7.04250270e+05	2.74106491e+04	1.00000000e-09	3.24954447e+00	1.00000000e-10	3.24954447e-01	-3.13533377e+05	4.88415907e-16
4.72000000e+01	3.96843074e+01	6.79965179e+05	2.64654310e+04	1.00000000e-09	1.00000000e-09	1.00000000e-10	1.00000000e-10	0.00000000e+00	4.49030309e-16
4.73000000e+01	3.97683843e+01	6.55680160e+05	2.55202157e+04	1.00000000e-09	1.00000000e-09	1.00000000e-10	1.00000000e-10	0.00000000e+00	4.12820745e-16
4.74000000e+01	3.98524613e+01	6.31395229e+05	2.45750038e+04	1.00000000e-09	4.71594999e+01	1.00000000e-10	4.71594999e+00	-4.55020001e+06	3.79531100e-16
4.75000000e+01	3.99365382e+01	6.07110297e+05	2.36297919e+04	1.00000000e-09	1.42722014e+01	1.00000000e-10	1.42722014e+00	-1.37705809e+06	3.48925915e-16
4.76000000e+01	4.00206151e+01	5.82825366e+05	2.26845800e+04	1.00000000e-09	1.00000000e-09	1.00000000e-10	1.00000000e-10	0.00000000e+00	3.20788716e-16
4.77000000e+01	4.01046920e+01	5.58540508e+05	2.17393709e+04	1.00000000e-09	1.00000000e-09	1.00000000e-10	1.00000000e-10	0.00000000e+00	2.94920485e-16
4.78000000e+01	4.01887690e+01	5.34255735e+05	2.07941652e+04	1.00000000e-09	4.25441517e+01	1.00000000e-10	4.25441517e+00	-4.10488661e+06	2.71138254e-16
4.79000000e+01	4.02728459e+01	5.09970963e+05	1.98489595e+04	1.00000000e-09	2.44585890e+01	1.00000000e-10	2.44585890e+00	-2.35989508e+06	2.49273810e-16
4.80000000e+01	4.03569228e+01	4.85686190e+05	1.89037538e+04	1.00000000e-09	1.00000000e-09	1.00000000e-10	1.00000000e-10	0.00000000e+00	2.29172503e-16
4.81000000e+01	4.04409997e+01	4.61401493e+05	1.79585510e+04	1.00000000e-09	1.00000000e-09	1.00000000e-10	1.00000000e-10	0.00000000e+00	2.10692155e-16
4.82000000e+01	4.05250766e+01	4.37116880e+05	1.70133515e+04	1.00000000e-09	3.58570772e+01	1.00000000e-10	3.58570772e+00	-3.45968200e+06	1.93702052e-16
4.83000000e+01	4.06091536e+01	4.12832266e+05	1.60681520e+04	1.00000000e-09	3.33625905e+01	1.00000000e-10	3.33625905e+00	-3.21900062e+06	1.78082022e-16
4.84000000e+01	4.06932305e+01	3.88547653e+05	1.51229525e+04	1.00000000e-09	1.00000000e-09	1.00000000e-10	1.00000000e-10	0.00000000e+00	1.63721583e-16
4.85000000e+01	4.07773074e+01	3.64263118e+05	1.41777560e+04	1.00000000e-09	1.00000000e-09	1.00000000e-10	1.00000000e-10	0.00000000e+00	1.50519162e-16
4.86000000e+01	4.08613843e+01	3.39978664e+05	1.32325627e+04	1.00000000e-09	2.73867727e+01	1.00000000e-10	2.73867727e+00	-2.64242186e+06	1.38381377e-16
4.87000000e+01	4.09454613e+01	3.15694211e+05	1.22873694e+04	1.00000000e-09	4.05940042e+01	1.00000000e-10	4.05940042e+00	-3.91672598e+06	1.27222377e-16
4.88000000e+01	4.10295382e+01	2.91409758e+05	1.13421761e+04	1.00000000e-09	1.00000000e-09	1.00000000e-10	1.00000000e-10	0.00000000e+00	1.16963232e-16
4.89000000e+01	4.11136151e+01	2.67125386e+05	1.03969860e+04	1.00000000e-09	1.00000000e-09	1.00000000e-10	1.00000000e-10	0.00000000e+00	1.07531379e-16
4.90000000e+01	4.11976920e+01	2.42841094e+05	9.45179902e+03	1.00000000e-09	1.75003120e+01	1.00000000e-10	1.75003120e+00	-1.68852341e+06	9.88601065e-17
4.91000000e+01	4.12817689e+01	2.18556803e+05	8.50661203e+03	1.00000000e-09	4.58358230e+01	1.00000000e-10	4.58358230e+00	-4.42248460e+06	9.08880802e-17
4.92000000e+01	4.13658459e+01	1.94272511e+05	7.56142504e+03	1.00000000e-09	1.00000000e-09	1.00000000e-10	1.00000000e-10	0.00000000e+00	8.35589140e-17
4.93000000e+01	4.14499228e+01	1.69988304e+05	6.61624133e+03	1.00000000e-09	1.00000000e-09	1.00000000e-10	1.00000000e-10	0.00000000e+00	7.68207678e-17
4.94000000e+01	4.15339997e+01	1.45704176e+05	5.67106073e+03	1.00000000e-09	6.62715661e+00	1.00000000e-10	6.62715661e-01	-6.39423406e+05	7.06259821e-17
4.95000000e+01	4.16180766e+01	1.21420049e+05	4.72588013e+03	1.00000000e-09	4.88582734e+01	1.00000000e-10	4.88582734e+00	-4.71410673e+06	6.49307406e-17
4.96000000e+01	4.17021536e+01	9.71359216e+04	3.78069952e+03	1.00000000e-09	1.00000000e-09	1.00000000e-10	1.00000000e-10	0.00000000e+00	5.96947603e-17
4.97000000e+01	4.17862305e+01	7.28518817e+04	2.83552233e+03	1.00000000e-09	1.00000000e-09	1.00000000e-10	1.00000000e-10	0.00000000e+00	5.48810067e-17
4.98000000e+01	4.18703074e+01	4.85679211e+04	1.89034822e+03	1.00000000e-09	1.00000000e-09	1.00000000e-10	1.00000000e-10	0.00000000e+00	5.04554316e-17
4.99000000e+01	4.19543843e+01	2.42839606e+04	9.45174109e+02	1.00000000e-09	4.95289919e+01	1.00000000e-10	4.95289919e+00	-4.77882124e+06	4.63867326e-17
5.00000000e+01	4.20384612e+01	0.00000000e+00	0.00000000e+00	1.00000000e+01	1.00000000e+01	1.00000000e+00	1.00000000e+00	0.00000000e+00	4.26461312e-17
