# 1D PNP Solver Results
# Debye length: 1.18939 nm
# Surface potential: 100 mV
# Bulk concentration: 10 mol/m^3
# Thermal voltage: 25.6926 mV
# Grid: non-uniform with stretching factor 1
#
# Columns:
# 1: x [nm]
# 2: x/lambda_D [-]
# 3: phi [mV]
# 4: phi_normalized = e*phi/(kB*T) [-]
# 5: c+ [mol/m^3]
# 6: c- [mol/m^3]
# 7: c+/c0 [-]
# 8: c-/c0 [-]
# 9: rho [C/m^3]
# 10: phi_GC [mV] (Gouy-Chapman analytical)
0.00000000e+00	0.00000000e+00	1.00000000e+02	3.89217445e+00	1.00000000e-09	7.28786910e-06	1.00000000e-10	7.28786910e-07	-7.03075985e-01	1.00000000e+02
1.00000000e-01	8.40769225e-02	9.93118127e+04	3.86538900e+03	1.00000000e-09	1.00000000e-09	1.00000000e-10	1.00000000e-10	0.00000000e+00	8.70576373e+01
2.00000000e-01	1.68153845e-01	1.98506712e+05	7.72622754e+03	6.09070199e+05	1.00000000e-09	6.09070199e+04	1.00000000e-10	5.87663404e+10	7.68715638e+01
3.00000000e-01	2.52230767e-01	2.97701612e+05	1.15870661e+04	3.73528938e+04	1.28056058e-09	3.73528938e+03	1.28056058e-10	3.60400636e+09	6.85207345e+01
4.00000000e-01	3.36307690e-01	3.96896511e+05	1.54479046e+04	1.00000000e-09	1.25770055e-07	1.00000000e-10	1.25770055e-08	-1.20384802e-02	6.14862309e+01
5.00000000e-01	4.20384612e-01	4.94061520e+05	1.92297363e+04	1.00000000e-09	1.00000000e-09	1.00000000e-10	1.00000000e-10	0.00000000e+00	5.54461690e+01
6.00000000e-01	5.04461535e-01	5.91138517e+05	2.30081423e+04	6.06806289e+05	1.00000000e-09	6.06806289e+04	1.00000000e-10	5.85479063e+10	5.01866549e+01
7.00000000e-01	5.88538457e-01	6.88215513e+05	2.67865484e+04	7.61833729e+04	2.80911991e-09	7.61833729e+03	2.80911991e-10	7.35057804e+09	4.55579535e+01
8.00000000e-01	6.72615380e-01	7.85292509e+05	3.05649544e+04	1.00000000e-09	1.31676161e-07	1.00000000e-10	1.31676161e-08	-1.26083328e-02	4.14508515e+01
9.00000000e-01	7.56692302e-01	8.80341953e+05	3.42644446e+04	1.00000000e-09	1.00000000e-09	1.00000000e-10	1.00000000e-10	0.00000000e+00	3.77829914e+01
1.00000000e+00	8.40769225e-01	9.75230224e+05	3.79576616e+04	6.02623851e+05	1.00000000e-09	6.02623851e+04	1.00000000e-10	5.81443624e+10	3.44905241e+01
1.10000000e+00	9.24846147e-01	1.07011849e+06	4.16508786e+04	1.16508755e+05	4.65766662e-09	1.16508755e+04	4.65766662e-10	1.12413859e+10	3.15227780e+01
1.20000000e+00	1.00892307e+00	1.16500676e+06	4.53440956e+04	1.00000000e-09	1.39254817e-07	1.00000000e-10	1.39254817e-08	-1.33395619e-02	2.88387272e+01
1.30000000e+00	1.09299999e+00	1.25787134e+06	4.89585469e+04	1.00000000e-09	1.00000000e-09	1.00000000e-10	1.00000000e-10	0.00000000e+00	2.64045776e+01
1.40000000e+00	1.17707691e+00	1.35049940e+06	5.25637926e+04	5.96344319e+05	1.00000000e-09	5.96344319e+04	1.00000000e-10	5.75384797e+10	2.41920729e+01
1.50000000e+00	1.26115384e+00	1.44312746e+06	5.61690382e+04	1.58339604e+05	6.91846943e-09	1.58339604e+04	6.91846943e-10	1.52774493e+10	2.21772778e+01
1.60000000e+00	1.34523076e+00	1.53575552e+06	5.97742839e+04	1.00000000e-09	1.48917234e-07	1.00000000e-10	1.48917234e-08	-1.42718434e-02	2.03396868e+01
1.70000000e+00	1.42930768e+00	1.62636537e+06	6.33009772e+04	1.00000000e-09	1.00000000e-09	1.00000000e-10	1.00000000e-10	0.00000000e+00	1.86615585e+01
1.80000000e+00	1.51338460e+00	1.71666104e+06	6.68154424e+04	5.87764980e+05	1.00000000e-09	5.87764980e+04	1.00000000e-10	5.67106993e+10	1.71274116e+01
1.90000000e+00	1.59746153e+00	1.80695671e+06	7.03299076e+04	2.01677331e+05	9.71045688e-09	2.01677331e+04	9.71045688e-10	1.94589043e+10	1.57236358e+01
2.00000000e+00	1.68153845e+00	1.89725239e+06	7.38443727e+04	1.00000000e-09	1.61284625e-07	1.00000000e-10	1.61284625e-08	-1.54651153e-02	1.44381886e+01
2.10000000e+00	1.76561537e+00	1.98553708e+06	7.72805668e+04	1.00000000e-09	1.00000000e-09	1.00000000e-10	1.00000000e-10	0.00000000e+00	1.32603556e+01
2.20000000e+00	1.84969229e+00	2.07342748e+06	8.07014145e+04	5.76654911e+05	1.00000000e-09	5.76654911e+04	1.00000000e-10	5.56387406e+10	1.21805577e+01
2.30000000e+00	1.93376922e+00	2.16131788e+06	8.41222622e+04	2.46511080e+05	1.31859507e-08	2.46511080e+04	1.31859507e-09	2.37847035e+10	1.11901960e+01
2.40000000e+00	2.01784614e+00	2.24920828e+06	8.75431100e+04	1.00000000e-09	1.77337031e-07	1.00000000e-10	1.77337031e-08	-1.70139370e-02	1.02815237e+01
2.50000000e+00	2.10192306e+00	2.33509680e+06	9.08860409e+04	1.00000000e-09	1.00000000e-09	1.00000000e-10	1.00000000e-10	0.00000000e+00	9.44754093e+00
2.60000000e+00	2.18599998e+00	2.42050830e+06	9.42104055e+04	5.62750075e+05	1.00000000e-09	5.62750075e+04	1.00000000e-10	5.42971279e+10	8.68190590e+00
2.70000000e+00	2.27007691e+00	2.50591980e+06	9.75347700e+04	2.92813680e+05	1.75327071e-08	2.92813680e+04	1.75327071e-09	2.82522252e+10	7.97886054e+00
2.80000000e+00	2.35415383e+00	2.59133129e+06	1.00859135e+05	1.00000000e-09	1.98729438e-07	1.00000000e-10	1.98729438e-08	-1.90779904e-02	7.33316685e+00
2.90000000e+00	2.43823075e+00	2.67475205e+06	1.04106016e+05	1.00000000e-09	1.00000000e-09	1.00000000e-10	1.00000000e-10	0.00000000e+00	6.74005227e+00
3.00000000e+00	2.52230767e+00	2.75761025e+06	1.07331002e+05	5.45747366e+05	1.00000000e-09	5.45747366e+04	1.00000000e-10	5.26566159e+10	6.19516235e+00
3.10000000e+00	2.60638460e+00	2.84046846e+06	1.10555988e+05	3.40536358e+05	2.29482869e-08	3.40536358e+04	2.29482869e-09	3.28567636e+10	5.69451955e+00
3.20000000e+00	2.69046152e+00	2.92332666e+06	1.13780973e+05	1.00000000e-09	2.28558064e-07	1.00000000e-10	2.28558064e-08	-2.19560154e-02	5.23448697e+00
3.30000000e+00	2.77453844e+00	3.00420747e+06	1.16928995e+05	1.00000000e-09	1.00000000e-09	1.00000000e-10	1.00000000e-10	0.00000000e+00	4.81173646e+00
3.40000000e+00	2.85861536e+00	3.08443721e+06	1.20051677e+05	5.25297330e+05	1.00000000e-09	5.25297330e+04	1.00000000e-10	5.06834873e+10	4.42322017e+00
3.50000000e+00	2.94269229e+00	3.16466695e+06	1.23174358e+05	3.89601795e+05	2.94887660e-08	3.89601795e+04	2.94887660e-09	3.75908586e+10	4.06614534e+00
3.60000000e+00	3.02676921e+00	3.24489669e+06	1.26297040e+05	1.00000000e-09	2.73601370e-07	1.00000000e-10	2.73601370e-08	-2.63020337e-02	3.73795159e+00
3.70000000e+00	3.11084613e+00	3.32316479e+06	1.29343371e+05	1.00000000e-09	1.00000000e-09	1.00000000e-10	1.00000000e-10	0.00000000e+00	3.43629058e+00
3.80000000e+00	3.19492305e+00	3.40069011e+06	1.32360791e+05	5.00995207e+05	1.00000000e-09	5.00995207e+04	1.00000000e-10	4.83386889e+10	3.15900770e+00
3.90000000e+00	3.27899998e+00	3.47821542e+06	1.35378212e+05	4.39894953e+05	3.62781525e-08	4.39894953e+04	3.62781525e-09	4.24434106e+10	2.90412542e+00
4.00000000e+00	3.36307690e+00	3.55574073e+06	1.38395632e+05	1.00000000e-09	3.53290851e-07	1.00000000e-10	3.53290851e-08	-3.39908998e-02	2.66982829e+00
4.10000000e+00	3.44715382e+00	3.63132282e+06	1.41337419e+05	1.00000000e-09	1.00000000e-09	1.00000000e-10	1.00000000e-10	0.00000000e+00	2.45444929e+00
4.20000000e+00	3.53123074e+00	3.70606695e+06	1.44246591e+05	4.72369853e+05	1.00000000e-09	4.72369853e+04	1.00000000e-10	4.55767621e+10	2.25645740e+00
4.30000000e+00	3.61530767e+00	3.78081109e+06	1.47155763e+05	4.91250869e+05	3.32737403e-08	4.91250869e+04	3.32737403e-09	4.73985033e+10	2.07444628e+00
4.40000000e+00	3.69938459e+00	3.85555522e+06	1.50064935e+05	1.00000000e-09	5.69312150e-07	1.00000000e-10	5.69312150e-08	-5.48337865e-02	1.90712395e+00
4.50000000e+00	3.78346151e+00	3.92837746e+06	1.52899304e+05	1.00000000e-09	1.05082770e-07	1.00000000e-10	1.05082770e-08	-1.00424606e-02	1.75330334e+00
4.60000000e+00	3.86753843e+00	4.00026289e+06	1.55697210e+05	4.38869918e+05	6.91082673e-09	4.38869918e+04	6.91082673e-10	4.23445098e+10	1.61189369e+00
4.70000000e+00	3.95161536e+00	4.07214832e+06	1.58495116e+05	5.43438303e+05	1.00000000e-09	5.43438303e+04	1.00000000e-10	5.24338251e+10	1.48189263e+00
4.80000000e+00	4.03569228e+00	4.14403374e+06	1.61293023e+05	1.00000000e-09	1.00000000e-09	1.00000000e-10	1.00000000e-10	0.00000000e+00	1.36237899e+00
4.90000000e+00	4.11976920e+00	4.21402188e+06	1.64017083e+05	1.00000000e-09	1.00000000e-09	1.00000000e-10	1.00000000e-10	0.00000000e+00	1.25250612e+00
5.00000000e+00	4.20384612e+00	4.28297034e+06	1.66700677e+05	3.99846508e+05	1.00000000e-09	3.99846508e+04	1.00000000e-10	3.85793231e+10	1.15149587e+00
5.10000000e+00	4.28792305e+00	4.35191880e+06	1.69384272e+05	5.96137626e+05	1.00000000e-09	5.96137626e+04	1.00000000e-10	5.75185368e+10	1.05863300e+00
5.20000000e+00	4.37199997e+00	4.42086726e+06	1.72067866e+05	1.00000000e-09	1.00000000e-09	1.00000000e-10	1.00000000e-10	0.00000000e+00	9.73260072e-01
5.30000000e+00	4.45607689e+00	4.48794667e+06	1.74678713e+05	1.00000000e-09	1.00000000e-09	1.00000000e-10	1.00000000e-10	0.00000000e+00	8.94772759e-01
5.40000000e+00	4.54015381e+00	4.55387925e+06	1.77244924e+05	3.54531266e+05	1.00000000e-09	3.54531266e+04	1.00000000e-10	3.42070669e+10	8.22615544e-01
5.50000000e+00	4.62423074e+00	4.61981183e+06	1.79811136e+05	6.48910674e+05	1.00000000e-09	6.48910674e+04	1.00000000e-10	6.26103619e+10	7.56277766e-01
5.60000000e+00	4.70830766e+00	4.68574441e+06	1.82377347e+05	1.00000000e-09	1.00000000e-09	1.00000000e-10	1.00000000e-10	0.00000000e+00	6.95289988e-01
5.70000000e+00	4.79238458e+00	4.74984027e+06	1.84872070e+05	1.00000000e-09	1.00000000e-09	1.00000000e-10	1.00000000e-10	0.00000000e+00	6.39220665e-01
5.80000000e+00	4.87646150e+00	4.81267753e+06	1.87317805e+05	3.02008495e+05	1.00000000e-09	3.02008495e+04	1.00000000e-10	2.91393900e+10	5.87673079e-01
5.90000000e+00	4.96053843e+00	4.87551479e+06	1.89763541e+05	7.01159198e+05	1.00000000e-09	7.01159198e+04	1.00000000e-10	6.76515780e+10	5.40282524e-01
6.00000000e+00	5.04461535e+00	4.93835204e+06	1.92209276e+05	1.00000000e-09	1.00000000e-09	1.00000000e-10	1.00000000e-10	0.00000000e+00	4.96713722e-01
6.10000000e+00	5.12869227e+00	4.99938959e+06	1.94584964e+05	1.00000000e-09	1.00000000e-09	1.00000000e-10	1.00000000e-10	0.00000000e+00	4.56658442e-01
6.20000000e+00	5.21276919e+00	5.05905175e+06	1.96907120e+05	2.41179476e+05	1.00000000e-09	2.41179476e+04	1.00000000e-10	2.32702819e+10	4.19833321e-01
6.30000000e+00	5.29684612e+00	5.11871391e+06	1.99229275e+05	7.52066983e+05	1.00000000e-09	7.52066983e+04	1.00000000e-10	7.25634326e+10	3.85977854e-01
6.40000000e+00	5.38092304e+00	5.17837607e+06	2.01551430e+05	1.00000000e-09	1.00000000e-09	1.00000000e-10	1.00000000e-10	0.00000000e+00	3.54852548e-01
6.50000000e+00	5.46499996e+00	5.23628087e+06	2.03805186e+05	1.00000000e-09	1.00000000e-09	1.00000000e-10	1.00000000e-10	0.00000000e+00	3.26237227e-01
6.60000000e+00	5.54907688e+00	5.29268814e+06	2.06000655e+05	1.70716580e+05	1.00000000e-09	1.70716580e+04	1.00000000e-10	1.64716459e+10	2.99929475e-01
6.70000000e+00	5.63315381e+00	5.34909540e+06	2.08196124e+05	8.00518242e+05	1.00000000e-09	8.00518242e+04	1.00000000e-10	7.72382684e+10	2.75743201e-01
6.80000000e+00	5.71723073e+00	5.40550266e+06	2.10391594e+05	1.00000000e-09	1.00000000e-09	1.00000000e-10	1.00000000e-10	0.00000000e+00	2.53507323e-01
6.90000000e+00	5.80130765e+00	5.46020109e+06	2.12520552e+05	1.00000000e-09	1.00000000e-09	1.00000000e-10	1.00000000e-10	0.00000000e+00	2.33064554e-01
7.00000000e+00	5.88538457e+00	5.51327409e+06	2.14586245e+05	8.90040966e+04	1.00000000e-09	8.90040966e+03	1.00000000e-10	8.58758983e+09	2.14270296e-01
7.10000000e+00	5.96946150e+00	5.56634708e+06	2.16651939e+05	8.44981067e+05	1.00000000e-09	8.44981067e+04	1.00000000e-10	8.15282789e+10	1.96991610e-01
7.20000000e+00	6.05353842e+00	5.61942008e+06	2.18717632e+05	1.00000000e-09	1.00000000e-09	1.00000000e-10	1.00000000e-10	0.00000000e+00	1.81106277e-01
7.30000000e+00	6.13761534e+00	5.67083996e+06	2.20718984e+05	1.00000000e-09	1.00000000e-09	1.00000000e-10	1.00000000e-10	0.00000000e+00	1.66501937e-01
7.40000000e+00	6.22169226e+00	5.72050040e+06	2.22651855e+05	1.00000000e-09	1.00000000e-09	1.00000000e-10	1.00000000e-10	0.00000000e+00	1.53075289e-01
7.50000000e+00	6.30576919e+00	5.77016085e+06	2.24584726e+05	8.83338676e+05	1.00000000e-09	8.83338676e+04	1.00000000e-10	8.52292255e+10	1.40731363e-01
7.60000000e+00	6.38984611e+00	5.81982130e+06	2.26517598e+05	5.16387985e+04	1.00000000e-09	5.16387985e+03	1.00000000e-10	4.98238662e+09	1.29382849e-01
7.70000000e+00	6.47392303e+00	5.86789285e+06	2.28388626e+05	1.00000000e-09	1.00000000e-09	1.00000000e-10	1.00000000e-10	0.00000000e+00	1.18949475e-01
7.80000000e+00	6.55799995e+00	5.91406454e+06	2.30185709e+05	1.00000000e-09	1.00000000e-09	1.00000000e-10	1.00000000e-10	0.00000000e+00	1.09357445e-01
7.90000000e+00	6.64207688e+00	5.96023623e+06	2.31982792e+05	9.12641514e+05	1.00000000e-09	9.12641514e+04	1.00000000e-10	8.80565196e+10	1.00538914e-01
8.00000000e+00	6.72615380e+00	6.00640792e+06	2.33779874e+05	1.67335601e+05	1.00000000e-09	1.67335601e+04	1.00000000e-10	1.61454311e+10	9.24315047e-02
8.10000000e+00	6.81023072e+00	6.05106505e+06	2.35518008e+05	1.00000000e-09	1.00000000e-09	1.00000000e-10	1.00000000e-10	0.00000000e+00	8.49778740e-02
8.20000000e+00	6.89430764e+00	6.09367527e+06	2.37176472e+05	1.00000000e-09	1.00000000e-09	1.00000000e-10	1.00000000e-10	0.00000000e+00	7.81253008e-02
8.30000000e+00	6.97838457e+00	6.13628549e+06	2.38834936e+05	9.28737682e+05	1.00000000e-09	9.28737682e+04	1.00000000e-10	8.96095637e+10	7.18253161e-02
8.40000000e+00	7.06246149e+00	6.17889572e+06	2.40493400e+05	3.01858995e+05	1.00000000e-09	3.01858995e+04	1.00000000e-10	2.91249654e+10	6.60333593e-02
8.50000000e+00	7.14653841e+00	6.22007793e+06	2.42096284e+05	1.00000000e-09	1.00000000e-09	1.00000000e-10	1.00000000e-10	0.00000000e+00	6.07084632e-02
8.60000000e+00	7.23061533e+00	6.25905956e+06	2.43613517e+05	1.00000000e-09	1.00000000e-09	1.00000000e-10	1.00000000e-10	0.00000000e+00	5.58129641e-02
8.70000000e+00	7.31469226e+00	6.29804118e+06	2.45130750e+05	9.25713956e+05	1.00000000e-09	9.25713956e+04	1.00000000e-10	8.93178185e+10	5.13122357e-02
8.80000000e+00	7.39876918e+00	6.33702281e+06	2.46647983e+05	4.58625270e+05	1.00000000e-09	4.58625270e+04	1.00000000e-10	4.42506115e+10	4.71744438e-02
8.90000000e+00	7.48284610e+00	6.37467788e+06	2.48113584e+05	1.00000000e-09	1.00000000e-09	1.00000000e-10	1.00000000e-10	0.00000000e+00	4.33703214e-02
9.00000000e+00	7.56692302e+00	6.40997240e+06	2.49487308e+05	1.00000000e-09	1.00000000e-09	1.00000000e-10	1.00000000e-10	0.00000000e+00	3.98729614e-02
9.10000000e+00	7.65099995e+00	6.44526693e+06	2.50861032e+05	8.95039593e+05	1.00000000e-09	8.95039593e+04	1.00000000e-10	8.63581924e+10	3.66576268e-02
9.20000000e+00	7.73507687e+00	6.48056145e+06	2.52234757e+05	6.41584390e+05	1.00000000e-09	6.41584390e+04	1.00000000e-10	6.19034829e+10	3.37015752e-02
9.30000000e+00	7.81915379e+00	6.51464929e+06	2.53561515e+05	1.00000000e-09	1.00000000e-09	1.00000000e-10	1.00000000e-10	0.00000000e+00	3.09838980e-02
9.40000000e+00	7.90323071e+00	6.54621132e+06	2.54789964e+05	1.00000000e-09	1.00000000e-09	1.00000000e-10	1.00000000e-10	0.00000000e+00	2.84853728e-02
9.50000000e+00	7.98730764e+00	6.57777334e+06	2.56018413e+05	8.24244598e+05	1.00000000e-09	8.24244598e+04	1.00000000e-10	7.95275138e+10	2.61883275e-02
9.60000000e+00	8.07138456e+00	6.60933537e+06	2.57246862e+05	8.54984156e+05	1.00000000e-09	8.54984156e+04	1.00000000e-10	8.24934303e+10	2.40765146e-02
9.70000000e+00	8.15546148e+00	6.63983364e+06	2.58433908e+05	1.00000000e-09	1.00000000e-09	1.00000000e-10	1.00000000e-10	0.00000000e+00	2.21349973e-02
9.80000000e+00	8.23953840e+00	6.66763749e+06	2.59516083e+05	1.00000000e-09	1.00000000e-09	1.00000000e-10	1.00000000e-10	0.00000000e+00	2.03500429e-02
9.90000000e+00	8.32361533e+00	6.69544134e+06	2.60598257e+05	6.94886534e+05	1.00000000e-09	6.94886534e+04	1.00000000e-10	6.70463580e+10	1.87090262e-02
1.00000000e+01	8.40769225e+00	6.72324518e+06	2.61680431e+05	1.10254787e+06	1.00000000e-09	1.10254787e+05	1.00000000e-10	1.06379697e+11	1.72003403e-02
1.01000000e+01	8.49176917e+00	6.75015740e+06	2.62727902e+05	1.00000000e-09	1.00000000e-09	1.00000000e-10	1.00000000e-10	0.00000000e+00	1.58133140e-02
1.02000000e+01	8.57584609e+00	6.77420693e+06	2.63663951e+05	1.00000000e-09	1.00000000e-09	1.00000000e-10	1.00000000e-10	0.00000000e+00	1.45381368e-02
1.03000000e+01	8.65992302e+00	6.79825646e+06	2.64600001e+05	4.79519597e+05	1.00000000e-09	4.79519597e+04	1.00000000e-10	4.62666076e+10	1.33657892e-02
1.04000000e+01	8.74399994e+00	6.82230599e+06	2.65536050e+05	1.38514515e+06	1.00000000e-09	1.38514515e+05	1.00000000e-10	1.33646190e+11	1.22879791e-02
1.05000000e+01	8.82807686e+00	6.84567328e+06	2.66445546e+05	1.00000000e-09	1.00000000e-09	1.00000000e-10	1.00000000e-10	0.00000000e+00	1.12970830e-02
1.06000000e+01	8.91215378e+00	6.86601646e+06	2.67237338e+05	1.00000000e-09	1.00000000e-09	1.00000000e-10	1.00000000e-10	0.00000000e+00	1.03860923e-02
1.07000000e+01	8.99623071e+00	6.88635964e+06	2.68029130e+05	1.37652464e+05	1.00000000e-09	1.37652464e+04	1.00000000e-10	1.32814437e+10	9.54856333e-03
1.08000000e+01	9.08030763e+00	6.90670282e+06	2.68820922e+05	1.69463528e+06	1.00000000e-09	1.69463528e+05	1.00000000e-10	1.63507448e+11	8.77857228e-03
1.09000000e+01	9.16438455e+00	6.92662089e+06	2.69596168e+05	7.19643151e+04	1.00000000e-09	7.19643151e+03	1.00000000e-10	6.94350084e+09	8.07067289e-03
1.10000000e+01	9.24846147e+00	6.94337126e+06	2.70248122e+05	1.00000000e-09	1.00000000e-09	1.00000000e-10	1.00000000e-10	0.00000000e+00	7.41985814e-03
1.11000000e+01	9.33253840e+00	6.96012163e+06	2.70900076e+05	1.00000000e-09	1.00000000e-09	1.00000000e-10	1.00000000e-10	0.00000000e+00	6.82152474e-03
1.12000000e+01	9.41661532e+00	6.97687201e+06	2.71552030e+05	1.99813082e+06	1.00000000e-09	1.99813082e+05	1.00000000e-10	1.92790316e+11	6.27144062e-03
1.13000000e+01	9.50069224e+00	6.99351489e+06	2.72199800e+05	6.96705024e+05	1.00000000e-09	6.96705024e+04	1.00000000e-10	6.72218156e+10	5.76571500e-03
1.14000000e+01	9.58476916e+00	7.00688243e+06	2.72720088e+05	1.00000000e-09	1.00000000e-09	1.00000000e-10	1.00000000e-10	0.00000000e+00	5.30077082e-03
1.15000000e+01	9.66884609e+00	7.02024998e+06	2.73240376e+05	1.00000000e-09	1.00000000e-09	1.00000000e-10	1.00000000e-10	0.00000000e+00	4.87331949e-03
1.16000000e+01	9.75292301e+00	7.03361752e+06	2.73760664e+05	2.19971000e+06	1.00000000e-09	2.19971000e+05	1.00000000e-10	2.12239750e+11	4.48033760e-03
1.17000000e+01	9.83699993e+00	7.04698507e+06	2.74280952e+05	1.58522049e+06	1.00000000e-09	1.58522049e+05	1.00000000e-10	1.52950526e+11	4.11904557e-03
1.18000000e+01	9.92107685e+00	7.05703404e+06	2.74672076e+05	1.00000000e-09	1.00000000e-09	1.00000000e-10	1.00000000e-10	0.00000000e+00	3.78688794e-03
1.19000000e+01	1.00051538e+01	7.06671236e+06	2.75048773e+05	1.00000000e-09	1.00000000e-09	1.00000000e-10	1.00000000e-10	0.00000000e+00	3.48151531e-03
1.20000000e+01	1.00892307e+01	7.07639068e+06	2.75425470e+05	1.99023200e+06	1.00000000e-09	1.99023200e+05	1.00000000e-10	1.92028196e+11	3.20076778e-03
1.21000000e+01	1.01733076e+01	7.08606901e+06	2.75802167e+05	2.87910175e+06	1.00000000e-09	2.87910175e+05	1.00000000e-10	2.77791089e+11	2.94265957e-03
1.22000000e+01	1.02573845e+01	7.09244934e+06	2.76050501e+05	1.00000000e-09	1.00000000e-09	1.00000000e-10	1.00000000e-10	0.00000000e+00	2.70536508e-03
1.23000000e+01	1.03414615e+01	7.09797428e+06	2.76265541e+05	1.00000000e-09	1.00000000e-09	1.00000000e-10	1.00000000e-10	0.00000000e+00	2.48720588e-03
1.24000000e+01	1.04255384e+01	7.10349921e+06	2.76480581e+05	5.55584880e+03	1.00000000e-09	5.55584880e+02	1.00000000e-10	5.36057917e+08	2.28663893e-03
1.25000000e+01	1.05096153e+01	7.10902414e+06	2.76695621e+05	4.30403289e+06	1.00000000e-09	4.30403289e+05	1.00000000e-10	4.15276043e+11	2.10224558e-03
1.26000000e+01	1.05936922e+01	7.11128610e+06	2.76783661e+05	4.46704930e+06	1.00000000e-09	4.46704930e+05	1.00000000e-10	4.31004735e+11	1.93272162e-03
1.27000000e+01	1.06777692e+01	7.11210770e+06	2.76815639e+05	1.62357815e+06	1.00000000e-09	1.62357815e+05	1.00000000e-10	1.56651477e+11	1.77686798e-03
1.28000000e+01	1.07618461e+01	7.11292930e+06	2.76847617e+05	6.10103954e+05	1.00000000e-09	6.10103954e+04	1.00000000e-10	5.88660826e+10	1.63358230e-03
1.29000000e+01	1.08459230e+01	7.11375090e+06	2.76879595e+05	2.84301236e+05	5.91978881e+01	2.84301236e+04	5.91978881e+00	2.74251875e+10	1.50185109e-03
1.30000000e+01	1.09299999e+01	7.11136739e+06	2.76786824e+05	6.33791462e+04	8.42166463e+01	6.33791462e+03	8.42166463e+00	6.10703230e+09	1.38074262e-03
1.31000000e+01	1.10140768e+01	7.10686604e+06	2.76611624e+05	1.00000000e-09	1.67228304e+01	1.00000000e-10	1.67228304e+00	-1.61350785e+06	1.26940027e-03
1.32000000e+01	1.10981538e+01	7.10236470e+06	2.76436424e+05	1.00000000e-09	1.00000000e-09	1.00000000e-10	1.00000000e-10	0.00000000e+00	1.16703651e-03
1.33000000e+01	1.11822307e+01	7.09786335e+06	2.76261224e+05	5.98445691e+04	1.00000000e-09	5.98445691e+03	1.00000000e-10	5.77412313e+09	1.07292731e-03
1.34000000e+01	1.12663076e+01	7.09025771e+06	2.75965199e+05	3.82062995e+04	2.41470589e+01	3.82062995e+03	2.41470589e+00	3.68401766e+09	9.86407027e-04
1.35000000e+01	1.13503845e+01	7.07987615e+06	2.75561131e+05	1.00000000e-09	4.94517267e+01	1.00000000e-10	4.94517267e+00	-4.77136627e+06	9.06863691e-04
1.36000000e+01	1.14344615e+01	7.06949459e+06	2.75157062e+05	1.00000000e-09	1.00000000e-09	1.00000000e-10	1.00000000e-10	0.00000000e+00	8.33734687e-04
1.37000000e+01	1.15185384e+01	7.05911303e+06	2.74752994e+05	3.12269560e+04	1.00000000e-09	3.12269560e+03	1.00000000e-10	3.01294322e+09	7.66502767e-04
1.38000000e+01	1.16026153e+01	7.04583677e+06	2.74236258e+05	2.97666766e+04	1.00000000e-09	2.97666766e+03	1.00000000e-10	2.87204767e+09	7.04692393e-04
1.39000000e+01	1.16866922e+01	7.02913638e+06	2.73586250e+05	1.00000000e-09	4.15279741e+01	1.00000000e-10	4.15279741e+00	-4.00684038e+06	6.47866374e-04
1.40000000e+01	1.17707691e+01	7.01243599e+06	2.72936242e+05	1.00000000e-09	7.21710843e+00	1.00000000e-10	7.21710843e-01	-6.96345103e+05	5.95622776e-04
1.41000000e+01	1.18548461e+01	6.99573559e+06	2.72286233e+05	1.24111537e+04	1.00000000e-09	1.24111537e+03	1.00000000e-10	1.19749429e+09	5.47592073e-04
1.42000000e+01	1.19389230e+01	6.97738492e+06	2.71571993e+05	8.20976842e+03	1.00000000e-09	8.20976842e+02	1.00000000e-10	7.92122233e+08	5.03434541e-04
1.43000000e+01	1.20229999e+01	6.95786067e+06	2.70812075e+05	2.39415813e+03	3.63792395e+01	2.39415813e+02	3.63792395e+00	2.27491080e+08	4.62837848e-04
1.44000000e+01	1.21070768e+01	6.93798446e+06	2.70038458e+05	4.67693370e+01	1.00000000e-09	4.67693370e+00	1.00000000e-10	4.51255502e+06	4.25514851e-04
1.45000000e+01	1.21911538e+01	6.91810685e+06	2.69264787e+05	1.00000000e-09	1.00000000e-09	1.00000000e-10	1.00000000e-10	0.00000000e+00	3.91201561e-04
1.46000000e+01	1.22752307e+01	6.89822925e+06	2.68491116e+05	1.00000000e-09	1.30252367e+01	1.00000000e-10	1.30252367e+00	-1.25674429e+06	3.59655276e-04
1.47000000e+01	1.23593076e+01	6.87835165e+06	2.67717445e+05	8.76274431e+01	1.21638211e+02	8.76274431e+00	1.21638211e+01	-3.28154027e+06	3.30652866e-04
1.48000000e+01	1.24433845e+01	6.85846361e+06	2.66943368e+05	2.51386182e+01	1.00000000e-09	2.51386182e+00	1.00000000e-10	2.42550792e+06	3.03989196e-04
1.49000000e+01	1.25274615e+01	6.83857687e+06	2.66169342e+05	1.00000000e-09	1.00000000e-09	1.00000000e-10	1.00000000e-10	0.00000000e+00	2.79475669e-04
1.50000000e+01	1.26115384e+01	6.81869013e+06	2.65395315e+05	1.00000000e-09	9.79542074e+00	1.00000000e-10	9.79542074e-01	-9.45114424e+05	2.56938901e-04
1.51000000e+01	1.26956153e+01	6.79880340e+06	2.64621289e+05	4.61840832e+01	1.99478004e+02	4.61840832e+00	1.99478004e+01	-1.47906148e+07	2.36219485e-04
1.52000000e+01	1.27796922e+01	6.77891234e+06	2.63847094e+05	1.88625661e+01	1.00000000e-09	1.88625661e+00	1.00000000e-10	1.81996096e+06	2.17170872e-04
1.53000000e+01	1.28637691e+01	6.75902337e+06	2.63072981e+05	1.00000000e-09	1.00000000e-09	1.00000000e-10	1.00000000e-10	0.00000000e+00	1.99658328e-04
1.54000000e+01	1.29478461e+01	6.73913441e+06	2.62298868e+05	1.00000000e-09	1.00000000e-09	1.00000000e-10	1.00000000e-10	0.00000000e+00	1.83557987e-04
1.55000000e+01	1.30319230e+01	6.71924545e+06	2.61524754e+05	3.00766819e+01	2.70332058e+02	3.00766819e+00	2.70332058e+01	-2.31811198e+07	1.68755969e-04
1.56000000e+01	1.31159999e+01	6.69935460e+06	2.60750568e+05	1.60132989e+01	1.18701648e+01	1.60132989e+00	1.18701648e+00	3.99751666e+05	1.55147578e-04
1.57000000e+01	1.32000768e+01	6.67946637e+06	2.59976483e+05	1.00000000e-09	1.00000000e-09	1.00000000e-10	1.00000000e-10	0.00000000e+00	1.42636560e-04
1.58000000e+01	1.32841538e+01	6.65957813e+06	2.59202398e+05	1.00000000e-09	1.00000000e-09	1.00000000e-10	1.00000000e-10	0.00000000e+00	1.31134424e-04
1.59000000e+01	1.33682307e+01	6.63968989e+06	2.58428313e+05	2.11486261e+01	3.32780151e+02	2.11486261e+00	3.32780151e+01	-3.00678712e+07	1.20559814e-04
1.60000000e+01	1.34523076e+01	6.61980111e+06	2.57654207e+05	1.46416074e+01	6.15426692e+01	1.46416074e+00	6.15426692e+00	-4.52526453e+06	1.10837935e-04
1.61000000e+01	1.35363845e+01	6.59991530e+06	2.56880217e+05	1.00000000e-09	1.00000000e-09	1.00000000e-10	1.00000000e-10	0.00000000e+00	1.01900023e-04
1.62000000e+01	1.36204614e+01	6.58002950e+06	2.56106227e+05	1.00000000e-09	1.00000000e-09	1.00000000e-10	1.00000000e-10	0.00000000e+00	9.36828597e-05
1.63000000e+01	1.37045384e+01	6.56014369e+06	2.55332237e+05	1.45317820e+01	3.83860236e+02	1.45317820e+00	3.83860236e+01	-3.56347786e+07	8.61283240e-05
1.64000000e+01	1.37886153e+01	6.54025826e+06	2.54558261e+05	1.47181346e+01	1.26374000e+02	1.47181346e+00	1.26374000e+01	-1.07731533e+07	7.91829819e-05
1.65000000e+01	1.38726922e+01	6.52037603e+06	2.53784410e+05	1.00000000e-09	1.00000000e-09	1.00000000e-10	1.00000000e-10	0.00000000e+00	7.27977085e-05
1.66000000e+01	1.39567691e+01	6.50049380e+06	2.53010559e+05	1.00000000e-09	1.00000000e-09	1.00000000e-10	1.00000000e-10	0.00000000e+00	6.69273402e-05
1.67000000e+01	1.40408461e+01	6.48061157e+06	2.52236708e+05	2.83645873e+00	4.20706757e+02	2.83645873e-01	4.20706757e+01	-4.03183546e+07	6.15303552e-05
1.68000000e+01	1.41249230e+01	6.46073132e+06	2.51462934e+05	1.00000000e-09	2.03819856e+02	1.00000000e-10	2.03819856e+01	-1.96656265e+07	5.65685802e-05
1.69000000e+01	1.42089999e+01	6.44085676e+06	2.50689381e+05	1.00000000e-09	1.00000000e-09	1.00000000e-10	1.00000000e-10	0.00000000e+00	5.20069201e-05
1.70000000e+01	1.42930768e+01	6.42098219e+06	2.49915828e+05	1.87818374e+00	1.00000000e-09	1.87818374e-01	1.00000000e-10	1.81217182e+05	4.78131098e-05
1.71000000e+01	1.43771537e+01	6.40110735e+06	2.49142265e+05	8.44421656e+00	4.40977173e+02	8.44421656e-01	4.40977173e+01	-4.17330860e+07	4.39574862e-05
1.72000000e+01	1.44612307e+01	6.38123348e+06	2.48368739e+05	2.35511315e+00	2.90422674e+02	2.35511315e-01	2.90422674e+01	-2.77942943e+07	4.04127779e-05
1.73000000e+01	1.45453076e+01	6.36136521e+06	2.47595432e+05	1.00000000e-09	1.00000000e-09	1.00000000e-10	1.00000000e-10	0.00000000e+00	3.71539131e-05
1.74000000e+01	1.46293845e+01	6.34149695e+06	2.46822124e+05	1.00000000e-09	1.00000000e-09	1.00000000e-10	1.00000000e-10	0.00000000e+00	3.41578414e-05
1.75000000e+01	1.47134614e+01	6.32162869e+06	2.46048817e+05	6.06790087e-02	4.42722207e+02	6.06790087e-03	4.42722207e+01	-4.27103445e+07	3.14033713e-05
1.76000000e+01	1.47975384e+01	6.30176243e+06	2.45275587e+05	9.64484939e-02	3.82249370e+02	9.64484939e-03	3.82249370e+01	-3.68721515e+07	2.88710202e-05
1.77000000e+01	1.48816153e+01	6.28190243e+06	2.44502601e+05	1.00000000e-09	1.00000000e-09	1.00000000e-10	1.00000000e-10	0.00000000e+00	2.65428765e-05
1.78000000e+01	1.49656922e+01	6.26204242e+06	2.43729615e+05	1.00000000e-09	1.00000000e-09	1.00000000e-10	1.00000000e-10	0.00000000e+00	2.44024731e-05
1.79000000e+01	1.50497691e+01	6.24218241e+06	2.42956629e+05	4.21585630e-03	4.25181856e+02	4.21585630e-04	4.25181856e+01	-4.10234058e+07	2.24346707e-05
1.80000000e+01	1.51338460e+01	6.22232414e+06	2.42183710e+05	5.95983831e-02	4.74981471e+02	5.95983831e-03	4.74981471e+01	-4.58229946e+07	2.06255509e-05
1.81000000e+01	1.52179230e+01	6.20247245e+06	2.41411048e+05	4.52165085e-03	1.00000000e-09	4.52165085e-04	1.00000000e-10	4.36272888e+02	1.89623175e-05
1.82000000e+01	1.53019999e+01	6.18262076e+06	2.40638385e+05	1.00000000e-09	1.00000000e-09	1.00000000e-10	1.00000000e-10	0.00000000e+00	1.74332063e-05
1.83000000e+01	1.53860768e+01	6.16276906e+06	2.39865723e+05	1.00000000e-09	3.88557053e+02	1.00000000e-10	3.88557053e+01	-3.74900563e+07	1.60274019e-05
1.84000000e+01	1.54701537e+01	6.14291879e+06	2.39093115e+05	4.08279524e-02	5.64371457e+02	4.08279524e-03	5.64371457e+01	-5.44496281e+07	1.47349607e-05
1.85000000e+01	1.55542307e+01	6.12307541e+06	2.38320776e+05	1.81056444e-02	1.00000000e-09	1.81056444e-03	1.00000000e-10	1.74692902e+03	1.35467414e-05
1.86000000e+01	1.56383076e+01	6.10323202e+06	2.37548437e+05	1.00000000e-09	1.00000000e-09	1.00000000e-10	1.00000000e-10	0.00000000e+00	1.24543394e-05
1.87000000e+01	1.57223845e+01	6.08338864e+06	2.36776098e+05	1.00000000e-09	3.34049456e+02	1.00000000e-10	3.34049456e+01	-3.22308727e+07	1.14500281e-05
1.88000000e+01	1.58064614e+01	6.06354630e+06	2.36003800e+05	2.08075545e-02	6.46474474e+02	2.08075545e-03	6.46474474e+01	-6.23732967e+07	1.05267039e-05
1.89000000e+01	1.58905384e+01	6.04371117e+06	2.35231782e+05	2.89865679e-02	1.00000000e-09	2.89865679e-03	1.00000000e-10	2.79677853e+03	9.67783615e-06
1.90000000e+01	1.59746153e+01	6.02387603e+06	2.34459764e+05	1.00000000e-09	1.00000000e-09	1.00000000e-10	1.00000000e-10	0.00000000e+00	8.89742061e-06
1.91000000e+01	1.60586922e+01	6.00404090e+06	2.33687746e+05	1.00000000e-09	2.63734376e+02	1.00000000e-10	2.63734376e+01	-2.54464989e+07	8.17993736e-06
1.92000000e+01	1.61427691e+01	5.98420637e+06	2.32915751e+05	1.00000000e-09	7.17861075e+02	1.00000000e-10	7.17861075e+01	-6.92630643e+07	7.52031158e-06
1.93000000e+01	1.62268460e+01	5.96437935e+06	2.32144049e+05	1.95609128e-02	1.00000000e-09	1.95609128e-03	1.00000000e-10	1.88734107e+03	6.91387767e-06
1.94000000e+01	1.63109230e+01	5.94455234e+06	2.31372347e+05	3.25596143e-02	1.00000000e-09	3.25596143e-03	1.00000000e-10	3.14152510e+03	6.35634627e-06
1.95000000e+01	1.63949999e+01	5.92472532e+06	2.30600645e+05	1.31894613e-02	1.80398274e+02	1.31894613e-03	1.80398274e+01	-1.74045148e+07	5.84377390e-06
1.96000000e+01	1.64790768e+01	5.90489839e+06	2.29828947e+05	1.00000000e-09	7.75821018e+02	1.00000000e-10	7.75821018e+01	-7.48553486e+07	5.37253509e-06
1.97000000e+01	1.65631537e+01	5.88507926e+06	2.29057551e+05	1.00000000e-09	1.00000000e-09	1.00000000e-10	1.00000000e-10	0.00000000e+00	4.93929673e-06
1.98000000e+01	1.66472307e+01	5.86526029e+06	2.28286162e+05	8.84367558e-04	1.00000000e-09	8.84367558e-05	1.00000000e-10	8.53284010e+01	4.54099448e-06
1.99000000e+01	1.67313076e+01	5.84544132e+06	2.27514774e+05	1.17051909e-03	8.70352236e+01	1.17051909e-04	8.70352236e+00	-8.39750951e+06	4.17481111e-06
2.00000000e+01	1.68153845e+01	5.82562235e+06	2.26743385e+05	1.00000000e-09	8.14165486e+02	1.00000000e-10	8.14165486e+01	-7.85550273e+07	3.83815657e-06
2.01000000e+01	1.68994614e+01	5.80581140e+06	2.25972308e+05	1.00000000e-09	1.00000000e-09	1.00000000e-10	1.00000000e-10	0.00000000e+00	3.52864967e-06
2.02000000e+01	1.69835383e+01	5.78600120e+06	2.25201261e+05	2.54162156e-04	1.00000000e-09	2.54162156e-05	1.00000000e-10	2.45228236e+01	3.24410125e-06
2.03000000e+01	1.70676153e+01	5.76619100e+06	2.24430213e+05	7.16833073e-04	1.00000000e-09	7.16833073e-05	1.00000000e-10	6.91637807e+01	2.98249865e-06
2.04000000e+01	1.71516922e+01	5.74638080e+06	2.23659165e+05	1.00000000e-09	8.35675213e+02	1.00000000e-10	8.35675213e+01	-8.06304005e+07	2.74199155e-06
2.05000000e+01	1.72357691e+01	5.72657882e+06	2.22888438e+05	1.00000000e-09	3.50850248e+00	1.00000000e-10	3.50850248e-01	-3.38519027e+05	2.52087882e-06
2.06000000e+01	1.73198460e+01	5.70677822e+06	2.22117764e+05	7.13173453e-05	1.00000000e-09	7.13173453e-06	1.00000000e-10	6.88098126e+00	2.31759650e-06
2.07000000e+01	1.74039230e+01	5.68697762e+06	2.21347090e+05	5.37924399e-04	1.00000000e-09	5.37924399e-05	1.00000000e-10	5.19017178e+01	2.13070675e-06
2.08000000e+01	1.74879999e+01	5.66717702e+06	2.20576416e+05	1.00000000e-09	8.40203571e+02	1.00000000e-10	8.40203571e+01	-8.10673206e+07	1.95888770e-06
2.09000000e+01	1.75720768e+01	5.64738477e+06	2.19806067e+05	1.00000000e-09	1.04268941e+02	1.00000000e-10	1.04268941e+01	-1.00604234e+07	1.80092404e-06
2.10000000e+01	1.76561537e+01	5.62759459e+06	2.19035799e+05	1.00000000e-09	1.00000000e-09	1.00000000e-10	1.00000000e-10	0.00000000e+00	1.65569849e-06
2.11000000e+01	1.77402306e+01	5.60780441e+06	2.18265530e+05	4.33904758e-04	1.00000000e-09	4.33904758e-05	1.00000000e-10	4.18653482e+01	1.52218384e-06
2.12000000e+01	1.78243076e+01	5.58801423e+06	2.17495262e+05	4.94543883e-05	8.28431872e+02	4.94543883e-06	8.28431872e+01	-7.99315196e+07	1.39943575e-06
2.13000000e+01	1.79083845e+01	5.56823245e+06	2.16725321e+05	1.00000000e-09	2.02892788e+02	1.00000000e-10	2.02892788e+01	-1.95761781e+07	1.28658600e-06
2.14000000e+01	1.79924614e+01	5.54845349e+06	2.15955489e+05	1.00000000e-09	1.00000000e-09	1.00000000e-10	1.00000000e-10	0.00000000e+00	1.18283639e-06
2.15000000e+01	1.80765383e+01	5.52867452e+06	2.15185657e+05	3.43952953e-04	1.00000000e-09	3.43952953e-05	1.00000000e-10	3.31863185e+01	1.08745310e-06
2.16000000e+01	1.81606153e+01	5.50889555e+06	2.14415825e+05	1.01261714e-04	8.01760721e+02	1.01261714e-05	8.01760721e+01	-7.73581397e+07	9.99761460e-07
2.17000000e+01	1.82446922e+01	5.48912498e+06	2.13646320e+05	1.00000000e-09	2.96549256e+02	1.00000000e-10	2.96549256e+01	-2.86126534e+07	9.19141229e-07
2.18000000e+01	1.83287691e+01	5.46935797e+06	2.12876954e+05	1.00000000e-09	1.00000000e-09	1.00000000e-10	1.00000000e-10	0.00000000e+00	8.45022171e-07
2.19000000e+01	1.84128460e+01	5.44959097e+06	2.12107587e+05	2.59316950e-04	1.00000000e-09	2.59316950e-05	1.00000000e-10	2.50201856e+01	7.76880034e-07
2.20000000e+01	1.84969229e+01	5.42982396e+06	2.11338221e+05	1.41577549e-04	7.62168950e+02	1.41577549e-05	7.62168950e+01	-7.35381106e+07	7.14232843e-07
2.21000000e+01	1.85809999e+01	5.41006525e+06	2.10569177e+05	1.00000000e-09	3.82979920e+02	1.00000000e-10	3.82979920e+01	-3.69519448e+07	6.56637488e-07
2.22000000e+01	1.86650768e+01	5.39031089e+06	2.09800303e+05	1.00000000e-09	1.00000000e-09	1.00000000e-10	1.00000000e-10	0.00000000e+00	6.03686592e-07
2.23000000e+01	1.87491537e+01	5.37055653e+06	2.09031429e+05	1.74575076e-04	1.00000000e-09	1.74575076e-05	1.00000000e-10	1.68438377e+01	5.55005627e-07
2.24000000e+01	1.88332306e+01	5.35080218e+06	2.08262555e+05	1.74064939e-04	7.12036350e+02	1.74064939e-05	7.12036350e+01	-6.87010469e+07	5.10250270e-07
2.25000000e+01	1.89173076e+01	5.33105592e+06	2.07493996e+05	1.00000000e-09	4.60592215e+02	1.00000000e-10	4.60592215e+01	-4.44403928e+07	4.69103960e-07
2.26000000e+01	1.90013845e+01	5.31131482e+06	2.06725638e+05	1.00000000e-09	1.00000000e-09	1.00000000e-10	1.00000000e-10	0.00000000e+00	4.31275667e-07
2.27000000e+01	1.90854614e+01	5.29157372e+06	2.05957280e+05	8.30687464e-05	1.00000000e-09	8.30687464e-06	1.00000000e-10	8.01481910e+00	3.96497828e-07
2.28000000e+01	1.91695383e+01	5.27183262e+06	2.05188922e+05	1.97314283e-04	6.53948223e+02	1.97314283e-05	6.53948223e+01	-6.30963924e+07	3.64524455e-07
2.29000000e+01	1.92536153e+01	5.25209933e+06	2.04420868e+05	1.00000000e-09	5.28500616e+02	1.00000000e-10	5.28500616e+01	-5.09925574e+07	3.35129397e-07
2.30000000e+01	1.93376922e+01	5.23237199e+06	2.03653046e+05	1.00000000e-09	1.00000000e-09	1.00000000e-10	1.00000000e-10	0.00000000e+00	3.08104742e-07
2.31000000e+01	1.94217691e+01	5.21264465e+06	2.02885223e+05	1.00000000e-09	1.00000000e-09	1.00000000e-10	1.00000000e-10	0.00000000e+00	2.83259340e-07
2.32000000e+01	1.95058460e+01	5.19291731e+06	2.02117401e+05	1.96008198e-04	5.90495967e+02	1.96008198e-05	5.90495967e+01	-5.69741806e+07	2.60417458e-07
2.33000000e+01	1.95899229e+01	5.17319740e+06	2.01349867e+05	7.45035489e-05	5.86513977e+02	7.45035489e-06	5.86513977e+01	-5.65899887e+07	2.39417533e-07
2.34000000e+01	1.96739999e+01	5.15348422e+06	2.00582596e+05	1.00000000e-09	1.00000000e-09	1.00000000e-10	1.00000000e-10	0.00000000e+00	2.20111031e-07
2.35000000e+01	1.97580768e+01	5.13377104e+06	1.99815325e+05	1.00000000e-09	1.00000000e-09	1.00000000e-10	1.00000000e-10	0.00000000e+00	2.02361395e-07
2.36000000e+01	1.98421537e+01	5.11405786e+06	1.99048053e+05	1.15832500e-04	5.24087975e+02	1.15832500e-05	5.24087975e+01	-5.05667912e+07	1.86043080e-07
2.37000000e+01	1.99262306e+01	5.09435159e+06	1.98281051e+05	1.62862736e-04	6.35399278e+02	1.62862736e-05	6.35399278e+01	-6.13066946e+07	1.71040665e-07
2.38000000e+01	2.00103076e+01	5.07465281e+06	1.97514340e+05	1.00000000e-09	1.00000000e-09	1.00000000e-10	1.00000000e-10	0.00000000e+00	1.57248037e-07
2.39000000e+01	2.00943845e+01	5.05495403e+06	1.96747629e+05	1.00000000e-09	1.00000000e-09	1.00000000e-10	1.00000000e-10	0.00000000e+00	1.44567640e-07
2.40000000e+01	2.01784614e+01	5.03525525e+06	1.95980918e+05	1.00000000e-09	4.56695262e+02	1.00000000e-10	4.56695262e+01	-4.40643940e+07	1.32909782e-07
2.41000000e+01	2.02625383e+01	5.01556278e+06	1.95214453e+05	2.70555918e-06	6.76089214e+02	2.70555918e-07	6.76089214e+01	-6.52326921e+07	1.22192009e-07
2.42000000e+01	2.03466152e+01	4.99587851e+06	1.94448307e+05	1.57963859e-04	1.00000000e-09	1.57963859e-05	1.00000000e-10	1.52410989e+01	1.12338510e-07
2.43000000e+01	2.04306922e+01	4.97619423e+06	1.93682160e+05	1.82883942e-04	1.00000000e-09	1.82883942e-05	1.00000000e-10	1.76455214e+01	1.03279593e-07
2.44000000e+01	2.05147691e+01	4.95650996e+06	1.92916014e+05	5.27766902e-05	3.89824144e+02	5.27766902e-06	3.89824144e+01	-3.76123069e+07	9.49511815e-08
2.45000000e+01	2.05988460e+01	4.93683130e+06	1.92150086e+05	1.00000000e-09	7.09861424e+02	1.00000000e-10	7.09861424e+01	-6.84912152e+07	8.72943689e-08
2.46000000e+01	2.06829229e+01	4.91716148e+06	1.91384503e+05	1.00000000e-09	1.00000000e-09	1.00000000e-10	1.00000000e-10	0.00000000e+00	8.02549976e-08
2.47000000e+01	2.07669999e+01	4.89749166e+06	1.90618919e+05	1.35337587e-05	1.00000000e-09	1.35337587e-06	1.00000000e-10	1.30571271e+00	7.37832774e-08
2.48000000e+01	2.08510768e+01	4.87782185e+06	1.89853336e+05	1.95180548e-05	3.24433662e+02	1.95180548e-06	3.24433662e+01	-3.13030877e+07	6.78334333e-08
2.49000000e+01	2.09351537e+01	4.85815687e+06	1.89087941e+05	1.00000000e-09	7.38170841e+02	1.00000000e-10	7.38170841e+01	-7.12226588e+07	6.23633815e-08
2.50000000e+01	2.10192306e+01	4.83850131e+06	1.88322912e+05	1.00000000e-09	1.00000000e-09	1.00000000e-10	1.00000000e-10	0.00000000e+00	5.73344317e-08
2.51000000e+01	2.11033075e+01	4.81884575e+06	1.87557883e+05	6.82456876e-07	1.00000000e-09	6.82456876e-08	1.00000000e-10	6.57505930e-02	5.27110137e-08
2.52000000e+01	2.11873845e+01	4.79919020e+06	1.86792855e+05	1.37057023e-05	2.60906730e+02	1.37057023e-06	2.60906730e+01	-2.51736712e+07	4.84604257e-08
2.53000000e+01	2.12714614e+01	4.77953863e+06	1.86027981e+05	2.07680023e-06	7.62472321e+02	2.07680023e-07	7.62472321e+01	-7.35673950e+07	4.45526029e-08
2.54000000e+01	2.13555383e+01	4.75989697e+06	1.85263494e+05	1.00000000e-09	1.00000000e-09	1.00000000e-10	1.00000000e-10	0.00000000e+00	4.09599048e-08
2.55000000e+01	2.14396152e+01	4.74025531e+06	1.84499006e+05	1.00000000e-09	1.00000000e-09	1.00000000e-10	1.00000000e-10	0.00000000e+00	3.76569199e-08
2.56000000e+01	2.15236922e+01	4.72061365e+06	1.83734519e+05	8.44158232e-06	1.99072485e+02	8.44158232e-07	1.99072485e+01	-1.92075740e+07	3.46202860e-08
2.57000000e+01	2.16077691e+01	4.70097508e+06	1.82970151e+05	5.08667024e-06	7.84047659e+02	5.08667024e-07	7.84047659e+01	-7.56490983e+07	3.18285246e-08
2.58000000e+01	2.16918460e+01	4.68134680e+06	1.82206184e+05	1.00000000e-09	1.00000000e-09	1.00000000e-10	1.00000000e-10	0.00000000e+00	2.92618894e-08
2.59000000e+01	2.17759229e+01	4.66171853e+06	1.81442218e+05	1.00000000e-09	1.00000000e-09	1.00000000e-10	1.00000000e-10	0.00000000e+00	2.69022262e-08
2.60000000e+01	2.18599998e+01	4.64209026e+06	1.80678251e+05	2.93652147e-06	1.38277855e+02	2.93652147e-07	1.38277855e+01	-1.33417845e+07	2.47328451e-08
2.61000000e+01	2.19440768e+01	4.62246410e+06	1.79914367e+05	6.02467073e-06	8.03850913e+02	6.02467073e-07	8.03850913e+01	-7.75598217e+07	2.27384017e-08
2.62000000e+01	2.20281537e+01	4.60284854e+06	1.79150895e+05	1.00000000e-09	1.00000000e-09	1.00000000e-10	1.00000000e-10	0.00000000e+00	2.09047891e-08
2.63000000e+01	2.21122306e+01	4.58323298e+06	1.78387423e+05	1.00000000e-09	1.00000000e-09	1.00000000e-10	1.00000000e-10	0.00000000e+00	1.92190381e-08
2.64000000e+01	2.21963075e+01	4.56361743e+06	1.77623951e+05	1.00000000e-09	7.75026853e+01	1.00000000e-10	7.75026853e+00	-7.47787233e+06	1.76692251e-08
2.65000000e+01	2.22803845e+01	4.54400298e+06	1.76860523e+05	3.90280371e-06	8.22384781e+02	3.90280371e-07	8.22384781e+01	-7.93480684e+07	1.62443882e-08
2.66000000e+01	2.23644614e+01	4.52439932e+06	1.76097514e+05	4.17361026e-06	1.00000000e-09	4.17361026e-07	1.00000000e-10	4.02595687e-01	1.49344494e-08
2.67000000e+01	2.24485383e+01	4.50479566e+06	1.75334506e+05	1.00000000e-09	1.00000000e-09	1.00000000e-10	1.00000000e-10	0.00000000e+00	1.37301434e-08
2.68000000e+01	2.25326152e+01	4.48519200e+06	1.74571497e+05	1.00000000e-09	1.55093139e+01	1.00000000e-10	1.55093139e+00	-1.49642130e+06	1.26229520e-08
2.69000000e+01	2.26166921e+01	4.46558843e+06	1.73808492e+05	1.00000000e-09	8.39618577e+02	1.00000000e-10	8.39618577e+01	-8.10108773e+07	1.16050438e-08
2.70000000e+01	2.27007691e+01	4.44599571e+06	1.73045909e+05	2.07986869e-06	1.00000000e-09	2.07986869e-07	1.00000000e-10	2.00580336e-01	1.06692193e-08
2.71000000e+01	2.27848460e+01	4.42640327e+06	1.72283337e+05	6.32699251e-06	1.00000000e-09	6.32699251e-07	1.00000000e-10	6.10365488e-01	9.80885916e-09
2.72000000e+01	2.28689229e+01	4.40681084e+06	1.71520765e+05	2.54519737e-06	1.00000000e-09	2.54519737e-07	1.00000000e-10	2.45477728e-01	9.01787799e-09
2.73000000e+01	2.29529998e+01	4.38721840e+06	1.70758194e+05	1.00000000e-09	8.45327924e+02	1.00000000e-10	8.45327924e+01	-8.15617455e+07	8.29068113e-09
2.74000000e+01	2.30370768e+01	4.36763674e+06	1.69996041e+05	1.00000000e-09	4.66570012e+00	1.00000000e-10	4.66570012e-01	-4.50171626e+05	7.62212503e-09
2.75000000e+01	2.31211537e+01	4.34805640e+06	1.69233940e+05	1.00000000e-09	1.00000000e-09	1.00000000e-10	1.00000000e-10	0.00000000e+00	7.00748093e-09
2.76000000e+01	2.32052306e+01	4.32847605e+06	1.68471839e+05	1.00000000e-09	1.00000000e-09	1.00000000e-10	1.00000000e-10	0.00000000e+00	6.44240141e-09
2.77000000e+01	2.32893075e+01	4.30889570e+06	1.67709738e+05	1.00000000e-09	8.48197248e+02	1.00000000e-10	8.48197248e+01	-8.18385932e+07	5.92288960e-09
2.78000000e+01	2.33733845e+01	4.28932595e+06	1.66948049e+05	1.00000000e-09	7.63131428e+01	1.00000000e-10	7.63131428e+00	-7.36309893e+06	5.44527095e-09
2.79000000e+01	2.34574614e+01	4.26975851e+06	1.66186450e+05	2.97022696e-07	1.00000000e-09	2.97022696e-08	1.00000000e-10	2.85618482e-02	5.00616720e-09
2.80000000e+01	2.35415383e+01	4.25019108e+06	1.65424851e+05	1.89523321e-06	1.00000000e-09	1.89523321e-07	1.00000000e-10	1.82765720e-01	4.60247255e-09
2.81000000e+01	2.36256152e+01	4.23062365e+06	1.64663253e+05	1.93178001e-07	8.46828700e+02	1.93178001e-08	8.46828700e+01	-8.17065483e+07	4.23133162e-09
2.82000000e+01	2.37096921e+01	4.21106650e+06	1.63902054e+05	1.00000000e-09	1.53409497e+02	1.00000000e-10	1.53409497e+01	-1.48017663e+07	3.89011930e-09
2.83000000e+01	2.37937691e+01	4.19151266e+06	1.63140985e+05	1.00000000e-09	1.00000000e-09	1.00000000e-10	1.00000000e-10	0.00000000e+00	3.57642216e-09
2.84000000e+01	2.38778460e+01	4.17195881e+06	1.62379915e+05	1.24793613e-06	1.00000000e-09	1.24793613e-07	1.00000000e-10	1.20311047e-01	3.28802138e-09
2.85000000e+01	2.39619229e+01	4.15240497e+06	1.61618845e+05	9.59389506e-07	8.39447345e+02	9.59389506e-08	8.39447345e+01	-8.09943558e+07	3.02287709e-09
2.86000000e+01	2.40459998e+01	4.13286099e+06	1.60858160e+05	1.00000000e-09	2.36078010e+02	1.00000000e-10	2.36078010e+01	-2.27780652e+07	2.77911390e-09
2.87000000e+01	2.41300768e+01	4.11332126e+06	1.60097639e+05	1.00000000e-09	1.00000000e-09	1.00000000e-10	1.00000000e-10	0.00000000e+00	2.55500764e-09
2.88000000e+01	2.42141537e+01	4.09378153e+06	1.59337119e+05	1.00000000e-09	1.00000000e-09	1.00000000e-10	1.00000000e-10	0.00000000e+00	2.34897319e-09
2.89000000e+01	2.42982306e+01	4.07424180e+06	1.58576598e+05	4.98849234e-07	8.24051106e+02	4.98849234e-08	8.24051106e+01	-7.95088446e+07	2.15955324e-09
2.90000000e+01	2.43823075e+01	4.05471141e+06	1.57816441e+05	1.81531696e-07	3.23808962e+02	1.81531696e-08	3.23808962e+01	-3.12428152e+07	1.98540802e-09
2.91000000e+01	2.44663844e+01	4.03518615e+06	1.57056484e+05	9.39936670e-08	1.00000000e-09	9.39936670e-09	1.00000000e-10	8.97252484e-03	1.82530578e-09
2.92000000e+01	2.45504614e+01	4.01566089e+06	1.56296527e+05	5.19134861e-08	1.00000000e-09	5.19134861e-09	1.00000000e-10	4.91240462e-03	1.67811410e-09
2.93000000e+01	2.46345383e+01	3.99613562e+06	1.55536570e+05	1.89260790e-08	7.98590929e+02	1.89260790e-09	7.98590929e+01	-7.70523110e+07	1.54279187e-09
2.94000000e+01	2.47186152e+01	3.97661908e+06	1.54776952e+05	6.15820398e-09	4.15403478e+02	6.15820398e-10	4.15403478e+01	-4.00803425e+07	1.41838196e-09
2.95000000e+01	2.48026921e+01	3.95710848e+06	1.54017565e+05	3.57281047e-09	1.00000000e-09	3.57281047e-10	1.00000000e-10	2.48238472e-04	1.30400439e-09
2.96000000e+01	2.48867691e+01	3.93759787e+06	1.53258178e+05	6.36324627e-09	1.00000000e-09	6.36324627e-10	1.00000000e-10	5.17474598e-04	1.19885018e-09
2.97000000e+01	2.49708460e+01	3.91808727e+06	1.52498791e+05	4.79615934e-09	7.61168245e+02	4.79615934e-10	7.61168245e+01	-7.34415709e+07	1.10217554e-09
2.98000000e+01	2.50549229e+01	3.89858468e+06	1.51739717e+05	1.00000000e-09	5.08971681e+02	1.00000000e-10	5.08971681e+01	-4.91083017e+07	1.01329669e-09
2.99000000e+01	2.51389998e+01	3.87908875e+06	1.50980901e+05	1.00000000e-09	1.00000000e-09	1.00000000e-10	1.00000000e-10	0.00000000e+00	9.31584987e-10
3.00000000e+01	2.52230767e+01	3.85959282e+06	1.50222086e+05	2.22994548e-09	1.00000000e-09	2.22994548e-10	1.00000000e-10	1.18671699e-04	8.56462471e-10
3.01000000e+01	2.53071537e+01	3.84009689e+06	1.49463270e+05	3.98447231e-09	7.10235079e+02	3.98447231e-10	7.10235079e+01	-6.85272675e+07	7.87397794e-10
3.02000000e+01	2.53912306e+01	3.82060820e+06	1.48704736e+05	1.00000000e-09	6.01987969e+02	1.00000000e-10	6.01987969e+01	-5.80830091e+07	7.23902457e-10
3.03000000e+01	2.54753075e+01	3.80112681e+06	1.47946486e+05	1.00000000e-09	1.00000000e-09	1.00000000e-10	1.00000000e-10	0.00000000e+00	6.65527349e-10
3.04000000e+01	2.55593844e+01	3.78164541e+06	1.47188236e+05	1.00000000e-09	1.00000000e-09	1.00000000e-10	1.00000000e-10	0.00000000e+00	6.11859579e-10
3.05000000e+01	2.56434614e+01	3.76216401e+06	1.46429986e+05	3.21027945e-09	6.44781331e+02	3.21027945e-10	6.44781331e+01	-6.22119409e+07	5.62519549e-10
3.06000000e+01	2.57275383e+01	3.74268902e+06	1.45671986e+05	1.00000000e-09	6.91402022e+02	1.00000000e-10	6.91402022e+01	-6.67101537e+07	5.17158273e-10
3.07000000e+01	2.58116152e+01	3.72322184e+06	1.44914289e+05	1.00000000e-09	1.00000000e-09	1.00000000e-10	1.00000000e-10	0.00000000e+00	4.75454906e-10
3.08000000e+01	2.58956921e+01	3.70375467e+06	1.44156593e+05	1.00000000e-09	1.00000000e-09	1.00000000e-10	1.00000000e-10	0.00000000e+00	4.37114476e-10
3.09000000e+01	2.59797690e+01	3.68428749e+06	1.43398896e+05	2.04298526e-09	5.64494086e+02	2.04298526e-10	5.64494086e+01	-5.44653994e+07	4.01865798e-10
3.10000000e+01	2.60638460e+01	3.66482585e+06	1.42641415e+05	1.53407582e-09	7.73799909e+02	1.53407582e-10	7.73799909e+01	-7.46603412e+07	3.69459555e-10
3.11000000e+01	2.61479229e+01	3.64537243e+06	1.41884254e+05	1.00000000e-09	1.00000000e-09	1.00000000e-10	1.00000000e-10	0.00000000e+00	3.39666533e-10
3.12000000e+01	2.62319998e+01	3.62591901e+06	1.41127093e+05	1.00000000e-09	1.00000000e-09	1.00000000e-10	1.00000000e-10	0.00000000e+00	3.12276006e-10
3.13000000e+01	2.63160767e+01	3.60646559e+06	1.40369932e+05	1.00000000e-09	4.69836503e+02	1.00000000e-10	4.69836503e+01	-4.53323310e+07	2.87094235e-10
3.14000000e+01	2.64001537e+01	3.58701681e+06	1.39612952e+05	1.76335431e-09	8.45608302e+02	1.76335431e-10	8.45608302e+01	-8.15887978e+07	2.63943109e-10
3.15000000e+01	2.64842306e+01	3.56757652e+06	1.38856302e+05	1.00000000e-09	1.00000000e-09	1.00000000e-10	1.00000000e-10	0.00000000e+00	2.42658878e-10
3.16000000e+01	2.65683075e+01	3.54813624e+06	1.38099652e+05	1.00000000e-09	1.00000000e-09	1.00000000e-10	1.00000000e-10	0.00000000e+00	2.23090996e-10
3.17000000e+01	2.66523844e+01	3.52869596e+06	1.37343003e+05	1.00000000e-09	3.61889932e+02	1.00000000e-10	3.61889932e+01	-3.49170702e+07	2.05101057e-10
3.18000000e+01	2.67364614e+01	3.50925939e+06	1.36586498e+05	1.62300408e-09	9.03230931e+02	1.62300408e-10	9.03230931e+01	-8.71485364e+07	1.88561817e-10
3.19000000e+01	2.68205383e+01	3.48983150e+06	1.35830330e+05	1.00000000e-09	1.00000000e-09	1.00000000e-10	1.00000000e-10	0.00000000e+00	1.73356293e-10
3.20000000e+01	2.69046152e+01	3.47040360e+06	1.35074162e+05	1.00000000e-09	1.00000000e-09	1.00000000e-10	1.00000000e-10	0.00000000e+00	1.59376934e-10
3.21000000e+01	2.69886921e+01	3.45097571e+06	1.34317995e+05	1.00000000e-09	2.42957884e+02	1.00000000e-10	2.42957884e+01	-2.34418722e+07	1.46524863e-10
3.22000000e+01	2.70727690e+01	3.43155062e+06	1.33561936e+05	1.14269939e-09	9.43388050e+02	1.14269939e-10	9.43388050e+01	-9.10231094e+07	1.34709176e-10
3.23000000e+01	2.71568460e+01	3.41213425e+06	1.32806218e+05	1.00000000e-09	1.00000000e-09	1.00000000e-10	1.00000000e-10	0.00000000e+00	1.23846300e-10
3.24000000e+01	2.72409229e+01	3.39271789e+06	1.32050499e+05	1.00000000e-09	1.00000000e-09	1.00000000e-10	1.00000000e-10	0.00000000e+00	1.13859401e-10
3.25000000e+01	2.73249998e+01	3.37330152e+06	1.31294780e+05	1.00000000e-09	1.16197541e+02	1.00000000e-10	1.16197541e+01	-1.12113583e+07	1.04677839e-10
3.26000000e+01	2.74090767e+01	3.35388707e+06	1.30539136e+05	1.00000000e-09	9.63359486e+02	1.00000000e-10	9.63359486e+01	-9.29500600e+07	9.62366743e-11
3.27000000e+01	2.74931537e+01	3.33448129e+06	1.29783829e+05	1.14285159e-09	1.00000000e-09	1.14285159e-10	1.00000000e-10	1.37830835e-05	8.84762003e-11
3.28000000e+01	2.75772306e+01	3.31507551e+06	1.29028522e+05	1.00000000e-09	1.00000000e-09	1.00000000e-10	1.00000000e-10	0.00000000e+00	8.13415267e-11
3.29000000e+01	2.76613075e+01	3.29566973e+06	1.28273215e+05	1.00000000e-09	1.00000000e-09	1.00000000e-10	1.00000000e-10	0.00000000e+00	7.47821894e-11
3.30000000e+01	2.77453844e+01	3.27626501e+06	1.27517950e+05	1.00000000e-09	9.61203517e+02	1.00000000e-10	9.61203517e+01	-9.27420406e+07	6.87517936e-11
3.31000000e+01	2.78294613e+01	3.25686880e+06	1.26763015e+05	1.07954319e-09	1.77214531e+01	1.07954319e-10	1.77214531e+00	-1.70986028e+06	6.32076857e-11
3.32000000e+01	2.79135383e+01	3.23747260e+06	1.26008081e+05	1.00000000e-09	1.00000000e-09	1.00000000e-10	1.00000000e-10	0.00000000e+00	5.81106517e-11
3.33000000e+01	2.79976152e+01	3.21807639e+06	1.25253147e+05	1.00000000e-09	1.00000000e-09	1.00000000e-10	1.00000000e-10	0.00000000e+00	5.34246397e-11
3.34000000e+01	2.80816921e+01	3.19868044e+06	1.24498223e+05	1.00000000e-09	9.35934827e+02	1.00000000e-10	9.35934827e+01	-9.03039826e+07	4.91165053e-11
3.35000000e+01	2.81657690e+01	3.17929275e+06	1.23743620e+05	1.00000000e-09	1.48322258e+02	1.00000000e-10	1.48322258e+01	-1.43109223e+07	4.51557765e-11
3.36000000e+01	2.82498460e+01	3.15990507e+06	1.22989018e+05	1.00000000e-09	1.00000000e-09	1.00000000e-10	1.00000000e-10	0.00000000e+00	4.15144388e-11
3.37000000e+01	2.83339229e+01	3.14051740e+06	1.22234416e+05	1.00000000e-09	1.00000000e-09	1.00000000e-10	1.00000000e-10	0.00000000e+00	3.81667366e-11
3.38000000e+01	2.84179998e+01	3.12112973e+06	1.21479814e+05	1.00000000e-09	8.80833804e+02	1.00000000e-10	8.80833804e+01	-8.49875422e+07	3.50889914e-11
3.39000000e+01	2.85020767e+01	3.10174998e+06	1.20725520e+05	1.00000000e-09	2.71015882e+02	1.00000000e-10	2.71015882e+01	-2.61490574e+07	3.22594338e-11
3.40000000e+01	2.85861536e+01	3.08237099e+06	1.19971256e+05	1.00000000e-09	1.00000000e-09	1.00000000e-10	1.00000000e-10	0.00000000e+00	2.96580503e-11
3.41000000e+01	2.86702306e+01	3.06299200e+06	1.19216992e+05	1.00000000e-09	1.00000000e-09	1.00000000e-10	1.00000000e-10	0.00000000e+00	2.72664410e-11
3.42000000e+01	2.87543075e+01	3.04361300e+06	1.18462728e+05	1.00000000e-09	8.05007772e+02	1.00000000e-10	8.05007772e+01	-7.76714422e+07	2.50676897e-11
3.43000000e+01	2.88383844e+01	3.02424153e+06	1.17708756e+05	1.00000000e-09	3.81667041e+02	1.00000000e-10	3.81667041e+01	-3.68252712e+07	2.30462446e-11
3.44000000e+01	2.89224613e+01	3.00487147e+06	1.16954840e+05	1.00000000e-09	1.00000000e-09	1.00000000e-10	1.00000000e-10	0.00000000e+00	2.11878078e-11
3.45000000e+01	2.90065383e+01	2.98550141e+06	1.16200923e+05	1.00000000e-09	1.00000000e-09	1.00000000e-10	1.00000000e-10	0.00000000e+00	1.94792342e-11
3.46000000e+01	2.90906152e+01	2.96613135e+06	1.15447007e+05	1.00000000e-09	7.10922945e+02	1.00000000e-10	7.10922945e+01	-6.85936364e+07	1.79084392e-11
3.47000000e+01	2.91746921e+01	2.94676834e+06	1.14693364e+05	1.00000000e-09	4.76029951e+02	1.00000000e-10	4.76029951e+01	-4.59299079e+07	1.64643122e-11
3.48000000e+01	2.92587690e+01	2.92740733e+06	1.13939800e+05	1.00000000e-09	1.00000000e-09	1.00000000e-10	1.00000000e-10	0.00000000e+00	1.51366389e-11
3.49000000e+01	2.93428459e+01	2.90804633e+06	1.13186236e+05	1.00000000e-09	1.00000000e-09	1.00000000e-10	1.00000000e-10	0.00000000e+00	1.39160284e-11
3.50000000e+01	2.94269229e+01	2.88868532e+06	1.12432672e+05	1.00000000e-09	6.02008993e+02	1.00000000e-10	6.02008993e+01	-5.80850377e+07	1.27938473e-11
3.51000000e+01	2.95109998e+01	2.86933084e+06	1.11679362e+05	1.00000000e-09	5.50497449e+02	1.00000000e-10	5.50497449e+01	-5.31149292e+07	1.17621583e-11
3.52000000e+01	2.95950767e+01	2.84997887e+06	1.10926149e+05	1.00000000e-09	1.00000000e-09	1.00000000e-10	1.00000000e-10	0.00000000e+00	1.08136641e-11
3.53000000e+01	2.96791536e+01	2.83062690e+06	1.10172937e+05	1.00000000e-09	1.00000000e-09	1.00000000e-10	1.00000000e-10	0.00000000e+00	9.94165601e-12
3.54000000e+01	2.97632306e+01	2.81127492e+06	1.09419724e+05	1.00000000e-09	4.82507428e+02	1.00000000e-10	4.82507428e+01	-4.65548894e+07	9.13996618e-12
3.55000000e+01	2.98473075e+01	2.79192893e+06	1.08666745e+05	1.00000000e-09	6.02324407e+02	1.00000000e-10	6.02324407e+01	-5.81154705e+07	8.40292419e-12
3.56000000e+01	2.99313844e+01	2.77258583e+06	1.07913877e+05	1.00000000e-09	1.00000000e-09	1.00000000e-10	1.00000000e-10	0.00000000e+00	7.72531687e-12
3.57000000e+01	3.00154613e+01	2.75324273e+06	1.07161010e+05	1.00000000e-09	1.00000000e-09	1.00000000e-10	1.00000000e-10	0.00000000e+00	7.10235144e-12
3.58000000e+01	3.00995383e+01	2.73389963e+06	1.06408143e+05	1.00000000e-09	3.56953628e+02	1.00000000e-10	3.56953628e+01	-3.44407894e+07	6.52962161e-12
3.59000000e+01	3.01836152e+01	2.71456194e+06	1.05655486e+05	1.00000000e-09	6.29722278e+02	1.00000000e-10	6.29722278e+01	-6.07589631e+07	6.00307641e-12
3.60000000e+01	3.02676921e+01	2.69522745e+06	1.04902954e+05	1.00000000e-09	1.00000000e-09	1.00000000e-10	1.00000000e-10	0.00000000e+00	5.51899153e-12
3.61000000e+01	3.03517690e+01	2.67589295e+06	1.04150422e+05	1.00000000e-09	1.00000000e-09	1.00000000e-10	1.00000000e-10	0.00000000e+00	5.07394300e-12
3.62000000e+01	3.04358459e+01	2.65655845e+06	1.03397889e+05	1.00000000e-09	2.30587623e+02	1.00000000e-10	2.30587623e+01	-2.22483234e+07	4.66478295e-12
3.63000000e+01	3.05199229e+01	2.63722880e+06	1.02645546e+05	1.00000000e-09	6.32072969e+02	1.00000000e-10	6.32072969e+01	-6.09857704e+07	4.28861734e-12
3.64000000e+01	3.06039998e+01	2.61790254e+06	1.01893334e+05	1.00000000e-09	1.00000000e-09	1.00000000e-10	1.00000000e-10	0.00000000e+00	3.94278553e-12
3.65000000e+01	3.06880767e+01	2.59857628e+06	1.01141122e+05	1.00000000e-09	1.00000000e-09	1.00000000e-10	1.00000000e-10	0.00000000e+00	3.62484141e-12
3.66000000e+01	3.07721536e+01	2.57925003e+06	1.00388910e+05	1.00000000e-09	1.08750696e+02	1.00000000e-10	1.08750696e+01	-1.04928470e+07	3.33253613e-12
3.67000000e+01	3.08562306e+01	2.55992805e+06	9.96368657e+04	1.00000000e-09	6.09988082e+02	1.00000000e-10	6.09988082e+01	-5.88549027e+07	3.06380220e-12
3.68000000e+01	3.09403075e+01	2.54060960e+06	9.88849577e+04	1.00000000e-09	1.00000000e-09	1.00000000e-10	1.00000000e-10	0.00000000e+00	2.81673882e-12
3.69000000e+01	3.10243844e+01	2.52129114e+06	9.81330496e+04	1.00000000e-09	1.00000000e-09	1.00000000e-10	1.00000000e-10	0.00000000e+00	2.58959851e-12
3.70000000e+01	3.11084613e+01	2.50197269e+06	9.73811416e+04	1.00000000e-09	1.00000000e-09	1.00000000e-10	1.00000000e-10	0.00000000e+00	2.38077467e-12
3.71000000e+01	3.11925382e+01	2.48265798e+06	9.66293794e+04	1.00000000e-09	5.65293719e+02	1.00000000e-10	5.65293719e+01	-5.45425522e+07	2.18879027e-12
3.72000000e+01	3.12766152e+01	2.46334682e+06	9.58777557e+04	1.00000000e-09	2.64988569e+01	1.00000000e-10	2.64988569e+00	-2.55675101e+06	2.01228739e-12
3.73000000e+01	3.13606921e+01	2.44403567e+06	9.51261320e+04	1.00000000e-09	1.00000000e-09	1.00000000e-10	1.00000000e-10	0.00000000e+00	1.85001761e-12
3.74000000e+01	3.14447690e+01	2.42472452e+06	9.43745083e+04	1.00000000e-09	1.00000000e-09	1.00000000e-10	1.00000000e-10	0.00000000e+00	1.70083318e-12
3.75000000e+01	3.15288459e+01	2.40541661e+06	9.36230106e+04	1.00000000e-09	5.00940428e+02	1.00000000e-10	5.00940428e+01	-4.83334036e+07	1.56367890e-12
3.76000000e+01	3.16129229e+01	2.38611222e+06	9.28716502e+04	1.00000000e-09	1.16213127e+02	1.00000000e-10	1.16213127e+01	-1.12128621e+07	1.43758467e-12
3.77000000e+01	3.16969998e+01	2.36680784e+06	9.21202899e+04	1.00000000e-09	1.00000000e-09	1.00000000e-10	1.00000000e-10	0.00000000e+00	1.32165861e-12
3.78000000e+01	3.17810767e+01	2.34750345e+06	9.13689295e+04	1.00000000e-09	1.00000000e-09	1.00000000e-10	1.00000000e-10	0.00000000e+00	1.21508076e-12
3.79000000e+01	3.18651536e+01	2.32820184e+06	9.06176771e+04	1.00000000e-09	4.20843287e+02	1.00000000e-10	4.20843287e+01	-4.06052043e+07	1.11709730e-12
3.80000000e+01	3.19492305e+01	2.30890366e+06	8.98665583e+04	1.00000000e-09	1.86513693e+02	1.00000000e-10	1.86513693e+01	-1.79958356e+07	1.02701517e-12
3.81000000e+01	3.20333075e+01	2.28960548e+06	8.91154396e+04	1.00000000e-09	1.00000000e-09	1.00000000e-10	1.00000000e-10	0.00000000e+00	9.44197214e-13
3.82000000e+01	3.21173844e+01	2.27030731e+06	8.83643209e+04	1.00000000e-09	1.00000000e-09	1.00000000e-10	1.00000000e-10	0.00000000e+00	8.68057654e-13
3.83000000e+01	3.22014613e+01	2.25101148e+06	8.76132938e+04	1.00000000e-09	3.29661686e+02	1.00000000e-10	3.29661686e+01	-3.18075173e+07	7.98057949e-13
3.84000000e+01	3.22855382e+01	2.23171895e+06	8.68623948e+04	1.00000000e-09	2.34941376e+02	1.00000000e-10	2.34941376e+01	-2.26683967e+07	7.33702982e-13
3.85000000e+01	3.23696152e+01	2.21242642e+06	8.61114958e+04	1.00000000e-09	1.00000000e-09	1.00000000e-10	1.00000000e-10	0.00000000e+00	6.74537565e-13
3.86000000e+01	3.24536921e+01	2.19313389e+06	8.53605968e+04	1.00000000e-09	1.00000000e-09	1.00000000e-10	1.00000000e-10	0.00000000e+00	6.20143216e-13
3.87000000e+01	3.25377690e+01	2.17384335e+06	8.46097755e+04	1.00000000e-09	2.32532734e+02	1.00000000e-10	2.32532734e+01	-2.24359980e+07	5.70135198e-13
3.88000000e+01	3.26218459e+01	2.15455592e+06	8.38590749e+04	1.00000000e-09	2.60226720e+02	1.00000000e-10	2.60226720e+01	-2.51080615e+07	5.24159800e-13
3.89000000e+01	3.27059228e+01	2.13526848e+06	8.31083742e+04	1.00000000e-09	1.00000000e-09	1.00000000e-10	1.00000000e-10	0.00000000e+00	4.81891834e-13
3.90000000e+01	3.27899998e+01	2.11598105e+06	8.23576736e+04	1.00000000e-09	1.00000000e-09	1.00000000e-10	1.00000000e-10	0.00000000e+00	4.43032333e-13
3.91000000e+01	3.28740767e+01	2.09669531e+06	8.16070391e+04	1.00000000e-09	1.34775504e+02	1.00000000e-10	1.34775504e+01	-1.30038592e+07	4.07306443e-13
3.92000000e+01	3.29581536e+01	2.07741245e+06	8.08565166e+04	1.00000000e-09	2.62349963e+02	1.00000000e-10	2.62349963e+01	-2.53129234e+07	3.74461468e-13
3.93000000e+01	3.30422305e+01	2.05812959e+06	8.01059942e+04	1.00000000e-09	1.00000000e-09	1.00000000e-10	1.00000000e-10	0.00000000e+00	3.44265096e-13
3.94000000e+01	3.31263075e+01	2.03884674e+06	7.93554717e+04	1.00000000e-09	1.00000000e-09	1.00000000e-10	1.00000000e-10	0.00000000e+00	3.16503742e-13
3.95000000e+01	3.32103844e+01	2.01956534e+06	7.86050063e+04	1.00000000e-09	4.15853886e+01	1.00000000e-10	4.15853886e+00	-4.01238003e+06	2.90981049e-13
3.96000000e+01	3.32944613e+01	2.00028659e+06	7.78546436e+04	1.00000000e-09	2.42524012e+02	1.00000000e-10	2.42524012e+01	-2.34000099e+07	2.67516493e-13
3.97000000e+01	3.33785382e+01	1.98100784e+06	7.71042808e+04	1.00000000e-09	1.00000000e-09	1.00000000e-10	1.00000000e-10	0.00000000e+00	2.45944106e-13
3.98000000e+01	3.34626152e+01	1.96172908e+06	7.63539181e+04	1.00000000e-09	1.00000000e-09	1.00000000e-10	1.00000000e-10	0.00000000e+00	2.26111304e-13
3.99000000e+01	3.35466921e+01	1.94245161e+06	7.56036054e+04	1.00000000e-09	1.00000000e-09	1.00000000e-10	1.00000000e-10	0.00000000e+00	2.07877809e-13
4.00000000e+01	3.36307690e+01	1.92317653e+06	7.48533856e+04	1.00000000e-09	2.03129856e+02	1.00000000e-10	2.03129856e+01	-1.95990516e+07	1.91114654e-13
4.01000000e+01	3.37148459e+01	1.90390145e+06	7.41031658e+04	1.00000000e-09	6.91694599e+01	1.00000000e-10	6.91694599e+00	-6.67383831e+06	1.75703270e-13
4.02000000e+01	3.37989228e+01	1.88462637e+06	7.33529461e+04	1.00000000e-09	1.00000000e-09	1.00000000e-10	1.00000000e-10	0.00000000e+00	1.61534652e-13
4.03000000e+01	3.38829998e+01	1.86535244e+06	7.26027711e+04	1.00000000e-09	1.00000000e-09	1.00000000e-10	1.00000000e-10	0.00000000e+00	1.48508584e-13
4.04000000e+01	3.39670767e+01	1.84608065e+06	7.18526795e+04	1.00000000e-09	1.47579998e+02	1.00000000e-10	1.47579998e+01	-1.42393051e+07	1.36532931e-13
4.05000000e+01	3.40511536e+01	1.82680887e+06	7.11025879e+04	1.00000000e-09	1.31606550e+02	1.00000000e-10	1.31606550e+01	-1.26981017e+07	1.25522989e-13
4.06000000e+01	3.41352305e+01	1.80753708e+06	7.03524963e+04	1.00000000e-09	1.00000000e-09	1.00000000e-10	1.00000000e-10	0.00000000e+00	1.15400882e-13
4.07000000e+01	3.42193075e+01	1.78826637e+06	6.96024467e+04	1.00000000e-09	1.00000000e-09	1.00000000e-10	1.00000000e-10	0.00000000e+00	1.06095016e-13
4.08000000e+01	3.43033844e+01	1.76899757e+06	6.88524713e+04	1.00000000e-09	8.00681788e+01	1.00000000e-10	8.00681788e+00	-7.72540483e+06	9.75395708e-14
4.09000000e+01	3.43874613e+01	1.74972877e+06	6.81024960e+04	1.00000000e-09	1.75476858e+02	1.00000000e-10	1.75476858e+01	-1.69309429e+07	8.96740319e-14
4.10000000e+01	3.44715382e+01	1.73045997e+06	6.73525206e+04	1.00000000e-09	1.00000000e-09	1.00000000e-10	1.00000000e-10	0.00000000e+00	8.24427658e-14
4.11000000e+01	3.45556151e+01	1.71119223e+06	6.66025867e+04	1.00000000e-09	1.00000000e-09	1.00000000e-10	1.00000000e-10	0.00000000e+00	7.57946252e-14
4.12000000e+01	3.46396921e+01	1.69192619e+06	6.58527188e+04	1.00000000e-09	5.26191012e+00	1.00000000e-10	5.26191012e-01	-5.07697146e+05	6.96825871e-14
4.13000000e+01	3.47237690e+01	1.67266015e+06	6.51028509e+04	1.00000000e-09	1.99374403e+02	1.00000000e-10	1.99374403e+01	-1.92367055e+07	6.40634205e-14
4.14000000e+01	3.48078459e+01	1.65339411e+06	6.43529831e+04	1.00000000e-09	2.13260272e+01	1.00000000e-10	2.13260272e+00	-2.05764882e+06	5.88973804e-14
4.15000000e+01	3.48919228e+01	1.63412917e+06	6.36031580e+04	1.00000000e-09	1.00000000e-09	1.00000000e-10	1.00000000e-10	0.00000000e+00	5.41479271e-14
4.16000000e+01	3.49759998e+01	1.61486575e+06	6.28533920e+04	1.00000000e-09	1.00000000e-09	1.00000000e-10	1.00000000e-10	0.00000000e+00	4.97814672e-14
4.17000000e+01	3.50600767e+01	1.59560233e+06	6.21036261e+04	1.00000000e-09	2.03100482e+02	1.00000000e-10	2.03100482e+01	-1.95962174e+07	4.57671163e-14
4.18000000e+01	3.51441536e+01	1.57633891e+06	6.13538601e+04	1.00000000e-09	9.90822649e+01	1.00000000e-10	9.90822649e+00	-9.55998523e+06	4.20764804e-14
4.19000000e+01	3.52282305e+01	1.55707666e+06	6.06041401e+04	1.00000000e-09	1.00000000e-09	1.00000000e-10	1.00000000e-10	0.00000000e+00	3.86834555e-14
4.20000000e+01	3.53123074e+01	1.53781580e+06	5.98544737e+04	1.00000000e-09	1.00000000e-09	1.00000000e-10	1.00000000e-10	0.00000000e+00	3.55640423e-14
4.21000000e+01	3.53963844e+01	1.51855494e+06	5.91048073e+04	1.00000000e-09	1.87629716e+02	1.00000000e-10	1.87629716e+01	-1.81035155e+07	3.26961769e-14
4.22000000e+01	3.54804613e+01	1.49929408e+06	5.83551409e+04	1.00000000e-09	1.72004355e+02	1.00000000e-10	1.72004355e+01	-1.65958973e+07	3.00595747e-14
4.23000000e+01	3.55645382e+01	1.48003451e+06	5.76055250e+04	1.00000000e-09	1.00000000e-09	1.00000000e-10	1.00000000e-10	0.00000000e+00	2.76355866e-14
4.24000000e+01	3.56486151e+01	1.46077622e+06	5.68559590e+04	1.00000000e-09	1.00000000e-09	1.00000000e-10	1.00000000e-10	0.00000000e+00	2.54070677e-14
4.25000000e+01	3.57326921e+01	1.44151794e+06	5.61063929e+04	1.00000000e-09	1.55002038e+02	1.00000000e-10	1.55002038e+01	-1.49554231e+07	2.33582553e-14
4.26000000e+01	3.58167690e+01	1.42225966e+06	5.53568269e+04	1.00000000e-09	2.36050016e+02	1.00000000e-10	2.36050016e+01	-2.27753642e+07	2.14746581e-14
4.27000000e+01	3.59008459e+01	1.40300281e+06	5.46073168e+04	1.00000000e-09	1.00000000e-09	1.00000000e-10	1.00000000e-10	0.00000000e+00	1.97429531e-14
4.28000000e+01	3.59849228e+01	1.38374720e+06	5.38578549e+04	1.00000000e-09	1.00000000e-09	1.00000000e-10	1.00000000e-10	0.00000000e+00	1.81508919e-14
4.29000000e+01	3.60689997e+01	1.36449159e+06	5.31083929e+04	1.00000000e-09	1.08148490e+02	1.00000000e-10	1.08148490e+01	-1.04347430e+07	1.66872137e-14
4.30000000e+01	3.61530767e+01	1.34523598e+06	5.23589310e+04	1.00000000e-09	2.87955079e+02	1.00000000e-10	2.87955079e+01	-2.77834415e+07	1.53415657e-14
4.31000000e+01	3.62371536e+01	1.32598196e+06	5.16095312e+04	1.00000000e-09	1.00000000e-09	1.00000000e-10	1.00000000e-10	0.00000000e+00	1.41044300e-14
4.32000000e+01	3.63212305e+01	1.30672919e+06	5.08601796e+04	1.00000000e-09	1.00000000e-09	1.00000000e-10	1.00000000e-10	0.00000000e+00	1.29670563e-14
4.33000000e+01	3.64053074e+01	1.28747641e+06	5.01108280e+04	1.00000000e-09	5.06660442e+01	1.00000000e-10	5.06660442e+00	-4.88853010e+06	1.19213998e-14
4.34000000e+01	3.64893844e+01	1.26822364e+06	4.93614765e+04	1.00000000e-09	3.25395078e+02	1.00000000e-10	3.25395078e+01	-3.13958522e+07	1.09600645e-14
4.35000000e+01	3.65734613e+01	1.24897263e+06	4.86121934e+04	1.00000000e-09	1.00000000e-09	1.00000000e-10	1.00000000e-10	0.00000000e+00	1.00762507e-14
4.36000000e+01	3.66575382e+01	1.22972291e+06	4.78629608e+04	1.00000000e-09	1.00000000e-09	1.00000000e-10	1.00000000e-10	0.00000000e+00	9.26370726e-15
4.37000000e+01	3.67416151e+01	1.21047319e+06	4.71137282e+04	1.00000000e-09	1.00000000e-09	1.00000000e-10	1.00000000e-10	0.00000000e+00	8.51668685e-15
4.38000000e+01	3.68256921e+01	1.19122347e+06	4.63644956e+04	1.00000000e-09	3.47084994e+02	1.00000000e-10	3.47084994e+01	-3.34886109e+07	7.82990577e-15
4.39000000e+01	3.69097690e+01	1.17197568e+06	4.56153378e+04	1.00000000e-09	3.15207251e+01	1.00000000e-10	3.15207251e+00	-3.04128763e+06	7.19850635e-15
4.40000000e+01	3.69938459e+01	1.15272928e+06	4.48662346e+04	1.00000000e-09	1.00000000e-09	1.00000000e-10	1.00000000e-10	0.00000000e+00	6.61802264e-15
4.41000000e+01	3.70779228e+01	1.13348289e+06	4.41171313e+04	1.00000000e-09	1.00000000e-09	1.00000000e-10	1.00000000e-10	0.00000000e+00	6.08434883e-15
4.42000000e+01	3.71619997e+01	1.11423649e+06	4.33680280e+04	1.00000000e-09	3.52806691e+02	1.00000000e-10	3.52806691e+01	-3.40406707e+07	5.59371018e-15
4.43000000e+01	3.72460767e+01	1.09499217e+06	4.26190053e+04	1.00000000e-09	9.67217783e+01	1.00000000e-10	9.67217783e+00	-9.33223291e+06	5.14263638e-15
4.44000000e+01	3.73301536e+01	1.07574938e+06	4.18700426e+04	1.00000000e-09	1.00000000e-09	1.00000000e-10	1.00000000e-10	0.00000000e+00	4.72793693e-15
4.45000000e+01	3.74142305e+01	1.05650660e+06	4.11210800e+04	1.00000000e-09	1.00000000e-09	1.00000000e-10	1.00000000e-10	0.00000000e+00	4.34667862e-15
4.46000000e+01	3.74983074e+01	1.03726382e+06	4.03721173e+04	1.00000000e-09	3.43225901e+02	1.00000000e-10	3.43225901e+01	-3.31162651e+07	3.99616478e-15
4.47000000e+01	3.75823844e+01	1.01802323e+06	3.96232401e+04	1.00000000e-09	1.58697386e+02	1.00000000e-10	1.58697386e+01	-1.53119700e+07	3.67391618e-15
4.48000000e+01	3.76664613e+01	9.98784362e+05	3.88744297e+04	1.00000000e-09	1.00000000e-09	1.00000000e-10	1.00000000e-10	0.00000000e+00	3.37765354e-15
4.49000000e+01	3.77505382e+01	9.79545492e+05	3.81256194e+04	1.00000000e-09	1.00000000e-09	1.00000000e-10	1.00000000e-10	0.00000000e+00	3.10528136e-15
4.50000000e+01	3.78346151e+01	9.60306622e+05	3.73768090e+04	1.00000000e-09	3.19924327e+02	1.00000000e-10	3.19924327e+01	-3.08680050e+07	2.85487313e-15
4.51000000e+01	3.79186920e+01	9.41070044e+05	3.66280878e+04	1.00000000e-09	2.14131374e+02	1.00000000e-10	2.14131374e+01	-2.06605367e+07	2.62465769e-15
4.52000000e+01	3.80027690e+01	9.21835394e+05	3.58794417e+04	1.00000000e-09	1.00000000e-09	1.00000000e-10	1.00000000e-10	0.00000000e+00	2.41300669e-15
4.53000000e+01	3.80868459e+01	9.02600744e+05	3.51307956e+04	1.00000000e-09	1.00000000e-09	1.00000000e-10	1.00000000e-10	0.00000000e+00	2.21842312e-15
4.54000000e+01	3.81709228e+01	8.83366094e+05	3.43821494e+04	1.00000000e-09	2.85414893e+02	1.00000000e-10	2.85414893e+01	-2.75383507e+07	2.03953067e-15
4.55000000e+01	3.82549997e+01	8.64133795e+05	3.36335948e+04	1.00000000e-09	2.60422894e+02	1.00000000e-10	2.60422894e+01	-2.51269895e+07	1.87506400e-15
4.56000000e+01	3.83390767e+01	8.44903666e+05	3.28851246e+04	1.00000000e-09	1.00000000e-09	1.00000000e-10	1.00000000e-10	0.00000000e+00	1.72385984e-15
4.57000000e+01	3.84231536e+01	8.25673538e+05	3.21366545e+04	1.00000000e-09	1.00000000e-09	1.00000000e-10	1.00000000e-10	0.00000000e+00	1.58484870e-15
4.58000000e+01	3.85072305e+01	8.06443409e+05	3.13881843e+04	1.00000000e-09	2.42756688e+02	1.00000000e-10	2.42756688e+01	-2.34224597e+07	1.45704735e-15
4.59000000e+01	3.85913074e+01	7.87215647e+05	3.06398063e+04	1.00000000e-09	2.95827497e+02	1.00000000e-10	2.95827497e+01	-2.85430143e+07	1.33955183e-15
4.60000000e+01	3.86753843e+01	7.67990322e+05	2.98915231e+04	1.00000000e-09	1.00000000e-09	1.00000000e-10	1.00000000e-10	0.00000000e+00	1.23153109e-15
4.61000000e+01	3.87594613e+01	7.48764997e+05	2.91432399e+04	1.00000000e-09	1.00000000e-09	1.00000000e-10	1.00000000e-10	0.00000000e+00	1.13222108e-15
4.62000000e+01	3.88435382e+01	7.29539672e+05	2.83949567e+04	1.00000000e-09	1.95304899e+02	1.00000000e-10	1.95304899e+01	-1.88440580e+07	1.04091937e-15
4.63000000e+01	3.89276151e+01	7.10316683e+05	2.76467645e+04	1.00000000e-09	3.19531521e+02	1.00000000e-10	3.19531521e+01	-3.08301049e+07	9.56980191e-16
4.64000000e+01	3.90116920e+01	6.91096411e+05	2.68986779e+04	1.00000000e-09	1.00000000e-09	1.00000000e-10	1.00000000e-10	0.00000000e+00	8.79809819e-16
4.65000000e+01	3.90957690e+01	6.71876139e+05	2.61505914e+04	1.00000000e-09	1.00000000e-09	1.00000000e-10	1.00000000e-10	0.00000000e+00	8.08862425e-16
4.66000000e+01	3.91798459e+01	6.52655867e+05	2.54025049e+04	1.00000000e-09	1.46449027e+02	1.00000000e-10	1.46449027e+01	-1.41301830e+07	7.43636191e-16
4.67000000e+01	3.92639228e+01	6.33437852e+05	2.46545062e+04	1.00000000e-09	3.31656001e+02	1.00000000e-10	3.31656001e+01	-3.19999394e+07	6.83669765e-16
4.68000000e+01	3.93479997e+01	6.14222840e+05	2.39066244e+04	1.00000000e-09	1.00000000e-09	1.00000000e-10	1.00000000e-10	0.00000000e+00	6.28539001e-16
4.69000000e+01	3.94320766e+01	5.95007827e+05	2.31587426e+04	1.00000000e-09	1.00000000e-09	1.00000000e-10	1.00000000e-10	0.00000000e+00	5.77853951e-16
4.70000000e+01	3.95161536e+01	5.75792814e+05	2.24108608e+04	1.00000000e-09	9.93584160e+01	1.00000000e-10	9.93584160e+00	-9.58662977e+06	5.31256117e-16
4.71000000e+01	3.96002305e+01	5.56579930e+05	2.16630618e+04	1.00000000e-09	3.33191318e+02	1.00000000e-10	3.33191318e+01	-3.21480750e+07	4.88415907e-16
4.72000000e+01	3.96843074e+01	5.37370330e+05	2.09153907e+04	1.00000000e-09	1.00000000e-09	1.00000000e-10	1.00000000e-10	0.00000000e+00	4.49030309e-16
4.73000000e+01	3.97683843e+01	5.18160729e+05	2.01677195e+04	1.00000000e-09	1.00000000e-09	1.00000000e-10	1.00000000e-10	0.00000000e+00	4.12820745e-16
4.74000000e+01	3.98524613e+01	4.98951128e+05	1.94200483e+04	1.00000000e-09	5.67533784e+01	1.00000000e-10	5.67533784e+00	-5.47586856e+06	3.79531100e-16
4.75000000e+01	3.99365382e+01	4.79743479e+05	1.86724531e+04	1.00000000e-09	3.25868779e+02	1.00000000e-10	3.25868779e+01	-3.14415573e+07	3.48925915e-16
4.76000000e+01	4.00206151e+01	4.60539381e+05	1.79249961e+04	1.00000000e-09	1.00000000e-09	1.00000000e-10	1.00000000e-10	0.00000000e+00	3.20788716e-16
4.77000000e+01	4.01046920e+01	4.41335283e+05	1.71775391e+04	1.00000000e-09	1.00000000e-09	1.00000000e-10	1.00000000e-10	0.00000000e+00	2.94920485e-16
4.78000000e+01	4.01887690e+01	4.22131186e+05	1.64300822e+04	1.00000000e-09	2.07181905e+01	1.00000000e-10	2.07181905e+00	-1.99900149e+06	2.71138254e-16
4.79000000e+01	4.02728459e+01	4.02928815e+05	1.56826924e+04	1.00000000e-09	3.11979782e+02	1.00000000e-10	3.11979782e+01	-3.01014729e+07	2.49273810e-16
4.80000000e+01	4.03569228e+01	3.83730243e+05	1.49354505e+04	1.00000000e-09	1.00000000e-09	1.00000000e-10	1.00000000e-10	0.00000000e+00	2.29172503e-16
4.81000000e+01	4.04409997e+01	3.64531671e+05	1.41882086e+04	1.00000000e-09	1.00000000e-09	1.00000000e-10	1.00000000e-10	0.00000000e+00	2.10692155e-16
4.82000000e+01	4.05250766e+01	3.45333099e+05	1.34409666e+04	1.00000000e-09	1.00000000e-09	1.00000000e-10	1.00000000e-10	0.00000000e+00	1.93702052e-16
4.83000000e+01	4.06091536e+01	3.26135978e+05	1.26937812e+04	1.00000000e-09	2.94298146e+02	1.00000000e-10	2.94298146e+01	-2.83954543e+07	1.78082022e-16
4.84000000e+01	4.06932305e+01	3.06942872e+05	1.19467521e+04	1.00000000e-09	1.00000000e-09	1.00000000e-10	1.00000000e-10	0.00000000e+00	1.63721583e-16
4.85000000e+01	4.07773074e+01	2.87749767e+05	1.11997229e+04	1.00000000e-09	1.00000000e-09	1.00000000e-10	1.00000000e-10	0.00000000e+00	1.50519162e-16
4.86000000e+01	4.08613843e+01	2.68556661e+05	1.04526938e+04	1.00000000e-09	1.00000000e-09	1.00000000e-10	1.00000000e-10	0.00000000e+00	1.38381377e-16
4.87000000e+01	4.09454613e+01	2.49364695e+05	9.70570894e+03	1.00000000e-09	2.75529496e+02	1.00000000e-10	2.75529496e+01	-2.65845549e+07	1.27222377e-16
4.88000000e+01	4.10295382e+01	2.30176924e+05	8.95888744e+03	1.00000000e-09	2.28230296e+00	1.00000000e-10	2.28230296e-01	-2.20208759e+05	1.16963232e-16
4.89000000e+01	4.11136151e+01	2.10989154e+05	8.21206594e+03	1.00000000e-09	1.00000000e-09	1.00000000e-10	1.00000000e-10	0.00000000e+00	1.07531379e-16
4.90000000e+01	4.11976920e+01	1.91801384e+05	7.46524445e+03	1.00000000e-09	1.00000000e-09	1.00000000e-10	1.00000000e-10	0.00000000e+00	9.88601065e-17
4.91000000e+01	4.12817689e+01	1.72614411e+05	6.71845401e+03	1.00000000e-09	2.58227182e+02	1.00000000e-10	2.58227182e+01	-2.49151354e+07	9.08880802e-17
4.92000000e+01	4.13658459e+01	1.53431773e+05	5.97183227e+03	1.00000000e-09	9.80189959e+00	1.00000000e-10	9.80189959e-01	-9.45739538e+05	8.35589140e-17
4.93000000e+01	4.14499228e+01	1.34249135e+05	5.22521054e+03	1.00000000e-09	1.00000000e-09	1.00000000e-10	1.00000000e-10	0.00000000e+00	7.68207678e-17
4.94000000e+01	4.15339997e+01	1.15066497e+05	4.47858880e+03	1.00000000e-09	1.00000000e-09	1.00000000e-10	1.00000000e-10	0.00000000e+00	7.06259821e-17
4.95000000e+01	4.16180766e+01	9.58842949e+04	3.73198403e+03	1.00000000e-09	2.44570508e+02	1.00000000e-10	2.44570508e+01	-2.35974667e+07	6.49307406e-17
4.96000000e+01	4.17021536e+01	7.67065182e+04	2.98555150e+03	1.00000000e-09	1.16972529e+01	1.00000000e-10	1.16972529e+00	-1.12861333e+06	5.96947603e-17
4.97000000e+01	4.17862305e+01	5.75287416e+04	2.23911898e+03	1.00000000e-09	1.00000000e-09	1.00000000e-10	1.00000000e-10	0.00000000e+00	5.48810067e-17
4.98000000e+01	4.18703074e+01	3.83509649e+04	1.49268646e+03	1.00000000e-09	1.00000000e-09	1.00000000e-10	1.00000000e-10	0.00000000e+00	5.04554316e-17
4.99000000e+01	4.19543843e+01	1.91732492e+04	7.46256305e+02	1.00000000e-09	2.36177614e+02	1.00000000e-10	2.36177614e+01	-2.27876755e+07	4.63867326e-17
5.00000000e+01	4.20384612e+01	0.00000000e+00	0.00000000e+00	1.00000000e+01	1.00000000e+01	1.00000000e+00	1.00000000e+00	0.00000000e+00	4.26461312e-17
