# 1D PNP Solver Results
# Debye length: 1.18939 nm
# Surface potential: 100 mV
# Bulk concentration: 10 mol/m^3
# Thermal voltage: 25.6926 mV
# Grid: non-uniform with stretching factor 1
#
# Columns:
# 1: x [nm]
# 2: x/lambda_D [-]
# 3: phi [mV]
# 4: phi_normalized = e*phi/(kB*T) [-]
# 5: c+ [mol/m^3]
# 6: c- [mol/m^3]
# 7: c+/c0 [-]
# 8: c-/c0 [-]
# 9: rho [C/m^3]
# 10: phi_GC [mV] (Gouy-Chapman analytical)
0.00000000e+00	0.00000000e+00	1.00000000e+02	3.89217445e+00	3.21486151e+05	1.00000000e-09	3.21486151e+04	1.00000000e-10	3.10186980e+10	1.00000000e+02
1.00000000e-01	8.40769225e-02	1.79980104e+05	7.00513962e+03	4.59184100e+03	1.00000000e-09	4.59184100e+02	1.00000000e-10	4.43045304e+08	8.70576373e+01
2.00000000e-01	1.68153845e-01	3.59860208e+05	1.40063871e+04	1.00000000e-09	1.00000000e-09	1.00000000e-10	1.00000000e-10	0.00000000e+00	7.68715638e+01
3.00000000e-01	2.52230767e-01	5.37115527e+05	2.09054733e+04	1.00000000e-09	1.00000000e-09	1.00000000e-10	1.00000000e-10	0.00000000e+00	6.85207345e+01
4.00000000e-01	3.36307690e-01	7.14216995e+05	2.77985714e+04	3.21258035e+05	1.00000000e-09	3.21258035e+04	1.00000000e-10	3.09966882e+10	6.14862309e+01
5.00000000e-01	4.20384612e-01	8.91318462e+05	3.46916695e+04	1.81688807e+04	1.00000000e-09	1.81688807e+03	1.00000000e-10	1.75303049e+09	5.54461690e+01
6.00000000e-01	5.04461535e-01	1.06841993e+06	4.15847675e+04	1.00000000e-09	1.00000000e-09	1.00000000e-10	1.00000000e-10	0.00000000e+00	5.01866549e+01
7.00000000e-01	5.88538457e-01	1.24290541e+06	4.83760468e+04	1.00000000e-09	1.00000000e-09	1.00000000e-10	1.00000000e-10	0.00000000e+00	4.55579535e+01
8.00000000e-01	6.72615380e-01	1.41707844e+06	5.51551648e+04	3.20658417e+05	1.00000000e-09	3.20658417e+04	1.00000000e-10	3.09388339e+10	4.14508515e+01
9.00000000e-01	7.56692302e-01	1.59125146e+06	6.19342829e+04	3.21397638e+04	1.00000000e-09	3.21397638e+03	1.00000000e-10	3.10101579e+09	3.77829914e+01
1.00000000e+00	8.40769225e-01	1.76542449e+06	6.87134010e+04	1.00000000e-09	1.00000000e-09	1.00000000e-10	1.00000000e-10	0.00000000e+00	3.44905241e+01
1.10000000e+00	9.24846147e-01	1.93699754e+06	7.53913232e+04	1.00000000e-09	1.00000000e-09	1.00000000e-10	1.00000000e-10	0.00000000e+00	3.15227780e+01
1.20000000e+00	1.00892307e+00	2.10809485e+06	8.20507293e+04	3.19661590e+05	1.00000000e-09	3.19661590e+04	1.00000000e-10	3.08426547e+10	2.88387272e+01
1.30000000e+00	1.09299999e+00	2.27919217e+06	8.87101354e+04	4.65090625e+04	1.00000000e-09	4.65090625e+03	1.00000000e-10	4.48744234e+09	2.64045776e+01
1.40000000e+00	1.17707691e+00	2.45028949e+06	9.53695415e+04	1.00000000e-09	1.00000000e-09	1.00000000e-10	1.00000000e-10	0.00000000e+00	2.41920729e+01
1.50000000e+00	1.26115384e+00	2.61881059e+06	1.01928677e+05	1.00000000e-09	1.00000000e-09	1.00000000e-10	1.00000000e-10	0.00000000e+00	2.21772778e+01
1.60000000e+00	1.34523076e+00	2.78668813e+06	1.08462763e+05	3.18238041e+05	1.00000000e-09	3.18238041e+04	1.00000000e-10	3.07053031e+10	2.03396868e+01
1.70000000e+00	1.42930768e+00	2.95456568e+06	1.14996850e+05	6.12785649e+04	1.00000000e-09	6.12785649e+03	1.00000000e-10	5.91248269e+09	1.86615585e+01
1.80000000e+00	1.51338460e+00	3.12244322e+06	1.21530937e+05	1.00000000e-09	1.00000000e-09	1.00000000e-10	1.00000000e-10	0.00000000e+00	1.71274116e+01
1.90000000e+00	1.59746153e+00	3.28777667e+06	1.27966004e+05	1.00000000e-09	1.00000000e-09	1.00000000e-10	1.00000000e-10	0.00000000e+00	1.57236358e+01
2.00000000e+00	1.68153845e+00	3.45229439e+06	1.34369320e+05	3.16353939e+05	1.00000000e-09	3.16353939e+04	1.00000000e-10	3.05235149e+10	1.44381886e+01
2.10000000e+00	1.76561537e+00	3.61681211e+06	1.40772637e+05	7.64463618e+04	1.00000000e-09	7.64463618e+03	1.00000000e-10	7.37595260e+09	1.32603556e+01
2.20000000e+00	1.84969229e+00	3.78132983e+06	1.47175953e+05	1.00000000e-09	1.00000000e-09	1.00000000e-10	1.00000000e-10	0.00000000e+00	1.21805577e+01
2.30000000e+00	1.93376922e+00	3.94334466e+06	1.53481853e+05	1.00000000e-09	1.00000000e-09	1.00000000e-10	1.00000000e-10	0.00000000e+00	1.11901960e+01
2.40000000e+00	2.01784614e+00	4.10436747e+06	1.59749142e+05	3.13970558e+05	1.00000000e-09	3.13970558e+04	1.00000000e-10	3.02935536e+10	1.02815237e+01
2.50000000e+00	2.10192306e+00	4.26539029e+06	1.66016431e+05	9.20056964e+04	1.00000000e-09	9.20056964e+03	1.00000000e-10	8.87720017e+09	9.44754093e+00
2.60000000e+00	2.18599998e+00	4.42641310e+06	1.72283720e+05	1.00000000e-09	1.00000000e-09	1.00000000e-10	1.00000000e-10	0.00000000e+00	8.68190590e+00
2.70000000e+00	2.27007691e+00	4.58498409e+06	1.78455579e+05	1.00000000e-09	1.00000000e-09	1.00000000e-10	1.00000000e-10	0.00000000e+00	7.97886054e+00
2.80000000e+00	2.35415383e+00	4.74238305e+06	1.84581821e+05	3.11043634e+05	1.00000000e-09	3.11043634e+04	1.00000000e-10	3.00111483e+10	7.33316685e+00
2.90000000e+00	2.43823075e+00	4.89978201e+06	1.90708063e+05	1.07943526e+05	1.00000000e-09	1.07943526e+04	1.00000000e-10	1.04149669e+10	6.74005227e+00
3.00000000e+00	2.52230767e+00	5.05718097e+06	1.96834305e+05	1.00000000e-09	1.00000000e-09	1.00000000e-10	1.00000000e-10	0.00000000e+00	6.19516235e+00
3.10000000e+00	2.60638460e+00	5.21218988e+06	2.02867523e+05	1.00000000e-09	1.00000000e-09	1.00000000e-10	1.00000000e-10	0.00000000e+00	5.69451955e+00
3.20000000e+00	2.69046152e+00	5.36584352e+06	2.08847990e+05	3.07522666e+05	1.00000000e-09	3.07522666e+04	1.00000000e-10	2.96714265e+10	5.23448697e+00
3.30000000e+00	2.77453844e+00	5.51949716e+06	2.14828458e+05	1.24238727e+05	1.00000000e-09	1.24238727e+04	1.00000000e-10	1.19872148e+10	4.81173646e+00
3.40000000e+00	2.85861536e+00	5.67315080e+06	2.20808926e+05	1.00000000e-09	1.00000000e-09	1.00000000e-10	1.00000000e-10	0.00000000e+00	4.42322017e+00
3.50000000e+00	2.94269229e+00	5.82448788e+06	2.26699229e+05	1.00000000e-09	1.00000000e-09	1.00000000e-10	1.00000000e-10	0.00000000e+00	4.06614534e+00
3.60000000e+00	3.02676921e+00	5.97428384e+06	2.32529549e+05	3.03350168e+05	1.00000000e-09	3.03350168e+04	1.00000000e-10	2.92688417e+10	3.73795159e+00
3.70000000e+00	3.11084613e+00	6.12407979e+06	2.38359869e+05	1.40859873e+05	1.00000000e-09	1.40859873e+04	1.00000000e-10	1.35909116e+10	3.43629058e+00
3.80000000e+00	3.19492305e+00	6.27387574e+06	2.44190189e+05	1.00000000e-09	1.00000000e-09	1.00000000e-10	1.00000000e-10	0.00000000e+00	3.15900770e+00
3.90000000e+00	3.27899998e+00	6.42144144e+06	2.49933703e+05	1.00000000e-09	1.00000000e-09	1.00000000e-10	1.00000000e-10	0.00000000e+00	2.90412542e+00
4.00000000e+00	3.36307690e+00	6.56727834e+06	2.55609929e+05	2.98460905e+05	1.00000000e-09	2.98460905e+04	1.00000000e-10	2.87970995e+10	2.66982829e+00
4.10000000e+00	3.44715382e+00	6.71311523e+06	2.61286156e+05	1.57762499e+05	1.00000000e-09	1.57762499e+04	1.00000000e-10	1.52217671e+10	2.45444929e+00
4.20000000e+00	3.53123074e+00	6.85895213e+06	2.66962382e+05	1.00000000e-09	1.00000000e-09	1.00000000e-10	1.00000000e-10	0.00000000e+00	2.25645740e+00
4.30000000e+00	3.61530767e+00	7.00265908e+06	2.72555707e+05	1.00000000e-09	1.00000000e-09	1.00000000e-10	1.00000000e-10	0.00000000e+00	2.07444628e+00
4.40000000e+00	3.69938459e+00	7.14444877e+06	2.78074409e+05	2.92781164e+05	1.00000000e-09	2.92781164e+04	1.00000000e-10	2.82490878e+10	1.90712395e+00
4.50000000e+00	3.78346151e+00	7.28623846e+06	2.83593112e+05	1.74885766e+05	1.00000000e-09	1.74885766e+04	1.00000000e-10	1.68739112e+10	1.75330334e+00
4.60000000e+00	3.86753843e+00	7.42802815e+06	2.89111814e+05	1.00000000e-09	1.00000000e-09	1.00000000e-10	1.00000000e-10	0.00000000e+00	1.61189369e+00
4.70000000e+00	3.95161536e+00	7.56780355e+06	2.94552116e+05	1.00000000e-09	1.00000000e-09	1.00000000e-10	1.00000000e-10	0.00000000e+00	1.48189263e+00
4.80000000e+00	4.03569228e+00	7.70547372e+06	2.99910479e+05	2.86228143e+05	1.00000000e-09	2.86228143e+04	1.00000000e-10	2.76168174e+10	1.36237899e+00
4.90000000e+00	4.11976920e+00	7.84314388e+06	3.05268842e+05	1.92148447e+05	1.00000000e-09	1.92148447e+04	1.00000000e-10	1.85395067e+10	1.25250612e+00
5.00000000e+00	4.20384612e+00	7.98081405e+06	3.10627205e+05	1.00000000e-09	1.00000000e-09	1.00000000e-10	1.00000000e-10	0.00000000e+00	1.15149587e+00
5.10000000e+00	4.28792305e+00	8.11660239e+06	3.15912324e+05	1.00000000e-09	1.00000000e-09	1.00000000e-10	1.00000000e-10	0.00000000e+00	1.05863300e+00
5.20000000e+00	4.37199997e+00	8.25009958e+06	3.21108268e+05	2.78709595e+05	1.00000000e-09	2.78709595e+04	1.00000000e-10	2.68913879e+10	9.73260072e-01
5.30000000e+00	4.45607689e+00	8.38359676e+06	3.26304211e+05	2.09444175e+05	1.00000000e-09	2.09444175e+04	1.00000000e-10	2.02082908e+10	8.94772759e-01
5.40000000e+00	4.54015381e+00	8.51709395e+06	3.31500155e+05	1.00000000e-09	1.00000000e-09	1.00000000e-10	1.00000000e-10	0.00000000e+00	8.22615544e-01
5.50000000e+00	4.62423074e+00	8.64886017e+06	3.36628726e+05	1.00000000e-09	1.00000000e-09	1.00000000e-10	1.00000000e-10	0.00000000e+00	7.56277766e-01
5.60000000e+00	4.70830766e+00	8.77815329e+06	3.41661040e+05	2.70123934e+05	1.00000000e-09	2.70123934e+04	1.00000000e-10	2.60629975e+10	6.95289988e-01
5.70000000e+00	4.79238458e+00	8.90744642e+06	3.46693354e+05	2.26635944e+05	1.00000000e-09	2.26635944e+04	1.00000000e-10	2.18670443e+10	6.39220665e-01
5.80000000e+00	4.87646150e+00	9.03673954e+06	3.51725667e+05	1.00000000e-09	1.00000000e-09	1.00000000e-10	1.00000000e-10	0.00000000e+00	5.87673079e-01
5.90000000e+00	4.96053843e+00	9.16447264e+06	3.56697262e+05	1.00000000e-09	1.00000000e-09	1.00000000e-10	1.00000000e-10	0.00000000e+00	5.40282524e-01
6.00000000e+00	5.04461535e+00	9.28955703e+06	3.61565765e+05	2.60361102e+05	1.00000000e-09	2.60361102e+04	1.00000000e-10	2.51210274e+10	4.96713722e-01
6.10000000e+00	5.12869227e+00	9.41464143e+06	3.66434268e+05	2.43549959e+05	1.00000000e-09	2.43549959e+04	1.00000000e-10	2.34989987e+10	4.56658442e-01
6.20000000e+00	5.21276919e+00	9.53972582e+06	3.71302771e+05	1.00000000e-09	1.00000000e-09	1.00000000e-10	1.00000000e-10	0.00000000e+00	4.19833321e-01
6.30000000e+00	5.29684612e+00	9.66344301e+06	3.76118060e+05	1.00000000e-09	1.00000000e-09	1.00000000e-10	1.00000000e-10	0.00000000e+00	3.85977854e-01
6.40000000e+00	5.38092304e+00	9.78434505e+06	3.80823778e+05	2.49304637e+05	1.00000000e-09	2.49304637e+04	1.00000000e-10	2.40542407e+10	3.54852548e-01
6.50000000e+00	5.46499996e+00	9.90524709e+06	3.85529496e+05	2.59969095e+05	1.00000000e-09	2.59969095e+04	1.00000000e-10	2.50832045e+10	3.26237227e-01
6.60000000e+00	5.54907688e+00	1.00261491e+07	3.90235215e+05	1.00000000e-09	1.00000000e-09	1.00000000e-10	1.00000000e-10	0.00000000e+00	2.99929475e-01
6.70000000e+00	5.63315381e+00	1.01459005e+07	3.94896146e+05	1.00000000e-09	1.00000000e-09	1.00000000e-10	1.00000000e-10	0.00000000e+00	2.75743201e-01
6.80000000e+00	5.71723073e+00	1.02626828e+07	3.99441518e+05	2.36835543e+05	1.00000000e-09	2.36835543e+04	1.00000000e-10	2.28511560e+10	2.53507323e-01
6.90000000e+00	5.80130765e+00	1.03794651e+07	4.03986889e+05	2.75626499e+05	1.00000000e-09	2.75626499e+04	1.00000000e-10	2.65939143e+10	2.33064554e-01
7.00000000e+00	5.88538457e+00	1.04962474e+07	4.08532260e+05	1.00000000e-09	1.00000000e-09	1.00000000e-10	1.00000000e-10	0.00000000e+00	2.14270296e-01
7.10000000e+00	5.96946150e+00	1.06121211e+07	4.13042267e+05	1.00000000e-09	1.00000000e-09	1.00000000e-10	1.00000000e-10	0.00000000e+00	1.96991610e-01
7.20000000e+00	6.05353842e+00	1.07248884e+07	4.17431367e+05	2.22838722e+05	1.00000000e-09	2.22838722e+04	1.00000000e-10	2.15006681e+10	1.81106277e-01
7.30000000e+00	6.13761534e+00	1.08376557e+07	4.21820467e+05	2.90200274e+05	1.00000000e-09	2.90200274e+04	1.00000000e-10	2.80000698e+10	1.66501937e-01
7.40000000e+00	6.22169226e+00	1.09504230e+07	4.26209567e+05	1.00000000e-09	1.00000000e-09	1.00000000e-10	1.00000000e-10	0.00000000e+00	1.53075289e-01
7.50000000e+00	6.30576919e+00	1.10625511e+07	4.30573787e+05	1.00000000e-09	1.00000000e-09	1.00000000e-10	1.00000000e-10	0.00000000e+00	1.40731363e-01
7.60000000e+00	6.38984611e+00	1.11714566e+07	4.34812579e+05	2.07212903e+05	1.00000000e-09	2.07212903e+04	1.00000000e-10	1.99930058e+10	1.29382849e-01
7.70000000e+00	6.47392303e+00	1.12803621e+07	4.39051371e+05	3.03310724e+05	1.00000000e-09	3.03310724e+04	1.00000000e-10	2.92650360e+10	1.18949475e-01
7.80000000e+00	6.55799995e+00	1.13892676e+07	4.43290164e+05	1.00000000e-09	1.00000000e-09	1.00000000e-10	1.00000000e-10	0.00000000e+00	1.09357445e-01
7.90000000e+00	6.64207688e+00	1.14978320e+07	4.47515680e+05	1.00000000e-09	1.00000000e-09	1.00000000e-10	1.00000000e-10	0.00000000e+00	1.00538914e-01
8.00000000e+00	6.72615380e+00	1.16030843e+07	4.51612284e+05	1.89885036e+05	1.00000000e-09	1.89885036e+04	1.00000000e-10	1.83211207e+10	9.24315047e-02
8.10000000e+00	6.81023072e+00	1.17083367e+07	4.55708888e+05	3.14522342e+05	1.00000000e-09	3.14522342e+04	1.00000000e-10	3.03467927e+10	8.49778740e-02
8.20000000e+00	6.89430764e+00	1.18135890e+07	4.59805492e+05	1.00000000e-09	1.00000000e-09	1.00000000e-10	1.00000000e-10	0.00000000e+00	7.81253008e-02
8.30000000e+00	6.97838457e+00	1.19188282e+07	4.63901587e+05	1.00000000e-09	1.00000000e-09	1.00000000e-10	1.00000000e-10	0.00000000e+00	7.18253161e-02
8.40000000e+00	7.06246149e+00	1.20206985e+07	4.67866557e+05	1.70829878e+05	1.00000000e-09	1.70829878e+04	1.00000000e-10	1.64825775e+10	6.60333593e-02
8.50000000e+00	7.14653841e+00	1.21224519e+07	4.71826975e+05	3.23399855e+05	1.00000000e-09	3.23399855e+04	1.00000000e-10	3.12033424e+10	6.07084632e-02
8.60000000e+00	7.23061533e+00	1.22242053e+07	4.75787394e+05	1.00000000e-09	1.00000000e-09	1.00000000e-10	1.00000000e-10	0.00000000e+00	5.58129641e-02
8.70000000e+00	7.31469226e+00	1.23259586e+07	4.79747812e+05	1.00000000e-09	1.00000000e-09	1.00000000e-10	1.00000000e-10	0.00000000e+00	5.13122357e-02
8.80000000e+00	7.39876918e+00	1.24243256e+07	4.83576425e+05	1.49969616e+05	1.00000000e-09	1.49969616e+04	1.00000000e-10	1.44698683e+10	4.71744438e-02
8.90000000e+00	7.48284610e+00	1.25222113e+07	4.87386307e+05	3.31662599e+05	1.00000000e-09	3.31662599e+04	1.00000000e-10	3.20005760e+10	4.33703214e-02
9.00000000e+00	7.56692302e+00	1.26200970e+07	4.91196189e+05	1.00000000e-09	1.00000000e-09	1.00000000e-10	1.00000000e-10	0.00000000e+00	3.98729614e-02
9.10000000e+00	7.65099995e+00	1.27179827e+07	4.95006071e+05	1.00000000e-09	1.00000000e-09	1.00000000e-10	1.00000000e-10	0.00000000e+00	3.66576268e-02
9.20000000e+00	7.73507687e+00	1.28125110e+07	4.98685280e+05	1.27117551e+05	1.00000000e-09	1.27117551e+04	1.00000000e-10	1.22649791e+10	3.37015752e-02
9.30000000e+00	7.81915379e+00	1.29061658e+07	5.02330486e+05	3.39346865e+05	1.00000000e-09	3.39346865e+04	1.00000000e-10	3.27419950e+10	3.09838980e-02
9.40000000e+00	7.90323071e+00	1.29998205e+07	5.05975692e+05	1.00000000e-09	1.00000000e-09	1.00000000e-10	1.00000000e-10	0.00000000e+00	2.84853728e-02
9.50000000e+00	7.98730764e+00	1.30934753e+07	5.09620898e+05	1.00000000e-09	1.00000000e-09	1.00000000e-10	1.00000000e-10	0.00000000e+00	2.61883275e-02
9.60000000e+00	8.07138456e+00	1.31838552e+07	5.13138642e+05	1.02086572e+05	1.00000000e-09	1.02086572e+04	1.00000000e-10	9.84985683e+09	2.40765146e-02
9.70000000e+00	8.15546148e+00	1.32729435e+07	5.16606115e+05	3.46387667e+05	1.00000000e-09	3.46387667e+04	1.00000000e-10	3.34213291e+10	2.21349973e-02
9.80000000e+00	8.23953840e+00	1.33620318e+07	5.20073587e+05	1.00000000e-09	1.00000000e-09	1.00000000e-10	1.00000000e-10	0.00000000e+00	2.03500429e-02
9.90000000e+00	8.32361533e+00	1.34511201e+07	5.23541059e+05	1.00000000e-09	1.00000000e-09	1.00000000e-10	1.00000000e-10	0.00000000e+00	1.87090262e-02
1.00000000e+01	8.40769225e+00	1.35370590e+07	5.26885951e+05	7.46684494e+04	1.00000000e-09	7.46684494e+03	1.00000000e-10	7.20441014e+09	1.72003403e-02
1.01000000e+01	8.49176917e+00	1.36212634e+07	5.30163335e+05	3.52683855e+05	1.00000000e-09	3.52683855e+04	1.00000000e-10	3.40288188e+10	1.58133140e-02
1.02000000e+01	8.57584609e+00	1.37054679e+07	5.33440719e+05	1.00000000e-09	1.00000000e-09	1.00000000e-10	1.00000000e-10	0.00000000e+00	1.45381368e-02
1.03000000e+01	8.65992302e+00	1.37896723e+07	5.36718103e+05	1.00000000e-09	1.00000000e-09	1.00000000e-10	1.00000000e-10	0.00000000e+00	1.33657892e-02
1.04000000e+01	8.74399994e+00	1.38708999e+07	5.39879620e+05	4.46632010e+04	1.00000000e-09	4.46632010e+03	1.00000000e-10	4.30934378e+09	1.22879791e-02
1.05000000e+01	8.82807686e+00	1.39499257e+07	5.42955444e+05	3.58083610e+05	1.00000000e-09	3.58083610e+04	1.00000000e-10	3.45498161e+10	1.12970830e-02
1.06000000e+01	8.91215378e+00	1.40289516e+07	5.46031268e+05	1.00000000e-09	1.00000000e-09	1.00000000e-10	1.00000000e-10	0.00000000e+00	1.03860923e-02
1.07000000e+01	8.99623071e+00	1.41079774e+07	5.49107092e+05	1.00000000e-09	1.00000000e-09	1.00000000e-10	1.00000000e-10	0.00000000e+00	9.54856333e-03
1.08000000e+01	9.08030763e+00	1.41842558e+07	5.52075979e+05	1.19225034e+04	1.00000000e-09	1.19225034e+03	1.00000000e-10	1.15034670e+09	8.77857228e-03
1.09000000e+01	9.16438455e+00	1.42578430e+07	5.54940121e+05	3.62361239e+05	1.00000000e-09	3.62361239e+04	1.00000000e-10	3.49625445e+10	8.07067289e-03
1.10000000e+01	9.24846147e+00	1.43314302e+07	5.57804263e+05	7.29147969e+02	1.00000000e-09	7.29147969e+01	1.00000000e-10	7.03520840e+07	7.41985814e-03
1.11000000e+01	9.33253840e+00	1.44050173e+07	5.60668404e+05	1.00000000e-09	1.00000000e-09	1.00000000e-10	1.00000000e-10	0.00000000e+00	6.82152474e-03
1.12000000e+01	9.41661532e+00	1.44761566e+07	5.63437269e+05	1.00000000e-09	1.00000000e-09	1.00000000e-10	1.00000000e-10	0.00000000e+00	6.27144062e-03
1.13000000e+01	9.50069224e+00	1.45440976e+07	5.66081651e+05	3.65182314e+05	1.00000000e-09	3.65182314e+04	1.00000000e-10	3.52347368e+10	5.76571500e-03
1.14000000e+01	9.58476916e+00	1.46120386e+07	5.68726032e+05	3.73856514e+04	1.00000000e-09	3.73856514e+03	1.00000000e-10	3.60716699e+09	5.30077082e-03
1.15000000e+01	9.66884609e+00	1.46799796e+07	5.71370414e+05	1.00000000e-09	1.00000000e-09	1.00000000e-10	1.00000000e-10	0.00000000e+00	4.87331949e-03
1.16000000e+01	9.75292301e+00	1.47458602e+07	5.73934603e+05	1.00000000e-09	1.00000000e-09	1.00000000e-10	1.00000000e-10	0.00000000e+00	4.48033760e-03
1.17000000e+01	9.83699993e+00	1.48080266e+07	5.76354228e+05	3.66053019e+05	1.00000000e-09	3.66053019e+04	1.00000000e-10	3.53187471e+10	4.11904557e-03
1.18000000e+01	9.92107685e+00	1.48701930e+07	5.78773853e+05	7.67181746e+04	1.00000000e-09	7.67181746e+03	1.00000000e-10	7.40217856e+09	3.78688794e-03
1.19000000e+01	1.00051538e+01	1.49323594e+07	5.81193479e+05	1.00000000e-09	1.00000000e-09	1.00000000e-10	1.00000000e-10	0.00000000e+00	3.48151531e-03
1.20000000e+01	1.00892307e+01	1.49929656e+07	5.83552375e+05	1.00000000e-09	1.00000000e-09	1.00000000e-10	1.00000000e-10	0.00000000e+00	3.20076778e-03
1.21000000e+01	1.01733076e+01	1.50493474e+07	5.85746856e+05	3.64253804e+05	1.00000000e-09	3.64253804e+04	1.00000000e-10	3.51451493e+10	2.94265957e-03
1.22000000e+01	1.02573845e+01	1.51057293e+07	5.87941336e+05	1.17959358e+05	1.00000000e-09	1.17959358e+04	1.00000000e-10	1.13813478e+10	2.70536508e-03
1.23000000e+01	1.03414615e+01	1.51621112e+07	5.90135817e+05	1.00000000e-09	1.00000000e-09	1.00000000e-10	1.00000000e-10	0.00000000e+00	2.48720588e-03
1.24000000e+01	1.04255384e+01	1.52175800e+07	5.92294762e+05	1.00000000e-09	1.00000000e-09	1.00000000e-10	1.00000000e-10	0.00000000e+00	2.28663893e-03
1.25000000e+01	1.05096153e+01	1.52683460e+07	5.94270661e+05	3.58769331e+05	1.00000000e-09	3.58769331e+04	1.00000000e-10	3.46159781e+10	2.10224558e-03
1.26000000e+01	1.05936922e+01	1.53191120e+07	5.96246561e+05	1.59338039e+05	1.00000000e-09	1.59338039e+04	1.00000000e-10	1.53737836e+10	1.93272162e-03
1.27000000e+01	1.06777692e+01	1.53698779e+07	5.98222461e+05	1.00000000e-09	1.00000000e-09	1.00000000e-10	1.00000000e-10	0.00000000e+00	1.77686798e-03
1.28000000e+01	1.07618461e+01	1.54205758e+07	6.00195712e+05	1.00000000e-09	1.00000000e-09	1.00000000e-10	1.00000000e-10	0.00000000e+00	1.63358230e-03
1.29000000e+01	1.08459230e+01	1.54661681e+07	6.01970244e+05	3.48281004e+05	1.00000000e-09	3.48281004e+04	1.00000000e-10	3.36040083e+10	1.50185109e-03
1.30000000e+01	1.09299999e+01	1.55114352e+07	6.03732116e+05	1.96716347e+05	1.00000000e-09	1.96716347e+04	1.00000000e-10	1.89802421e+10	1.38074262e-03
1.31000000e+01	1.10140768e+01	1.55567022e+07	6.05493989e+05	1.00000000e-09	1.00000000e-09	1.00000000e-10	1.00000000e-10	0.00000000e+00	1.26940027e-03
1.32000000e+01	1.10981538e+01	1.56019693e+07	6.07255862e+05	1.00000000e-09	1.00000000e-09	1.00000000e-10	1.00000000e-10	0.00000000e+00	1.16703651e-03
1.33000000e+01	1.11822307e+01	1.56418827e+07	6.08809361e+05	3.30489602e+05	1.00000000e-09	3.30489602e+04	1.00000000e-10	3.18873990e+10	1.07292731e-03
1.34000000e+01	1.12663076e+01	1.56802764e+07	6.10303712e+05	2.35311141e+05	1.00000000e-09	2.35311141e+04	1.00000000e-10	2.27040736e+10	9.86407027e-04
1.35000000e+01	1.13503845e+01	1.57186701e+07	6.11798062e+05	1.00000000e-09	1.00000000e-09	1.00000000e-10	1.00000000e-10	0.00000000e+00	9.06863691e-04
1.36000000e+01	1.14344615e+01	1.57570638e+07	6.13292412e+05	1.00000000e-09	1.00000000e-09	1.00000000e-10	1.00000000e-10	0.00000000e+00	8.33734687e-04
1.37000000e+01	1.15185384e+01	1.57901533e+07	6.14580312e+05	2.99936443e+05	1.00000000e-09	2.99936443e+04	1.00000000e-10	2.89394673e+10	7.66502767e-04
1.38000000e+01	1.16026153e+01	1.58201390e+07	6.15747408e+05	2.79324049e+05	1.00000000e-09	2.79324049e+04	1.00000000e-10	2.69506736e+10	7.04692393e-04
1.39000000e+01	1.16866922e+01	1.58501247e+07	6.16914505e+05	1.00000000e-09	1.00000000e-09	1.00000000e-10	1.00000000e-10	0.00000000e+00	6.47866374e-04
1.40000000e+01	1.17707691e+01	1.58801104e+07	6.18081601e+05	1.00000000e-09	1.00000000e-09	1.00000000e-10	1.00000000e-10	0.00000000e+00	5.95622776e-04
1.41000000e+01	1.18548461e+01	1.59054068e+07	6.19066180e+05	2.43947656e+05	1.00000000e-09	2.43947656e+04	1.00000000e-10	2.35373706e+10	5.47592073e-04
1.42000000e+01	1.19389230e+01	1.59254650e+07	6.19846878e+05	3.39454818e+05	1.00000000e-09	3.39454818e+04	1.00000000e-10	3.27524109e+10	5.03434541e-04
1.43000000e+01	1.20229999e+01	1.59455231e+07	6.20627576e+05	1.00000000e-09	1.00000000e-09	1.00000000e-10	1.00000000e-10	0.00000000e+00	4.62837848e-04
1.44000000e+01	1.21070768e+01	1.59655812e+07	6.21408274e+05	1.00000000e-09	1.00000000e-09	1.00000000e-10	1.00000000e-10	0.00000000e+00	4.25514851e-04
1.45000000e+01	1.21911538e+01	1.59826533e+07	6.22072749e+05	1.31092862e+05	1.00000000e-09	1.31092862e+04	1.00000000e-10	1.26485383e+10	3.91201561e-04
1.46000000e+01	1.22752307e+01	1.59915795e+07	6.22420171e+05	4.77884048e+05	1.00000000e-09	4.77884048e+04	1.00000000e-10	4.61088011e+10	3.59655276e-04
1.47000000e+01	1.23593076e+01	1.60005057e+07	6.22767594e+05	6.45830601e+03	1.00000000e-09	6.45830601e+02	1.00000000e-10	6.23131801e+08	3.30652866e-04
1.48000000e+01	1.24433845e+01	1.60094319e+07	6.23115017e+05	1.00000000e-09	1.00000000e-09	1.00000000e-10	1.00000000e-10	0.00000000e+00	3.03989196e-04
1.49000000e+01	1.25274615e+01	1.60183581e+07	6.23462440e+05	1.00000000e-09	1.00000000e-09	1.00000000e-10	1.00000000e-10	0.00000000e+00	2.79475669e-04
1.50000000e+01	1.26115384e+01	1.60151803e+07	6.23338757e+05	8.30531485e+04	1.00000000e-09	8.30531485e+03	1.00000000e-10	8.01341061e+09	2.56938901e-04
1.51000000e+01	1.26956153e+01	1.60082941e+07	6.23070734e+05	1.00000000e-09	1.00000000e-09	1.00000000e-10	1.00000000e-10	0.00000000e+00	2.36219485e-04
1.52000000e+01	1.27796922e+01	1.60014079e+07	6.22802712e+05	1.00000000e-09	1.69011196e+02	1.00000000e-10	1.69011196e+01	-1.63071014e+07	2.17170872e-04
1.53000000e+01	1.28637691e+01	1.59945218e+07	6.22534689e+05	1.18562259e+05	1.08742457e+02	1.18562259e+04	1.08742457e+01	1.14290269e+10	1.99658328e-04
1.54000000e+01	1.29478461e+01	1.59758479e+07	6.21807868e+05	1.06599533e+05	1.00000000e-09	1.06599533e+04	1.00000000e-10	1.02852913e+10	1.83557987e-04
1.55000000e+01	1.30319230e+01	1.59330421e+07	6.20141793e+05	4.85364109e+03	1.00000000e-09	4.85364109e+02	1.00000000e-10	4.68305173e+08	1.68755969e-04
1.56000000e+01	1.31159999e+01	1.58886972e+07	6.18415812e+05	1.00000000e-09	4.28060487e+01	1.00000000e-10	4.28060487e+00	-4.13015582e+06	1.55147578e-04
1.57000000e+01	1.32000768e+01	1.58443523e+07	6.16689830e+05	1.00000000e-09	5.27615166e+01	1.00000000e-10	5.27615166e+00	-5.09071245e+06	1.42636560e-04
1.58000000e+01	1.32841538e+01	1.58000083e+07	6.14963887e+05	1.00000000e-09	1.00000000e-09	1.00000000e-10	1.00000000e-10	0.00000000e+00	1.31134424e-04
1.59000000e+01	1.33682307e+01	1.57556655e+07	6.13237988e+05	4.56592008e+03	1.00000000e-09	4.56592008e+02	1.00000000e-10	4.40544315e+08	1.20559814e-04
1.60000000e+01	1.34523076e+01	1.57098259e+07	6.11453831e+05	1.09209826e+03	4.09599467e+01	1.09209826e+02	4.09599467e+00	1.01419429e+08	1.10837935e-04
1.61000000e+01	1.35363845e+01	1.56636211e+07	6.09655459e+05	6.67808860e+01	6.46326492e+01	6.67808860e+00	6.46326492e+00	2.07273345e+05	1.01900023e-04
1.62000000e+01	1.36204614e+01	1.56173941e+07	6.07856224e+05	2.87774486e+00	1.00000000e-09	2.87774486e-01	1.00000000e-10	2.77660169e+05	9.36828597e-05
1.63000000e+01	1.37045384e+01	1.55711665e+07	6.06056964e+05	1.00000000e-09	1.00000000e-09	1.00000000e-10	1.00000000e-10	0.00000000e+00	8.61283240e-05
1.64000000e+01	1.37886153e+01	1.55249389e+07	6.04257704e+05	1.00000000e-09	3.51181512e+01	1.00000000e-10	3.51181512e+00	-3.38838648e+06	7.91829819e-05
1.65000000e+01	1.38726922e+01	1.54787112e+07	6.02458444e+05	3.05337799e+00	7.06935532e+01	3.05337799e-01	7.06935532e+00	-6.52628477e+06	7.27977085e-05
1.66000000e+01	1.39567691e+01	1.54324828e+07	6.00659152e+05	1.63815780e+00	1.00000000e-09	1.63815780e-01	1.00000000e-10	1.58058199e+05	6.69273402e-05
1.67000000e+01	1.40408461e+01	1.53862542e+07	5.98859853e+05	1.00000000e-09	1.00000000e-09	1.00000000e-10	1.00000000e-10	0.00000000e+00	6.15303552e-05
1.68000000e+01	1.41249230e+01	1.53400255e+07	5.97060554e+05	1.00000000e-09	2.83061743e+01	1.00000000e-10	2.83061743e+00	-2.73113063e+06	5.65685802e-05
1.69000000e+01	1.42089999e+01	1.52937969e+07	5.95261254e+05	1.42136631e+00	7.62427720e+01	1.42136631e-01	7.62427720e+00	-7.21916818e+06	5.20069201e-05
1.70000000e+01	1.42930768e+01	1.52475679e+07	5.93461942e+05	1.66685601e+00	1.00000000e-09	1.66685601e-01	1.00000000e-10	1.60827156e+05	4.78131098e-05
1.71000000e+01	1.43771537e+01	1.52013388e+07	5.91662623e+05	1.00000000e-09	1.00000000e-09	1.00000000e-10	1.00000000e-10	0.00000000e+00	4.39574862e-05
1.72000000e+01	1.44612307e+01	1.51551096e+07	5.89863304e+05	1.00000000e-09	2.05422001e+01	1.00000000e-10	2.05422001e+00	-1.98202100e+06	4.04127779e-05
1.73000000e+01	1.45453076e+01	1.51088805e+07	5.88063985e+05	1.00000000e-09	8.11299263e+01	1.00000000e-10	8.11299263e+00	-7.82784788e+06	3.71539131e-05
1.74000000e+01	1.46293845e+01	1.50626514e+07	5.86264670e+05	1.00000000e-09	1.00000000e-09	1.00000000e-10	1.00000000e-10	0.00000000e+00	3.41578414e-05
1.75000000e+01	1.47134614e+01	1.50164228e+07	5.84465370e+05	1.00000000e-09	1.00000000e-09	1.00000000e-10	1.00000000e-10	0.00000000e+00	3.14033713e-05
1.76000000e+01	1.47975384e+01	1.49701941e+07	5.82666071e+05	2.52463088e-02	1.18812189e+01	2.52463088e-03	1.18812189e+00	-1.14392745e+06	2.88710202e-05
1.77000000e+01	1.48816153e+01	1.49239655e+07	5.80866771e+05	1.42319749e-02	8.52036376e+01	1.42319749e-03	8.52036376e+00	-8.21952809e+06	2.65428765e-05
1.78000000e+01	1.49656922e+01	1.48777368e+07	5.79067472e+05	1.00000000e-09	1.00000000e-09	1.00000000e-10	1.00000000e-10	0.00000000e+00	2.44024731e-05
1.79000000e+01	1.50497691e+01	1.48315086e+07	5.77268189e+05	1.00000000e-09	1.00000000e-09	1.00000000e-10	1.00000000e-10	0.00000000e+00	2.24346707e-05
1.80000000e+01	1.51338460e+01	1.47852804e+07	5.75468906e+05	6.03729541e-03	2.36753422e+00	6.03729541e-04	2.36753422e-01	-2.27849815e+05	2.06255509e-05
1.81000000e+01	1.52179230e+01	1.47390522e+07	5.73669624e+05	1.00477841e-02	8.83115930e+01	1.00477841e-03	8.83115930e+00	-8.51980391e+06	1.89623175e-05
1.82000000e+01	1.53019999e+01	1.46928240e+07	5.71870341e+05	1.00000000e-09	2.54062119e+00	1.00000000e-10	2.54062119e-01	-2.45132679e+05	1.74332063e-05
1.83000000e+01	1.53860768e+01	1.46465962e+07	5.70071074e+05	1.00000000e-09	1.00000000e-09	1.00000000e-10	1.00000000e-10	0.00000000e+00	1.60274019e-05
1.84000000e+01	1.54701537e+01	1.46003685e+07	5.68271811e+05	9.19686611e-04	1.00000000e-09	9.19686611e-05	1.00000000e-10	8.87361716e+01	1.47349607e-05
1.85000000e+01	1.55542307e+01	1.45541407e+07	5.66472547e+05	8.95086693e-03	9.03158822e+01	8.95086693e-04	9.03158822e+00	-8.71329426e+06	1.35467414e-05
1.86000000e+01	1.56383076e+01	1.45079130e+07	5.64673284e+05	5.07663709e-04	1.30426651e+01	5.07663709e-05	1.30426651e+00	-1.25837689e+06	1.24543394e-05
1.87000000e+01	1.57223845e+01	1.44616857e+07	5.62874036e+05	1.00000000e-09	1.00000000e-09	1.00000000e-10	1.00000000e-10	0.00000000e+00	1.14500281e-05
1.88000000e+01	1.58064614e+01	1.44154585e+07	5.61074794e+05	1.00000000e-09	1.00000000e-09	1.00000000e-10	1.00000000e-10	0.00000000e+00	1.05267039e-05
1.89000000e+01	1.58905384e+01	1.43692314e+07	5.59275552e+05	7.86035721e-03	9.10883808e+01	7.86035721e-04	9.10883808e+00	-8.78793427e+06	9.67783615e-06
1.90000000e+01	1.59746153e+01	1.43230042e+07	5.57476310e+05	3.24130984e-03	2.40686292e+01	3.24130984e-04	2.40686292e+00	-2.32195694e+06	8.89742061e-06
1.91000000e+01	1.60586922e+01	1.42767774e+07	5.55677083e+05	1.00000000e-09	1.00000000e-09	1.00000000e-10	1.00000000e-10	0.00000000e+00	8.17993736e-06
1.92000000e+01	1.61427691e+01	1.42305509e+07	5.53877864e+05	1.00000000e-09	1.00000000e-09	1.00000000e-10	1.00000000e-10	0.00000000e+00	7.52031158e-06
1.93000000e+01	1.62268460e+01	1.41843243e+07	5.52078646e+05	5.11096717e-03	9.05175321e+01	5.11096717e-04	9.05175321e+00	-8.73312101e+06	6.91387767e-06
1.94000000e+01	1.63109230e+01	1.41380977e+07	5.50279427e+05	6.27802614e-03	3.54610863e+01	6.27802614e-04	3.54610863e+00	-3.42086895e+06	6.35634627e-06
1.95000000e+01	1.63949999e+01	1.40918715e+07	5.48480223e+05	1.00000000e-09	1.00000000e-09	1.00000000e-10	1.00000000e-10	0.00000000e+00	5.84377390e-06
1.96000000e+01	1.64790768e+01	1.40456456e+07	5.46681029e+05	1.00000000e-09	1.00000000e-09	1.00000000e-10	1.00000000e-10	0.00000000e+00	5.37253509e-06
1.97000000e+01	1.65631537e+01	1.39994197e+07	5.44881835e+05	1.00000000e-09	8.85118200e+01	1.00000000e-10	8.85118200e+00	-8.54009235e+06	4.93929673e-06
1.98000000e+01	1.66472307e+01	1.39531937e+07	5.43082641e+05	1.00000000e-09	4.70438212e+01	1.00000000e-10	4.70438212e+00	-4.53903872e+06	4.54099448e-06
1.99000000e+01	1.67313076e+01	1.39069681e+07	5.41283460e+05	2.89360958e-04	1.00000000e-09	2.89360958e-05	1.00000000e-10	2.79189917e+01	4.17481111e-06
2.00000000e+01	1.68153845e+01	1.38607429e+07	5.39484292e+05	1.00000000e-09	1.00000000e-09	1.00000000e-10	1.00000000e-10	0.00000000e+00	3.83815657e-06
2.01000000e+01	1.68994614e+01	1.38145176e+07	5.37685124e+05	1.00000000e-09	8.50029077e+01	1.00000000e-10	8.50029077e+00	-8.20153378e+06	3.52864967e-06
2.02000000e+01	1.69835383e+01	1.37682923e+07	5.35885956e+05	2.30889814e-04	5.86247393e+01	2.30889814e-05	5.86247393e+00	-5.65640516e+06	3.24410125e-06
2.03000000e+01	1.70676153e+01	1.37220674e+07	5.34086799e+05	1.33702648e-04	1.00000000e-09	1.33702648e-05	1.00000000e-10	1.29002480e+01	2.98249865e-06
2.04000000e+01	1.71516922e+01	1.36758428e+07	5.32287658e+05	1.00000000e-09	1.00000000e-09	1.00000000e-10	1.00000000e-10	0.00000000e+00	2.74199155e-06
2.05000000e+01	1.72357691e+01	1.36296182e+07	5.30488516e+05	1.00000000e-09	7.99484446e+01	1.00000000e-10	7.99484446e+00	-7.71385223e+06	2.52087882e-06
2.06000000e+01	1.73198460e+01	1.35833936e+07	5.28689374e+05	1.22759355e-04	6.99972368e+01	1.22759355e-05	6.99972368e+00	-6.75369480e+06	2.31759650e-06
2.07000000e+01	1.74039230e+01	1.35371692e+07	5.26890242e+05	8.91935928e-05	1.00000000e-09	8.91935928e-06	1.00000000e-10	8.60577694e+00	2.13070675e-06
2.08000000e+01	1.74879999e+01	1.34909453e+07	5.25091126e+05	1.00000000e-09	1.00000000e-09	1.00000000e-10	1.00000000e-10	0.00000000e+00	1.95888770e-06
2.09000000e+01	1.75720768e+01	1.34447214e+07	5.23292010e+05	1.00000000e-09	7.33345943e+01	1.00000000e-10	7.33345943e+00	-7.07571269e+06	1.80092404e-06
2.10000000e+01	1.76561537e+01	1.33984975e+07	5.21492895e+05	8.52260315e-05	8.09435778e+01	8.52260315e-06	8.09435778e+00	-7.80985976e+06	1.65569849e-06
2.11000000e+01	1.77402306e+01	1.33522737e+07	5.19693787e+05	6.85567896e-05	1.00000000e-09	6.85567896e-06	1.00000000e-10	6.61462813e+00	1.52218384e-06
2.12000000e+01	1.78243076e+01	1.33060505e+07	5.17894696e+05	1.00000000e-09	1.00000000e-09	1.00000000e-10	1.00000000e-10	0.00000000e+00	1.39943575e-06
2.13000000e+01	1.79083845e+01	1.32598272e+07	5.16095606e+05	1.00000000e-09	6.51779233e+01	1.00000000e-10	6.51779233e+00	-6.28871358e+06	1.28658600e-06
2.14000000e+01	1.79924614e+01	1.32136039e+07	5.14296515e+05	6.91830006e-05	9.12456281e+01	6.91830006e-06	9.12456281e+00	-8.80385806e+06	1.18283639e-06
2.15000000e+01	1.80765383e+01	1.31673808e+07	5.12497431e+05	7.43104532e-05	1.00000000e-09	7.43104532e-06	1.00000000e-10	7.16977227e+00	1.08745310e-06
2.16000000e+01	1.81606153e+01	1.31211581e+07	5.10698364e+05	1.00000000e-09	1.00000000e-09	1.00000000e-10	1.00000000e-10	0.00000000e+00	9.99761460e-07
2.17000000e+01	1.82446922e+01	1.30749355e+07	5.08899298e+05	1.00000000e-09	5.55259395e+01	1.00000000e-10	5.55259395e+00	-5.35743871e+06	9.19141229e-07
2.18000000e+01	1.83287691e+01	1.30287128e+07	5.07100232e+05	2.51881330e-05	1.00685180e+02	2.51881330e-06	1.00685180e+01	-9.71464064e+06	8.45022171e-07
2.19000000e+01	1.84128460e+01	1.29824903e+07	5.05301169e+05	1.00000000e-09	1.00000000e-09	1.00000000e-10	1.00000000e-10	0.00000000e+00	7.76880034e-07
2.20000000e+01	1.84969229e+01	1.29362682e+07	5.03502125e+05	1.00000000e-09	1.00000000e-09	1.00000000e-10	1.00000000e-10	0.00000000e+00	7.14232843e-07
2.21000000e+01	1.85809999e+01	1.28900461e+07	5.01703082e+05	6.07573103e-06	4.44575579e+01	6.07573103e-07	4.44575579e+00	-4.28950165e+06	6.56637488e-07
2.22000000e+01	1.86650768e+01	1.28438241e+07	4.99904038e+05	7.72328039e-06	1.09048454e+02	7.72328039e-07	1.09048454e+01	-1.05215756e+07	6.03686592e-07
2.23000000e+01	1.87491537e+01	1.27976020e+07	4.98104995e+05	1.00000000e-09	1.00000000e-09	1.00000000e-10	1.00000000e-10	0.00000000e+00	5.55005627e-07
2.24000000e+01	1.88332306e+01	1.27513804e+07	4.96305972e+05	1.00000000e-09	1.00000000e-09	1.00000000e-10	1.00000000e-10	0.00000000e+00	5.10250270e-07
2.25000000e+01	1.89173076e+01	1.27051589e+07	4.94506949e+05	6.91326680e-07	3.19703043e+01	6.91326680e-08	3.19703043e+00	-3.08466536e+06	4.69103960e-07
2.26000000e+01	1.90013845e+01	1.26589374e+07	4.92707926e+05	5.19117362e-06	1.16124402e+02	5.19117362e-07	1.16124402e+01	-1.12043010e+07	4.31275667e-07
2.27000000e+01	1.90854614e+01	1.26127159e+07	4.90908904e+05	3.06012954e-07	1.00000000e-09	3.06012954e-08	1.00000000e-10	2.94292761e-02	3.96497828e-07
2.28000000e+01	1.91695383e+01	1.25664948e+07	4.89109902e+05	1.00000000e-09	1.00000000e-09	1.00000000e-10	1.00000000e-10	0.00000000e+00	3.64524455e-07
2.29000000e+01	1.92536153e+01	1.25202739e+07	4.87310903e+05	1.00000000e-09	1.82725766e+01	1.00000000e-10	1.82725766e+00	-1.76303562e+06	3.35129397e-07
2.30000000e+01	1.93376922e+01	1.24740530e+07	4.85511904e+05	3.64298899e-06	1.21733903e+02	3.64298899e-07	1.21733903e+01	-1.17455357e+07	3.08104742e-07
2.31000000e+01	1.94217691e+01	1.24278321e+07	4.83712905e+05	1.38205608e-06	1.00000000e-09	1.38205608e-07	1.00000000e-10	1.33251654e-01	2.83259340e-07
2.32000000e+01	1.95058460e+01	1.23816117e+07	4.81913926e+05	1.00000000e-09	1.00000000e-09	1.00000000e-10	1.00000000e-10	0.00000000e+00	2.60417458e-07
2.33000000e+01	1.95899229e+01	1.23353914e+07	4.80114953e+05	1.00000000e-09	3.57918579e+00	1.00000000e-10	3.57918579e-01	-3.45338929e+05	2.39417533e-07
2.34000000e+01	1.96739999e+01	1.22891712e+07	4.78315980e+05	2.13346770e-06	1.25703581e+02	2.13346770e-07	1.25703581e+01	-1.21285515e+07	2.20111031e-07
2.35000000e+01	1.97580768e+01	1.22429509e+07	4.76517007e+05	1.91597820e-06	3.40833323e+00	1.91597820e-07	3.40833323e-01	-3.28853979e+05	2.02361395e-07
2.36000000e+01	1.98421537e+01	1.21967311e+07	4.74718053e+05	1.00000000e-09	1.00000000e-09	1.00000000e-10	1.00000000e-10	0.00000000e+00	1.86043080e-07
2.37000000e+01	1.99262306e+01	1.21505116e+07	4.72919108e+05	1.00000000e-09	1.00000000e-09	1.00000000e-10	1.00000000e-10	0.00000000e+00	1.71040665e-07
2.38000000e+01	2.00103076e+01	1.21042921e+07	4.71120163e+05	9.06756741e-07	1.27881965e+02	9.06756741e-08	1.27881965e+01	-1.23387338e+07	1.57248037e-07
2.39000000e+01	2.00943845e+01	1.20580725e+07	4.69321218e+05	1.98449719e-06	1.90200477e+01	1.98449719e-07	1.90200477e+00	-1.83515542e+06	1.44567640e-07
2.40000000e+01	2.01784614e+01	1.20118534e+07	4.67522291e+05	1.00000000e-09	1.00000000e-09	1.00000000e-10	1.00000000e-10	0.00000000e+00	1.32909782e-07
2.41000000e+01	2.02625383e+01	1.19656347e+07	4.65723375e+05	1.00000000e-09	1.00000000e-09	1.00000000e-10	1.00000000e-10	0.00000000e+00	1.22192009e-07
2.42000000e+01	2.03466152e+01	1.19194159e+07	4.63924459e+05	1.00000000e-09	1.28143345e+02	1.00000000e-10	1.28143345e+01	-1.23639532e+07	1.12338510e-07
2.43000000e+01	2.04306922e+01	1.18731971e+07	4.62125544e+05	1.91926932e-06	3.50999699e+01	1.91926932e-07	3.50999699e+00	-3.38663207e+06	1.03279593e-07
2.44000000e+01	2.05147691e+01	1.18269787e+07	4.60326645e+05	5.70096023e-07	1.00000000e-09	5.70096023e-08	1.00000000e-10	5.49094188e-02	9.49511815e-08
2.45000000e+01	2.05988460e+01	1.17807607e+07	4.58527759e+05	1.00000000e-09	1.00000000e-09	1.00000000e-10	1.00000000e-10	0.00000000e+00	8.72943689e-08
2.46000000e+01	2.06829229e+01	1.17345427e+07	4.56728874e+05	1.00000000e-09	1.26391219e+02	1.00000000e-10	1.26391219e+01	-1.21948988e+07	8.02549976e-08
2.47000000e+01	2.07669999e+01	1.16883247e+07	4.54929989e+05	1.31644545e-06	5.13999278e+01	1.31644545e-07	5.13999278e+00	-4.95933897e+06	7.37832774e-08
2.48000000e+01	2.08510768e+01	1.16421071e+07	4.53131119e+05	1.26099424e-06	1.00000000e-09	1.26099424e-07	1.00000000e-10	1.21570963e-01	6.78334333e-08
2.49000000e+01	2.09351537e+01	1.15958899e+07	4.51332264e+05	1.00000000e-09	1.00000000e-09	1.00000000e-10	1.00000000e-10	0.00000000e+00	6.23633815e-08
2.50000000e+01	2.10192306e+01	1.15496727e+07	4.49533409e+05	1.00000000e-09	1.22561264e+02	1.00000000e-10	1.22561264e+01	-1.18253643e+07	5.73344317e-08
2.51000000e+01	2.11033075e+01	1.15034555e+07	4.47734555e+05	3.48895678e-07	6.76569890e+01	3.48895678e-08	6.76569890e+00	-6.52790702e+06	5.27110137e-08
2.52000000e+01	2.11873845e+01	1.14572386e+07	4.45935714e+05	1.57281073e-06	1.00000000e-09	1.57281073e-07	1.00000000e-10	1.51656680e-01	4.84604257e-08
2.53000000e+01	2.12714614e+01	1.14110222e+07	4.44136890e+05	2.13033547e-07	1.00000000e-09	2.13033547e-08	1.00000000e-10	2.04581272e-02	4.45526029e-08
2.54000000e+01	2.13555383e+01	1.13648058e+07	4.42338066e+05	1.00000000e-09	1.16623751e+02	1.00000000e-10	1.16623751e+01	-1.12524814e+07	4.09599048e-08
2.55000000e+01	2.14396152e+01	1.13185893e+07	4.40539243e+05	1.00000000e-09	8.35979327e+01	1.00000000e-10	8.35979327e+00	-8.06597430e+06	3.76569199e-08
2.56000000e+01	2.15236922e+01	1.12723732e+07	4.38740430e+05	1.05975434e-06	1.00000000e-09	1.05975434e-07	1.00000000e-10	1.02154264e-01	3.46202860e-08
2.57000000e+01	2.16077691e+01	1.12261576e+07	4.36941637e+05	1.03686658e-06	1.00000000e-09	1.03686658e-07	1.00000000e-10	9.99459311e-02	3.18285246e-08
2.58000000e+01	2.16918460e+01	1.11799419e+07	4.35142843e+05	1.00000000e-09	1.08585348e+02	1.00000000e-10	1.08585348e+01	-1.04768934e+07	2.92618894e-08
2.59000000e+01	2.17759229e+01	1.11337263e+07	4.33344050e+05	1.00000000e-09	9.89440527e+01	1.00000000e-10	9.89440527e+00	-9.54664979e+06	2.69022262e-08
2.60000000e+01	2.18599998e+01	1.10875109e+07	4.31545265e+05	1.00000000e-09	1.00000000e-09	1.00000000e-10	1.00000000e-10	0.00000000e+00	2.47328451e-08
2.61000000e+01	2.19440768e+01	1.10412960e+07	4.29746501e+05	1.36285370e-06	1.00000000e-09	1.36285370e-07	1.00000000e-10	1.31398907e-01	2.27384017e-08
2.62000000e+01	2.20281537e+01	1.09950811e+07	4.27947736e+05	7.54215817e-07	9.84902552e+01	7.54215817e-08	9.84902552e+00	-9.50286491e+06	2.09047891e-08
2.63000000e+01	2.21122306e+01	1.09488662e+07	4.26148972e+05	1.00000000e-09	1.13416202e+02	1.00000000e-10	1.13416202e+01	-1.09430000e+07	1.92190381e-08
2.64000000e+01	2.21963075e+01	1.09026515e+07	4.24350214e+05	1.00000000e-09	1.00000000e-09	1.00000000e-10	1.00000000e-10	0.00000000e+00	1.76692251e-08
2.65000000e+01	2.22803845e+01	1.08564373e+07	4.22551478e+05	1.00000000e-09	1.00000000e-09	1.00000000e-10	1.00000000e-10	0.00000000e+00	1.62443882e-08
2.66000000e+01	2.23644614e+01	1.08102231e+07	4.20752741e+05	1.39887519e-06	8.64206407e+01	1.39887519e-07	8.64206407e+00	-8.33832408e+06	1.49344494e-08
2.67000000e+01	2.24485383e+01	1.07640089e+07	4.18954004e+05	1.24418399e-06	1.26739990e+02	1.24418399e-07	1.26739990e+01	-1.22285499e+07	1.37301434e-08
2.68000000e+01	2.25326152e+01	1.07177948e+07	4.17155272e+05	1.00000000e-09	1.00000000e-09	1.00000000e-10	1.00000000e-10	0.00000000e+00	1.26229520e-08
2.69000000e+01	2.26166921e+01	1.06715813e+07	4.15356561e+05	1.00000000e-09	1.00000000e-09	1.00000000e-10	1.00000000e-10	0.00000000e+00	1.16050438e-08
2.70000000e+01	2.27007691e+01	1.06253678e+07	4.13557850e+05	1.00000000e-09	7.24963510e+01	1.00000000e-10	7.24963510e+00	-6.99483450e+06	1.06692193e-08
2.71000000e+01	2.27848460e+01	1.05791543e+07	4.11759139e+05	1.00000000e-09	1.38651015e+02	1.00000000e-10	1.38651015e+01	-1.33777893e+07	9.80885916e-09
2.72000000e+01	2.28689229e+01	1.05329408e+07	4.09960429e+05	1.00000000e-09	1.00000000e-09	1.00000000e-10	1.00000000e-10	0.00000000e+00	9.01787799e-09
2.73000000e+01	2.29529998e+01	1.04867278e+07	4.08161741e+05	1.00000000e-09	1.00000000e-09	1.00000000e-10	1.00000000e-10	0.00000000e+00	8.29068113e-09
2.74000000e+01	2.30370768e+01	1.04405149e+07	4.06363054e+05	1.00000000e-09	5.68738882e+01	1.00000000e-10	5.68738882e+00	-5.48749599e+06	7.62212503e-09
2.75000000e+01	2.31211537e+01	1.03943020e+07	4.04564366e+05	1.00000000e-09	1.48900047e+02	1.00000000e-10	1.48900047e+01	-1.43666705e+07	7.00748093e-09
2.76000000e+01	2.32052306e+01	1.03480891e+07	4.02765678e+05	1.04892684e-08	1.00000000e-09	1.04892684e-09	1.00000000e-10	9.15575210e-04	6.44240141e-09
2.77000000e+01	2.32893075e+01	1.03018767e+07	4.00967013e+05	1.25245476e-08	1.00000000e-09	1.25245476e-09	1.00000000e-10	1.11194980e-03	5.92288960e-09
2.78000000e+01	2.33733845e+01	1.02556644e+07	3.99168349e+05	6.24374737e-09	3.96121598e+01	6.24374737e-10	3.96121598e+00	-3.82199239e+06	5.44527095e-09
2.79000000e+01	2.34574614e+01	1.02094521e+07	3.97369686e+05	1.00000000e-09	1.57263513e+02	1.00000000e-10	1.57263513e+01	-1.51736223e+07	5.00616720e-09
2.80000000e+01	2.35415383e+01	1.01632398e+07	3.95571022e+05	1.00000000e-09	1.00000000e-09	1.00000000e-10	1.00000000e-10	0.00000000e+00	4.60247255e-09
2.81000000e+01	2.36256152e+01	1.01170280e+07	3.93772381e+05	1.00000000e-09	1.00000000e-09	1.00000000e-10	1.00000000e-10	0.00000000e+00	4.23133162e-09
2.82000000e+01	2.37096921e+01	1.00708164e+07	3.91973743e+05	1.00000000e-09	2.10722377e+01	1.00000000e-10	2.10722377e+00	-2.03316186e+06	3.89011930e-09
2.83000000e+01	2.37937691e+01	1.00246048e+07	3.90175106e+05	1.34349326e-09	1.63529971e+02	1.34349326e-10	1.63529971e+01	-1.57782435e+07	3.57642216e-09
2.84000000e+01	2.38778460e+01	9.97839317e+06	3.88376469e+05	5.38382723e-09	1.00000000e-09	5.38382723e-10	1.00000000e-10	4.22975026e-04	3.28802138e-09
2.85000000e+01	2.39619229e+01	9.93218207e+06	3.86577853e+05	5.24151888e-09	1.00000000e-09	5.24151888e-10	1.00000000e-10	4.09244358e-04	3.02287709e-09
2.86000000e+01	2.40459998e+01	9.88597117e+06	3.84779244e+05	3.14029555e-09	1.51067084e+00	3.14029555e-10	1.51067084e-01	-1.45757578e+05	2.77911390e-09
2.87000000e+01	2.41300768e+01	9.83976026e+06	3.82980635e+05	1.00000000e-09	1.67524770e+02	1.00000000e-10	1.67524770e+01	-1.61636831e+07	2.55500764e-09
2.88000000e+01	2.42141537e+01	9.79354936e+06	3.81182026e+05	1.00000000e-09	7.80345836e+00	1.00000000e-10	7.80345836e-01	-7.52919272e+05	2.34897319e-09
2.89000000e+01	2.42982306e+01	9.74733895e+06	3.79383436e+05	1.00000000e-09	1.00000000e-09	1.00000000e-10	1.00000000e-10	0.00000000e+00	2.15955324e-09
2.90000000e+01	2.43823075e+01	9.70112880e+06	3.77584856e+05	1.00000000e-09	1.00000000e-09	1.00000000e-10	1.00000000e-10	0.00000000e+00	1.98540802e-09
2.91000000e+01	2.44663844e+01	9.65491864e+06	3.75786276e+05	1.00000000e-09	1.69106653e+02	1.00000000e-10	1.69106653e+01	-1.63163116e+07	1.82530578e-09
2.92000000e+01	2.45504614e+01	9.60870848e+06	3.73987697e+05	1.00000000e-09	2.81928718e+01	1.00000000e-10	2.81928718e+00	-2.72019860e+06	1.67811410e-09
2.93000000e+01	2.46345383e+01	9.56249879e+06	3.72189135e+05	1.00000000e-09	1.00000000e-09	1.00000000e-10	1.00000000e-10	0.00000000e+00	1.54279187e-09
2.94000000e+01	2.47186152e+01	9.51628940e+06	3.70390585e+05	2.34153985e-09	1.00000000e-09	2.34153985e-10	1.00000000e-10	1.29438918e-04	1.41838196e-09
2.95000000e+01	2.48026921e+01	9.47008001e+06	3.68592035e+05	3.39524212e-09	1.68171152e+02	3.39524212e-10	1.68171152e+01	-1.62260495e+07	1.30400439e-09
2.96000000e+01	2.48867691e+01	9.42387062e+06	3.66793484e+05	3.36903412e-09	4.88791762e+01	3.36903412e-10	4.88791762e+00	-4.71612355e+06	1.19885018e-09
2.97000000e+01	2.49708460e+01	9.37766165e+06	3.64994951e+05	2.99025312e-09	1.00000000e-09	2.99025312e-10	1.00000000e-10	1.92030233e-04	1.10217554e-09
2.98000000e+01	2.50549229e+01	9.33145303e+06	3.63196431e+05	2.57468755e-09	1.00000000e-09	2.57468755e-10	1.00000000e-10	1.51934251e-04	1.01329669e-09
2.99000000e+01	2.51389998e+01	9.28524441e+06	3.61397911e+05	2.14711320e-09	1.64653384e+02	2.14711320e-10	1.64653384e+01	-1.58866365e+07	9.31584987e-10
3.00000000e+01	2.52230767e+01	9.23903579e+06	3.59599390e+05	1.71965115e-09	6.95397107e+01	1.71965115e-10	6.95397107e+00	-6.70956209e+06	8.56462471e-10
3.01000000e+01	2.53071537e+01	9.19282754e+06	3.57800885e+05	1.24707256e-09	1.00000000e-09	1.24707256e-10	1.00000000e-10	2.38388776e-05	7.87397794e-10
3.02000000e+01	2.53912306e+01	9.14661968e+06	3.56002394e+05	1.00000000e-09	1.00000000e-09	1.00000000e-10	1.00000000e-10	0.00000000e+00	7.23902457e-10
3.03000000e+01	2.54753075e+01	9.10041183e+06	3.54203904e+05	1.00000000e-09	1.58530171e+02	1.00000000e-10	1.58530171e+01	-1.52958362e+07	6.65527349e-10
3.04000000e+01	2.55593844e+01	9.05420397e+06	3.52405414e+05	1.00000000e-09	8.98432131e+01	1.00000000e-10	8.98432131e+00	-8.66855226e+06	6.11859579e-10
3.05000000e+01	2.56434614e+01	9.00799642e+06	3.50606935e+05	1.00000000e-09	1.00000000e-09	1.00000000e-10	1.00000000e-10	0.00000000e+00	5.62519549e-10
3.06000000e+01	2.57275383e+01	8.96178931e+06	3.48808474e+05	1.00000000e-09	1.00000000e-09	1.00000000e-10	1.00000000e-10	0.00000000e+00	5.17158273e-10
3.07000000e+01	2.58116152e+01	8.91558220e+06	3.47010012e+05	1.00000000e-09	1.49821441e+02	1.00000000e-10	1.49821441e+01	-1.44555715e+07	4.75454906e-10
3.08000000e+01	2.58956921e+01	8.86937508e+06	3.45211551e+05	1.00000000e-09	1.09455431e+02	1.00000000e-10	1.09455431e+01	-1.05608436e+07	4.37114476e-10
3.09000000e+01	2.59797690e+01	8.82316822e+06	3.43413099e+05	1.00000000e-09	1.00000000e-09	1.00000000e-10	1.00000000e-10	0.00000000e+00	4.01865798e-10
3.10000000e+01	2.60638460e+01	8.77696182e+06	3.41614665e+05	1.00000000e-09	1.00000000e-09	1.00000000e-10	1.00000000e-10	0.00000000e+00	3.69459555e-10
3.11000000e+01	2.61479229e+01	8.73075541e+06	3.39816232e+05	1.00000000e-09	1.38590872e+02	1.00000000e-10	1.38590872e+01	-1.33719863e+07	3.39666533e-10
3.12000000e+01	2.62319998e+01	8.68454901e+06	3.38017798e+05	1.00000000e-09	1.28044892e+02	1.00000000e-10	1.28044892e+01	-1.23544539e+07	3.12276006e-10
3.13000000e+01	2.63160767e+01	8.63834280e+06	3.36219371e+05	1.00000000e-09	1.00000000e-09	1.00000000e-10	1.00000000e-10	0.00000000e+00	2.87094235e-10
3.14000000e+01	2.64001537e+01	8.59213706e+06	3.34420963e+05	1.00000000e-09	1.00000000e-09	1.00000000e-10	1.00000000e-10	0.00000000e+00	2.63943109e-10
3.15000000e+01	2.64842306e+01	8.54593133e+06	3.32622556e+05	1.00000000e-09	1.24945753e+02	1.00000000e-10	1.24945753e+01	-1.20554324e+07	2.42658878e-10
3.16000000e+01	2.65683075e+01	8.49972559e+06	3.30824148e+05	1.00000000e-09	1.45288726e+02	1.00000000e-10	1.45288726e+01	-1.40182309e+07	2.23090996e-10
3.17000000e+01	2.66523844e+01	8.45351998e+06	3.29025745e+05	1.00000000e-09	1.00000000e-09	1.00000000e-10	1.00000000e-10	0.00000000e+00	2.05101057e-10
3.18000000e+01	2.67364614e+01	8.40731486e+06	3.27227361e+05	1.00000000e-09	1.00000000e-09	1.00000000e-10	1.00000000e-10	0.00000000e+00	1.88561817e-10
3.19000000e+01	2.68205383e+01	8.36110974e+06	3.25428977e+05	1.00000000e-09	1.09036063e+02	1.00000000e-10	1.09036063e+01	-1.05203807e+07	1.73356293e-10
3.20000000e+01	2.69046152e+01	8.31490461e+06	3.23630593e+05	1.00000000e-09	1.60878437e+02	1.00000000e-10	1.60878437e+01	-1.55224094e+07	1.59376934e-10
3.21000000e+01	2.69886921e+01	8.26869956e+06	3.21832211e+05	1.00000000e-09	1.00000000e-09	1.00000000e-10	1.00000000e-10	0.00000000e+00	1.46524863e-10
3.22000000e+01	2.70727690e+01	8.22249499e+06	3.20033849e+05	1.00000000e-09	1.00000000e-09	1.00000000e-10	1.00000000e-10	0.00000000e+00	1.34709176e-10
3.23000000e+01	2.71568460e+01	8.17629042e+06	3.18235486e+05	1.00000000e-09	9.10527654e+01	1.00000000e-10	9.10527654e+00	-8.78525631e+06	1.23846300e-10
3.24000000e+01	2.72409229e+01	8.13008585e+06	3.16437124e+05	1.00000000e-09	1.74525511e+02	1.00000000e-10	1.74525511e+01	-1.68391518e+07	1.13859401e-10
3.25000000e+01	2.73249998e+01	8.08388128e+06	3.14638762e+05	1.00000000e-09	1.00000000e-09	1.00000000e-10	1.00000000e-10	0.00000000e+00	1.04677839e-10
3.26000000e+01	2.74090767e+01	8.03767719e+06	3.12840418e+05	1.00000000e-09	1.00000000e-09	1.00000000e-10	1.00000000e-10	0.00000000e+00	9.62366743e-11
3.27000000e+01	2.74931537e+01	7.99147312e+06	3.11042075e+05	1.00000000e-09	7.10907836e+01	1.00000000e-10	7.10907836e+00	-6.85921787e+06	8.84762003e-11
3.28000000e+01	2.75772306e+01	7.94526906e+06	3.09243732e+05	1.00000000e-09	1.85959386e+02	1.00000000e-10	1.85959386e+01	-1.79423531e+07	8.13415267e-11
3.29000000e+01	2.76613075e+01	7.89906499e+06	3.07445389e+05	1.00000000e-09	1.00000000e-09	1.00000000e-10	1.00000000e-10	0.00000000e+00	7.47821894e-11
3.30000000e+01	2.77453844e+01	7.85286140e+06	3.05647065e+05	1.00000000e-09	1.00000000e-09	1.00000000e-10	1.00000000e-10	0.00000000e+00	6.87517936e-11
3.31000000e+01	2.78294613e+01	7.80665788e+06	3.03848743e+05	1.00000000e-09	4.95578288e+01	1.00000000e-10	4.95578288e+00	-4.78160357e+06	6.32076857e-11
3.32000000e+01	2.79135383e+01	7.76045437e+06	3.02050422e+05	1.00000000e-09	1.94960999e+02	1.00000000e-10	1.94960999e+01	-1.88108767e+07	5.81106517e-11
3.33000000e+01	2.79976152e+01	7.71425085e+06	3.00252101e+05	1.00000000e-09	1.00000000e-09	1.00000000e-10	1.00000000e-10	0.00000000e+00	5.34246397e-11
3.34000000e+01	2.80816921e+01	7.66804778e+06	2.98453797e+05	1.00000000e-09	1.00000000e-09	1.00000000e-10	1.00000000e-10	0.00000000e+00	4.91165053e-11
3.35000000e+01	2.81657690e+01	7.62184485e+06	2.96655498e+05	1.00000000e-09	2.67517312e+01	1.00000000e-10	2.67517312e+00	-2.58114967e+06	4.51557765e-11
3.36000000e+01	2.82498460e+01	7.57564192e+06	2.94857199e+05	1.00000000e-09	2.01332264e+02	1.00000000e-10	2.01332264e+01	-1.94256104e+07	4.15144388e-11
3.37000000e+01	2.83339229e+01	7.52943899e+06	2.93058901e+05	1.00000000e-09	1.00000000e-09	1.00000000e-10	1.00000000e-10	0.00000000e+00	3.81667366e-11
3.38000000e+01	2.84179998e+01	7.48323648e+06	2.91260618e+05	1.00000000e-09	1.00000000e-09	1.00000000e-10	1.00000000e-10	0.00000000e+00	3.50889914e-11
3.39000000e+01	2.85020767e+01	7.43703416e+06	2.89462343e+05	1.00000000e-09	2.99712058e+00	1.00000000e-10	2.99712058e-01	-2.89178174e+05	3.22594338e-11
3.40000000e+01	2.85861536e+01	7.39083184e+06	2.87664068e+05	1.00000000e-09	2.04913670e+02	1.00000000e-10	2.04913670e+01	-1.97711635e+07	2.96580503e-11
3.41000000e+01	2.86702306e+01	7.34462951e+06	2.85865793e+05	1.00000000e-09	8.39789257e+00	1.00000000e-10	8.39789257e-01	-8.10273453e+05	2.72664410e-11
3.42000000e+01	2.87543075e+01	7.29842757e+06	2.84067533e+05	1.00000000e-09	1.00000000e-09	1.00000000e-10	1.00000000e-10	0.00000000e+00	2.50676897e-11
3.43000000e+01	2.88383844e+01	7.25222587e+06	2.82269282e+05	1.00000000e-09	1.00000000e-09	1.00000000e-10	1.00000000e-10	0.00000000e+00	2.30462446e-11
3.44000000e+01	2.89224613e+01	7.20602417e+06	2.80471031e+05	1.00000000e-09	2.05587632e+02	1.00000000e-10	2.05587632e+01	-1.98361910e+07	2.11878078e-11
3.45000000e+01	2.90065383e+01	7.15982246e+06	2.78672781e+05	1.00000000e-09	3.27922123e+01	1.00000000e-10	3.27922123e+00	-3.16396750e+06	1.94792342e-11
3.46000000e+01	2.90906152e+01	7.11362110e+06	2.76874543e+05	1.00000000e-09	1.00000000e-09	1.00000000e-10	1.00000000e-10	0.00000000e+00	1.79084392e-11
3.47000000e+01	2.91746921e+01	7.06742001e+06	2.75076316e+05	1.00000000e-09	1.00000000e-09	1.00000000e-10	1.00000000e-10	0.00000000e+00	1.64643122e-11
3.48000000e+01	2.92587690e+01	7.02121893e+06	2.73278089e+05	1.00000000e-09	2.03281159e+02	1.00000000e-10	2.03281159e+01	-1.96136501e+07	1.51366389e-11
3.49000000e+01	2.93428459e+01	6.97501784e+06	2.71479862e+05	1.00000000e-09	5.72600648e+01	1.00000000e-10	5.72600648e+00	-5.52475637e+06	1.39160284e-11
3.50000000e+01	2.94269229e+01	6.92881705e+06	2.69681647e+05	1.00000000e-09	1.00000000e-09	1.00000000e-10	1.00000000e-10	0.00000000e+00	1.27938473e-11
3.51000000e+01	2.95109998e+01	6.88261657e+06	2.67883444e+05	1.00000000e-09	1.00000000e-09	1.00000000e-10	1.00000000e-10	0.00000000e+00	1.17621583e-11
3.52000000e+01	2.95950767e+01	6.83641609e+06	2.66085240e+05	1.00000000e-09	1.97961168e+02	1.00000000e-10	1.97961168e+01	-1.91003491e+07	1.08136641e-11
3.53000000e+01	2.96791536e+01	6.79021561e+06	2.64287037e+05	1.00000000e-09	8.14254849e+01	1.00000000e-10	8.14254849e+00	-7.85636495e+06	9.94165601e-12
3.54000000e+01	2.97632306e+01	6.74401537e+06	2.62488843e+05	1.00000000e-09	1.00000000e-09	1.00000000e-10	1.00000000e-10	0.00000000e+00	9.13996618e-12
3.55000000e+01	2.98473075e+01	6.69781547e+06	2.60690663e+05	1.00000000e-09	1.00000000e-09	1.00000000e-10	1.00000000e-10	0.00000000e+00	8.40292419e-12
3.56000000e+01	2.99313844e+01	6.65161558e+06	2.58892482e+05	1.00000000e-09	1.89649522e+02	1.00000000e-10	1.89649522e+01	-1.82983971e+07	7.72531687e-12
3.57000000e+01	3.00154613e+01	6.60541568e+06	2.57094301e+05	1.00000000e-09	1.04910780e+02	1.00000000e-10	1.04910780e+01	-1.01223514e+07	7.10235144e-12
3.58000000e+01	3.00995383e+01	6.55921597e+06	2.55296128e+05	1.00000000e-09	1.00000000e-09	1.00000000e-10	1.00000000e-10	0.00000000e+00	6.52962161e-12
3.59000000e+01	3.01836152e+01	6.51301662e+06	2.53497969e+05	1.00000000e-09	1.00000000e-09	1.00000000e-10	1.00000000e-10	0.00000000e+00	6.00307641e-12
3.60000000e+01	3.02676921e+01	6.46681727e+06	2.51699809e+05	1.00000000e-09	1.78416322e+02	1.00000000e-10	1.78416322e+01	-1.72145581e+07	5.51899153e-12
3.61000000e+01	3.03517690e+01	6.42061792e+06	2.49901650e+05	1.00000000e-09	1.27342672e+02	1.00000000e-10	1.27342672e+01	-1.22867000e+07	5.07394300e-12
3.62000000e+01	3.04358459e+01	6.37441870e+06	2.48103496e+05	1.00000000e-09	1.00000000e-09	1.00000000e-10	1.00000000e-10	0.00000000e+00	4.66478295e-12
3.63000000e+01	3.05199229e+01	6.32821985e+06	2.46305356e+05	1.00000000e-09	1.00000000e-09	1.00000000e-10	1.00000000e-10	0.00000000e+00	4.28861734e-12
3.64000000e+01	3.06039998e+01	6.28202100e+06	2.44507216e+05	1.00000000e-09	1.64379421e+02	1.00000000e-10	1.64379421e+01	-1.58602030e+07	3.94278553e-12
3.65000000e+01	3.06880767e+01	6.23582216e+06	2.42709077e+05	1.00000000e-09	1.48358525e+02	1.00000000e-10	1.48358525e+01	-1.43144216e+07	3.62484141e-12
3.66000000e+01	3.07721536e+01	6.18962339e+06	2.40910940e+05	1.00000000e-09	1.00000000e-09	1.00000000e-10	1.00000000e-10	0.00000000e+00	3.33253613e-12
3.67000000e+01	3.08562306e+01	6.14342499e+06	2.39112818e+05	1.00000000e-09	1.00000000e-09	1.00000000e-10	1.00000000e-10	0.00000000e+00	3.06380220e-12
3.68000000e+01	3.09403075e+01	6.09722660e+06	2.37314696e+05	1.00000000e-09	1.47703117e+02	1.00000000e-10	1.47703117e+01	-1.42511843e+07	2.81673882e-12
3.69000000e+01	3.10243844e+01	6.05102821e+06	2.35516574e+05	1.00000000e-09	1.67612448e+02	1.00000000e-10	1.67612448e+01	-1.61721427e+07	2.58959851e-12
3.70000000e+01	3.11084613e+01	6.00482983e+06	2.33718452e+05	1.00000000e-09	1.00000000e-09	1.00000000e-10	1.00000000e-10	0.00000000e+00	2.38077467e-12
3.71000000e+01	3.11925382e+01	5.95863183e+06	2.31920346e+05	1.00000000e-09	1.00000000e-09	1.00000000e-10	1.00000000e-10	0.00000000e+00	2.18879027e-12
3.72000000e+01	3.12766152e+01	5.91243384e+06	2.30122239e+05	1.00000000e-09	1.28541342e+02	1.00000000e-10	1.28541342e+01	-1.24023541e+07	2.01228739e-12
3.73000000e+01	3.13606921e+01	5.86623584e+06	2.28324133e+05	1.00000000e-09	1.84778140e+02	1.00000000e-10	1.84778140e+01	-1.78283802e+07	1.85001761e-12
3.74000000e+01	3.14447690e+01	5.82003785e+06	2.26526026e+05	1.00000000e-09	1.00000000e-09	1.00000000e-10	1.00000000e-10	0.00000000e+00	1.70083318e-12
3.75000000e+01	3.15288459e+01	5.77384023e+06	2.24727934e+05	1.00000000e-09	1.00000000e-09	1.00000000e-10	1.00000000e-10	0.00000000e+00	1.56367890e-12
3.76000000e+01	3.16129229e+01	5.72764267e+06	2.22929845e+05	1.00000000e-09	1.07112887e+02	1.00000000e-10	1.07112887e+01	-1.03348224e+07	1.43758467e-12
3.77000000e+01	3.16969998e+01	5.68144511e+06	2.21131755e+05	1.00000000e-09	1.99566306e+02	1.00000000e-10	1.99566306e+01	-1.92552213e+07	1.32165861e-12
3.78000000e+01	3.17810767e+01	5.63524755e+06	2.19333665e+05	1.00000000e-09	1.00000000e-09	1.00000000e-10	1.00000000e-10	0.00000000e+00	1.21508076e-12
3.79000000e+01	3.18651536e+01	5.58905034e+06	2.17535589e+05	1.00000000e-09	1.00000000e-09	1.00000000e-10	1.00000000e-10	0.00000000e+00	1.11709730e-12
3.80000000e+01	3.19492305e+01	5.54285324e+06	2.15737518e+05	1.00000000e-09	8.38005568e+01	1.00000000e-10	8.38005568e+00	-8.08552456e+06	1.02701517e-12
3.81000000e+01	3.20333075e+01	5.49665615e+06	2.13939446e+05	1.00000000e-09	2.11715260e+02	1.00000000e-10	2.11715260e+01	-2.04274172e+07	9.44197214e-13
3.82000000e+01	3.21173844e+01	5.45045905e+06	2.12141375e+05	1.00000000e-09	1.00000000e-09	1.00000000e-10	1.00000000e-10	0.00000000e+00	8.68057654e-13
3.83000000e+01	3.22014613e+01	5.40426228e+06	2.10343316e+05	1.00000000e-09	1.00000000e-09	1.00000000e-10	1.00000000e-10	0.00000000e+00	7.98057949e-13
3.84000000e+01	3.22855382e+01	5.35806567e+06	2.08545263e+05	1.00000000e-09	5.89273944e+01	1.00000000e-10	5.89273944e+00	-5.68562922e+06	7.33702982e-13
3.85000000e+01	3.23696152e+01	5.31186907e+06	2.06747211e+05	1.00000000e-09	2.21001068e+02	1.00000000e-10	2.21001068e+01	-2.13233614e+07	6.74537565e-13
3.86000000e+01	3.24536921e+01	5.26567246e+06	2.04949158e+05	1.00000000e-09	1.00000000e-09	1.00000000e-10	1.00000000e-10	0.00000000e+00	6.20143216e-13
3.87000000e+01	3.25377690e+01	5.21947615e+06	2.03151117e+05	1.00000000e-09	1.00000000e-09	1.00000000e-10	1.00000000e-10	0.00000000e+00	5.70135198e-13
3.88000000e+01	3.26218459e+01	5.17328004e+06	2.01353084e+05	1.00000000e-09	3.28449773e+01	1.00000000e-10	3.28449773e+00	-3.16905854e+06	5.24159800e-13
3.89000000e+01	3.27059228e+01	5.12708394e+06	1.99555051e+05	1.00000000e-09	2.27241562e+02	1.00000000e-10	2.27241562e+01	-2.19254775e+07	4.81891834e-13
3.90000000e+01	3.27899998e+01	5.08088783e+06	1.97757018e+05	1.00000000e-09	1.00000000e-09	1.00000000e-10	1.00000000e-10	0.00000000e+00	4.43032333e-13
3.91000000e+01	3.28740767e+01	5.03469199e+06	1.95958995e+05	1.00000000e-09	1.00000000e-09	1.00000000e-10	1.00000000e-10	0.00000000e+00	4.07306443e-13
3.92000000e+01	3.29581536e+01	4.98849639e+06	1.94160982e+05	1.00000000e-09	5.92834418e+00	1.00000000e-10	5.92834418e-01	-5.71998257e+05	3.74461468e-13
3.93000000e+01	3.30422305e+01	4.94230078e+06	1.92362968e+05	1.00000000e-09	2.30297697e+02	1.00000000e-10	2.30297697e+01	-2.22203498e+07	3.44265096e-13
3.94000000e+01	3.31263075e+01	4.89610518e+06	1.90564955e+05	1.00000000e-09	6.88010866e+00	1.00000000e-10	6.88010866e-01	-6.63829569e+05	3.16503742e-13
3.95000000e+01	3.32103844e+01	4.84990980e+06	1.88766950e+05	1.00000000e-09	1.00000000e-09	1.00000000e-10	1.00000000e-10	0.00000000e+00	2.90981049e-13
3.96000000e+01	3.32944613e+01	4.80371470e+06	1.86968956e+05	1.00000000e-09	1.00000000e-09	1.00000000e-10	1.00000000e-10	0.00000000e+00	2.67516493e-13
3.97000000e+01	3.33785382e+01	4.75751959e+06	1.85170962e+05	1.00000000e-09	2.30076157e+02	1.00000000e-10	2.30076157e+01	-2.21989744e+07	2.45944106e-13
3.98000000e+01	3.34626152e+01	4.71132449e+06	1.83372968e+05	1.00000000e-09	3.42258636e+01	1.00000000e-10	3.42258636e+00	-3.30229381e+06	2.26111304e-13
3.99000000e+01	3.35466921e+01	4.66512956e+06	1.81574981e+05	1.00000000e-09	1.00000000e-09	1.00000000e-10	1.00000000e-10	0.00000000e+00	2.07877809e-13
4.00000000e+01	3.36307690e+01	4.61893493e+06	1.79777005e+05	1.00000000e-09	1.00000000e-09	1.00000000e-10	1.00000000e-10	0.00000000e+00	1.91114654e-13
4.01000000e+01	3.37148459e+01	4.57274030e+06	1.77979030e+05	1.00000000e-09	2.26537960e+02	1.00000000e-10	2.26537960e+01	-2.18575903e+07	1.75703270e-13
4.02000000e+01	3.37989228e+01	4.52654568e+06	1.76181054e+05	1.00000000e-09	6.14240501e+01	1.00000000e-10	6.14240501e+00	-5.92651987e+06	1.61534652e-13
4.03000000e+01	3.38829998e+01	4.48035118e+06	1.74383084e+05	1.00000000e-09	1.00000000e-09	1.00000000e-10	1.00000000e-10	0.00000000e+00	1.48508584e-13
4.04000000e+01	3.39670767e+01	4.43415700e+06	1.72585126e+05	1.00000000e-09	1.00000000e-09	1.00000000e-10	1.00000000e-10	0.00000000e+00	1.36532931e-13
4.05000000e+01	3.40511536e+01	4.38796283e+06	1.70787168e+05	1.00000000e-09	2.19695002e+02	1.00000000e-10	2.19695002e+01	-2.11973452e+07	1.25522989e-13
4.06000000e+01	3.41352305e+01	4.34176865e+06	1.68989210e+05	1.00000000e-09	8.80660159e+01	1.00000000e-10	8.80660159e+00	-8.49707879e+06	1.15400882e-13
4.07000000e+01	3.42193075e+01	4.29557455e+06	1.67191255e+05	1.00000000e-09	1.00000000e-09	1.00000000e-10	1.00000000e-10	0.00000000e+00	1.06095016e-13
4.08000000e+01	3.43033844e+01	4.24938079e+06	1.65393313e+05	1.00000000e-09	1.00000000e-09	1.00000000e-10	1.00000000e-10	0.00000000e+00	9.75395708e-14
4.09000000e+01	3.43874613e+01	4.20318703e+06	1.63595372e+05	1.00000000e-09	2.09610265e+02	1.00000000e-10	2.09610265e+01	-2.02243160e+07	8.96740319e-14
4.10000000e+01	3.44715382e+01	4.15699327e+06	1.61797430e+05	1.00000000e-09	1.13747498e+02	1.00000000e-10	1.13747498e+01	-1.09749652e+07	8.24427658e-14
4.11000000e+01	3.45556151e+01	4.11079954e+06	1.59999489e+05	1.00000000e-09	1.00000000e-09	1.00000000e-10	1.00000000e-10	0.00000000e+00	7.57946252e-14
4.12000000e+01	3.46396921e+01	4.06460614e+06	1.58201562e+05	1.00000000e-09	1.00000000e-09	1.00000000e-10	1.00000000e-10	0.00000000e+00	6.96825871e-14
4.13000000e+01	3.47237690e+01	4.01841275e+06	1.56403634e+05	1.00000000e-09	1.96397211e+02	1.00000000e-10	1.96397211e+01	-1.89494501e+07	6.40634205e-14
4.14000000e+01	3.48078459e+01	3.97221936e+06	1.54605707e+05	1.00000000e-09	1.38075047e+02	1.00000000e-10	1.38075047e+01	-1.33222168e+07	5.88973804e-14
4.15000000e+01	3.48919228e+01	3.92602597e+06	1.52807780e+05	1.00000000e-09	1.00000000e-09	1.00000000e-10	1.00000000e-10	0.00000000e+00	5.41479271e-14
4.16000000e+01	3.49759998e+01	3.87983292e+06	1.51009866e+05	1.00000000e-09	1.00000000e-09	1.00000000e-10	1.00000000e-10	0.00000000e+00	4.97814672e-14
4.17000000e+01	3.50600767e+01	3.83363991e+06	1.49211953e+05	1.00000000e-09	1.80087821e+02	1.00000000e-10	1.80087821e+01	-1.73758332e+07	4.57671163e-14
4.18000000e+01	3.51441536e+01	3.78744690e+06	1.47414041e+05	1.00000000e-09	1.60669709e+02	1.00000000e-10	1.60669709e+01	-1.55022702e+07	4.20764804e-14
4.19000000e+01	3.52282305e+01	3.74125389e+06	1.45616128e+05	1.00000000e-09	1.00000000e-09	1.00000000e-10	1.00000000e-10	0.00000000e+00	3.86834555e-14
4.20000000e+01	3.53123074e+01	3.69506121e+06	1.43818228e+05	1.00000000e-09	1.00000000e-09	1.00000000e-10	1.00000000e-10	0.00000000e+00	3.55640423e-14
4.21000000e+01	3.53963844e+01	3.64886862e+06	1.42020332e+05	1.00000000e-09	1.61028218e+02	1.00000000e-10	1.61028218e+01	-1.55368611e+07	3.26961769e-14
4.22000000e+01	3.54804613e+01	3.60267603e+06	1.40222436e+05	1.00000000e-09	1.81177341e+02	1.00000000e-10	1.81177341e+01	-1.74809559e+07	3.00595747e-14
4.23000000e+01	3.55645382e+01	3.55648344e+06	1.38424540e+05	1.00000000e-09	1.00000000e-09	1.00000000e-10	1.00000000e-10	0.00000000e+00	2.76355866e-14
4.24000000e+01	3.56486151e+01	3.51029117e+06	1.36626656e+05	1.00000000e-09	1.00000000e-09	1.00000000e-10	1.00000000e-10	0.00000000e+00	2.54070677e-14
4.25000000e+01	3.57326921e+01	3.46409903e+06	1.34828777e+05	1.00000000e-09	1.39473965e+02	1.00000000e-10	1.39473965e+01	-1.34571919e+07	2.33582553e-14
4.26000000e+01	3.58167690e+01	3.41790689e+06	1.33030899e+05	1.00000000e-09	1.99273755e+02	1.00000000e-10	1.99273755e+01	-1.92269944e+07	2.14746581e-14
4.27000000e+01	3.59008459e+01	3.37171475e+06	1.31233020e+05	1.00000000e-09	1.00000000e-09	1.00000000e-10	1.00000000e-10	0.00000000e+00	1.97429531e-14
4.28000000e+01	3.59849228e+01	3.32552291e+06	1.29435153e+05	1.00000000e-09	1.00000000e-09	1.00000000e-10	1.00000000e-10	0.00000000e+00	1.81508919e-14
4.29000000e+01	3.60689997e+01	3.27933125e+06	1.27637293e+05	1.00000000e-09	1.15720505e+02	1.00000000e-10	1.15720505e+01	-1.11653313e+07	1.66872137e-14
4.30000000e+01	3.61530767e+01	3.23313958e+06	1.25839433e+05	1.00000000e-09	2.14668855e+02	1.00000000e-10	2.14668855e+01	-2.07123958e+07	1.53415657e-14
4.31000000e+01	3.62371536e+01	3.18694792e+06	1.24041573e+05	1.00000000e-09	1.00000000e-09	1.00000000e-10	1.00000000e-10	0.00000000e+00	1.41044300e-14
4.32000000e+01	3.63212305e+01	3.14075652e+06	1.22243723e+05	1.00000000e-09	1.00000000e-09	1.00000000e-10	1.00000000e-10	0.00000000e+00	1.29670563e-14
4.33000000e+01	3.64053074e+01	3.09456535e+06	1.20445882e+05	1.00000000e-09	9.00987827e+01	1.00000000e-10	9.00987827e+00	-8.69321097e+06	1.19213998e-14
4.34000000e+01	3.64893844e+01	3.04837417e+06	1.18648041e+05	1.00000000e-09	2.27111326e+02	1.00000000e-10	2.27111326e+01	-2.19129117e+07	1.09600645e-14
4.35000000e+01	3.65734613e+01	3.00218299e+06	1.16850199e+05	1.00000000e-09	1.00000000e-09	1.00000000e-10	1.00000000e-10	0.00000000e+00	1.00762507e-14
4.36000000e+01	3.66575382e+01	2.95599206e+06	1.15052368e+05	1.00000000e-09	1.00000000e-09	1.00000000e-10	1.00000000e-10	0.00000000e+00	9.26370726e-15
4.37000000e+01	3.67416151e+01	2.90980137e+06	1.13254546e+05	1.00000000e-09	6.29703095e+01	1.00000000e-10	6.29703095e+00	-6.07571123e+06	8.51668685e-15
4.38000000e+01	3.68256921e+01	2.86361069e+06	1.11456723e+05	1.00000000e-09	2.36392712e+02	1.00000000e-10	2.36392712e+01	-2.28084293e+07	7.82990577e-15
4.39000000e+01	3.69097690e+01	2.81742000e+06	1.09658901e+05	1.00000000e-09	1.00000000e-09	1.00000000e-10	1.00000000e-10	0.00000000e+00	7.19850635e-15
4.40000000e+01	3.69938459e+01	2.77122952e+06	1.07861087e+05	1.00000000e-09	1.00000000e-09	1.00000000e-10	1.00000000e-10	0.00000000e+00	6.61802264e-15
4.41000000e+01	3.70779228e+01	2.72503932e+06	1.06063284e+05	1.00000000e-09	3.47217286e+01	1.00000000e-10	3.47217286e+00	-3.35013751e+06	6.08434883e-15
4.42000000e+01	3.71619997e+01	2.67884912e+06	1.04265481e+05	1.00000000e-09	2.42350835e+02	1.00000000e-10	2.42350835e+01	-2.33833008e+07	5.59371018e-15
4.43000000e+01	3.72460767e+01	2.63265893e+06	1.02467678e+05	1.00000000e-09	1.00000000e-09	1.00000000e-10	1.00000000e-10	0.00000000e+00	5.14263638e-15
4.44000000e+01	3.73301536e+01	2.58646889e+06	1.00669881e+05	1.00000000e-09	1.00000000e-09	1.00000000e-10	1.00000000e-10	0.00000000e+00	4.72793693e-15
4.45000000e+01	3.74142305e+01	2.54027917e+06	9.88720968e+04	1.00000000e-09	5.75898252e+00	1.00000000e-10	5.75898252e-01	-5.55657341e+05	4.34667862e-15
4.46000000e+01	3.74983074e+01	2.49408944e+06	9.70743121e+04	1.00000000e-09	2.44872496e+02	1.00000000e-10	2.44872496e+01	-2.36266041e+07	3.99616478e-15
4.47000000e+01	3.75823844e+01	2.44789972e+06	9.52765274e+04	1.00000000e-09	7.86180856e+00	1.00000000e-10	7.86180856e-01	-7.58549210e+05	3.67391618e-15
4.48000000e+01	3.76664613e+01	2.40171012e+06	9.34787476e+04	1.00000000e-09	1.00000000e-09	1.00000000e-10	1.00000000e-10	0.00000000e+00	3.37765354e-15
4.49000000e+01	3.77505382e+01	2.35552084e+06	9.16809805e+04	1.00000000e-09	1.00000000e-09	1.00000000e-10	1.00000000e-10	0.00000000e+00	3.10528136e-15
4.50000000e+01	3.78346151e+01	2.30933157e+06	8.98832133e+04	1.00000000e-09	2.43895403e+02	1.00000000e-10	2.43895403e+01	-2.35323289e+07	2.85487313e-15
4.51000000e+01	3.79186920e+01	2.26314230e+06	8.80854462e+04	1.00000000e-09	3.70654035e+01	1.00000000e-10	3.70654035e+00	-3.57626777e+06	2.62465769e-15
4.52000000e+01	3.80027690e+01	2.21695310e+06	8.62876823e+04	1.00000000e-09	1.00000000e-09	1.00000000e-10	1.00000000e-10	0.00000000e+00	2.41300669e-15
4.53000000e+01	3.80868459e+01	2.17076425e+06	8.44899316e+04	1.00000000e-09	1.00000000e-09	1.00000000e-10	1.00000000e-10	0.00000000e+00	2.21842312e-15
4.54000000e+01	3.81709228e+01	2.12457540e+06	8.26921809e+04	1.00000000e-09	2.39409320e+02	1.00000000e-10	2.39409320e+01	-2.30994878e+07	2.03953067e-15
4.55000000e+01	3.82549997e+01	2.07838655e+06	8.08944302e+04	1.00000000e-09	6.59429665e+01	1.00000000e-10	6.59429665e+00	-6.36252903e+06	1.87506400e-15
4.56000000e+01	3.83390767e+01	2.03219773e+06	7.90966810e+04	1.00000000e-09	1.00000000e-09	1.00000000e-10	1.00000000e-10	0.00000000e+00	1.72385984e-15
4.57000000e+01	3.84231536e+01	1.98600927e+06	7.72989452e+04	1.00000000e-09	1.00000000e-09	1.00000000e-10	1.00000000e-10	0.00000000e+00	1.58484870e-15
4.58000000e+01	3.85072305e+01	1.93982080e+06	7.55012095e+04	1.00000000e-09	2.31456401e+02	1.00000000e-10	2.31456401e+01	-2.23321478e+07	1.45704735e-15
4.59000000e+01	3.85913074e+01	1.89363233e+06	7.37034738e+04	1.00000000e-09	9.40705996e+01	1.00000000e-10	9.40705996e+00	-9.07643305e+06	1.33955183e-15
4.60000000e+01	3.86753843e+01	1.84744386e+06	7.19057380e+04	1.00000000e-09	1.00000000e-09	1.00000000e-10	1.00000000e-10	0.00000000e+00	1.23153109e-15
4.61000000e+01	3.87594613e+01	1.80125574e+06	7.01080159e+04	1.00000000e-09	1.00000000e-09	1.00000000e-10	1.00000000e-10	0.00000000e+00	1.13222108e-15
4.62000000e+01	3.88435382e+01	1.75506765e+06	6.83102946e+04	1.00000000e-09	2.20035117e+02	1.00000000e-10	2.20035117e+01	-2.12301613e+07	1.04091937e-15
4.63000000e+01	3.89276151e+01	1.70887955e+06	6.65125733e+04	1.00000000e-09	1.21028606e+02	1.00000000e-10	1.21028606e+01	-1.16774852e+07	9.56980191e-16
4.64000000e+01	3.90116920e+01	1.66269146e+06	6.47148520e+04	1.00000000e-09	1.00000000e-09	1.00000000e-10	1.00000000e-10	0.00000000e+00	8.79809819e-16
4.65000000e+01	3.90957690e+01	1.61650370e+06	6.29171440e+04	1.00000000e-09	1.00000000e-09	1.00000000e-10	1.00000000e-10	0.00000000e+00	8.08862425e-16
4.66000000e+01	3.91798459e+01	1.57031601e+06	6.11194387e+04	1.00000000e-09	2.05390463e+02	1.00000000e-10	2.05390463e+01	-1.98171671e+07	7.43636191e-16
4.67000000e+01	3.92639228e+01	1.52412833e+06	5.93217333e+04	1.00000000e-09	1.46421458e+02	1.00000000e-10	1.46421458e+01	-1.41275230e+07	6.83669765e-16
4.68000000e+01	3.93479997e+01	1.47794064e+06	5.75240279e+04	1.00000000e-09	1.00000000e-09	1.00000000e-10	1.00000000e-10	0.00000000e+00	6.28539001e-16
4.69000000e+01	3.94320766e+01	1.43175328e+06	5.57263354e+04	1.00000000e-09	1.00000000e-09	1.00000000e-10	1.00000000e-10	0.00000000e+00	5.77853951e-16
4.70000000e+01	3.95161536e+01	1.38556603e+06	5.39286472e+04	1.00000000e-09	1.87717618e+02	1.00000000e-10	1.87717618e+01	-1.81119967e+07	5.31256117e-16
4.71000000e+01	3.96002305e+01	1.33937879e+06	5.21309589e+04	1.00000000e-09	1.69871276e+02	1.00000000e-10	1.69871276e+01	-1.63900865e+07	4.88415907e-16
4.72000000e+01	3.96843074e+01	1.29319154e+06	5.03332707e+04	1.00000000e-09	1.00000000e-09	1.00000000e-10	1.00000000e-10	0.00000000e+00	4.49030309e-16
4.73000000e+01	3.97683843e+01	1.24700461e+06	4.85355947e+04	1.00000000e-09	1.00000000e-09	1.00000000e-10	1.00000000e-10	0.00000000e+00	4.12820745e-16
4.74000000e+01	3.98524613e+01	1.20081782e+06	4.67379244e+04	1.00000000e-09	1.67257347e+02	1.00000000e-10	1.67257347e+01	-1.61378807e+07	3.79531100e-16
4.75000000e+01	3.99365382e+01	1.15463104e+06	4.49402542e+04	1.00000000e-09	1.91027402e+02	1.00000000e-10	1.91027402e+01	-1.84313424e+07	3.48925915e-16
4.76000000e+01	4.00206151e+01	1.10844425e+06	4.31425840e+04	1.00000000e-09	1.00000000e-09	1.00000000e-10	1.00000000e-10	0.00000000e+00	3.20788716e-16
4.77000000e+01	4.01046920e+01	1.06225776e+06	4.13449252e+04	1.00000000e-09	1.00000000e-09	1.00000000e-10	1.00000000e-10	0.00000000e+00	2.94920485e-16
4.78000000e+01	4.01887690e+01	1.01607146e+06	3.95472736e+04	1.00000000e-09	1.44292492e+02	1.00000000e-10	1.44292492e+01	-1.39221090e+07	2.71138254e-16
4.79000000e+01	4.02728459e+01	9.69885149e+05	3.77496220e+04	1.00000000e-09	2.09571724e+02	1.00000000e-10	2.09571724e+01	-2.02205974e+07	2.49273810e-16
4.80000000e+01	4.03569228e+01	9.23698843e+05	3.59519703e+04	1.00000000e-09	1.00000000e-09	1.00000000e-10	1.00000000e-10	0.00000000e+00	2.29172503e-16
4.81000000e+01	4.04409997e+01	8.77512805e+05	3.41543292e+04	1.00000000e-09	1.00000000e-09	1.00000000e-10	1.00000000e-10	0.00000000e+00	2.10692155e-16
4.82000000e+01	4.05250766e+01	8.31326984e+05	3.23566965e+04	1.00000000e-09	1.19143818e+02	1.00000000e-10	1.19143818e+01	-1.14956308e+07	1.93702052e-16
4.83000000e+01	4.06091536e+01	7.85141163e+05	3.05590638e+04	1.00000000e-09	2.25223508e+02	1.00000000e-10	2.25223508e+01	-2.17307649e+07	1.78082022e-16
4.84000000e+01	4.06932305e+01	7.38955343e+05	2.87614310e+04	1.00000000e-09	1.00000000e-09	1.00000000e-10	1.00000000e-10	0.00000000e+00	1.63721583e-16
4.85000000e+01	4.07773074e+01	6.92769761e+05	2.69638076e+04	1.00000000e-09	1.00000000e-09	1.00000000e-10	1.00000000e-10	0.00000000e+00	1.50519162e-16
4.86000000e+01	4.08613843e+01	6.46584425e+05	2.51661938e+04	1.00000000e-09	9.21652908e+01	1.00000000e-10	9.21652908e+00	-8.89259870e+06	1.38381377e-16
4.87000000e+01	4.09454613e+01	6.00399089e+05	2.33685800e+04	1.00000000e-09	2.37743658e+02	1.00000000e-10	2.37743658e+01	-2.29387758e+07	1.27222377e-16
4.88000000e+01	4.10295382e+01	5.54213754e+05	2.15709661e+04	1.00000000e-09	1.00000000e-09	1.00000000e-10	1.00000000e-10	0.00000000e+00	1.16963232e-16
4.89000000e+01	4.11136151e+01	5.08028623e+05	1.97733603e+04	1.00000000e-09	1.00000000e-09	1.00000000e-10	1.00000000e-10	0.00000000e+00	1.07531379e-16
4.90000000e+01	4.11976920e+01	4.61843764e+05	1.79757650e+04	1.00000000e-09	6.37388604e+01	1.00000000e-10	6.37388604e+00	-6.14986511e+06	9.88601065e-17
4.91000000e+01	4.12817689e+01	4.15658904e+05	1.61781697e+04	1.00000000e-09	2.46938352e+02	1.00000000e-10	2.46938352e+01	-2.38259289e+07	9.08880802e-17
4.92000000e+01	4.13658459e+01	3.69474045e+05	1.43805744e+04	1.00000000e-09	1.00000000e-09	1.00000000e-10	1.00000000e-10	0.00000000e+00	8.35589140e-17
4.93000000e+01	4.14499228e+01	3.23289355e+05	1.25829857e+04	1.00000000e-09	1.00000000e-09	1.00000000e-10	1.00000000e-10	0.00000000e+00	7.68207678e-17
4.94000000e+01	4.15339997e+01	2.77104955e+05	1.07854083e+04	1.00000000e-09	3.42688213e+01	1.00000000e-10	3.42688213e+00	-3.30643860e+06	7.06259821e-17
4.95000000e+01	4.16180766e+01	2.30920556e+05	8.98783089e+03	1.00000000e-09	2.52661993e+02	1.00000000e-10	2.52661993e+01	-2.43781763e+07	6.49307406e-17
4.96000000e+01	4.17021536e+01	1.84736157e+05	7.19025350e+03	1.00000000e-09	1.00000000e-09	1.00000000e-10	1.00000000e-10	0.00000000e+00	5.96947603e-17
4.97000000e+01	4.17862305e+01	1.38551888e+05	5.39268119e+03	1.00000000e-09	1.00000000e-09	1.00000000e-10	1.00000000e-10	0.00000000e+00	5.48810067e-17
4.98000000e+01	4.18703074e+01	9.23679254e+04	3.59512079e+03	1.00000000e-09	4.17584810e+00	1.00000000e-10	4.17584810e-01	-4.02908090e+05	5.04554316e-17
4.99000000e+01	4.19543843e+01	4.61839627e+04	1.79756040e+03	1.00000000e-09	2.54819431e+02	1.00000000e-10	2.54819431e+01	-2.45863375e+07	4.63867326e-17
5.00000000e+01	4.20384612e+01	0.00000000e+00	0.00000000e+00	1.00000000e+01	1.00000000e+01	1.00000000e+00	1.00000000e+00	0.00000000e+00	4.26461312e-17
