# 1D PNP Solver Results
# Debye length: 1.18939 nm
# Surface potential: 100 mV
# Bulk concentration: 10 mol/m^3
# Thermal voltage: 25.6926 mV
# Grid: non-uniform with stretching factor 1
#
# Columns:
# 1: x [nm]
# 2: x/lambda_D [-]
# 3: phi [mV]
# 4: phi_normalized = e*phi/(kB*T) [-]
# 5: c+ [mol/m^3]
# 6: c- [mol/m^3]
# 7: c+/c0 [-]
# 8: c-/c0 [-]
# 9: rho [C/m^3]
# 10: phi_GC [mV] (Gouy-Chapman analytical)
0.00000000e+00	0.00000000e+00	1.00000000e+02	3.89217445e+00	1.54662869e+04	9.32964913e+04	1.54662869e+03	9.32964913e+03	-7.50947312e+09	1.00000000e+02
1.00000000e-01	8.40769225e-02	-5.34198829e+04	-2.07919503e+03	1.00000000e-09	4.47876070e+03	1.00000000e-10	4.47876070e+02	-4.32134714e+08	8.70576373e+01
2.00000000e-01	1.68153845e-01	-1.06939766e+05	-4.16228224e+03	1.00000000e-09	1.00000000e-09	1.00000000e-10	1.00000000e-10	0.00000000e+00	7.68715638e+01
3.00000000e-01	2.52230767e-01	-1.60459649e+05	-6.24536945e+03	7.22098298e+02	1.00000000e-09	7.22098298e+01	1.00000000e-10	6.96718941e+07	6.85207345e+01
4.00000000e-01	3.36307690e-01	-2.14259995e+05	-8.33937278e+03	7.82553997e+03	9.21689707e+04	7.82553997e+02	9.21689707e+03	-8.13790393e+09	6.14862309e+01
5.00000000e-01	4.20384612e-01	-2.71194222e+05	-1.05553522e+04	1.00000000e-09	1.26139994e+04	1.00000000e-10	1.26139994e+03	-1.21706592e+09	5.54461690e+01
6.00000000e-01	5.04461535e-01	-3.28128450e+05	-1.27713317e+04	1.00000000e-09	1.00000000e-09	1.00000000e-10	1.00000000e-10	0.00000000e+00	5.01866549e+01
7.00000000e-01	5.88538457e-01	-3.85062677e+05	-1.49873111e+04	1.74152065e+03	1.00000000e-09	1.74152065e+02	1.00000000e-10	1.68031198e+08	4.55579535e+01
8.00000000e-01	6.72615380e-01	-4.42718058e+05	-1.72313591e+04	7.90648413e+03	8.97077008e+04	7.90648413e+02	8.97077008e+03	-7.89261756e+09	4.14508515e+01
9.00000000e-01	7.56692302e-01	-5.03762320e+05	-1.96073083e+04	1.00000000e-09	1.95935117e+04	1.00000000e-10	1.95935117e+03	-1.89048648e+09	3.77829914e+01
1.00000000e+00	8.40769225e-01	-5.64806583e+05	-2.19832575e+04	1.00000000e-09	1.00000000e-09	1.00000000e-10	1.00000000e-10	0.00000000e+00	3.44905241e+01
1.10000000e+00	9.24846147e-01	-6.25850845e+05	-2.43592067e+04	3.34816968e+03	1.00000000e-09	3.34816968e+02	1.00000000e-10	3.23049263e+08	3.15227780e+01
1.20000000e+00	1.00892307e+00	-6.88387973e+05	-2.67932608e+04	8.97677028e+03	8.58025882e+04	8.97677028e+02	8.58025882e+03	-7.41256456e+09	2.88387272e+01
1.30000000e+00	1.09299999e+00	-7.55107689e+05	-2.93901085e+04	1.00000000e-09	2.51757532e+04	1.00000000e-10	2.51757532e+03	-2.42909091e+09	2.64045776e+01
1.40000000e+00	1.17707691e+00	-8.21827405e+05	-3.19869563e+04	1.00000000e-09	1.00000000e-09	1.00000000e-10	1.00000000e-10	0.00000000e+00	2.41920729e+01
1.50000000e+00	1.26115384e+00	-8.88547122e+05	-3.45838040e+04	5.29838007e+03	1.00000000e-09	5.29838007e+02	1.00000000e-10	5.11215961e+08	2.21772778e+01
1.60000000e+00	1.34523076e+00	-9.57862472e+05	-3.72816784e+04	1.57237347e+04	8.06021337e+04	1.57237347e+03	8.06021337e+03	-6.25981387e+09	2.03396868e+01
1.70000000e+00	1.42930768e+00	-1.03548678e+06	-4.03029518e+04	9.76425752e+02	2.80658398e+04	9.76425752e+01	2.80658398e+03	-2.61373111e+09	1.86615585e+01
1.80000000e+00	1.51338460e+00	-1.11365762e+06	-4.33454974e+04	1.00000000e-09	1.00000000e-09	1.00000000e-10	1.00000000e-10	0.00000000e+00	1.71274116e+01
1.90000000e+00	1.59746153e+00	-1.19182846e+06	-4.63880430e+04	1.00000000e-09	1.00000000e-09	1.00000000e-10	1.00000000e-10	0.00000000e+00	1.57236358e+01
2.00000000e+00	1.68153845e+00	-1.26678343e+06	-4.93054210e+04	2.11143465e+03	6.93206082e+04	2.11143465e+02	6.93206082e+03	-6.48469943e+09	1.44381886e+01
2.10000000e+00	1.76561537e+00	-1.34045104e+06	-5.21726928e+04	3.88145533e+02	2.43420804e+04	3.88145533e+01	2.43420804e+03	-2.31120337e+09	1.32603556e+01
2.20000000e+00	1.84969229e+00	-1.41432458e+06	-5.50479799e+04	1.00000000e-09	1.00000000e-09	1.00000000e-10	1.00000000e-10	0.00000000e+00	1.21805577e+01
2.30000000e+00	1.93376922e+00	-1.48819812e+06	-5.79232671e+04	1.00000000e-09	1.00000000e-09	1.00000000e-10	1.00000000e-10	0.00000000e+00	1.11901960e+01
2.40000000e+00	2.01784614e+00	-1.56161510e+06	-6.07807839e+04	1.01008081e+03	6.60109560e+04	1.01008081e+02	6.60109560e+03	-6.27163103e+09	1.02815237e+01
2.50000000e+00	2.10192306e+00	-1.63337195e+06	-6.35736856e+04	2.83039574e+02	2.10730690e+04	2.83039574e+01	2.10730690e+03	-2.00593289e+09	9.44754093e+00
2.60000000e+00	2.18599998e+00	-1.70527508e+06	-6.63722809e+04	1.00000000e-09	1.00000000e-09	1.00000000e-10	1.00000000e-10	0.00000000e+00	8.68190590e+00
2.70000000e+00	2.27007691e+00	-1.77717821e+06	-6.91708763e+04	1.00000000e-09	1.00000000e-09	1.00000000e-10	1.00000000e-10	0.00000000e+00	7.97886054e+00
2.80000000e+00	2.35415383e+00	-1.84908134e+06	-7.19694716e+04	6.58001940e+02	6.42875329e+04	6.58001940e+01	6.42875329e+03	-6.13931643e+09	7.33316685e+00
2.90000000e+00	2.43823075e+00	-1.91937208e+06	-7.47053097e+04	2.41629221e+02	1.84414539e+04	2.41629221e+01	1.84414539e+03	-1.75601613e+09	6.74005227e+00
3.00000000e+00	2.52230767e+00	-1.98965037e+06	-7.74406632e+04	1.00000000e-09	1.00000000e-09	1.00000000e-10	1.00000000e-10	0.00000000e+00	6.19516235e+00
3.10000000e+00	2.60638460e+00	-2.05992865e+06	-8.01760166e+04	1.00000000e-09	1.00000000e-09	1.00000000e-10	1.00000000e-10	0.00000000e+00	5.69451955e+00
3.20000000e+00	2.69046152e+00	-2.13020694e+06	-8.29113701e+04	4.84693036e+02	6.34070415e+04	4.84693036e+01	6.34070415e+03	-6.07108369e+09	5.23448697e+00
3.30000000e+00	2.77453844e+00	-2.19897874e+06	-8.55880886e+04	2.22068011e+02	1.64156716e+04	2.22068011e+01	1.64156716e+03	-1.56244522e+09	4.81173646e+00
3.40000000e+00	2.85861536e+00	-2.26760148e+06	-8.82590056e+04	1.00000000e-09	1.00000000e-09	1.00000000e-10	1.00000000e-10	0.00000000e+00	4.42322017e+00
3.50000000e+00	2.94269229e+00	-2.33622423e+06	-9.09299226e+04	1.00000000e-09	1.00000000e-09	1.00000000e-10	1.00000000e-10	0.00000000e+00	4.06614534e+00
3.60000000e+00	3.02676921e+00	-2.40484698e+06	-9.36008396e+04	3.80782078e+02	6.32933175e+04	3.80782078e+01	6.32933175e+03	-6.07013688e+09	3.73795159e+00
3.70000000e+00	3.11084613e+00	-2.47207551e+06	-9.62174916e+04	2.12693306e+02	1.49692789e+04	2.12693306e+01	1.49692789e+03	-1.42379406e+09	3.43629058e+00
3.80000000e+00	3.19492305e+00	-2.53907784e+06	-9.88253388e+04	1.00000000e-09	1.00000000e-09	1.00000000e-10	1.00000000e-10	0.00000000e+00	3.15900770e+00
3.90000000e+00	3.27899998e+00	-2.60608016e+06	-1.01433186e+05	1.00000000e-09	1.00000000e-09	1.00000000e-10	1.00000000e-10	0.00000000e+00	2.90412542e+00
4.00000000e+00	3.36307690e+00	-2.67308248e+06	-1.04041033e+05	3.10592430e+02	6.36539111e+04	3.10592430e+01	6.36539111e+03	-6.11170114e+09	2.66982829e+00
4.10000000e+00	3.44715382e+00	-2.73879792e+06	-1.06598793e+05	2.09167750e+02	1.40859770e+04	2.09167750e+01	1.40859770e+03	-1.33890855e+09	2.45444929e+00
4.20000000e+00	3.53123074e+00	-2.80424089e+06	-1.09145948e+05	1.00000000e-09	1.00000000e-09	1.00000000e-10	1.00000000e-10	0.00000000e+00	2.25645740e+00
4.30000000e+00	3.61530767e+00	-2.86968387e+06	-1.11693102e+05	1.00000000e-09	1.00000000e-09	1.00000000e-10	1.00000000e-10	0.00000000e+00	2.07444628e+00
4.40000000e+00	3.69938459e+00	-2.93512685e+06	-1.14240257e+05	2.59072747e+02	6.43181165e+04	2.59072747e+01	6.43181165e+03	-6.18075811e+09	1.90712395e+00
4.50000000e+00	3.78346151e+00	-2.99938286e+06	-1.16741213e+05	2.09651083e+02	1.37561304e+04	2.09651083e+01	1.37561304e+03	-1.30703656e+09	1.75330334e+00
4.60000000e+00	3.86753843e+00	-3.06333797e+06	-1.19230458e+05	1.00000000e-09	1.00000000e-09	1.00000000e-10	1.00000000e-10	0.00000000e+00	1.61189369e+00
4.70000000e+00	3.95161536e+00	-3.12729307e+06	-1.21719702e+05	1.00000000e-09	1.00000000e-09	1.00000000e-10	1.00000000e-10	0.00000000e+00	1.48189263e+00
4.80000000e+00	4.03569228e+00	-3.19124818e+06	-1.24208946e+05	2.18650888e+02	6.51691449e+04	2.18650888e+01	6.51691449e+03	-6.26676998e+09	1.36237899e+00
4.90000000e+00	4.11976920e+00	-3.25410877e+06	-1.26655590e+05	2.13389609e+02	1.39734907e+04	2.13389609e+01	1.39734907e+03	-1.32764792e+09	1.25250612e+00
5.00000000e+00	4.20384612e+00	-3.31665101e+06	-1.29089843e+05	1.00000000e-09	1.00000000e-09	1.00000000e-10	1.00000000e-10	0.00000000e+00	1.15149587e+00
5.10000000e+00	4.28792305e+00	-3.37919324e+06	-1.31524096e+05	1.00000000e-09	1.00000000e-09	1.00000000e-10	1.00000000e-10	0.00000000e+00	1.05863300e+00
5.20000000e+00	4.37199997e+00	-3.44173547e+06	-1.33958349e+05	1.84890316e+02	6.61169019e+04	1.84890316e+01	6.61169019e+03	-6.36147204e+09	9.73260072e-01
5.30000000e+00	4.45607689e+00	-3.50326874e+06	-1.36353331e+05	2.20262591e+02	1.47328569e+04	2.20262591e+01	1.47328569e+03	-1.40025248e+09	8.94772759e-01
5.40000000e+00	4.54015381e+00	-3.56447337e+06	-1.38735522e+05	1.00000000e-09	1.00000000e-09	1.00000000e-10	1.00000000e-10	0.00000000e+00	8.22615544e-01
5.50000000e+00	4.62423074e+00	-3.62567799e+06	-1.41117713e+05	1.00000000e-09	1.00000000e-09	1.00000000e-10	1.00000000e-10	0.00000000e+00	7.56277766e-01
5.60000000e+00	4.70830766e+00	-3.68688262e+06	-1.43499903e+05	1.54615258e+02	6.70856549e+04	1.54615258e+01	6.70856549e+03	-6.45786359e+09	6.95289988e-01
5.70000000e+00	4.79238458e+00	-3.74715755e+06	-1.45845909e+05	2.30698909e+02	1.60285460e+04	2.30698909e+01	1.60285460e+03	-1.52426053e+09	6.39220665e-01
5.80000000e+00	4.87646150e+00	-3.80709845e+06	-1.48178913e+05	1.00000000e-09	1.00000000e-09	1.00000000e-10	1.00000000e-10	0.00000000e+00	5.87673079e-01
5.90000000e+00	4.96053843e+00	-3.86703935e+06	-1.50511917e+05	1.00000000e-09	1.00000000e-09	1.00000000e-10	1.00000000e-10	0.00000000e+00	5.40282524e-01
6.00000000e+00	5.04461535e+00	-3.92698024e+06	-1.52844922e+05	1.24586980e+02	6.80082562e+04	1.24586980e+01	6.80082562e+03	-6.54977837e+09	4.96713722e-01
6.10000000e+00	5.12869227e+00	-3.98606476e+06	-1.55144594e+05	2.45866359e+02	1.78536522e+04	2.45866359e+01	1.78536522e+03	-1.69889307e+09	4.56658442e-01
6.20000000e+00	5.21276919e+00	-4.04481332e+06	-1.57431191e+05	1.00000000e-09	1.00000000e-09	1.00000000e-10	1.00000000e-10	0.00000000e+00	4.19833321e-01
6.30000000e+00	5.29684612e+00	-4.10356187e+06	-1.59717787e+05	1.00000000e-09	1.00000000e-09	1.00000000e-10	1.00000000e-10	0.00000000e+00	3.85977854e-01
6.40000000e+00	5.38092304e+00	-4.16231043e+06	-1.62004383e+05	8.90168130e+01	6.88240717e+04	8.90168130e+00	6.88240717e+03	-6.63192460e+09	3.54852548e-01
6.50000000e+00	5.46499996e+00	-4.22026916e+06	-1.64260238e+05	2.68275817e+02	2.02005315e+04	2.68275817e+01	2.02005315e+03	-1.92317031e+09	3.26237227e-01
6.60000000e+00	5.54907688e+00	-4.27789234e+06	-1.66503032e+05	1.00000000e-09	1.00000000e-09	1.00000000e-10	1.00000000e-10	0.00000000e+00	2.99929475e-01
6.70000000e+00	5.63315381e+00	-4.33551551e+06	-1.68745827e+05	1.00000000e-09	1.00000000e-09	1.00000000e-10	1.00000000e-10	0.00000000e+00	2.75743201e-01
6.80000000e+00	5.71723073e+00	-4.39313869e+06	-1.70988622e+05	2.68835475e+01	6.94809149e+04	2.68835475e+00	6.94809149e+03	-6.70129528e+09	2.53507323e-01
6.90000000e+00	5.80130765e+00	-4.45002500e+06	-1.73202736e+05	3.02422919e+02	2.30651907e+04	3.02422919e+01	2.30651907e+03	-2.19627321e+09	2.33064554e-01
7.00000000e+00	5.88538457e+00	-4.50657538e+06	-1.75403776e+05	1.70132930e+01	1.00000000e-09	1.70132930e+00	1.00000000e-10	1.64153322e+06	2.14270296e-01
7.10000000e+00	5.96946150e+00	-4.56313273e+06	-1.77605086e+05	1.00000000e-09	1.00000000e-09	1.00000000e-10	1.00000000e-10	0.00000000e+00	1.96991610e-01
7.20000000e+00	6.05353842e+00	-4.61969007e+06	-1.79806397e+05	1.00000000e-09	6.99522732e+04	1.00000000e-10	6.99522732e+03	-6.74936832e+09	1.81106277e-01
7.30000000e+00	6.13761534e+00	-4.67557767e+06	-1.81981639e+05	7.02251002e+01	2.64347581e+04	7.02251002e+00	2.64347581e+03	-2.54379072e+09	1.66501937e-01
7.40000000e+00	6.22169226e+00	-4.73102301e+06	-1.84139669e+05	4.36179243e+02	1.00000000e-09	4.36179243e+01	1.00000000e-10	4.20848991e+07	1.53075289e-01
7.50000000e+00	6.30576919e+00	-4.78664353e+06	-1.86304517e+05	2.23953138e+02	1.00000000e-09	2.23953138e+01	1.00000000e-10	2.16081929e+07	1.40731363e-01
7.60000000e+00	6.38984611e+00	-4.84235422e+06	-1.88472874e+05	1.32728556e+01	7.02023267e+04	1.32728556e+00	7.02023267e+03	-6.77221418e+09	1.29382849e-01
7.70000000e+00	6.47392303e+00	-4.89748849e+06	-1.90618796e+05	1.61764780e+00	3.02591964e+04	1.61764780e-01	3.02591964e+03	-2.91941254e+09	1.18949475e-01
7.80000000e+00	6.55799995e+00	-4.95223611e+06	-1.92749669e+05	1.00000000e-09	1.00000000e-09	1.00000000e-10	1.00000000e-10	0.00000000e+00	1.09357445e-01
7.90000000e+00	6.64207688e+00	-5.00698373e+06	-1.94880541e+05	1.00000000e-09	1.00000000e-09	1.00000000e-10	1.00000000e-10	0.00000000e+00	1.00538914e-01
8.00000000e+00	6.72615380e+00	-5.06173135e+06	-1.97011414e+05	1.00000000e-09	6.97025764e+04	1.00000000e-10	6.97025764e+03	-6.72527623e+09	9.24315047e-02
8.10000000e+00	6.81023072e+00	-5.11590369e+06	-1.99119896e+05	5.17335608e-01	3.42624539e+04	5.17335608e-02	3.42624539e+03	-3.30577433e+09	8.49778740e-02
8.20000000e+00	6.89430764e+00	-5.16970770e+06	-2.01214042e+05	7.95275186e-02	1.00000000e-09	7.95275186e-03	1.00000000e-10	7.67323895e+03	7.81253008e-02
8.30000000e+00	6.97838457e+00	-5.22351174e+06	-2.03308189e+05	1.00000000e-09	1.00000000e-09	1.00000000e-10	1.00000000e-10	0.00000000e+00	7.18253161e-02
8.40000000e+00	7.06246149e+00	-5.27731577e+06	-2.05402336e+05	1.00000000e-09	6.86848011e+04	1.00000000e-10	6.86848011e+03	-6.62707585e+09	6.60333593e-02
8.50000000e+00	7.14653841e+00	-5.33054323e+06	-2.07474042e+05	9.35721475e-03	3.82862739e+04	9.35721475e-04	3.82862739e+03	-3.69406295e+09	6.07084632e-02
8.60000000e+00	7.23061533e+00	-5.38341867e+06	-2.09532046e+05	2.67934423e-03	1.00000000e-09	2.67934423e-04	1.00000000e-10	2.58517322e+02	5.58129641e-02
8.70000000e+00	7.31469226e+00	-5.43629410e+06	-2.11590050e+05	1.58319992e-03	1.00000000e-09	1.58319992e-04	1.00000000e-10	1.52755474e+02	5.13122357e-02
8.80000000e+00	7.39876918e+00	-5.48916954e+06	-2.13648054e+05	9.84180097e-04	6.71416983e+04	9.84180097e-05	6.71416983e+03	-6.47818896e+09	4.71744438e-02
8.90000000e+00	7.48284610e+00	-5.54145780e+06	-2.15683205e+05	1.00000000e-09	4.22366982e+04	1.00000000e-10	4.22366982e+03	-4.07522185e+09	4.33703214e-02
9.00000000e+00	7.56692302e+00	-5.59340773e+06	-2.17705187e+05	1.00000000e-09	1.00000000e-09	1.00000000e-10	1.00000000e-10	0.00000000e+00	3.98729614e-02
9.10000000e+00	7.65099995e+00	-5.64535766e+06	-2.19727169e+05	4.21946164e-05	1.00000000e-09	4.21946164e-06	1.00000000e-10	4.07106510e+00	3.66576268e-02
9.20000000e+00	7.73507687e+00	-5.69730760e+06	-2.21749151e+05	5.36529063e-04	6.50791381e+04	5.36529063e-05	6.50791381e+03	-6.27918220e+09	3.37015752e-02
9.30000000e+00	7.81915379e+00	-5.74865106e+06	-2.23747528e+05	5.35683233e-05	4.60196326e+04	5.35683233e-06	4.60196326e+03	-4.44021953e+09	3.09838980e-02
9.40000000e+00	7.90323071e+00	-5.79966547e+06	-2.25733097e+05	1.00000000e-09	1.00000000e-09	1.00000000e-10	1.00000000e-10	0.00000000e+00	2.84853728e-02
9.50000000e+00	7.98730764e+00	-5.85067987e+06	-2.27718667e+05	1.00000000e-09	1.00000000e-09	1.00000000e-10	1.00000000e-10	0.00000000e+00	2.61883275e-02
9.60000000e+00	8.07138456e+00	-5.90169427e+06	-2.29704237e+05	3.33801461e-04	6.25236302e+04	3.33801461e-05	6.25236302e+03	-6.03261319e+09	2.40765146e-02
9.70000000e+00	8.15546148e+00	-5.95207517e+06	-2.31665149e+05	2.80320987e-05	4.95442802e+04	2.80320987e-06	4.95442802e+03	-4.78029633e+09	2.21349973e-02
9.80000000e+00	8.23953840e+00	-6.00213035e+06	-2.33613384e+05	5.97790019e-06	1.00000000e-09	5.97790019e-07	1.00000000e-10	5.76683199e-01	2.03500429e-02
9.90000000e+00	8.32361533e+00	-6.05218552e+06	-2.35561618e+05	1.26111927e-05	1.00000000e-09	1.26111927e-06	1.00000000e-10	1.21669863e+00	1.87090262e-02
1.00000000e+01	8.40769225e+00	-6.10224069e+06	-2.37509853e+05	1.11766812e-05	5.95215963e+04	1.11766812e-06	5.95215963e+03	-5.74296098e+09	1.72003403e-02
1.01000000e+01	8.49176917e+00	-6.15162904e+06	-2.39432134e+05	1.00000000e-09	5.27268349e+04	1.00000000e-10	5.27268349e+03	-5.08736618e+09	1.58133140e-02
1.02000000e+01	8.57584609e+00	-6.20068784e+06	-2.41341588e+05	1.00000000e-09	1.00000000e-09	1.00000000e-10	1.00000000e-10	0.00000000e+00	1.45381368e-02
1.03000000e+01	8.65992302e+00	-6.24974663e+06	-2.43251042e+05	1.00000000e-09	1.00000000e-09	1.00000000e-10	1.00000000e-10	0.00000000e+00	1.33657892e-02
1.04000000e+01	8.74399994e+00	-6.29880543e+06	-2.45160496e+05	3.07454503e-06	5.61372923e+04	3.07454503e-07	5.61372923e+03	-5.41642529e+09	1.22879791e-02
1.05000000e+01	8.82807686e+00	-6.34715976e+06	-2.47042530e+05	6.03340947e-09	5.54939904e+04	6.03340947e-10	5.54939904e+03	-5.35435610e+09	1.12970830e-02
1.06000000e+01	8.91215378e+00	-6.39517276e+06	-2.48911280e+05	6.07014680e-09	1.00000000e-09	6.07014680e-10	1.00000000e-10	4.89194798e-04	1.03860923e-02
1.07000000e+01	8.99623071e+00	-6.44318576e+06	-2.50780030e+05	2.59164134e-06	1.00000000e-09	2.59164134e-07	1.00000000e-10	2.49958890e-01	9.54856333e-03
1.08000000e+01	9.08030763e+00	-6.49119876e+06	-2.52648780e+05	3.19784993e-06	5.24494508e+04	3.19784993e-07	5.24494508e+03	-5.06060268e+09	8.77857228e-03
1.09000000e+01	9.16438455e+00	-6.53846782e+06	-2.54488574e+05	1.14011513e-06	5.77862725e+04	1.14011513e-07	5.77862725e+03	-5.57552769e+09	8.07067289e-03
1.10000000e+01	9.24846147e+00	-6.58537824e+06	-2.56314409e+05	1.95413221e-07	1.00000000e-09	1.95413221e-08	1.00000000e-10	1.87580242e-02	7.41985814e-03
1.11000000e+01	9.33253840e+00	-6.63228866e+06	-2.58140245e+05	4.69772055e-08	1.00000000e-09	4.69772055e-09	1.00000000e-10	4.43612594e-03	6.82152474e-03
1.12000000e+01	9.41661532e+00	-6.67919909e+06	-2.59966080e+05	3.30246686e-08	4.85281062e+04	3.30246686e-09	4.85281062e+03	-4.68225044e+09	6.27144062e-03
1.13000000e+01	9.50069224e+00	-6.72532694e+06	-2.61761457e+05	1.05955287e-07	5.95575085e+04	1.05955287e-08	5.95575085e+03	-5.74642599e+09	5.76571500e-03
1.14000000e+01	9.58476916e+00	-6.77106802e+06	-2.63541779e+05	1.11889666e-07	1.00000000e-09	1.11889666e-08	1.00000000e-10	1.06992263e-02	5.30077082e-03
1.15000000e+01	9.66884609e+00	-6.81680910e+06	-2.65322102e+05	3.05982628e-08	1.00000000e-09	3.05982628e-09	1.00000000e-10	2.85579822e-03	4.87331949e-03
1.16000000e+01	9.75292301e+00	-6.86255018e+06	-2.67102425e+05	1.00000000e-09	4.44887184e+04	1.00000000e-10	4.44887184e+03	-4.29250877e+09	4.48033760e-03
1.17000000e+01	9.83699993e+00	-6.90747377e+06	-2.68850929e+05	1.00000000e-09	6.07814699e+04	1.00000000e-10	6.07814699e+03	-5.86452031e+09	4.11904557e-03
1.18000000e+01	9.92107685e+00	-6.95197170e+06	-2.70582866e+05	1.00000000e-09	1.00000000e-09	1.00000000e-10	1.00000000e-10	0.00000000e+00	3.78688794e-03
1.19000000e+01	1.00051538e+01	-6.99646963e+06	-2.72314803e+05	1.00000000e-09	1.00000000e-09	1.00000000e-10	1.00000000e-10	0.00000000e+00	3.48151531e-03
1.20000000e+01	1.00892307e+01	-7.04096756e+06	-2.74046741e+05	1.00000000e-09	4.04547181e+04	1.00000000e-10	4.04547181e+03	-3.90328691e+09	3.20076778e-03
1.21000000e+01	1.01733076e+01	-7.08461981e+06	-2.75745762e+05	1.00000000e-09	6.14551179e+04	1.00000000e-10	6.14551179e+03	-5.92951747e+09	2.94265957e-03
1.22000000e+01	1.02573845e+01	-7.12779736e+06	-2.77426307e+05	1.13805236e-09	1.00000000e-09	1.13805236e-10	1.00000000e-10	1.33200274e-05	2.70536508e-03
1.23000000e+01	1.03414615e+01	-7.17097490e+06	-2.79106853e+05	2.65175111e-08	1.00000000e-09	2.65175111e-09	1.00000000e-10	2.46206554e-03	2.48720588e-03
1.24000000e+01	1.04255384e+01	-7.21415244e+06	-2.80787398e+05	1.86438476e-08	3.65535133e+04	1.86438476e-09	3.65535133e+03	-3.52687787e+09	2.28663893e-03
1.25000000e+01	1.05096153e+01	-7.25646584e+06	-2.82434310e+05	1.00000000e-09	6.16018896e+04	1.00000000e-10	6.16018896e+03	-5.94367878e+09	2.10224558e-03
1.26000000e+01	1.05936922e+01	-7.29824654e+06	-2.84060487e+05	1.00000000e-09	1.00000000e-09	1.00000000e-10	1.00000000e-10	0.00000000e+00	1.93272162e-03
1.27000000e+01	1.06777692e+01	-7.34002724e+06	-2.85686665e+05	1.00000000e-09	1.00000000e-09	1.00000000e-10	1.00000000e-10	0.00000000e+00	1.77686798e-03
1.28000000e+01	1.07618461e+01	-7.38180794e+06	-2.87312843e+05	1.00000000e-09	3.29113367e+04	1.00000000e-10	3.29113367e+03	-3.17546126e+09	1.63358230e-03
1.29000000e+01	1.08459230e+01	-7.42271844e+06	-2.88905151e+05	1.00000000e-09	6.12745103e+04	1.00000000e-10	6.12745103e+03	-5.91209147e+09	1.50185109e-03
1.30000000e+01	1.09299999e+01	-7.46303128e+06	-2.90474197e+05	1.38312234e-08	1.00000000e-09	1.38312234e-09	1.00000000e-10	1.23802485e-03	1.38074262e-03
1.31000000e+01	1.10140768e+01	-7.50334412e+06	-2.92043243e+05	3.64270762e-09	1.00000000e-09	3.64270762e-10	1.00000000e-10	2.54982523e-04	1.26940027e-03
1.32000000e+01	1.10981538e+01	-7.54365696e+06	-2.93612289e+05	2.36742675e-09	2.96465316e+04	2.36742675e-10	2.96465316e+03	-2.86045545e+09	1.16703651e-03
1.33000000e+01	1.11822307e+01	-7.58310917e+06	-2.95147838e+05	4.64242335e-09	6.05638506e+04	4.64242335e-10	6.05638506e+03	-5.84352324e+09	1.07292731e-03
1.34000000e+01	1.12663076e+01	-7.62189463e+06	-2.96657435e+05	9.66181703e-09	1.00000000e-09	9.66181703e-10	1.00000000e-10	8.35738293e-04	9.86407027e-04
1.35000000e+01	1.13503845e+01	-7.66068008e+06	-2.98167033e+05	1.00000000e-09	1.00000000e-09	1.00000000e-10	1.00000000e-10	0.00000000e+00	9.06863691e-04
1.36000000e+01	1.14344615e+01	-7.69946553e+06	-2.99676630e+05	1.00000000e-09	2.68600980e+04	1.00000000e-10	2.68600980e+03	-2.59160547e+09	8.33734687e-04
1.37000000e+01	1.15185384e+01	-7.73741290e+06	-3.01153608e+05	1.00000000e-09	5.95708771e+04	1.00000000e-10	5.95708771e+03	-5.74771586e+09	7.66502767e-04
1.38000000e+01	1.16026153e+01	-7.77462338e+06	-3.02601905e+05	1.00000000e-09	1.00000000e-09	1.00000000e-10	1.00000000e-10	0.00000000e+00	7.04692393e-04
1.39000000e+01	1.16866922e+01	-7.81183386e+06	-3.04050202e+05	2.74608312e-09	1.00000000e-09	2.74608312e-10	1.00000000e-10	1.68471410e-04	6.47866374e-04
1.40000000e+01	1.17707691e+01	-7.84904434e+06	-3.05498498e+05	1.00000000e-09	2.46309398e+04	1.00000000e-10	2.46309398e+03	-2.37652440e+09	5.95622776e-04
1.41000000e+01	1.18548461e+01	-7.88544830e+06	-3.06915404e+05	1.00000000e-09	5.83992100e+04	1.00000000e-10	5.83992100e+03	-5.63466717e+09	5.47592073e-04
1.42000000e+01	1.19389230e+01	-7.92104759e+06	-3.08300991e+05	1.00000000e-09	1.00000000e-09	1.00000000e-10	1.00000000e-10	0.00000000e+00	5.03434541e-04
1.43000000e+01	1.20229999e+01	-7.95664689e+06	-3.09686577e+05	2.35441277e-09	1.00000000e-09	2.35441277e-10	1.00000000e-10	1.30680966e-04	4.62837848e-04
1.44000000e+01	1.21070768e+01	-7.99224618e+06	-3.11072164e+05	1.00000000e-09	2.30107892e+04	1.00000000e-10	2.30107892e+03	-2.22020364e+09	4.25514851e-04
1.45000000e+01	1.21911538e+01	-8.02707942e+06	-3.12427934e+05	1.00000000e-09	5.71772739e+04	1.00000000e-10	5.71772739e+03	-5.51676827e+09	3.91201561e-04
1.46000000e+01	1.22752307e+01	-8.06104642e+06	-3.13749989e+05	1.00000000e-09	1.00000000e-09	1.00000000e-10	1.00000000e-10	0.00000000e+00	3.59655276e-04
1.47000000e+01	1.23593076e+01	-8.09501342e+06	-3.15072044e+05	1.00000000e-09	1.00000000e-09	1.00000000e-10	1.00000000e-10	0.00000000e+00	3.30652866e-04
1.48000000e+01	1.24433845e+01	-8.12898042e+06	-3.16394099e+05	1.00000000e-09	2.20116720e+04	1.00000000e-10	2.20116720e+03	-2.12380348e+09	3.03989196e-04
1.49000000e+01	1.25274615e+01	-8.16223009e+06	-3.17688234e+05	1.00000000e-09	5.60545344e+04	1.00000000e-10	5.60545344e+03	-5.40844036e+09	2.79475669e-04
1.50000000e+01	1.26115384e+01	-8.19456222e+06	-3.18946657e+05	1.00000000e-09	1.00000000e-09	1.00000000e-10	1.00000000e-10	0.00000000e+00	2.56938901e-04
1.51000000e+01	1.26956153e+01	-8.22689436e+06	-3.20205080e+05	1.00000000e-09	1.00000000e-09	1.00000000e-10	1.00000000e-10	0.00000000e+00	2.36219485e-04
1.52000000e+01	1.27796922e+01	-8.25922649e+06	-3.21463503e+05	1.00000000e-09	2.15911506e+04	1.00000000e-10	2.15911506e+03	-2.08322934e+09	2.17170872e-04
1.53000000e+01	1.28637691e+01	-8.29089690e+06	-3.22696171e+05	1.00000000e-09	5.51921042e+04	1.00000000e-10	5.51921042e+03	-5.32522851e+09	1.99658328e-04
1.54000000e+01	1.29478461e+01	-8.32161267e+06	-3.23891682e+05	1.00000000e-09	1.00000000e-09	1.00000000e-10	1.00000000e-10	0.00000000e+00	1.83557987e-04
1.55000000e+01	1.30319230e+01	-8.35232843e+06	-3.25087193e+05	1.00000000e-09	1.00000000e-09	1.00000000e-10	1.00000000e-10	0.00000000e+00	1.68755969e-04
1.56000000e+01	1.31159999e+01	-8.38304420e+06	-3.26282705e+05	1.00000000e-09	2.16372913e+04	1.00000000e-10	2.16372913e+03	-2.08768124e+09	1.55147578e-04
1.57000000e+01	1.32000768e+01	-8.41315856e+06	-3.27454808e+05	1.00000000e-09	5.47456761e+04	1.00000000e-10	5.47456761e+03	-5.28215474e+09	1.42636560e-04
1.58000000e+01	1.32841538e+01	-8.44230019e+06	-3.28589051e+05	1.00000000e-09	1.00000000e-09	1.00000000e-10	1.00000000e-10	0.00000000e+00	1.31134424e-04
1.59000000e+01	1.33682307e+01	-8.47144182e+06	-3.29723294e+05	1.00000000e-09	1.00000000e-09	1.00000000e-10	1.00000000e-10	0.00000000e+00	1.20559814e-04
1.60000000e+01	1.34523076e+01	-8.50058345e+06	-3.30857537e+05	1.00000000e-09	2.19404706e+04	1.00000000e-10	2.19404706e+03	-2.11693359e+09	1.10837935e-04
1.61000000e+01	1.35363845e+01	-8.52918607e+06	-3.31970801e+05	1.00000000e-09	5.48396373e+04	1.00000000e-10	5.48396373e+03	-5.29122062e+09	1.01900023e-04
1.62000000e+01	1.36204614e+01	-8.55681273e+06	-3.33046079e+05	1.00000000e-09	1.00000000e-09	1.00000000e-10	1.00000000e-10	0.00000000e+00	9.36828597e-05
1.63000000e+01	1.37045384e+01	-8.58443940e+06	-3.34121357e+05	1.00000000e-09	1.00000000e-09	1.00000000e-10	1.00000000e-10	0.00000000e+00	8.61283240e-05
1.64000000e+01	1.37886153e+01	-8.61206606e+06	-3.35196635e+05	1.00000000e-09	2.22715463e+04	1.00000000e-10	2.22715463e+03	-2.14887755e+09	7.91829819e-05
1.65000000e+01	1.38726922e+01	-8.63921537e+06	-3.36253333e+05	1.00000000e-09	5.55497727e+04	1.00000000e-10	5.55497727e+03	-5.35973827e+09	7.27977085e-05
1.66000000e+01	1.39567691e+01	-8.66539500e+06	-3.37272290e+05	1.00000000e-09	1.00000000e-09	1.00000000e-10	1.00000000e-10	0.00000000e+00	6.69273402e-05
1.67000000e+01	1.40408461e+01	-8.69157464e+06	-3.38291247e+05	1.00000000e-09	1.00000000e-09	1.00000000e-10	1.00000000e-10	0.00000000e+00	6.15303552e-05
1.68000000e+01	1.41249230e+01	-8.71775427e+06	-3.39310204e+05	1.00000000e-09	2.24017766e+04	1.00000000e-10	2.24017766e+03	-2.16144285e+09	5.65685802e-05
1.69000000e+01	1.42089999e+01	-8.74351420e+06	-3.40312826e+05	1.00000000e-09	5.68845711e+04	1.00000000e-10	5.68845711e+03	-5.48852673e+09	5.20069201e-05
1.70000000e+01	1.42930768e+01	-8.76831983e+06	-3.41278304e+05	1.00000000e-09	1.00000000e-09	1.00000000e-10	1.00000000e-10	0.00000000e+00	4.78131098e-05
1.71000000e+01	1.43771537e+01	-8.79312545e+06	-3.42243782e+05	1.00000000e-09	1.00000000e-09	1.00000000e-10	1.00000000e-10	0.00000000e+00	4.39574862e-05
1.72000000e+01	1.44612307e+01	-8.81793108e+06	-3.43209260e+05	1.00000000e-09	2.20614693e+04	1.00000000e-10	2.20614693e+03	-2.12860819e+09	4.04127779e-05
1.73000000e+01	1.45453076e+01	-8.84236710e+06	-3.44160353e+05	1.00000000e-09	5.87561621e+04	1.00000000e-10	5.87561621e+03	-5.66910781e+09	3.71539131e-05
1.74000000e+01	1.46293845e+01	-8.86587222e+06	-3.45075213e+05	1.00000000e-09	1.00000000e-09	1.00000000e-10	1.00000000e-10	0.00000000e+00	3.41578414e-05
1.75000000e+01	1.47134614e+01	-8.88937735e+06	-3.45990074e+05	1.00000000e-09	1.00000000e-09	1.00000000e-10	1.00000000e-10	0.00000000e+00	3.14033713e-05
1.76000000e+01	1.47975384e+01	-8.91288247e+06	-3.46904934e+05	1.00000000e-09	2.09643375e+04	1.00000000e-10	2.09643375e+03	-2.02275106e+09	2.88710202e-05
1.77000000e+01	1.48816153e+01	-8.93605701e+06	-3.47806928e+05	1.00000000e-09	6.09555381e+04	1.00000000e-10	6.09555381e+03	-5.88131534e+09	2.65428765e-05
1.78000000e+01	1.49656922e+01	-8.95833030e+06	-3.48673843e+05	1.00000000e-09	1.00000000e-09	1.00000000e-10	1.00000000e-10	0.00000000e+00	2.44024731e-05
1.79000000e+01	1.50497691e+01	-8.98060359e+06	-3.49540758e+05	1.00000000e-09	1.00000000e-09	1.00000000e-10	1.00000000e-10	0.00000000e+00	2.24346707e-05
1.80000000e+01	1.51338460e+01	-9.00287688e+06	-3.50407674e+05	1.00000000e-09	1.88491735e+04	1.00000000e-10	1.88491735e+03	-1.81866876e+09	2.06255509e-05
1.81000000e+01	1.52179230e+01	-9.02484458e+06	-3.51262695e+05	1.00000000e-09	6.31399571e+04	1.00000000e-10	6.31399571e+03	-6.09207973e+09	1.89623175e-05
1.82000000e+01	1.53019999e+01	-9.04594423e+06	-3.52083930e+05	1.00000000e-09	1.00000000e-09	1.00000000e-10	1.00000000e-10	0.00000000e+00	1.74332063e-05
1.83000000e+01	1.53860768e+01	-9.06704389e+06	-3.52905165e+05	1.00000000e-09	1.00000000e-09	1.00000000e-10	1.00000000e-10	0.00000000e+00	1.60274019e-05
1.84000000e+01	1.54701537e+01	-9.08814354e+06	-3.53726401e+05	1.00000000e-09	1.55380701e+04	1.00000000e-10	1.55380701e+03	-1.49919586e+09	1.47349607e-05
1.85000000e+01	1.55542307e+01	-9.10895283e+06	-3.54536335e+05	1.00000000e-09	6.49024857e+04	1.00000000e-10	6.49024857e+03	-6.26213789e+09	1.35467414e-05
1.86000000e+01	1.56383076e+01	-9.12892759e+06	-3.55313787e+05	1.00000000e-09	1.00000000e-09	1.00000000e-10	1.00000000e-10	0.00000000e+00	1.24543394e-05
1.87000000e+01	1.57223845e+01	-9.14890235e+06	-3.56091240e+05	1.00000000e-09	1.00000000e-09	1.00000000e-10	1.00000000e-10	0.00000000e+00	1.14500281e-05
1.88000000e+01	1.58064614e+01	-9.16887710e+06	-3.56868692e+05	1.00000000e-09	1.09863992e+04	1.00000000e-10	1.09863992e+03	-1.06002637e+09	1.05267039e-05
1.89000000e+01	1.58905384e+01	-9.18855644e+06	-3.57634646e+05	1.00000000e-09	6.56305983e+04	1.00000000e-10	6.56305983e+03	-6.33239007e+09	9.67783615e-06
1.90000000e+01	1.59746153e+01	-9.20743121e+06	-3.58369285e+05	1.00000000e-09	1.00000000e-09	1.00000000e-10	1.00000000e-10	0.00000000e+00	8.89742061e-06
1.91000000e+01	1.60586922e+01	-9.22630597e+06	-3.59103924e+05	1.00000000e-09	1.00000000e-09	1.00000000e-10	1.00000000e-10	0.00000000e+00	8.17993736e-06
1.92000000e+01	1.61427691e+01	-9.24518073e+06	-3.59838562e+05	1.00000000e-09	5.37745965e+03	1.00000000e-10	5.37745965e+02	-5.18845980e+08	7.52031158e-06
1.93000000e+01	1.62268460e+01	-9.26373500e+06	-3.60560727e+05	1.00000000e-09	6.46408549e+04	1.00000000e-10	6.46408549e+03	-6.23689435e+09	6.91387767e-06
1.94000000e+01	1.63109230e+01	-9.28150676e+06	-3.61252435e+05	1.00000000e-09	1.00000000e-09	1.00000000e-10	1.00000000e-10	0.00000000e+00	6.35634627e-06
1.95000000e+01	1.63949999e+01	-9.29927853e+06	-3.61944143e+05	1.00000000e-09	1.00000000e-09	1.00000000e-10	1.00000000e-10	0.00000000e+00	5.84377390e-06
1.96000000e+01	1.64790768e+01	-9.31705029e+06	-3.62635851e+05	1.00000000e-09	1.00000000e-09	1.00000000e-10	1.00000000e-10	0.00000000e+00	5.37253509e-06
1.97000000e+01	1.65631537e+01	-9.33445811e+06	-3.63313394e+05	1.00000000e-09	6.12469966e+04	1.00000000e-10	6.12469966e+03	-5.90943681e+09	4.93929673e-06
1.98000000e+01	1.66472307e+01	-9.35109321e+06	-3.63960861e+05	1.00000000e-09	1.00000000e-09	1.00000000e-10	1.00000000e-10	0.00000000e+00	4.54099448e-06
1.99000000e+01	1.67313076e+01	-9.36772830e+06	-3.64608327e+05	1.00000000e-09	1.00000000e-09	1.00000000e-10	1.00000000e-10	0.00000000e+00	4.17481111e-06
2.00000000e+01	1.68153845e+01	-9.38436340e+06	-3.65255794e+05	1.00000000e-09	1.00000000e-09	1.00000000e-10	1.00000000e-10	0.00000000e+00	3.83815657e-06
2.01000000e+01	1.68994614e+01	-9.40057612e+06	-3.65886822e+05	1.00000000e-09	5.48636446e+04	1.00000000e-10	5.48636446e+03	-5.29353697e+09	3.52864967e-06
2.02000000e+01	1.69835383e+01	-9.41600980e+06	-3.66487527e+05	1.00000000e-09	1.87155354e+03	1.00000000e-10	1.87155354e+02	-1.80577465e+08	3.24410125e-06
2.03000000e+01	1.70676153e+01	-9.43144348e+06	-3.67088233e+05	1.00000000e-09	1.00000000e-09	1.00000000e-10	1.00000000e-10	0.00000000e+00	2.98249865e-06
2.04000000e+01	1.71516922e+01	-9.44687715e+06	-3.67688939e+05	1.00000000e-09	1.00000000e-09	1.00000000e-10	1.00000000e-10	0.00000000e+00	2.74199155e-06
2.05000000e+01	1.72357691e+01	-9.46182052e+06	-3.68270561e+05	1.00000000e-09	4.51756126e+04	1.00000000e-10	4.51756126e+03	-4.35878399e+09	2.52087882e-06
2.06000000e+01	1.73198460e+01	-9.47596814e+06	-3.68821211e+05	1.00000000e-09	3.85931799e+03	1.00000000e-10	3.85931799e+02	-3.72367578e+08	2.31759650e-06
2.07000000e+01	1.74039230e+01	-9.49011576e+06	-3.69371861e+05	1.00000000e-09	1.00000000e-09	1.00000000e-10	1.00000000e-10	0.00000000e+00	2.13070675e-06
2.08000000e+01	1.74879999e+01	-9.50426338e+06	-3.69922511e+05	1.00000000e-09	1.00000000e-09	1.00000000e-10	1.00000000e-10	0.00000000e+00	1.95888770e-06
2.09000000e+01	1.75720768e+01	-9.51785117e+06	-3.70451371e+05	1.00000000e-09	3.23933732e+04	1.00000000e-10	3.23933732e+03	-3.12548538e+09	1.80092404e-06
2.10000000e+01	1.76561537e+01	-9.53059200e+06	-3.70947267e+05	1.00000000e-09	4.53862682e+02	1.00000000e-10	4.53862682e+01	-4.37910916e+07	1.65569849e-06
2.11000000e+01	1.77402306e+01	-9.54333283e+06	-3.71443162e+05	1.00000000e-09	1.00000000e-09	1.00000000e-10	1.00000000e-10	0.00000000e+00	1.52218384e-06
2.12000000e+01	1.78243076e+01	-9.55607366e+06	-3.71939057e+05	1.00000000e-09	1.00000000e-09	1.00000000e-10	1.00000000e-10	0.00000000e+00	1.39943575e-06
2.13000000e+01	1.79083845e+01	-9.56819281e+06	-3.72410756e+05	1.00000000e-09	1.79682518e+04	1.00000000e-10	1.79682518e+03	-1.73367274e+09	1.28658600e-06
2.14000000e+01	1.79924614e+01	-9.57937719e+06	-3.72846071e+05	1.00000000e-09	1.00000000e-09	1.00000000e-10	1.00000000e-10	0.00000000e+00	1.18283639e-06
2.15000000e+01	1.80765383e+01	-9.59056157e+06	-3.73281387e+05	1.00000000e-09	1.00000000e-09	1.00000000e-10	1.00000000e-10	0.00000000e+00	1.08745310e-06
2.16000000e+01	1.81606153e+01	-9.60174595e+06	-3.73716703e+05	1.00000000e-09	7.20970994e+03	1.00000000e-10	7.20970994e+02	-6.95631258e+08	9.99761460e-07
2.17000000e+01	1.82446922e+01	-9.61226550e+06	-3.74126142e+05	1.00000000e-09	5.90697399e+03	1.00000000e-10	5.90697399e+02	-5.69936347e+08	9.19141229e-07
2.18000000e+01	1.83287691e+01	-9.62172584e+06	-3.74494355e+05	1.00000000e-09	1.00000000e-09	1.00000000e-10	1.00000000e-10	0.00000000e+00	8.45022171e-07
2.19000000e+01	1.84128460e+01	-9.63118617e+06	-3.74862567e+05	1.00000000e-09	1.00000000e-09	1.00000000e-10	1.00000000e-10	0.00000000e+00	7.76880034e-07
2.20000000e+01	1.84969229e+01	-9.64064651e+06	-3.75230780e+05	1.00000000e-09	3.36766596e+04	1.00000000e-10	3.36766596e+03	-3.24930368e+09	7.14232843e-07
2.21000000e+01	1.85809999e+01	-9.64942941e+06	-3.75572626e+05	1.00000000e-09	5.53399883e+03	1.00000000e-10	5.53399883e+02	-5.33949715e+08	6.56637488e-07
2.22000000e+01	1.86650768e+01	-9.65699538e+06	-3.75867107e+05	1.00000000e-09	1.00000000e-09	1.00000000e-10	1.00000000e-10	0.00000000e+00	6.03686592e-07
2.23000000e+01	1.87491537e+01	-9.66456135e+06	-3.76161588e+05	1.00000000e-09	1.00000000e-09	1.00000000e-10	1.00000000e-10	0.00000000e+00	5.55005627e-07
2.24000000e+01	1.88332306e+01	-9.67212732e+06	-3.76456068e+05	1.00000000e-09	7.13028456e+04	1.00000000e-10	7.13028456e+03	-6.87967874e+09	5.10250270e-07
2.25000000e+01	1.89173076e+01	-9.67904453e+06	-3.76725298e+05	1.00000000e-09	3.67262175e+04	1.00000000e-10	3.67262175e+03	-3.54354129e+09	4.69103960e-07
2.26000000e+01	1.90013845e+01	-9.68456186e+06	-3.76940042e+05	1.00000000e-09	1.00000000e-09	1.00000000e-10	1.00000000e-10	0.00000000e+00	4.31275667e-07
2.27000000e+01	1.90854614e+01	-9.69007920e+06	-3.77154787e+05	1.00000000e-09	1.00000000e-09	1.00000000e-10	1.00000000e-10	0.00000000e+00	3.96497828e-07
2.28000000e+01	1.91695383e+01	-9.69559653e+06	-3.77369531e+05	1.00000000e-09	9.57314979e+04	1.00000000e-10	9.57314979e+03	-9.23668537e+09	3.64524455e-07
2.29000000e+01	1.92536153e+01	-9.70055055e+06	-3.77562350e+05	1.00000000e-09	1.33100023e+05	1.00000000e-10	1.33100023e+04	-1.28421999e+10	3.35129397e-07
2.30000000e+01	1.93376922e+01	-9.70390963e+06	-3.77693091e+05	1.00000000e-09	1.00000000e-09	1.00000000e-10	1.00000000e-10	0.00000000e+00	3.08104742e-07
2.31000000e+01	1.94217691e+01	-9.70726871e+06	-3.77823832e+05	1.00000000e-09	1.00000000e-09	1.00000000e-10	1.00000000e-10	0.00000000e+00	2.83259340e-07
2.32000000e+01	1.95058460e+01	-9.71062779e+06	-3.77954574e+05	1.00000000e-09	1.00000000e-09	1.00000000e-10	1.00000000e-10	0.00000000e+00	2.60417458e-07
2.33000000e+01	1.95899229e+01	-9.71355013e+06	-3.78068316e+05	1.00000000e-09	2.37314154e+05	1.00000000e-10	2.37314154e+04	-2.28973350e+10	2.39417533e-07
2.34000000e+01	1.96739999e+01	-9.71468507e+06	-3.78112490e+05	1.00000000e-09	1.68158931e+05	1.00000000e-10	1.68158931e+04	-1.62248703e+10	2.20111031e-07
2.35000000e+01	1.97580768e+01	-9.71582001e+06	-3.78156664e+05	1.00000000e-09	1.43361674e+05	1.00000000e-10	1.43361674e+04	-1.38322987e+10	2.02361395e-07
2.36000000e+01	1.98421537e+01	-9.71695495e+06	-3.78200838e+05	1.00000000e-09	1.56381215e+05	1.00000000e-10	1.56381215e+04	-1.50884935e+10	1.86043080e-07
2.37000000e+01	1.99262306e+01	-9.71782621e+06	-3.78234749e+05	9.77651150e+00	1.88778433e+05	9.77651150e-01	1.88778433e+04	-1.82134066e+10	1.71040665e-07
2.38000000e+01	2.00103076e+01	-9.71674000e+06	-3.78192472e+05	3.09666193e+01	1.00000000e-09	3.09666193e+00	1.00000000e-10	2.98782455e+06	1.57248037e-07
2.39000000e+01	2.00943845e+01	-9.71565379e+06	-3.78150194e+05	6.34700517e+01	1.00000000e-09	6.34700517e+00	1.00000000e-10	6.12392902e+06	1.44567640e-07
2.40000000e+01	2.01784614e+01	-9.71456758e+06	-3.78107917e+05	1.19161591e+02	2.44083704e+03	1.19161591e+01	2.44083704e+02	-2.24007627e+08	1.32909782e-07
2.41000000e+01	2.02625383e+01	-9.71344010e+06	-3.78064034e+05	2.10395117e+02	8.52493930e+04	2.10395117e+01	8.52493930e+03	-8.20501596e+09	1.22192009e-07
2.42000000e+01	2.03466152e+01	-9.71023218e+06	-3.77939176e+05	1.26626464e+02	5.17330248e+02	1.26626464e+01	5.17330248e+01	-3.76971844e+07	1.12338510e-07
2.43000000e+01	2.04306922e+01	-9.70700780e+06	-3.77813677e+05	1.00000000e-09	1.00000000e-09	1.00000000e-10	1.00000000e-10	0.00000000e+00	1.03279593e-07
2.44000000e+01	2.05147691e+01	-9.70378342e+06	-3.77688179e+05	1.00000000e-09	1.00000000e-09	1.00000000e-10	1.00000000e-10	0.00000000e+00	9.49511815e-08
2.45000000e+01	2.05988460e+01	-9.70055904e+06	-3.77562680e+05	1.00000000e-09	5.40578314e+04	1.00000000e-10	5.40578314e+03	-5.21578782e+09	8.72943689e-08
2.46000000e+01	2.06829229e+01	-9.69520466e+06	-3.77354279e+05	9.88571331e+01	6.06344412e+03	9.88571331e+00	6.06344412e+02	-5.75495156e+08	8.02549976e-08
2.47000000e+01	2.07669999e+01	-9.68955948e+06	-3.77134558e+05	1.03150307e+02	1.00000000e-09	1.03150307e+01	1.00000000e-10	9.95249163e+06	7.37832774e-08
2.48000000e+01	2.08510768e+01	-9.68391431e+06	-3.76914838e+05	1.00000000e-09	1.00000000e-09	1.00000000e-10	1.00000000e-10	0.00000000e+00	6.78334333e-08
2.49000000e+01	2.09351537e+01	-9.67826913e+06	-3.76695118e+05	1.00000000e-09	3.72009260e+04	1.00000000e-10	3.72009260e+03	-3.58934370e+09	6.23633815e-08
2.50000000e+01	2.10192306e+01	-9.67052573e+06	-3.76393732e+05	1.00000000e-09	9.07883920e+03	1.00000000e-10	9.07883920e+02	-8.75974815e+08	5.73344317e-08
2.51000000e+01	2.11033075e+01	-9.66218373e+06	-3.76069046e+05	1.16379390e+02	1.00000000e-09	1.16379390e+01	1.00000000e-10	1.12289041e+07	5.27110137e-08
2.52000000e+01	2.11873845e+01	-9.65384172e+06	-3.75744361e+05	4.00634215e+01	1.00000000e-09	4.00634215e+00	1.00000000e-10	3.86553253e+06	4.84604257e-08
2.53000000e+01	2.12714614e+01	-9.64549972e+06	-3.75419676e+05	1.00000000e-09	2.70125287e+04	1.00000000e-10	2.70125287e+03	-2.60631280e+09	4.45526029e-08
2.54000000e+01	2.13555383e+01	-9.63512549e+06	-3.75015892e+05	1.00000000e-09	1.08454331e+04	1.00000000e-10	1.08454331e+03	-1.04642521e+09	4.09599048e-08
2.55000000e+01	2.14396152e+01	-9.62382179e+06	-3.74575933e+05	8.23065132e+01	1.00000000e-09	8.23065132e+00	1.00000000e-10	7.94137126e+06	3.76569199e-08
2.56000000e+01	2.15236922e+01	-9.61251810e+06	-3.74135973e+05	7.66894248e+01	1.00000000e-09	7.66894248e+00	1.00000000e-10	7.39940462e+06	3.46202860e-08
2.57000000e+01	2.16077691e+01	-9.60121440e+06	-3.73696014e+05	1.00000000e-09	2.00596489e+04	1.00000000e-10	2.00596489e+03	-1.93546189e+09	3.18285246e-08
2.58000000e+01	2.16918460e+01	-9.58798946e+06	-3.73181276e+05	1.00000000e-09	1.18034749e+04	1.00000000e-10	1.18034749e+03	-1.13886220e+09	2.92618894e-08
2.59000000e+01	2.17759229e+01	-9.57350117e+06	-3.72617367e+05	4.53595014e+01	1.00000000e-09	4.53595014e+00	1.00000000e-10	4.37652656e+06	2.69022262e-08
2.60000000e+01	2.18599998e+01	-9.55901288e+06	-3.72053457e+05	8.61957795e+01	1.00000000e-09	8.61957795e+00	1.00000000e-10	8.31662841e+06	2.47328451e-08
2.61000000e+01	2.19440768e+01	-9.54452459e+06	-3.71489547e+05	1.00000000e-09	1.48901539e+04	1.00000000e-10	1.48901539e+03	-1.43668145e+09	2.27384017e-08
2.62000000e+01	2.20281537e+01	-9.52828385e+06	-3.70857429e+05	1.00000000e-09	1.21006134e+04	1.00000000e-10	1.21006134e+03	-1.16753170e+09	2.09047891e-08
2.63000000e+01	2.21122306e+01	-9.51047704e+06	-3.70164357e+05	1.56479087e+01	1.00000000e-09	1.56479087e+00	1.00000000e-10	1.50979367e+06	1.92190381e-08
2.64000000e+01	2.21963075e+01	-9.49267023e+06	-3.69471285e+05	8.39103153e+01	1.00000000e-09	8.39103153e+00	1.00000000e-10	8.09611464e+06	1.76692251e-08
2.65000000e+01	2.22803845e+01	-9.47486342e+06	-3.68778213e+05	1.00000000e-09	1.07993193e+04	1.00000000e-10	1.07993193e+03	-1.04197591e+09	1.62443882e-08
2.66000000e+01	2.23644614e+01	-9.45554134e+06	-3.68026164e+05	1.00000000e-09	1.17713743e+04	1.00000000e-10	1.17713743e+03	-1.13576496e+09	1.49344494e-08
2.67000000e+01	2.24485383e+01	-9.43443011e+06	-3.67204478e+05	1.00000000e-09	1.00000000e-09	1.00000000e-10	1.00000000e-10	0.00000000e+00	1.37301434e-08
2.68000000e+01	2.25326152e+01	-9.41331889e+06	-3.66382793e+05	7.70428496e+01	1.00000000e-09	7.70428496e+00	1.00000000e-10	7.43350493e+06	1.26229520e-08
2.69000000e+01	2.26166921e+01	-9.39220766e+06	-3.65561107e+05	1.56038154e+01	7.41920169e+03	1.56038154e+00	7.41920169e+02	-7.14338600e+08	1.16050438e-08
2.70000000e+01	2.27007691e+01	-9.36989024e+06	-3.64692474e+05	1.00000000e-09	1.09769609e+04	1.00000000e-10	1.09769609e+03	-1.05911572e+09	1.06692193e-08
2.71000000e+01	2.27848460e+01	-9.34566749e+06	-3.63749682e+05	1.00000000e-09	1.00000000e-09	1.00000000e-10	1.00000000e-10	0.00000000e+00	9.80885916e-09
2.72000000e+01	2.28689229e+01	-9.32144473e+06	-3.62806890e+05	6.87579326e+01	1.00000000e-09	6.87579326e+00	1.00000000e-10	6.63413196e+06	9.01787799e-09
2.73000000e+01	2.29529998e+01	-9.29722198e+06	-3.61864098e+05	2.92090283e+01	4.46418176e+03	2.92090283e+00	4.46418176e+02	-4.27909817e+08	8.29068113e-09
2.74000000e+01	2.30370768e+01	-9.27218138e+06	-3.60889475e+05	1.00000000e-09	1.02377512e+04	1.00000000e-10	1.02377512e+03	-9.87792824e+08	7.62212503e-09
2.75000000e+01	2.31211537e+01	-9.24516410e+06	-3.59837915e+05	1.00000000e-09	1.00000000e-09	1.00000000e-10	1.00000000e-10	0.00000000e+00	7.00748093e-09
2.76000000e+01	2.32052306e+01	-9.21814683e+06	-3.58786356e+05	6.03664479e+01	1.00000000e-09	6.03664479e+00	1.00000000e-10	5.82447678e+06	6.44240141e-09
2.77000000e+01	2.32893075e+01	-9.19112955e+06	-3.57734796e+05	3.88527555e+01	1.71928178e+03	3.88527555e+00	1.71928178e+02	-1.62136752e+08	5.92288960e-09
2.78000000e+01	2.33733845e+01	-9.16376621e+06	-3.56669767e+05	1.00000000e-09	9.44587802e+03	1.00000000e-10	9.44587802e+02	-9.11388678e+08	5.44527095e-09
2.79000000e+01	2.34574614e+01	-9.13442390e+06	-3.55527713e+05	1.00000000e-09	1.00000000e-09	1.00000000e-10	1.00000000e-10	0.00000000e+00	5.00616720e-09
2.80000000e+01	2.35415383e+01	-9.10508159e+06	-3.54385659e+05	5.23533643e+01	1.00000000e-09	5.23533643e+00	1.00000000e-10	5.05133174e+06	4.60247255e-09
2.81000000e+01	2.36256152e+01	-9.07573929e+06	-3.53243606e+05	4.57160178e+01	1.00000000e-09	4.57160178e+00	1.00000000e-10	4.41092516e+06	4.23133162e-09
2.82000000e+01	2.37096921e+01	-9.04639698e+06	-3.52101552e+05	1.00000000e-09	8.31584226e+03	1.00000000e-10	8.31584226e+02	-8.02356802e+08	3.89011930e-09
2.83000000e+01	2.37937691e+01	-9.01519978e+06	-3.50887303e+05	1.00000000e-09	1.65172776e+03	1.00000000e-10	1.65172776e+02	-1.59367501e+08	3.57642216e-09
2.84000000e+01	2.38778460e+01	-8.98362110e+06	-3.49658205e+05	4.39440065e+01	1.00000000e-09	4.39440065e+00	1.00000000e-10	4.23995207e+06	3.28802138e-09
2.85000000e+01	2.39619229e+01	-8.95204242e+06	-3.48429108e+05	5.05550980e+01	1.00000000e-09	5.05550980e+00	1.00000000e-10	4.87782542e+06	3.02287709e-09
2.86000000e+01	2.40459998e+01	-8.92046373e+06	-3.47200010e+05	1.00000000e-09	6.27639262e+03	1.00000000e-10	6.27639262e+02	-6.05579826e+08	2.77911390e-09
2.87000000e+01	2.41300768e+01	-8.88739391e+06	-3.45912875e+05	1.00000000e-09	3.48691543e+03	1.00000000e-10	3.48691543e+02	-3.36436194e+08	2.55500764e-09
2.88000000e+01	2.42141537e+01	-8.85346673e+06	-3.44592370e+05	3.49340850e+01	1.00000000e-09	3.49340850e+00	1.00000000e-10	3.37062680e+06	2.34897319e-09
2.89000000e+01	2.42982306e+01	-8.81953954e+06	-3.43271865e+05	5.40155806e+01	1.00000000e-09	5.40155806e+00	1.00000000e-10	5.21171124e+06	2.15955324e-09
2.90000000e+01	2.43823075e+01	-8.78561236e+06	-3.41951360e+05	1.00000000e-09	2.54507093e+03	1.00000000e-10	2.54507093e+02	-2.45562014e+08	1.98540802e-09
2.91000000e+01	2.44663844e+01	-8.75104593e+06	-3.40605974e+05	1.00000000e-09	3.62084536e+03	1.00000000e-10	3.62084536e+02	-3.49358467e+08	1.82530578e-09
2.92000000e+01	2.45504614e+01	-8.71554999e+06	-3.39224410e+05	2.60324946e+01	1.00000000e-09	2.60324946e+00	1.00000000e-10	2.51175389e+06	1.67811410e-09
2.93000000e+01	2.46345383e+01	-8.68005404e+06	-3.37842845e+05	5.71934815e+01	1.00000000e-09	5.71934815e+00	1.00000000e-10	5.51833206e+06	1.54279187e-09
2.94000000e+01	2.47186152e+01	-8.64455809e+06	-3.36461281e+05	1.00000000e-09	1.00000000e-09	1.00000000e-10	1.00000000e-10	0.00000000e+00	1.41838196e-09
2.95000000e+01	2.48026921e+01	-8.60906214e+06	-3.35079717e+05	1.00000000e-09	1.00000000e-09	1.00000000e-10	1.00000000e-10	0.00000000e+00	1.30400439e-09
2.96000000e+01	2.48867691e+01	-8.57356619e+06	-3.33698153e+05	1.76382704e+01	1.00000000e-09	1.76382704e+00	1.00000000e-10	1.70183438e+06	1.19885018e-09
2.97000000e+01	2.49708460e+01	-8.53807025e+06	-3.32316589e+05	6.00548037e+01	4.72998755e+03	6.00548037e+00	4.72998755e+02	-4.50580012e+08	1.10217554e-09
2.98000000e+01	2.50549229e+01	-8.50132380e+06	-3.30886353e+05	1.00000000e-09	4.86831431e+03	1.00000000e-10	4.86831431e+02	-4.69720923e+08	1.01329669e-09
2.99000000e+01	2.51389998e+01	-8.46324672e+06	-3.29404326e+05	1.00000000e-09	1.00000000e-09	1.00000000e-10	1.00000000e-10	0.00000000e+00	9.31584987e-10
3.00000000e+01	2.52230767e+01	-8.42517005e+06	-3.27922316e+05	6.72525500e+00	1.00000000e-09	6.72525500e-01	1.00000000e-10	6.48888463e+05	8.56462471e-10
3.01000000e+01	2.53071537e+01	-8.38709339e+06	-3.26440306e+05	6.71308271e+01	9.50047956e+02	6.71308271e+00	9.50047956e+01	-8.51885524e+07	7.87397794e-10
3.02000000e+01	2.53912306e+01	-8.34875150e+06	-3.24947973e+05	1.00000000e-09	2.21975617e+03	1.00000000e-10	2.21975617e+02	-2.14173912e+08	7.23902457e-10
3.03000000e+01	2.54753075e+01	-8.30978329e+06	-3.23431262e+05	1.00000000e-09	1.00000000e-09	1.00000000e-10	1.00000000e-10	0.00000000e+00	6.65527349e-10
3.04000000e+01	2.55593844e+01	-8.27081561e+06	-3.21914572e+05	1.00000000e-09	1.00000000e-09	1.00000000e-10	1.00000000e-10	0.00000000e+00	6.11859579e-10
3.05000000e+01	2.56434614e+01	-8.23184793e+06	-3.20397882e+05	6.85904403e+01	1.00000000e-09	6.85904403e+00	1.00000000e-10	6.61797141e+06	5.62519549e-10
3.06000000e+01	2.57275383e+01	-8.19288025e+06	-3.18881192e+05	1.07775783e+01	1.50763695e+03	1.07775783e+00	1.50763695e+02	-1.44424974e+08	5.17158273e-10
3.07000000e+01	2.58116152e+01	-8.15348146e+06	-3.17347722e+05	1.00000000e-09	2.85578666e+02	1.00000000e-10	2.85578666e+01	-2.75541524e+07	4.75454906e-10
3.08000000e+01	2.58956921e+01	-8.11400088e+06	-3.15811069e+05	1.00000000e-09	1.00000000e-09	1.00000000e-10	1.00000000e-10	0.00000000e+00	4.37114476e-10
3.09000000e+01	2.59797690e+01	-8.07452031e+06	-3.14274416e+05	6.71309634e+01	1.00000000e-09	6.71309634e+00	1.00000000e-10	6.47715330e+06	4.01865798e-10
3.10000000e+01	2.60638460e+01	-8.03503973e+06	-3.12737764e+05	2.26640511e+01	9.68698469e+02	2.26640511e+00	9.68698469e+01	-9.12784450e+07	3.69459555e-10
3.11000000e+01	2.61479229e+01	-7.99527910e+06	-3.11190210e+05	1.00000000e-09	5.07181794e+02	1.00000000e-10	5.07181794e+01	-4.89356039e+07	3.39666533e-10
3.12000000e+01	2.62319998e+01	-7.95537140e+06	-3.09636933e+05	1.00000000e-09	1.00000000e-09	1.00000000e-10	1.00000000e-10	0.00000000e+00	3.12276006e-10
3.13000000e+01	2.63160767e+01	-7.91546369e+06	-3.08083655e+05	6.36072379e+01	1.00000000e-09	6.36072379e+00	1.00000000e-10	6.13716548e+06	2.87094235e-10
3.14000000e+01	2.64001537e+01	-7.87555599e+06	-3.06530378e+05	3.34222334e+01	5.55075274e+02	3.34222334e+00	5.55075274e+01	-5.03318669e+07	2.63943109e-10
3.15000000e+01	2.64842306e+01	-7.83548635e+06	-3.04970798e+05	1.00000000e-09	5.83578986e+02	1.00000000e-10	5.83578986e+01	-5.63068123e+07	2.42658878e-10
3.16000000e+01	2.65683075e+01	-7.79524606e+06	-3.03404575e+05	1.00000000e-09	1.00000000e-09	1.00000000e-10	1.00000000e-10	0.00000000e+00	2.23090996e-10
3.17000000e+01	2.66523844e+01	-7.75500582e+06	-3.01838355e+05	5.83812971e+01	1.00000000e-09	5.83812971e+00	1.00000000e-10	5.63293884e+06	2.05101057e-10
3.18000000e+01	2.67364614e+01	-7.71476557e+06	-3.00272134e+05	4.31043657e+01	2.43823007e+02	4.31043657e+00	2.43823007e+01	-1.93664048e+07	1.88561817e-10
3.19000000e+01	2.68205383e+01	-7.67445370e+06	-2.98703126e+05	1.00000000e-09	5.83307834e+02	1.00000000e-10	5.83307834e+01	-5.62806501e+07	1.73356293e-10
3.20000000e+01	2.69046152e+01	-7.63397024e+06	-2.97127439e+05	1.00000000e-09	1.00000000e-09	1.00000000e-10	1.00000000e-10	0.00000000e+00	1.59376934e-10
3.21000000e+01	2.69886921e+01	-7.59348685e+06	-2.95551755e+05	5.19443692e+01	1.00000000e-09	5.19443692e+00	1.00000000e-10	5.01186971e+06	1.46524863e-10
3.22000000e+01	2.70727690e+01	-7.55300346e+06	-2.93976071e+05	5.17463267e+01	3.85303659e+00	5.17463267e+00	3.85303659e-01	4.62100000e+06	1.34709176e-10
3.23000000e+01	2.71568460e+01	-7.51251894e+06	-2.92400343e+05	1.00000000e-09	5.36808977e+02	1.00000000e-10	5.36808977e+01	-5.17941924e+07	1.23846300e-10
3.24000000e+01	2.72409229e+01	-7.47187589e+06	-2.90818444e+05	1.00000000e-09	8.84651635e+01	1.00000000e-10	8.84651635e+00	-8.53559068e+06	1.13859401e-10
3.25000000e+01	2.73249998e+01	-7.43120671e+06	-2.89235529e+05	4.44138640e+01	1.00000000e-09	4.44138640e+00	1.00000000e-10	4.28528642e+06	1.04677839e-10
3.26000000e+01	2.74090767e+01	-7.39053752e+06	-2.87652613e+05	5.93569439e+01	1.00000000e-09	5.93569439e+00	1.00000000e-10	5.72707445e+06	9.62366743e-11
3.27000000e+01	2.74931537e+01	-7.34986834e+06	-2.86069698e+05	1.00000000e-09	4.28129936e+02	1.00000000e-10	4.28129936e+01	-4.13082590e+07	8.84762003e-11
3.28000000e+01	2.75772306e+01	-7.30907226e+06	-2.84481843e+05	1.00000000e-09	2.31353789e+02	1.00000000e-10	2.31353789e+01	-2.23222472e+07	8.13415267e-11
3.29000000e+01	2.76613075e+01	-7.26820741e+06	-2.82891312e+05	3.58628008e+01	1.00000000e-09	3.58628008e+00	1.00000000e-10	3.46023425e+06	7.47821894e-11
3.30000000e+01	2.77453844e+01	-7.22734255e+06	-2.81300780e+05	6.58052189e+01	1.00000000e-09	6.58052189e+00	1.00000000e-10	6.34923840e+06	6.87517936e-11
3.31000000e+01	2.78294613e+01	-7.18647770e+06	-2.79710249e+05	1.00000000e-09	2.82875610e+02	1.00000000e-10	2.82875610e+01	-2.72933472e+07	6.32076857e-11
3.32000000e+01	2.79135383e+01	-7.14552872e+06	-2.78116443e+05	1.00000000e-09	3.12175464e+02	1.00000000e-10	3.12175464e+01	-3.01203534e+07	5.81106517e-11
3.33000000e+01	2.79976152e+01	-7.10448655e+06	-2.76519010e+05	2.64990529e+01	1.00000000e-09	2.64990529e+00	1.00000000e-10	2.55676992e+06	5.34246397e-11
3.34000000e+01	2.80816921e+01	-7.06344439e+06	-2.74921578e+05	7.09693867e+01	1.00000000e-09	7.09693867e+00	1.00000000e-10	6.84750484e+06	4.91165053e-11
3.35000000e+01	2.81657690e+01	-7.02240222e+06	-2.73324145e+05	1.00000000e-09	1.32379030e+02	1.00000000e-10	1.32379030e+01	-1.27726347e+07	4.51557765e-11
3.36000000e+01	2.82498460e+01	-6.98132065e+06	-2.71725178e+05	1.00000000e-09	3.39768097e+02	1.00000000e-10	3.39768097e+01	-3.27826377e+07	4.15144388e-11
3.37000000e+01	2.83339229e+01	-6.94013732e+06	-2.70122252e+05	1.65101497e+01	1.00000000e-09	1.65101497e+00	1.00000000e-10	1.59298728e+06	3.81667366e-11
3.38000000e+01	2.84179998e+01	-6.89895399e+06	-2.68519325e+05	7.47773332e+01	1.00000000e-09	7.47773332e+00	1.00000000e-10	7.21491582e+06	3.50889914e-11
3.39000000e+01	2.85020767e+01	-6.85777067e+06	-2.66916398e+05	1.00000000e-09	1.00000000e-09	1.00000000e-10	1.00000000e-10	0.00000000e+00	3.22594338e-11
3.40000000e+01	2.85861536e+01	-6.81658753e+06	-2.65313478e+05	1.00000000e-09	3.24711774e+02	1.00000000e-10	3.24711774e+01	-3.13299234e+07	2.96580503e-11
3.41000000e+01	2.86702306e+01	-6.77530694e+06	-2.63706766e+05	6.06397379e+00	6.62921787e+01	6.06397379e-01	6.62921787e+00	-5.81113835e+06	2.72664410e-11
3.42000000e+01	2.87543075e+01	-6.73400640e+06	-2.62099277e+05	7.71476048e+01	1.00000000e-09	7.71476048e+00	1.00000000e-10	7.44361227e+06	2.50676897e-11
3.43000000e+01	2.88383844e+01	-6.69270586e+06	-2.60491788e+05	1.00000000e-09	1.00000000e-09	1.00000000e-10	1.00000000e-10	0.00000000e+00	2.30462446e-11
3.44000000e+01	2.89224613e+01	-6.65140549e+06	-2.58884305e+05	1.00000000e-09	2.63531121e+02	1.00000000e-10	2.63531121e+01	-2.54268878e+07	2.11878078e-11
3.45000000e+01	2.90065383e+01	-6.61002586e+06	-2.57273738e+05	1.00000000e-09	1.63292524e+02	1.00000000e-10	1.63292524e+01	-1.57553334e+07	1.94792342e-11
3.46000000e+01	2.90906152e+01	-6.56859696e+06	-2.55661253e+05	7.79799833e+01	1.00000000e-09	7.79799833e+00	1.00000000e-10	7.52392459e+06	1.79084392e-11
3.47000000e+01	2.91746921e+01	-6.52716805e+06	-2.54048767e+05	9.46162061e+00	1.00000000e-09	9.46162061e-01	1.00000000e-10	9.12907607e+05	1.64643122e-11
3.48000000e+01	2.92587690e+01	-6.48573930e+06	-2.52436288e+05	1.00000000e-09	1.71794021e+02	1.00000000e-10	1.71794021e+01	-1.65756031e+07	1.51366389e-11
3.49000000e+01	2.93428459e+01	-6.44425879e+06	-2.50821794e+05	1.00000000e-09	2.21963140e+02	1.00000000e-10	2.21963140e+01	-2.14161872e+07	1.39160284e-11
3.50000000e+01	2.94269229e+01	-6.40271113e+06	-2.49204687e+05	7.73244182e+01	1.00000000e-09	7.73244182e+00	1.00000000e-10	7.46067217e+06	1.27938473e-11
3.51000000e+01	2.95109998e+01	-6.36116347e+06	-2.47587579e+05	2.01226317e+01	1.00000000e-09	2.01226317e+00	1.00000000e-10	1.94153880e+06	1.17621583e-11
3.52000000e+01	2.95950767e+01	-6.31961594e+06	-2.45970477e+05	1.00000000e-09	6.93297460e+01	1.00000000e-10	6.93297460e+00	-6.68930357e+06	1.08136641e-11
3.53000000e+01	2.96791536e+01	-6.27804757e+06	-2.44352563e+05	1.00000000e-09	2.42017647e+02	1.00000000e-10	2.42017647e+01	-2.33511531e+07	9.94165601e-12
3.54000000e+01	2.97632306e+01	-6.23640582e+06	-2.42731794e+05	7.52595651e+01	1.00000000e-09	7.52595651e+00	1.00000000e-10	7.26144413e+06	9.13996618e-12
3.55000000e+01	2.98473075e+01	-6.19476407e+06	-2.41111024e+05	3.05391262e+01	1.00000000e-09	3.05391262e+00	1.00000000e-10	2.94657774e+06	8.40292419e-12
3.56000000e+01	2.99313844e+01	-6.15312245e+06	-2.39490260e+05	1.00000000e-09	1.00000000e-09	1.00000000e-10	1.00000000e-10	0.00000000e+00	7.72531687e-12
3.57000000e+01	3.00154613e+01	-6.11148097e+06	-2.37869501e+05	1.00000000e-09	2.26505617e+02	1.00000000e-10	2.26505617e+01	-2.18544696e+07	7.10235144e-12
3.58000000e+01	3.00995383e+01	-6.06977071e+06	-2.36246065e+05	7.18773811e+01	7.12961492e+01	7.18773811e+00	7.12961492e+00	5.60803458e+04	6.52962161e-12
3.59000000e+01	3.01836152e+01	-6.02803878e+06	-2.34621785e+05	4.05290045e+01	1.00000000e-09	4.05290045e+00	1.00000000e-10	3.91045446e+06	6.00307641e-12
3.60000000e+01	3.02676921e+01	-5.98630696e+06	-2.32997510e+05	1.00000000e-09	1.00000000e-09	1.00000000e-10	1.00000000e-10	0.00000000e+00	5.51899153e-12
3.61000000e+01	3.03517690e+01	-5.94457528e+06	-2.31373240e+05	1.00000000e-09	1.76570188e+02	1.00000000e-10	1.76570188e+01	-1.70364333e+07	5.07394300e-12
3.62000000e+01	3.04358459e+01	-5.90278988e+06	-2.29746880e+05	6.72649696e+01	1.39182780e+02	6.72649696e+00	1.39182780e+01	-6.93901381e+06	4.66478295e-12
3.63000000e+01	3.05199229e+01	-5.86096208e+06	-2.28118869e+05	4.99175023e+01	1.00000000e-09	4.99175023e+00	1.00000000e-10	4.81630679e+06	4.28861734e-12
3.64000000e+01	3.06039998e+01	-5.81913440e+06	-2.26490862e+05	1.00000000e-09	1.00000000e-09	1.00000000e-10	1.00000000e-10	0.00000000e+00	3.94278553e-12
3.65000000e+01	3.06880767e+01	-5.77730685e+06	-2.24862861e+05	1.00000000e-09	1.05346251e+02	1.00000000e-10	1.05346251e+01	-1.01643680e+07	3.62484141e-12
3.66000000e+01	3.07721536e+01	-5.73544719e+06	-2.23233610e+05	6.15059749e+01	1.77927706e+02	6.15059749e+00	1.77927706e+01	-1.12329894e+07	3.33253613e-12
3.67000000e+01	3.08562306e+01	-5.69353323e+06	-2.21602246e+05	5.85741314e+01	1.00000000e-09	5.85741314e+00	1.00000000e-10	5.65154452e+06	3.06380220e-12
3.68000000e+01	3.09403075e+01	-5.65161936e+06	-2.19970885e+05	1.00000000e-09	1.00000000e-09	1.00000000e-10	1.00000000e-10	0.00000000e+00	2.81673882e-12
3.69000000e+01	3.10243844e+01	-5.60970564e+06	-2.18339530e+05	1.00000000e-09	2.65667748e+01	1.00000000e-10	2.65667748e+00	-2.56330409e+06	2.58959851e-12
3.70000000e+01	3.11084613e+01	-5.56778381e+06	-2.16707859e+05	5.46930134e+01	1.87441159e+02	5.46930134e+00	1.87441159e+01	-1.28082489e+07	2.38077467e-12
3.71000000e+01	3.11925382e+01	-5.52580469e+06	-2.15073958e+05	6.63945281e+01	1.17719694e+01	6.63945281e+00	1.17719694e+00	5.27027571e+06	2.18879027e-12
3.72000000e+01	3.12766152e+01	-5.48382205e+06	-2.13439921e+05	1.00000000e-09	1.00000000e-09	1.00000000e-10	1.00000000e-10	0.00000000e+00	2.01228739e-12
3.73000000e+01	3.13606921e+01	-5.44183957e+06	-2.11805889e+05	1.00000000e-09	1.00000000e-09	1.00000000e-10	1.00000000e-10	0.00000000e+00	1.85001761e-12
3.74000000e+01	3.14447690e+01	-5.39985708e+06	-2.10171857e+05	4.69047667e+01	1.67853936e+02	4.69047667e+00	1.67853936e+01	-1.16698208e+07	1.70083318e-12
3.75000000e+01	3.15288459e+01	-5.35782322e+06	-2.08535826e+05	7.32898204e+01	7.94658710e+01	7.32898204e+00	7.94658710e+00	-5.95898293e+05	1.56367890e-12
3.76000000e+01	3.16129229e+01	-5.31576510e+06	-2.06898851e+05	1.00000000e-09	1.00000000e-09	1.00000000e-10	1.00000000e-10	0.00000000e+00	1.43758467e-12
3.77000000e+01	3.16969998e+01	-5.27370713e+06	-2.05261882e+05	1.00000000e-09	1.00000000e-09	1.00000000e-10	1.00000000e-10	0.00000000e+00	1.32165861e-12
3.78000000e+01	3.17810767e+01	-5.23164916e+06	-2.03624912e+05	3.82411228e+01	1.21875265e+02	3.82411228e+00	1.21875265e+01	-8.06946799e+06	1.21508076e-12
3.79000000e+01	3.18651536e+01	-5.18955383e+06	-2.01986488e+05	7.91566833e+01	1.28843257e+02	7.91566833e+00	1.28843257e+01	-4.79402554e+06	1.11709730e-12
3.80000000e+01	3.19492305e+01	-5.14741905e+06	-2.00346529e+05	1.00000000e-09	1.00000000e-09	1.00000000e-10	1.00000000e-10	0.00000000e+00	1.02701517e-12
3.81000000e+01	3.20333075e+01	-5.10528441e+06	-1.98706575e+05	1.00000000e-09	1.00000000e-09	1.00000000e-10	1.00000000e-10	0.00000000e+00	9.44197214e-13
3.82000000e+01	3.21173844e+01	-5.06314977e+06	-1.97066622e+05	2.88576986e+01	5.95328884e+01	2.88576986e+00	5.95328884e+00	-2.95970588e+06	8.68057654e-13
3.83000000e+01	3.22014613e+01	-5.02099685e+06	-1.95425957e+05	8.39072870e+01	1.54506644e+02	8.39072870e+00	1.54506644e+01	-6.81180238e+06	7.98057949e-13
3.84000000e+01	3.22855382e+01	-4.97879653e+06	-1.93783447e+05	1.00000000e-09	1.00000000e-09	1.00000000e-10	1.00000000e-10	0.00000000e+00	7.33702982e-13
3.85000000e+01	3.23696152e+01	-4.93659636e+06	-1.92140942e+05	1.00000000e-09	1.00000000e-09	1.00000000e-10	1.00000000e-10	0.00000000e+00	6.74537565e-13
3.86000000e+01	3.24536921e+01	-4.89439618e+06	-1.90498438e+05	1.89154238e+01	1.00000000e-09	1.89154238e+00	1.00000000e-10	1.82506095e+06	6.20143216e-13
3.87000000e+01	3.25377690e+01	-4.85219600e+06	-1.88855933e+05	8.74695031e+01	1.54681134e+02	8.74695031e+00	1.54681134e+01	-6.48493657e+06	5.70135198e-13
3.88000000e+01	3.26218459e+01	-4.80994832e+06	-1.87211579e+05	1.00000000e-09	3.98928381e+01	1.00000000e-10	3.98928381e+00	-3.84907373e+06	5.24159800e-13
3.89000000e+01	3.27059228e+01	-4.76768849e+06	-1.85566753e+05	1.00000000e-09	1.00000000e-09	1.00000000e-10	1.00000000e-10	0.00000000e+00	4.81891834e-13
3.90000000e+01	3.27899998e+01	-4.72542866e+06	-1.83921927e+05	8.57725838e+00	1.00000000e-09	8.57725838e-01	1.00000000e-10	8.27579623e+05	4.43032333e-13
3.91000000e+01	3.28740767e+01	-4.68316883e+06	-1.82277101e+05	8.97321908e+01	1.26679936e+02	8.97321908e+00	1.26679936e+01	-3.56491547e+06	4.07306443e-13
3.92000000e+01	3.29581536e+01	-4.64087005e+06	-1.80630758e+05	1.00000000e-09	9.54338982e+01	1.00000000e-10	9.54338982e+00	-9.20797137e+06	3.74461468e-13
3.93000000e+01	3.30422305e+01	-4.59854199e+06	-1.78983277e+05	1.00000000e-09	1.00000000e-09	1.00000000e-10	1.00000000e-10	0.00000000e+00	3.44265096e-13
3.94000000e+01	3.31263075e+01	-4.55621394e+06	-1.77335795e+05	1.00000000e-09	1.00000000e-09	1.00000000e-10	1.00000000e-10	0.00000000e+00	3.16503742e-13
3.95000000e+01	3.32103844e+01	-4.51388588e+06	-1.75688313e+05	9.06593073e+01	7.53422849e+01	9.06593073e+00	7.53422849e+00	1.47786800e+06	2.90981049e-13
3.96000000e+01	3.32944613e+01	-4.47153464e+06	-1.74039929e+05	7.13035569e+00	1.31656365e+02	7.13035569e-01	1.31656365e+01	-1.20149334e+07	2.67516493e-13
3.97000000e+01	3.33785382e+01	-4.42914291e+06	-1.72389969e+05	1.00000000e-09	1.00000000e-09	1.00000000e-10	1.00000000e-10	0.00000000e+00	2.45944106e-13
3.98000000e+01	3.34626152e+01	-4.38675118e+06	-1.70740008e+05	1.00000000e-09	1.00000000e-09	1.00000000e-10	1.00000000e-10	0.00000000e+00	2.26111304e-13
3.99000000e+01	3.35466921e+01	-4.34435944e+06	-1.69090048e+05	9.02628730e+01	1.11640426e+01	9.02628730e+00	1.11640426e+00	7.63187693e+06	2.07877809e-13
4.00000000e+01	3.36307690e+01	-4.30196431e+06	-1.67439956e+05	1.77870743e+01	1.42725494e+02	1.77870743e+00	1.42725494e+01	-1.20547249e+07	1.91114654e-13
4.01000000e+01	3.37148459e+01	-4.25952522e+06	-1.65788152e+05	1.00000000e-09	2.09492715e+01	1.00000000e-10	2.09492715e+00	-2.02129742e+06	1.75703270e-13
4.02000000e+01	3.37989228e+01	-4.21707966e+06	-1.64136097e+05	1.00000000e-09	1.00000000e-09	1.00000000e-10	1.00000000e-10	0.00000000e+00	1.61534652e-13
4.03000000e+01	3.38829998e+01	-4.17463410e+06	-1.62484042e+05	8.85801051e+01	1.00000000e-09	8.85801051e+00	1.00000000e-10	8.54668086e+06	1.48508584e-13
4.04000000e+01	3.39670767e+01	-4.13218858e+06	-1.60831988e+05	2.82965074e+01	1.23457233e+02	2.82965074e+00	1.23457233e+01	-9.18161421e+06	1.36532931e-13
4.05000000e+01	3.40511536e+01	-4.08970501e+06	-1.59178454e+05	1.00000000e-09	8.01978747e+01	1.00000000e-10	8.01978747e+00	-7.73791857e+06	1.25522989e-13
4.06000000e+01	3.41352305e+01	-4.04719663e+06	-1.57523953e+05	1.00000000e-09	1.00000000e-09	1.00000000e-10	1.00000000e-10	0.00000000e+00	1.15400882e-13
4.07000000e+01	3.42193075e+01	-4.00468824e+06	-1.55869453e+05	8.56553883e+01	1.00000000e-09	8.56553883e+00	1.00000000e-10	8.26448858e+06	1.06095016e-13
4.08000000e+01	3.43033844e+01	-3.96217990e+06	-1.54214954e+05	3.84897779e+01	7.55040279e+01	3.84897779e+00	7.55040279e+00	-3.57133220e+06	9.75395708e-14
4.09000000e+01	3.43874613e+01	-3.91964831e+06	-1.52559550e+05	1.00000000e-09	1.21104056e+02	1.00000000e-10	1.21104056e+01	-1.16847650e+07	8.96740319e-14
4.10000000e+01	3.44715382e+01	-3.87707919e+06	-1.50902686e+05	1.00000000e-09	1.00000000e-09	1.00000000e-10	1.00000000e-10	0.00000000e+00	8.24427658e-14
4.11000000e+01	3.45556151e+01	-3.83451007e+06	-1.49245821e+05	8.15392977e+01	1.00000000e-09	8.15392977e+00	1.00000000e-10	7.86734622e+06	7.57946252e-14
4.12000000e+01	3.46396921e+01	-3.79194099e+06	-1.47588958e+05	4.82142623e+01	1.04832369e+01	4.82142623e+00	1.04832369e+00	3.64049052e+06	6.96825871e-14
4.13000000e+01	3.47237690e+01	-3.74936879e+06	-1.45931974e+05	1.00000000e-09	1.33997323e+02	1.00000000e-10	1.33997323e+01	-1.29287762e+07	6.40634205e-14
4.14000000e+01	3.48078459e+01	-3.70675502e+06	-1.44273372e+05	1.00000000e-09	2.25479505e+01	1.00000000e-10	2.25479505e+00	-2.17554650e+06	5.88973804e-14
4.15000000e+01	3.48919228e+01	-3.66413426e+06	-1.42614498e+05	7.62803908e+01	1.00000000e-09	7.62803908e+00	1.00000000e-10	7.35993884e+06	5.41479271e-14
4.16000000e+01	3.49759998e+01	-3.62151354e+06	-1.40955625e+05	5.73352679e+01	1.00000000e-09	5.73352679e+00	1.00000000e-10	5.53201237e+06	4.97814672e-14
4.17000000e+01	3.50600767e+01	-3.57889294e+06	-1.39296756e+05	1.00000000e-09	1.12240461e+02	1.00000000e-10	1.12240461e+01	-1.08295581e+07	4.57671163e-14
4.18000000e+01	3.51441536e+01	-3.53623749e+06	-1.37636532e+05	1.00000000e-09	8.25362495e+01	1.00000000e-10	8.25362495e+00	-7.96353745e+06	4.20764804e-14
4.19000000e+01	3.52282305e+01	-3.49355639e+06	-1.35975309e+05	6.99029804e+01	1.00000000e-09	6.99029804e+00	1.00000000e-10	6.74461228e+06	3.86834555e-14
4.20000000e+01	3.53123074e+01	-3.45087533e+06	-1.34314088e+05	6.57319639e+01	1.00000000e-09	6.57319639e+00	1.00000000e-10	6.34217037e+06	3.55640423e-14
4.21000000e+01	3.53963844e+01	-3.40819439e+06	-1.32652871e+05	1.00000000e-09	5.92716808e+01	1.00000000e-10	5.92716808e+00	-5.71884781e+06	3.26961769e-14
4.22000000e+01	3.54804613e+01	-3.36549502e+06	-1.30990937e+05	1.00000000e-09	1.19780518e+02	1.00000000e-10	1.19780518e+01	-1.15570630e+07	3.00595747e-14
4.23000000e+01	3.55645382e+01	-3.32275840e+06	-1.29327553e+05	6.25156147e+01	1.00000000e-09	6.25156147e+00	1.00000000e-10	6.03183985e+06	2.76355866e-14
4.24000000e+01	3.56486151e+01	-3.28002180e+06	-1.27664171e+05	7.32995102e+01	1.00000000e-09	7.32995102e+00	1.00000000e-10	7.07232758e+06	2.54070677e-14
4.25000000e+01	3.57326921e+01	-3.23728533e+06	-1.26000793e+05	1.00000000e-09	1.00000000e-09	1.00000000e-10	1.00000000e-10	0.00000000e+00	2.33582553e-14
4.26000000e+01	3.58167690e+01	-3.19454886e+06	-1.24337414e+05	1.00000000e-09	1.23322800e+02	1.00000000e-10	1.23322800e+01	-1.18988413e+07	2.14746581e-14
4.27000000e+01	3.59008459e+01	-3.15177399e+06	-1.22672542e+05	5.42506012e+01	4.11959496e+01	5.42506012e+00	4.11959496e+00	1.25958239e+06	1.97429531e-14
4.28000000e+01	3.59849228e+01	-3.10898632e+06	-1.21007171e+05	7.99168091e+01	1.00000000e-09	7.99168091e+00	1.00000000e-10	7.71079987e+06	1.81508919e-14
4.29000000e+01	3.60689997e+01	-3.06619877e+06	-1.19341805e+05	1.00000000e-09	1.00000000e-09	1.00000000e-10	1.00000000e-10	0.00000000e+00	1.66872137e-14
4.30000000e+01	3.61530767e+01	-3.02341121e+06	-1.17676439e+05	1.00000000e-09	8.86306874e+01	1.00000000e-10	8.86306874e+00	-8.55156131e+06	1.53415657e-14
4.31000000e+01	3.62371536e+01	-2.98059604e+06	-1.16009997e+05	4.52466796e+01	9.43399345e+01	4.52466796e+00	9.43399345e+00	-4.73677900e+06	1.41044300e-14
4.32000000e+01	3.63212305e+01	-2.93775147e+06	-1.14342412e+05	8.54494434e+01	1.00000000e-09	8.54494434e+00	1.00000000e-10	8.24461792e+06	1.29670563e-14
4.33000000e+01	3.64053074e+01	-2.89490702e+06	-1.12674831e+05	1.00000000e-09	1.00000000e-09	1.00000000e-10	1.00000000e-10	0.00000000e+00	1.19213998e-14
4.34000000e+01	3.64893844e+01	-2.85206256e+06	-1.11007250e+05	1.00000000e-09	2.83595233e+01	1.00000000e-10	2.83595233e+00	-2.73627802e+06	1.09600645e-14
4.35000000e+01	3.65734613e+01	-2.80920926e+06	-1.09339325e+05	3.56311231e+01	1.16972108e+02	3.56311231e+00	1.16972108e+01	-7.84821191e+06	1.00762507e-14
4.36000000e+01	3.66575382e+01	-2.76631947e+06	-1.07669980e+05	8.98355825e+01	5.22257715e+00	8.98355825e+00	5.22257715e-01	8.16391393e+06	9.26370726e-15
4.37000000e+01	3.67416151e+01	-2.72342817e+06	-1.06000575e+05	1.00000000e-09	1.00000000e-09	1.00000000e-10	1.00000000e-10	0.00000000e+00	8.51668685e-15
4.38000000e+01	3.68256921e+01	-2.68053686e+06	-1.04331171e+05	1.00000000e-09	1.00000000e-09	1.00000000e-10	1.00000000e-10	0.00000000e+00	7.82990577e-15
4.39000000e+01	3.69097690e+01	-2.63764555e+06	-1.02661766e+05	2.55223044e+01	1.01549715e+02	2.55223044e+00	1.01549715e+01	-7.33552992e+06	7.19850635e-15
4.40000000e+01	3.69938459e+01	-2.59472254e+06	-1.00991128e+05	9.30397597e+01	6.62464071e+01	9.30397597e+00	6.62464071e+00	2.58516552e+06	6.61802264e-15
4.41000000e+01	3.70779228e+01	-2.55177893e+06	-9.93196877e+04	1.00000000e-09	1.00000000e-09	1.00000000e-10	1.00000000e-10	0.00000000e+00	6.08434883e-15
4.42000000e+01	3.71619997e+01	-2.50883533e+06	-9.76482477e+04	1.00000000e-09	1.00000000e-09	1.00000000e-10	1.00000000e-10	0.00000000e+00	5.59371018e-15
4.43000000e+01	3.72460767e+01	-2.46589172e+06	-9.59768076e+04	1.50516615e+01	5.33679735e+01	1.50516615e+00	5.33679735e+00	-3.69696209e+06	5.14263638e-15
4.44000000e+01	3.73301536e+01	-2.42293144e+06	-9.43047186e+04	9.50416721e+01	1.03113229e+02	9.50416721e+00	1.03113229e+01	-7.78786858e+05	4.72793693e-15
4.45000000e+01	3.74142305e+01	-2.37993902e+06	-9.26313783e+04	1.00000000e-09	1.00000000e-09	1.00000000e-10	1.00000000e-10	0.00000000e+00	4.34667862e-15
4.46000000e+01	3.74983074e+01	-2.33694659e+06	-9.09580380e+04	1.00000000e-09	1.00000000e-09	1.00000000e-10	1.00000000e-10	0.00000000e+00	3.99616478e-15
4.47000000e+01	3.75823844e+01	-2.29395416e+06	-8.92846977e+04	4.38446039e+00	1.00000000e-09	4.38446039e-01	1.00000000e-10	4.23036117e+05	3.67391618e-15
4.48000000e+01	3.76664613e+01	-2.25096174e+06	-8.76113579e+04	9.58216900e+01	1.04180487e+02	9.58216900e+00	1.04180487e+01	-8.06501263e+05	3.37765354e-15
4.49000000e+01	3.77505382e+01	-2.20793682e+06	-8.59367529e+04	6.00446312e-01	4.36017461e+01	6.00446312e-02	4.36017461e+00	-4.14899470e+06	3.10528136e-15
4.50000000e+01	3.78346151e+01	-2.16489824e+06	-8.42616162e+04	1.00000000e-09	1.00000000e-09	1.00000000e-10	1.00000000e-10	0.00000000e+00	2.85487313e-15
4.51000000e+01	3.79186920e+01	-2.12185966e+06	-8.25864796e+04	1.00000000e-09	1.00000000e-09	1.00000000e-10	1.00000000e-10	0.00000000e+00	2.62465769e-15
4.52000000e+01	3.80027690e+01	-2.07882109e+06	-8.09113433e+04	9.53060571e+01	6.62242212e+01	9.53060571e+00	6.62242212e+00	2.80597059e+06	2.41300669e-15
4.53000000e+01	3.80868459e+01	-2.03576188e+06	-7.92354036e+04	1.12672872e+01	9.13006541e+01	1.12672872e+00	9.13006541e+00	-7.72204599e+06	2.21842312e-15
4.54000000e+01	3.81709228e+01	-1.99267404e+06	-7.75583497e+04	1.00000000e-09	1.00000000e-09	1.00000000e-10	1.00000000e-10	0.00000000e+00	2.03953067e-15
4.55000000e+01	3.82549997e+01	-1.94958619e+06	-7.58812957e+04	1.00000000e-09	1.00000000e-09	1.00000000e-10	1.00000000e-10	0.00000000e+00	1.87506400e-15
4.56000000e+01	3.83390767e+01	-1.90649836e+06	-7.42042421e+04	9.35022758e+01	2.97136140e-01	9.35022758e+00	2.97136140e-02	8.99292886e+06	1.72385984e-15
4.57000000e+01	3.84231536e+01	-1.86341055e+06	-7.25271892e+04	2.17644475e+01	1.02189361e+02	2.17644475e+00	1.02189361e+01	-7.75982452e+06	1.58484870e-15
4.58000000e+01	3.85072305e+01	-1.82029067e+06	-7.08488882e+04	1.00000000e-09	3.48218765e+01	1.00000000e-10	3.48218765e+00	-3.35980032e+06	1.45704735e-15
4.59000000e+01	3.85913074e+01	-1.77715985e+06	-6.91701617e+04	1.00000000e-09	1.00000000e-09	1.00000000e-10	1.00000000e-10	0.00000000e+00	1.33955183e-15
4.60000000e+01	3.86753843e+01	-1.73402905e+06	-6.74914355e+04	9.04628734e+01	1.00000000e-09	9.04628734e+00	1.00000000e-10	8.72834039e+06	1.23153109e-15
4.61000000e+01	3.87594613e+01	-1.69089835e+06	-6.58127135e+04	3.19365956e+01	6.52398491e+01	3.19365956e+00	6.52398491e+00	-3.21327547e+06	1.13222108e-15
4.62000000e+01	3.88435382e+01	-1.64774716e+06	-6.41331941e+04	1.00000000e-09	8.98369483e+01	1.00000000e-10	8.98369483e+00	-8.66794780e+06	1.04091937e-15
4.63000000e+01	3.89276151e+01	-1.60456775e+06	-6.24525759e+04	1.00000000e-09	1.00000000e-09	1.00000000e-10	1.00000000e-10	0.00000000e+00	9.56980191e-16
4.64000000e+01	3.90116920e+01	-1.56138834e+06	-6.07719580e+04	8.62664868e+01	1.00000000e-09	8.62664868e+00	1.00000000e-10	8.32345063e+06	8.79809819e-16
4.65000000e+01	3.90957690e+01	-1.51820904e+06	-5.90913442e+04	4.16275275e+01	1.00000000e-09	4.16275275e+00	1.00000000e-10	4.01644581e+06	8.08862425e-16
4.66000000e+01	3.91798459e+01	-1.47502973e+06	-5.74107304e+04	1.00000000e-09	9.70722358e+01	1.00000000e-10	9.70722358e+00	-9.36604691e+06	7.43636191e-16
4.67000000e+01	3.92639228e+01	-1.43181991e+06	-5.57289287e+04	1.00000000e-09	4.99414044e+01	1.00000000e-10	4.99414044e+00	-4.81861299e+06	6.83669765e-16
4.68000000e+01	3.93479997e+01	-1.38859438e+06	-5.40465156e+04	8.09609490e+01	1.00000000e-09	8.09609490e+00	1.00000000e-10	7.81154405e+06	6.28539001e-16
4.69000000e+01	3.94320766e+01	-1.34536895e+06	-5.23641066e+04	5.07129398e+01	1.00000000e-09	5.07129398e+00	1.00000000e-10	4.89305484e+06	5.77853951e-16
4.70000000e+01	3.95161536e+01	-1.30214352e+06	-5.06816975e+04	1.00000000e-09	3.82505935e+01	1.00000000e-10	3.82505935e+00	-3.69062122e+06	5.31256117e-16
4.71000000e+01	3.96002305e+01	-1.25890606e+06	-4.89988200e+04	1.00000000e-09	1.00138504e+02	1.00000000e-10	1.00138504e+01	-9.66189684e+06	4.88415907e-16
4.72000000e+01	3.96843074e+01	-1.21563707e+06	-4.73147155e+04	7.45838766e+01	9.26900782e+00	7.45838766e+00	9.26900782e-01	6.30192681e+06	4.49030309e-16
4.73000000e+01	3.97683843e+01	-1.17236527e+06	-4.56305013e+04	5.90926976e+01	1.00000000e-09	5.90926976e+00	1.00000000e-10	5.70157855e+06	4.12820745e-16
4.74000000e+01	3.98524613e+01	-1.12909346e+06	-4.39462872e+04	1.00000000e-09	1.00000000e-09	1.00000000e-10	1.00000000e-10	0.00000000e+00	3.79531100e-16
4.75000000e+01	3.99365382e+01	-1.08582165e+06	-4.22620730e+04	1.00000000e-09	6.44973234e+01	1.00000000e-10	6.44973234e+00	-6.22304567e+06	3.48925915e-16
4.76000000e+01	4.00206151e+01	-1.04252953e+06	-4.05770681e+04	6.72722624e+01	9.35170526e+01	6.72722624e+00	9.35170526e+00	-2.53223730e+06	3.20788716e-16
4.77000000e+01	4.01046920e+01	-9.99208030e+05	-3.88909197e+04	6.66078743e+01	1.00000000e-09	6.66078743e+00	1.00000000e-10	6.42668288e+06	2.94920485e-16
4.78000000e+01	4.01887690e+01	-9.55886529e+05	-3.72047713e+04	1.00000000e-09	1.00000000e-09	1.00000000e-10	1.00000000e-10	0.00000000e+00	2.71138254e-16
4.79000000e+01	4.02728459e+01	-9.12565028e+05	-3.55186229e+04	1.00000000e-09	1.00000000e-09	1.00000000e-10	1.00000000e-10	0.00000000e+00	2.49273810e-16
4.80000000e+01	4.03569228e+01	-8.69243528e+05	-3.38324745e+04	5.91448258e+01	6.85062687e+01	5.91448258e+00	6.85062687e+00	-9.03241929e+05	2.29172503e-16
4.81000000e+01	4.04409997e+01	-8.25900520e+05	-3.21454890e+04	7.31829068e+01	9.68918142e+01	7.31829068e+00	9.68918142e+00	-2.28756181e+06	2.10692155e-16
4.82000000e+01	4.05250766e+01	-7.82526936e+05	-3.04573135e+04	1.00000000e-09	1.00000000e-09	1.00000000e-10	1.00000000e-10	0.00000000e+00	1.93702052e-16
4.83000000e+01	4.06091536e+01	-7.39153352e+05	-2.87691379e+04	1.00000000e-09	1.00000000e-09	1.00000000e-10	1.00000000e-10	0.00000000e+00	1.78082022e-16
4.84000000e+01	4.06932305e+01	-6.95779768e+05	-2.70809624e+04	5.02408989e+01	1.00000000e-09	5.02408989e+00	1.00000000e-10	4.84750981e+06	1.63721583e-16
4.85000000e+01	4.07773074e+01	-6.52406282e+05	-2.53927906e+04	7.87677612e+01	4.61269471e+01	7.87677612e+00	4.61269471e+00	3.14935978e+06	1.50519162e-16
4.86000000e+01	4.08613843e+01	-6.09018232e+05	-2.37040520e+04	1.00000000e-09	1.19045615e+02	1.00000000e-10	1.19045615e+01	-1.14861557e+07	1.38381377e-16
4.87000000e+01	4.09454613e+01	-5.65592574e+05	-2.20138496e+04	1.00000000e-09	4.79165529e+01	1.00000000e-10	4.79165529e+00	-4.62324452e+06	1.27222377e-16
4.88000000e+01	4.10295382e+01	-5.22151768e+05	-2.03230577e+04	4.07368998e+01	1.00000000e-09	4.07368998e+00	1.00000000e-10	3.93051331e+06	1.16963232e-16
4.89000000e+01	4.11136151e+01	-4.78711058e+05	-1.86322695e+04	8.31850449e+01	1.00000000e-09	8.31850449e+00	1.00000000e-10	8.02613669e+06	1.07531379e-16
4.90000000e+01	4.11976920e+01	-4.35270350e+05	-1.69414814e+04	1.00000000e-09	1.00000000e-09	1.00000000e-10	1.00000000e-10	0.00000000e+00	9.88601065e-17
4.91000000e+01	4.12817689e+01	-3.91829642e+05	-1.52506932e+04	1.00000000e-09	9.76875942e+01	1.00000000e-10	9.76875942e+00	-9.42541997e+06	9.08880802e-17
4.92000000e+01	4.13658459e+01	-3.48358039e+05	-1.35587026e+04	3.07636153e+01	1.53996149e+02	3.07636153e+00	1.53996149e+01	-1.18901319e+07	8.35589140e-17
4.93000000e+01	4.14499228e+01	-3.04837781e+05	-1.18648182e+04	8.64210895e+01	8.85441919e+01	8.64210895e+00	8.85441919e+00	-2.04848235e+05	7.68207678e-17
4.94000000e+01	4.15339997e+01	-2.61289473e+05	-1.01698421e+04	1.00000000e-09	1.00000000e-09	1.00000000e-10	1.00000000e-10	0.00000000e+00	7.06259821e-17
4.95000000e+01	4.16180766e+01	-2.17741165e+05	-8.47486598e+03	1.00000000e-09	1.00000000e-09	1.00000000e-10	1.00000000e-10	0.00000000e+00	6.49307406e-17
4.96000000e+01	4.17021536e+01	-1.74192857e+05	-6.77988986e+03	2.04766666e+01	1.00000000e-09	2.04766666e+00	1.00000000e-10	1.97569797e+06	5.96947603e-17
4.97000000e+01	4.17862305e+01	-1.30644640e+05	-5.08491728e+03	8.85532659e+01	1.00000000e-09	8.85532659e+00	1.00000000e-10	8.54409127e+06	5.48810067e-17
4.98000000e+01	4.18703074e+01	-8.70964264e+04	-3.38994485e+03	1.00000000e-09	1.00000000e-09	1.00000000e-10	1.00000000e-10	0.00000000e+00	5.04554316e-17
4.99000000e+01	4.19543843e+01	-4.35482132e+04	-1.69497243e+03	1.00000000e-09	1.00000000e-09	1.00000000e-10	1.00000000e-10	0.00000000e+00	4.63867326e-17
5.00000000e+01	4.20384612e+01	0.00000000e+00	0.00000000e+00	1.00000000e+01	1.00000000e+01	1.00000000e+00	1.00000000e+00	0.00000000e+00	4.26461312e-17
