# 1D PNP Solver Results
# Debye length: 1.18939 nm
# Surface potential: 100 mV
# Bulk concentration: 10 mol/m^3
# Thermal voltage: 25.6926 mV
# Grid: non-uniform with stretching factor 1
#
# Columns:
# 1: x [nm]
# 2: x/lambda_D [-]
# 3: phi [mV]
# 4: phi_normalized = e*phi/(kB*T) [-]
# 5: c+ [mol/m^3]
# 6: c- [mol/m^3]
# 7: c+/c0 [-]
# 8: c-/c0 [-]
# 9: rho [C/m^3]
# 10: phi_GC [mV] (Gouy-Chapman analytical)
0.00000000e+00	0.00000000e+00	1.00000000e+02	3.89217445e+00	9.54372241e+00	1.00000000e-09	9.54372241e-01	1.00000000e-10	9.20829226e+05	1.00000000e+02
1.00000000e-01	8.40769225e-02	-2.79505076e+05	-1.08788252e+04	1.00000000e-09	1.00000000e-09	1.00000000e-10	1.00000000e-10	0.00000000e+00	8.70576373e+01
2.00000000e-01	1.68153845e-01	-5.59072853e+05	-2.17600907e+04	1.00000000e-09	4.21504988e+05	1.00000000e-10	4.21504988e+04	-4.06690488e+10	7.68715638e+01
3.00000000e-01	2.52230767e-01	-8.38640629e+05	-3.26413563e+04	1.00000000e-09	9.73324429e+03	1.00000000e-10	9.73324429e+02	-9.39115308e+08	6.85207345e+01
4.00000000e-01	3.36307690e-01	-1.11820841e+06	-4.35226219e+04	1.34064845e+00	1.00000000e-09	1.34064845e-01	1.00000000e-10	1.29352911e+05	6.14862309e+01
5.00000000e-01	4.20384612e-01	-1.39583664e+06	-5.43283969e+04	2.83119662e-02	1.00000000e-09	2.83119662e-03	1.00000000e-10	2.73168936e+03	5.54461690e+01
6.00000000e-01	5.04461535e-01	-1.67327066e+06	-6.51266131e+04	1.00000000e-09	4.21367210e+05	1.00000000e-10	4.21367210e+04	-4.06557552e+10	5.01866549e+01
7.00000000e-01	5.88538457e-01	-1.95070469e+06	-7.59248294e+04	1.00000000e-09	1.95826220e+04	1.00000000e-10	1.95826220e+03	-1.88943579e+09	4.55579535e+01
8.00000000e-01	6.72615380e-01	-2.22813871e+06	-8.67230456e+04	1.15959017e+00	1.00000000e-09	1.15959017e-01	1.00000000e-10	1.11883443e+05	4.14508515e+01
9.00000000e-01	7.56692302e-01	-2.50366317e+06	-9.74469383e+04	6.50583923e-02	1.00000000e-09	6.50583923e-03	1.00000000e-10	6.27718050e+03	3.77829914e+01
1.00000000e+00	8.40769225e-01	-2.77888193e+06	-1.08158933e+05	1.00000000e-09	4.21100232e+05	1.00000000e-10	4.21100232e+04	-4.06299957e+10	3.44905241e+01
1.10000000e+00	9.24846147e-01	-3.05410069e+06	-1.18870927e+05	1.00000000e-09	2.95402113e+04	1.00000000e-10	2.95402113e+03	-2.85019710e+09	3.15227780e+01
1.20000000e+00	1.00892307e+00	-3.32931945e+06	-1.29582921e+05	1.01762523e+00	1.00000000e-09	1.01762523e-01	1.00000000e-10	9.81859083e+04	2.88387272e+01
1.30000000e+00	1.09299999e+00	-3.60266029e+06	-1.40221823e+05	9.73811193e-02	1.00000000e-09	9.73811193e-03	1.00000000e-10	9.39584954e+03	2.64045776e+01
1.40000000e+00	1.17707691e+00	-3.87564224e+06	-1.50846757e+05	1.00000000e-09	4.20670086e+05	1.00000000e-10	4.20670086e+04	-4.05884930e+10	2.41920729e+01
1.50000000e+00	1.26115384e+00	-4.14862418e+06	-1.61471690e+05	1.00000000e-09	3.96037892e+04	1.00000000e-10	3.96037892e+03	-3.82118475e+09	2.21772778e+01
1.60000000e+00	1.34523076e+00	-4.42160613e+06	-1.72096624e+05	9.10481873e-01	1.00000000e-09	9.10481873e-02	1.00000000e-10	8.78481458e+04	2.03396868e+01
1.70000000e+00	1.42930768e+00	-4.69273901e+06	-1.82649589e+05	1.27524122e-01	1.00000000e-09	1.27524122e-02	1.00000000e-10	1.23042072e+04	1.86615585e+01
1.80000000e+00	1.51338460e+00	-4.96347607e+06	-1.93187147e+05	1.00000000e-09	4.20063399e+05	1.00000000e-10	4.20063399e+04	-4.05299566e+10	1.71274116e+01
1.90000000e+00	1.59746153e+00	-5.23421313e+06	-2.03724706e+05	1.00000000e-09	4.97743066e+04	1.00000000e-10	4.97743066e+03	-4.80249051e+09	1.57236358e+01
2.00000000e+00	1.68153845e+00	-5.50495019e+06	-2.14262265e+05	8.22855439e-01	1.00000000e-09	8.22855439e-02	1.00000000e-10	7.93934802e+04	1.44381886e+01
2.10000000e+00	1.76561537e+00	-5.77386278e+06	-2.24728812e+05	1.56062173e-01	1.00000000e-09	1.56062173e-02	1.00000000e-10	1.50577105e+04	1.32603556e+01
2.20000000e+00	1.84969229e+00	-6.04234851e+06	-2.35178745e+05	1.00000000e-09	4.19271724e+05	1.00000000e-10	4.19271724e+04	-4.04535716e+10	1.21805577e+01
2.30000000e+00	1.93376922e+00	-6.31083424e+06	-2.45628678e+05	1.00000000e-09	6.00542929e+04	1.00000000e-10	6.00542929e+03	-5.79435839e+09	1.11901960e+01
2.40000000e+00	2.01784614e+00	-6.57931996e+06	-2.56078611e+05	7.47064452e-01	1.00000000e-09	7.47064452e-02	1.00000000e-10	7.20807617e+04	1.02815237e+01
2.50000000e+00	2.10192306e+00	-6.84600233e+06	-2.66458353e+05	1.83684155e-01	1.00000000e-09	1.83684155e-02	1.00000000e-10	1.77228266e+04	9.44754093e+00
2.60000000e+00	2.18599998e+00	-7.11222560e+06	-2.76820227e+05	1.00000000e-09	4.18289902e+05	1.00000000e-10	4.18289902e+04	-4.03588401e+10	8.68190590e+00
2.70000000e+00	2.27007691e+00	-7.37844886e+06	-2.87182101e+05	1.00000000e-09	7.04457288e+04	1.00000000e-10	7.04457288e+03	-6.79697954e+09	7.97886054e+00
2.80000000e+00	2.35415383e+00	-7.64467213e+06	-2.97543975e+05	6.85738952e-01	1.00000000e-09	6.85738952e-02	1.00000000e-10	6.61637505e+04	7.33316685e+00
2.90000000e+00	2.43823075e+00	-7.90909622e+06	-3.07835822e+05	2.12592663e-01	1.00000000e-09	2.12592663e-02	1.00000000e-10	2.05120736e+04	6.74005227e+00
3.00000000e+00	2.52230767e+00	-8.17302254e+06	-3.18108295e+05	1.00000000e-09	4.17114941e+05	1.00000000e-10	4.17114941e+04	-4.02454736e+10	6.19516235e+00
3.10000000e+00	2.60638460e+00	-8.43694886e+06	-3.28380768e+05	1.00000000e-09	8.09697062e+04	1.00000000e-10	8.09697062e+03	-7.81238900e+09	5.69451955e+00
3.20000000e+00	2.69046152e+00	-8.70087517e+06	-3.38653240e+05	6.34806285e-01	1.00000000e-09	6.34806285e-02	1.00000000e-10	6.12494951e+04	5.23448697e+00
3.30000000e+00	2.77453844e+00	-8.96298371e+06	-3.48854962e+05	2.43577486e-01	1.00000000e-09	2.43577486e-02	1.00000000e-10	2.35016546e+04	4.81173646e+00
3.40000000e+00	2.85861536e+00	-9.22454536e+06	-3.59035398e+05	1.00000000e-09	4.15744908e+05	1.00000000e-10	4.15744908e+04	-4.01132855e+10	4.42322017e+00
3.50000000e+00	2.94269229e+00	-9.48610702e+06	-3.69215834e+05	1.00000000e-09	9.16594150e+04	1.00000000e-10	9.16594150e+03	-8.84378910e+09	4.06614534e+00
3.60000000e+00	3.02676921e+00	-9.74766867e+06	-3.79396269e+05	5.89950371e-01	1.00000000e-09	5.89950371e-02	1.00000000e-10	5.69215573e+04	3.73795159e+00
3.70000000e+00	3.11084613e+00	-1.00073778e+07	-3.89504601e+05	2.77100817e-01	1.00000000e-09	2.77100817e-02	1.00000000e-10	2.67361643e+04	3.43629058e+00
3.80000000e+00	3.19492305e+00	-1.02664781e+07	-3.99589238e+05	1.00000000e-09	4.14177840e+05	1.00000000e-10	4.14177840e+04	-3.99620865e+10	3.15900770e+00
3.90000000e+00	3.27899998e+00	-1.05255784e+07	-4.09673875e+05	1.00000000e-09	1.02543608e+05	1.00000000e-10	1.02543608e+04	-9.89395403e+09	2.90412542e+00
4.00000000e+00	3.36307690e+00	-1.07846788e+07	-4.19758512e+05	5.48079248e-01	1.00000000e-09	5.48079248e-02	1.00000000e-10	5.28816082e+04	2.66982829e+00
4.10000000e+00	3.44715382e+00	-1.10418816e+07	-4.29769294e+05	3.13634906e-01	1.00000000e-09	3.13634906e-02	1.00000000e-10	3.02611680e+04	2.45444929e+00
4.20000000e+00	3.53123074e+00	-1.12983999e+07	-4.39753434e+05	1.00000000e-09	4.12411003e+05	1.00000000e-10	4.12411003e+04	-3.97916126e+10	2.25645740e+00
4.30000000e+00	3.61530767e+00	-1.15549182e+07	-4.49737574e+05	1.00000000e-09	1.13646373e+05	1.00000000e-10	1.13646373e+04	-1.09652081e+10	2.07444628e+00
4.40000000e+00	3.69938459e+00	-1.18114365e+07	-4.59721714e+05	5.06738098e-01	1.00000000e-09	5.06738098e-02	1.00000000e-10	4.88927936e+04	1.90712395e+00
4.50000000e+00	3.78346151e+00	-1.20660074e+07	-4.69630056e+05	3.53756412e-01	1.00000000e-09	3.53756412e-02	1.00000000e-10	3.41323048e+04	1.75330334e+00
4.60000000e+00	3.86753843e+00	-1.23198041e+07	-4.79508268e+05	1.00000000e-09	4.10440285e+05	1.00000000e-10	4.10440285e+04	-3.96014673e+10	1.61189369e+00
4.70000000e+00	3.95161536e+00	-1.25736009e+07	-4.89386480e+05	1.00000000e-09	1.24986904e+05	1.00000000e-10	1.24986904e+04	-1.20594029e+10	1.48189263e+00
4.80000000e+00	4.03569228e+00	-1.28273976e+07	-4.99264692e+05	4.63644590e-01	1.00000000e-09	4.63644590e-02	1.00000000e-10	4.47349021e+04	1.36237899e+00
4.90000000e+00	4.11976920e+00	-1.30791968e+07	-5.09065154e+05	3.98250231e-01	1.00000000e-09	3.98250231e-02	1.00000000e-10	3.84253057e+04	1.25250612e+00
5.00000000e+00	4.20384612e+00	-1.33301191e+07	-5.18831488e+05	1.00000000e-09	4.08259713e+05	1.00000000e-10	4.08259713e+04	-3.93910740e+10	1.15149587e+00
5.10000000e+00	4.28792305e+00	-1.35810414e+07	-5.28597822e+05	1.00000000e-09	1.36579255e+05	1.00000000e-10	1.36579255e+04	-1.31778948e+10	1.05863300e+00
5.20000000e+00	4.37199997e+00	-1.38319637e+07	-5.38364155e+05	4.16163910e-01	1.00000000e-09	4.16163910e-02	1.00000000e-10	4.01537130e+04	9.73260072e-01
5.30000000e+00	4.45607689e+00	-1.40808420e+07	-5.48050934e+05	4.48236733e-01	1.00000000e-09	4.48236733e-02	1.00000000e-10	4.32482700e+04	8.94772759e-01
5.40000000e+00	4.54015381e+00	-1.43287291e+07	-5.57699132e+05	1.00000000e-09	4.05861081e+05	1.00000000e-10	4.05861081e+04	-3.91596412e+10	8.22615544e-01
5.50000000e+00	4.62423074e+00	-1.45766162e+07	-5.67347330e+05	1.00000000e-09	1.48432151e+05	1.00000000e-10	1.48432151e+04	-1.43215254e+10	7.56277766e-01
5.60000000e+00	4.70830766e+00	-1.48245032e+07	-5.76995527e+05	3.60619967e-01	1.00000000e-09	3.60619967e-02	1.00000000e-10	3.47945372e+04	6.95289988e-01
5.70000000e+00	4.79238458e+00	-1.50703071e+07	-5.86562643e+05	5.05831256e-01	1.00000000e-09	5.05831256e-02	1.00000000e-10	4.88052966e+04	6.39220665e-01
5.80000000e+00	4.87646150e+00	-1.53149970e+07	-5.96086401e+05	1.00000000e-09	4.03232951e+05	1.00000000e-10	4.03232951e+04	-3.89060652e+10	5.87673079e-01
5.90000000e+00	4.96053843e+00	-1.55596869e+07	-6.05610159e+05	1.00000000e-09	1.60548849e+05	1.00000000e-10	1.60548849e+04	-1.54906090e+10	5.40282524e-01
6.00000000e+00	5.04461535e+00	-1.58043769e+07	-6.15133918e+05	2.90908969e-01	1.00000000e-09	2.90908969e-02	1.00000000e-10	2.80684484e+04	4.96713722e-01
6.10000000e+00	5.12869227e+00	-1.60469543e+07	-6.24575455e+05	5.75572420e-01	1.00000000e-09	5.75572420e-02	1.00000000e-10	5.55342960e+04	4.56658442e-01
6.20000000e+00	5.21276919e+00	-1.62882816e+07	-6.33968334e+05	1.00000000e-09	4.00364840e+05	1.00000000e-10	4.00364840e+04	-3.86293345e+10	4.19833321e-01
6.30000000e+00	5.29684612e+00	-1.65296089e+07	-6.43361214e+05	1.00000000e-09	1.72926842e+05	1.00000000e-10	1.72926842e+04	-1.66849037e+10	3.85977854e-01
6.40000000e+00	5.38092304e+00	-1.67709362e+07	-6.52754093e+05	1.89819068e-01	1.00000000e-09	1.89819068e-02	1.00000000e-10	1.83147557e+04	3.54852548e-01
6.50000000e+00	5.46499996e+00	-1.70101340e+07	-6.62064089e+05	6.59247926e-01	1.00000000e-09	6.59247926e-02	1.00000000e-10	6.36077550e+04	3.26237227e-01
6.60000000e+00	5.54907688e+00	-1.72479311e+07	-6.71319569e+05	1.00000000e-09	3.97244876e+05	1.00000000e-10	3.97244876e+04	-3.83283038e+10	2.99929475e-01
6.70000000e+00	5.63315381e+00	-1.74857283e+07	-6.80575049e+05	1.00000000e-09	1.85558097e+05	1.00000000e-10	1.85558097e+04	-1.79036346e+10	2.75743201e-01
6.80000000e+00	5.71723073e+00	-1.77235254e+07	-6.89830529e+05	5.64453686e-03	1.00000000e-09	5.64453686e-04	1.00000000e-10	5.44614917e+02	2.53507323e-01
6.90000000e+00	5.80130765e+00	-1.79591901e+07	-6.99003008e+05	7.37362398e-01	1.00000000e-09	7.37362398e-02	1.00000000e-10	7.11446558e+04	2.33064554e-01
7.00000000e+00	5.88538457e+00	-1.81932900e+07	-7.08114587e+05	3.56721245e-03	3.93858886e+05	3.56721245e-04	3.93858886e+04	-3.80016051e+10	2.14270296e-01
7.10000000e+00	5.96946150e+00	-1.84273900e+07	-7.17226166e+05	1.00000000e-09	1.98428988e+05	1.00000000e-10	1.98428988e+04	-1.91454868e+10	1.96991610e-01
7.20000000e+00	6.05353842e+00	-1.86614900e+07	-7.26337745e+05	1.00000000e-09	1.00000000e-09	1.00000000e-10	1.00000000e-10	0.00000000e+00	1.81106277e-01
7.30000000e+00	6.13761534e+00	-1.88934698e+07	-7.35366804e+05	2.87131315e-01	1.00000000e-09	2.87131315e-02	1.00000000e-10	2.77039602e+04	1.66501937e-01
7.40000000e+00	6.22169226e+00	-1.91237079e+07	-7.44328074e+05	1.00000000e-09	3.90191418e+05	1.00000000e-10	3.90191418e+04	-3.76477486e+10	1.53075289e-01
7.50000000e+00	6.30576919e+00	-1.93539461e+07	-7.53289343e+05	1.00000000e-09	2.11520531e+05	1.00000000e-10	2.11520531e+04	-2.04086287e+10	1.40731363e-01
7.60000000e+00	6.38984611e+00	-1.95841842e+07	-7.62250613e+05	9.55615530e-02	1.00000000e-09	9.55615530e-03	1.00000000e-10	9.22028809e+03	1.29382849e-01
7.70000000e+00	6.47392303e+00	-1.98123308e+07	-7.71130477e+05	2.51012326e-01	1.00000000e-09	2.51012326e-02	1.00000000e-10	2.42190076e+04	1.18949475e-01
7.80000000e+00	6.55799995e+00	-2.00385465e+07	-7.79935188e+05	1.00000000e-09	3.86222475e+05	1.00000000e-10	3.86222475e+04	-3.72648038e+10	1.09357445e-01
7.90000000e+00	6.64207688e+00	-2.02647623e+07	-7.88739899e+05	1.00000000e-09	2.24807678e+05	1.00000000e-10	2.24807678e+04	-2.16906435e+10	1.00538914e-01
8.00000000e+00	6.72615380e+00	-2.04909780e+07	-7.97544610e+05	1.00000000e-09	1.00000000e-09	1.00000000e-10	1.00000000e-10	0.00000000e+00	9.24315047e-02
8.10000000e+00	6.81023072e+00	-2.07151514e+07	-8.06269830e+05	1.53786624e-01	1.00000000e-09	1.53786624e-02	1.00000000e-10	1.48381534e+04	8.49778740e-02
8.20000000e+00	6.89430764e+00	-2.09371917e+07	-8.14912027e+05	9.61593339e-02	3.81930997e+05	9.61593339e-03	3.81930997e+04	-3.68507298e+10	7.81253008e-02
8.30000000e+00	6.97838457e+00	-2.11592322e+07	-8.23554231e+05	3.08215842e-02	2.38249838e+05	3.08215842e-03	2.38249838e+04	-2.29876117e+10	7.18253161e-02
8.40000000e+00	7.06246149e+00	-2.13812728e+07	-8.32196436e+05	1.96855981e-02	1.00000000e-09	1.96855981e-03	1.00000000e-10	1.89937138e+03	6.60333593e-02
8.50000000e+00	7.14653841e+00	-2.16013454e+07	-8.40762047e+05	3.44231865e-02	1.00000000e-09	3.44231865e-03	1.00000000e-10	3.32133249e+03	6.07084632e-02
8.60000000e+00	7.23061533e+00	-2.18190636e+07	-8.49236018e+05	1.33868591e-02	3.77296059e+05	1.33868591e-03	3.77296059e+04	-3.64035342e+10	5.58129641e-02
8.70000000e+00	7.31469226e+00	-2.20367818e+07	-8.57709990e+05	1.00000000e-09	2.51789440e+05	1.00000000e-10	2.51789440e+04	-2.42939878e+10	5.13122357e-02
8.80000000e+00	7.39876918e+00	-2.22545000e+07	-8.66183962e+05	1.00000000e-09	1.00000000e-09	1.00000000e-10	1.00000000e-10	0.00000000e+00	4.71744438e-02
8.90000000e+00	7.48284610e+00	-2.24703551e+07	-8.74585422e+05	1.00000000e-09	1.00000000e-09	1.00000000e-10	1.00000000e-10	0.00000000e+00	4.33703214e-02
9.00000000e+00	7.56692302e+00	-2.26836173e+07	-8.82885957e+05	1.00000000e-09	3.72293308e+05	1.00000000e-10	3.72293308e+04	-3.59208434e+10	3.98729614e-02
9.10000000e+00	7.65099995e+00	-2.28968795e+07	-8.91186493e+05	3.96116536e-04	2.65345175e+05	3.96116536e-05	2.65345175e+04	-2.56019173e+10	3.66576268e-02
9.20000000e+00	7.73507687e+00	-2.31101417e+07	-8.99487029e+05	3.44877120e-03	1.00000000e-09	3.44877120e-04	1.00000000e-10	3.32755738e+02	3.37015752e-02
9.30000000e+00	7.81915379e+00	-2.33216813e+07	-9.07720521e+05	2.16549268e-03	1.00000000e-09	2.16549268e-04	1.00000000e-10	2.08938184e+02	3.09838980e-02
9.40000000e+00	7.90323071e+00	-2.35303743e+07	-9.15843215e+05	1.00000000e-09	3.66895079e+05	1.00000000e-10	3.66895079e+04	-3.53999936e+10	2.84853728e-02
9.50000000e+00	7.98730764e+00	-2.37390673e+07	-9.23965910e+05	1.00000000e-09	2.78809505e+05	1.00000000e-10	2.78809505e+04	-2.69010276e+10	2.61883275e-02
9.60000000e+00	8.07138456e+00	-2.39477602e+07	-9.32088605e+05	7.89471858e-04	1.00000000e-09	7.89471858e-05	1.00000000e-10	7.61723580e+01	2.40765146e-02
9.70000000e+00	8.15546148e+00	-2.41549118e+07	-9.40151304e+05	1.32769727e-03	1.00000000e-09	1.32769727e-04	1.00000000e-10	1.28103215e+02	2.21349973e-02
9.80000000e+00	8.23953840e+00	-2.43589516e+07	-9.48092889e+05	1.00000000e-09	3.61070649e+05	1.00000000e-10	3.61070649e+04	-3.48380215e+10	2.03500429e-02
9.90000000e+00	8.32361533e+00	-2.45629914e+07	-9.56034474e+05	1.00000000e-09	2.92044010e+05	1.00000000e-10	2.92044010e+04	-2.81779633e+10	1.87090262e-02
1.00000000e+01	8.40769225e+00	-2.47670312e+07	-9.63976059e+05	1.00000000e-09	1.00000000e-09	1.00000000e-10	1.00000000e-10	0.00000000e+00	1.72003403e-02
1.01000000e+01	8.49176917e+00	-2.49697554e+07	-9.71866440e+05	1.00000000e-09	1.00000000e-09	1.00000000e-10	1.00000000e-10	0.00000000e+00	1.58133140e-02
1.02000000e+01	8.57584609e+00	-2.51690973e+07	-9.79625175e+05	1.00000000e-09	3.54786203e+05	1.00000000e-10	3.54786203e+04	-3.42316646e+10	1.45381368e-02
1.03000000e+01	8.65992302e+00	-2.53684392e+07	-9.87383909e+05	2.09086882e-04	3.04877404e+05	2.09086882e-05	3.04877404e+04	-2.94161975e+10	1.33657892e-02
1.04000000e+01	8.74399994e+00	-2.55677811e+07	-9.95142644e+05	4.03669439e-04	1.00000000e-09	4.03669439e-05	1.00000000e-10	3.89480834e+01	1.22879791e-02
1.05000000e+01	8.82807686e+00	-2.57660808e+07	-1.00286081e+06	3.46768227e-05	1.00000000e-09	3.46768227e-06	1.00000000e-10	3.34570827e+00	1.12970830e-02
1.06000000e+01	8.91215378e+00	-2.59607291e+07	-1.01043686e+06	8.77140918e-06	3.48006005e+05	8.77140918e-07	3.48006005e+04	-3.35774749e+10	1.03860923e-02
1.07000000e+01	8.99623071e+00	-2.61553774e+07	-1.01801292e+06	2.70273071e-06	3.17106026e+05	2.70273071e-07	3.17106026e+04	-3.05960803e+10	9.54856333e-03
1.08000000e+01	9.08030763e+00	-2.63500256e+07	-1.02558897e+06	9.66456708e-07	1.00000000e-09	9.66456708e-08	1.00000000e-10	9.31524111e-02	8.77857228e-03
1.09000000e+01	9.16438455e+00	-2.65439533e+07	-1.03313697e+06	3.18640947e-07	1.00000000e-09	3.18640947e-08	1.00000000e-10	3.06476922e-02	8.07067289e-03
1.10000000e+01	9.24846147e+00	-2.67339702e+07	-1.04053276e+06	8.81447535e-09	3.40694202e+05	8.81447535e-10	3.40694202e+04	-3.28719932e+10	7.41985814e-03
1.11000000e+01	9.33253840e+00	-2.69239870e+07	-1.04792854e+06	2.25444301e-09	3.28497460e+05	2.25444301e-10	3.28497460e+04	-3.16951866e+10	6.82152474e-03
1.12000000e+01	9.41661532e+00	-2.71140039e+07	-1.05532433e+06	1.00000000e-09	1.00000000e-09	1.00000000e-10	1.00000000e-10	0.00000000e+00	6.27144062e-03
1.13000000e+01	9.50069224e+00	-2.73036705e+07	-1.06270649e+06	1.00000000e-09	1.00000000e-09	1.00000000e-10	1.00000000e-10	0.00000000e+00	5.76571500e-03
1.14000000e+01	9.58476916e+00	-2.74891856e+07	-1.06992706e+06	1.00000000e-09	3.32817619e+05	1.00000000e-10	3.32817619e+04	-3.21120185e+10	5.30077082e-03
1.15000000e+01	9.66884609e+00	-2.76747007e+07	-1.07714763e+06	1.00000000e-09	3.38790916e+05	1.00000000e-10	3.38790916e+04	-3.26883541e+10	4.87331949e-03
1.16000000e+01	9.75292301e+00	-2.78602159e+07	-1.08436820e+06	1.00253798e-09	1.00000000e-09	1.00253798e-10	1.00000000e-10	2.44878125e-07	4.48033760e-03
1.17000000e+01	9.83699993e+00	-2.80457310e+07	-1.09158878e+06	3.69801680e-09	1.00000000e-09	3.69801680e-10	1.00000000e-10	2.60319047e-04	4.11904557e-03
1.18000000e+01	9.92107685e+00	-2.82268824e+07	-1.09863950e+06	1.35448478e-09	3.24344847e+05	1.35448478e-10	3.24344847e+04	-3.12945203e+10	3.78688794e-03
1.19000000e+01	1.00051538e+01	-2.84077579e+07	-1.10567949e+06	1.00000000e-09	3.48034546e+05	1.00000000e-10	3.48034546e+04	-3.35802288e+10	3.48151531e-03
1.20000000e+01	1.00892307e+01	-2.85886334e+07	-1.11271949e+06	1.00000000e-09	1.00000000e-09	1.00000000e-10	1.00000000e-10	0.00000000e+00	3.20076778e-03
1.21000000e+01	1.01733076e+01	-2.87695089e+07	-1.11975948e+06	1.00000000e-09	1.00000000e-09	1.00000000e-10	1.00000000e-10	0.00000000e+00	2.94265957e-03
1.22000000e+01	1.02573845e+01	-2.89458495e+07	-1.12662296e+06	1.00000000e-09	3.15202227e+05	1.00000000e-10	3.15202227e+04	-3.04123916e+10	2.70536508e-03
1.23000000e+01	1.03414615e+01	-2.91214235e+07	-1.13345660e+06	1.00000000e-09	3.57488046e+05	1.00000000e-10	3.57488046e+04	-3.44923528e+10	2.48720588e-03
1.24000000e+01	1.04255384e+01	-2.92969975e+07	-1.14029025e+06	1.00000000e-09	1.00000000e-09	1.00000000e-10	1.00000000e-10	0.00000000e+00	2.28663893e-03
1.25000000e+01	1.05096153e+01	-2.94725716e+07	-1.14712390e+06	1.00000000e-09	1.00000000e-09	1.00000000e-10	1.00000000e-10	0.00000000e+00	2.10224558e-03
1.26000000e+01	1.05936922e+01	-2.96434961e+07	-1.15377658e+06	1.00000000e-09	3.05264768e+05	1.00000000e-10	3.05264768e+04	-2.94535726e+10	1.93272162e-03
1.27000000e+01	1.06777692e+01	-2.98131058e+07	-1.16037809e+06	1.00000000e-09	3.67261362e+05	1.00000000e-10	3.67261362e+04	-3.54353345e+10	1.77686798e-03
1.28000000e+01	1.07618461e+01	-2.99827155e+07	-1.16697959e+06	1.00000000e-09	1.00000000e-09	1.00000000e-10	1.00000000e-10	0.00000000e+00	1.63358230e-03
1.29000000e+01	1.08459230e+01	-3.01523252e+07	-1.17358110e+06	1.00000000e-09	1.00000000e-09	1.00000000e-10	1.00000000e-10	0.00000000e+00	1.50185109e-03
1.30000000e+01	1.09299999e+01	-3.03172465e+07	-1.18000012e+06	1.00000000e-09	2.94386114e+05	1.00000000e-10	2.94386114e+04	-2.84039420e+10	1.38074262e-03
1.31000000e+01	1.10140768e+01	-3.04802455e+07	-1.18634433e+06	1.00000000e-09	3.77489702e+05	1.00000000e-10	3.77489702e+04	-3.64222193e+10	1.26940027e-03
1.32000000e+01	1.10981538e+01	-3.06432444e+07	-1.19268853e+06	1.00000000e-09	1.00000000e-09	1.00000000e-10	1.00000000e-10	0.00000000e+00	1.16703651e-03
1.33000000e+01	1.11822307e+01	-3.08062433e+07	-1.19903273e+06	1.00000000e-09	1.00000000e-09	1.00000000e-10	1.00000000e-10	0.00000000e+00	1.07292731e-03
1.34000000e+01	1.12663076e+01	-3.09646124e+07	-1.20519673e+06	1.00000000e-09	2.82399115e+05	1.00000000e-10	2.82399115e+04	-2.72473724e+10	9.86407027e-04
1.35000000e+01	1.13503845e+01	-3.11203939e+07	-1.21126002e+06	1.00000000e-09	3.88339980e+05	1.00000000e-10	3.88339980e+04	-3.74691119e+10	9.06863691e-04
1.36000000e+01	1.14344615e+01	-3.12761753e+07	-1.21732331e+06	1.00000000e-09	1.00000000e-09	1.00000000e-10	1.00000000e-10	0.00000000e+00	8.33734687e-04
1.37000000e+01	1.15185384e+01	-3.14319568e+07	-1.22338659e+06	1.00000000e-09	1.00000000e-09	1.00000000e-10	1.00000000e-10	0.00000000e+00	7.66502767e-04
1.38000000e+01	1.16026153e+01	-3.15832880e+07	-1.22927667e+06	1.00000000e-09	2.69120022e+05	1.00000000e-10	2.69120022e+04	-2.59661347e+10	7.04692393e-04
1.39000000e+01	1.16866922e+01	-3.17313150e+07	-1.23503813e+06	1.00000000e-09	4.00017465e+05	1.00000000e-10	4.00017465e+04	-3.85958179e+10	6.47866374e-04
1.40000000e+01	1.17707691e+01	-3.18793420e+07	-1.24079960e+06	1.00000000e-09	1.00000000e-09	1.00000000e-10	1.00000000e-10	0.00000000e+00	5.95622776e-04
1.41000000e+01	1.18548461e+01	-3.20273690e+07	-1.24656107e+06	1.00000000e-09	1.00000000e-09	1.00000000e-10	1.00000000e-10	0.00000000e+00	5.47592073e-04
1.42000000e+01	1.19389230e+01	-3.21712696e+07	-1.25216194e+06	1.00000000e-09	2.54358681e+05	1.00000000e-10	2.54358681e+04	-2.45418819e+10	5.03434541e-04
1.43000000e+01	1.20229999e+01	-3.23111117e+07	-1.25760483e+06	1.00000000e-09	4.12771479e+05	1.00000000e-10	4.12771479e+04	-3.98263933e+10	4.62837848e-04
1.44000000e+01	1.21070768e+01	-3.24509537e+07	-1.26304773e+06	1.00000000e-09	1.00000000e-09	1.00000000e-10	1.00000000e-10	0.00000000e+00	4.25514851e-04
1.45000000e+01	1.21911538e+01	-3.25907958e+07	-1.26849063e+06	1.00000000e-09	1.00000000e-09	1.00000000e-10	1.00000000e-10	0.00000000e+00	3.91201561e-04
1.46000000e+01	1.22752307e+01	-3.27269995e+07	-1.27379191e+06	1.00000000e-09	2.37937465e+05	1.00000000e-10	2.37937465e+04	-2.29574754e+10	3.59655276e-04
1.47000000e+01	1.23593076e+01	-3.28583745e+07	-1.27890526e+06	1.00000000e-09	4.26897575e+05	1.00000000e-10	4.26897575e+04	-4.11893543e+10	3.30652866e-04
1.48000000e+01	1.24433845e+01	-3.29897495e+07	-1.28401860e+06	1.00000000e-09	1.00000000e-09	1.00000000e-10	1.00000000e-10	0.00000000e+00	3.03989196e-04
1.49000000e+01	1.25274615e+01	-3.31211246e+07	-1.28913195e+06	1.00000000e-09	1.00000000e-09	1.00000000e-10	1.00000000e-10	0.00000000e+00	2.79475669e-04
1.50000000e+01	1.26115384e+01	-3.32495252e+07	-1.29412952e+06	1.00000000e-09	2.19721208e+05	1.00000000e-10	2.19721208e+04	-2.11998737e+10	2.56938901e-04
1.51000000e+01	1.26956153e+01	-3.33723433e+07	-1.29890982e+06	1.00000000e-09	4.42731913e+05	1.00000000e-10	4.42731913e+04	-4.27171357e+10	2.36219485e-04
1.52000000e+01	1.27796922e+01	-3.34951615e+07	-1.30369012e+06	1.00000000e-09	1.00000000e-09	1.00000000e-10	1.00000000e-10	0.00000000e+00	2.17170872e-04
1.53000000e+01	1.28637691e+01	-3.36179796e+07	-1.30847041e+06	1.00000000e-09	1.00000000e-09	1.00000000e-10	1.00000000e-10	0.00000000e+00	1.99658328e-04
1.54000000e+01	1.29478461e+01	-3.37386653e+07	-1.31316771e+06	1.00000000e-09	1.99660172e+05	1.00000000e-10	1.99660172e+04	-1.92642780e+10	1.83557987e-04
1.55000000e+01	1.30319230e+01	-3.38530720e+07	-1.31762062e+06	1.00000000e-09	4.60630550e+05	1.00000000e-10	4.60630550e+04	-4.44440916e+10	1.68755969e-04
1.56000000e+01	1.31159999e+01	-3.39674787e+07	-1.32207353e+06	1.00000000e-09	1.00000000e-09	1.00000000e-10	1.00000000e-10	0.00000000e+00	1.55147578e-04
1.57000000e+01	1.32000768e+01	-3.40818854e+07	-1.32652643e+06	1.00000000e-09	1.00000000e-09	1.00000000e-10	1.00000000e-10	0.00000000e+00	1.42636560e-04
1.58000000e+01	1.32841538e+01	-3.41951575e+07	-1.33093518e+06	1.00000000e-09	1.77833500e+05	1.00000000e-10	1.77833500e+04	-1.71583244e+10	1.31134424e-04
1.59000000e+01	1.33682307e+01	-3.43015526e+07	-1.33507627e+06	1.00000000e-09	4.80937272e+05	1.00000000e-10	4.80937272e+04	-4.64033924e+10	1.20559814e-04
1.60000000e+01	1.34523076e+01	-3.44079478e+07	-1.33921735e+06	1.00000000e-09	1.00000000e-09	1.00000000e-10	1.00000000e-10	0.00000000e+00	1.10837935e-04
1.61000000e+01	1.35363845e+01	-3.45143429e+07	-1.34335844e+06	1.00000000e-09	1.00000000e-09	1.00000000e-10	1.00000000e-10	0.00000000e+00	1.01900023e-04
1.62000000e+01	1.36204614e+01	-3.46207380e+07	-1.34749952e+06	1.00000000e-09	1.54508969e+05	1.00000000e-10	1.54508969e+04	-1.49078492e+10	9.36828597e-05
1.63000000e+01	1.37045384e+01	-3.47198061e+07	-1.35135542e+06	1.00000000e-09	5.03899852e+05	1.00000000e-10	5.03899852e+04	-4.86189445e+10	8.61283240e-05
1.64000000e+01	1.37886153e+01	-3.48182461e+07	-1.35518688e+06	1.00000000e-09	1.00000000e-09	1.00000000e-10	1.00000000e-10	0.00000000e+00	7.91829819e-05
1.65000000e+01	1.38726922e+01	-3.49166860e+07	-1.35901833e+06	1.00000000e-09	1.00000000e-09	1.00000000e-10	1.00000000e-10	0.00000000e+00	7.27977085e-05
1.66000000e+01	1.39567691e+01	-3.50151260e+07	-1.36284979e+06	1.00000000e-09	1.30898575e+05	1.00000000e-10	1.30898575e+04	-1.26297925e+10	6.69273402e-05
1.67000000e+01	1.40408461e+01	-3.51059987e+07	-1.36638671e+06	1.00000000e-09	5.30077184e+05	1.00000000e-10	5.30077184e+04	-5.11446732e+10	6.15303552e-05
1.68000000e+01	1.41249230e+01	-3.51948527e+07	-1.36984506e+06	1.00000000e-09	1.00000000e-09	1.00000000e-10	1.00000000e-10	0.00000000e+00	5.65685802e-05
1.69000000e+01	1.42089999e+01	-3.52837066e+07	-1.37330341e+06	1.00000000e-09	1.00000000e-09	1.00000000e-10	1.00000000e-10	0.00000000e+00	5.20069201e-05
1.70000000e+01	1.42930768e+01	-3.53725606e+07	-1.37676177e+06	1.00000000e-09	1.09541469e+05	1.00000000e-10	1.09541469e+04	-1.05691450e+10	4.78131098e-05
1.71000000e+01	1.43771537e+01	-3.54538921e+07	-1.37992733e+06	1.00000000e-09	5.60344590e+05	1.00000000e-10	5.60344590e+04	-5.40650338e+10	4.39574862e-05
1.72000000e+01	1.44612307e+01	-3.55316638e+07	-1.38295434e+06	1.00000000e-09	1.00000000e-09	1.00000000e-10	1.00000000e-10	0.00000000e+00	4.04127779e-05
1.73000000e+01	1.45453076e+01	-3.56094354e+07	-1.38598135e+06	1.00000000e-09	1.00000000e-09	1.00000000e-10	1.00000000e-10	0.00000000e+00	3.71539131e-05
1.74000000e+01	1.46293845e+01	-3.56872071e+07	-1.38900836e+06	1.00000000e-09	9.03640962e+04	1.00000000e-10	9.03640962e+03	-8.71880983e+09	3.41578414e-05
1.75000000e+01	1.47134614e+01	-3.57578673e+07	-1.39175858e+06	1.00000000e-09	5.95513149e+05	1.00000000e-10	5.95513149e+04	-5.74582840e+10	3.14033713e-05
1.76000000e+01	1.47975384e+01	-3.58233027e+07	-1.39430544e+06	1.00000000e-09	1.00000000e-09	1.00000000e-10	1.00000000e-10	0.00000000e+00	2.88710202e-05
1.77000000e+01	1.48816153e+01	-3.58887381e+07	-1.39685230e+06	1.00000000e-09	1.00000000e-09	1.00000000e-10	1.00000000e-10	0.00000000e+00	2.65428765e-05
1.78000000e+01	1.49656922e+01	-3.59541735e+07	-1.39939916e+06	1.00000000e-09	7.32569136e+04	1.00000000e-10	7.32569136e+03	-7.06821764e+09	2.44024731e-05
1.79000000e+01	1.50497691e+01	-3.60133618e+07	-1.40170287e+06	1.00000000e-09	6.35886902e+05	1.00000000e-10	6.35886902e+04	-6.13537590e+10	2.24346707e-05
1.80000000e+01	1.51338460e+01	-3.60655769e+07	-1.40373517e+06	1.00000000e-09	1.00000000e-09	1.00000000e-10	1.00000000e-10	0.00000000e+00	2.06255509e-05
1.81000000e+01	1.52179230e+01	-3.61177920e+07	-1.40576747e+06	1.00000000e-09	1.00000000e-09	1.00000000e-10	1.00000000e-10	0.00000000e+00	1.89623175e-05
1.82000000e+01	1.53019999e+01	-3.61700072e+07	-1.40779978e+06	1.00000000e-09	5.80292749e+04	1.00000000e-10	5.80292749e+03	-5.59897386e+09	1.74332063e-05
1.83000000e+01	1.53860768e+01	-3.62174016e+07	-1.40964445e+06	1.00000000e-09	6.79787534e+05	1.00000000e-10	6.79787534e+04	-6.55895260e+10	1.60274019e-05
1.84000000e+01	1.54701537e+01	-3.62560555e+07	-1.41114893e+06	1.00000000e-09	1.00000000e-09	1.00000000e-10	1.00000000e-10	0.00000000e+00	1.47349607e-05
1.85000000e+01	1.55542307e+01	-3.62947093e+07	-1.41265340e+06	1.00000000e-09	1.00000000e-09	1.00000000e-10	1.00000000e-10	0.00000000e+00	1.35467414e-05
1.86000000e+01	1.56383076e+01	-3.63333632e+07	-1.41415788e+06	1.00000000e-09	4.43617360e+04	1.00000000e-10	4.43617360e+03	-4.28025683e+09	1.24543394e-05
1.87000000e+01	1.57223845e+01	-3.63693219e+07	-1.41555745e+06	1.00000000e-09	7.19129699e+05	1.00000000e-10	7.19129699e+04	-6.93854678e+10	1.14500281e-05
1.88000000e+01	1.58064614e+01	-3.63948695e+07	-1.41655181e+06	1.00000000e-09	1.00000000e-09	1.00000000e-10	1.00000000e-10	0.00000000e+00	1.05267039e-05
1.89000000e+01	1.58905384e+01	-3.64204170e+07	-1.41754617e+06	1.00000000e-09	1.00000000e-09	1.00000000e-10	1.00000000e-10	0.00000000e+00	9.67783615e-06
1.90000000e+01	1.59746153e+01	-3.64459646e+07	-1.41854052e+06	1.00000000e-09	3.20293660e+04	1.00000000e-10	3.20293660e+03	-3.09036401e+09	8.89742061e-06
1.91000000e+01	1.60586922e+01	-3.64715122e+07	-1.41953488e+06	1.00000000e-09	7.32952304e+05	1.00000000e-10	7.32952304e+04	-7.07191465e+10	8.17993736e-06
1.92000000e+01	1.61427691e+01	-3.64852851e+07	-1.42007095e+06	1.00000000e-09	1.00000000e-09	1.00000000e-10	1.00000000e-10	0.00000000e+00	7.52031158e-06
1.93000000e+01	1.62268460e+01	-3.64970714e+07	-1.42052969e+06	1.00000000e-09	1.00000000e-09	1.00000000e-10	1.00000000e-10	0.00000000e+00	6.91387767e-06
1.94000000e+01	1.63109230e+01	-3.65088576e+07	-1.42098843e+06	1.00000000e-09	1.00000000e-09	1.00000000e-10	1.00000000e-10	0.00000000e+00	6.35634627e-06
1.95000000e+01	1.63949999e+01	-3.65206439e+07	-1.42144717e+06	1.46535308e+01	9.31260611e+05	1.46535308e+00	9.31260611e+04	-8.98515755e+10	5.84377390e-06
1.96000000e+01	1.64790768e+01	-3.65199246e+07	-1.42141917e+06	2.92442579e+02	1.72162533e+05	2.92442579e+01	1.72162533e+04	-1.65829428e+10	5.37253509e-06
1.97000000e+01	1.65631537e+01	-3.65129758e+07	-1.42114872e+06	1.06611805e+02	1.00000000e-09	1.06611805e+01	1.00000000e-10	1.02864754e+07	4.93929673e-06
1.98000000e+01	1.66472307e+01	-3.65060271e+07	-1.42087826e+06	1.00000000e-09	1.00000000e-09	1.00000000e-10	1.00000000e-10	0.00000000e+00	4.54099448e-06
1.99000000e+01	1.67313076e+01	-3.64990783e+07	-1.42060780e+06	1.00000000e-09	1.18117948e+05	1.00000000e-10	1.18117948e+04	-1.13966494e+10	4.17481111e-06
2.00000000e+01	1.68153845e+01	-3.64803280e+07	-1.41987800e+06	6.63413716e+01	6.47131686e+04	6.63413716e+00	6.47131686e+03	-6.23747059e+09	3.83815657e-06
2.01000000e+01	1.68994614e+01	-3.64496946e+07	-1.41868570e+06	1.28083310e+02	1.00000000e-09	1.28083310e+01	1.00000000e-10	1.23581607e+07	3.52864967e-06
2.02000000e+01	1.69835383e+01	-3.64190613e+07	-1.41749340e+06	1.00000000e-09	1.00000000e-09	1.00000000e-10	1.00000000e-10	0.00000000e+00	3.24410125e-06
2.03000000e+01	1.70676153e+01	-3.63884279e+07	-1.41630109e+06	1.00000000e-09	2.69067363e+04	1.00000000e-10	2.69067363e+03	-2.59610539e+09	2.98249865e-06
2.04000000e+01	1.71516922e+01	-3.63510857e+07	-1.41484767e+06	3.64766520e+01	5.79974007e+04	3.64766520e+00	5.79974007e+03	-5.59237900e+09	2.74199155e-06
2.05000000e+01	1.72357691e+01	-3.62938240e+07	-1.41261894e+06	8.82049001e+01	1.00000000e-09	8.82049001e+00	1.00000000e-10	8.51047908e+06	2.52087882e-06
2.06000000e+01	1.73198460e+01	-3.62365622e+07	-1.41039022e+06	1.00000000e-09	1.00000000e-09	1.00000000e-10	1.00000000e-10	0.00000000e+00	2.31759650e-06
2.07000000e+01	1.74039230e+01	-3.61793005e+07	-1.40816149e+06	1.00000000e-09	1.00000000e-09	1.00000000e-10	1.00000000e-10	0.00000000e+00	2.13070675e-06
2.08000000e+01	1.74879999e+01	-3.61220388e+07	-1.40593276e+06	2.84959121e+01	4.78907501e+04	2.84959121e+00	4.78907501e+03	-4.61800549e+09	1.95888770e-06
2.09000000e+01	1.75720768e+01	-3.60409185e+07	-1.40277542e+06	6.41951359e+01	5.29633232e+04	6.41951359e+00	5.29633232e+03	-5.10398994e+09	1.80092404e-06
2.10000000e+01	1.76561537e+01	-3.59218407e+07	-1.39814071e+06	1.00000000e-09	8.38256056e+02	1.00000000e-10	8.38256056e+01	-8.08794140e+07	1.65569849e-06
2.11000000e+01	1.77402306e+01	-3.58020477e+07	-1.39347815e+06	1.00000000e-09	1.60025796e-01	1.00000000e-10	1.60025796e-02	-1.54401420e+04	1.52218384e-06
2.12000000e+01	1.78243076e+01	-3.56822545e+07	-1.38881559e+06	1.66096528e+01	3.33300260e-01	1.66096528e+00	3.33300260e-02	1.57042928e+06	1.39943575e-06
2.13000000e+01	1.79083845e+01	-3.55624613e+07	-1.38415303e+06	6.38292640e+01	1.73067581e+03	6.38292640e+00	1.73067581e+02	-1.60826242e+08	1.28658600e-06
2.14000000e+01	1.79924614e+01	-3.54411833e+07	-1.37943268e+06	1.00000000e-09	6.16210080e+02	1.00000000e-10	6.16210080e+01	-5.94552342e+07	1.18283639e-06
2.15000000e+01	1.80765383e+01	-3.53193737e+07	-1.37469164e+06	1.00000000e-09	1.00000000e-09	1.00000000e-10	1.00000000e-10	0.00000000e+00	1.08745310e-06
2.16000000e+01	1.81606153e+01	-3.51975641e+07	-1.36995060e+06	2.63494863e+01	1.00000000e-09	2.63494863e+00	1.00000000e-10	2.54233894e+06	9.99761460e-07
2.17000000e+01	1.82446922e+01	-3.50757545e+07	-1.36520955e+06	7.26901802e+01	3.59076774e+02	7.26901802e+00	3.59076774e+01	-2.76321056e+07	9.19141229e-07
2.18000000e+01	1.83287691e+01	-3.49536324e+07	-1.36045635e+06	1.00000000e-09	5.92120630e+02	1.00000000e-10	5.92120630e+01	-5.71309557e+07	8.45022171e-07
2.19000000e+01	1.84128460e+01	-3.48309960e+07	-1.35568313e+06	1.00000000e-09	1.00000000e-09	1.00000000e-10	1.00000000e-10	0.00000000e+00	7.76880034e-07
2.20000000e+01	1.84969229e+01	-3.47083600e+07	-1.35090992e+06	2.33150893e+01	1.00000000e-09	2.33150893e+00	1.00000000e-10	2.24956413e+06	7.14232843e-07
2.21000000e+01	1.85809999e+01	-3.45857239e+07	-1.34613671e+06	8.09295965e+01	1.00000000e-09	8.09295965e+00	1.00000000e-10	7.80851899e+06	6.56637488e-07
2.22000000e+01	1.86650768e+01	-3.44630878e+07	-1.34136350e+06	1.00000000e-09	4.21062695e+02	1.00000000e-10	4.21062695e+01	-4.06263740e+07	6.03686592e-07
2.23000000e+01	1.87491537e+01	-3.43400854e+07	-1.33657603e+06	1.00000000e-09	3.34002185e+02	1.00000000e-10	3.34002185e+01	-3.22263118e+07	5.55005627e-07
2.24000000e+01	1.88332306e+01	-3.42167902e+07	-1.33177717e+06	1.73417669e+01	1.00000000e-09	1.73417669e+00	1.00000000e-10	1.67322614e+06	5.10250270e-07
2.25000000e+01	1.89173076e+01	-3.40934950e+07	-1.32697830e+06	8.85084840e+01	1.00000000e-09	8.85084840e+00	1.00000000e-10	8.53977048e+06	4.69103960e-07
2.26000000e+01	1.90013845e+01	-3.39701999e+07	-1.32217944e+06	1.00000000e-09	1.00000000e-09	1.00000000e-10	1.00000000e-10	0.00000000e+00	4.31275667e-07
2.27000000e+01	1.90854614e+01	-3.38469068e+07	-1.31738066e+06	1.00000000e-09	3.21095441e+02	1.00000000e-10	3.21095441e+01	-3.09810003e+07	3.96497828e-07
2.28000000e+01	1.91695383e+01	-3.37233322e+07	-1.31257092e+06	1.00926568e+01	3.39418289e+02	1.00926568e+00	3.39418289e+01	-3.17750930e+07	3.64524455e-07
2.29000000e+01	1.92536153e+01	-3.35994577e+07	-1.30774951e+06	9.37561861e+01	8.58589606e+01	9.37561861e+00	8.58589606e+00	7.61966431e+05	3.35129397e-07
2.30000000e+01	1.93376922e+01	-3.34755071e+07	-1.30292514e+06	1.00000000e-09	1.00000000e-09	1.00000000e-10	1.00000000e-10	0.00000000e+00	3.08104742e-07
2.31000000e+01	1.94217691e+01	-3.33515580e+07	-1.29810082e+06	1.00000000e-09	1.00000000e-09	1.00000000e-10	1.00000000e-10	0.00000000e+00	2.83259340e-07
2.32000000e+01	1.95058460e+01	-3.32276103e+07	-1.29327656e+06	3.03200267e+00	1.00000000e-09	3.03200267e-01	1.00000000e-10	2.92543785e+05	2.60417458e-07
2.33000000e+01	1.95899229e+01	-3.31036625e+07	-1.28845229e+06	9.72250985e+01	1.00000000e-09	9.72250985e+00	1.00000000e-10	9.38079592e+06	2.39417533e-07
2.34000000e+01	1.96739999e+01	-3.29797147e+07	-1.28362803e+06	1.00000000e-09	1.00000000e-09	1.00000000e-10	1.00000000e-10	0.00000000e+00	2.20111031e-07
2.35000000e+01	1.97580768e+01	-3.28557682e+07	-1.27880382e+06	1.00000000e-09	1.88599766e+00	1.00000000e-10	1.88599766e-01	-1.81971110e+05	2.02361395e-07
2.36000000e+01	1.98421537e+01	-3.27318215e+07	-1.27397960e+06	1.00000000e-09	2.24641517e+01	1.00000000e-10	2.24641517e+00	-2.16746113e+06	1.86043080e-07
2.37000000e+01	1.99262306e+01	-3.26078550e+07	-1.26915460e+06	9.99932962e+01	8.71436019e-04	9.99932962e+00	8.71436019e-05	9.64780231e+06	1.71040665e-07
2.38000000e+01	2.00103076e+01	-3.24838884e+07	-1.26432961e+06	6.58051291e+00	1.78612597e-04	6.58051291e-01	1.78612597e-05	6.34905740e+05	1.57248037e-07
2.39000000e+01	2.00943845e+01	-3.23599229e+07	-1.25950465e+06	1.00000000e-09	4.56056313e+00	1.00000000e-10	4.56056313e-01	-4.40027448e+05	1.44567640e-07
2.40000000e+01	2.01784614e+01	-3.22359550e+07	-1.25467961e+06	1.00000000e-09	1.64451403e+01	1.00000000e-10	1.64451403e+00	-1.58671482e+06	1.32909782e-07
2.41000000e+01	2.02625383e+01	-3.21119726e+07	-1.24985399e+06	1.02026400e+02	7.09928179e-01	1.02026400e+01	7.09928179e-02	9.77555342e+06	1.22192009e-07
2.42000000e+01	2.03466152e+01	-3.19879895e+07	-1.24502835e+06	1.45072955e+01	1.00000000e-09	1.45072955e+00	1.00000000e-10	1.39974122e+06	1.12338510e-07
2.43000000e+01	2.04306922e+01	-3.18640072e+07	-1.24020275e+06	1.00000000e-09	1.00000000e-09	1.00000000e-10	1.00000000e-10	0.00000000e+00	1.03279593e-07
2.44000000e+01	2.05147691e+01	-3.17400266e+07	-1.23537721e+06	1.00000000e-09	9.85386654e+00	1.00000000e-10	9.85386654e-01	-9.50753585e+05	9.49511815e-08
2.45000000e+01	2.05988460e+01	-3.16160374e+07	-1.23055133e+06	1.03243344e+02	4.87097806e+00	1.03243344e+01	4.87097806e-01	9.49149040e+06	8.72943689e-08
2.46000000e+01	2.06829229e+01	-3.14920437e+07	-1.22572528e+06	2.26303605e+01	1.00000000e-09	2.26303605e+00	1.00000000e-10	2.18349785e+06	8.02549976e-08
2.47000000e+01	2.07669999e+01	-3.13680508e+07	-1.22089926e+06	1.00000000e-09	1.00000000e-09	1.00000000e-10	1.00000000e-10	0.00000000e+00	7.37832774e-08
2.48000000e+01	2.08510768e+01	-3.12440596e+07	-1.21607331e+06	1.00000000e-09	4.05665634e+00	1.00000000e-10	4.05665634e-01	-3.91407834e+05	6.78334333e-08
2.49000000e+01	2.09351537e+01	-3.11200649e+07	-1.21124721e+06	1.03636282e+02	5.79973170e+00	1.03636282e+01	5.79973170e-01	9.43979204e+06	6.23633815e-08
2.50000000e+01	2.10192306e+01	-3.09960650e+07	-1.20642092e+06	3.10702656e+01	1.00000000e-09	3.10702656e+00	1.00000000e-10	2.99782489e+06	5.73344317e-08
2.51000000e+01	2.11033075e+01	-3.08720656e+07	-1.20159465e+06	1.00000000e-09	1.00000000e-09	1.00000000e-10	1.00000000e-10	0.00000000e+00	5.27110137e-08
2.52000000e+01	2.11873845e+01	-3.07480679e+07	-1.19676844e+06	1.00000000e-09	4.08158694e-03	1.00000000e-10	4.08158694e-04	-3.93813175e+02	4.84604257e-08
2.53000000e+01	2.12714614e+01	-3.06240703e+07	-1.19194224e+06	1.03202479e+02	5.00607360e+00	1.03202479e+01	5.00607360e-01	9.47451278e+06	4.45526029e-08
2.54000000e+01	2.13555383e+01	-3.05000682e+07	-1.18711586e+06	3.95221562e+01	1.27962602e+00	3.95221562e+00	1.27962602e-01	3.68984322e+06	4.09599048e-08
2.55000000e+01	2.14396152e+01	-3.03760653e+07	-1.18228945e+06	1.00000000e-09	1.00000000e-09	1.00000000e-10	1.00000000e-10	0.00000000e+00	3.76569199e-08
2.56000000e+01	2.15236922e+01	-3.02520642e+07	-1.17746311e+06	1.00000000e-09	1.00000000e-09	1.00000000e-10	1.00000000e-10	0.00000000e+00	3.46202860e-08
2.57000000e+01	2.16077691e+01	-3.01280632e+07	-1.17263678e+06	1.02045559e+02	2.85880305e+00	1.02045559e+01	2.85880305e-01	9.57006713e+06	3.18285246e-08
2.58000000e+01	2.16918460e+01	-3.00040596e+07	-1.16781034e+06	4.80094894e+01	2.73889963e+00	4.80094894e+00	2.73889963e-01	4.36794789e+06	2.92618894e-08
2.59000000e+01	2.17759229e+01	-2.98800536e+07	-1.16298381e+06	1.00000000e-09	1.00000000e-09	1.00000000e-10	1.00000000e-10	0.00000000e+00	2.69022262e-08
2.60000000e+01	2.18599998e+01	-2.97560496e+07	-1.15815736e+06	1.00000000e-09	1.00000000e-09	1.00000000e-10	1.00000000e-10	0.00000000e+00	2.47328451e-08
2.61000000e+01	2.19440768e+01	-2.96320456e+07	-1.15333091e+06	1.00051880e+02	4.84896725e-01	1.00051880e+01	4.84896725e-02	9.60675345e+06	2.27384017e-08
2.62000000e+01	2.20281537e+01	-2.95080412e+07	-1.14850444e+06	5.65536239e+01	2.74293032e+00	5.65536239e+00	2.74293032e-01	5.19194264e+06	2.09047891e-08
2.63000000e+01	2.21122306e+01	-2.93840343e+07	-1.14367788e+06	1.00000000e-09	4.25312779e-01	1.00000000e-10	4.25312779e-02	-4.10364447e+04	1.92190381e-08
2.64000000e+01	2.21963075e+01	-2.92600290e+07	-1.13885137e+06	1.00000000e-09	1.00000000e-09	1.00000000e-10	1.00000000e-10	0.00000000e+00	1.76692251e-08
2.65000000e+01	2.22803845e+01	-2.91360240e+07	-1.13402488e+06	9.69311268e+01	1.00000000e-09	9.69311268e+00	1.00000000e-10	9.35243196e+06	1.62443882e-08
2.66000000e+01	2.23644614e+01	-2.90120189e+07	-1.12919839e+06	6.50196151e+01	1.55156604e+00	6.50196151e+00	1.55156604e-01	6.12373580e+06	1.49344494e-08
2.67000000e+01	2.24485383e+01	-2.88880125e+07	-1.12437184e+06	1.00000000e-09	1.50141821e+00	1.00000000e-10	1.50141821e-01	-1.44864834e+05	1.37301434e-08
2.68000000e+01	2.25326152e+01	-2.87640067e+07	-1.11954532e+06	1.00000000e-09	1.00000000e-09	1.00000000e-10	1.00000000e-10	0.00000000e+00	1.26229520e-08
2.69000000e+01	2.26166921e+01	-2.86400013e+07	-1.11471881e+06	9.28997832e+01	1.00000000e-09	9.28997832e+00	1.00000000e-10	8.96346644e+06	1.16050438e-08
2.70000000e+01	2.27007691e+01	-2.85159960e+07	-1.10989231e+06	7.31816011e+01	1.00000000e-09	7.31816011e+00	1.00000000e-10	7.06095108e+06	1.06692193e-08
2.71000000e+01	2.27848460e+01	-2.83919907e+07	-1.10506581e+06	1.00000000e-09	1.35709259e+00	1.00000000e-10	1.35709259e-01	-1.30939529e+05	9.80885916e-09
2.72000000e+01	2.28689229e+01	-2.82679859e+07	-1.10023932e+06	1.00000000e-09	5.41247115e-01	1.00000000e-10	5.41247115e-02	-5.22224075e+04	9.01787799e-09
2.73000000e+01	2.29529998e+01	-2.81439814e+07	-1.09541285e+06	8.80723433e+01	1.00000000e-09	8.80723433e+00	1.00000000e-10	8.49768929e+06	8.29068113e-09
2.74000000e+01	2.30370768e+01	-2.80199769e+07	-1.09058638e+06	8.09217185e+01	1.00000000e-09	8.09217185e+00	1.00000000e-10	7.80775888e+06	7.62212503e-09
2.75000000e+01	2.31211537e+01	-2.78959723e+07	-1.08575991e+06	1.00000000e-09	1.81196832e-01	1.00000000e-10	1.81196832e-02	-1.74828364e+04	7.00748093e-09
2.76000000e+01	2.32052306e+01	-2.77719693e+07	-1.08093349e+06	1.00000000e-09	1.07798685e+00	1.00000000e-10	1.07798685e-01	-1.04009919e+05	6.44240141e-09
2.77000000e+01	2.32893075e+01	-2.76479662e+07	-1.07610708e+06	8.25687976e+01	2.38978575e-01	8.25687976e+00	2.38978575e-02	7.94361994e+06	5.92288960e-09
2.78000000e+01	2.33733845e+01	-2.75239629e+07	-1.07128065e+06	8.81856905e+01	1.00000000e-09	8.81856905e+00	1.00000000e-10	8.50862564e+06	5.44527095e-09
2.79000000e+01	2.34574614e+01	-2.73999596e+07	-1.06645423e+06	1.00000000e-09	1.00000000e-09	1.00000000e-10	1.00000000e-10	0.00000000e+00	5.00616720e-09
2.80000000e+01	2.35415383e+01	-2.72759578e+07	-1.06162786e+06	1.00000000e-09	1.70720370e-01	1.00000000e-10	1.70720370e-02	-1.64720115e+04	4.60247255e-09
2.81000000e+01	2.36256152e+01	-2.71519570e+07	-1.05680153e+06	7.64499394e+01	1.18242325e+00	7.64499394e+00	1.18242325e-01	7.26221129e+06	4.23133162e-09
2.82000000e+01	2.37096921e+01	-2.70279550e+07	-1.05197516e+06	9.49615969e+01	3.19559249e-01	9.49615969e+00	3.19559249e-02	9.13156844e+06	3.89011930e-09
2.83000000e+01	2.37937691e+01	-2.69039528e+07	-1.04714878e+06	1.00000000e-09	1.00000000e-09	1.00000000e-10	1.00000000e-10	0.00000000e+00	3.57642216e-09
2.84000000e+01	2.38778460e+01	-2.67799520e+07	-1.04232245e+06	1.00000000e-09	1.00000000e-09	1.00000000e-10	1.00000000e-10	0.00000000e+00	3.28802138e-09
2.85000000e+01	2.39619229e+01	-2.66559524e+07	-1.03749617e+06	6.97345293e+01	6.54808025e-01	6.97345293e+00	6.54808025e-02	6.66517985e+06	3.02287709e-09
2.86000000e+01	2.40459998e+01	-2.65319522e+07	-1.03266987e+06	1.01221570e+02	1.69138557e+00	1.01221570e+01	1.69138557e-01	9.60320293e+06	2.77911390e-09
2.87000000e+01	2.41300768e+01	-2.64079506e+07	-1.02784350e+06	1.00000000e-09	1.16833046e-01	1.00000000e-10	1.16833046e-02	-1.12726752e+04	2.55500764e-09
2.88000000e+01	2.42141537e+01	-2.62839501e+07	-1.02301719e+06	1.00000000e-09	1.00000000e-09	1.00000000e-10	1.00000000e-10	0.00000000e+00	2.34897319e-09
2.89000000e+01	2.42982306e+01	-2.61599510e+07	-1.01819093e+06	6.24217074e+01	1.00000000e-09	6.24217074e+00	1.00000000e-10	6.02277917e+06	2.15955324e-09
2.90000000e+01	2.43823075e+01	-2.60359518e+07	-1.01336467e+06	1.06944110e+02	1.54405261e+00	1.06944110e+01	1.54405261e-01	1.01695595e+07	1.98540802e-09
2.91000000e+01	2.44663844e+01	-2.59119513e+07	-1.00853835e+06	1.00000000e-09	1.98956081e+00	1.00000000e-10	1.98956081e-01	-1.91963435e+05	1.82530578e-09
2.92000000e+01	2.45504614e+01	-2.57879503e+07	-1.00371201e+06	1.00000000e-09	1.00000000e-09	1.00000000e-10	1.00000000e-10	0.00000000e+00	1.67811410e-09
2.93000000e+01	2.46345383e+01	-2.56639507e+07	-9.98885732e+05	5.45411470e+01	1.00000000e-09	5.45411470e+00	1.00000000e-10	5.26242069e+06	1.54279187e-09
2.94000000e+01	2.47186152e+01	-2.55399511e+07	-9.94059452e+05	1.12070677e+02	1.00000000e-09	1.12070677e+01	1.00000000e-10	1.08131765e+07	1.41838196e-09
2.95000000e+01	2.48026921e+01	-2.54159515e+07	-9.89233172e+05	1.00000000e-09	2.54175356e+00	1.00000000e-10	2.54175356e-01	-2.45241936e+05	1.30400439e-09
2.96000000e+01	2.48867691e+01	-2.52919508e+07	-9.84406846e+05	1.00000000e-09	1.70047272e+00	1.00000000e-10	1.70047272e-01	-1.64070675e+05	1.19885018e-09
2.97000000e+01	2.49708460e+01	-2.51679501e+07	-9.79580524e+05	4.61250056e+01	1.00000000e-09	4.61250056e+00	1.00000000e-10	4.45038649e+06	1.10217554e-09
2.98000000e+01	2.50549229e+01	-2.50439495e+07	-9.74754202e+05	1.16517447e+02	1.00000000e-09	1.16517447e+01	1.00000000e-10	1.12422245e+07	1.01329669e-09
2.99000000e+01	2.51389998e+01	-2.49199488e+07	-9.69927880e+05	1.00000000e-09	5.05140077e-01	1.00000000e-10	5.05140077e-02	-4.87386080e+04	9.31584987e-10
3.00000000e+01	2.52230767e+01	-2.47959486e+07	-9.65101574e+05	1.00000000e-09	2.98197969e+00	1.00000000e-10	2.98197969e-01	-2.87717301e+05	8.56462471e-10
3.01000000e+01	2.53071537e+01	-2.46719474e+07	-9.60275234e+05	3.72380351e+01	7.41690828e-01	3.72380351e+00	7.41690828e-02	3.52136189e+06	7.87397794e-10
3.02000000e+01	2.53912306e+01	-2.45479456e+07	-9.55448868e+05	1.20175836e+02	1.00000000e-09	1.20175836e+01	1.00000000e-10	1.15952054e+07	7.23902457e-10
3.03000000e+01	2.54753075e+01	-2.44239439e+07	-9.50622502e+05	1.00000000e-09	1.00000000e-09	1.00000000e-10	1.00000000e-10	0.00000000e+00	6.65527349e-10
3.04000000e+01	2.55593844e+01	-2.42999427e+07	-9.45796162e+05	1.00000000e-09	1.30509240e+00	1.00000000e-10	1.30509240e-01	-1.25922274e+05	6.11859579e-10
3.05000000e+01	2.56434614e+01	-2.41759423e+07	-9.40969849e+05	2.79844665e+01	2.85257138e+00	2.79844665e+00	2.85257138e-01	2.42485925e+06	5.62519549e-10
3.06000000e+01	2.57275383e+01	-2.40519393e+07	-9.36143437e+05	1.22960521e+02	9.23412693e-02	1.22960521e+01	9.23412693e-03	1.18549771e+07	5.17158273e-10
3.07000000e+01	2.58116152e+01	-2.39279363e+07	-9.31317022e+05	1.00000000e-09	1.00000000e-09	1.00000000e-10	1.00000000e-10	0.00000000e+00	4.75454906e-10
3.08000000e+01	2.58956921e+01	-2.38039337e+07	-9.26490624e+05	1.00000000e-09	1.00000000e-09	1.00000000e-10	1.00000000e-10	0.00000000e+00	4.37114476e-10
3.09000000e+01	2.59797690e+01	-2.36799330e+07	-9.21664300e+05	1.84873099e+01	1.43532622e+00	1.84873099e+00	1.43532622e-01	1.64526631e+06	4.01865798e-10
3.10000000e+01	2.60638460e+01	-2.35559310e+07	-9.16837927e+05	1.24831095e+02	2.35184937e+00	1.24831095e+01	2.35184937e-01	1.18174507e+07	3.69459555e-10
3.11000000e+01	2.61479229e+01	-2.34319269e+07	-9.12011472e+05	1.00000000e-09	9.76250841e-02	1.00000000e-10	9.76250841e-03	-9.41938857e+03	3.39666533e-10
3.12000000e+01	2.62319998e+01	-2.33079230e+07	-9.07185022e+05	1.00000000e-09	1.00000000e-09	1.00000000e-10	1.00000000e-10	0.00000000e+00	3.12276006e-10
3.13000000e+01	2.63160767e+01	-2.31839209e+07	-9.02358647e+05	8.86638724e+00	1.00000000e-09	8.86638724e-01	1.00000000e-10	8.55476318e+05	2.87094235e-10
3.14000000e+01	2.64001537e+01	-2.30599189e+07	-8.97532272e+05	1.25765603e+02	7.28105502e-01	1.25765603e+01	7.28105502e-02	1.20642844e+07	2.63943109e-10
3.15000000e+01	2.64842306e+01	-2.29359162e+07	-8.92705872e+05	1.00000000e-09	1.87327138e+00	1.00000000e-10	1.87327138e-01	-1.80743211e+05	2.42658878e-10
3.16000000e+01	2.65683075e+01	-2.28119119e+07	-8.87879407e+05	1.00000000e-09	7.66869276e-01	1.00000000e-10	7.66869276e-02	-7.39916367e+04	2.23090996e-10
3.17000000e+01	2.66523844e+01	-2.26879089e+07	-8.83052991e+05	1.00000000e-09	1.00000000e-09	1.00000000e-10	1.00000000e-10	0.00000000e+00	2.05101057e-10
3.18000000e+01	2.67364614e+01	-2.25639059e+07	-8.78226582e+05	1.25518265e+02	1.00000000e-09	1.25518265e+01	1.00000000e-10	1.21106715e+07	1.88561817e-10
3.19000000e+01	2.68205383e+01	-2.24399030e+07	-8.73400172e+05	3.35503541e+00	1.00000000e-09	3.35503541e-01	1.00000000e-10	3.23711705e+05	1.73356293e-10
3.20000000e+01	2.69046152e+01	-2.23159001e+07	-8.68573762e+05	1.00000000e-09	1.03739932e+00	1.00000000e-10	1.03739932e-01	-1.00093818e+05	1.59376934e-10
3.21000000e+01	2.69886921e+01	-2.21918982e+07	-8.63747390e+05	1.00000000e-09	1.58846921e+00	1.00000000e-10	1.58846921e-01	-1.53263979e+05	1.46524863e-10
3.22000000e+01	2.70727690e+01	-2.20678952e+07	-8.58920979e+05	1.24358713e+02	3.89658467e-01	1.24358713e+01	3.89658467e-02	1.19611954e+07	1.34709176e-10
3.23000000e+01	2.71568460e+01	-2.19438919e+07	-8.54094554e+05	1.28454622e+01	1.00000000e-09	1.28454622e+00	1.00000000e-10	1.23939869e+06	1.23846300e-10
3.24000000e+01	2.72409229e+01	-2.18198886e+07	-8.49268128e+05	1.00000000e-09	1.00000000e-09	1.00000000e-10	1.00000000e-10	0.00000000e+00	1.13859401e-10
3.25000000e+01	2.73249998e+01	-2.16958871e+07	-8.44441774e+05	1.00000000e-09	1.00000000e-09	1.00000000e-10	1.00000000e-10	0.00000000e+00	1.04677839e-10
3.26000000e+01	2.74090767e+01	-2.15718862e+07	-8.39615443e+05	1.22325712e+02	1.61369424e+00	1.22325712e+01	1.61369424e-01	1.16469391e+07	9.62366743e-11
3.27000000e+01	2.74931537e+01	-2.14478839e+07	-8.34789056e+05	2.21056787e+01	2.16636154e+00	2.21056787e+00	2.16636154e-01	1.92385164e+06	8.84762003e-11
3.28000000e+01	2.75772306e+01	-2.13238796e+07	-8.29962595e+05	1.00000000e-09	2.52563731e-01	1.00000000e-10	2.52563731e-02	-2.43686954e+04	8.13415267e-11
3.29000000e+01	2.76613075e+01	-2.11998769e+07	-8.25136192e+05	1.00000000e-09	1.00000000e-09	1.00000000e-10	1.00000000e-10	0.00000000e+00	7.47821894e-11
3.30000000e+01	2.77453844e+01	-2.10758750e+07	-8.20309820e+05	1.19465799e+02	1.00000000e-09	1.19465799e+01	1.00000000e-10	1.15266973e+07	6.87517936e-11
3.31000000e+01	2.78294613e+01	-2.09518730e+07	-8.15483448e+05	3.10456221e+01	1.00000000e-09	3.10456221e+00	1.00000000e-10	2.99544716e+06	6.32076857e-11
3.32000000e+01	2.79135383e+01	-2.08278711e+07	-8.10657076e+05	1.00000000e-09	1.07980414e+00	1.00000000e-10	1.07980414e-01	-1.04185261e+05	5.81106517e-11
3.33000000e+01	2.79976152e+01	-2.07038698e+07	-8.05830730e+05	1.00000000e-09	1.82490634e+00	1.00000000e-10	1.82490634e-01	-1.76076694e+05	5.34246397e-11
3.34000000e+01	2.80816921e+01	-2.05798679e+07	-8.01004358e+05	1.15843431e+02	1.28903665e+00	1.15843431e+01	1.28903665e-01	1.10528188e+07	4.91165053e-11
3.35000000e+01	2.81657690e+01	-2.04558648e+07	-7.96177942e+05	3.95911871e+01	1.00000000e-09	3.95911871e+00	1.00000000e-10	3.81996884e+06	4.51557765e-11
3.36000000e+01	2.82498460e+01	-2.03318617e+07	-7.91351526e+05	1.00000000e-09	1.00000000e-09	1.00000000e-10	1.00000000e-10	0.00000000e+00	4.15144388e-11
3.37000000e+01	2.83339229e+01	-2.02078601e+07	-7.86525168e+05	1.00000000e-09	1.00000000e-09	1.00000000e-10	1.00000000e-10	0.00000000e+00	3.81667366e-11
3.38000000e+01	2.84179998e+01	-2.00838596e+07	-7.81698854e+05	1.11520544e+02	1.00000000e-09	1.11520544e+01	1.00000000e-10	1.07600967e+07	3.50889914e-11
3.39000000e+01	2.85020767e+01	-1.99598592e+07	-7.76872539e+05	4.76728391e+01	1.00000000e-09	4.76728391e+00	1.00000000e-10	4.59972971e+06	3.22594338e-11
3.40000000e+01	2.85861536e+01	-1.98358587e+07	-7.72046225e+05	1.00000000e-09	6.04608371e-01	1.00000000e-10	6.04608371e-02	-5.83358394e+04	2.96580503e-11
3.41000000e+01	2.86702306e+01	-1.97118590e+07	-7.67219941e+05	1.00000000e-09	2.09566400e+00	1.00000000e-10	2.09566400e-01	-2.02200837e+05	2.72664410e-11
3.42000000e+01	2.87543075e+01	-1.95878588e+07	-7.62393635e+05	1.06556892e+02	2.78550245e+00	1.06556892e+01	2.78550245e-01	1.00124170e+07	2.50676897e-11
3.43000000e+01	2.88383844e+01	-1.94638561e+07	-7.57567233e+05	5.52336784e+01	2.95126492e+00	5.52336784e+00	2.95126492e-01	5.04448603e+06	2.30462446e-11
3.44000000e+01	2.89224613e+01	-1.93398507e+07	-7.52740729e+05	1.00000000e-09	2.66873197e+00	1.00000000e-10	2.66873197e-01	-2.57493491e+05	2.11878078e-11
3.45000000e+01	2.90065383e+01	-1.92158442e+07	-7.47914179e+05	1.00000000e-09	1.95586701e+00	1.00000000e-10	1.95586701e-01	-1.88712478e+05	1.94792342e-11
3.46000000e+01	2.90906152e+01	-1.90918374e+07	-7.43087615e+05	1.01026693e+02	1.09779880e+00	1.01026693e+01	1.09779880e-01	9.64167257e+06	1.79084392e-11
3.47000000e+01	2.91746921e+01	-1.89678295e+07	-7.38261014e+05	6.22173682e+01	6.84135016e-01	6.22173682e+00	6.84135016e-02	5.93705444e+06	1.64643122e-11
3.48000000e+01	2.92587690e+01	-1.88438211e+07	-7.33434389e+05	1.00000000e-09	5.26228722e-01	1.00000000e-10	5.26228722e-02	-5.07733530e+04	1.51366389e-11
3.49000000e+01	2.93428459e+01	-1.87198132e+07	-7.28607785e+05	1.00000000e-09	5.54621272e-01	1.00000000e-10	5.54621272e-02	-5.35128175e+04	1.39160284e-11
3.50000000e+01	2.94269229e+01	-1.85958063e+07	-7.23781220e+05	9.49931495e+01	3.12283252e-01	9.49931495e+00	3.12283252e-02	9.13531482e+06	1.27938473e-11
3.51000000e+01	2.95109998e+01	-1.84717991e+07	-7.18954644e+05	6.85920840e+01	1.44594768e-01	6.85920840e+00	1.44594768e-02	6.60417873e+06	1.17621583e-11
3.52000000e+01	2.95950767e+01	-1.83477918e+07	-7.14128063e+05	1.00000000e-09	1.33324435e-01	1.00000000e-10	1.33324435e-02	-1.28638523e+04	1.08136641e-11
3.53000000e+01	2.96791536e+01	-1.82237852e+07	-7.09301511e+05	1.00000000e-09	2.64092931e-01	1.00000000e-10	2.64092931e-02	-2.54810941e+04	9.94165601e-12
3.54000000e+01	2.97632306e+01	-1.80997800e+07	-7.04475011e+05	8.85195462e+01	2.66133809e-01	8.85195462e+00	2.66133809e-02	8.51515980e+06	9.13996618e-12
3.55000000e+01	2.98473075e+01	-1.79757745e+07	-6.99648501e+05	7.43241952e+01	6.19569533e-02	7.43241952e+00	6.19569533e-03	7.16521672e+06	8.40292419e-12
3.56000000e+01	2.99313844e+01	-1.78517689e+07	-6.94821989e+05	1.00000000e-09	2.85723256e-02	1.00000000e-10	2.85723256e-03	-2.75681023e+03	7.72531687e-12
3.57000000e+01	3.00154613e+01	-1.77277641e+07	-6.89995503e+05	1.00000000e-09	7.33996288e-02	1.00000000e-10	7.33996288e-03	-7.08198747e+03	7.10235144e-12
3.58000000e+01	3.00995383e+01	-1.76037607e+07	-6.85169078e+05	8.16752868e+01	2.39554740e-01	8.16752868e+00	2.39554740e-02	7.85735365e+06	6.52962161e-12
3.59000000e+01	3.01836152e+01	-1.74797572e+07	-6.80342644e+05	7.93843419e+01	8.00300692e-02	7.93843419e+00	8.00300692e-03	7.65170287e+06	6.00307641e-12
3.60000000e+01	3.02676921e+01	-1.73557536e+07	-6.75516207e+05	1.00000000e-09	1.12202625e-02	1.00000000e-10	1.12202625e-03	-1.08259066e+03	5.51899153e-12
3.61000000e+01	3.03517690e+01	-1.72317505e+07	-6.70689790e+05	1.00000000e-09	2.03737228e-02	1.00000000e-10	2.03737228e-03	-1.96576532e+03	5.07394300e-12
3.62000000e+01	3.04358459e+01	-1.71077490e+07	-6.65863437e+05	7.45316813e+01	1.70494383e-01	7.45316813e+00	1.70494383e-02	7.17476382e+06	4.66478295e-12
3.63000000e+01	3.05199229e+01	-1.69837474e+07	-6.61037078e+05	8.37502941e+01	1.71717629e-01	8.37502941e+00	1.71717629e-02	8.06410671e+06	4.28861734e-12
3.64000000e+01	3.06039998e+01	-1.68597457e+07	-6.56210713e+05	1.00000000e-09	1.38961335e-03	1.00000000e-10	1.38961335e-04	-1.34077210e+02	3.94278553e-12
3.65000000e+01	3.06880767e+01	-1.67357442e+07	-6.51384361e+05	1.00000000e-09	3.15785990e-04	1.00000000e-10	3.15785990e-05	-3.04686197e+01	3.62484141e-12
3.66000000e+01	3.07721536e+01	-1.66117445e+07	-6.46558074e+05	6.71606511e+01	3.75945356e-02	6.71606511e+00	3.75945356e-03	6.47639040e+06	3.33253613e-12
3.67000000e+01	3.08562306e+01	-1.64877447e+07	-6.41731787e+05	8.74045413e+01	1.91316653e-01	8.74045413e+00	1.91316653e-02	8.41479694e+06	3.06380220e-12
3.68000000e+01	3.09403075e+01	-1.63637448e+07	-6.36905492e+05	1.00000000e-09	2.36804933e-02	1.00000000e-10	2.36804933e-03	-2.28482016e+03	2.81673882e-12
3.69000000e+01	3.10243844e+01	-1.62397449e+07	-6.32079203e+05	1.00000000e-09	5.94929864e-08	1.00000000e-10	5.94929864e-09	-5.64371522e-03	2.58959851e-12
3.70000000e+01	3.11084613e+01	-1.61157468e+07	-6.27252980e+05	5.96339161e+01	3.44280255e-07	5.96339161e+00	3.44280255e-08	5.75379817e+06	2.38077467e-12
3.71000000e+01	3.11925382e+01	-1.59917487e+07	-6.22426757e+05	9.03396173e+01	1.36742914e-01	9.03396173e+00	1.36742914e-02	8.70325429e+06	2.18879027e-12
3.72000000e+01	3.12766152e+01	-1.58677505e+07	-6.17600529e+05	1.00000000e-09	1.10247646e-01	1.00000000e-10	1.10247646e-02	-1.06372807e+04	2.01228739e-12
3.73000000e+01	3.13606921e+01	-1.57437521e+07	-6.12774297e+05	1.00000000e-09	1.00000000e-09	1.00000000e-10	1.00000000e-10	0.00000000e+00	1.85001761e-12
3.74000000e+01	3.14447690e+01	-1.56197555e+07	-6.07948131e+05	5.20215488e+01	1.00000000e-09	5.20215488e+00	1.00000000e-10	5.01931641e+06	1.70083318e-12
3.75000000e+01	3.15288459e+01	-1.54957589e+07	-6.03121970e+05	9.23654279e+01	4.04994508e-02	9.23654279e+00	4.04994508e-03	8.90800138e+06	1.56367890e-12
3.76000000e+01	3.16129229e+01	-1.53717623e+07	-5.98295806e+05	1.00000000e-09	1.38452691e-01	1.00000000e-10	1.38452691e-02	-1.33586538e+04	1.43758467e-12
3.77000000e+01	3.16969998e+01	-1.52477656e+07	-5.93469638e+05	1.00000000e-09	5.35377513e-03	1.00000000e-10	5.35377513e-04	-5.16560675e+02	1.32165861e-12
3.78000000e+01	3.17810767e+01	-1.51237706e+07	-5.88643535e+05	4.43941274e+01	1.00000000e-09	4.43941274e+00	1.00000000e-10	4.28338213e+06	1.21508076e-12
3.79000000e+01	3.18651536e+01	-1.49997758e+07	-5.83817442e+05	9.36867564e+01	1.00000000e-09	9.36867564e+00	1.00000000e-10	9.03939781e+06	1.11709730e-12
3.80000000e+01	3.19492305e+01	-1.48757810e+07	-5.78991349e+05	1.00000000e-09	1.11436910e-01	1.00000000e-10	1.11436910e-02	-1.07520272e+04	1.02701517e-12
3.81000000e+01	3.20333075e+01	-1.47517862e+07	-5.74165252e+05	1.00000000e-09	7.78154573e-02	1.00000000e-10	7.78154573e-03	-7.50805015e+03	9.44197214e-13
3.82000000e+01	3.21173844e+01	-1.46277928e+07	-5.69339215e+05	3.68188014e+01	1.00000000e-09	3.68188014e+00	1.00000000e-10	3.55247428e+06	8.68057654e-13
3.83000000e+01	3.22014613e+01	-1.45038000e+07	-5.64513196e+05	9.43184886e+01	1.00000000e-09	9.43184886e+00	1.00000000e-10	9.10035070e+06	7.98057949e-13
3.84000000e+01	3.22855382e+01	-1.43798071e+07	-5.59687177e+05	1.00000000e-09	4.40215965e-02	1.00000000e-10	4.40215965e-03	-4.24743827e+03	7.33702982e-13
3.85000000e+01	3.23696152e+01	-1.42558141e+07	-5.54861156e+05	1.00000000e-09	1.09579600e-01	1.00000000e-10	1.09579600e-02	-1.05728240e+04	6.74537565e-13
3.86000000e+01	3.24536921e+01	-1.41318227e+07	-5.50035191e+05	2.93588797e+01	1.00000000e-09	2.93588797e+00	1.00000000e-10	2.83270126e+06	6.20143216e-13
3.87000000e+01	3.25377690e+01	-1.40078318e+07	-5.45209250e+05	9.42801304e+01	1.00000000e-09	9.42801304e+00	1.00000000e-10	9.09664969e+06	5.70135198e-13
3.88000000e+01	3.26218459e+01	-1.38838409e+07	-5.40383309e+05	1.00000000e-09	1.00000000e-09	1.00000000e-10	1.00000000e-10	0.00000000e+00	5.24159800e-13
3.89000000e+01	3.27059228e+01	-1.37598501e+07	-5.35557368e+05	1.00000000e-09	9.73327557e-02	1.00000000e-10	9.73327557e-03	-9.39118316e+03	4.81891834e-13
3.90000000e+01	3.27899998e+01	-1.36358606e+07	-5.30731481e+05	2.20752137e+01	5.65434848e-02	2.20752137e+00	5.65434848e-03	2.12447871e+06	4.43032333e-13
3.91000000e+01	3.28740767e+01	-1.35118718e+07	-5.25905621e+05	9.35998156e+01	1.00000000e-09	9.35998156e+00	1.00000000e-10	9.03100929e+06	4.07306443e-13
3.92000000e+01	3.29581536e+01	-1.33878830e+07	-5.21079761e+05	1.00000000e-09	1.00000000e-09	1.00000000e-10	1.00000000e-10	0.00000000e+00	3.74461468e-13
3.93000000e+01	3.30422305e+01	-1.32638942e+07	-5.16253901e+05	1.00000000e-09	4.74869266e-02	1.00000000e-10	4.74869266e-03	-4.58179179e+03	3.44265096e-13
3.94000000e+01	3.31263075e+01	-1.31399068e+07	-5.11428094e+05	1.50265666e+01	9.04168931e-02	1.50265666e+00	9.04168931e-03	1.44111936e+06	3.16503742e-13
3.95000000e+01	3.32103844e+01	-1.30159201e+07	-5.06602318e+05	9.23091857e+01	1.00000000e-09	9.23091857e+00	1.00000000e-10	8.90648244e+06	2.90981049e-13
3.96000000e+01	3.32944613e+01	-1.28919335e+07	-5.01776541e+05	1.00000000e-09	1.00000000e-09	1.00000000e-10	1.00000000e-10	0.00000000e+00	2.67516493e-13
3.97000000e+01	3.33785382e+01	-1.27679468e+07	-4.96950765e+05	1.00000000e-09	1.00000000e-09	1.00000000e-10	1.00000000e-10	0.00000000e+00	2.45944106e-13
3.98000000e+01	3.34626152e+01	-1.26439615e+07	-4.92125039e+05	8.26455767e+00	8.79864469e-02	8.26455767e-01	8.79864469e-03	7.88919190e+05	2.26111304e-13
3.99000000e+01	3.35466921e+01	-1.25199771e+07	-4.87299349e+05	9.04434919e+01	3.98803503e-02	9.04434919e+00	3.98803503e-03	8.72262248e+06	2.07877809e-13
4.00000000e+01	3.36307690e+01	-1.23959926e+07	-4.82473658e+05	1.00000000e-09	1.00000000e-09	1.00000000e-10	1.00000000e-10	0.00000000e+00	1.91114654e-13
4.01000000e+01	3.37148459e+01	-1.22720082e+07	-4.77647966e+05	1.00000000e-09	1.00000000e-09	1.00000000e-10	1.00000000e-10	0.00000000e+00	1.75703270e-13
4.02000000e+01	3.37989228e+01	-1.21480249e+07	-4.72822321e+05	1.83872296e+00	5.10596454e-02	1.83872296e-01	5.10596454e-03	1.72483288e+05	1.61534652e-13
4.03000000e+01	3.38829998e+01	-1.20240427e+07	-4.67996717e+05	8.80429837e+01	7.51021093e-02	8.80429837e+00	7.51021093e-03	8.48761027e+06	1.48508584e-13
4.04000000e+01	3.39670767e+01	-1.19000604e+07	-4.63171111e+05	1.00000000e-09	1.00000000e-09	1.00000000e-10	1.00000000e-10	0.00000000e+00	1.36532931e-13
4.05000000e+01	3.40511536e+01	-1.17760781e+07	-4.58345505e+05	1.00000000e-09	1.00000000e-09	1.00000000e-10	1.00000000e-10	0.00000000e+00	1.25522989e-13
4.06000000e+01	3.41352305e+01	-1.16520969e+07	-4.53519939e+05	1.00000000e-09	1.00000000e-09	1.00000000e-10	1.00000000e-10	0.00000000e+00	1.15400882e-13
4.07000000e+01	3.42193075e+01	-1.15281169e+07	-4.48694422e+05	8.51538492e+01	8.02023371e-02	8.51538492e+00	8.02023371e-03	8.20835907e+06	1.06095016e-13
4.08000000e+01	3.43033844e+01	-1.14041369e+07	-4.43868902e+05	5.96731789e+00	2.55206793e-02	5.96731789e-01	2.55206793e-03	5.73296277e+05	9.75395708e-14
4.09000000e+01	3.43874613e+01	-1.12801568e+07	-4.39043380e+05	1.00000000e-09	1.00000000e-09	1.00000000e-10	1.00000000e-10	0.00000000e+00	8.96740319e-14
4.10000000e+01	3.44715382e+01	-1.11561776e+07	-4.34217895e+05	1.00000000e-09	1.00000000e-09	1.00000000e-10	1.00000000e-10	0.00000000e+00	8.24427658e-14
4.11000000e+01	3.45556151e+01	-1.10321998e+07	-4.29392461e+05	8.18221088e+01	5.37222041e-02	8.18221088e+00	5.37222041e-03	7.88944994e+06	7.57946252e-14
4.12000000e+01	3.46396921e+01	-1.09082219e+07	-4.24567025e+05	1.15165250e+01	6.15602928e-02	1.15165250e+00	6.15602928e-03	1.10523608e+06	6.96825871e-14
4.13000000e+01	3.47237690e+01	-1.07842439e+07	-4.19741586e+05	1.00000000e-09	1.00000000e-09	1.00000000e-10	1.00000000e-10	0.00000000e+00	6.40634205e-14
4.14000000e+01	3.48078459e+01	-1.06602667e+07	-4.14916178e+05	1.00000000e-09	1.00000000e-09	1.00000000e-10	1.00000000e-10	0.00000000e+00	5.88973804e-14
4.15000000e+01	3.48919228e+01	-1.05362910e+07	-4.10090825e+05	7.80968044e+01	9.36293794e-03	7.80968044e+00	9.36293794e-04	7.53429273e+06	5.41479271e-14
4.16000000e+01	3.49759998e+01	-1.04123152e+07	-4.05265471e+05	1.66013344e+01	7.20305780e-02	1.66013344e+00	7.20305780e-03	1.59483537e+06	4.97814672e-14
4.17000000e+01	3.50600767e+01	-1.02883393e+07	-4.00440114e+05	1.00000000e-09	1.26294492e-02	1.00000000e-10	1.26294492e-03	-1.21855651e+03	4.57671163e-14
4.18000000e+01	3.51441536e+01	-1.01643641e+07	-3.95614782e+05	1.00000000e-09	1.00000000e-09	1.00000000e-10	1.00000000e-10	0.00000000e+00	4.20764804e-14
4.19000000e+01	3.52282305e+01	-1.00403903e+07	-3.90789506e+05	7.40306029e+01	1.00000000e-09	7.40306029e+00	1.00000000e-10	7.14286731e+06	3.86834555e-14
4.20000000e+01	3.53123074e+01	-9.91641652e+06	-3.85964230e+05	2.11919588e+01	5.44755148e-02	2.11919588e+00	5.44755148e-03	2.03945710e+06	3.55640423e-14
4.21000000e+01	3.53963844e+01	-9.79244269e+06	-3.81138952e+05	1.00000000e-09	4.89106335e-02	1.00000000e-10	4.89106335e-03	-4.71915863e+03	3.26961769e-14
4.22000000e+01	3.54804613e+01	-9.66846930e+06	-3.76313692e+05	1.00000000e-09	1.00000000e-09	1.00000000e-10	1.00000000e-10	0.00000000e+00	3.00595747e-14
4.23000000e+01	3.55645382e+01	-9.54449741e+06	-3.71488490e+05	6.96791133e+01	1.00000000e-09	6.96791133e+00	1.00000000e-10	6.72301239e+06	2.76355866e-14
4.24000000e+01	3.56486151e+01	-9.42052552e+06	-3.66663287e+05	2.52652691e+01	1.75863799e-02	2.52652691e+00	1.75863799e-03	2.43603105e+06	2.54070677e-14
4.25000000e+01	3.57326921e+01	-9.29655362e+06	-3.61838085e+05	1.00000000e-09	6.34827311e-02	1.00000000e-10	6.34827311e-03	-6.12515230e+03	2.33582553e-14
4.26000000e+01	3.58167690e+01	-9.17258199e+06	-3.57012893e+05	1.00000000e-09	2.19010711e-03	1.00000000e-10	2.19010711e-04	-2.11313115e+02	2.14746581e-14
4.27000000e+01	3.59008459e+01	-9.04861189e+06	-3.52187760e+05	6.50972141e+01	1.00000000e-09	6.50972141e+00	1.00000000e-10	6.28092633e+06	1.97429531e-14
4.28000000e+01	3.59849228e+01	-8.92464178e+06	-3.47362627e+05	2.88048710e+01	1.00000000e-09	2.88048710e+00	1.00000000e-10	2.77924755e+06	1.81508919e-14
4.29000000e+01	3.60689997e+01	-8.80067168e+06	-3.42537495e+05	1.00000000e-09	5.33327545e-02	1.00000000e-10	5.33327545e-03	-5.14582843e+03	1.66872137e-14
4.30000000e+01	3.61530767e+01	-8.67670171e+06	-3.37712367e+05	1.00000000e-09	3.72241555e-02	1.00000000e-10	3.72241555e-03	-3.59158491e+03	1.53415657e-14
4.31000000e+01	3.62371536e+01	-8.55273325e+06	-3.32887298e+05	6.03391180e+01	1.00000000e-09	6.03391180e+00	1.00000000e-10	5.82183984e+06	1.41044300e-14
4.32000000e+01	3.63212305e+01	-8.42876480e+06	-3.28062230e+05	3.18003813e+01	1.00000000e-09	3.18003813e+00	1.00000000e-10	3.06827035e+06	1.29670563e-14
4.33000000e+01	3.64053074e+01	-8.30479634e+06	-3.23237161e+05	1.00000000e-09	2.32673873e-02	1.00000000e-10	2.32673873e-03	-2.24496150e+03	1.19213998e-14
4.34000000e+01	3.64893844e+01	-8.18082789e+06	-3.18412093e+05	1.00000000e-09	5.49853643e-02	1.00000000e-10	5.49853643e-03	-5.30528104e+03	1.09600645e-14
4.35000000e+01	3.65734613e+01	-8.05686093e+06	-3.13587083e+05	5.54598496e+01	1.00000000e-09	5.54598496e+00	1.00000000e-10	5.35106201e+06	1.00762507e-14
4.36000000e+01	3.66575382e+01	-7.93289402e+06	-3.08762074e+05	3.41443747e+01	1.00000000e-09	3.41443747e+00	1.00000000e-10	3.29443133e+06	9.26370726e-15
4.37000000e+01	3.67416151e+01	-7.80892712e+06	-3.03937066e+05	1.00000000e-09	1.00000000e-09	1.00000000e-10	1.00000000e-10	0.00000000e+00	8.51668685e-15
4.38000000e+01	3.68256921e+01	-7.68496021e+06	-2.99112058e+05	1.00000000e-09	5.04573385e-02	1.00000000e-10	5.04573385e-03	-4.86839297e+03	7.82990577e-15
4.39000000e+01	3.69097690e+01	-7.56099479e+06	-2.94287107e+05	5.05134362e+01	2.71519944e-02	5.05134362e+00	2.71519944e-03	4.87118590e+06	7.19850635e-15
4.40000000e+01	3.69938459e+01	-7.43702955e+06	-2.89462164e+05	3.58780310e+01	1.00000000e-09	3.58780310e+00	1.00000000e-10	3.46170374e+06	6.61802264e-15
4.41000000e+01	3.70779228e+01	-7.31306431e+06	-2.84637220e+05	1.00000000e-09	1.00000000e-09	1.00000000e-10	1.00000000e-10	0.00000000e+00	6.08434883e-15
4.42000000e+01	3.71619997e+01	-7.18909906e+06	-2.79812277e+05	1.00000000e-09	2.65154868e-02	1.00000000e-10	2.65154868e-03	-2.55835545e+03	5.59371018e-15
4.43000000e+01	3.72460767e+01	-7.06513531e+06	-2.74987391e+05	4.55576420e+01	4.64346332e-02	4.55576420e+00	4.64346332e-03	4.39116395e+06	5.14263638e-15
4.44000000e+01	3.73301536e+01	-6.94117186e+06	-2.70162517e+05	3.70646873e+01	1.00000000e-09	3.70646873e+00	1.00000000e-10	3.57619867e+06	4.72793693e-15
4.45000000e+01	3.74142305e+01	-6.81720840e+06	-2.65337644e+05	1.00000000e-09	1.00000000e-09	1.00000000e-10	1.00000000e-10	0.00000000e+00	4.34667862e-15
4.46000000e+01	3.74983074e+01	-6.69324495e+06	-2.60512770e+05	1.00000000e-09	1.00000000e-09	1.00000000e-10	1.00000000e-10	0.00000000e+00	3.99616478e-15
4.47000000e+01	3.75823844e+01	-6.56928297e+06	-2.55687953e+05	4.06492296e+01	4.63980478e-02	4.06492296e+00	4.63980478e-03	3.91757769e+06	3.67391618e-15
4.48000000e+01	3.76664613e+01	-6.44532144e+06	-2.50863154e+05	3.77150231e+01	1.90522276e-02	3.77150231e+00	1.90522276e-03	3.63710827e+06	3.37765354e-15
4.49000000e+01	3.77505382e+01	-6.32135989e+06	-2.46038354e+05	1.00000000e-09	1.00000000e-09	1.00000000e-10	1.00000000e-10	0.00000000e+00	3.10528136e-15
4.50000000e+01	3.78346151e+01	-6.19739834e+06	-2.41213555e+05	1.00000000e-09	1.00000000e-09	1.00000000e-10	1.00000000e-10	0.00000000e+00	2.85487313e-15
4.51000000e+01	3.79186920e+01	-6.07343820e+06	-2.36388810e+05	3.58428706e+01	2.76092587e-02	3.58428706e+00	2.76092587e-03	3.45564738e+06	2.62465769e-15
4.52000000e+01	3.80027690e+01	-5.94947867e+06	-2.31564089e+05	3.78454359e+01	3.86866388e-02	3.78454359e+00	3.86866388e-03	3.64779676e+06	2.41300669e-15
4.53000000e+01	3.80868459e+01	-5.82551911e+06	-2.26739366e+05	1.00000000e-09	1.00000000e-09	1.00000000e-10	1.00000000e-10	0.00000000e+00	2.21842312e-15
4.54000000e+01	3.81709228e+01	-5.70155955e+06	-2.21914644e+05	1.00000000e-09	1.00000000e-09	1.00000000e-10	1.00000000e-10	0.00000000e+00	2.03953067e-15
4.55000000e+01	3.82549997e+01	-5.57760133e+06	-2.17089974e+05	3.11892582e+01	1.00000000e-09	3.11892582e+00	1.00000000e-10	3.00930594e+06	1.87506400e-15
4.56000000e+01	3.83390767e+01	-5.45364387e+06	-2.12265333e+05	3.74769629e+01	4.14636326e-02	3.74769629e+00	4.14636326e-03	3.61197658e+06	1.72385984e-15
4.57000000e+01	3.84231536e+01	-5.32968638e+06	-2.07440691e+05	1.00000000e-09	1.29917940e-02	1.00000000e-10	1.29917940e-03	-1.25351746e+03	1.58484870e-15
4.58000000e+01	3.85072305e+01	-5.20572887e+06	-2.02616049e+05	1.00000000e-09	1.00000000e-09	1.00000000e-10	1.00000000e-10	0.00000000e+00	1.45704735e-15
4.59000000e+01	3.85913074e+01	-5.08177263e+06	-1.97791456e+05	2.67359432e+01	1.00000000e-09	2.67359432e+00	1.00000000e-10	2.57962636e+06	1.33955183e-15
4.60000000e+01	3.86753843e+01	-4.95781728e+06	-1.92966898e+05	3.66343325e+01	2.70285137e-02	3.66343325e+00	2.70285137e-03	3.53206789e+06	1.23153109e-15
4.61000000e+01	3.87594613e+01	-4.83386191e+06	-1.88142338e+05	1.00000000e-09	3.22098741e-02	1.00000000e-10	3.22098741e-03	-3.10778030e+03	1.13222108e-15
4.62000000e+01	3.88435382e+01	-4.70990651e+06	-1.83317778e+05	1.00000000e-09	1.00000000e-09	1.00000000e-10	1.00000000e-10	0.00000000e+00	1.04091937e-15
4.63000000e+01	3.89276151e+01	-4.58595228e+06	-1.78493263e+05	2.25274147e+01	1.00000000e-09	2.25274147e+00	1.00000000e-10	2.17356509e+06	9.56980191e-16
4.64000000e+01	3.90116920e+01	-4.46199905e+06	-1.73668787e+05	3.53452149e+01	2.79257006e-03	3.53452149e+00	2.79257006e-04	3.41002536e+06	8.79809819e-16
4.65000000e+01	3.90957690e+01	-4.33804583e+06	-1.68844311e+05	1.00000000e-09	3.64685354e-02	1.00000000e-10	3.64685354e-03	-3.51867865e+03	8.08862425e-16
4.66000000e+01	3.91798459e+01	-4.21409257e+06	-1.64019834e+05	1.00000000e-09	9.01266517e-03	1.00000000e-10	9.01266517e-04	-8.69589896e+02	7.43636191e-16
4.67000000e+01	3.92639228e+01	-4.09014037e+06	-1.59195398e+05	1.86054251e+01	1.00000000e-09	1.86054251e+00	1.00000000e-10	1.79515062e+06	6.83669765e-16
4.68000000e+01	3.93479997e+01	-3.96618929e+06	-1.54371006e+05	3.36406652e+01	1.00000000e-09	3.36406652e+00	1.00000000e-10	3.24583075e+06	6.28539001e-16
4.69000000e+01	3.94320766e+01	-3.84223821e+06	-1.49546614e+05	1.00000000e-09	2.49878106e-02	1.00000000e-10	2.49878106e-03	-2.41095711e+03	5.77853951e-16
4.70000000e+01	3.95161536e+01	-3.71828711e+06	-1.44722221e+05	1.00000000e-09	2.70704468e-02	1.00000000e-10	2.70704468e-03	-2.61190095e+03	5.31256117e-16
4.71000000e+01	3.96002305e+01	-3.59433694e+06	-1.39897864e+05	1.50091935e+01	1.00000000e-09	1.50091935e+00	1.00000000e-10	1.44816702e+06	4.88415907e-16
4.72000000e+01	3.96843074e+01	-3.47038799e+06	-1.35073555e+05	3.15554553e+01	1.00000000e-09	3.15554553e+00	1.00000000e-10	3.04463858e+06	4.49030309e-16
4.73000000e+01	3.97683843e+01	-3.34643903e+06	-1.30249245e+05	1.00000000e-09	3.98552858e-03	1.00000000e-10	3.98552858e-04	-3.84544952e+02	4.12820745e-16
4.74000000e+01	3.98524613e+01	-3.22249008e+06	-1.25424935e+05	1.00000000e-09	3.19346409e-02	1.00000000e-10	3.19346409e-03	-3.08122434e+03	3.79531100e-16
4.75000000e+01	3.99365382e+01	-3.09854193e+06	-1.20600657e+05	1.17755528e+01	6.87332345e-03	1.17755528e+00	6.87332345e-04	1.13550495e+06	3.48925915e-16
4.76000000e+01	4.00206151e+01	-2.97459508e+06	-1.15776430e+05	2.91282982e+01	1.00000000e-09	2.91282982e+00	1.00000000e-10	2.81045352e+06	3.20788716e-16
4.77000000e+01	4.01046920e+01	-2.85064823e+06	-1.10952202e+05	1.00000000e-09	1.00000000e-09	1.00000000e-10	1.00000000e-10	0.00000000e+00	2.94920485e-16
4.78000000e+01	4.01887690e+01	-2.72670138e+06	-1.06127975e+05	1.00000000e-09	2.22911351e-02	1.00000000e-10	2.22911351e-03	-2.15076747e+03	2.71138254e-16
4.79000000e+01	4.02728459e+01	-2.60275523e+06	-1.01303774e+05	8.93812206e+00	2.34369307e-02	8.93812206e-01	2.34369307e-03	8.60136355e+05	2.49273810e-16
4.80000000e+01	4.03569228e+01	-2.47881043e+06	-9.64796261e+04	2.64018323e+01	1.00000000e-09	2.64018323e+00	1.00000000e-10	2.54738956e+06	2.29172503e-16
4.81000000e+01	4.04409997e+01	-2.35486562e+06	-9.16554782e+04	1.00000000e-09	1.00000000e-09	1.00000000e-10	1.00000000e-10	0.00000000e+00	2.10692155e-16
4.82000000e+01	4.05250766e+01	-2.23092082e+06	-8.68313303e+04	1.00000000e-09	3.54946560e-03	1.00000000e-10	3.54946560e-04	-3.42471271e+02	1.93702052e-16
4.83000000e+01	4.06091536e+01	-2.10697660e+06	-8.20072047e+04	6.52653261e+00	2.80695731e-02	6.52653261e-01	2.80695731e-03	6.27006364e+05	1.78082022e-16
4.84000000e+01	4.06932305e+01	-1.98303378e+06	-7.71831342e+04	2.34221183e+01	6.09555067e-03	2.34221183e+00	6.09555067e-04	2.25930273e+06	1.63721583e-16
4.85000000e+01	4.07773074e+01	-1.85909096e+06	-7.23590635e+04	1.00000000e-09	1.00000000e-09	1.00000000e-10	1.00000000e-10	0.00000000e+00	1.50519162e-16
4.86000000e+01	4.08613843e+01	-1.73514815e+06	-6.75349928e+04	1.00000000e-09	1.00000000e-09	1.00000000e-10	1.00000000e-10	0.00000000e+00	1.38381377e-16
4.87000000e+01	4.09454613e+01	-1.61120576e+06	-6.27109390e+04	4.56569396e+00	1.93518269e-02	4.56569396e-01	1.93518269e-03	4.38655330e+05	1.27222377e-16
4.88000000e+01	4.10295382e+01	-1.48726485e+06	-5.78869425e+04	2.02384376e+01	2.12763913e-02	2.02384376e+00	2.12763913e-03	1.95065951e+06	1.16963232e-16
4.89000000e+01	4.11136151e+01	-1.36332392e+06	-5.30629452e+04	1.00000000e-09	1.00000000e-09	1.00000000e-10	1.00000000e-10	0.00000000e+00	1.07531379e-16
4.90000000e+01	4.11976920e+01	-1.23938299e+06	-4.82389480e+04	1.00000000e-09	1.00000000e-09	1.00000000e-10	1.00000000e-10	0.00000000e+00	9.88601065e-17
4.91000000e+01	4.12817689e+01	-1.11544234e+06	-4.34149619e+04	3.07524277e+00	2.08941181e-03	3.07524277e-01	2.08941181e-04	2.96514222e+05	9.08880802e-17
4.92000000e+01	4.13658459e+01	-9.91503221e+05	-3.85910350e+04	1.69046505e+01	2.51399516e-02	1.69046505e+00	2.51399516e-03	1.62862518e+06	8.35589140e-17
4.93000000e+01	4.14499228e+01	-8.67564077e+05	-3.37671074e+04	1.00000000e-09	6.59022678e-03	1.00000000e-10	6.59022678e-04	-6.35860123e+02	7.68207678e-17
4.94000000e+01	4.15339997e+01	-7.43624928e+05	-2.89431794e+04	1.00000000e-09	1.00000000e-09	1.00000000e-10	1.00000000e-10	0.00000000e+00	7.06259821e-17
4.95000000e+01	4.16180766e+01	-6.19685911e+05	-2.41192567e+04	2.06917653e+00	1.00000000e-09	2.06917653e-01	1.00000000e-10	1.99645185e+05	6.49307406e-17
4.96000000e+01	4.17021536e+01	-4.95748441e+05	-1.92953942e+04	1.34741031e+01	1.64746163e-02	1.34741031e+00	1.64746163e-03	1.29846375e+06	5.96947603e-17
4.97000000e+01	4.17862305e+01	-3.71810956e+05	-1.44715310e+04	1.00000000e-09	2.03146934e-02	1.00000000e-10	2.03146934e-03	-1.96006984e+03	5.48810067e-17
4.98000000e+01	4.18703074e+01	-2.47873454e+05	-9.64766723e+03	1.00000000e-09	1.00000000e-09	1.00000000e-10	1.00000000e-10	0.00000000e+00	5.04554316e-17
4.99000000e+01	4.19543843e+01	-1.23935951e+05	-4.82380341e+03	1.50976352e+00	1.00000000e-09	1.50976352e-01	1.00000000e-10	1.45670034e+05	4.63867326e-17
5.00000000e+01	4.20384612e+01	0.00000000e+00	0.00000000e+00	1.00000000e+01	1.00000000e+01	1.00000000e+00	1.00000000e+00	0.00000000e+00	4.26461312e-17
