# 1D PNP Solver Results
# Debye length: 1.18939 nm
# Surface potential: 100 mV
# Bulk concentration: 10 mol/m^3
# Thermal voltage: 25.6926 mV
# Grid: non-uniform with stretching factor 1
#
# Columns:
# 1: x [nm]
# 2: x/lambda_D [-]
# 3: phi [mV]
# 4: phi_normalized = e*phi/(kB*T) [-]
# 5: c+ [mol/m^3]
# 6: c- [mol/m^3]
# 7: c+/c0 [-]
# 8: c-/c0 [-]
# 9: rho [C/m^3]
# 10: phi_GC [mV] (Gouy-Chapman analytical)
0.00000000e+00	0.00000000e+00	1.00000000e+02	3.89217445e+00	1.29107074e+04	1.00000000e-09	1.29107074e+03	1.00000000e-10	1.24569389e+09	1.00000000e+02
1.00000000e-01	8.40769225e-02	3.70239932e+05	1.44103840e+04	1.00000000e-09	1.00000000e-09	1.00000000e-10	1.00000000e-10	0.00000000e+00	8.70576373e+01
2.00000000e-01	1.68153845e-01	7.40337706e+05	2.88152350e+04	1.00000000e-09	1.00000000e-09	1.00000000e-10	1.00000000e-10	0.00000000e+00	7.68715638e+01
3.00000000e-01	2.52230767e-01	1.11043548e+06	4.32200860e+04	6.06257304e+03	1.00000000e-09	6.06257304e+02	1.00000000e-10	5.84949374e+08	6.85207345e+01
4.00000000e-01	3.36307690e-01	1.48053325e+06	5.76249370e+04	1.30292065e+04	1.00000000e-09	1.30292065e+03	1.00000000e-10	1.25712732e+09	6.14862309e+01
5.00000000e-01	4.20384612e-01	1.84246283e+06	7.17118674e+04	1.00000000e-09	1.00000000e-09	1.00000000e-10	1.00000000e-10	0.00000000e+00	5.54461690e+01
6.00000000e-01	5.04461535e-01	2.20421158e+06	8.57917600e+04	1.00000000e-09	1.00000000e-09	1.00000000e-10	1.00000000e-10	0.00000000e+00	5.01866549e+01
7.00000000e-01	5.88538457e-01	2.56596034e+06	9.98716527e+04	1.23979477e+04	1.00000000e-09	1.23979477e+03	1.00000000e-10	1.19622010e+09	4.55579535e+01
8.00000000e-01	6.72615380e-01	2.92770909e+06	1.13951545e+05	1.33539167e+04	1.00000000e-09	1.33539167e+03	1.00000000e-10	1.28845709e+09	4.14508515e+01
9.00000000e-01	7.56692302e-01	3.28128666e+06	1.27713401e+05	1.00000000e-09	1.00000000e-09	1.00000000e-10	1.00000000e-10	0.00000000e+00	3.77829914e+01
1.00000000e+00	8.40769225e-01	3.63453895e+06	1.41462596e+05	1.00000000e-09	1.00000000e-09	1.00000000e-10	1.00000000e-10	0.00000000e+00	3.44905241e+01
1.10000000e+00	9.24846147e-01	3.98779123e+06	1.55211791e+05	1.90257870e+04	1.00000000e-09	1.90257870e+03	1.00000000e-10	1.83570938e+09	3.15227780e+01
1.20000000e+00	1.00892307e+00	4.34104352e+06	1.68960987e+05	1.39042258e+04	1.00000000e-09	1.39042258e+03	1.00000000e-10	1.34155385e+09	2.88387272e+01
1.30000000e+00	1.09299999e+00	4.68612020e+06	1.82391973e+05	1.00000000e-09	1.00000000e-09	1.00000000e-10	1.00000000e-10	0.00000000e+00	2.64045776e+01
1.40000000e+00	1.17707691e+00	5.03072085e+06	1.95804432e+05	1.00000000e-09	1.00000000e-09	1.00000000e-10	1.00000000e-10	0.00000000e+00	2.41920729e+01
1.50000000e+00	1.26115384e+00	5.37532151e+06	2.09216891e+05	2.59680300e+04	1.00000000e-09	2.59680300e+03	1.00000000e-10	2.50553400e+09	2.21772778e+01
1.60000000e+00	1.34523076e+00	5.71992217e+06	2.22629349e+05	1.47022889e+04	1.00000000e-09	1.47022889e+03	1.00000000e-10	1.41855522e+09	2.03396868e+01
1.70000000e+00	1.42930768e+00	6.05634123e+06	2.35723366e+05	1.00000000e-09	1.00000000e-09	1.00000000e-10	1.00000000e-10	0.00000000e+00	1.86615585e+01
1.80000000e+00	1.51338460e+00	6.39212676e+06	2.48792725e+05	1.00000000e-09	1.00000000e-09	1.00000000e-10	1.00000000e-10	0.00000000e+00	1.71274116e+01
1.90000000e+00	1.59746153e+00	6.72791229e+06	2.61862083e+05	3.32492595e+04	1.00000000e-09	3.32492595e+03	1.00000000e-10	3.20806584e+09	1.57236358e+01
2.00000000e+00	1.68153845e+00	7.06369782e+06	2.74931442e+05	1.57735516e+04	1.00000000e-09	1.57735516e+03	1.00000000e-10	1.52191636e+09	1.44381886e+01
2.10000000e+00	1.76561537e+00	7.39129402e+06	2.87682057e+05	1.00000000e-09	1.00000000e-09	1.00000000e-10	1.00000000e-10	0.00000000e+00	1.32603556e+01
2.20000000e+00	1.84969229e+00	7.71809184e+06	3.00401599e+05	1.00000000e-09	1.00000000e-09	1.00000000e-10	1.00000000e-10	0.00000000e+00	1.21805577e+01
2.30000000e+00	1.93376922e+00	8.04488965e+06	3.13121140e+05	4.08971480e+04	1.00000000e-09	4.08971480e+03	1.00000000e-10	3.94597491e+09	1.11901960e+01
2.40000000e+00	2.01784614e+00	8.37168747e+06	3.25840681e+05	1.71473988e+04	1.00000000e-09	1.71473988e+03	1.00000000e-10	1.65447247e+09	1.02815237e+01
2.50000000e+00	2.10192306e+00	8.69028632e+06	3.38241104e+05	1.00000000e-09	1.00000000e-09	1.00000000e-10	1.00000000e-10	0.00000000e+00	9.44754093e+00
2.60000000e+00	2.18599998e+00	9.00791393e+06	3.50603724e+05	1.00000000e-09	1.00000000e-09	1.00000000e-10	1.00000000e-10	0.00000000e+00	8.68190590e+00
2.70000000e+00	2.27007691e+00	9.32554154e+06	3.62966345e+05	4.89430012e+04	1.00000000e-09	4.89430012e+03	1.00000000e-10	4.72228172e+09	7.97886054e+00
2.80000000e+00	2.35415383e+00	9.64316914e+06	3.75328966e+05	1.88579653e+04	1.00000000e-09	1.88579653e+03	1.00000000e-10	1.81951705e+09	7.33316685e+00
2.90000000e+00	2.43823075e+00	9.95258601e+06	3.87372010e+05	1.00000000e-09	1.00000000e-09	1.00000000e-10	1.00000000e-10	0.00000000e+00	6.74005227e+00
3.00000000e+00	2.52230767e+00	1.02608501e+07	3.99370185e+05	1.00000000e-09	1.00000000e-09	1.00000000e-10	1.00000000e-10	0.00000000e+00	6.19516235e+00
3.10000000e+00	2.60638460e+00	1.05691141e+07	4.11368360e+05	5.74224267e+04	1.00000000e-09	5.74224267e+03	1.00000000e-10	5.54042192e+09	5.69451955e+00
3.20000000e+00	2.69046152e+00	1.08773782e+07	4.23366535e+05	2.09451596e+04	1.00000000e-09	2.09451596e+03	1.00000000e-10	2.02090068e+09	5.23448697e+00
3.30000000e+00	2.77453844e+00	1.11774174e+07	4.35044582e+05	1.00000000e-09	1.00000000e-09	1.00000000e-10	1.00000000e-10	0.00000000e+00	4.81173646e+00
3.40000000e+00	2.85861536e+00	1.14761126e+07	4.46670322e+05	1.00000000e-09	1.00000000e-09	1.00000000e-10	1.00000000e-10	0.00000000e+00	4.42322017e+00
3.50000000e+00	2.94269229e+00	1.17748078e+07	4.58296062e+05	6.63761646e+04	1.00000000e-09	6.63761646e+03	1.00000000e-10	6.40432628e+09	4.06614534e+00
3.60000000e+00	3.02676921e+00	1.20735031e+07	4.69921801e+05	2.34559680e+04	1.00000000e-09	2.34559680e+03	1.00000000e-10	2.26315686e+09	3.73795159e+00
3.70000000e+00	3.11084613e+00	1.23639566e+07	4.81226759e+05	1.00000000e-09	1.00000000e-09	1.00000000e-10	1.00000000e-10	0.00000000e+00	3.43629058e+00
3.80000000e+00	3.19492305e+00	1.26528645e+07	4.92471561e+05	1.00000000e-09	1.00000000e-09	1.00000000e-10	1.00000000e-10	0.00000000e+00	3.15900770e+00
3.90000000e+00	3.27899998e+00	1.29417725e+07	5.03716363e+05	7.58511272e+04	1.00000000e-09	7.58511272e+03	1.00000000e-10	7.31852120e+09	2.90412542e+00
4.00000000e+00	3.36307690e+00	1.32306805e+07	5.14961165e+05	2.64461363e+04	1.00000000e-09	2.64461363e+03	1.00000000e-10	2.55166424e+09	2.66982829e+00
4.10000000e+00	3.44715382e+00	1.35113269e+07	5.25884412e+05	1.00000000e-09	1.00000000e-09	1.00000000e-10	1.00000000e-10	0.00000000e+00	2.45444929e+00
4.20000000e+00	3.53123074e+00	1.37902145e+07	5.36739206e+05	1.00000000e-09	1.00000000e-09	1.00000000e-10	1.00000000e-10	0.00000000e+00	2.25645740e+00
4.30000000e+00	3.61530767e+00	1.40691022e+07	5.47593999e+05	8.59017177e+04	1.00000000e-09	8.59017177e+03	1.00000000e-10	8.28825576e+09	2.07444628e+00
4.40000000e+00	3.69938459e+00	1.43479898e+07	5.58448793e+05	2.99823634e+04	1.00000000e-09	2.99823634e+03	1.00000000e-10	2.89285829e+09	1.90712395e+00
4.50000000e+00	3.78346151e+00	1.46185926e+07	5.68981125e+05	1.00000000e-09	1.00000000e-09	1.00000000e-10	1.00000000e-10	0.00000000e+00	1.75330334e+00
4.60000000e+00	3.86753843e+00	1.48872106e+07	5.79436207e+05	1.00000000e-09	1.00000000e-09	1.00000000e-10	1.00000000e-10	0.00000000e+00	1.61189369e+00
4.70000000e+00	3.95161536e+00	1.51558286e+07	5.89891288e+05	9.65915191e+04	1.00000000e-09	9.65915191e+03	1.00000000e-10	9.31966480e+09	1.48189263e+00
4.80000000e+00	4.03569228e+00	1.54244466e+07	6.00346369e+05	3.41452006e+04	1.00000000e-09	3.41452006e+03	1.00000000e-10	3.29451102e+09	1.36237899e+00
4.90000000e+00	4.11976920e+00	1.56847525e+07	6.10477928e+05	1.00000000e-09	1.00000000e-09	1.00000000e-10	1.00000000e-10	0.00000000e+00	1.25250612e+00
5.00000000e+00	4.20384612e+00	1.59428332e+07	6.20522882e+05	1.00000000e-09	1.00000000e-09	1.00000000e-10	1.00000000e-10	0.00000000e+00	1.15149587e+00
5.10000000e+00	4.28792305e+00	1.62009140e+07	6.30567836e+05	1.07995487e+05	1.00000000e-09	1.07995487e+04	1.00000000e-10	1.04199804e+10	1.05863300e+00
5.20000000e+00	4.37199997e+00	1.64589948e+07	6.40612789e+05	3.90329413e+04	1.00000000e-09	3.90329413e+03	1.00000000e-10	3.76610631e+09	9.73260072e-01
5.30000000e+00	4.45607689e+00	1.67087316e+07	6.50332983e+05	1.00000000e-09	1.00000000e-09	1.00000000e-10	1.00000000e-10	0.00000000e+00	8.94772759e-01
5.40000000e+00	4.54015381e+00	1.69559870e+07	6.59956594e+05	1.00000000e-09	1.00000000e-09	1.00000000e-10	1.00000000e-10	0.00000000e+00	8.22615544e-01
5.50000000e+00	4.62423074e+00	1.72032424e+07	6.69580205e+05	1.20202837e+05	1.00000000e-09	1.20202837e+04	1.00000000e-10	1.15978107e+10	7.56277766e-01
5.60000000e+00	4.70830766e+00	1.74504978e+07	6.79203815e+05	4.47669243e+04	1.00000000e-09	4.47669243e+03	1.00000000e-10	4.31935156e+09	6.95289988e-01
5.70000000e+00	4.79238458e+00	1.76893721e+07	6.88501220e+05	1.00000000e-09	1.00000000e-09	1.00000000e-10	1.00000000e-10	0.00000000e+00	6.39220665e-01
5.80000000e+00	4.87646150e+00	1.79254905e+07	6.97691363e+05	1.00000000e-09	1.00000000e-09	1.00000000e-10	1.00000000e-10	0.00000000e+00	5.87673079e-01
5.90000000e+00	4.96053843e+00	1.81616090e+07	7.06881506e+05	1.33320907e+05	1.00000000e-09	1.33320907e+04	1.00000000e-10	1.28635120e+10	5.40282524e-01
6.00000000e+00	5.04461535e+00	1.83977275e+07	7.16071648e+05	5.14988976e+04	1.00000000e-09	5.14988976e+03	1.00000000e-10	4.96888824e+09	4.96713722e-01
6.10000000e+00	5.12869227e+00	1.86254214e+07	7.24933894e+05	1.00000000e-09	1.00000000e-09	1.00000000e-10	1.00000000e-10	0.00000000e+00	4.56658442e-01
6.20000000e+00	5.21276919e+00	1.88500647e+07	7.33677403e+05	1.00000000e-09	1.00000000e-09	1.00000000e-10	1.00000000e-10	0.00000000e+00	4.19833321e-01
6.30000000e+00	5.29684612e+00	1.90747080e+07	7.42420912e+05	1.47480418e+05	1.00000000e-09	1.47480418e+04	1.00000000e-10	1.42296971e+10	3.85977854e-01
6.40000000e+00	5.38092304e+00	1.92993513e+07	7.51164421e+05	5.94214558e+04	1.00000000e-09	5.94214558e+03	1.00000000e-10	5.73329890e+09	3.54852548e-01
6.50000000e+00	5.46499996e+00	1.95155192e+07	7.59578051e+05	1.00000000e-09	1.00000000e-09	1.00000000e-10	1.00000000e-10	0.00000000e+00	3.26237227e-01
6.60000000e+00	5.54907688e+00	1.97283182e+07	7.67860560e+05	1.00000000e-09	1.00000000e-09	1.00000000e-10	1.00000000e-10	0.00000000e+00	2.99929475e-01
6.70000000e+00	5.63315381e+00	1.99411172e+07	7.76143069e+05	1.62842774e+05	1.00000000e-09	1.62842774e+04	1.00000000e-10	1.57119391e+10	2.75743201e-01
6.80000000e+00	5.71723073e+00	2.01539162e+07	7.84425577e+05	6.87831826e+04	1.00000000e-09	6.87831826e+03	1.00000000e-10	6.63656822e+09	2.53507323e-01
6.90000000e+00	5.80130765e+00	2.03581798e+07	7.92375873e+05	1.00000000e-09	1.00000000e-09	1.00000000e-10	1.00000000e-10	0.00000000e+00	2.33064554e-01
7.00000000e+00	5.88538457e+00	2.05587295e+07	8.00181615e+05	1.00000000e-09	1.00000000e-09	1.00000000e-10	1.00000000e-10	0.00000000e+00	2.14270296e-01
7.10000000e+00	5.96946150e+00	2.07592791e+07	8.07987357e+05	1.79610448e+05	1.00000000e-09	1.79610448e+04	1.00000000e-10	1.73297738e+10	1.96991610e-01
7.20000000e+00	6.05353842e+00	2.09598288e+07	8.15793100e+05	7.99112122e+04	1.00000000e-09	7.99112122e+03	1.00000000e-10	7.71025984e+09	1.81106277e-01
7.30000000e+00	6.13761534e+00	2.11517719e+07	8.23263863e+05	1.00000000e-09	1.00000000e-09	1.00000000e-10	1.00000000e-10	0.00000000e+00	1.66501937e-01
7.40000000e+00	6.22169226e+00	2.13396248e+07	8.30575424e+05	1.00000000e-09	1.00000000e-09	1.00000000e-10	1.00000000e-10	0.00000000e+00	1.53075289e-01
7.50000000e+00	6.30576919e+00	2.15274777e+07	8.37886985e+05	1.98042104e+05	1.00000000e-09	1.98042104e+04	1.00000000e-10	1.91081582e+10	1.40731363e-01
7.60000000e+00	6.38984611e+00	2.17153305e+07	8.45198546e+05	9.32459002e+04	1.00000000e-09	9.32459002e+03	1.00000000e-10	8.99686165e+09	1.29382849e-01
7.70000000e+00	6.47392303e+00	2.18944921e+07	8.52171826e+05	1.00000000e-09	1.00000000e-09	1.00000000e-10	1.00000000e-10	0.00000000e+00	1.18949475e-01
7.80000000e+00	6.55799995e+00	2.20691501e+07	8.58969821e+05	1.00000000e-09	1.00000000e-09	1.00000000e-10	1.00000000e-10	0.00000000e+00	1.09357445e-01
7.90000000e+00	6.64207688e+00	2.22438081e+07	8.65767817e+05	2.18475315e+05	1.00000000e-09	2.18475315e+04	1.00000000e-10	2.10796633e+10	1.00538914e-01
8.00000000e+00	6.72615380e+00	2.24184662e+07	8.72565812e+05	1.09396063e+05	1.00000000e-09	1.09396063e+04	1.00000000e-10	1.05551155e+10	9.24315047e-02
8.10000000e+00	6.81023072e+00	2.25843305e+07	8.79021542e+05	1.00000000e-09	1.00000000e-09	1.00000000e-10	1.00000000e-10	0.00000000e+00	8.49778740e-02
8.20000000e+00	6.89430764e+00	2.27452344e+07	8.85284202e+05	1.00000000e-09	1.00000000e-09	1.00000000e-10	1.00000000e-10	0.00000000e+00	7.81253008e-02
8.30000000e+00	6.97838457e+00	2.29061383e+07	8.91546862e+05	2.41361867e+05	1.00000000e-09	2.41361867e+04	1.00000000e-10	2.32878799e+10	7.18253161e-02
8.40000000e+00	7.06246149e+00	2.30670422e+07	8.97809522e+05	1.29230849e+05	1.00000000e-09	1.29230849e+04	1.00000000e-10	1.24688814e+10	6.60333593e-02
8.50000000e+00	7.14653841e+00	2.32190272e+07	9.03725045e+05	1.00000000e-09	1.00000000e-09	1.00000000e-10	1.00000000e-10	0.00000000e+00	6.07084632e-02
8.60000000e+00	7.23061533e+00	2.33655420e+07	9.09427655e+05	1.00000000e-09	1.00000000e-09	1.00000000e-10	1.00000000e-10	0.00000000e+00	5.58129641e-02
8.70000000e+00	7.31469226e+00	2.35120568e+07	9.15130266e+05	2.67324874e+05	1.00000000e-09	2.67324874e+04	1.00000000e-10	2.57929293e+10	5.13122357e-02
8.80000000e+00	7.39876918e+00	2.36585715e+07	9.20832876e+05	1.54040666e+05	1.00000000e-09	1.54040666e+04	1.00000000e-10	1.48626648e+10	4.71744438e-02
8.90000000e+00	7.48284610e+00	2.37960118e+07	9.26182290e+05	1.00000000e-09	1.00000000e-09	1.00000000e-10	1.00000000e-10	0.00000000e+00	4.33703214e-02
9.00000000e+00	7.56692302e+00	2.39274070e+07	9.31296422e+05	1.00000000e-09	1.00000000e-09	1.00000000e-10	1.00000000e-10	0.00000000e+00	3.98729614e-02
9.10000000e+00	7.65099995e+00	2.40588022e+07	9.36410554e+05	2.97255659e+05	1.00000000e-09	2.97255659e+04	1.00000000e-10	2.86808110e+10	3.66576268e-02
9.20000000e+00	7.73507687e+00	2.41901975e+07	9.41524686e+05	1.85837741e+05	1.00000000e-09	1.85837741e+04	1.00000000e-10	1.79306161e+10	3.37015752e-02
9.30000000e+00	7.81915379e+00	2.43123204e+07	9.46277922e+05	1.00000000e-09	1.00000000e-09	1.00000000e-10	1.00000000e-10	0.00000000e+00	3.09838980e-02
9.40000000e+00	7.90323071e+00	2.44277421e+07	9.50770336e+05	1.00000000e-09	1.00000000e-09	1.00000000e-10	1.00000000e-10	0.00000000e+00	2.84853728e-02
9.50000000e+00	7.98730764e+00	2.45431638e+07	9.55262749e+05	3.32487457e+05	1.00000000e-09	3.32487457e+04	1.00000000e-10	3.20801627e+10	2.61883275e-02
9.60000000e+00	8.07138456e+00	2.46585855e+07	9.59755163e+05	2.27965012e+05	1.00000000e-09	2.27965012e+04	1.00000000e-10	2.19952799e+10	2.40765146e-02
9.70000000e+00	8.15546148e+00	2.47644760e+07	9.63876609e+05	1.00000000e-09	1.00000000e-09	1.00000000e-10	1.00000000e-10	0.00000000e+00	2.21349973e-02
9.80000000e+00	8.23953840e+00	2.48629045e+07	9.67707618e+05	1.00000000e-09	1.00000000e-09	1.00000000e-10	1.00000000e-10	0.00000000e+00	2.03500429e-02
9.90000000e+00	8.32361533e+00	2.49613330e+07	9.71538627e+05	3.75127287e+05	1.00000000e-09	3.75127287e+04	1.00000000e-10	3.61942808e+10	1.87090262e-02
1.00000000e+01	8.40769225e+00	2.50597615e+07	9.75369635e+05	2.86469202e+05	1.00000000e-09	2.86469202e+04	1.00000000e-10	2.76400761e+10	1.72003403e-02
1.01000000e+01	8.49176917e+00	2.51483069e+07	9.78815977e+05	1.00000000e-09	1.00000000e-09	1.00000000e-10	1.00000000e-10	0.00000000e+00	1.58133140e-02
1.02000000e+01	8.57584609e+00	2.52284904e+07	9.81936859e+05	1.00000000e-09	1.00000000e-09	1.00000000e-10	1.00000000e-10	0.00000000e+00	1.45381368e-02
1.03000000e+01	8.65992302e+00	2.53086739e+07	9.85057741e+05	4.28730813e+05	1.00000000e-09	4.28730813e+04	1.00000000e-10	4.13662349e+10	1.33657892e-02
1.04000000e+01	8.74399994e+00	2.53888575e+07	9.88178623e+05	3.73693100e+05	1.00000000e-09	3.73693100e+04	1.00000000e-10	3.60559029e+10	1.22879791e-02
1.05000000e+01	8.82807686e+00	2.54586523e+07	9.90895159e+05	1.00000000e-09	1.00000000e-09	1.00000000e-10	1.00000000e-10	0.00000000e+00	1.12970830e-02
1.06000000e+01	8.91215378e+00	2.55189933e+07	9.93243735e+05	1.00000000e-09	1.00000000e-09	1.00000000e-10	1.00000000e-10	0.00000000e+00	1.03860923e-02
1.07000000e+01	8.99623071e+00	2.55793342e+07	9.95592312e+05	4.99666144e+05	1.00000000e-09	4.99666144e+04	1.00000000e-10	4.82104538e+10	9.54856333e-03
1.08000000e+01	9.08030763e+00	2.56396752e+07	9.97940888e+05	5.20022948e+05	1.00000000e-09	5.20022948e+04	1.00000000e-10	5.01745869e+10	8.77857228e-03
1.09000000e+01	9.16438455e+00	2.56888397e+07	9.99854456e+05	1.00000000e-09	1.00000000e-09	1.00000000e-10	1.00000000e-10	0.00000000e+00	8.07067289e-03
1.10000000e+01	9.24846147e+00	2.57271772e+07	1.00134662e+06	1.00000000e-09	1.00000000e-09	1.00000000e-10	1.00000000e-10	0.00000000e+00	7.41985814e-03
1.11000000e+01	9.33253840e+00	2.57655147e+07	1.00283878e+06	5.97428608e+05	1.00000000e-09	5.97428608e+04	1.00000000e-10	5.76430977e+10	6.82152474e-03
1.12000000e+01	9.41661532e+00	2.58038522e+07	1.00433094e+06	8.30411500e+05	1.00000000e-09	8.30411500e+04	1.00000000e-10	8.01225294e+10	6.27144062e-03
1.13000000e+01	9.50069224e+00	2.58296127e+07	1.00533358e+06	1.00000000e-09	1.00000000e-09	1.00000000e-10	1.00000000e-10	0.00000000e+00	5.76571500e-03
1.14000000e+01	9.58476916e+00	2.58427223e+07	1.00584384e+06	1.00000000e-09	1.00000000e-09	1.00000000e-10	1.00000000e-10	0.00000000e+00	5.30077082e-03
1.15000000e+01	9.66884609e+00	2.58558320e+07	1.00635409e+06	5.34846302e+05	1.00000000e-09	5.34846302e+04	1.00000000e-10	5.16048231e+10	4.87331949e-03
1.16000000e+01	9.75292301e+00	2.58689416e+07	1.00686434e+06	2.19469279e+06	3.92986937e+03	2.19469279e+05	3.92986937e+02	2.11376488e+11	4.48033760e-03
1.17000000e+01	9.83699993e+00	2.58662833e+07	1.00676087e+06	1.86920315e+05	2.31789016e+04	1.86920315e+04	2.31789016e+03	1.57986447e+10	4.11904557e-03
1.18000000e+01	9.92107685e+00	2.58482720e+07	1.00605984e+06	1.00000000e-09	2.72637894e+03	1.00000000e-10	2.72637894e+02	-2.63055578e+08	3.78688794e-03
1.19000000e+01	1.00051538e+01	2.58302606e+07	1.00535880e+06	1.00000000e-09	1.00000000e-09	1.00000000e-10	1.00000000e-10	0.00000000e+00	3.48151531e-03
1.20000000e+01	1.00892307e+01	2.58122492e+07	1.00465777e+06	1.23219151e+05	1.00000000e-09	1.23219151e+04	1.00000000e-10	1.18888407e+10	3.20076778e-03
1.21000000e+01	1.01733076e+01	2.57644632e+07	1.00279785e+06	5.19980380e+04	8.26857735e+03	5.19980380e+03	8.26857735e+02	4.21925154e+09	2.94265957e-03
1.22000000e+01	1.02573845e+01	2.56945789e+07	1.00007784e+06	1.00000000e-09	4.39118661e+03	1.00000000e-10	4.39118661e+02	-4.23685098e+08	2.70536508e-03
1.23000000e+01	1.03414615e+01	2.56246947e+07	9.97357819e+05	1.00000000e-09	1.00000000e-09	1.00000000e-10	1.00000000e-10	0.00000000e+00	2.48720588e-03
1.24000000e+01	1.04255384e+01	2.55548104e+07	9.94637803e+05	1.15527776e+03	1.00000000e-09	1.15527776e+02	1.00000000e-10	1.11467358e+08	2.28663893e-03
1.25000000e+01	1.05096153e+01	2.54843426e+07	9.91895072e+05	1.00000000e-09	7.86902751e+03	1.00000000e-10	7.86902751e+02	-7.59245732e+08	2.10224558e-03
1.26000000e+01	1.05936922e+01	2.54139102e+07	9.89153718e+05	1.00000000e-09	4.83653399e+03	1.00000000e-10	4.83653399e+02	-4.66654588e+08	1.93272162e-03
1.27000000e+01	1.06777692e+01	2.53436394e+07	9.86418659e+05	1.54975929e+03	1.00000000e-09	1.54975929e+02	1.00000000e-10	1.49529039e+08	1.77686798e-03
1.28000000e+01	1.07618461e+01	2.52725805e+07	9.83652921e+05	1.93982680e+03	1.00000000e-09	1.93982680e+02	1.00000000e-10	1.87164833e+08	1.63358230e-03
1.29000000e+01	1.08459230e+01	2.52005227e+07	9.80848306e+05	2.50283816e+02	8.06428531e+03	2.50283816e+01	8.06428531e+02	-7.53936529e+08	1.50185109e-03
1.30000000e+01	1.09299999e+01	2.51283383e+07	9.78038765e+05	1.00000000e-09	5.35039180e+03	1.00000000e-10	5.35039180e+02	-5.16234330e+08	1.38074262e-03
1.31000000e+01	1.10140768e+01	2.50562290e+07	9.75232142e+05	1.00000000e-09	1.00000000e-09	1.00000000e-10	1.00000000e-10	0.00000000e+00	1.26940027e-03
1.32000000e+01	1.10981538e+01	2.49841196e+07	9.72425519e+05	1.02321424e+01	1.00000000e-09	1.02321424e+00	1.00000000e-10	9.87251659e+05	1.16703651e-03
1.33000000e+01	1.11822307e+01	2.49120049e+07	9.69618689e+05	1.89668817e+01	7.97464253e+03	1.89668817e+00	7.97464253e+02	-7.67606007e+08	1.07292731e-03
1.34000000e+01	1.12663076e+01	2.48398804e+07	9.66811477e+05	1.00000000e-09	5.92501851e+03	1.00000000e-10	5.92501851e+02	-5.71677379e+08	9.86407027e-04
1.35000000e+01	1.13503845e+01	2.47678299e+07	9.64007146e+05	1.00000000e-09	1.00000000e-09	1.00000000e-10	1.00000000e-10	0.00000000e+00	9.06863691e-04
1.36000000e+01	1.14344615e+01	2.46957811e+07	9.61202884e+05	2.86130380e+00	1.00000000e-09	2.86130380e-01	1.00000000e-10	2.76073847e+05	8.33734687e-04
1.37000000e+01	1.15185384e+01	2.46237309e+07	9.58398564e+05	1.24813742e+01	7.84035700e+03	1.24813742e+00	7.84035700e+02	-7.55275180e+08	7.66502767e-04
1.38000000e+01	1.16026153e+01	2.45516742e+07	9.55593992e+05	1.00000000e-09	6.49855927e+03	1.00000000e-10	6.49855927e+02	-6.27015650e+08	7.04692393e-04
1.39000000e+01	1.16866922e+01	2.44796908e+07	9.52792271e+05	1.00000000e-09	1.00000000e-09	1.00000000e-10	1.00000000e-10	0.00000000e+00	6.47866374e-04
1.40000000e+01	1.17707691e+01	2.44077127e+07	9.49990758e+05	1.00000000e-09	1.00000000e-09	1.00000000e-10	1.00000000e-10	0.00000000e+00	5.95622776e-04
1.41000000e+01	1.18548461e+01	2.43357346e+07	9.47189244e+05	1.18282745e+01	7.66151678e+03	1.18282745e+00	7.66151678e+02	-7.38082736e+08	5.47592073e-04
1.42000000e+01	1.19389230e+01	2.42637504e+07	9.44387493e+05	2.25107590e+00	7.07500938e+03	2.25107590e-01	7.07500938e+02	-6.82417434e+08	5.03434541e-04
1.43000000e+01	1.20229999e+01	2.41918373e+07	9.41588512e+05	1.00000000e-09	1.00000000e-09	1.00000000e-10	1.00000000e-10	0.00000000e+00	4.62837848e-04
1.44000000e+01	1.21070768e+01	2.41199332e+07	9.38789879e+05	1.00000000e-09	1.00000000e-09	1.00000000e-10	1.00000000e-10	0.00000000e+00	4.25514851e-04
1.45000000e+01	1.21911538e+01	2.40480291e+07	9.35991245e+05	1.00000000e-09	7.43709198e+03	1.00000000e-10	7.43709198e+02	-7.17570290e+08	3.91201561e-04
1.46000000e+01	1.22752307e+01	2.39761250e+07	9.33192612e+05	1.00000000e-09	7.65190440e+03	1.00000000e-10	7.65190440e+02	-7.38296537e+08	3.59655276e-04
1.47000000e+01	1.23593076e+01	2.39042926e+07	9.30396768e+05	5.12208862e-01	1.00000000e-09	5.12208862e-02	1.00000000e-10	4.94206420e+04	3.30652866e-04
1.48000000e+01	1.24433845e+01	2.38324723e+07	9.27601398e+05	6.25967241e-01	1.00000000e-09	6.25967241e-02	1.00000000e-10	6.03966570e+04	3.03989196e-04
1.49000000e+01	1.25274615e+01	2.37606517e+07	9.24806015e+05	1.00000000e-09	7.16798109e+03	1.00000000e-10	7.16798109e+02	-6.91605036e+08	2.79475669e-04
1.50000000e+01	1.26115384e+01	2.36888311e+07	9.22010633e+05	1.00000000e-09	8.22529172e+03	1.00000000e-10	8.22529172e+02	-7.93620003e+08	2.56938901e-04
1.51000000e+01	1.26956153e+01	2.36170813e+07	9.19218006e+05	1.00000000e-09	1.00000000e-09	1.00000000e-10	1.00000000e-10	0.00000000e+00	2.36219485e-04
1.52000000e+01	1.27796922e+01	2.35453475e+07	9.16425998e+05	3.87788274e-01	1.00000000e-09	3.87788274e-02	1.00000000e-10	3.74158803e+04	2.17170872e-04
1.53000000e+01	1.28637691e+01	2.34736134e+07	9.13633983e+05	8.59999719e-02	6.85356964e+03	8.59999719e-03	6.85356964e+02	-6.61260646e+08	1.99658328e-04
1.54000000e+01	1.29478461e+01	2.34018793e+07	9.10841966e+05	1.00000000e-09	8.79180349e+03	1.00000000e-10	8.79180349e+02	-8.48280079e+08	1.83557987e-04
1.55000000e+01	1.30319230e+01	2.33302150e+07	9.08052666e+05	1.00000000e-09	1.00000000e-09	1.00000000e-10	1.00000000e-10	0.00000000e+00	1.68755969e-04
1.56000000e+01	1.31159999e+01	2.32585700e+07	9.05264117e+05	2.17290389e-01	1.00000000e-09	2.17290389e-02	1.00000000e-10	2.09653353e+04	1.55147578e-04
1.57000000e+01	1.32000768e+01	2.31869248e+07	9.02475565e+05	2.07830687e-01	6.49367883e+03	2.07830687e-02	6.49367883e+02	-6.26524706e+08	1.42636560e-04
1.58000000e+01	1.32841538e+01	2.31152796e+07	8.99687008e+05	1.00000000e-09	9.34794515e+03	1.00000000e-10	9.34794515e+02	-9.01939592e+08	1.31134424e-04
1.59000000e+01	1.33682307e+01	2.30437030e+07	8.96901122e+05	1.00000000e-09	1.00000000e-09	1.00000000e-10	1.00000000e-10	0.00000000e+00	1.20559814e-04
1.60000000e+01	1.34523076e+01	2.29721491e+07	8.94116118e+05	1.00000000e-09	1.00000000e-09	1.00000000e-10	1.00000000e-10	0.00000000e+00	1.10837935e-04
1.61000000e+01	1.35363845e+01	2.29005952e+07	8.91331114e+05	1.00000000e-09	6.08833332e+03	1.00000000e-10	6.08833332e+02	-5.87434862e+08	1.01900023e-04
1.62000000e+01	1.36204614e+01	2.28290412e+07	8.88546111e+05	1.00000000e-09	9.89023734e+03	1.00000000e-10	9.89023734e+02	-9.54262835e+08	9.36828597e-05
1.63000000e+01	1.37045384e+01	2.27575546e+07	8.85763727e+05	1.01820249e-02	1.00000000e-09	1.01820249e-03	1.00000000e-10	9.82415955e+02	8.61283240e-05
1.64000000e+01	1.37886153e+01	2.26860940e+07	8.82982353e+05	5.30080191e-03	1.00000000e-09	5.30080191e-04	1.00000000e-10	5.11449537e+02	7.91829819e-05
1.65000000e+01	1.38726922e+01	2.26146333e+07	8.80200978e+05	1.00000000e-09	5.63784670e+03	1.00000000e-10	5.63784670e+02	-5.43969512e+08	7.27977085e-05
1.66000000e+01	1.39567691e+01	2.25431726e+07	8.77419604e+05	1.00000000e-09	1.04151372e+04	1.00000000e-10	1.04151372e+03	-1.00490797e+09	6.69273402e-05
1.67000000e+01	1.40408461e+01	2.24717778e+07	8.74640793e+05	3.57784371e-03	1.00000000e-09	3.57784371e-04	1.00000000e-10	3.45209342e+02	6.15303552e-05
1.68000000e+01	1.41249230e+01	2.24004121e+07	8.71863116e+05	2.79906288e-03	1.00000000e-09	2.79906288e-04	1.00000000e-10	2.70068415e+02	5.65685802e-05
1.69000000e+01	1.42089999e+01	2.23290464e+07	8.69085439e+05	1.00000000e-09	5.14279494e+03	1.00000000e-10	5.14279494e+02	-4.96204277e+08	5.20069201e-05
1.70000000e+01	1.42930768e+01	2.22576807e+07	8.66307762e+05	1.00000000e-09	1.09191025e+04	1.00000000e-10	1.09191025e+03	-1.05353323e+09	4.78131098e-05
1.71000000e+01	1.43771537e+01	2.21863793e+07	8.63532586e+05	1.88664592e-03	1.00000000e-09	1.88664592e-04	1.00000000e-10	1.82033561e+02	4.39574862e-05
1.72000000e+01	1.44612307e+01	2.21151101e+07	8.60758665e+05	1.99471260e-03	1.00000000e-09	1.99471260e-04	1.00000000e-10	1.92460411e+02	4.04127779e-05
1.73000000e+01	1.45453076e+01	2.20438409e+07	8.57984744e+05	1.00000000e-09	4.60403856e+03	1.00000000e-10	4.60403856e+02	-4.44222189e+08	3.71539131e-05
1.74000000e+01	1.46293845e+01	2.19725717e+07	8.55210823e+05	1.00000000e-09	1.13985989e+04	1.00000000e-10	1.13985989e+03	-1.09979760e+09	3.41578414e-05
1.75000000e+01	1.47134614e+01	2.19013651e+07	8.52439336e+05	1.16016036e-03	1.00000000e-09	1.16016036e-04	1.00000000e-10	1.11938361e+02	3.14033713e-05
1.76000000e+01	1.47975384e+01	2.18301937e+07	8.49669221e+05	1.60007432e-03	1.00000000e-09	1.60007432e-04	1.00000000e-10	1.54383606e+02	2.88710202e-05
1.77000000e+01	1.48816153e+01	2.17590223e+07	8.46899106e+05	1.00000000e-09	4.02266502e+03	1.00000000e-10	4.02266502e+02	-3.88128170e+08	2.65428765e-05
1.78000000e+01	1.49656922e+01	2.16878509e+07	8.44128990e+05	1.00000000e-09	1.18501233e+04	1.00000000e-10	1.18501233e+03	-1.14336309e+09	2.44024731e-05
1.79000000e+01	1.50497691e+01	2.16167401e+07	8.41361236e+05	7.44190788e-04	1.00000000e-09	7.44190788e-05	1.00000000e-10	7.18033989e+01	2.24346707e-05
1.80000000e+01	1.51338460e+01	2.15456676e+07	8.38594968e+05	1.36670534e-03	1.00000000e-09	1.36670534e-04	1.00000000e-10	1.31866922e+02	2.06255509e-05
1.81000000e+01	1.52179230e+01	2.14745950e+07	8.35828699e+05	1.00000000e-09	3.40010946e+03	1.00000000e-10	3.40010946e+02	-3.28060690e+08	1.89623175e-05
1.82000000e+01	1.53019999e+01	2.14035224e+07	8.33062431e+05	1.00000000e-09	1.22702327e+04	1.00000000e-10	1.22702327e+03	-1.18389748e+09	1.74332063e-05
1.83000000e+01	1.53860768e+01	2.13325085e+07	8.30298446e+05	4.65726357e-04	1.00000000e-09	4.65726357e-05	1.00000000e-10	4.49356657e+01	1.60274019e-05
1.84000000e+01	1.54701537e+01	2.12615356e+07	8.27536057e+05	1.21368670e-03	1.00000000e-09	1.21368670e-04	1.00000000e-10	1.17102868e+02	1.47349607e-05
1.85000000e+01	1.55542307e+01	2.11905627e+07	8.24773668e+05	1.00000000e-09	2.73808925e+03	1.00000000e-10	2.73808925e+02	-2.64185451e+08	1.35467414e-05
1.86000000e+01	1.56383076e+01	2.11195898e+07	8.22011279e+05	1.00000000e-09	1.26555651e+04	1.00000000e-10	1.26555651e+03	-1.22107640e+09	1.24543394e-05
1.87000000e+01	1.57223845e+01	2.10486735e+07	8.19251091e+05	2.65627498e-04	1.00000000e-09	2.65627498e-05	1.00000000e-10	2.56290609e+01	1.14500281e-05
1.88000000e+01	1.58064614e+01	2.09778009e+07	8.16492605e+05	1.10747838e-03	1.00000000e-09	1.10747838e-04	1.00000000e-10	1.06855323e+02	1.05267039e-05
1.89000000e+01	1.58905384e+01	2.09069283e+07	8.13734120e+05	1.00000000e-09	2.03859873e+03	1.00000000e-10	2.03859873e+02	-1.96694876e+08	9.67783615e-06
1.90000000e+01	1.59746153e+01	2.08360556e+07	8.10975634e+05	1.00000000e-09	1.30028603e+04	1.00000000e-10	1.30028603e+03	-1.25458529e+09	8.89742061e-06
1.91000000e+01	1.60586922e+01	2.07652373e+07	8.08219262e+05	1.09791547e-04	1.00000000e-09	1.09791547e-05	1.00000000e-10	1.05931774e+01	8.17993736e-06
1.92000000e+01	1.61427691e+01	2.06944654e+07	8.05464695e+05	1.03287138e-03	1.00000000e-09	1.03287138e-04	1.00000000e-10	9.96568412e+01	7.52031158e-06
1.93000000e+01	1.62268460e+01	2.06236935e+07	8.02710129e+05	1.00000000e-09	1.30390225e+03	1.00000000e-10	1.30390225e+02	-1.25807441e+08	6.91387767e-06
1.94000000e+01	1.63109230e+01	2.05529216e+07	7.99955562e+05	1.00000000e-09	1.33089806e+04	1.00000000e-10	1.33089806e+03	-1.28412141e+09	6.35634627e-06
1.95000000e+01	1.63949999e+01	2.04822016e+07	7.97203017e+05	1.00000000e-09	1.00000000e-09	1.00000000e-10	1.00000000e-10	0.00000000e+00	5.84377390e-06
1.96000000e+01	1.64790768e+01	2.04115305e+07	7.94452377e+05	9.85044275e-04	1.00000000e-09	9.85044275e-05	1.00000000e-10	9.50422275e+01	5.37253509e-06
1.97000000e+01	1.65631537e+01	2.03408595e+07	7.91701736e+05	1.00000000e-09	5.36526150e+02	1.00000000e-10	5.36526150e+01	-5.17669038e+07	4.93929673e-06
1.98000000e+01	1.66472307e+01	2.02701884e+07	7.88951095e+05	1.00000000e-09	1.35709310e+04	1.00000000e-10	1.35709310e+03	-1.30939579e+09	4.54099448e-06
1.99000000e+01	1.67313076e+01	2.01995669e+07	7.86202381e+05	1.00000000e-09	1.00000000e-09	1.00000000e-10	1.00000000e-10	0.00000000e+00	4.17481111e-06
2.00000000e+01	1.68153845e+01	2.01289966e+07	7.83455664e+05	1.01885074e-03	1.00000000e-09	1.01885074e-04	1.00000000e-10	9.83040558e+01	3.83815657e-06
2.01000000e+01	1.68994614e+01	2.00584264e+07	7.80708948e+05	1.00000000e-09	1.00000000e-09	1.00000000e-10	1.00000000e-10	0.00000000e+00	3.52864967e-06
2.02000000e+01	1.69835383e+01	1.99878562e+07	7.77962231e+05	1.00000000e-09	1.37858787e+04	1.00000000e-10	1.37858787e+03	-1.33013508e+09	3.24410125e-06
2.03000000e+01	1.70676153e+01	1.99173329e+07	7.75217342e+05	1.00000000e-09	5.74818454e+02	1.00000000e-10	5.74818454e+01	-5.54615494e+07	2.98249865e-06
2.04000000e+01	1.71516922e+01	1.98468632e+07	7.72474540e+05	5.36649966e-04	1.00000000e-09	5.36649966e-05	1.00000000e-10	5.17787537e+01	2.74199155e-06
2.05000000e+01	1.72357691e+01	1.97763936e+07	7.69731738e+05	1.28870933e-04	1.00000000e-09	1.28870933e-05	1.00000000e-10	1.24340582e+01	2.52087882e-06
2.06000000e+01	1.73198460e+01	1.97059239e+07	7.66988936e+05	1.00000000e-09	1.39511720e+04	1.00000000e-10	1.39511720e+03	-1.34608346e+09	2.31759650e-06
2.07000000e+01	1.74039230e+01	1.96354986e+07	7.64247858e+05	1.00000000e-09	1.41661461e+03	1.00000000e-10	1.41661461e+02	-1.36682531e+08	2.13070675e-06
2.08000000e+01	1.74879999e+01	1.95651290e+07	7.61508952e+05	1.08890939e-06	1.00000000e-09	1.08890939e-07	1.00000000e-10	1.04967299e-01	1.95888770e-06
2.09000000e+01	1.75720768e+01	1.94947595e+07	7.58770047e+05	6.45804430e-06	1.00000000e-09	6.45804430e-07	1.00000000e-10	6.23010064e-01	1.80092404e-06
2.10000000e+01	1.76561537e+01	1.94243899e+07	7.56031141e+05	1.00000000e-09	1.40643592e+04	1.00000000e-10	1.40643592e+03	-1.35700437e+09	1.65569849e-06
2.11000000e+01	1.77402306e+01	1.93540619e+07	7.53293853e+05	1.00000000e-09	2.28051995e+03	1.00000000e-10	2.28051995e+02	-2.20036725e+08	1.52218384e-06
2.12000000e+01	1.78243076e+01	1.92837918e+07	7.50558817e+05	1.00000000e-09	1.00000000e-09	1.00000000e-10	1.00000000e-10	0.00000000e+00	1.39943575e-06
2.13000000e+01	1.79083845e+01	1.92135217e+07	7.47823781e+05	3.72384502e-06	1.00000000e-09	3.72384502e-07	1.00000000e-10	3.59199938e-01	1.28658600e-06
2.14000000e+01	1.79924614e+01	1.91432515e+07	7.45088745e+05	2.66968624e-07	1.41232062e+04	2.66968624e-08	1.41232062e+03	-1.36268224e+09	1.18283639e-06
2.15000000e+01	1.80765383e+01	1.90730201e+07	7.42355215e+05	1.00000000e-09	3.16295672e+03	1.00000000e-10	3.16295672e+02	-3.05178930e+08	1.08745310e-06
2.16000000e+01	1.81606153e+01	1.90028485e+07	7.39624014e+05	1.00000000e-09	1.00000000e-09	1.00000000e-10	1.00000000e-10	0.00000000e+00	9.99761460e-07
2.17000000e+01	1.82446922e+01	1.89326769e+07	7.36892812e+05	2.56226287e-06	1.00000000e-09	2.56226287e-07	1.00000000e-10	2.47124299e-01	9.19141229e-07
2.18000000e+01	1.83287691e+01	1.88625053e+07	7.34161611e+05	5.20785618e-07	1.41257132e+04	5.20785618e-08	1.41257132e+03	-1.36292413e+09	8.45022171e-07
2.19000000e+01	1.84128460e+01	1.87923694e+07	7.31431802e+05	1.00000000e-09	4.06015492e+03	1.00000000e-10	4.06015492e+02	-3.91745396e+08	7.76880034e-07
2.20000000e+01	1.84969229e+01	1.87222952e+07	7.28704392e+05	1.00000000e-09	1.00000000e-09	1.00000000e-10	1.00000000e-10	0.00000000e+00	7.14232843e-07
2.21000000e+01	1.85809999e+01	1.86522210e+07	7.25976981e+05	1.88557278e-06	1.00000000e-09	1.88557278e-07	1.00000000e-10	1.81833631e-01	6.56637488e-07
2.22000000e+01	1.86650768e+01	1.85821468e+07	7.23249571e+05	6.91893797e-07	1.40701307e+04	6.91893797e-08	1.40701307e+03	-1.35756124e+09	6.03686592e-07
2.23000000e+01	1.87491537e+01	1.85121054e+07	7.20523436e+05	1.00000000e-09	4.96816955e+03	1.00000000e-10	4.96816955e+02	-4.79355489e+08	5.55005627e-07
2.24000000e+01	1.88332306e+01	1.84421272e+07	7.17799765e+05	1.00000000e-09	1.00000000e-09	1.00000000e-10	1.00000000e-10	0.00000000e+00	5.10250270e-07
2.25000000e+01	1.89173076e+01	1.83721491e+07	7.15076094e+05	1.42796152e-06	1.00000000e-09	1.42796152e-07	1.00000000e-10	1.37680856e-01	4.69103960e-07
2.26000000e+01	1.90013845e+01	1.83021710e+07	7.12352423e+05	8.27743354e-07	1.39549744e+04	8.27743354e-08	1.39549744e+03	-1.34645034e+09	4.31275667e-07
2.27000000e+01	1.90854614e+01	1.82322225e+07	7.09629905e+05	1.00000000e-09	5.88289925e+03	1.00000000e-10	5.88289925e+02	-5.67613488e+08	3.96497828e-07
2.28000000e+01	1.91695383e+01	1.81623389e+07	7.06909913e+05	1.00000000e-09	1.00000000e-09	1.00000000e-10	1.00000000e-10	0.00000000e+00	3.64524455e-07
2.29000000e+01	1.92536153e+01	1.80924553e+07	7.04189921e+05	1.07279299e-06	1.00000000e-09	1.07279299e-07	1.00000000e-10	1.03412302e-01	3.35129397e-07
2.30000000e+01	1.93376922e+01	1.80225716e+07	7.01469929e+05	9.48368367e-07	1.37790385e+04	9.48368367e-08	1.37790385e+03	-1.32947510e+09	3.08104742e-07
2.31000000e+01	1.94217691e+01	1.79527145e+07	6.98750967e+05	1.00000000e-09	6.80010600e+03	1.00000000e-10	6.80010600e+02	-6.56110486e+08	2.83259340e-07
2.32000000e+01	1.95058460e+01	1.78829236e+07	6.96034585e+05	1.00000000e-09	1.00000000e-09	1.00000000e-10	1.00000000e-10	0.00000000e+00	2.60417458e-07
2.33000000e+01	1.95899229e+01	1.78131328e+07	6.93318202e+05	7.44988359e-07	1.00000000e-09	7.44988359e-08	1.00000000e-10	7.17839640e-02	2.39417533e-07
2.34000000e+01	1.96739999e+01	1.77433419e+07	6.90601820e+05	1.05680642e-06	1.35414086e+04	1.05680642e-07	1.35414086e+03	-1.30654730e+09	2.20111031e-07
2.35000000e+01	1.97580768e+01	1.76735743e+07	6.87886342e+05	1.00000000e-09	7.71543610e+03	1.00000000e-10	7.71543610e+02	-7.44426414e+08	2.02361395e-07
2.36000000e+01	1.98421537e+01	1.76038742e+07	6.85173492e+05	1.00000000e-09	1.00000000e-09	1.00000000e-10	1.00000000e-10	0.00000000e+00	1.86043080e-07
2.37000000e+01	1.99262306e+01	1.75341741e+07	6.82460643e+05	3.58618176e-07	1.00000000e-09	3.58618176e-08	1.00000000e-10	3.45049085e-02	1.71040665e-07
2.38000000e+01	2.00103076e+01	1.74644740e+07	6.79747793e+05	1.12182187e-06	1.32414724e+04	1.12182187e-07	1.32414724e+03	-1.27760786e+09	1.57248037e-07
2.39000000e+01	2.00943845e+01	1.73947938e+07	6.77035719e+05	1.00000000e-09	8.62444209e+03	1.00000000e-10	8.62444209e+02	-8.32132160e+08	1.44567640e-07
2.40000000e+01	2.01784614e+01	1.73251822e+07	6.74326316e+05	1.00000000e-09	1.00000000e-09	1.00000000e-10	1.00000000e-10	0.00000000e+00	1.32909782e-07
2.41000000e+01	2.02625383e+01	1.72555707e+07	6.71616913e+05	1.00000000e-09	1.00000000e-09	1.00000000e-10	1.00000000e-10	0.00000000e+00	1.22192009e-07
2.42000000e+01	2.03466152e+01	1.71859591e+07	6.68907510e+05	9.41945285e-07	1.28788949e+04	9.41945285e-08	1.28788949e+03	-1.24262446e+09	1.12338510e-07
2.43000000e+01	2.04306922e+01	1.71163641e+07	6.66198751e+05	1.00728628e-06	9.52260366e+03	1.00728628e-07	9.52260366e+02	-9.18791576e+08	1.03279593e-07
2.44000000e+01	2.05147691e+01	1.70468387e+07	6.63492700e+05	1.00000000e-09	1.00000000e-09	1.00000000e-10	1.00000000e-10	0.00000000e+00	9.49511815e-08
2.45000000e+01	2.05988460e+01	1.69773133e+07	6.60786650e+05	1.00000000e-09	1.00000000e-09	1.00000000e-10	1.00000000e-10	0.00000000e+00	8.72943689e-08
2.46000000e+01	2.06829229e+01	1.69077879e+07	6.58080599e+05	1.00000000e-09	1.24536780e+04	1.00000000e-10	1.24536780e+03	-1.20159726e+09	8.02549976e-08
2.47000000e+01	2.07669999e+01	1.68382755e+07	6.55375058e+05	1.61920694e-08	1.04053520e+04	1.61920694e-09	1.04053520e+03	-1.00396384e+09	7.37832774e-08
2.48000000e+01	2.08510768e+01	1.67688336e+07	6.52672257e+05	1.00000000e-09	1.00000000e-09	1.00000000e-10	1.00000000e-10	0.00000000e+00	6.78334333e-08
2.49000000e+01	2.09351537e+01	1.66993917e+07	6.49969456e+05	1.00000000e-09	1.00000000e-09	1.00000000e-10	1.00000000e-10	0.00000000e+00	6.23633815e-08
2.50000000e+01	2.10192306e+01	1.66299497e+07	6.47266654e+05	2.05717475e-08	1.19661790e+04	2.05717475e-09	1.19661790e+03	-1.15456075e+09	5.73344317e-08
2.51000000e+01	2.11033075e+01	1.65605174e+07	6.44564227e+05	9.99367518e-09	1.12680973e+04	9.99367518e-10	1.12680973e+03	-1.08720611e+09	5.27110137e-08
2.52000000e+01	2.11873845e+01	1.64911561e+07	6.41864564e+05	1.00000000e-09	1.00000000e-09	1.00000000e-10	1.00000000e-10	0.00000000e+00	4.84604257e-08
2.53000000e+01	2.12714614e+01	1.64217948e+07	6.39164901e+05	1.00000000e-09	1.00000000e-09	1.00000000e-10	1.00000000e-10	0.00000000e+00	4.45526029e-08
2.54000000e+01	2.13555383e+01	1.63524335e+07	6.36465238e+05	7.50968478e-09	1.14170872e+04	7.50968478e-10	1.14170872e+03	-1.10158145e+09	4.09599048e-08
2.55000000e+01	2.14396152e+01	1.62830782e+07	6.33765811e+05	8.64297713e-09	1.21062541e+04	8.64297713e-10	1.21062541e+03	-1.16807595e+09	3.76569199e-08
2.56000000e+01	2.15236922e+01	1.62137945e+07	6.31069167e+05	1.00000000e-09	1.00000000e-09	1.00000000e-10	1.00000000e-10	0.00000000e+00	3.46202860e-08
2.57000000e+01	2.16077691e+01	1.61445108e+07	6.28372523e+05	1.00000000e-09	1.00000000e-09	1.00000000e-10	1.00000000e-10	0.00000000e+00	3.18285246e-08
2.58000000e+01	2.16918460e+01	1.60752270e+07	6.25675879e+05	1.99980734e-09	1.08074273e+04	1.99980734e-10	1.08074273e+03	-1.04275822e+09	2.92618894e-08
2.59000000e+01	2.17759229e+01	1.60059458e+07	6.22979332e+05	7.87341353e-09	1.29152667e+04	7.87341353e-10	1.29152667e+03	-1.24613380e+09	2.69022262e-08
2.60000000e+01	2.18599998e+01	1.59367363e+07	6.20285579e+05	1.00000000e-09	1.00000000e-09	1.00000000e-10	1.00000000e-10	0.00000000e+00	2.47328451e-08
2.61000000e+01	2.19440768e+01	1.58675269e+07	6.17591827e+05	1.00000000e-09	1.00000000e-09	1.00000000e-10	1.00000000e-10	0.00000000e+00	2.27384017e-08
2.62000000e+01	2.20281537e+01	1.57983174e+07	6.14898074e+05	1.00000000e-09	1.01385592e+04	1.00000000e-10	1.01385592e+03	-9.78222256e+08	2.09047891e-08
2.63000000e+01	2.21122306e+01	1.57291080e+07	6.12204322e+05	6.27273070e-09	1.36863556e+04	6.27273070e-10	1.36863556e+03	-1.32053256e+09	1.92190381e-08
2.64000000e+01	2.21963075e+01	1.56599704e+07	6.09513369e+05	3.40736288e-09	1.00000000e-09	3.40736288e-10	1.00000000e-10	2.32275207e-04	1.76692251e-08
2.65000000e+01	2.22803845e+01	1.55908357e+07	6.06822525e+05	1.00000000e-09	1.00000000e-09	1.00000000e-10	1.00000000e-10	0.00000000e+00	1.62443882e-08
2.66000000e+01	2.23644614e+01	1.55217010e+07	6.04131681e+05	1.00000000e-09	9.41201377e+03	1.00000000e-10	9.41201377e+02	-9.08121275e+08	1.49344494e-08
2.67000000e+01	2.24485383e+01	1.54525663e+07	6.01440837e+05	1.96036501e-09	1.44174123e+04	1.96036501e-10	1.44174123e+03	-1.39106882e+09	1.37301434e-08
2.68000000e+01	2.25326152e+01	1.53835034e+07	5.98752791e+05	5.32774015e-09	1.00000000e-09	5.32774015e-10	1.00000000e-10	4.17563446e-04	1.26229520e-08
2.69000000e+01	2.26166921e+01	1.53144471e+07	5.96064996e+05	1.11372153e-09	1.00000000e-09	1.11372153e-10	1.00000000e-10	1.09724598e-05	1.16050438e-08
2.70000000e+01	2.27007691e+01	1.52453907e+07	5.93377201e+05	1.00000000e-09	8.62974327e+03	1.00000000e-10	8.62974327e+02	-8.32643646e+08	1.06692193e-08
2.71000000e+01	2.27848460e+01	1.51763343e+07	5.90689406e+05	1.00000000e-09	1.51078387e+04	1.00000000e-10	1.51078387e+03	-1.45768483e+09	9.80885916e-09
2.72000000e+01	2.28689229e+01	1.51073495e+07	5.88004399e+05	1.00000000e-09	1.00000000e-09	1.00000000e-10	1.00000000e-10	0.00000000e+00	9.01787799e-09
2.73000000e+01	2.29529998e+01	1.50383749e+07	5.85319786e+05	3.88888179e-09	1.00000000e-09	3.88888179e-10	1.00000000e-10	2.78734719e-04	8.29068113e-09
2.74000000e+01	2.30370768e+01	1.49694003e+07	5.82635174e+05	4.94525278e-09	7.79386382e+03	4.94525278e-10	7.79386382e+02	-7.51993539e+08	7.62212503e-09
2.75000000e+01	2.31211537e+01	1.49004257e+07	5.79950561e+05	2.31769916e-09	1.57536481e+04	2.31769916e-10	1.57536481e+03	-1.51999597e+09	7.00748093e-09
2.76000000e+01	2.32052306e+01	1.48315223e+07	5.77268721e+05	1.00000000e-09	1.00000000e-09	1.00000000e-10	1.00000000e-10	0.00000000e+00	6.44240141e-09
2.77000000e+01	2.32893075e+01	1.47626327e+07	5.74587417e+05	1.00000000e-09	1.00000000e-09	1.00000000e-10	1.00000000e-10	0.00000000e+00	5.92288960e-09
2.78000000e+01	2.33733845e+01	1.46937431e+07	5.71906113e+05	1.00000000e-09	6.90678488e+03	1.00000000e-10	6.90678488e+02	-6.66403433e+08	5.44527095e-09
2.79000000e+01	2.34574614e+01	1.46248534e+07	5.69224809e+05	1.00000000e-09	1.63509592e+04	1.00000000e-10	1.63509592e+03	-1.57762773e+09	5.00616720e-09
2.80000000e+01	2.35415383e+01	1.45560345e+07	5.66546254e+05	1.00000000e-09	1.00000000e-09	1.00000000e-10	1.00000000e-10	0.00000000e+00	4.60247255e-09
2.81000000e+01	2.36256152e+01	1.44872329e+07	5.63868378e+05	1.00000000e-09	1.00000000e-09	1.00000000e-10	1.00000000e-10	0.00000000e+00	4.23133162e-09
2.82000000e+01	2.37096921e+01	1.44184314e+07	5.61190502e+05	1.00000000e-09	5.97120709e+03	1.00000000e-10	5.97120709e+02	-5.76133899e+08	3.89011930e-09
2.83000000e+01	2.37937691e+01	1.43496298e+07	5.58512626e+05	1.00000000e-09	1.68960137e+04	1.00000000e-10	1.68960137e+03	-1.63021749e+09	3.57642216e-09
2.84000000e+01	2.38778460e+01	1.42808981e+07	5.55837469e+05	1.00000000e-09	1.00000000e-09	1.00000000e-10	1.00000000e-10	0.00000000e+00	3.28802138e-09
2.85000000e+01	2.39619229e+01	1.42121875e+07	5.53163131e+05	1.00000000e-09	1.00000000e-09	1.00000000e-10	1.00000000e-10	0.00000000e+00	3.02287709e-09
2.86000000e+01	2.40459998e+01	1.41434769e+07	5.50488794e+05	1.00000000e-09	4.99011891e+03	1.00000000e-10	4.99011891e+02	-4.81473280e+08	2.77911390e-09
2.87000000e+01	2.41300768e+01	1.40747663e+07	5.47814457e+05	1.00000000e-09	1.73851956e+04	1.00000000e-10	1.73851956e+03	-1.67741637e+09	2.55500764e-09
2.88000000e+01	2.42141537e+01	1.40061245e+07	5.45142800e+05	1.00000000e-09	1.00000000e-09	1.00000000e-10	1.00000000e-10	0.00000000e+00	2.34897319e-09
2.89000000e+01	2.42982306e+01	1.39375075e+07	5.42472104e+05	1.00000000e-09	1.00000000e-09	1.00000000e-10	1.00000000e-10	0.00000000e+00	2.15955324e-09
2.90000000e+01	2.43823075e+01	1.38688904e+07	5.39801409e+05	1.00000000e-09	3.96679217e+03	1.00000000e-10	3.96679217e+02	-3.82737260e+08	1.98540802e-09
2.91000000e+01	2.44663844e+01	1.38002733e+07	5.37130713e+05	1.00000000e-09	1.78150498e+04	1.00000000e-10	1.78150498e+03	-1.71889100e+09	1.82530578e-09
2.92000000e+01	2.45504614e+01	1.37317240e+07	5.34462652e+05	1.00000000e-09	1.00000000e-09	1.00000000e-10	1.00000000e-10	0.00000000e+00	1.67811410e-09
2.93000000e+01	2.46345383e+01	1.36632029e+07	5.31795691e+05	1.00000000e-09	1.00000000e-09	1.00000000e-10	1.00000000e-10	0.00000000e+00	1.54279187e-09
2.94000000e+01	2.47186152e+01	1.35946818e+07	5.29128731e+05	1.00000000e-09	2.90477632e+03	1.00000000e-10	2.90477632e+02	-2.80268308e+08	1.41838196e-09
2.95000000e+01	2.48026921e+01	1.35261607e+07	5.26461770e+05	1.00000000e-09	1.81823016e+04	1.00000000e-10	1.81823016e+03	-1.75432541e+09	1.30400439e-09
2.96000000e+01	2.48867691e+01	1.34577059e+07	5.23797391e+05	1.00000000e-09	1.00000000e-09	1.00000000e-10	1.00000000e-10	0.00000000e+00	1.19885018e-09
2.97000000e+01	2.49708460e+01	1.33892829e+07	5.21134250e+05	1.00000000e-09	1.00000000e-09	1.00000000e-10	1.00000000e-10	0.00000000e+00	1.10217554e-09
2.98000000e+01	2.50549229e+01	1.33208600e+07	5.18471108e+05	1.00000000e-09	1.80789127e+03	1.00000000e-10	1.80789127e+02	-1.74434990e+08	1.01329669e-09
2.99000000e+01	2.51389998e+01	1.32524370e+07	5.15807967e+05	1.00000000e-09	1.84838758e+04	1.00000000e-10	1.84838758e+03	-1.78342290e+09	9.31584987e-10
3.00000000e+01	2.52230767e+01	1.31840788e+07	5.13147347e+05	1.00000000e-09	1.00000000e-09	1.00000000e-10	1.00000000e-10	0.00000000e+00	8.56462471e-10
3.01000000e+01	2.53071537e+01	1.31157559e+07	5.10488100e+05	1.00000000e-09	1.00000000e-09	1.00000000e-10	1.00000000e-10	0.00000000e+00	7.87397794e-10
3.02000000e+01	2.53912306e+01	1.30474330e+07	5.07828852e+05	1.00000000e-09	6.80218784e+02	1.00000000e-10	6.80218784e+01	-6.56311353e+07	7.23902457e-10
3.03000000e+01	2.54753075e+01	1.29791100e+07	5.05169604e+05	1.00000000e-09	1.87169169e+04	1.00000000e-10	1.87169169e+03	-1.80590794e+09	6.65527349e-10
3.04000000e+01	2.55593844e+01	1.29108502e+07	5.02512811e+05	1.00000000e-09	1.00000000e-09	1.00000000e-10	1.00000000e-10	0.00000000e+00	6.11859579e-10
3.05000000e+01	2.56434614e+01	1.28426289e+07	4.99857521e+05	1.00000000e-09	1.00000000e-09	1.00000000e-10	1.00000000e-10	0.00000000e+00	5.62519549e-10
3.06000000e+01	2.57275383e+01	1.27744077e+07	4.97202231e+05	1.00000000e-09	1.00000000e-09	1.00000000e-10	1.00000000e-10	0.00000000e+00	5.17158273e-10
3.07000000e+01	2.58116152e+01	1.27061864e+07	4.94546941e+05	1.00000000e-09	1.88787885e+04	1.00000000e-10	1.88787885e+03	-1.82152618e+09	4.75454906e-10
3.08000000e+01	2.58956921e+01	1.26380263e+07	4.91894031e+05	1.00000000e-09	9.32168971e+02	1.00000000e-10	9.32168971e+01	-8.99406327e+07	4.37114476e-10
3.09000000e+01	2.59797690e+01	1.25699081e+07	4.89242752e+05	1.00000000e-09	1.00000000e-09	1.00000000e-10	1.00000000e-10	0.00000000e+00	4.01865798e-10
3.10000000e+01	2.60638460e+01	1.25017899e+07	4.86591473e+05	1.00000000e-09	1.00000000e-09	1.00000000e-10	1.00000000e-10	0.00000000e+00	3.69459555e-10
3.11000000e+01	2.61479229e+01	1.24336717e+07	4.83940194e+05	1.00000000e-09	1.89671188e+04	1.00000000e-10	1.89671188e+03	-1.83004876e+09	3.39666533e-10
3.12000000e+01	2.62319998e+01	1.23656126e+07	4.81291213e+05	1.00000000e-09	2.12196501e+03	1.00000000e-10	2.12196501e+02	-2.04738499e+08	3.12276006e-10
3.13000000e+01	2.63160767e+01	1.22975985e+07	4.78643988e+05	1.00000000e-09	1.00000000e-09	1.00000000e-10	1.00000000e-10	0.00000000e+00	2.87094235e-10
3.14000000e+01	2.64001537e+01	1.22295845e+07	4.75996763e+05	1.00000000e-09	1.00000000e-09	1.00000000e-10	1.00000000e-10	0.00000000e+00	2.63943109e-10
3.15000000e+01	2.64842306e+01	1.21615704e+07	4.73349537e+05	1.00000000e-09	1.89798387e+04	1.00000000e-10	1.89798387e+03	-1.83127604e+09	2.42658878e-10
3.16000000e+01	2.65683075e+01	1.20936131e+07	4.70704521e+05	1.00000000e-09	3.32671474e+03	1.00000000e-10	3.32671474e+02	-3.20979176e+08	2.23090996e-10
3.17000000e+01	2.66523844e+01	1.20257041e+07	4.68061381e+05	1.00000000e-09	1.00000000e-09	1.00000000e-10	1.00000000e-10	0.00000000e+00	2.05101057e-10
3.18000000e+01	2.67364614e+01	1.19577950e+07	4.65418240e+05	1.00000000e-09	1.00000000e-09	1.00000000e-10	1.00000000e-10	0.00000000e+00	1.88561817e-10
3.19000000e+01	2.68205383e+01	1.18898859e+07	4.62775100e+05	1.00000000e-09	1.89151778e+04	1.00000000e-10	1.89151778e+03	-1.82503722e+09	1.73356293e-10
3.20000000e+01	2.69046152e+01	1.18220311e+07	4.60134073e+05	1.00000000e-09	4.54129573e+03	1.00000000e-10	4.54129573e+02	-4.38168426e+08	1.59376934e-10
3.21000000e+01	2.69886921e+01	1.17542274e+07	4.57495037e+05	1.00000000e-09	1.00000000e-09	1.00000000e-10	1.00000000e-10	0.00000000e+00	1.46524863e-10
3.22000000e+01	2.70727690e+01	1.16864238e+07	4.54856002e+05	1.00000000e-09	1.00000000e-09	1.00000000e-10	1.00000000e-10	0.00000000e+00	1.34709176e-10
3.23000000e+01	2.71568460e+01	1.16186202e+07	4.52216967e+05	1.00000000e-09	1.87716836e+04	1.00000000e-10	1.87716836e+03	-1.81119212e+09	1.23846300e-10
3.24000000e+01	2.72409229e+01	1.15508682e+07	4.49579941e+05	1.00000000e-09	5.76040224e+03	1.00000000e-10	5.76040224e+02	-5.55794324e+08	1.13859401e-10
3.25000000e+01	2.73249998e+01	1.14831703e+07	4.46945020e+05	1.00000000e-09	1.00000000e-09	1.00000000e-10	1.00000000e-10	0.00000000e+00	1.04677839e-10
3.26000000e+01	2.74090767e+01	1.14154723e+07	4.44310098e+05	1.00000000e-09	1.00000000e-09	1.00000000e-10	1.00000000e-10	0.00000000e+00	9.62366743e-11
3.27000000e+01	2.74931537e+01	1.13477744e+07	4.41675176e+05	1.00000000e-09	1.85482396e+04	1.00000000e-10	1.85482396e+03	-1.78963306e+09	8.84762003e-11
3.28000000e+01	2.75772306e+01	1.12801253e+07	4.39042154e+05	1.00000000e-09	6.97856621e+03	1.00000000e-10	6.97856621e+02	-6.73329278e+08	8.13415267e-11
3.29000000e+01	2.76613075e+01	1.12125329e+07	4.36411342e+05	1.00000000e-09	1.00000000e-09	1.00000000e-10	1.00000000e-10	0.00000000e+00	7.47821894e-11
3.30000000e+01	2.77453844e+01	1.11449406e+07	4.33780529e+05	1.00000000e-09	1.00000000e-09	1.00000000e-10	1.00000000e-10	0.00000000e+00	6.87517936e-11
3.31000000e+01	2.78294613e+01	1.10773482e+07	4.31149717e+05	1.00000000e-09	1.82440838e+04	1.00000000e-10	1.82440838e+03	-1.76028649e+09	6.32076857e-11
3.32000000e+01	2.79135383e+01	1.10098017e+07	4.28520690e+05	1.00000000e-09	8.19018028e+03	1.00000000e-10	8.19018028e+02	-7.90232265e+08	5.81106517e-11
3.33000000e+01	2.79976152e+01	1.09423146e+07	4.25893972e+05	1.00000000e-09	1.00000000e-09	1.00000000e-10	1.00000000e-10	0.00000000e+00	5.34246397e-11
3.34000000e+01	2.80816921e+01	1.08748274e+07	4.23267254e+05	1.00000000e-09	1.00000000e-09	1.00000000e-10	1.00000000e-10	0.00000000e+00	4.91165053e-11
3.35000000e+01	2.81657690e+01	1.08073402e+07	4.20640535e+05	1.00000000e-09	1.78588248e+04	1.00000000e-10	1.78588248e+03	-1.72311464e+09	4.51557765e-11
3.36000000e+01	2.82498460e+01	1.07398958e+07	4.18015481e+05	1.00000000e-09	9.38952309e+03	1.00000000e-10	9.38952309e+02	-9.05951254e+08	4.15144388e-11
3.37000000e+01	2.83339229e+01	1.06725131e+07	4.15392830e+05	1.00000000e-09	1.00000000e-09	1.00000000e-10	1.00000000e-10	0.00000000e+00	3.81667366e-11
3.38000000e+01	2.84179998e+01	1.06051305e+07	4.12770178e+05	1.00000000e-09	1.00000000e-09	1.00000000e-10	1.00000000e-10	0.00000000e+00	3.50889914e-11
3.39000000e+01	2.85020767e+01	1.05377478e+07	4.10147526e+05	1.00000000e-09	1.73924574e+04	1.00000000e-10	1.73924574e+03	-1.67811702e+09	3.22594338e-11
3.40000000e+01	2.85861536e+01	1.04704046e+07	4.07526413e+05	1.00000000e-09	1.05707865e+04	1.00000000e-10	1.05707865e+03	-1.01992584e+09	2.96580503e-11
3.41000000e+01	2.86702306e+01	1.04031254e+07	4.04907788e+05	1.00000000e-09	1.00000000e-09	1.00000000e-10	1.00000000e-10	0.00000000e+00	2.72664410e-11
3.42000000e+01	2.87543075e+01	1.03358461e+07	4.02289163e+05	1.00000000e-09	1.00000000e-09	1.00000000e-10	1.00000000e-10	0.00000000e+00	2.50676897e-11
3.43000000e+01	2.88383844e+01	1.02685669e+07	3.99670538e+05	1.00000000e-09	1.68453764e+04	1.00000000e-10	1.68453764e+03	-1.62533174e+09	2.30462446e-11
3.44000000e+01	2.89224613e+01	1.02013238e+07	3.97053320e+05	1.00000000e-09	1.17281048e+04	1.00000000e-10	1.17281048e+03	-1.13159009e+09	2.11878078e-11
3.45000000e+01	2.90065383e+01	1.01341467e+07	3.94438670e+05	1.00000000e-09	1.00000000e-09	1.00000000e-10	1.00000000e-10	0.00000000e+00	1.94792342e-11
3.46000000e+01	2.90906152e+01	1.00669696e+07	3.91824020e+05	1.00000000e-09	1.00000000e-09	1.00000000e-10	1.00000000e-10	0.00000000e+00	1.79084392e-11
3.47000000e+01	2.91746921e+01	9.99979256e+06	3.89209371e+05	1.00000000e-09	1.62183893e+04	1.00000000e-10	1.62183893e+03	-1.56483668e+09	1.64643122e-11
3.48000000e+01	2.92587690e+01	9.93264810e+06	3.86595991e+05	1.00000000e-09	1.28555862e+04	1.00000000e-10	1.28555862e+03	-1.24037550e+09	1.51366389e-11
3.49000000e+01	2.93428459e+01	9.86557151e+06	3.83985253e+05	1.00000000e-09	1.00000000e-09	1.00000000e-10	1.00000000e-10	0.00000000e+00	1.39160284e-11
3.50000000e+01	2.94269229e+01	9.79849491e+06	3.81374515e+05	1.00000000e-09	1.00000000e-09	1.00000000e-10	1.00000000e-10	0.00000000e+00	1.27938473e-11
3.51000000e+01	2.95109998e+01	9.73141832e+06	3.78763778e+05	1.00000000e-09	1.55127262e+04	1.00000000e-10	1.55127262e+03	-1.49675054e+09	1.17621583e-11
3.52000000e+01	2.95950767e+01	9.66437075e+06	3.76154169e+05	1.00000000e-09	1.39473454e+04	1.00000000e-10	1.39473454e+03	-1.34571425e+09	1.08136641e-11
3.53000000e+01	2.96791536e+01	9.59739272e+06	3.73547267e+05	1.00000000e-09	1.00000000e-09	1.00000000e-10	1.00000000e-10	0.00000000e+00	9.94165601e-12
3.54000000e+01	2.97632306e+01	9.53041469e+06	3.70940366e+05	1.00000000e-09	1.00000000e-09	1.00000000e-10	1.00000000e-10	0.00000000e+00	9.13996618e-12
3.55000000e+01	2.98473075e+01	9.46343666e+06	3.68333464e+05	1.00000000e-09	1.47300480e+04	1.00000000e-10	1.47300480e+03	-1.42123358e+09	8.40292419e-12
3.56000000e+01	2.99313844e+01	9.39648395e+06	3.65727547e+05	1.00000000e-09	1.49975386e+04	1.00000000e-10	1.49975386e+03	-1.44704249e+09	7.72531687e-12
3.57000000e+01	3.00154613e+01	9.32960224e+06	3.63124395e+05	1.00000000e-09	1.00000000e-09	1.00000000e-10	1.00000000e-10	0.00000000e+00	7.10235144e-12
3.58000000e+01	3.00995383e+01	9.26272053e+06	3.60521242e+05	1.00000000e-09	1.00000000e-09	1.00000000e-10	1.00000000e-10	0.00000000e+00	6.52962161e-12
3.59000000e+01	3.01836152e+01	9.19583882e+06	3.57918089e+05	1.00000000e-09	1.38724523e+04	1.00000000e-10	1.38724523e+03	-1.33848817e+09	6.00307641e-12
3.60000000e+01	3.02676921e+01	9.12897864e+06	3.55315774e+05	1.00000000e-09	1.60003991e+04	1.00000000e-10	1.60003991e+03	-1.54380382e+09	5.51899153e-12
3.61000000e+01	3.03517690e+01	9.06219073e+06	3.52716272e+05	1.00000000e-09	1.00000000e-09	1.00000000e-10	1.00000000e-10	0.00000000e+00	5.07394300e-12
3.62000000e+01	3.04358459e+01	8.99540281e+06	3.50116770e+05	1.00000000e-09	1.00000000e-09	1.00000000e-10	1.00000000e-10	0.00000000e+00	4.66478295e-12
3.63000000e+01	3.05199229e+01	8.92861490e+06	3.47517268e+05	1.00000000e-09	1.29424757e+04	1.00000000e-10	1.29424757e+03	-1.24875907e+09	4.28861734e-12
3.64000000e+01	3.06039998e+01	8.86184465e+06	3.44918453e+05	1.00000000e-09	1.69502745e+04	1.00000000e-10	1.69502745e+03	-1.63545286e+09	3.94278553e-12
3.65000000e+01	3.06880767e+01	8.79514771e+06	3.42322492e+05	1.00000000e-09	1.00000000e-09	1.00000000e-10	1.00000000e-10	0.00000000e+00	3.62484141e-12
3.66000000e+01	3.07721536e+01	8.72845078e+06	3.39726531e+05	1.00000000e-09	1.00000000e-09	1.00000000e-10	1.00000000e-10	0.00000000e+00	3.33253613e-12
3.67000000e+01	3.08562306e+01	8.66175384e+06	3.37130570e+05	1.00000000e-09	1.19430943e+04	1.00000000e-10	1.19430943e+03	-1.15233342e+09	3.06380220e-12
3.68000000e+01	3.09403075e+01	8.59507065e+06	3.34535144e+05	1.00000000e-09	1.78416726e+04	1.00000000e-10	1.78416726e+03	-1.72145971e+09	2.81673882e-12
3.69000000e+01	3.10243844e+01	8.52846160e+06	3.31942603e+05	1.00000000e-09	1.00000000e-09	1.00000000e-10	1.00000000e-10	0.00000000e+00	2.58959851e-12
3.70000000e+01	3.11084613e+01	8.46185255e+06	3.29350063e+05	1.00000000e-09	1.00000000e-09	1.00000000e-10	1.00000000e-10	0.00000000e+00	2.38077467e-12
3.71000000e+01	3.11925382e+01	8.39524350e+06	3.26757523e+05	1.00000000e-09	1.08777197e+04	1.00000000e-10	1.08777197e+03	-1.04954040e+09	2.18879027e-12
3.72000000e+01	3.12766152e+01	8.32864422e+06	3.24165362e+05	1.00000000e-09	1.86692825e+04	1.00000000e-10	1.86692825e+03	-1.80131192e+09	2.01228739e-12
3.73000000e+01	3.13606921e+01	8.26211970e+06	3.21576112e+05	1.00000000e-09	1.00000000e-09	1.00000000e-10	1.00000000e-10	0.00000000e+00	1.85001761e-12
3.74000000e+01	3.14447690e+01	8.19559518e+06	3.18986862e+05	1.00000000e-09	1.00000000e-09	1.00000000e-10	1.00000000e-10	0.00000000e+00	1.70083318e-12
3.75000000e+01	3.15288459e+01	8.12907066e+06	3.16397611e+05	1.00000000e-09	9.75019309e+03	1.00000000e-10	9.75019309e+02	-9.40750619e+08	1.56367890e-12
3.76000000e+01	3.16129229e+01	8.06255191e+06	3.13808585e+05	1.00000000e-09	1.94280218e+04	1.00000000e-10	1.94280218e+03	-1.87451914e+09	1.43758467e-12
3.77000000e+01	3.16969998e+01	7.99610830e+06	3.11222484e+05	1.00000000e-09	1.00000000e-09	1.00000000e-10	1.00000000e-10	0.00000000e+00	1.32165861e-12
3.78000000e+01	3.17810767e+01	7.92966470e+06	3.08636383e+05	1.00000000e-09	1.00000000e-09	1.00000000e-10	1.00000000e-10	0.00000000e+00	1.21508076e-12
3.79000000e+01	3.18651536e+01	7.86322110e+06	3.06050282e+05	1.00000000e-09	8.56477484e+03	1.00000000e-10	8.56477484e+02	-8.26375145e+08	1.11709730e-12
3.80000000e+01	3.19492305e+01	7.79677924e+06	3.03464249e+05	1.00000000e-09	2.01130762e+04	1.00000000e-10	2.01130762e+03	-1.94061684e+09	1.02701517e-12
3.81000000e+01	3.20333075e+01	7.73041269e+06	3.00881148e+05	1.00000000e-09	1.00000000e-09	1.00000000e-10	1.00000000e-10	0.00000000e+00	9.44197214e-13
3.82000000e+01	3.21173844e+01	7.66404641e+06	2.98298056e+05	1.00000000e-09	1.00000000e-09	1.00000000e-10	1.00000000e-10	0.00000000e+00	8.68057654e-13
3.83000000e+01	3.22014613e+01	7.59768013e+06	2.95714965e+05	1.00000000e-09	7.32608153e+03	1.00000000e-10	7.32608153e+02	-7.06859410e+08	7.98057949e-13
3.84000000e+01	3.22855382e+01	7.53131385e+06	2.93131873e+05	1.00000000e-09	2.07121199e+04	1.00000000e-10	2.07121199e+03	-1.99841577e+09	7.33702982e-13
3.85000000e+01	3.23696152e+01	7.46502283e+06	2.90551711e+05	1.00000000e-09	1.00000000e-09	1.00000000e-10	1.00000000e-10	0.00000000e+00	6.74537565e-13
3.86000000e+01	3.24536921e+01	7.39873610e+06	2.87971716e+05	1.00000000e-09	1.00000000e-09	1.00000000e-10	1.00000000e-10	0.00000000e+00	6.20143216e-13
3.87000000e+01	3.25377690e+01	7.33244936e+06	2.85391721e+05	1.00000000e-09	6.03900723e+03	1.00000000e-10	6.03900723e+02	-5.82675619e+08	5.70135198e-13
3.88000000e+01	3.26218459e+01	7.26616262e+06	2.82811725e+05	1.00000000e-09	2.12314388e+04	1.00000000e-10	2.12314388e+03	-2.04852242e+09	5.24159800e-13
3.89000000e+01	3.27059228e+01	7.19995087e+06	2.80234648e+05	1.00000000e-09	1.00000000e-09	1.00000000e-10	1.00000000e-10	0.00000000e+00	4.81891834e-13
3.90000000e+01	3.27899998e+01	7.13374741e+06	2.77657894e+05	1.00000000e-09	1.00000000e-09	1.00000000e-10	1.00000000e-10	0.00000000e+00	4.43032333e-13
3.91000000e+01	3.28740767e+01	7.06754395e+06	2.75081140e+05	1.00000000e-09	4.70859832e+03	1.00000000e-10	4.70859832e+02	-4.54310673e+08	4.07306443e-13
3.92000000e+01	3.29581536e+01	7.00134050e+06	2.72504386e+05	1.00000000e-09	2.16673819e+04	1.00000000e-10	2.16673819e+03	-2.09058454e+09	3.74461468e-13
3.93000000e+01	3.30422305e+01	6.93521152e+06	2.69930531e+05	1.00000000e-09	1.00000000e-09	1.00000000e-10	1.00000000e-10	0.00000000e+00	3.44265096e-13
3.94000000e+01	3.31263075e+01	6.86909482e+06	2.67357153e+05	1.00000000e-09	1.00000000e-09	1.00000000e-10	1.00000000e-10	0.00000000e+00	3.16503742e-13
3.95000000e+01	3.32103844e+01	6.80297812e+06	2.64783776e+05	1.00000000e-09	3.34022314e+03	1.00000000e-10	3.34022314e+02	-3.22282539e+08	2.90981049e-13
3.96000000e+01	3.32944613e+01	6.73686142e+06	2.62210399e+05	1.00000000e-09	2.20166050e+04	1.00000000e-10	2.20166050e+03	-2.12427945e+09	2.67516493e-13
3.97000000e+01	3.33785382e+01	6.67081849e+06	2.59639893e+05	1.00000000e-09	1.00000000e-09	1.00000000e-10	1.00000000e-10	0.00000000e+00	2.45944106e-13
3.98000000e+01	3.34626152e+01	6.60479177e+06	2.57070018e+05	1.00000000e-09	1.00000000e-09	1.00000000e-10	1.00000000e-10	0.00000000e+00	2.26111304e-13
3.99000000e+01	3.35466921e+01	6.53876506e+06	2.54500143e+05	1.00000000e-09	1.93955914e+03	1.00000000e-10	1.93955914e+02	-1.87139008e+08	2.07877809e-13
4.00000000e+01	3.36307690e+01	6.47273835e+06	2.51930268e+05	1.00000000e-09	2.22760965e+04	1.00000000e-10	2.22760965e+03	-2.14931657e+09	1.91114654e-13
4.01000000e+01	3.37148459e+01	6.40678446e+06	2.49363228e+05	1.00000000e-09	1.00000000e-09	1.00000000e-10	1.00000000e-10	0.00000000e+00	1.75703270e-13
4.02000000e+01	3.37989228e+01	6.34085069e+06	2.46796970e+05	1.00000000e-09	1.00000000e-09	1.00000000e-10	1.00000000e-10	0.00000000e+00	1.61534652e-13
4.03000000e+01	3.38829998e+01	6.27491692e+06	2.44230713e+05	1.00000000e-09	5.12571878e+02	1.00000000e-10	5.12571878e+01	-4.94556679e+07	1.48508584e-13
4.04000000e+01	3.39670767e+01	6.20898315e+06	2.41664456e+05	1.00000000e-09	2.24432001e+04	1.00000000e-10	2.24432001e+03	-2.16543961e+09	1.36532931e-13
4.05000000e+01	3.40511536e+01	6.14312106e+06	2.39100988e+05	1.00000000e-09	5.44353403e+01	1.00000000e-10	5.44353403e+00	-5.25221189e+06	1.25522989e-13
4.06000000e+01	3.41352305e+01	6.07728291e+06	2.36538453e+05	1.00000000e-09	1.00000000e-09	1.00000000e-10	1.00000000e-10	0.00000000e+00	1.15400882e-13
4.07000000e+01	3.42193075e+01	6.01144477e+06	2.33975917e+05	1.00000000e-09	1.00000000e-09	1.00000000e-10	1.00000000e-10	0.00000000e+00	1.06095016e-13
4.08000000e+01	3.43033844e+01	5.94560662e+06	2.31413382e+05	1.00000000e-09	2.25156463e+04	1.00000000e-10	2.25156463e+03	-2.17242961e+09	9.75395708e-14
4.09000000e+01	3.43874613e+01	5.87983880e+06	2.28853584e+05	1.00000000e-09	1.51252172e+03	1.00000000e-10	1.51252172e+02	-1.45936160e+08	8.96740319e-14
4.10000000e+01	3.44715382e+01	5.81409868e+06	2.26294863e+05	1.00000000e-09	1.00000000e-09	1.00000000e-10	1.00000000e-10	0.00000000e+00	8.24427658e-14
4.11000000e+01	3.45556151e+01	5.74835856e+06	2.23736143e+05	1.00000000e-09	1.00000000e-09	1.00000000e-10	1.00000000e-10	0.00000000e+00	7.57946252e-14
4.12000000e+01	3.46396921e+01	5.68261843e+06	2.21177423e+05	1.00000000e-09	2.24915751e+04	1.00000000e-10	2.24915751e+03	-2.17010710e+09	6.96825871e-14
4.13000000e+01	3.47237690e+01	5.61694709e+06	2.18621379e+05	1.00000000e-09	2.98130782e+03	1.00000000e-10	2.98130782e+02	-2.87652475e+08	6.40634205e-14
4.14000000e+01	3.48078459e+01	5.55130710e+06	2.16066557e+05	1.00000000e-09	1.00000000e-09	1.00000000e-10	1.00000000e-10	0.00000000e+00	5.88973804e-14
4.15000000e+01	3.48919228e+01	5.48566711e+06	2.13511734e+05	1.00000000e-09	1.00000000e-09	1.00000000e-10	1.00000000e-10	0.00000000e+00	5.41479271e-14
4.16000000e+01	3.49759998e+01	5.42002712e+06	2.10956911e+05	1.00000000e-09	2.23695594e+04	1.00000000e-10	2.23695594e+03	-2.15833437e+09	4.97814672e-14
4.17000000e+01	3.50600767e+01	5.35445417e+06	2.08404697e+05	1.00000000e-09	4.45398198e+03	1.00000000e-10	4.45398198e+02	-4.29743930e+08	4.57671163e-14
4.18000000e+01	3.51441536e+01	5.28891613e+06	2.05853842e+05	1.00000000e-09	1.00000000e-09	1.00000000e-10	1.00000000e-10	0.00000000e+00	4.20764804e-14
4.19000000e+01	3.52282305e+01	5.22337809e+06	2.03302987e+05	1.00000000e-09	1.00000000e-09	1.00000000e-10	1.00000000e-10	0.00000000e+00	3.86834555e-14
4.20000000e+01	3.53123074e+01	5.15784005e+06	2.00752133e+05	1.00000000e-09	2.21486277e+04	1.00000000e-10	2.21486277e+03	-2.13701770e+09	3.55640423e-14
4.21000000e+01	3.53963844e+01	5.09236712e+06	1.98203812e+05	1.00000000e-09	5.92355989e+03	1.00000000e-10	5.92355989e+02	-5.71536644e+08	3.26961769e-14
4.22000000e+01	3.54804613e+01	5.02693256e+06	1.95656985e+05	1.00000000e-09	1.00000000e-09	1.00000000e-10	1.00000000e-10	0.00000000e+00	3.00595747e-14
4.23000000e+01	3.55645382e+01	4.96149800e+06	1.93110157e+05	1.00000000e-09	1.00000000e-09	1.00000000e-10	1.00000000e-10	0.00000000e+00	2.76355866e-14
4.24000000e+01	3.56486151e+01	4.89606344e+06	1.90563330e+05	1.00000000e-09	2.18282850e+04	1.00000000e-10	2.18282850e+03	-2.10610932e+09	2.54070677e-14
4.25000000e+01	3.57326921e+01	4.83069187e+06	1.88018955e+05	1.00000000e-09	7.38291858e+03	1.00000000e-10	7.38291858e+02	-7.12343351e+08	2.33582553e-14
4.26000000e+01	3.58167690e+01	4.76536201e+06	1.85476203e+05	1.00000000e-09	1.00000000e-09	1.00000000e-10	1.00000000e-10	0.00000000e+00	2.14746581e-14
4.27000000e+01	3.59008459e+01	4.70003215e+06	1.82933450e+05	1.00000000e-09	1.00000000e-09	1.00000000e-10	1.00000000e-10	0.00000000e+00	1.97429531e-14
4.28000000e+01	3.59849228e+01	4.63470229e+06	1.80390698e+05	1.00000000e-09	2.14085312e+04	1.00000000e-10	2.14085312e+03	-2.06560924e+09	1.81508919e-14
4.29000000e+01	3.60689997e+01	4.56943314e+06	1.77850309e+05	1.00000000e-09	8.82483291e+03	1.00000000e-10	8.82483291e+02	-8.51466935e+08	1.66872137e-14
4.30000000e+01	3.61530767e+01	4.50420890e+06	1.75311668e+05	1.00000000e-09	1.00000000e-09	1.00000000e-10	1.00000000e-10	0.00000000e+00	1.53415657e-14
4.31000000e+01	3.62371536e+01	4.43898467e+06	1.72773027e+05	1.00000000e-09	1.00000000e-09	1.00000000e-10	1.00000000e-10	0.00000000e+00	1.41044300e-14
4.32000000e+01	3.63212305e+01	4.37376044e+06	1.70234386e+05	1.00000000e-09	2.08898782e+04	1.00000000e-10	2.08898782e+03	-2.01556684e+09	1.29670563e-14
4.33000000e+01	3.64053074e+01	4.30859446e+06	1.67698013e+05	1.00000000e-09	1.02420145e+04	1.00000000e-10	1.02420145e+03	-9.88204170e+08	1.19213998e-14
4.34000000e+01	3.64893844e+01	4.24347648e+06	1.65163507e+05	1.00000000e-09	1.00000000e-09	1.00000000e-10	1.00000000e-10	0.00000000e+00	1.09600645e-14
4.35000000e+01	3.65734613e+01	4.17835850e+06	1.62629002e+05	1.00000000e-09	1.00000000e-09	1.00000000e-10	1.00000000e-10	0.00000000e+00	1.00762507e-14
4.36000000e+01	3.66575382e+01	4.11324053e+06	1.60094497e+05	1.00000000e-09	2.02733635e+04	1.00000000e-10	2.02733635e+03	-1.95608221e+09	9.26370726e-15
4.37000000e+01	3.67416151e+01	4.04817820e+06	1.57562158e+05	1.00000000e-09	1.16271529e+04	1.00000000e-10	1.16271529e+03	-1.12184971e+09	8.51668685e-15
4.38000000e+01	3.68256921e+01	3.98316680e+06	1.55031801e+05	1.00000000e-09	1.00000000e-09	1.00000000e-10	1.00000000e-10	0.00000000e+00	7.82990577e-15
4.39000000e+01	3.69097690e+01	3.91815541e+06	1.52501444e+05	1.00000000e-09	1.00000000e-09	1.00000000e-10	1.00000000e-10	0.00000000e+00	7.19850635e-15
4.40000000e+01	3.69938459e+01	3.85314401e+06	1.49971087e+05	1.00000000e-09	1.95605613e+04	1.00000000e-10	1.95605613e+03	-1.88730726e+09	6.61802264e-15
4.41000000e+01	3.70779228e+01	3.78818551e+06	1.47442789e+05	1.00000000e-09	1.29729604e+04	1.00000000e-10	1.29729604e+03	-1.25170039e+09	6.08434883e-15
4.42000000e+01	3.71619997e+01	3.72328073e+06	1.44916581e+05	1.00000000e-09	1.00000000e-09	1.00000000e-10	1.00000000e-10	0.00000000e+00	5.59371018e-15
4.43000000e+01	3.72460767e+01	3.65837595e+06	1.42390374e+05	1.00000000e-09	1.00000000e-09	1.00000000e-10	1.00000000e-10	0.00000000e+00	5.14263638e-15
4.44000000e+01	3.73301536e+01	3.59347117e+06	1.39864167e+05	1.00000000e-09	1.87535900e+04	1.00000000e-10	1.87535900e+03	-1.80944636e+09	4.72793693e-15
4.45000000e+01	3.74142305e+01	3.52861639e+06	1.37339906e+05	1.00000000e-09	1.42722343e+04	1.00000000e-10	1.42722343e+03	-1.37706127e+09	4.34667862e-15
4.46000000e+01	3.74983074e+01	3.46381795e+06	1.34817837e+05	1.00000000e-09	1.00000000e-09	1.00000000e-10	1.00000000e-10	0.00000000e+00	3.99616478e-15
4.47000000e+01	3.75823844e+01	3.39901952e+06	1.32295769e+05	1.00000000e-09	1.00000000e-09	1.00000000e-10	1.00000000e-10	0.00000000e+00	3.67391618e-15
4.48000000e+01	3.76664613e+01	3.33422108e+06	1.29773701e+05	1.00000000e-09	1.78551149e+04	1.00000000e-10	1.78551149e+03	-1.72275669e+09	3.37765354e-15
4.49000000e+01	3.77505382e+01	3.26946962e+06	1.27253461e+05	1.00000000e-09	1.55178676e+04	1.00000000e-10	1.55178676e+03	-1.49724661e+09	3.10528136e-15
4.50000000e+01	3.78346151e+01	3.20477698e+06	1.24735511e+05	1.00000000e-09	1.00000000e-09	1.00000000e-10	1.00000000e-10	0.00000000e+00	2.85487313e-15
4.51000000e+01	3.79186920e+01	3.14008433e+06	1.22217560e+05	1.00000000e-09	1.00000000e-09	1.00000000e-10	1.00000000e-10	0.00000000e+00	2.62465769e-15
4.52000000e+01	3.80027690e+01	3.07539168e+06	1.19699609e+05	1.00000000e-09	1.68683508e+04	1.00000000e-10	1.68683508e+03	-1.62754843e+09	2.41300669e-15
4.53000000e+01	3.80868459e+01	3.01074286e+06	1.17183365e+05	1.00000000e-09	1.67029142e+04	1.00000000e-10	1.67029142e+03	-1.61158622e+09	2.21842312e-15
4.54000000e+01	3.81709228e+01	2.94615516e+06	1.14669498e+05	1.00000000e-09	1.00000000e-09	1.00000000e-10	1.00000000e-10	0.00000000e+00	2.03953067e-15
4.55000000e+01	3.82549997e+01	2.88156745e+06	1.12155632e+05	1.00000000e-09	1.00000000e-09	1.00000000e-10	1.00000000e-10	0.00000000e+00	1.87506400e-15
4.56000000e+01	3.83390767e+01	2.81697975e+06	1.09641766e+05	1.00000000e-09	1.57970579e+04	1.00000000e-10	1.57970579e+03	-1.52418438e+09	1.72385984e-15
4.57000000e+01	3.84231536e+01	2.75243262e+06	1.07129479e+05	1.00000000e-09	1.78206381e+04	1.00000000e-10	1.78206381e+03	-1.71943018e+09	1.58484870e-15
4.58000000e+01	3.85072305e+01	2.68794872e+06	1.04619653e+05	1.00000000e-09	1.00000000e-09	1.00000000e-10	1.00000000e-10	0.00000000e+00	1.45704735e-15
4.59000000e+01	3.85913074e+01	2.62346483e+06	1.02109828e+05	1.00000000e-09	1.00000000e-09	1.00000000e-10	1.00000000e-10	0.00000000e+00	1.33955183e-15
4.60000000e+01	3.86753843e+01	2.55898094e+06	9.96000023e+04	1.00000000e-09	1.46455343e+04	1.00000000e-10	1.46455343e+03	-1.41307924e+09	1.23153109e-15
4.61000000e+01	3.87594613e+01	2.49453426e+06	9.70916251e+04	1.00000000e-09	1.88645619e+04	1.00000000e-10	1.88645619e+03	-1.82015352e+09	1.13222108e-15
4.62000000e+01	3.88435382e+01	2.43015278e+06	9.45857854e+04	1.00000000e-09	1.00000000e-09	1.00000000e-10	1.00000000e-10	0.00000000e+00	1.04091937e-15
4.63000000e+01	3.89276151e+01	2.36577129e+06	9.20799457e+04	1.00000000e-09	1.00000000e-09	1.00000000e-10	1.00000000e-10	0.00000000e+00	9.56980191e-16
4.64000000e+01	3.90116920e+01	2.30138980e+06	8.95741060e+04	1.00000000e-09	1.34186039e+04	1.00000000e-10	1.34186039e+03	-1.29469846e+09	8.79809819e-16
4.65000000e+01	3.90957690e+01	2.23704208e+06	8.70695804e+04	1.00000000e-09	1.98285160e+04	1.00000000e-10	1.98285160e+03	-1.91316095e+09	8.08862425e-16
4.66000000e+01	3.91798459e+01	2.17276133e+06	8.45676612e+04	1.00000000e-09	1.00000000e-09	1.00000000e-10	1.00000000e-10	0.00000000e+00	7.43636191e-16
4.67000000e+01	3.92639228e+01	2.10848057e+06	8.20657421e+04	1.00000000e-09	1.00000000e-09	1.00000000e-10	1.00000000e-10	0.00000000e+00	6.83669765e-16
4.68000000e+01	3.93479997e+01	2.04419981e+06	7.95638229e+04	1.00000000e-09	1.21215999e+04	1.00000000e-10	1.21215999e+03	-1.16955659e+09	6.28539001e-16
4.69000000e+01	3.94320766e+01	1.97994929e+06	7.70630803e+04	1.00000000e-09	2.07066863e+04	1.00000000e-10	2.07066863e+03	-1.99789150e+09	5.77853951e-16
4.70000000e+01	3.95161536e+01	1.91576732e+06	7.45650060e+04	1.00000000e-09	1.00000000e-09	1.00000000e-10	1.00000000e-10	0.00000000e+00	5.31256117e-16
4.71000000e+01	3.96002305e+01	1.85158535e+06	7.20669318e+04	1.00000000e-09	1.00000000e-09	1.00000000e-10	1.00000000e-10	0.00000000e+00	4.88415907e-16
4.72000000e+01	3.96843074e+01	1.78740338e+06	6.95688575e+04	1.00000000e-09	1.07603431e+04	1.00000000e-10	1.07603431e+03	-1.03821528e+09	4.49030309e-16
4.73000000e+01	3.97683843e+01	1.72324803e+06	6.70718194e+04	1.00000000e-09	2.14936616e+04	1.00000000e-10	2.14936616e+03	-2.07382308e+09	4.12820745e-16
4.74000000e+01	3.98524613e+01	1.65916264e+06	6.45775043e+04	1.00000000e-09	1.00000000e-09	1.00000000e-10	1.00000000e-10	0.00000000e+00	3.79531100e-16
4.75000000e+01	3.99365382e+01	1.59507725e+06	6.20831892e+04	1.00000000e-09	1.00000000e-09	1.00000000e-10	1.00000000e-10	0.00000000e+00	3.48925915e-16
4.76000000e+01	4.00206151e+01	1.53099186e+06	5.95888741e+04	1.00000000e-09	9.34111698e+03	1.00000000e-10	9.34111698e+02	-9.01280774e+08	3.20788716e-16
4.77000000e+01	4.01046920e+01	1.46692943e+06	5.70954523e+04	1.00000000e-09	2.21844789e+04	1.00000000e-10	2.21844789e+03	-2.14047681e+09	2.94920485e-16
4.78000000e+01	4.01887690e+01	1.40293817e+06	5.46048008e+04	1.00000000e-09	1.00000000e-09	1.00000000e-10	1.00000000e-10	0.00000000e+00	2.71138254e-16
4.79000000e+01	4.02728459e+01	1.33894690e+06	5.21141493e+04	1.00000000e-09	1.00000000e-09	1.00000000e-10	1.00000000e-10	0.00000000e+00	2.49273810e-16
4.80000000e+01	4.03569228e+01	1.27495564e+06	4.96234978e+04	1.00000000e-09	7.87063681e+03	1.00000000e-10	7.87063681e+02	-7.59401007e+08	2.29172503e-16
4.81000000e+01	4.04409997e+01	1.21098361e+06	4.71335946e+04	1.00000000e-09	2.27746662e+04	1.00000000e-10	2.27746662e+03	-2.19742124e+09	2.10692155e-16
4.82000000e+01	4.05250766e+01	1.14708377e+06	4.46465016e+04	1.00000000e-09	1.00000000e-09	1.00000000e-10	1.00000000e-10	0.00000000e+00	1.93702052e-16
4.83000000e+01	4.06091536e+01	1.08318394e+06	4.21594086e+04	1.00000000e-09	1.00000000e-09	1.00000000e-10	1.00000000e-10	0.00000000e+00	1.78082022e-16
4.84000000e+01	4.06932305e+01	1.01928411e+06	3.96723156e+04	1.00000000e-09	6.35601563e+03	1.00000000e-10	6.35601563e+02	-6.13262279e+08	1.63721583e-16
4.85000000e+01	4.07773074e+01	9.55399725e+05	3.71858240e+04	1.00000000e-09	2.32602839e+04	1.00000000e-10	2.32602839e+03	-2.24427621e+09	1.50519162e-16
4.86000000e+01	4.08613843e+01	8.91588381e+05	3.47021751e+04	1.00000000e-09	1.00000000e-09	1.00000000e-10	1.00000000e-10	0.00000000e+00	1.38381377e-16
4.87000000e+01	4.09454613e+01	8.27777036e+05	3.22185263e+04	1.00000000e-09	1.00000000e-09	1.00000000e-10	1.00000000e-10	0.00000000e+00	1.27222377e-16
4.88000000e+01	4.10295382e+01	7.63965691e+05	2.97348774e+04	1.00000000e-09	4.80472490e+03	1.00000000e-10	4.80472490e+02	-4.63585478e+08	1.16963232e-16
4.89000000e+01	4.11136151e+01	7.00165990e+05	2.72516818e+04	1.00000000e-09	2.36379611e+04	1.00000000e-10	2.36379611e+03	-2.28071653e+09	1.07531379e-16
4.90000000e+01	4.11976920e+01	6.36439967e+05	2.47713538e+04	1.00000000e-09	1.00000000e-09	1.00000000e-10	1.00000000e-10	0.00000000e+00	9.88601065e-17
4.91000000e+01	4.12817689e+01	5.72713943e+05	2.22910258e+04	1.00000000e-09	1.00000000e-09	1.00000000e-10	1.00000000e-10	0.00000000e+00	9.08880802e-17
4.92000000e+01	4.13658459e+01	5.08987919e+05	1.98106977e+04	1.00000000e-09	3.22455168e+03	1.00000000e-10	3.22455168e+02	-3.11121940e+08	8.35589140e-17
4.93000000e+01	4.14499228e+01	4.45269704e+05	1.73306737e+04	1.00000000e-09	2.39049307e+04	1.00000000e-10	2.39049307e+03	-2.30647517e+09	7.68207678e-17
4.94000000e+01	4.15339997e+01	3.81625612e+05	1.48535346e+04	1.00000000e-09	1.00000000e-09	1.00000000e-10	1.00000000e-10	0.00000000e+00	7.06259821e-17
4.95000000e+01	4.16180766e+01	3.17981520e+05	1.23763955e+04	1.00000000e-09	1.00000000e-09	1.00000000e-10	1.00000000e-10	0.00000000e+00	6.49307406e-17
4.96000000e+01	4.17021536e+01	2.54337428e+05	9.89925639e+03	1.00000000e-09	1.62355184e+03	1.00000000e-10	1.62355184e+02	-1.56648939e+08	5.96947603e-17
4.97000000e+01	4.17862305e+01	1.90697290e+05	7.42227121e+03	1.00000000e-09	2.40590579e+04	1.00000000e-10	2.40590579e+03	-2.32134619e+09	5.48810067e-17
4.98000000e+01	4.18703074e+01	1.27131527e+05	4.94818080e+03	1.00000000e-09	1.00000000e-09	1.00000000e-10	1.00000000e-10	0.00000000e+00	5.04554316e-17
4.99000000e+01	4.19543843e+01	6.35657634e+04	2.47409040e+03	1.00000000e-09	1.00000000e-09	1.00000000e-10	1.00000000e-10	0.00000000e+00	4.63867326e-17
5.00000000e+01	4.20384612e+01	0.00000000e+00	0.00000000e+00	1.00000000e+01	1.00000000e+01	1.00000000e+00	1.00000000e+00	0.00000000e+00	4.26461312e-17
