# 1D PNP Solver Results
# Debye length: 1.18939 nm
# Surface potential: 100 mV
# Bulk concentration: 10 mol/m^3
# Thermal voltage: 25.6926 mV
# Grid: non-uniform with stretching factor 1
#
# Columns:
# 1: x [nm]
# 2: x/lambda_D [-]
# 3: phi [mV]
# 4: phi_normalized = e*phi/(kB*T) [-]
# 5: c+ [mol/m^3]
# 6: c- [mol/m^3]
# 7: c+/c0 [-]
# 8: c-/c0 [-]
# 9: rho [C/m^3]
# 10: phi_GC [mV] (Gouy-Chapman analytical)
0.00000000e+00	0.00000000e+00	1.00000000e+02	3.89217445e+00	1.00000000e-09	1.00000000e-09	1.00000000e-10	1.00000000e-10	0.00000000e+00	1.00000000e+02
1.00000000e-01	8.40769225e-02	8.34853359e+05	3.24939491e+04	1.00000000e-09	1.00000000e-09	1.00000000e-10	1.00000000e-10	0.00000000e+00	8.70576373e+01
2.00000000e-01	1.68153845e-01	1.66948090e+06	6.49791092e+04	9.03694029e+04	1.00000000e-09	9.03694029e+03	1.00000000e-10	8.71932185e+09	7.68715638e+01
3.00000000e-01	2.52230767e-01	2.50410845e+06	9.74642692e+04	6.51189363e+03	1.00000000e-09	6.51189363e+02	1.00000000e-10	6.28302220e+08	6.85207345e+01
4.00000000e-01	3.36307690e-01	3.33873599e+06	1.29949429e+05	1.00000000e-09	1.00000000e-09	1.00000000e-10	1.00000000e-10	0.00000000e+00	6.14862309e+01
5.00000000e-01	4.20384612e-01	4.15579542e+06	1.61750808e+05	1.00000000e-09	1.00000000e-09	1.00000000e-10	1.00000000e-10	0.00000000e+00	5.54461690e+01
6.00000000e-01	5.04461535e-01	4.97241694e+06	1.93535142e+05	9.02051238e+04	1.00000000e-09	9.02051238e+03	1.00000000e-10	8.70347133e+09	5.01866549e+01
7.00000000e-01	5.88538457e-01	5.78903845e+06	2.25319475e+05	1.33032395e+04	1.00000000e-09	1.33032395e+03	1.00000000e-10	1.28356748e+09	4.55579535e+01
8.00000000e-01	6.72615380e-01	6.60565996e+06	2.57103809e+05	1.00000000e-09	1.00000000e-09	1.00000000e-10	1.00000000e-10	0.00000000e+00	4.14508515e+01
9.00000000e-01	7.56692302e-01	7.40471515e+06	2.88204431e+05	1.00000000e-09	1.00000000e-09	1.00000000e-10	1.00000000e-10	0.00000000e+00	3.77829914e+01
1.00000000e+00	8.40769225e-01	8.20300710e+06	3.19275346e+05	8.99142599e+04	1.00000000e-09	8.99142599e+03	1.00000000e-10	8.67540723e+09	3.44905241e+01
1.10000000e+00	9.24846147e-01	9.00129904e+06	3.50346261e+05	2.03948486e+04	1.00000000e-09	2.03948486e+03	1.00000000e-10	1.96780374e+09	3.15227780e+01
1.20000000e+00	1.00892307e+00	9.79959099e+06	3.81417177e+05	1.00000000e-09	1.00000000e-09	1.00000000e-10	1.00000000e-10	0.00000000e+00	2.88387272e+01
1.30000000e+00	1.09299999e+00	1.05803173e+07	4.11804407e+05	1.00000000e-09	1.00000000e-09	1.00000000e-10	1.00000000e-10	0.00000000e+00	2.64045776e+01
1.40000000e+00	1.17707691e+00	1.13599408e+07	4.42148714e+05	8.94848250e+04	1.00000000e-09	8.94848250e+03	1.00000000e-10	8.63397306e+09	2.41920729e+01
1.50000000e+00	1.26115384e+00	1.21395643e+07	4.72493021e+05	2.78099163e+04	1.00000000e-09	2.78099163e+03	1.00000000e-10	2.68324901e+09	2.21772778e+01
1.60000000e+00	1.34523076e+00	1.29191879e+07	5.02837329e+05	1.00000000e-09	1.00000000e-09	1.00000000e-10	1.00000000e-10	0.00000000e+00	2.03396868e+01
1.70000000e+00	1.42930768e+00	1.36812453e+07	5.32497933e+05	1.00000000e-09	1.00000000e-09	1.00000000e-10	1.00000000e-10	0.00000000e+00	1.86615585e+01
1.80000000e+00	1.51338460e+00	1.44418449e+07	5.62101798e+05	8.89030897e+04	1.00000000e-09	8.89030897e+03	1.00000000e-10	8.57784414e+09	1.71274116e+01
1.90000000e+00	1.59746153e+00	1.52024446e+07	5.91705663e+05	3.55743977e+04	1.00000000e-09	3.55743977e+03	1.00000000e-10	3.43240758e+09	1.57236358e+01
2.00000000e+00	1.68153845e+00	1.59630442e+07	6.21309529e+05	1.00000000e-09	1.00000000e-09	1.00000000e-10	1.00000000e-10	0.00000000e+00	1.44381886e+01
2.10000000e+00	1.76561537e+00	1.67060760e+07	6.50229623e+05	1.00000000e-09	1.00000000e-09	1.00000000e-10	1.00000000e-10	0.00000000e+00	1.32603556e+01
2.20000000e+00	1.84969229e+00	1.74472784e+07	6.79078512e+05	8.81532454e+04	1.00000000e-09	8.81532454e+03	1.00000000e-10	8.50549516e+09	1.21805577e+01
2.30000000e+00	1.93376922e+00	1.81884808e+07	7.07927401e+05	4.37174591e+04	1.00000000e-09	4.37174591e+03	1.00000000e-10	4.21809356e+09	1.11901960e+01
2.40000000e+00	2.01784614e+00	1.89296831e+07	7.36776290e+05	1.00000000e-09	1.00000000e-09	1.00000000e-10	1.00000000e-10	0.00000000e+00	1.02815237e+01
2.50000000e+00	2.10192306e+00	1.96533145e+07	7.64941286e+05	1.00000000e-09	1.00000000e-09	1.00000000e-10	1.00000000e-10	0.00000000e+00	9.44754093e+00
2.60000000e+00	2.18599998e+00	2.03747266e+07	7.93019903e+05	8.72169868e+04	1.00000000e-09	8.72169868e+03	1.00000000e-10	8.41515993e+09	8.68190590e+00
2.70000000e+00	2.27007691e+00	2.10961387e+07	8.21098519e+05	5.22720257e+04	1.00000000e-09	5.22720257e+03	1.00000000e-10	5.04348376e+09	7.97886054e+00
2.80000000e+00	2.35415383e+00	2.18175508e+07	8.49177136e+05	1.00000000e-09	1.00000000e-09	1.00000000e-10	1.00000000e-10	0.00000000e+00	7.33316685e+00
2.90000000e+00	2.43823075e+00	2.25213872e+07	8.76571678e+05	1.00000000e-09	1.00000000e-09	1.00000000e-10	1.00000000e-10	0.00000000e+00	6.74005227e+00
3.00000000e+00	2.52230767e+00	2.32225946e+07	9.03863894e+05	8.60729872e+04	1.00000000e-09	8.60729872e+03	1.00000000e-10	8.30478076e+09	6.19516235e+00
3.10000000e+00	2.60638460e+00	2.39238020e+07	9.31156109e+05	6.12754497e+04	1.00000000e-09	6.12754497e+03	1.00000000e-10	5.91218212e+09	5.69451955e+00
3.20000000e+00	2.69046152e+00	2.46250094e+07	9.58448325e+05	1.00000000e-09	1.00000000e-09	1.00000000e-10	1.00000000e-10	0.00000000e+00	5.23448697e+00
3.30000000e+00	2.77453844e+00	2.53086348e+07	9.85056218e+05	1.00000000e-09	1.00000000e-09	1.00000000e-10	1.00000000e-10	0.00000000e+00	4.81173646e+00
3.40000000e+00	2.85861536e+00	2.59891997e+07	1.01154499e+06	8.46962346e+04	1.00000000e-09	8.46962346e+03	1.00000000e-10	8.17194433e+09	4.42322017e+00
3.50000000e+00	2.94269229e+00	2.66697646e+07	1.03803376e+06	7.07703330e+04	1.00000000e-09	7.07703330e+03	1.00000000e-10	6.82829908e+09	4.06614534e+00
3.60000000e+00	3.02676921e+00	2.73503295e+07	1.06452254e+06	1.00000000e-09	1.00000000e-09	1.00000000e-10	1.00000000e-10	0.00000000e+00	3.73795159e+00
3.70000000e+00	3.11084613e+00	2.80133042e+07	1.09032667e+06	1.00000000e-09	1.00000000e-09	1.00000000e-10	1.00000000e-10	0.00000000e+00	3.43629058e+00
3.80000000e+00	3.19492305e+00	2.86727628e+07	1.11599395e+06	8.30571805e+04	1.00000000e-09	8.30571805e+03	1.00000000e-10	8.01379965e+09	3.15900770e+00
3.90000000e+00	3.27899998e+00	2.93322215e+07	1.14166123e+06	8.08055482e+04	1.00000000e-09	8.08055482e+03	1.00000000e-10	7.79655015e+09	2.90412542e+00
4.00000000e+00	3.36307690e+00	2.99916802e+07	1.16732851e+06	1.00000000e-09	1.00000000e-09	1.00000000e-10	1.00000000e-10	0.00000000e+00	2.66982829e+00
4.10000000e+00	3.44715382e+00	3.06335383e+07	1.19231075e+06	1.00000000e-09	1.00000000e-09	1.00000000e-10	1.00000000e-10	0.00000000e+00	2.45444929e+00
4.20000000e+00	3.53123074e+00	3.12713985e+07	1.21713738e+06	8.11206379e+04	1.00000000e-09	8.11206379e+03	1.00000000e-10	7.82695169e+09	2.25645740e+00
4.30000000e+00	3.61530767e+00	3.19092586e+07	1.24196401e+06	9.14375193e+04	1.00000000e-09	9.14375193e+03	1.00000000e-10	8.82237942e+09	2.07444628e+00
4.40000000e+00	3.69938459e+00	3.25471187e+07	1.26679064e+06	1.00000000e-09	1.00000000e-09	1.00000000e-10	1.00000000e-10	0.00000000e+00	1.90712395e+00
4.50000000e+00	3.78346151e+00	3.31673658e+07	1.29093174e+06	1.00000000e-09	1.00000000e-09	1.00000000e-10	1.00000000e-10	0.00000000e+00	1.75330334e+00
4.60000000e+00	3.86753843e+00	3.37831033e+07	1.31489731e+06	7.88443352e+04	1.00000000e-09	7.88443352e+03	1.00000000e-10	7.60732187e+09	1.61189369e+00
4.70000000e+00	3.95161536e+00	3.43988407e+07	1.33886289e+06	1.02731843e+05	1.00000000e-09	1.02731843e+04	1.00000000e-10	9.91211602e+09	1.48189263e+00
4.80000000e+00	4.03569228e+00	3.50145782e+07	1.36282847e+06	1.00000000e-09	1.00000000e-09	1.00000000e-10	1.00000000e-10	0.00000000e+00	1.36237899e+00
4.90000000e+00	4.11976920e+00	3.56126874e+07	1.38610792e+06	1.00000000e-09	1.00000000e-09	1.00000000e-10	1.00000000e-10	0.00000000e+00	1.25250612e+00
5.00000000e+00	4.20384612e+00	3.62057425e+07	1.40919066e+06	7.61769941e+04	1.00000000e-09	7.61769941e+03	1.00000000e-10	7.34996258e+09	1.15149587e+00
5.10000000e+00	4.28792305e+00	3.67987975e+07	1.43227340e+06	1.14765368e+05	1.00000000e-09	1.14765368e+04	1.00000000e-10	1.10731746e+10	1.05863300e+00
5.20000000e+00	4.37199997e+00	3.73918526e+07	1.45535613e+06	1.00000000e-09	1.00000000e-09	1.00000000e-10	1.00000000e-10	0.00000000e+00	9.73260072e-01
5.30000000e+00	4.45607689e+00	3.79672614e+07	1.47775205e+06	1.00000000e-09	1.00000000e-09	1.00000000e-10	1.00000000e-10	0.00000000e+00	8.94772759e-01
5.40000000e+00	4.54015381e+00	3.85370343e+07	1.49992860e+06	7.30557323e+04	1.00000000e-09	7.30557323e+03	1.00000000e-10	7.04880659e+09	8.22615544e-01
5.50000000e+00	4.62423074e+00	3.91068071e+07	1.52210515e+06	1.27628886e+05	1.00000000e-09	1.27628886e+04	1.00000000e-10	1.23143154e+10	7.56277766e-01
5.60000000e+00	4.70830766e+00	3.96765799e+07	1.54428170e+06	1.00000000e-09	1.00000000e-09	1.00000000e-10	1.00000000e-10	0.00000000e+00	6.95289988e-01
5.70000000e+00	4.79238458e+00	4.02286853e+07	1.56577061e+06	1.00000000e-09	1.00000000e-09	1.00000000e-10	1.00000000e-10	0.00000000e+00	6.39220665e-01
5.80000000e+00	4.87646150e+00	4.07745306e+07	1.58701586e+06	6.94024955e+04	1.00000000e-09	6.94024955e+03	1.00000000e-10	6.69632283e+09	5.87673079e-01
5.90000000e+00	4.96053843e+00	4.13203760e+07	1.60826112e+06	1.41430684e+05	1.00000000e-09	1.41430684e+04	1.00000000e-10	1.36459865e+10	5.40282524e-01
6.00000000e+00	5.04461535e+00	4.18662213e+07	1.62950637e+06	1.00000000e-09	1.00000000e-09	1.00000000e-10	1.00000000e-10	0.00000000e+00	4.96713722e-01
6.10000000e+00	5.12869227e+00	4.23943745e+07	1.65006301e+06	1.00000000e-09	1.00000000e-09	1.00000000e-10	1.00000000e-10	0.00000000e+00	4.56658442e-01
6.20000000e+00	5.21276919e+00	4.29155952e+07	1.67034983e+06	6.51190613e+04	1.00000000e-09	6.51190613e+03	1.00000000e-10	6.28303426e+09	4.19833321e-01
6.30000000e+00	5.29684612e+00	4.34368159e+07	1.69063665e+06	1.56301277e+05	1.00000000e-09	1.56301277e+04	1.00000000e-10	1.50807806e+10	3.85977854e-01
6.40000000e+00	5.38092304e+00	4.39580365e+07	1.71092347e+06	1.00000000e-09	1.00000000e-09	1.00000000e-10	1.00000000e-10	0.00000000e+00	3.54852548e-01
6.50000000e+00	5.46499996e+00	4.44615363e+07	1.73052056e+06	1.00000000e-09	1.22175747e-09	1.00000000e-10	1.22175747e-10	-2.13963429e-05	3.26237227e-01
6.60000000e+00	5.54907688e+00	4.49573755e+07	1.74981948e+06	6.00798879e+04	1.00000000e-09	6.00798879e+03	1.00000000e-10	5.79682794e+09	2.99929475e-01
6.70000000e+00	5.63315381e+00	4.54532146e+07	1.76911841e+06	1.72399847e+05	1.00000000e-09	1.72399847e+04	1.00000000e-10	1.66340565e+10	2.75743201e-01
6.80000000e+00	5.71723073e+00	4.59490538e+07	1.78841733e+06	1.00000000e-09	1.00000000e-09	1.00000000e-10	1.00000000e-10	0.00000000e+00	2.53507323e-01
6.90000000e+00	5.80130765e+00	4.64271386e+07	1.80702523e+06	1.00000000e-09	1.87345120e-09	1.00000000e-10	1.87345120e-10	-8.42752296e-05	2.33064554e-01
7.00000000e+00	5.88538457e+00	4.68967698e+07	1.82530409e+06	5.41216236e+04	1.00000000e-09	5.41216236e+03	1.00000000e-10	5.22194283e+09	2.14270296e-01
7.10000000e+00	5.96946150e+00	4.73664009e+07	1.84358295e+06	1.89923169e+05	1.00000000e-09	1.89923169e+04	1.00000000e-10	1.83248001e+10	1.96991610e-01
7.20000000e+00	6.05353842e+00	4.78360320e+07	1.86186182e+06	1.00000000e-09	1.00000000e-09	1.00000000e-10	1.00000000e-10	0.00000000e+00	1.81106277e-01
7.30000000e+00	6.13761534e+00	4.82878704e+07	1.87944816e+06	1.00000000e-09	3.56938094e-09	1.00000000e-10	3.56938094e-10	-2.47907573e-04	1.66501937e-01
7.40000000e+00	6.22169226e+00	4.87303852e+07	1.89667160e+06	4.70272759e+04	1.00000000e-09	4.70272759e+03	1.00000000e-10	4.53744234e+09	1.53075289e-01
7.50000000e+00	6.30576919e+00	4.91729000e+07	1.91389505e+06	2.09118247e+05	1.00000000e-09	2.09118247e+04	1.00000000e-10	2.01768435e+10	1.40731363e-01
7.60000000e+00	6.38984611e+00	4.96154148e+07	1.93111850e+06	1.00000000e-09	1.00000000e-09	1.00000000e-10	1.00000000e-10	0.00000000e+00	1.29382849e-01
7.70000000e+00	6.47392303e+00	5.00400927e+07	1.94764770e+06	1.00000000e-09	1.00000000e-09	1.00000000e-10	1.00000000e-10	0.00000000e+00	1.18949475e-01
7.80000000e+00	6.55799995e+00	5.04544852e+07	1.96377658e+06	3.85015193e+04	1.00000000e-09	3.85015193e+03	1.00000000e-10	3.71483188e+09	1.09357445e-01
7.90000000e+00	6.64207688e+00	5.08688778e+07	1.97990546e+06	2.30300673e+05	1.00000000e-09	2.30300673e+04	1.00000000e-10	2.22206370e+10	1.00538914e-01
8.00000000e+00	6.72615380e+00	5.12832704e+07	1.99603435e+06	1.00000000e-09	1.00000000e-09	1.00000000e-10	1.00000000e-10	0.00000000e+00	9.24315047e-02
8.10000000e+00	6.81023072e+00	5.16797752e+07	2.01146701e+06	1.00000000e-09	1.00000000e-09	1.00000000e-10	1.00000000e-10	0.00000000e+00	8.49778740e-02
8.20000000e+00	6.89430764e+00	5.20649216e+07	2.02645757e+06	2.81306610e+04	1.00000000e-09	2.81306610e+03	1.00000000e-10	2.71419617e+09	7.81253008e-02
8.30000000e+00	6.97838457e+00	5.24500679e+07	2.04144814e+06	2.53882082e+05	1.00000000e-09	2.53882082e+04	1.00000000e-10	2.44958970e+10	7.18253161e-02
8.40000000e+00	7.06246149e+00	5.28352142e+07	2.05643871e+06	1.00000000e-09	1.00000000e-09	1.00000000e-10	1.00000000e-10	0.00000000e+00	6.60333593e-02
8.50000000e+00	7.14653841e+00	5.32024150e+07	2.07073080e+06	1.00000000e-09	1.00000000e-09	1.00000000e-10	1.00000000e-10	0.00000000e+00	6.07084632e-02
8.60000000e+00	7.23061533e+00	5.35570455e+07	2.08453364e+06	1.53146573e+04	1.00000000e-09	1.53146573e+03	1.00000000e-10	1.47763979e+09	5.58129641e-02
8.70000000e+00	7.31469226e+00	5.39116760e+07	2.09833648e+06	2.80412592e+05	1.00000000e-09	2.80412592e+04	1.00000000e-10	2.70557021e+10	5.13122357e-02
8.80000000e+00	7.39876918e+00	5.42663065e+07	2.11213931e+06	1.00000000e-09	1.00000000e-09	1.00000000e-10	1.00000000e-10	0.00000000e+00	4.71744438e-02
8.90000000e+00	7.48284610e+00	5.46029259e+07	2.12524113e+06	1.00000000e-09	1.00000000e-09	1.00000000e-10	1.00000000e-10	0.00000000e+00	4.33703214e-02
9.00000000e+00	7.56692302e+00	5.49255875e+07	2.13779968e+06	1.00000000e-09	1.00000000e-09	1.00000000e-10	1.00000000e-10	0.00000000e+00	3.98729614e-02
9.10000000e+00	7.65099995e+00	5.52482490e+07	2.15035823e+06	3.10649096e+05	1.00000000e-09	3.10649096e+04	1.00000000e-10	2.99730812e+10	3.66576268e-02
9.20000000e+00	7.73507687e+00	5.55709106e+07	2.16291678e+06	3.32862266e+03	1.00000000e-09	3.32862266e+02	1.00000000e-10	3.21163263e+08	3.37015752e-02
9.30000000e+00	7.81915379e+00	5.58754880e+07	2.17477147e+06	1.00000000e-09	1.00000000e-09	1.00000000e-10	1.00000000e-10	0.00000000e+00	3.09838980e-02
9.40000000e+00	7.90323071e+00	5.61644901e+07	2.18601994e+06	1.00000000e-09	1.00000000e-09	1.00000000e-10	1.00000000e-10	0.00000000e+00	2.84853728e-02
9.50000000e+00	7.98730764e+00	5.64534923e+07	2.19726840e+06	3.45670398e+05	1.00000000e-09	3.45670398e+04	1.00000000e-10	3.33521231e+10	2.61883275e-02
9.60000000e+00	8.07138456e+00	5.67424945e+07	2.20851687e+06	2.49037199e+04	1.00000000e-09	2.49037199e+03	1.00000000e-10	2.40284369e+09	2.40765146e-02
9.70000000e+00	8.15546148e+00	5.70133330e+07	2.21905838e+06	1.00000000e-09	1.00000000e-09	1.00000000e-10	1.00000000e-10	0.00000000e+00	2.21349973e-02
9.80000000e+00	8.23953840e+00	5.72666673e+07	2.22891859e+06	1.00000000e-09	1.00000000e-09	1.00000000e-10	1.00000000e-10	0.00000000e+00	2.03500429e-02
9.90000000e+00	8.32361533e+00	5.75200016e+07	2.23877880e+06	3.87082615e+05	1.00000000e-09	3.87082615e+04	1.00000000e-10	3.73477946e+10	1.87090262e-02
1.00000000e+01	8.40769225e+00	5.77733359e+07	2.24863902e+06	5.40300447e+04	1.00000000e-09	5.40300447e+03	1.00000000e-10	5.21310681e+09	1.72003403e-02
1.01000000e+01	8.49176917e+00	5.80084254e+07	2.25778911e+06	1.00000000e-09	1.00000000e-09	1.00000000e-10	1.00000000e-10	0.00000000e+00	1.58133140e-02
1.02000000e+01	8.57584609e+00	5.82236384e+07	2.26616558e+06	1.00000000e-09	1.00000000e-09	1.00000000e-10	1.00000000e-10	0.00000000e+00	1.45381368e-02
1.03000000e+01	8.65992302e+00	5.84388513e+07	2.27454204e+06	4.37411134e+05	1.00000000e-09	4.37411134e+04	1.00000000e-10	4.22037585e+10	1.33657892e-02
1.04000000e+01	8.74399994e+00	5.86540643e+07	2.28291850e+06	9.56074426e+04	1.00000000e-09	9.56074426e+03	1.00000000e-10	9.22471585e+09	1.22879791e-02
1.05000000e+01	8.82807686e+00	5.88509628e+07	2.29058214e+06	1.00000000e-09	1.00000000e-09	1.00000000e-10	1.00000000e-10	0.00000000e+00	1.12970830e-02
1.06000000e+01	8.91215378e+00	5.90249391e+07	2.29735360e+06	1.00000000e-09	1.00000000e-09	1.00000000e-10	1.00000000e-10	0.00000000e+00	1.03860923e-02
1.07000000e+01	8.99623071e+00	5.91989155e+07	2.30412506e+06	5.00907495e+05	1.00000000e-09	5.00907495e+04	1.00000000e-10	4.83302260e+10	9.54856333e-03
1.08000000e+01	9.08030763e+00	5.93728918e+07	2.31089652e+06	1.60309252e+05	1.00000000e-09	1.60309252e+04	1.00000000e-10	1.54674914e+10	8.77857228e-03
1.09000000e+01	9.16438455e+00	5.95285327e+07	2.31695434e+06	1.00000000e-09	1.00000000e-09	1.00000000e-10	1.00000000e-10	0.00000000e+00	8.07067289e-03
1.10000000e+01	9.24846147e+00	5.96570830e+07	2.32195774e+06	1.00000000e-09	1.00000000e-09	1.00000000e-10	1.00000000e-10	0.00000000e+00	7.41985814e-03
1.11000000e+01	9.33253840e+00	5.97856333e+07	2.32696114e+06	5.85295160e+05	1.00000000e-09	5.85295160e+04	1.00000000e-10	5.64723979e+10	6.82152474e-03
1.12000000e+01	9.41661532e+00	5.99141836e+07	2.33196455e+06	2.77218563e+05	1.00000000e-09	2.77218563e+04	1.00000000e-10	2.67475252e+10	6.27144062e-03
1.13000000e+01	9.50069224e+00	6.00245411e+07	2.33625985e+06	1.00000000e-09	1.00000000e-09	1.00000000e-10	1.00000000e-10	0.00000000e+00	5.76571500e-03
1.14000000e+01	9.58476916e+00	6.01014711e+07	2.33925410e+06	1.00000000e-09	1.00000000e-09	1.00000000e-10	1.00000000e-10	0.00000000e+00	5.30077082e-03
1.15000000e+01	9.66884609e+00	6.01784011e+07	2.34224835e+06	7.03778464e+05	1.00000000e-09	7.03778464e+04	1.00000000e-10	6.79042989e+10	4.87331949e-03
1.16000000e+01	9.75292301e+00	6.02553310e+07	2.34524260e+06	5.68229347e+05	1.00000000e-09	5.68229347e+04	1.00000000e-10	5.48257973e+10	4.48033760e-03
1.17000000e+01	9.83699993e+00	6.03148164e+07	2.34755787e+06	1.00000000e-09	1.00000000e-09	1.00000000e-10	1.00000000e-10	0.00000000e+00	4.11904557e-03
1.18000000e+01	9.92107685e+00	6.03290658e+07	2.34811248e+06	1.00000000e-09	1.00000000e-09	1.00000000e-10	1.00000000e-10	0.00000000e+00	3.78688794e-03
1.19000000e+01	1.00051538e+01	6.03433151e+07	2.34866709e+06	3.47446209e+05	1.00000000e-09	3.47446209e+04	1.00000000e-10	3.35234628e+10	3.48151531e-03
1.20000000e+01	1.00892307e+01	6.03575645e+07	2.34922170e+06	3.50760552e+06	1.00000000e-09	3.50760552e+05	1.00000000e-10	3.38432484e+11	3.20076778e-03
1.21000000e+01	1.01733076e+01	6.03584864e+07	2.34925758e+06	3.14939043e+05	1.00000000e-09	3.14939043e+04	1.00000000e-10	3.03869982e+10	2.94265957e-03
1.22000000e+01	1.02573845e+01	6.02745994e+07	2.34599256e+06	6.14088771e+04	1.00000000e-09	6.14088771e+03	1.00000000e-10	5.92505590e+09	2.70536508e-03
1.23000000e+01	1.03414615e+01	6.01434905e+07	2.34088957e+06	2.23930863e+04	5.36805345e+04	2.23930863e+03	5.36805345e+03	-3.01877983e+09	2.48720588e-03
1.24000000e+01	1.04255384e+01	5.99896230e+07	2.33490078e+06	4.15110840e+03	3.87532933e+03	4.15110840e+02	3.87532933e+02	2.66086347e+07	2.28663893e-03
1.25000000e+01	1.05096153e+01	5.98311779e+07	2.32873382e+06	8.38228687e+02	1.00000000e-09	8.38228687e+01	1.00000000e-10	8.08767733e+07	2.10224558e-03
1.26000000e+01	1.05936922e+01	5.96718028e+07	2.32253066e+06	1.00000000e-09	1.00000000e-09	1.00000000e-10	1.00000000e-10	0.00000000e+00	1.93272162e-03
1.27000000e+01	1.06777692e+01	5.95124277e+07	2.31632750e+06	1.00000000e-09	5.20661183e+04	1.00000000e-10	5.20661183e+03	-5.02361672e+09	1.77686798e-03
1.28000000e+01	1.07618461e+01	5.93530526e+07	2.31012435e+06	5.89351861e+02	5.56673068e+03	5.89351861e+01	5.56673068e+02	-4.80244048e+08	1.63358230e-03
1.29000000e+01	1.08459230e+01	5.91930193e+07	2.30389557e+06	3.85302242e+02	1.00000000e-09	3.85302242e+01	1.00000000e-10	3.71760148e+07	1.50185109e-03
1.30000000e+01	1.09299999e+01	5.90325591e+07	2.29765018e+06	1.00000000e-09	1.00000000e-09	1.00000000e-10	1.00000000e-10	0.00000000e+00	1.38074262e-03
1.31000000e+01	1.10140768e+01	5.88720989e+07	2.29140479e+06	1.00000000e-09	5.16822211e+04	1.00000000e-10	5.16822211e+03	-4.98657627e+09	1.26940027e-03
1.32000000e+01	1.10981538e+01	5.87116388e+07	2.28515940e+06	1.01398062e+01	7.23167660e+03	1.01398062e+00	7.23167660e+02	-6.96772376e+08	1.16703651e-03
1.33000000e+01	1.11822307e+01	5.85511732e+07	2.27891380e+06	1.00000000e-09	1.00000000e-09	1.00000000e-10	1.00000000e-10	0.00000000e+00	1.07292731e-03
1.34000000e+01	1.12663076e+01	5.83907178e+07	2.27266860e+06	1.00000000e-09	1.00000000e-09	1.00000000e-10	1.00000000e-10	0.00000000e+00	9.86407027e-04
1.35000000e+01	1.13503845e+01	5.82302624e+07	2.26642339e+06	3.02954733e+01	5.14463280e+04	3.02954733e+00	5.14463280e+03	-4.96089298e+09	9.06863691e-04
1.36000000e+01	1.14344615e+01	5.80697723e+07	2.26017684e+06	5.70179011e+00	8.89765295e+03	5.70179011e-01	8.89765295e+02	-8.57942861e+08	8.33734687e-04
1.37000000e+01	1.15185384e+01	5.79092810e+07	2.25393024e+06	1.00000000e-09	1.00000000e-09	1.00000000e-10	1.00000000e-10	0.00000000e+00	7.66502767e-04
1.38000000e+01	1.16026153e+01	5.77487994e+07	2.24768402e+06	1.00000000e-09	1.00000000e-09	1.00000000e-10	1.00000000e-10	0.00000000e+00	7.04692393e-04
1.39000000e+01	1.16866922e+01	5.75883179e+07	2.24143780e+06	1.29264252e+01	5.11569277e+04	1.29264252e+00	5.11569277e+03	-4.93464595e+09	6.47866374e-04
1.40000000e+01	1.17707691e+01	5.74278216e+07	2.23519100e+06	5.59713115e+00	1.05550085e+04	5.59713115e-01	1.05550085e+03	-1.01786346e+09	5.95622776e-04
1.41000000e+01	1.18548461e+01	5.72673242e+07	2.22894416e+06	1.00000000e-09	1.00000000e-09	1.00000000e-10	1.00000000e-10	0.00000000e+00	5.47592073e-04
1.42000000e+01	1.19389230e+01	5.71068368e+07	2.22269771e+06	1.00000000e-09	1.00000000e-09	1.00000000e-10	1.00000000e-10	0.00000000e+00	5.03434541e-04
1.43000000e+01	1.20229999e+01	5.69463493e+07	2.21645126e+06	8.00390414e+00	5.08146699e+04	8.00390414e-01	5.08146699e+03	-4.90209804e+09	4.62837848e-04
1.44000000e+01	1.21070768e+01	5.67858527e+07	2.21020445e+06	6.56450202e+00	1.22023292e+04	6.56450202e-01	1.22023292e+03	-1.17671240e+09	4.25514851e-04
1.45000000e+01	1.21911538e+01	5.66253538e+07	2.20395755e+06	1.00000000e-09	1.00000000e-09	1.00000000e-10	1.00000000e-10	0.00000000e+00	3.91201561e-04
1.46000000e+01	1.22752307e+01	5.64648650e+07	2.19771105e+06	1.00000000e-09	1.00000000e-09	1.00000000e-10	1.00000000e-10	0.00000000e+00	3.59655276e-04
1.47000000e+01	1.23593076e+01	5.63043762e+07	2.19146454e+06	1.00000000e-09	5.04192052e+04	1.00000000e-10	5.04192052e+03	-4.86471376e+09	3.30652866e-04
1.48000000e+01	1.24433845e+01	5.61438874e+07	2.18521804e+06	1.00000000e-09	1.38386162e+04	1.00000000e-10	1.38386162e+03	-1.33522348e+09	3.03989196e-04
1.49000000e+01	1.25274615e+01	5.59834036e+07	2.17897173e+06	2.62249572e-01	1.00000000e-09	2.62249572e-02	1.00000000e-10	2.53032369e+04	2.79475669e-04
1.50000000e+01	1.26115384e+01	5.58229299e+07	2.17272581e+06	2.95146603e-01	1.00000000e-09	2.95146603e-02	1.00000000e-10	2.84773179e+04	2.56938901e-04
1.51000000e+01	1.26956153e+01	5.56624559e+07	2.16647988e+06	1.00000000e-09	4.99731036e+04	1.00000000e-10	4.99731036e+03	-4.82167150e+09	2.36219485e-04
1.52000000e+01	1.27796922e+01	5.55019818e+07	2.16023396e+06	1.00000000e-09	1.54618005e+04	1.00000000e-10	1.54618005e+03	-1.49183696e+09	2.17170872e-04
1.53000000e+01	1.28637691e+01	5.53415124e+07	2.15398821e+06	1.00000000e-09	1.00000000e-09	1.00000000e-10	1.00000000e-10	0.00000000e+00	1.99658328e-04
1.54000000e+01	1.29478461e+01	5.51810538e+07	2.14774288e+06	1.42462332e-01	1.00000000e-09	1.42462332e-02	1.00000000e-10	1.37455253e+04	1.83557987e-04
1.55000000e+01	1.30319230e+01	5.50205949e+07	2.14149754e+06	4.52082718e-02	4.94745309e+04	4.52082718e-03	4.94745309e+03	-4.77356218e+09	1.68755969e-04
1.56000000e+01	1.31159999e+01	5.48601360e+07	2.13525220e+06	1.00000000e-09	1.70702365e+04	1.00000000e-10	1.70702365e+03	-1.64702744e+09	1.55147578e-04
1.57000000e+01	1.32000768e+01	5.46996815e+07	2.12900703e+06	1.00000000e-09	1.00000000e-09	1.00000000e-10	1.00000000e-10	0.00000000e+00	1.42636560e-04
1.58000000e+01	1.32841538e+01	5.45392380e+07	2.12276228e+06	4.45809080e-02	1.00000000e-09	4.45809080e-03	1.00000000e-10	4.30140362e+03	1.31134424e-04
1.59000000e+01	1.33682307e+01	5.43787944e+07	2.11651754e+06	9.65806888e-02	4.89239054e+04	9.65806888e-03	4.89239054e+03	-4.72042994e+09	1.20559814e-04
1.60000000e+01	1.34523076e+01	5.42183506e+07	2.11027279e+06	2.82736057e-02	1.86622354e+04	2.82736057e-03	1.86622354e+03	-1.80062925e+09	1.10837935e-04
1.61000000e+01	1.35363845e+01	5.40579109e+07	2.10402820e+06	1.00000000e-09	1.00000000e-09	1.00000000e-10	1.00000000e-10	0.00000000e+00	1.01900023e-04
1.62000000e+01	1.36204614e+01	5.38974825e+07	2.09778404e+06	1.00000000e-09	1.00000000e-09	1.00000000e-10	1.00000000e-10	0.00000000e+00	9.36828597e-05
1.63000000e+01	1.37045384e+01	5.37370541e+07	2.09153989e+06	1.00000000e-09	4.83216932e+04	1.00000000e-10	4.83216932e+03	-4.66233461e+09	8.61283240e-05
1.64000000e+01	1.37886153e+01	5.35766256e+07	2.08529573e+06	1.00000000e-09	2.02361660e+04	1.00000000e-10	2.02361660e+03	-1.95249320e+09	7.91829819e-05
1.65000000e+01	1.38726922e+01	5.34162009e+07	2.07905172e+06	1.58307356e-04	1.00000000e-09	1.58307356e-05	1.00000000e-10	1.52742414e+01	7.27977085e-05
1.66000000e+01	1.39567691e+01	5.32557877e+07	2.07280816e+06	6.19424967e-03	1.00000000e-09	6.19424967e-04	1.00000000e-10	5.97654140e+02	6.69273402e-05
1.67000000e+01	1.40408461e+01	5.30953745e+07	2.06656460e+06	2.24275282e-03	4.76684413e+04	2.24275282e-04	4.76684413e+03	-4.59930517e+09	6.15303552e-05
1.68000000e+01	1.41249230e+01	5.29349614e+07	2.06032104e+06	1.00000000e-09	2.17903784e+04	1.00000000e-10	2.17903784e+03	-2.10245190e+09	5.65685802e-05
1.69000000e+01	1.42089999e+01	5.27745515e+07	2.05407761e+06	1.00000000e-09	1.00000000e-09	1.00000000e-10	1.00000000e-10	0.00000000e+00	5.20069201e-05
1.70000000e+01	1.42930768e+01	5.26141535e+07	2.04783464e+06	1.81018994e-03	1.00000000e-09	1.81018994e-04	1.00000000e-10	1.74656681e+02	4.78131098e-05
1.71000000e+01	1.43771537e+01	5.24537555e+07	2.04159167e+06	1.79404844e-03	4.69647392e+04	1.79404844e-04	4.69647392e+03	-4.53140829e+09	4.39574862e-05
1.72000000e+01	1.44612307e+01	5.22933574e+07	2.03534870e+06	1.00000000e-09	2.33232473e+04	1.00000000e-10	2.33232473e+03	-2.25035126e+09	4.04127779e-05
1.73000000e+01	1.45453076e+01	5.21329624e+07	2.02910584e+06	1.00000000e-09	1.00000000e-09	1.00000000e-10	1.00000000e-10	0.00000000e+00	3.71539131e-05
1.74000000e+01	1.46293845e+01	5.19725794e+07	2.02286346e+06	4.75791532e-04	1.00000000e-09	4.75791532e-05	1.00000000e-10	4.59068075e+01	3.41578414e-05
1.75000000e+01	1.47134614e+01	5.18121965e+07	2.01662107e+06	1.56045666e-03	4.62112314e+04	1.56045666e-04	4.62112314e+03	-4.45870585e+09	3.14033713e-05
1.76000000e+01	1.47975384e+01	5.16518135e+07	2.01037869e+06	1.00000000e-09	2.48331563e+04	1.00000000e-10	2.48331563e+03	-2.39603533e+09	2.88710202e-05
1.77000000e+01	1.48816153e+01	5.14914331e+07	2.00413640e+06	1.00000000e-09	1.00000000e-09	1.00000000e-10	1.00000000e-10	0.00000000e+00	2.65428765e-05
1.78000000e+01	1.49656922e+01	5.13310651e+07	1.99789460e+06	1.00000000e-09	1.00000000e-09	1.00000000e-10	1.00000000e-10	0.00000000e+00	2.44024731e-05
1.79000000e+01	1.50497691e+01	5.11706971e+07	1.99165280e+06	1.17837298e-03	4.54086046e+04	1.17837298e-04	4.54086046e+03	-4.38126418e+09	2.24346707e-05
1.80000000e+01	1.51338460e+01	5.10103290e+07	1.98541099e+06	5.88203112e-04	2.63185026e+04	5.88203112e-05	2.63185026e+03	-2.53934940e+09	2.06255509e-05
1.81000000e+01	1.52179230e+01	5.08499631e+07	1.97916927e+06	1.00000000e-09	1.00000000e-09	1.00000000e-10	1.00000000e-10	0.00000000e+00	1.89623175e-05
1.82000000e+01	1.53019999e+01	5.06896098e+07	1.97292804e+06	1.00000000e-09	1.00000000e-09	1.00000000e-10	1.00000000e-10	0.00000000e+00	1.74332063e-05
1.83000000e+01	1.53860768e+01	5.05292565e+07	1.96668681e+06	2.77377430e-04	4.45576003e+04	2.77377430e-05	4.45576003e+03	-4.29915484e+09	1.60274019e-05
1.84000000e+01	1.54701537e+01	5.03689032e+07	1.96044558e+06	9.04968861e-04	2.77776718e+04	9.04968861e-05	2.77776718e+03	-2.68013780e+09	1.47349607e-05
1.85000000e+01	1.55542307e+01	5.02085516e+07	1.95420442e+06	2.86235216e-04	1.00000000e-09	2.86235216e-05	1.00000000e-10	2.76174034e+01	1.35467414e-05
1.86000000e+01	1.56383076e+01	5.00482127e+07	1.94796375e+06	1.00000000e-09	1.00000000e-09	1.00000000e-10	1.00000000e-10	0.00000000e+00	1.24543394e-05
1.87000000e+01	1.57223845e+01	4.98878739e+07	1.94172308e+06	1.00000000e-09	4.36590173e+04	1.00000000e-10	4.36590173e+03	-4.21245478e+09	1.14500281e-05
1.88000000e+01	1.58064614e+01	4.97275351e+07	1.93548242e+06	1.00000000e-09	2.92090783e+04	1.00000000e-10	2.92090783e+03	-2.81824762e+09	1.05267039e-05
1.89000000e+01	1.58905384e+01	4.95671974e+07	1.92924179e+06	1.61722490e-04	1.00000000e-09	1.61722490e-05	1.00000000e-10	1.56037516e+01	9.67783615e-06
1.90000000e+01	1.59746153e+01	4.94068728e+07	1.92300168e+06	7.83376432e-04	1.00000000e-09	7.83376432e-05	1.00000000e-10	7.55842388e+01	8.89742061e-06
1.91000000e+01	1.60586922e+01	4.92465482e+07	1.91676157e+06	7.61153718e-04	4.27137125e+04	7.61153718e-05	4.27137125e+03	-4.12124666e+09	8.17993736e-06
1.92000000e+01	1.61427691e+01	4.90862236e+07	1.91052145e+06	6.26187694e-05	3.06111637e+04	6.26187694e-06	3.06111637e+03	-2.95352829e+09	7.52031158e-06
1.93000000e+01	1.62268460e+01	4.89258996e+07	1.90428136e+06	8.64973325e-06	1.00000000e-09	8.64973325e-07	1.00000000e-10	8.34475900e-01	6.91387767e-06
1.94000000e+01	1.63109230e+01	4.87655888e+07	1.89804179e+06	3.71511245e-05	1.00000000e-09	3.71511245e-06	1.00000000e-10	3.58444210e+00	6.35634627e-06
1.95000000e+01	1.63949999e+01	4.86052780e+07	1.89180221e+06	1.96135299e-04	4.17226031e+04	1.96135299e-05	4.17226031e+03	-4.02561920e+09	5.84377390e-06
1.96000000e+01	1.64790768e+01	4.84449672e+07	1.88556264e+06	1.00000000e-09	3.19823947e+04	1.00000000e-10	3.19823947e+03	-3.08583197e+09	5.37253509e-06
1.97000000e+01	1.65631537e+01	4.82846566e+07	1.87932307e+06	1.00000000e-09	1.00000000e-09	1.00000000e-10	1.00000000e-10	0.00000000e+00	4.93929673e-06
1.98000000e+01	1.66472307e+01	4.81243593e+07	1.87308402e+06	1.00000000e-09	1.00000000e-09	1.00000000e-10	1.00000000e-10	0.00000000e+00	4.54099448e-06
1.99000000e+01	1.67313076e+01	4.79640620e+07	1.86684497e+06	1.08921295e-04	4.06866649e+04	1.08921295e-05	4.06866649e+03	-3.92566636e+09	4.17481111e-06
2.00000000e+01	1.68153845e+01	4.78037647e+07	1.86060591e+06	1.92591008e-05	3.33212662e+04	1.92591008e-06	3.33212662e+03	-3.21501343e+09	3.83815657e-06
2.01000000e+01	1.68994614e+01	4.76434674e+07	1.85436686e+06	1.00000000e-09	1.00000000e-09	1.00000000e-10	1.00000000e-10	0.00000000e+00	3.52864967e-06
2.02000000e+01	1.69835383e+01	4.74831835e+07	1.84812834e+06	1.00000000e-09	1.00000000e-09	1.00000000e-10	1.00000000e-10	0.00000000e+00	3.24410125e-06
2.03000000e+01	1.70676153e+01	4.73228999e+07	1.84188982e+06	6.53978719e-05	3.96073573e+04	6.53978719e-06	3.96073573e+03	-3.82152902e+09	2.98249865e-06
2.04000000e+01	1.71516922e+01	4.71626163e+07	1.83565130e+06	2.65715931e-05	3.46263300e+04	2.65715931e-06	3.46263300e+03	-3.34093294e+09	2.74199155e-06
2.05000000e+01	1.72357691e+01	4.70023327e+07	1.82941278e+06	1.00000000e-09	1.00000000e-09	1.00000000e-10	1.00000000e-10	0.00000000e+00	2.52087882e-06
2.06000000e+01	1.73198460e+01	4.68420627e+07	1.82317479e+06	1.00000000e-09	1.00000000e-09	1.00000000e-10	1.00000000e-10	0.00000000e+00	2.31759650e-06
2.07000000e+01	1.74039230e+01	4.66817934e+07	1.81693683e+06	3.98680716e-05	3.84855901e+04	3.98680716e-06	3.84855901e+03	-3.71329494e+09	2.13070675e-06
2.08000000e+01	1.74879999e+01	4.65215241e+07	1.81069887e+06	2.89262912e-05	3.58961722e+04	2.89262912e-06	3.58961722e+03	-3.46345409e+09	1.95888770e-06
2.09000000e+01	1.75720768e+01	4.63612548e+07	1.80446091e+06	1.00000000e-09	1.00000000e-09	1.00000000e-10	1.00000000e-10	0.00000000e+00	1.80092404e-06
2.10000000e+01	1.76561537e+01	4.62009991e+07	1.79822348e+06	1.00000000e-09	1.00000000e-09	1.00000000e-10	1.00000000e-10	0.00000000e+00	1.65569849e-06
2.11000000e+01	1.77402306e+01	4.60407448e+07	1.79198610e+06	2.30592901e-05	3.73224828e+04	2.30592901e-06	3.73224828e+03	-3.60107215e+09	1.52218384e-06
2.12000000e+01	1.78243076e+01	4.58804904e+07	1.78574872e+06	2.88558919e-05	3.71294119e+04	2.88558919e-06	3.71294119e+03	-3.58244363e+09	1.39943575e-06
2.13000000e+01	1.79083845e+01	4.57202360e+07	1.77951134e+06	1.00000000e-09	1.00000000e-09	1.00000000e-10	1.00000000e-10	0.00000000e+00	1.28658600e-06
2.14000000e+01	1.79924614e+01	4.55599953e+07	1.77327450e+06	1.00000000e-09	1.00000000e-09	1.00000000e-10	1.00000000e-10	0.00000000e+00	1.18283639e-06
2.15000000e+01	1.80765383e+01	4.53997564e+07	1.76703772e+06	1.09609801e-05	3.61192017e+04	1.09609801e-06	3.61192017e+03	-3.48497317e+09	1.08745310e-06
2.16000000e+01	1.81606153e+01	4.52395175e+07	1.76080094e+06	2.73727414e-05	3.83247051e+04	2.73727414e-06	3.83247051e+03	-3.69777190e+09	9.99761460e-07
2.17000000e+01	1.82446922e+01	4.50792786e+07	1.75456416e+06	1.00000000e-09	1.00000000e-09	1.00000000e-10	1.00000000e-10	0.00000000e+00	9.19141229e-07
2.18000000e+01	1.83287691e+01	4.49190534e+07	1.74832792e+06	1.00000000e-09	1.00000000e-09	1.00000000e-10	1.00000000e-10	0.00000000e+00	8.45022171e-07
2.19000000e+01	1.84128460e+01	4.47588306e+07	1.74209177e+06	2.01566705e-06	3.48769564e+04	2.01566705e-07	3.48769564e+03	-3.36511472e+09	7.76880034e-07
2.20000000e+01	1.84969229e+01	4.45986077e+07	1.73585561e+06	2.49528537e-05	3.94807508e+04	2.49528537e-06	3.94807508e+03	-3.80931335e+09	7.14232843e-07
2.21000000e+01	1.85809999e+01	4.44383849e+07	1.72961946e+06	1.15826544e-06	1.00000000e-09	1.15826544e-07	1.00000000e-10	1.11659140e-01	6.56637488e-07
2.22000000e+01	1.86650768e+01	4.42781757e+07	1.72338384e+06	1.00000000e-09	1.00000000e-09	1.00000000e-10	1.00000000e-10	0.00000000e+00	6.03686592e-07
2.23000000e+01	1.87491537e+01	4.41179694e+07	1.71714833e+06	1.00000000e-09	3.35969981e+04	1.00000000e-10	3.35969981e+03	-3.24161752e+09	5.55005627e-07
2.24000000e+01	1.88332306e+01	4.39577631e+07	1.71091283e+06	2.12147400e-05	4.05962930e+04	2.12147400e-06	4.05962930e+03	-3.91694681e+09	5.10250270e-07
2.25000000e+01	1.89173076e+01	4.37975568e+07	1.70467732e+06	6.81646192e-06	1.00000000e-09	6.81646192e-07	1.00000000e-10	6.57592107e-01	4.69103960e-07
2.26000000e+01	1.90013845e+01	4.36373643e+07	1.69844234e+06	1.00000000e-09	1.00000000e-09	1.00000000e-10	1.00000000e-10	0.00000000e+00	4.31275667e-07
2.27000000e+01	1.90854614e+01	4.34771751e+07	1.69220750e+06	1.00000000e-09	3.22806158e+04	1.00000000e-10	3.22806158e+03	-3.11460594e+09	3.96497828e-07
2.28000000e+01	1.91695383e+01	4.33169859e+07	1.68597266e+06	1.61653185e-05	4.16701218e+04	1.61653185e-06	4.16701218e+03	-4.02055554e+09	3.64524455e-07
2.29000000e+01	1.92536153e+01	4.31567967e+07	1.67973781e+06	1.07025369e-05	1.00000000e-09	1.07025369e-06	1.00000000e-10	1.03254134e+00	3.35129397e-07
2.30000000e+01	1.93376922e+01	4.29966212e+07	1.67350350e+06	1.00000000e-09	1.00000000e-09	1.00000000e-10	1.00000000e-10	0.00000000e+00	3.08104742e-07
2.31000000e+01	1.94217691e+01	4.28364496e+07	1.66726935e+06	1.00000000e-09	3.09291340e+04	1.00000000e-10	3.09291340e+03	-2.98420777e+09	2.83259340e-07
2.32000000e+01	1.95058460e+01	4.26762781e+07	1.66103519e+06	1.06639540e-05	4.27010749e+04	1.06639540e-06	4.27010749e+03	-4.12002739e+09	2.60417458e-07
2.33000000e+01	1.95899229e+01	4.25161065e+07	1.65480103e+06	1.28443562e-05	1.00000000e-09	1.28443562e-06	1.00000000e-10	1.23919549e+00	2.39417533e-07
2.34000000e+01	1.96739999e+01	4.23559486e+07	1.64856741e+06	1.00000000e-09	1.00000000e-09	1.00000000e-10	1.00000000e-10	0.00000000e+00	2.20111031e-07
2.35000000e+01	1.97580768e+01	4.21957952e+07	1.64233396e+06	1.00000000e-09	2.95439092e+04	1.00000000e-10	2.95439092e+03	-2.85055390e+09	2.02361395e-07
2.36000000e+01	1.98421537e+01	4.20356417e+07	1.63610051e+06	5.18897449e-06	4.36880382e+04	5.18897449e-07	4.36880382e+03	-4.21525488e+09	1.86043080e-07
2.37000000e+01	1.99262306e+01	4.18754883e+07	1.62986706e+06	1.33992811e-05	1.00000000e-09	1.33992811e-06	1.00000000e-10	1.29273761e+00	1.71040665e-07
2.38000000e+01	2.00103076e+01	4.17153485e+07	1.62363414e+06	1.00000000e-09	1.00000000e-09	1.00000000e-10	1.00000000e-10	0.00000000e+00	1.57248037e-07
2.39000000e+01	2.00943845e+01	4.15552137e+07	1.61740141e+06	1.00000000e-09	2.81263269e+04	1.00000000e-10	2.81263269e+03	-2.71377799e+09	1.44567640e-07
2.40000000e+01	2.01784614e+01	4.13950789e+07	1.61116868e+06	3.66618888e-07	4.46299456e+04	3.66618888e-08	4.46299456e+03	-4.30613512e+09	1.32909782e-07
2.41000000e+01	2.02625383e+01	4.12349441e+07	1.60493596e+06	1.25992353e-05	1.00000000e-09	1.25992353e-06	1.00000000e-10	1.21554492e+00	1.22192009e-07
2.42000000e+01	2.03466152e+01	4.10748230e+07	1.59870377e+06	1.22657797e-06	1.00000000e-09	1.22657797e-07	1.00000000e-10	1.18250297e-01	1.12338510e-07
2.43000000e+01	2.04306922e+01	4.09147074e+07	1.59247179e+06	1.00000000e-09	2.66777986e+04	1.00000000e-10	2.66777986e+03	-2.57401625e+09	1.03279593e-07
2.44000000e+01	2.05147691e+01	4.07545918e+07	1.58623981e+06	1.00000000e-09	4.55257784e+04	1.00000000e-10	4.55257784e+03	-4.39256985e+09	9.49511815e-08
2.45000000e+01	2.05988460e+01	4.05944762e+07	1.58000783e+06	1.03547172e-05	1.00000000e-09	1.03547172e-06	1.00000000e-10	9.98981846e-01	8.72943689e-08
2.46000000e+01	2.06829229e+01	4.04343742e+07	1.57377638e+06	4.46329254e-06	1.00000000e-09	4.46329254e-07	1.00000000e-10	4.30545778e-01	8.02549976e-08
2.47000000e+01	2.07669999e+01	4.02742783e+07	1.56754517e+06	1.00000000e-09	2.51997593e+04	1.00000000e-10	2.51997593e+03	-2.43140714e+09	7.37832774e-08
2.48000000e+01	2.08510768e+01	4.01141824e+07	1.56131396e+06	1.00000000e-09	4.63745647e+04	1.00000000e-10	4.63745647e+03	-4.47446528e+09	6.78334333e-08
2.49000000e+01	2.09351537e+01	3.99540866e+07	1.55508275e+06	6.94574935e-06	1.00000000e-09	6.94574935e-07	1.00000000e-10	6.70066448e-01	6.23633815e-08
2.50000000e+01	2.10192306e+01	3.97940043e+07	1.54885207e+06	6.34008254e-06	1.00000000e-09	6.34008254e-07	1.00000000e-10	6.11628485e-01	5.73344317e-08
2.51000000e+01	2.11033075e+01	3.96339287e+07	1.54262165e+06	1.00000000e-09	2.36936651e+04	1.00000000e-10	2.36936651e+03	-2.28609114e+09	5.27110137e-08
2.52000000e+01	2.11873845e+01	3.94738532e+07	1.53639123e+06	1.00000000e-09	4.71753774e+04	1.00000000e-10	4.71753774e+03	-4.55173195e+09	4.84604257e-08
2.53000000e+01	2.12714614e+01	3.93137776e+07	1.53016081e+06	3.07809991e-06	1.00000000e-09	3.07809991e-07	1.00000000e-10	2.96895006e-01	4.45526029e-08
2.54000000e+01	2.13555383e+01	3.91537156e+07	1.52393092e+06	6.48221008e-06	1.00000000e-09	6.48221008e-07	1.00000000e-10	6.25341707e-01	4.09599048e-08
2.55000000e+01	2.14396152e+01	3.89936609e+07	1.51770131e+06	1.00000000e-09	2.21609890e+04	1.00000000e-10	2.21609890e+03	-2.13821039e+09	3.76569199e-08
2.56000000e+01	2.15236922e+01	3.88336063e+07	1.51147170e+06	1.00000000e-09	4.79273322e+04	1.00000000e-10	4.79273322e+03	-4.62428457e+09	3.46202860e-08
2.57000000e+01	2.16077691e+01	3.86735516e+07	1.50524209e+06	1.00000000e-09	1.00000000e-09	1.00000000e-10	1.00000000e-10	0.00000000e+00	3.18285246e-08
2.58000000e+01	2.16918460e+01	3.85135105e+07	1.49901302e+06	4.62533643e-06	1.00000000e-09	4.62533643e-07	1.00000000e-10	4.46180636e-01	2.92618894e-08
2.59000000e+01	2.17759229e+01	3.83534774e+07	1.49278425e+06	1.28441622e-06	2.06032219e+04	1.28441622e-07	2.06032219e+03	-1.98790870e+09	2.69022262e-08
2.60000000e+01	2.18599998e+01	3.81934442e+07	1.48655548e+06	1.00000000e-09	4.86295858e+04	1.00000000e-10	4.86295858e+03	-4.69204173e+09	2.47328451e-08
2.61000000e+01	2.19440768e+01	3.80334111e+07	1.48032671e+06	1.00000000e-09	1.00000000e-09	1.00000000e-10	1.00000000e-10	0.00000000e+00	2.27384017e-08
2.62000000e+01	2.20281537e+01	3.78733915e+07	1.47409847e+06	8.80373975e-07	1.00000000e-09	8.80373975e-08	1.00000000e-10	8.48466901e-02	2.09047891e-08
2.63000000e+01	2.21122306e+01	3.77133805e+07	1.46787056e+06	1.53473621e-06	1.90218710e+04	1.53473621e-07	1.90218710e+03	-1.83533154e+09	1.92190381e-08
2.64000000e+01	2.21963075e+01	3.75533696e+07	1.46164266e+06	1.00000000e-09	4.92813323e+04	1.00000000e-10	4.92813323e+03	-4.75492572e+09	1.76692251e-08
2.65000000e+01	2.22803845e+01	3.73933586e+07	1.45541475e+06	1.00000000e-09	1.00000000e-09	1.00000000e-10	1.00000000e-10	0.00000000e+00	1.62443882e-08
2.66000000e+01	2.23644614e+01	3.72333612e+07	1.44918737e+06	1.00000000e-09	1.00000000e-09	1.00000000e-10	1.00000000e-10	0.00000000e+00	1.49344494e-08
2.67000000e+01	2.24485383e+01	3.70733731e+07	1.44296036e+06	1.00000000e-09	1.74184602e+04	1.00000000e-10	1.74184602e+03	-1.68062592e+09	1.37301434e-08
2.68000000e+01	2.25326152e+01	3.69133851e+07	1.43673334e+06	2.52225431e-06	4.98818017e+04	2.52225431e-07	4.98818017e+03	-4.81286220e+09	1.26229520e-08
2.69000000e+01	2.26166921e+01	3.67533970e+07	1.43050633e+06	3.49906027e-06	1.00000000e-09	3.49906027e-07	1.00000000e-10	3.37511507e-01	1.16050438e-08
2.70000000e+01	2.27007691e+01	3.65934223e+07	1.42427983e+06	1.00000000e-09	1.00000000e-09	1.00000000e-10	1.00000000e-10	0.00000000e+00	1.06692193e-08
2.71000000e+01	2.27848460e+01	3.64334579e+07	1.41805374e+06	1.00000000e-09	1.57945303e+04	1.00000000e-10	1.57945303e+03	-1.52394050e+09	9.80885916e-09
2.72000000e+01	2.28689229e+01	3.62734934e+07	1.41182764e+06	1.00000000e-09	5.04302565e+04	1.00000000e-10	5.04302565e+03	-4.86578005e+09	9.01787799e-09
2.73000000e+01	2.29529998e+01	3.61135289e+07	1.40560155e+06	1.04585818e-05	1.00000000e-09	1.04585818e-06	1.00000000e-10	1.00900325e+00	8.29068113e-09
2.74000000e+01	2.30370768e+01	3.59535778e+07	1.39937597e+06	5.72098733e-06	1.00000000e-09	5.72098733e-07	1.00000000e-10	5.51894878e-01	7.62212503e-09
2.75000000e+01	2.31211537e+01	3.57936376e+07	1.39315082e+06	1.00000000e-09	1.41516396e+04	1.00000000e-10	1.41516396e+03	-1.36542565e+09	7.00748093e-09
2.76000000e+01	2.32052306e+01	3.56336975e+07	1.38692567e+06	1.00000000e-09	5.09259898e+04	1.00000000e-10	5.09259898e+03	-4.91361104e+09	6.44240141e-09
2.77000000e+01	2.32893075e+01	3.54737574e+07	1.38070052e+06	1.00000000e-09	1.00000000e-09	1.00000000e-10	1.00000000e-10	0.00000000e+00	5.92288960e-09
2.78000000e+01	2.33733845e+01	3.53138304e+07	1.37447588e+06	1.85526971e-05	1.00000000e-09	1.85526971e-06	1.00000000e-10	1.78996665e+00	5.44527095e-09
2.79000000e+01	2.34574614e+01	3.51539153e+07	1.36825171e+06	1.87459282e-05	1.24913664e+04	1.87459282e-06	1.24913664e+03	-1.20523363e+09	5.00616720e-09
2.80000000e+01	2.35415383e+01	3.49940003e+07	1.36202754e+06	1.83484101e-05	5.13683227e+04	1.83484101e-06	5.13683227e+03	-4.95628968e+09	4.60247255e-09
2.81000000e+01	2.36256152e+01	3.48340852e+07	1.35580336e+06	1.75056725e-05	1.00000000e-09	1.75056725e-06	1.00000000e-10	1.68894414e+00	4.23133162e-09
2.82000000e+01	2.37096921e+01	3.46741831e+07	1.34957969e+06	1.63342360e-05	1.00000000e-09	1.63342360e-06	1.00000000e-10	1.57591770e+00	3.89011930e-09
2.83000000e+01	2.37937691e+01	3.45142939e+07	1.34335653e+06	1.39050107e-06	1.08153106e+04	1.39050107e-07	1.08153106e+03	-1.04351884e+09	3.57642216e-09
2.84000000e+01	2.38778460e+01	3.43544046e+07	1.33713336e+06	3.12048316e-09	5.17566033e+04	3.12048316e-10	5.17566033e+03	-4.99375306e+09	3.28802138e-09
2.85000000e+01	2.39619229e+01	3.41945154e+07	1.33091019e+06	1.07697843e-08	1.00000000e-09	1.07697843e-09	1.00000000e-10	9.42640888e-04	3.02287709e-09
2.86000000e+01	2.40459998e+01	3.40346388e+07	1.32468752e+06	4.77559169e-06	1.00000000e-09	4.77559169e-07	1.00000000e-10	4.60678065e-01	2.77911390e-09
2.87000000e+01	2.41300768e+01	3.38747762e+07	1.31846538e+06	1.39472737e-06	9.12509716e+03	1.39472737e-07	9.12509716e+02	-8.80438030e+08	2.55500764e-09
2.88000000e+01	2.42141537e+01	3.37149135e+07	1.31224325e+06	1.00000000e-09	5.20902053e+04	1.00000000e-10	5.20902053e+03	-5.02594076e+09	2.34897319e-09
2.89000000e+01	2.42982306e+01	3.35550508e+07	1.30602111e+06	1.00000000e-09	1.00000000e-09	1.00000000e-10	1.00000000e-10	0.00000000e+00	2.15955324e-09
2.90000000e+01	2.43823075e+01	3.33952005e+07	1.29979946e+06	2.15476729e-06	1.00000000e-09	2.15476729e-07	1.00000000e-10	2.07806952e-01	1.98540802e-09
2.91000000e+01	2.44663844e+01	3.32353650e+07	1.29357839e+06	1.41468006e-06	7.42237903e+03	1.41468006e-07	7.42237903e+02	-7.16150705e+08	1.82530578e-09
2.92000000e+01	2.45504614e+01	3.30755296e+07	1.28735731e+06	1.00000000e-09	5.23685287e+04	1.00000000e-10	5.23685287e+03	-5.05279488e+09	1.67811410e-09
2.93000000e+01	2.46345383e+01	3.29156942e+07	1.28113624e+06	1.00000000e-09	1.00000000e-09	1.00000000e-10	1.00000000e-10	0.00000000e+00	1.54279187e-09
2.94000000e+01	2.47186152e+01	3.27558706e+07	1.27491563e+06	9.84485462e-07	1.00000000e-09	9.84485462e-08	1.00000000e-10	9.48919214e-02	1.41838196e-09
2.95000000e+01	2.48026921e+01	3.25960631e+07	1.26869564e+06	1.31925456e-06	5.70884108e+03	1.31925456e-07	5.70884108e+02	-5.50819427e+08	1.30400439e-09
2.96000000e+01	2.48867691e+01	3.24362556e+07	1.26247565e+06	1.00000000e-09	5.25910001e+04	1.00000000e-10	5.25910001e+03	-5.07426011e+09	1.19885018e-09
2.97000000e+01	2.49708460e+01	3.22764480e+07	1.25625566e+06	1.00000000e-09	1.00000000e-09	1.00000000e-10	1.00000000e-10	0.00000000e+00	1.10217554e-09
2.98000000e+01	2.50549229e+01	3.21166518e+07	1.25003612e+06	2.94036496e-07	1.00000000e-09	2.94036496e-08	1.00000000e-10	2.82737236e-02	1.01329669e-09
2.99000000e+01	2.51389998e+01	3.19568727e+07	1.24381724e+06	1.16310240e-06	3.98620426e+03	1.16310240e-07	3.98620426e+02	-3.84610242e+08	9.31584987e-10
3.00000000e+01	2.52230767e+01	3.17970937e+07	1.23759836e+06	1.00000000e-09	5.27570713e+04	1.00000000e-10	5.27570713e+03	-5.09028355e+09	8.56462471e-10
3.01000000e+01	2.53071537e+01	3.16373146e+07	1.23137947e+06	1.00000000e-09	1.00000000e-09	1.00000000e-10	1.00000000e-10	0.00000000e+00	7.87397794e-10
3.02000000e+01	2.53912306e+01	3.14775462e+07	1.22516101e+06	1.00000000e-09	1.00000000e-09	1.00000000e-10	1.00000000e-10	0.00000000e+00	7.23902457e-10
3.03000000e+01	2.54753075e+01	3.13177960e+07	1.21894325e+06	9.27714387e-07	2.25622960e+03	9.27714387e-08	2.25622960e+02	-2.17693062e+08	6.65527349e-10
3.04000000e+01	2.55593844e+01	3.11580459e+07	1.21272550e+06	3.16654017e-07	5.28662260e+04	3.16654017e-08	5.28662260e+03	-5.10081537e+09	6.11859579e-10
3.05000000e+01	2.56434614e+01	3.09982957e+07	1.20650775e+06	1.00000000e-09	1.00000000e-09	1.00000000e-10	1.00000000e-10	0.00000000e+00	5.62519549e-10
3.06000000e+01	2.57275383e+01	3.08385554e+07	1.20029038e+06	1.00000000e-09	1.00000000e-09	1.00000000e-10	1.00000000e-10	0.00000000e+00	5.17158273e-10
3.07000000e+01	2.58116152e+01	3.06788345e+07	1.19407376e+06	5.78304843e-07	5.20820442e+02	5.78304843e-08	5.20820442e+01	-5.02515333e+07	4.75454906e-10
3.08000000e+01	2.58956921e+01	3.05191135e+07	1.18785714e+06	5.28505041e-07	5.29179837e+04	5.28505041e-08	5.29179837e+03	-5.10580924e+09	4.37114476e-10
3.09000000e+01	2.59797690e+01	3.03593926e+07	1.18164052e+06	1.00000000e-09	3.30413835e+02	1.00000000e-10	3.30413835e+01	-3.18800886e+07	4.01865798e-10
3.10000000e+01	2.60638460e+01	3.01996806e+07	1.17542425e+06	1.00000000e-09	1.00000000e-09	1.00000000e-10	1.00000000e-10	0.00000000e+00	3.69459555e-10
3.11000000e+01	2.61479229e+01	3.00399890e+07	1.16920878e+06	1.88807994e-07	1.00000000e-09	1.88807994e-08	1.00000000e-10	1.81207167e-02	3.39666533e-10
3.12000000e+01	2.62319998e+01	2.98802974e+07	1.16299330e+06	5.88881247e-07	5.29119129e+04	5.88881247e-08	5.29119129e+03	-5.10522349e+09	3.12276006e-10
3.13000000e+01	2.63160767e+01	2.97206058e+07	1.15677782e+06	1.00000000e-09	2.06946931e+03	1.00000000e-10	2.06946931e+02	-1.99673433e+08	2.87094235e-10
3.14000000e+01	2.64001537e+01	2.95609221e+07	1.15056266e+06	1.00000000e-09	1.00000000e-09	1.00000000e-10	1.00000000e-10	0.00000000e+00	2.63943109e-10
3.15000000e+01	2.64842306e+01	2.94012598e+07	1.14434832e+06	1.00000000e-09	1.00000000e-09	1.00000000e-10	1.00000000e-10	0.00000000e+00	2.42658878e-10
3.16000000e+01	2.65683075e+01	2.92415975e+07	1.13813399e+06	4.88530783e-07	5.28476287e+04	4.88530783e-08	5.28476287e+03	-5.09902100e+09	2.23090996e-10
3.17000000e+01	2.66523844e+01	2.90819352e+07	1.13191965e+06	2.94105552e-07	3.80928063e+03	2.94105552e-08	3.80928063e+02	-3.67539707e+08	2.05101057e-10
3.18000000e+01	2.67364614e+01	2.89222796e+07	1.12570558e+06	1.00000000e-09	1.00000000e-09	1.00000000e-10	1.00000000e-10	0.00000000e+00	1.88561817e-10
3.19000000e+01	2.68205383e+01	2.87626464e+07	1.11949237e+06	1.00000000e-09	1.00000000e-09	1.00000000e-10	1.00000000e-10	0.00000000e+00	1.73356293e-10
3.20000000e+01	2.69046152e+01	2.86030132e+07	1.11327917e+06	2.17007278e-07	5.27248007e+04	2.17007278e-08	5.27248007e+03	-5.08716990e+09	1.59376934e-10
3.21000000e+01	2.69886921e+01	2.84433800e+07	1.10706597e+06	5.10604206e-07	5.54789574e+03	5.10604206e-08	5.54789574e+02	-5.35290563e+08	1.46524863e-10
3.22000000e+01	2.70727690e+01	2.82837522e+07	1.10085298e+06	1.00000000e-09	1.00000000e-09	1.00000000e-10	1.00000000e-10	0.00000000e+00	1.34709176e-10
3.23000000e+01	2.71568460e+01	2.81241476e+07	1.09464089e+06	1.00000000e-09	1.00000000e-09	1.00000000e-10	1.00000000e-10	0.00000000e+00	1.23846300e-10
3.24000000e+01	2.72409229e+01	2.79645431e+07	1.08842880e+06	1.00000000e-09	5.25431604e+04	1.00000000e-10	5.25431604e+03	-5.06964429e+09	1.13859401e-10
3.25000000e+01	2.73249998e+01	2.78049386e+07	1.08221671e+06	5.44510052e-07	7.28331132e+03	5.44510052e-08	7.28331132e+02	-7.02732711e+08	1.04677839e-10
3.26000000e+01	2.74090767e+01	2.76453379e+07	1.07600478e+06	2.97059228e-07	1.00000000e-09	2.97059228e-08	1.00000000e-10	2.85653730e-02	9.62366743e-11
3.27000000e+01	2.74931537e+01	2.74857614e+07	1.06979378e+06	1.00000000e-09	1.00000000e-09	1.00000000e-10	1.00000000e-10	0.00000000e+00	8.84762003e-11
3.28000000e+01	2.75772306e+01	2.73261848e+07	1.06358278e+06	1.00000000e-09	5.23025102e+04	1.00000000e-10	5.23025102e+03	-5.04642507e+09	8.13415267e-11
3.29000000e+01	2.76613075e+01	2.71666083e+07	1.05737179e+06	3.36939517e-07	9.01347226e+03	3.36939517e-08	9.01347226e+02	-8.69667865e+08	7.47821894e-11
3.30000000e+01	2.77453844e+01	2.70070340e+07	1.05116088e+06	5.72169073e-07	1.00000000e-09	5.72169073e-08	1.00000000e-10	5.51094378e-02	6.87517936e-11
3.31000000e+01	2.78294613e+01	2.68474845e+07	1.04495093e+06	1.00000000e-09	1.00000000e-09	1.00000000e-10	1.00000000e-10	0.00000000e+00	6.32076857e-11
3.32000000e+01	2.79135383e+01	2.66879351e+07	1.03874099e+06	1.00000000e-09	5.20027320e+04	1.00000000e-10	5.20027320e+03	-5.01750087e+09	5.81106517e-11
3.33000000e+01	2.79976152e+01	2.65283856e+07	1.03253105e+06	1.00000000e-09	1.07362722e+04	1.00000000e-10	1.07362722e+03	-1.03589279e+09	5.34246397e-11
3.34000000e+01	2.80816921e+01	2.63688366e+07	1.02632112e+06	6.44121380e-07	1.00000000e-09	6.44121380e-08	1.00000000e-10	6.20517800e-02	4.91165053e-11
3.35000000e+01	2.81657690e+01	2.62093131e+07	1.02011219e+06	2.15000025e-07	1.00000000e-09	2.15000025e-08	1.00000000e-10	2.06478635e-02	4.51557765e-11
3.36000000e+01	2.82498460e+01	2.60497896e+07	1.01390325e+06	1.00000000e-09	5.16437346e+04	1.00000000e-10	5.16437346e+03	-4.98286289e+09	4.15144388e-11
3.37000000e+01	2.83339229e+01	2.58902660e+07	1.00769432e+06	1.00000000e-09	1.24495544e+04	1.00000000e-10	1.24495544e+03	-1.20119939e+09	3.81667366e-11
3.38000000e+01	2.84179998e+01	2.57307425e+07	1.00148539e+06	4.05511540e-07	1.00000000e-09	4.05511540e-08	1.00000000e-10	3.90294303e-02	3.50889914e-11
3.39000000e+01	2.85020767e+01	2.55712448e+07	9.95277456e+05	5.35984935e-07	1.00000000e-09	5.35984935e-08	1.00000000e-10	5.16181992e-02	3.22594338e-11
3.40000000e+01	2.85861536e+01	2.54117491e+07	9.89069604e+05	1.00000000e-09	5.12256600e+04	1.00000000e-10	5.12256600e+03	-4.94252482e+09	2.96580503e-11
3.41000000e+01	2.86702306e+01	2.52522533e+07	9.82861753e+05	1.00000000e-09	1.41511867e+04	1.00000000e-10	1.41511867e+03	-1.36538195e+09	2.72664410e-11
3.42000000e+01	2.87543075e+01	2.50927576e+07	9.76653901e+05	1.00000000e-09	1.00000000e-09	1.00000000e-10	1.00000000e-10	0.00000000e+00	2.50676897e-11
3.43000000e+01	2.88383844e+01	2.49332879e+07	9.70447063e+05	5.42153136e-07	1.00000000e-09	5.42153136e-08	1.00000000e-10	5.22133401e-02	2.30462446e-11
3.44000000e+01	2.89224613e+01	2.47738223e+07	9.64240382e+05	2.64746561e-07	5.07497970e+04	2.64746561e-08	5.07497970e+03	-4.89661102e+09	2.11878078e-11
3.45000000e+01	2.90065383e+01	2.46143567e+07	9.58033702e+05	1.00000000e-09	1.58390016e+04	1.00000000e-10	1.58390016e+03	-1.52823133e+09	1.94792342e-11
3.46000000e+01	2.90906152e+01	2.44548911e+07	9.51827021e+05	1.00000000e-09	1.00000000e-09	1.00000000e-10	1.00000000e-10	0.00000000e+00	1.79084392e-11
3.47000000e+01	2.91746921e+01	2.42954515e+07	9.45621356e+05	9.72459771e-08	1.00000000e-09	9.72459771e-09	1.00000000e-10	9.28632507e-03	1.64643122e-11
3.48000000e+01	2.92587690e+01	2.41360181e+07	9.39415931e+05	4.57100287e-07	5.02164620e+04	4.57100287e-08	5.02164620e+03	-4.84515202e+09	1.51366389e-11
3.49000000e+01	2.93428459e+01	2.39765848e+07	9.33210506e+05	1.67965689e-07	1.75107970e+04	1.67965689e-08	1.75107970e+03	-1.68953506e+09	1.39160284e-11
3.50000000e+01	2.94269229e+01	2.38171514e+07	9.27005080e+05	1.00000000e-09	1.00000000e-09	1.00000000e-10	1.00000000e-10	0.00000000e+00	1.27938473e-11
3.51000000e+01	2.95109998e+01	2.36577439e+07	9.20800664e+05	1.00000000e-09	1.00000000e-09	1.00000000e-10	1.00000000e-10	0.00000000e+00	1.17621583e-11
3.52000000e+01	2.95950767e+01	2.34983448e+07	9.14596572e+05	1.00000000e-09	4.96260739e+04	1.00000000e-10	4.96260739e+03	-4.78818822e+09	1.08136641e-11
3.53000000e+01	2.96791536e+01	2.33389457e+07	9.08392480e+05	4.25139998e-07	1.91643427e+04	4.25139998e-08	1.91643427e+03	-1.84907797e+09	9.94165601e-12
3.54000000e+01	2.97632306e+01	2.31795465e+07	9.02188388e+05	3.03148523e-07	1.00000000e-09	3.03148523e-08	1.00000000e-10	2.91529006e-02	9.13996618e-12
3.55000000e+01	2.98473075e+01	2.30201729e+07	8.95985289e+05	1.00000000e-09	1.00000000e-09	1.00000000e-10	1.00000000e-10	0.00000000e+00	8.40292419e-12
3.56000000e+01	2.99313844e+01	2.28608099e+07	8.89782601e+05	1.00000000e-09	4.89791586e+04	1.00000000e-10	4.89791586e+03	-4.72577039e+09	7.72531687e-12
3.57000000e+01	3.00154613e+01	2.27014468e+07	8.83579912e+05	1.00000000e-09	2.07973882e+04	1.00000000e-10	2.07973882e+03	-2.00664291e+09	7.10235144e-12
3.58000000e+01	3.00995383e+01	2.25420837e+07	8.77377224e+05	3.86898630e-07	1.00000000e-09	3.86898630e-08	1.00000000e-10	3.72335575e-02	6.52962161e-12
3.59000000e+01	3.01836152e+01	2.23827455e+07	8.71175503e+05	5.82055879e-07	1.00000000e-09	5.82055879e-08	1.00000000e-10	5.60633695e-02	6.00307641e-12
3.60000000e+01	3.02676921e+01	2.22234201e+07	8.64974279e+05	1.11867191e-07	4.82763550e+04	1.11867191e-08	4.82763550e+03	-4.65796014e+09	5.51899153e-12
3.61000000e+01	3.03517690e+01	2.20640946e+07	8.58773054e+05	1.00000000e-09	2.24076713e+04	1.00000000e-10	2.24076713e+03	-2.16201161e+09	5.07394300e-12
3.62000000e+01	3.04358459e+01	2.19047692e+07	8.52571829e+05	1.00000000e-09	1.00000000e-09	1.00000000e-10	1.00000000e-10	0.00000000e+00	4.66478295e-12
3.63000000e+01	3.05199229e+01	2.17454677e+07	8.46371538e+05	1.00000000e-09	1.00000000e-09	1.00000000e-10	1.00000000e-10	0.00000000e+00	4.28861734e-12
3.64000000e+01	3.06039998e+01	2.15861811e+07	8.40171827e+05	6.89167637e-08	4.75184181e+04	6.89167637e-09	4.75184181e+03	-4.58483035e+09	3.94278553e-12
3.65000000e+01	3.06880767e+01	2.14268946e+07	8.33972116e+05	4.25179226e-07	2.39929288e+04	4.25179226e-08	2.39929288e+03	-2.31496570e+09	3.62484141e-12
3.66000000e+01	3.07721536e+01	2.12676080e+07	8.27772405e+05	5.64286549e-07	1.00000000e-09	5.64286549e-08	1.00000000e-10	5.43488897e-02	3.33253613e-12
3.67000000e+01	3.08562306e+01	2.11083443e+07	8.21573584e+05	4.53763371e-07	1.00000000e-09	4.53763371e-08	1.00000000e-10	4.36850242e-02	3.06380220e-12
3.68000000e+01	3.09403075e+01	2.09490976e+07	8.15375424e+05	2.14225792e-07	4.67062228e+04	2.14225792e-08	4.67062228e+03	-4.50646542e+09	2.81673882e-12
3.69000000e+01	3.10243844e+01	2.07898509e+07	8.09177263e+05	1.25090630e-07	2.55509076e+04	1.25090630e-08	2.55509076e+03	-2.46528781e+09	2.58959851e-12
3.70000000e+01	3.11084613e+01	2.06306041e+07	8.02979103e+05	1.16875275e-07	1.00000000e-09	1.16875275e-08	1.00000000e-10	1.11802644e-02	2.38077467e-12
3.71000000e+01	3.11925382e+01	2.04713789e+07	7.96781780e+05	1.11417542e-07	1.00000000e-09	1.11417542e-08	1.00000000e-10	1.06536732e-02	2.18879027e-12
3.72000000e+01	3.12766152e+01	2.03121727e+07	7.90585195e+05	1.57876300e-08	4.58407657e+04	1.57876300e-09	4.58407657e+03	-4.42296150e+09	2.01228739e-12
3.73000000e+01	3.13606921e+01	2.01529664e+07	7.84388610e+05	6.96143448e-09	2.70793775e+04	6.96143448e-10	2.70793775e+03	-2.61276273e+09	1.85001761e-12
3.74000000e+01	3.14447690e+01	1.99937602e+07	7.78192024e+05	3.59556124e-08	1.00000000e-09	3.59556124e-09	1.00000000e-10	3.37270387e-03	1.70083318e-12
3.75000000e+01	3.15288459e+01	1.98345738e+07	7.71996214e+05	6.92211110e-08	1.00000000e-09	6.92211110e-09	1.00000000e-10	6.58233655e-03	1.56367890e-12
3.76000000e+01	3.16129229e+01	1.96754083e+07	7.65801214e+05	1.00000000e-09	4.49231654e+04	1.00000000e-10	4.49231654e+03	-4.33442654e+09	1.43758467e-12
3.77000000e+01	3.16969998e+01	1.95162427e+07	7.59606213e+05	1.00000000e-09	2.85761441e+04	1.00000000e-10	2.85761441e+03	-2.75717876e+09	1.32165861e-12
3.78000000e+01	3.17810767e+01	1.93570772e+07	7.53411212e+05	2.02743991e-08	1.00000000e-09	2.02743991e-09	1.00000000e-10	1.85969679e-03	1.21508076e-12
3.79000000e+01	3.18651536e+01	1.91979297e+07	7.47216916e+05	4.94569393e-08	1.00000000e-09	4.94569393e-09	1.00000000e-10	4.67538389e-03	1.11709730e-12
3.80000000e+01	3.19492305e+01	1.90388048e+07	7.41023494e+05	1.00000000e-09	4.39546627e+04	1.00000000e-10	4.39546627e+03	-4.24098023e+09	1.02701517e-12
3.81000000e+01	3.20333075e+01	1.88796798e+07	7.34830073e+05	1.00000000e-09	3.00390629e+04	1.00000000e-10	3.00390629e+03	-2.89832896e+09	9.44197214e-13
3.82000000e+01	3.21173844e+01	1.87205548e+07	7.28636651e+05	1.22790615e-08	1.00000000e-09	1.22790615e-09	1.00000000e-10	1.08826400e-03	8.68057654e-13
3.83000000e+01	3.22014613e+01	1.85614459e+07	7.22443855e+05	3.81498851e-08	1.00000000e-09	3.81498851e-09	1.00000000e-10	3.58441901e-03	7.98057949e-13
3.84000000e+01	3.22855382e+01	1.84023609e+07	7.16251991e+05	1.00000000e-09	4.29366104e+04	1.00000000e-10	4.29366104e+03	-4.14275312e+09	7.33702982e-13
3.85000000e+01	3.23696152e+01	1.82432760e+07	7.10060127e+05	1.00000000e-09	3.14660528e+04	1.00000000e-10	3.14660528e+03	-3.03601256e+09	6.74537565e-13
3.86000000e+01	3.24536921e+01	1.80841910e+07	7.03868263e+05	7.71035446e-09	1.00000000e-09	7.71035446e-10	1.00000000e-10	6.47450778e-04	6.20143216e-13
3.87000000e+01	3.25377690e+01	1.79251199e+07	6.97676938e+05	3.12116636e-08	1.00000000e-09	3.12116636e-09	1.00000000e-10	2.91498239e-03	5.70135198e-13
3.88000000e+01	3.26218459e+01	1.77660741e+07	6.91486595e+05	1.00000000e-09	4.18704779e+04	1.00000000e-10	4.18704779e+03	-4.03988696e+09	5.24159800e-13
3.89000000e+01	3.27059228e+01	1.76070282e+07	6.85296252e+05	1.00000000e-09	3.28551102e+04	1.00000000e-10	3.28551102e+03	-3.17003622e+09	4.81891834e-13
3.90000000e+01	3.27899998e+01	1.74479823e+07	6.79105909e+05	4.73530117e-09	1.00000000e-09	4.73530117e-10	1.00000000e-10	3.60401774e-04	4.43032333e-13
3.91000000e+01	3.28740767e+01	1.72889479e+07	6.72916012e+05	2.64888398e-08	1.00000000e-09	2.64888398e-09	1.00000000e-10	2.45929918e-03	4.07306443e-13
3.92000000e+01	3.29581536e+01	1.71299397e+07	6.66727136e+05	1.00000000e-09	4.07578453e+04	1.00000000e-10	4.07578453e+03	-3.93253424e+09	3.74461468e-13
3.93000000e+01	3.30422305e+01	1.69709315e+07	6.60538261e+05	1.00000000e-09	3.42043222e+04	1.00000000e-10	3.42043222e+03	-3.30021538e+09	3.44265096e-13
3.94000000e+01	3.31263075e+01	1.68119233e+07	6.54349385e+05	2.62532108e-09	1.00000000e-09	2.62532108e-10	1.00000000e-10	1.56819644e-04	3.16503742e-13
3.95000000e+01	3.32103844e+01	1.66529241e+07	6.48160858e+05	2.30378548e-08	1.00000000e-09	2.30378548e-09	1.00000000e-10	2.12632974e-03	2.90981049e-13
3.96000000e+01	3.32944613e+01	1.64939519e+07	6.41973381e+05	1.00000000e-09	3.96003978e+04	1.00000000e-10	3.96003978e+03	-3.82085753e+09	2.67516493e-13
3.97000000e+01	3.33785382e+01	1.63349796e+07	6.35785904e+05	1.00000000e-09	3.55118801e+04	1.00000000e-10	3.55118801e+03	-3.42637555e+09	2.45944106e-13
3.98000000e+01	3.34626152e+01	1.61760074e+07	6.29598427e+05	1.03893938e-09	1.00000000e-09	1.03893938e-10	1.00000000e-10	3.75707877e-06	2.26111304e-13
3.99000000e+01	3.35466921e+01	1.60170415e+07	6.23411197e+05	2.03825079e-08	1.00000000e-09	2.03825079e-09	1.00000000e-10	1.87012771e-03	2.07877809e-13
4.00000000e+01	3.36307690e+01	1.58581030e+07	6.17225035e+05	1.00000000e-09	3.83999172e+04	1.00000000e-10	3.83999172e+03	-3.70502876e+09	1.91114654e-13
4.01000000e+01	3.37148459e+01	1.56991646e+07	6.11038873e+05	1.00000000e-09	3.67760924e+04	1.00000000e-10	3.67760924e+03	-3.54835349e+09	1.75703270e-13
4.02000000e+01	3.37989228e+01	1.55402261e+07	6.04852711e+05	1.00000000e-09	1.00000000e-09	1.00000000e-10	1.00000000e-10	0.00000000e+00	1.61534652e-13
4.03000000e+01	3.38829998e+01	1.53812913e+07	5.98666691e+05	1.82363983e-08	1.00000000e-09	1.82363983e-09	1.00000000e-10	1.66305961e-03	1.48508584e-13
4.04000000e+01	3.39670767e+01	1.52223841e+07	5.92481745e+05	1.00000000e-09	3.71582727e+04	1.00000000e-10	3.71582727e+03	-3.58522829e+09	1.36532931e-13
4.05000000e+01	3.40511536e+01	1.50634769e+07	5.86296799e+05	1.00000000e-09	3.79953952e+04	1.00000000e-10	3.79953952e+03	-3.66599833e+09	1.25522989e-13
4.06000000e+01	3.41352305e+01	1.49045697e+07	5.80111853e+05	1.00000000e-09	1.00000000e-09	1.00000000e-10	1.00000000e-10	0.00000000e+00	1.15400882e-13
4.07000000e+01	3.42193075e+01	1.47456634e+07	5.73926944e+05	1.63520524e-08	1.00000000e-09	1.63520524e-09	1.00000000e-10	1.48124788e-03	1.06095016e-13
4.08000000e+01	3.43033844e+01	1.45867846e+07	5.67743103e+05	1.28391047e-09	3.58774104e+04	1.28391047e-10	3.58774104e+03	-3.46164386e+09	9.75395708e-14
4.09000000e+01	3.43874613e+01	1.44279061e+07	5.61559274e+05	1.00000000e-09	3.91678421e+04	1.00000000e-10	3.91678421e+03	-3.77912225e+09	8.96740319e-14
4.10000000e+01	3.44715382e+01	1.42690276e+07	5.55375446e+05	1.00000000e-09	1.00000000e-09	1.00000000e-10	1.00000000e-10	0.00000000e+00	8.24427658e-14
4.11000000e+01	3.45556151e+01	1.41101491e+07	5.49191618e+05	1.46402319e-08	1.00000000e-09	1.46402319e-09	1.00000000e-10	1.31608230e-03	7.57946252e-14
4.12000000e+01	3.46396921e+01	1.39512975e+07	5.43008838e+05	1.99993087e-09	3.45592900e+04	1.99993087e-10	3.45592900e+03	-3.33446458e+09	6.96825871e-14
4.13000000e+01	3.47237690e+01	1.37924490e+07	5.36826176e+05	1.00000000e-09	4.02921332e+04	1.00000000e-10	4.02921332e+03	-3.88759985e+09	6.40634205e-14
4.14000000e+01	3.48078459e+01	1.36336005e+07	5.30643514e+05	1.00000000e-09	1.00000000e-09	1.00000000e-10	1.00000000e-10	0.00000000e+00	5.88973804e-14
4.15000000e+01	3.48919228e+01	1.34747519e+07	5.24460852e+05	1.30829678e-08	1.00000000e-09	1.30829678e-09	1.00000000e-10	1.16582916e-03	5.41479271e-14
4.16000000e+01	3.49759998e+01	1.33159295e+07	5.18279208e+05	2.57281885e-09	3.32059190e+04	2.57281885e-10	3.32059190e+03	-3.20388412e+09	4.97814672e-14
4.17000000e+01	3.50600767e+01	1.31571128e+07	5.12097782e+05	1.00000000e-09	4.13691911e+04	1.00000000e-10	4.13691911e+03	-3.99152014e+09	4.57671163e-14
4.18000000e+01	3.51441536e+01	1.29982960e+07	5.05916356e+05	1.00000000e-09	1.00000000e-09	1.00000000e-10	1.00000000e-10	0.00000000e+00	4.20764804e-14
4.19000000e+01	3.52282305e+01	1.28394792e+07	4.99734930e+05	1.16634667e-08	1.00000000e-09	1.16634667e-09	1.00000000e-10	1.02886813e-03	3.86834555e-14
4.20000000e+01	3.53123074e+01	1.26806875e+07	4.93554479e+05	3.02375195e-09	3.18193032e+04	3.02375195e-10	3.18193032e+03	-3.07009603e+09	3.55640423e-14
4.21000000e+01	3.53963844e+01	1.25219039e+07	4.87374344e+05	1.00000000e-09	4.23981257e+04	1.00000000e-10	4.23981257e+03	-4.09079724e+09	3.26961769e-14
4.22000000e+01	3.54804613e+01	1.23631203e+07	4.81194208e+05	1.00000000e-09	1.00000000e-09	1.00000000e-10	1.00000000e-10	0.00000000e+00	3.00595747e-14
4.23000000e+01	3.55645382e+01	1.22043366e+07	4.75014072e+05	1.03683058e-08	1.00000000e-09	1.03683058e-09	1.00000000e-10	9.03904100e-04	2.76355866e-14
4.24000000e+01	3.56486151e+01	1.20455767e+07	4.68834857e+05	3.37083199e-09	3.04014699e+04	3.37083199e-10	3.04014699e+03	-2.93329592e+09	2.54070677e-14
4.25000000e+01	3.57326921e+01	1.18868271e+07	4.62656047e+05	1.00000000e-09	4.33781559e+04	1.00000000e-10	4.33781559e+03	-4.18535578e+09	2.33582553e-14
4.26000000e+01	3.58167690e+01	1.17280775e+07	4.56477237e+05	1.00000000e-09	1.00000000e-09	1.00000000e-10	1.00000000e-10	0.00000000e+00	2.14746581e-14
4.27000000e+01	3.59008459e+01	1.15693280e+07	4.50298428e+05	9.18635603e-09	1.00000000e-09	9.18635603e-10	1.00000000e-10	7.89863281e-04	1.97429531e-14
4.28000000e+01	3.59849228e+01	1.14106004e+07	4.44120473e+05	3.62901097e-09	2.89544569e+04	3.62901097e-10	2.89544569e+03	-2.79368039e+09	1.81508919e-14
4.29000000e+01	3.60689997e+01	1.12518853e+07	4.37943007e+05	1.00000000e-09	4.43086156e+04	1.00000000e-10	4.43086156e+03	-4.27513149e+09	1.66872137e-14
4.30000000e+01	3.61530767e+01	1.10931703e+07	4.31765541e+05	1.00000000e-09	1.00000000e-09	1.00000000e-10	1.00000000e-10	0.00000000e+00	1.53415657e-14
4.31000000e+01	3.62371536e+01	1.09344553e+07	4.25588075e+05	8.10496484e-09	1.00000000e-09	8.10496484e-10	1.00000000e-10	6.85524892e-04	1.41044300e-14
4.32000000e+01	3.63212305e+01	1.07757603e+07	4.19411388e+05	3.80999030e-09	2.74802999e+04	3.80999030e-10	2.74802999e+03	-2.65144586e+09	1.29670563e-14
4.33000000e+01	3.64053074e+01	1.06170797e+07	4.13235264e+05	1.00000000e-09	4.51889498e+04	1.00000000e-10	4.51889498e+03	-4.36007083e+09	1.19213998e-14
4.34000000e+01	3.64893844e+01	1.04583992e+07	4.07059141e+05	1.00000000e-09	1.00000000e-09	1.00000000e-10	1.00000000e-10	0.00000000e+00	1.09600645e-14
4.35000000e+01	3.65734613e+01	1.02997186e+07	4.00883017e+05	7.11329104e-09	1.00000000e-09	7.11329104e-10	1.00000000e-10	5.89842917e-04	1.00762507e-14
4.36000000e+01	3.66575382e+01	1.01410560e+07	3.94707589e+05	3.92316402e-09	2.59810204e+04	3.92316402e-10	2.59810204e+03	-2.50678738e+09	9.26370726e-15
4.37000000e+01	3.67416151e+01	9.98240939e+06	3.88532788e+05	1.00000000e-09	4.60187098e+04	1.00000000e-10	4.60187098e+03	-4.44013050e+09	8.51668685e-15
4.38000000e+01	3.68256921e+01	9.82376282e+06	3.82357986e+05	1.00000000e-09	1.00000000e-09	1.00000000e-10	1.00000000e-10	0.00000000e+00	7.82990577e-15
4.39000000e+01	3.69097690e+01	9.66511625e+06	3.76183185e+05	6.20219329e-09	1.00000000e-09	6.20219329e-10	1.00000000e-10	5.01935347e-04	7.19850635e-15
4.40000000e+01	3.69938459e+01	9.50648518e+06	3.70008987e+05	3.97608618e-09	2.44586142e+04	3.97608618e-10	2.44586142e+03	-2.35989752e+09	6.61802264e-15
4.41000000e+01	3.70779228e+01	9.34787157e+06	3.63835469e+05	1.00000000e-09	4.67975473e+04	1.00000000e-10	4.67975473e+03	-4.51527689e+09	6.08434883e-15
4.42000000e+01	3.71619997e+01	9.18925796e+06	3.57661951e+05	1.00000000e-09	1.00000000e-09	1.00000000e-10	1.00000000e-10	0.00000000e+00	5.59371018e-15
4.43000000e+01	3.72460767e+01	9.03064435e+06	3.51488432e+05	5.36400581e-09	1.00000000e-09	5.36400581e-10	1.00000000e-10	4.21062550e-04	5.14263638e-15
4.44000000e+01	3.73301536e+01	8.87204373e+06	3.45315419e+05	3.97479282e-09	2.29150402e+04	3.97479282e-10	2.29150402e+03	-2.21096526e+09	4.72793693e-15
4.45000000e+01	3.74142305e+01	8.71346160e+06	3.39143126e+05	1.00000000e-09	4.75252071e+04	1.00000000e-10	4.75252071e+03	-4.58548539e+09	4.34667862e-15
4.46000000e+01	3.74983074e+01	8.55487948e+06	3.32970833e+05	1.00000000e-09	1.00000000e-09	1.00000000e-10	1.00000000e-10	0.00000000e+00	3.99616478e-15
4.47000000e+01	3.75823844e+01	8.39629736e+06	3.26798540e+05	4.59244438e-09	1.00000000e-09	4.59244438e-10	1.00000000e-10	3.46618189e-04	3.67391618e-15
4.48000000e+01	3.76664613e+01	8.23772558e+06	3.20626650e+05	3.92414922e-09	2.13522095e+04	3.92414922e-10	2.13522095e+03	-2.06017502e+09	3.37765354e-15
4.49000000e+01	3.77505382e+01	8.07917301e+06	3.14455507e+05	1.00000000e-09	4.82015195e+04	1.00000000e-10	4.82015195e+03	-4.65073962e+09	3.10528136e-15
4.50000000e+01	3.78346151e+01	7.92062043e+06	3.08284365e+05	1.00000000e-09	1.00000000e-09	1.00000000e-10	1.00000000e-10	0.00000000e+00	2.85487313e-15
4.51000000e+01	3.79186920e+01	7.76206786e+06	3.02113222e+05	3.88251385e-09	1.00000000e-09	3.88251385e-10	1.00000000e-10	2.78120306e-04	2.62465769e-15
4.52000000e+01	3.80027690e+01	7.60352292e+06	2.95942376e+05	3.82813779e-09	1.97719768e+04	3.82813779e-10	1.97719768e+03	-1.90770575e+09	2.41300669e-15
4.53000000e+01	3.80868459e+01	7.44499754e+06	2.89772292e+05	1.00000000e-09	4.88263907e+04	1.00000000e-10	4.88263907e+03	-4.71103052e+09	2.21842312e-15
4.54000000e+01	3.81709228e+01	7.28647216e+06	2.83602208e+05	1.00000000e-09	1.00000000e-09	1.00000000e-10	1.00000000e-10	0.00000000e+00	2.03953067e-15
4.55000000e+01	3.82549997e+01	7.12794679e+06	2.77432124e+05	3.23024563e-09	1.00000000e-09	3.23024563e-10	1.00000000e-10	2.15185991e-04	1.87506400e-15
4.56000000e+01	3.83390767e+01	6.96942631e+06	2.71262230e+05	3.68992553e-09	1.81761317e+04	3.68992553e-10	1.81761317e+03	-1.75373011e+09	1.72385984e-15
4.57000000e+01	3.84231536e+01	6.81092538e+06	2.65093098e+05	1.00000000e-09	4.93997937e+04	1.00000000e-10	4.93997937e+03	-4.76635550e+09	1.58484870e-15
4.58000000e+01	3.85072305e+01	6.65242446e+06	2.58923965e+05	1.00000000e-09	1.00000000e-09	1.00000000e-10	1.00000000e-10	0.00000000e+00	1.45704735e-15
4.59000000e+01	3.85913074e+01	6.49392354e+06	2.52754833e+05	2.63263351e-09	1.00000000e-09	2.63263351e-10	1.00000000e-10	1.57525186e-04	1.33955183e-15
4.60000000e+01	3.86753843e+01	6.33542480e+06	2.46585785e+05	3.51211237e-09	1.65663921e+04	3.51211237e-10	1.65663921e+03	-1.59841384e+09	1.23153109e-15
4.61000000e+01	3.87594613e+01	6.17694525e+06	2.40417485e+05	1.00000000e-09	4.99217578e+04	1.00000000e-10	4.99217578e+03	-4.81671738e+09	1.13222108e-15
4.62000000e+01	3.88435382e+01	6.01846571e+06	2.34249185e+05	1.00000000e-09	1.00000000e-09	1.00000000e-10	1.00000000e-10	0.00000000e+00	1.04091937e-15
4.63000000e+01	3.89276151e+01	5.85998617e+06	2.28080884e+05	2.08786616e-09	1.00000000e-09	2.08786616e-10	1.00000000e-10	1.04963127e-04	9.56980191e-16
4.64000000e+01	3.90116920e+01	5.70150662e+06	2.21912584e+05	3.29764730e-09	1.49435955e+04	3.29764730e-10	1.49435955e+03	-1.44183777e+09	8.79809819e-16
4.65000000e+01	3.90957690e+01	5.54304557e+06	2.15745003e+05	1.00000000e-09	5.03923456e+04	1.00000000e-10	5.03923456e+03	-4.86212220e+09	8.08862425e-16
4.66000000e+01	3.91798459e+01	5.38458594e+06	2.09577478e+05	1.00000000e-09	1.00000000e-09	1.00000000e-10	1.00000000e-10	0.00000000e+00	7.43636191e-16
4.67000000e+01	3.92639228e+01	5.22612631e+06	2.03409953e+05	1.59488541e-09	1.00000000e-09	1.59488541e-10	1.00000000e-10	5.73977166e-05	6.83669765e-16
4.68000000e+01	3.93479997e+01	5.06766668e+06	1.97242428e+05	3.04895510e-09	1.33084428e+04	3.04895510e-10	1.33084428e+03	-1.28406952e+09	6.28539001e-16
4.69000000e+01	3.94320766e+01	4.90922449e+06	1.91075581e+05	1.00000000e-09	5.08116775e+04	1.00000000e-10	5.08116775e+03	-4.90258158e+09	5.77853951e-16
4.70000000e+01	3.95161536e+01	4.75078621e+06	1.84908887e+05	1.00000000e-09	1.00000000e-09	1.00000000e-10	1.00000000e-10	0.00000000e+00	5.31256117e-16
4.71000000e+01	3.96002305e+01	4.59234792e+06	1.78742192e+05	1.15262802e-09	1.00000000e-09	1.15262802e-10	1.00000000e-10	1.47263649e-05	4.88415907e-16
4.72000000e+01	3.96843074e+01	4.43390964e+06	1.72575498e+05	2.76740185e-09	1.16645256e+04	2.76740185e-10	1.16645256e+03	-1.12545562e+09	4.49030309e-16
4.73000000e+01	3.97683843e+01	4.27548741e+06	1.66409429e+05	1.00000000e-09	5.11799076e+04	1.00000000e-10	5.11799076e+03	-4.93811038e+09	4.12820745e-16
4.74000000e+01	3.98524613e+01	4.11707140e+06	1.60243601e+05	1.00000000e-09	1.00000000e-09	1.00000000e-10	1.00000000e-10	0.00000000e+00	3.79531100e-16
4.75000000e+01	3.99365382e+01	3.95865539e+06	1.54077774e+05	1.00000000e-09	1.00000000e-09	1.00000000e-10	1.00000000e-10	0.00000000e+00	3.48925915e-16
4.76000000e+01	4.00206151e+01	3.80023937e+06	1.47911946e+05	2.45420445e-09	1.00131074e+04	2.45420445e-10	1.00131074e+03	-9.66117993e+08	3.20788716e-16
4.77000000e+01	4.01046920e+01	3.64183775e+06	1.41746678e+05	1.00000000e-09	5.14971925e+04	1.00000000e-10	5.14971925e+03	-4.96872372e+09	2.94920485e-16
4.78000000e+01	4.01887690e+01	3.48344441e+06	1.35581733e+05	1.00000000e-09	1.00000000e-09	1.00000000e-10	1.00000000e-10	0.00000000e+00	2.71138254e-16
4.79000000e+01	4.02728459e+01	3.32505108e+06	1.29416789e+05	1.00000000e-09	1.00000000e-09	1.00000000e-10	1.00000000e-10	0.00000000e+00	2.49273810e-16
4.80000000e+01	4.03569228e+01	3.16665774e+06	1.23251844e+05	2.11061476e-09	8.35537981e+03	2.11061476e-10	8.35537981e+02	-8.06171596e+08	2.29172503e-16
4.81000000e+01	4.04409997e+01	3.00827685e+06	1.17087383e+05	1.00000000e-09	5.17636813e+04	1.00000000e-10	5.17636813e+03	-4.99443598e+09	2.10692155e-16
4.82000000e+01	4.05250766e+01	2.84990608e+06	1.10923316e+05	1.00000000e-09	1.00000000e-09	1.00000000e-10	1.00000000e-10	0.00000000e+00	1.93702052e-16
4.83000000e+01	4.06091536e+01	2.69153530e+06	1.04759249e+05	1.00000000e-09	1.00000000e-09	1.00000000e-10	1.00000000e-10	0.00000000e+00	1.78082022e-16
4.84000000e+01	4.06932305e+01	2.53316453e+06	9.85951826e+04	1.73806629e-09	6.69247129e+03	1.73806629e-10	6.69247129e+02	-6.45725315e+08	1.63721583e-16
4.85000000e+01	4.07773074e+01	2.37480402e+06	9.24315154e+04	1.00000000e-09	5.19795078e+04	1.00000000e-10	5.19795078e+03	-5.01526008e+09	1.50519162e-16
4.86000000e+01	4.08613843e+01	2.21645516e+06	8.62683015e+04	1.00000000e-09	1.00000000e-09	1.00000000e-10	1.00000000e-10	0.00000000e+00	1.38381377e-16
4.87000000e+01	4.09454613e+01	2.05810630e+06	8.01050875e+04	1.00000000e-09	1.00000000e-09	1.00000000e-10	1.00000000e-10	0.00000000e+00	1.27222377e-16
4.88000000e+01	4.10295382e+01	1.89975744e+06	7.39418736e+04	1.33765791e-09	5.02545758e+03	1.33765791e-10	5.02545758e+02	-4.84882944e+08	1.16963232e-16
4.89000000e+01	4.11136151e+01	1.74141647e+06	6.77789671e+04	1.00000000e-09	5.21447830e+04	1.00000000e-10	5.21447830e+03	-5.03120671e+09	1.07531379e-16
4.90000000e+01	4.11976920e+01	1.58308836e+06	6.16165608e+04	1.00000000e-09	1.00000000e-09	1.00000000e-10	1.00000000e-10	0.00000000e+00	9.88601065e-17
4.91000000e+01	4.12817689e+01	1.42476025e+06	5.54541545e+04	1.00000000e-09	1.00000000e-09	1.00000000e-10	1.00000000e-10	0.00000000e+00	9.08880802e-17
4.92000000e+01	4.13658459e+01	1.26643214e+06	4.92917483e+04	1.00000000e-09	3.35537322e+03	1.00000000e-10	3.35537322e+02	-3.23744299e+08	8.35589140e-17
4.93000000e+01	4.14499228e+01	1.10810941e+06	4.31295515e+04	1.00000000e-09	5.22595893e+04	1.00000000e-10	5.22595893e+03	-5.04228383e+09	7.68207678e-17
4.94000000e+01	4.15339997e+01	9.49800398e+05	3.69678884e+04	1.00000000e-09	1.00000000e-09	1.00000000e-10	1.00000000e-10	0.00000000e+00	7.06259821e-17
4.95000000e+01	4.16180766e+01	7.91491383e+05	3.08062254e+04	1.00000000e-09	1.00000000e-09	1.00000000e-10	1.00000000e-10	0.00000000e+00	6.49307406e-17
4.96000000e+01	4.17021536e+01	6.33182368e+05	2.46445624e+04	1.00000000e-09	1.68322397e+03	1.00000000e-10	1.68322397e+02	-1.62406424e+08	5.96947603e-17
4.97000000e+01	4.17862305e+01	4.74876116e+05	1.84830069e+04	1.00000000e-09	5.23239760e+04	1.00000000e-10	5.23239760e+03	-5.04849620e+09	5.48810067e-17
4.98000000e+01	4.18703074e+01	3.16584077e+05	1.23220046e+04	1.00000000e-09	1.00000000e-09	1.00000000e-10	1.00000000e-10	0.00000000e+00	5.04554316e-17
4.99000000e+01	4.19543843e+01	1.58292039e+05	6.16100228e+03	1.00000000e-09	1.00000000e-09	1.00000000e-10	1.00000000e-10	0.00000000e+00	4.63867326e-17
5.00000000e+01	4.20384612e+01	0.00000000e+00	0.00000000e+00	1.00000000e+01	1.00000000e+01	1.00000000e+00	1.00000000e+00	0.00000000e+00	4.26461312e-17
