# 1D PNP Solver Results
# Debye length: 1.18939 nm
# Surface potential: 100 mV
# Bulk concentration: 10 mol/m^3
# Thermal voltage: 25.6926 mV
# Grid: non-uniform with stretching factor 1
#
# Columns:
# 1: x [nm]
# 2: x/lambda_D [-]
# 3: phi [mV]
# 4: phi_normalized = e*phi/(kB*T) [-]
# 5: c+ [mol/m^3]
# 6: c- [mol/m^3]
# 7: c+/c0 [-]
# 8: c-/c0 [-]
# 9: rho [C/m^3]
# 10: phi_GC [mV] (Gouy-Chapman analytical)
0.00000000e+00	0.00000000e+00	1.00000000e+02	3.89217445e+00	4.59219505e-04	1.00000000e-09	4.59219505e-05	1.00000000e-10	4.43078500e+01	1.00000000e+02
1.00000000e-01	8.40769225e-02	-7.98624262e+04	-3.10838495e+03	2.51889424e-07	1.00000000e-09	2.51889424e-08	1.00000000e-10	2.42071494e-02	8.70576373e+01
2.00000000e-01	1.68153845e-01	-1.59824852e+05	-6.22066207e+03	1.00000000e-09	1.86931276e+05	1.00000000e-10	1.86931276e+04	-1.80361263e+10	7.68715638e+01
3.00000000e-01	2.52230767e-01	-2.37963940e+05	-9.26197166e+03	1.00000000e-09	5.69716748e+03	1.00000000e-10	5.69716748e+02	-5.49693096e+08	6.85207345e+01
4.00000000e-01	3.36307690e-01	-3.16010340e+05	-1.22996737e+04	1.15815215e-05	1.00000000e-09	1.15815215e-06	1.00000000e-10	1.11735046e+00	6.14862309e+01
5.00000000e-01	4.20384612e-01	-3.94056740e+05	-1.53373757e+04	2.31478411e-06	1.00000000e-09	2.31478411e-07	1.00000000e-10	2.23246229e-01	5.54461690e+01
6.00000000e-01	5.04461535e-01	-4.72103140e+05	-1.83750778e+04	1.00000000e-09	1.86911201e+05	1.00000000e-10	1.86911201e+04	-1.80341893e+10	5.01866549e+01
7.00000000e-01	5.88538457e-01	-5.48333482e+05	-2.13420957e+04	1.00000000e-09	1.17050343e+04	1.00000000e-10	1.17050343e+03	-1.12936412e+09	4.55579535e+01
8.00000000e-01	6.72615380e-01	-6.24374626e+05	-2.43017497e+04	8.26046035e-06	1.00000000e-09	8.26046035e-07	1.00000000e-10	7.96916775e-01	4.14508515e+01
9.00000000e-01	7.56692302e-01	-7.00415769e+05	-2.72614036e+04	3.60488576e-06	1.00000000e-09	3.60488576e-07	1.00000000e-10	3.47722115e-01	3.77829914e+01
1.00000000e+00	8.40769225e-01	-7.76456913e+05	-3.02210576e+04	1.00000000e-09	1.87074976e+05	1.00000000e-10	1.87074976e+04	-1.80499912e+10	3.44905241e+01
1.10000000e+00	9.24846147e-01	-8.50694053e+05	-3.31104966e+04	1.00000000e-09	1.80841403e+04	1.00000000e-10	1.80841403e+03	-1.74485429e+09	3.15227780e+01
1.20000000e+00	1.00892307e+00	-9.24641686e+05	-3.59886675e+04	6.94752325e-06	1.00000000e-09	6.94752325e-07	1.00000000e-10	6.70237602e-01	2.88387272e+01
1.30000000e+00	1.09299999e+00	-9.98589319e+05	-3.88668383e+04	5.26653002e-06	1.00000000e-09	5.26653002e-07	1.00000000e-10	5.08046413e-01	2.64045776e+01
1.40000000e+00	1.17707691e+00	-1.07253695e+06	-4.17450092e+04	1.00000000e-09	1.87431117e+05	1.00000000e-10	1.87431117e+04	-1.80843536e+10	2.41920729e+01
1.50000000e+00	1.26115384e+00	-1.14469782e+06	-4.45536360e+04	1.00000000e-09	2.49036458e+04	1.00000000e-10	2.49036458e+03	-2.40283654e+09	2.21772778e+01
1.60000000e+00	1.34523076e+00	-1.21646512e+06	-4.73469447e+04	5.49821979e-06	1.00000000e-09	5.49821979e-07	1.00000000e-10	5.30401077e-01	2.03396868e+01
1.70000000e+00	1.42930768e+00	-1.28823243e+06	-5.01402533e+04	6.75308782e-06	1.00000000e-09	6.75308782e-07	1.00000000e-10	6.51477436e-01	1.86615585e+01
1.80000000e+00	1.51338460e+00	-1.35999973e+06	-5.29335620e+04	1.00000000e-09	1.87985037e+05	1.00000000e-10	1.87985037e+04	-1.81377987e+10	1.71274116e+01
1.90000000e+00	1.59746153e+00	-1.43000313e+06	-5.56582165e+04	1.00000000e-09	3.22425321e+04	1.00000000e-10	3.22425321e+03	-3.11093142e+09	1.57236358e+01
2.00000000e+00	1.68153845e+00	-1.49950523e+06	-5.83633593e+04	4.30927033e-06	1.00000000e-09	4.30927033e-07	1.00000000e-10	4.15684894e-01	1.44381886e+01
2.10000000e+00	1.76561537e+00	-1.56900732e+06	-6.10685022e+04	8.34345779e-06	1.00000000e-09	8.34345779e-07	1.00000000e-10	8.04924810e-01	1.32603556e+01
2.20000000e+00	1.84969229e+00	-1.63850942e+06	-6.37736450e+04	1.00000000e-09	1.88737939e+05	1.00000000e-10	1.88737939e+04	-1.82104427e+10	1.21805577e+01
2.30000000e+00	1.93376922e+00	-1.70627660e+06	-6.64112619e+04	1.00000000e-09	4.01909819e+04	1.00000000e-10	4.01909819e+03	-3.87784024e+09	1.11901960e+01
2.40000000e+00	2.01784614e+00	-1.77343115e+06	-6.90250343e+04	3.02861810e-06	1.00000000e-09	3.02861810e-07	1.00000000e-10	2.92120738e-01	1.02815237e+01
2.50000000e+00	2.10192306e+00	-1.84058571e+06	-7.16388066e+04	1.02375943e-05	1.00000000e-09	1.02375943e-06	1.00000000e-10	9.87681203e-01	9.44754093e+00
2.60000000e+00	2.18599998e+00	-1.90774026e+06	-7.42525790e+04	1.00000000e-09	1.89685148e+05	1.00000000e-10	1.89685148e+04	-1.83018345e+10	8.68190590e+00
2.70000000e+00	2.27007691e+00	-1.97319558e+06	-7.68002141e+04	1.00000000e-09	4.88519002e+04	1.00000000e-10	4.88519002e+03	-4.71349181e+09	7.97886054e+00
2.80000000e+00	2.35415383e+00	-2.03792352e+06	-7.93195386e+04	1.42708732e-06	1.00000000e-09	1.42708732e-07	1.00000000e-10	1.37596509e-01	7.33316685e+00
2.90000000e+00	2.43823075e+00	-2.10265147e+06	-8.18388631e+04	1.27540654e-05	1.00000000e-09	1.27540654e-06	1.00000000e-10	1.23048375e+00	6.74005227e+00
3.00000000e+00	2.52230767e+00	-2.16737941e+06	-8.43581876e+04	1.00000000e-09	1.90813749e+05	1.00000000e-10	1.90813749e+04	-1.84107279e+10	6.19516235e+00
3.10000000e+00	2.60638460e+00	-2.23045114e+06	-8.68130493e+04	1.00000000e-09	5.83424002e+04	1.00000000e-10	5.83424002e+03	-5.62918586e+09	5.69451955e+00
3.20000000e+00	2.69046152e+00	-2.29267756e+06	-8.92350101e+04	1.00000000e-09	1.00000000e-09	1.00000000e-10	1.00000000e-10	0.00000000e+00	5.23448697e+00
3.30000000e+00	2.77453844e+00	-2.35490398e+06	-9.16569708e+04	1.58184875e-05	1.00000000e-09	1.58184875e-06	1.00000000e-10	1.52615554e+00	4.81173646e+00
3.40000000e+00	2.85861536e+00	-2.41713039e+06	-9.40789316e+04	1.48204023e-06	1.92099330e+05	1.48204023e-07	1.92099330e+04	-1.85347676e+10	4.42322017e+00
3.50000000e+00	2.94269229e+00	-2.47775168e+06	-9.64384176e+04	1.00000000e-09	6.87951122e+04	1.00000000e-10	6.87951122e+03	-6.63771925e+09	4.06614534e+00
3.60000000e+00	3.02676921e+00	-2.53740684e+06	-9.87603008e+04	1.00000000e-09	1.00000000e-09	1.00000000e-10	1.00000000e-10	0.00000000e+00	3.73795159e+00
3.70000000e+00	3.11084613e+00	-2.59706201e+06	-1.01082184e+05	1.89845150e-05	1.00000000e-09	1.89845150e-06	1.00000000e-10	1.83163075e+00	3.43629058e+00
3.80000000e+00	3.19492305e+00	-2.65671717e+06	-1.03404067e+05	4.95384150e-06	1.93501495e+05	4.95384150e-07	1.93501495e+04	-1.86700560e+10	3.15900770e+00
3.90000000e+00	3.27899998e+00	-2.71482714e+06	-1.05665808e+05	1.00000000e-09	8.03590862e+04	1.00000000e-10	8.03590862e+03	-7.75347312e+09	2.90412542e+00
4.00000000e+00	3.36307690e+00	-2.77184776e+06	-1.07885150e+05	1.00000000e-09	1.00000000e-09	1.00000000e-10	1.00000000e-10	0.00000000e+00	2.66982829e+00
4.10000000e+00	3.44715382e+00	-2.82886839e+06	-1.10104493e+05	2.21358193e-05	1.00000000e-09	2.21358193e-06	1.00000000e-10	2.13568539e+00	2.45444929e+00
4.20000000e+00	3.53123074e+00	-2.88588901e+06	-1.12323835e+05	1.05990146e-05	1.94957683e+05	1.05990146e-06	1.94957683e+04	-1.88105568e+10	2.25645740e+00
4.30000000e+00	3.61530767e+00	-2.94143413e+06	-1.14485748e+05	1.00000000e-09	9.31998604e+04	1.00000000e-10	9.31998604e+03	-8.99241949e+09	2.07444628e+00
4.40000000e+00	3.69938459e+00	-2.99576486e+06	-1.16600394e+05	1.00000000e-09	1.00000000e-09	1.00000000e-10	1.00000000e-10	0.00000000e+00	1.90712395e+00
4.50000000e+00	3.78346151e+00	-3.05009559e+06	-1.18715041e+05	2.43224615e-05	1.00000000e-09	2.43224615e-06	1.00000000e-10	2.34666429e+00	1.75330334e+00
4.60000000e+00	3.86753843e+00	-3.10442632e+06	-1.20829688e+05	2.18917225e-05	1.96374614e+05	2.18917225e-06	1.96374614e+04	-1.89472698e+10	1.61189369e+00
4.70000000e+00	3.95161536e+00	-3.15736203e+06	-1.22890038e+05	1.00000000e-09	1.07497959e+05	1.00000000e-10	1.07497959e+04	-1.03719763e+10	1.48189263e+00
4.80000000e+00	4.03569228e+00	-3.20895728e+06	-1.24898215e+05	1.00000000e-09	1.00000000e-09	1.00000000e-10	1.00000000e-10	0.00000000e+00	1.36237899e+00
4.90000000e+00	4.11976920e+00	-3.26055253e+06	-1.26906393e+05	6.62642286e-06	1.00000000e-09	6.62642286e-07	1.00000000e-10	6.39256125e-01	1.25250612e+00
5.00000000e+00	4.20384612e+00	-3.31214779e+06	-1.28914570e+05	6.47431208e-05	1.97616485e+05	6.47431208e-06	1.97616485e+04	-1.90670922e+10	1.15149587e+00
5.10000000e+00	4.28792305e+00	-3.36244050e+06	-1.30872050e+05	2.37450604e-05	1.23444603e+05	2.37450604e-06	1.23444603e+04	-1.19105935e+10	1.05863300e+00
5.20000000e+00	4.37199997e+00	-3.41126675e+06	-1.32772453e+05	1.00000000e-09	1.00000000e-09	1.00000000e-10	1.00000000e-10	0.00000000e+00	9.73260072e-01
5.30000000e+00	4.45607689e+00	-3.46009301e+06	-1.34672856e+05	1.00000000e-09	1.00000000e-09	1.00000000e-10	1.00000000e-10	0.00000000e+00	8.94772759e-01
5.40000000e+00	4.54015381e+00	-3.50891926e+06	-1.36573259e+05	1.63933539e-06	1.98488694e+05	1.63933539e-07	1.98488694e+04	-1.91512475e+10	8.22615544e-01
5.50000000e+00	4.62423074e+00	-3.55654882e+06	-1.38427084e+05	4.01236645e-06	1.41232604e+05	4.01236645e-07	1.41232604e+04	-1.36268747e+10	7.56277766e-01
5.60000000e+00	4.70830766e+00	-3.60258747e+06	-1.40218989e+05	1.00000000e-09	1.00000000e-09	1.00000000e-10	1.00000000e-10	0.00000000e+00	6.95289988e-01
5.70000000e+00	4.79238458e+00	-3.64862612e+06	-1.42010894e+05	1.00000000e-09	1.00000000e-09	1.00000000e-10	1.00000000e-10	0.00000000e+00	6.39220665e-01
5.80000000e+00	4.87646150e+00	-3.69466477e+06	-1.43802798e+05	1.77394951e-07	1.98715601e+05	1.77394951e-08	1.98715601e+04	-1.91731408e+10	5.87673079e-01
5.90000000e+00	4.96053843e+00	-3.73962753e+06	-1.45552827e+05	3.55567762e-06	1.61039276e+05	3.55567762e-07	1.61039276e+04	-1.55379280e+10	5.40282524e-01
6.00000000e+00	5.04461535e+00	-3.78287851e+06	-1.47236231e+05	3.48995642e-07	1.00000000e-09	3.48995642e-08	1.00000000e-10	3.35764751e-02	4.96713722e-01
6.10000000e+00	5.12869227e+00	-3.82612950e+06	-1.48919635e+05	1.00000000e-09	1.00000000e-09	1.00000000e-10	1.00000000e-10	0.00000000e+00	4.56658442e-01
6.20000000e+00	5.21276919e+00	-3.86938048e+06	-1.50603038e+05	1.00000000e-09	1.97910714e+05	1.00000000e-10	1.97910714e+04	-1.90954810e+10	4.19833321e-01
6.30000000e+00	5.29684612e+00	-3.91169320e+06	-1.52249923e+05	3.55291477e-06	1.82996487e+05	3.55291477e-07	1.82996487e+04	-1.76564768e+10	3.85977854e-01
6.40000000e+00	5.38092304e+00	-3.95217956e+06	-1.53825723e+05	2.32185157e-06	1.00000000e-09	2.32185157e-07	1.00000000e-10	2.23928135e-01	3.54852548e-01
6.50000000e+00	5.46499996e+00	-3.99266593e+06	-1.55401523e+05	1.00000000e-09	1.00000000e-09	1.00000000e-10	1.00000000e-10	0.00000000e+00	3.26237227e-01
6.60000000e+00	5.54907688e+00	-4.03315229e+06	-1.56977323e+05	1.00000000e-09	1.95538061e+05	1.00000000e-10	1.95538061e+04	-1.88665548e+10	2.99929475e-01
6.70000000e+00	5.63315381e+00	-4.07285692e+06	-1.58522696e+05	1.00000000e-09	2.07140874e+05	1.00000000e-10	2.07140874e+04	-1.99860560e+10	2.75743201e-01
6.80000000e+00	5.71723073e+00	-4.11063065e+06	-1.59992916e+05	1.00000000e-09	1.00000000e-09	1.00000000e-10	1.00000000e-10	0.00000000e+00	2.53507323e-01
6.90000000e+00	5.80130765e+00	-4.14840438e+06	-1.61463135e+05	1.00000000e-09	1.00000000e-09	1.00000000e-10	1.00000000e-10	0.00000000e+00	2.33064554e-01
7.00000000e+00	5.88538457e+00	-4.18617811e+06	-1.62933355e+05	1.89410757e-07	1.90865292e+05	1.89410757e-08	1.90865292e+04	-1.84157011e+10	2.14270296e-01
7.10000000e+00	5.96946150e+00	-4.22334781e+06	-1.64380064e+05	1.35987932e-07	2.33335130e+05	1.35987932e-08	2.33335130e+04	-2.25134175e+10	1.96991610e-01
7.20000000e+00	6.05353842e+00	-4.25849709e+06	-1.65748136e+05	1.00000000e-09	1.00000000e-09	1.00000000e-10	1.00000000e-10	0.00000000e+00	1.81106277e-01
7.30000000e+00	6.13761534e+00	-4.29364637e+06	-1.67116207e+05	1.00000000e-09	1.00000000e-09	1.00000000e-10	1.00000000e-10	0.00000000e+00	1.66501937e-01
7.40000000e+00	6.22169226e+00	-4.32879565e+06	-1.68484278e+05	1.03318444e-07	1.82913812e+05	1.03318444e-08	1.82913812e+04	-1.76484999e+10	1.53075289e-01
7.50000000e+00	6.30576919e+00	-4.36354210e+06	-1.69836671e+05	1.12132331e-07	2.61151163e+05	1.12132331e-08	2.61151163e+04	-2.51972567e+10	1.40731363e-01
7.60000000e+00	6.38984611e+00	-4.39620027e+06	-1.71107784e+05	1.00000000e-09	1.00000000e-09	1.00000000e-10	1.00000000e-10	0.00000000e+00	1.29382849e-01
7.70000000e+00	6.47392303e+00	-4.42885844e+06	-1.72378897e+05	1.00000000e-09	1.00000000e-09	1.00000000e-10	1.00000000e-10	0.00000000e+00	1.18949475e-01
7.80000000e+00	6.55799995e+00	-4.46151661e+06	-1.73650010e+05	8.34677850e-08	1.70421911e+05	8.34677850e-09	1.70421911e+04	-1.64432147e+10	1.09357445e-01
7.90000000e+00	6.64207688e+00	-4.49399865e+06	-1.74914267e+05	1.13707077e-07	2.89712216e+05	1.13707077e-08	2.89712216e+04	-2.79529794e+10	1.00538914e-01
8.00000000e+00	6.72615380e+00	-4.52435483e+06	-1.76095783e+05	1.00000000e-09	1.00000000e-09	1.00000000e-10	1.00000000e-10	0.00000000e+00	9.24315047e-02
8.10000000e+00	6.81023072e+00	-4.55471101e+06	-1.77277298e+05	1.00000000e-09	1.00000000e-09	1.00000000e-10	1.00000000e-10	0.00000000e+00	8.49778740e-02
8.20000000e+00	6.89430764e+00	-4.58506719e+06	-1.78458814e+05	7.75562972e-08	1.51856810e+05	7.75562972e-09	1.51856810e+04	-1.46519548e+10	7.81253008e-02
8.30000000e+00	6.97838457e+00	-4.61542337e+06	-1.79640329e+05	1.25710285e-07	3.17600685e+05	1.25710285e-08	3.17600685e+04	-3.06438076e+10	7.18253161e-02
8.40000000e+00	7.06246149e+00	-4.64365710e+06	-1.80739235e+05	1.00000000e-09	1.00000000e-09	1.00000000e-10	1.00000000e-10	0.00000000e+00	6.60333593e-02
8.50000000e+00	7.14653841e+00	-4.67174982e+06	-1.81832653e+05	1.00000000e-09	1.00000000e-09	1.00000000e-10	1.00000000e-10	0.00000000e+00	6.07084632e-02
8.60000000e+00	7.23061533e+00	-4.69984254e+06	-1.82926071e+05	7.62618152e-08	1.25015877e+05	7.62618152e-09	1.25015877e+04	-1.20621984e+10	5.58129641e-02
8.70000000e+00	7.31469226e+00	-4.72793527e+06	-1.84019488e+05	1.53101272e-07	3.46282692e+05	1.53101272e-08	3.46282692e+04	-3.34112006e+10	5.13122357e-02
8.80000000e+00	7.39876918e+00	-4.75396236e+06	-1.85032508e+05	1.00000000e-09	1.00000000e-09	1.00000000e-10	1.00000000e-10	0.00000000e+00	4.71744438e-02
8.90000000e+00	7.48284610e+00	-4.77955588e+06	-1.86028653e+05	1.00000000e-09	1.00000000e-09	1.00000000e-10	1.00000000e-10	0.00000000e+00	4.33703214e-02
9.00000000e+00	7.56692302e+00	-4.80514941e+06	-1.87024798e+05	6.60701342e-08	8.61349742e+04	6.60701342e-09	8.61349742e+03	-8.31076160e+09	3.98729614e-02
9.10000000e+00	7.65099995e+00	-4.83074293e+06	-1.88020942e+05	3.15480753e-07	3.77957357e+05	3.15480753e-08	3.77957357e+04	-3.64673411e+10	3.66576268e-02
9.20000000e+00	7.73507687e+00	-4.85439389e+06	-1.88941479e+05	1.00000000e-09	1.00000000e-09	1.00000000e-10	1.00000000e-10	0.00000000e+00	3.37015752e-02
9.30000000e+00	7.81915379e+00	-4.87729848e+06	-1.89832965e+05	1.00000000e-09	1.00000000e-09	1.00000000e-10	1.00000000e-10	0.00000000e+00	3.09838980e-02
9.40000000e+00	7.90323071e+00	-4.90020307e+06	-1.90724452e+05	1.00000000e-09	2.96289082e+04	1.00000000e-10	2.96289082e+03	-2.85875505e+09	2.84853728e-02
9.50000000e+00	7.98730764e+00	-4.92310766e+06	-1.91615938e+05	3.35472646e-08	4.11273154e+05	3.35472646e-09	4.11273154e+04	-3.96818268e+10	2.61883275e-02
9.60000000e+00	8.07138456e+00	-4.94427350e+06	-1.92439750e+05	1.00000000e-09	1.00000000e-09	1.00000000e-10	1.00000000e-10	0.00000000e+00	2.40765146e-02
9.70000000e+00	8.15546148e+00	-4.96437388e+06	-1.93222092e+05	1.00000000e-09	1.00000000e-09	1.00000000e-10	1.00000000e-10	0.00000000e+00	2.21349973e-02
9.80000000e+00	8.23953840e+00	-4.98447425e+06	-1.94004433e+05	1.00000000e-09	1.00000000e-09	1.00000000e-10	1.00000000e-10	0.00000000e+00	2.03500429e-02
9.90000000e+00	8.32361533e+00	-5.00457462e+06	-1.94786775e+05	1.06193288e-09	4.42115067e+05	1.06193288e-10	4.42115067e+04	-4.26576191e+10	1.87090262e-02
1.00000000e+01	8.40769225e+00	-5.02320137e+06	-1.95511760e+05	1.00000000e-09	9.46907057e+04	1.00000000e-10	9.46907057e+03	-9.13626419e+09	1.72003403e-02
1.01000000e+01	8.49176917e+00	-5.04044783e+06	-1.96183023e+05	1.00000000e-09	1.00000000e-09	1.00000000e-10	1.00000000e-10	0.00000000e+00	1.58133140e-02
1.02000000e+01	8.57584609e+00	-5.05769429e+06	-1.96854285e+05	1.00000000e-09	1.00000000e-09	1.00000000e-10	1.00000000e-10	0.00000000e+00	1.45381368e-02
1.03000000e+01	8.65992302e+00	-5.07494075e+06	-1.97525547e+05	1.00000000e-09	4.61143263e+05	1.00000000e-10	4.61143263e+04	-4.44935608e+10	1.33657892e-02
1.04000000e+01	8.74399994e+00	-5.09104270e+06	-1.98152263e+05	1.00000000e-09	2.32444735e+05	1.00000000e-10	2.32444735e+04	-2.24275074e+10	1.22879791e-02
1.05000000e+01	8.82807686e+00	-5.10547039e+06	-1.98713814e+05	1.00000000e-09	1.00000000e-09	1.00000000e-10	1.00000000e-10	0.00000000e+00	1.12970830e-02
1.06000000e+01	8.91215378e+00	-5.11989808e+06	-1.99275365e+05	1.00000000e-09	1.00000000e-09	1.00000000e-10	1.00000000e-10	0.00000000e+00	1.03860923e-02
1.07000000e+01	8.99623071e+00	-5.13432577e+06	-1.99836916e+05	1.00000000e-09	4.48653099e+05	1.00000000e-10	4.48653099e+04	-4.32884432e+10	9.54856333e-03
1.08000000e+01	9.08030763e+00	-5.14802117e+06	-2.00369965e+05	1.00000000e-09	4.08856284e+05	1.00000000e-10	4.08856284e+04	-3.94486343e+10	8.77857228e-03
1.09000000e+01	9.16438455e+00	-5.15980439e+06	-2.00828588e+05	1.00000000e-09	1.00000000e-09	1.00000000e-10	1.00000000e-10	0.00000000e+00	8.07067289e-03
1.10000000e+01	9.24846147e+00	-5.17158760e+06	-2.01287211e+05	1.00000000e-09	1.00000000e-09	1.00000000e-10	1.00000000e-10	0.00000000e+00	7.41985814e-03
1.11000000e+01	9.33253840e+00	-5.18337082e+06	-2.01745835e+05	1.00000000e-09	3.66341151e+05	1.00000000e-10	3.66341151e+04	-3.53465476e+10	6.82152474e-03
1.12000000e+01	9.41661532e+00	-5.19493625e+06	-2.02195981e+05	1.00000000e-09	5.98848082e+05	1.00000000e-10	5.98848082e+04	-5.77800560e+10	6.27144062e-03
1.13000000e+01	9.50069224e+00	-5.20447205e+06	-2.02567131e+05	1.00000000e-09	1.00000000e-09	1.00000000e-10	1.00000000e-10	0.00000000e+00	5.76571500e-03
1.14000000e+01	9.58476916e+00	-5.21400785e+06	-2.02938281e+05	1.00000000e-09	1.00000000e-09	1.00000000e-10	1.00000000e-10	0.00000000e+00	5.30077082e-03
1.15000000e+01	9.66884609e+00	-5.22354365e+06	-2.03309431e+05	1.00000000e-09	1.56921791e+05	1.00000000e-10	1.56921791e+04	-1.51406511e+10	4.87331949e-03
1.16000000e+01	9.75292301e+00	-5.23307945e+06	-2.03680581e+05	1.00000000e-09	7.33593103e+05	1.00000000e-10	7.33593103e+04	-7.07809742e+10	4.48033760e-03
1.17000000e+01	9.83699993e+00	-5.24068311e+06	-2.03976529e+05	1.00000000e-09	1.00000000e-09	1.00000000e-10	1.00000000e-10	0.00000000e+00	4.11904557e-03
1.18000000e+01	9.92107685e+00	-5.24764569e+06	-2.04247525e+05	1.00000000e-09	1.00000000e-09	1.00000000e-10	1.00000000e-10	0.00000000e+00	3.78688794e-03
1.19000000e+01	1.00051538e+01	-5.25460828e+06	-2.04518521e+05	1.00000000e-09	1.00000000e-09	1.00000000e-10	1.00000000e-10	0.00000000e+00	3.48151531e-03
1.20000000e+01	1.00892307e+01	-5.26157086e+06	-2.04789517e+05	1.00000000e-09	7.28865881e+05	1.00000000e-10	7.28865881e+04	-7.03248666e+10	3.20076778e-03
1.21000000e+01	1.01733076e+01	-5.26700494e+06	-2.05001020e+05	1.00000000e-09	6.33093698e+05	1.00000000e-10	6.33093698e+04	-6.10842557e+10	2.94265957e-03
1.22000000e+01	1.02573845e+01	-5.27112974e+06	-2.05161565e+05	1.00000000e-09	1.00000000e-09	1.00000000e-10	1.00000000e-10	0.00000000e+00	2.70536508e-03
1.23000000e+01	1.03414615e+01	-5.27525454e+06	-2.05322109e+05	1.00000000e-09	1.00000000e-09	1.00000000e-10	1.00000000e-10	0.00000000e+00	2.48720588e-03
1.24000000e+01	1.04255384e+01	-5.27937934e+06	-2.05482654e+05	1.00000000e-09	6.94968391e+03	1.00000000e-10	6.94968391e+02	-6.70542560e+08	2.28663893e-03
1.25000000e+01	1.05096153e+01	-5.28265927e+06	-2.05610314e+05	1.00000000e-09	1.24235180e+06	1.00000000e-10	1.24235180e+05	-1.19868726e+11	2.10224558e-03
1.26000000e+01	1.05936922e+01	-5.28411407e+06	-2.05666938e+05	1.00000000e-09	1.82344221e+06	1.00000000e-10	1.82344221e+05	-1.75935427e+11	1.93272162e-03
1.27000000e+01	1.06777692e+01	-5.28556888e+06	-2.05723561e+05	1.00000000e-09	1.97794238e+06	1.00000000e-10	1.97794238e+05	-1.90842427e+11	1.77686798e-03
1.28000000e+01	1.07618461e+01	-5.28702368e+06	-2.05780185e+05	1.00000000e-09	1.66970735e+06	1.00000000e-10	1.66970735e+05	-1.61102269e+11	1.63358230e-03
1.29000000e+01	1.08459230e+01	-5.28847848e+06	-2.05836808e+05	7.73042825e+01	9.70848025e+05	7.73042825e+00	9.70848025e+04	-9.36651354e+10	1.50185109e-03
1.30000000e+01	1.09299999e+01	-5.28797502e+06	-2.05817213e+05	6.17876826e+02	3.22377213e+04	6.17876826e+01	3.22377213e+03	-3.05085119e+09	1.38074262e-03
1.31000000e+01	1.10140768e+01	-5.28701168e+06	-2.05779718e+05	1.60749144e+03	1.00000000e-09	1.60749144e+02	1.00000000e-10	1.55099346e+08	1.26940027e-03
1.32000000e+01	1.10981538e+01	-5.28604833e+06	-2.05742223e+05	3.66934095e+03	1.00000000e-09	3.66934095e+02	1.00000000e-10	3.54037580e+08	1.16703651e-03
1.33000000e+01	1.11822307e+01	-5.28508499e+06	-2.05704728e+05	8.17872785e+03	6.68889591e+04	8.17872785e+02	6.68889591e+03	-5.66467616e+09	1.07292731e-03
1.34000000e+01	1.12663076e+01	-5.28272964e+06	-2.05613053e+05	7.42072559e+03	4.77712437e+04	7.42072559e+02	4.77712437e+03	-3.89323314e+09	9.86407027e-04
1.35000000e+01	1.13503845e+01	-5.27889539e+06	-2.05463818e+05	1.00000000e-09	1.00000000e-09	1.00000000e-10	1.00000000e-10	0.00000000e+00	9.06863691e-04
1.36000000e+01	1.14344615e+01	-5.27506114e+06	-2.05314582e+05	1.00000000e-09	1.00000000e-09	1.00000000e-10	1.00000000e-10	0.00000000e+00	8.33734687e-04
1.37000000e+01	1.15185384e+01	-5.27122689e+06	-2.05165346e+05	1.00000000e-09	6.97598318e+03	1.00000000e-10	6.97598318e+02	-6.73080054e+08	7.66502767e-04
1.38000000e+01	1.16026153e+01	-5.26713383e+06	-2.05006037e+05	3.88050436e+03	4.70844087e+04	3.88050436e+02	4.70844087e+03	-4.16854306e+09	7.04692393e-04
1.39000000e+01	1.16866922e+01	-5.26089355e+06	-2.04763155e+05	4.84051905e+03	2.87103402e+03	4.84051905e+02	2.87103402e+02	1.90026416e+08	6.47866374e-04
1.40000000e+01	1.17707691e+01	-5.25449898e+06	-2.04514267e+05	1.00000000e-09	1.00000000e-09	1.00000000e-10	1.00000000e-10	0.00000000e+00	5.95622776e-04
1.41000000e+01	1.18548461e+01	-5.24810441e+06	-2.04265379e+05	1.00000000e-09	1.00000000e-09	1.00000000e-10	1.00000000e-10	0.00000000e+00	5.47592073e-04
1.42000000e+01	1.19389230e+01	-5.24170985e+06	-2.04016491e+05	1.00000000e-09	1.53558946e+04	1.00000000e-10	1.53558946e+03	-1.48161859e+09	5.03434541e-04
1.43000000e+01	1.20229999e+01	-5.23443387e+06	-2.03733297e+05	4.76326309e+03	2.88517413e+04	4.76326309e+02	2.88517413e+03	-2.32418482e+09	4.62837848e-04
1.44000000e+01	1.21070768e+01	-5.22521368e+06	-2.03374432e+05	1.64312750e+03	1.11150273e+04	1.64312750e+02	1.11150273e+03	-9.13899394e+08	4.25514851e-04
1.45000000e+01	1.21911538e+01	-5.21513436e+06	-2.02982127e+05	1.00000000e-09	8.19949251e+03	1.00000000e-10	8.19949251e+02	-7.91130758e+08	3.91201561e-04
1.46000000e+01	1.22752307e+01	-5.20437672e+06	-2.02563421e+05	1.00000000e-09	1.35504204e+04	1.00000000e-10	1.35504204e+03	-1.30741681e+09	3.59655276e-04
1.47000000e+01	1.23593076e+01	-5.19240761e+06	-2.02097562e+05	3.00603965e+03	1.08801166e+04	3.00603965e+02	1.08801166e+03	-7.59732927e+08	3.30652866e-04
1.48000000e+01	1.24433845e+01	-5.17937912e+06	-2.01590471e+05	2.85589150e+03	1.00000000e-09	2.85589150e+02	1.00000000e-10	2.75551639e+08	3.03989196e-04
1.49000000e+01	1.25274615e+01	-5.16635136e+06	-2.01083408e+05	1.00000000e-09	1.00000000e-09	1.00000000e-10	1.00000000e-10	0.00000000e+00	2.79475669e-04
1.50000000e+01	1.26115384e+01	-5.15332365e+06	-2.00576346e+05	1.00000000e-09	1.00000000e-09	1.00000000e-10	1.00000000e-10	0.00000000e+00	2.56938901e-04
1.51000000e+01	1.26956153e+01	-5.14029594e+06	-2.00069285e+05	1.79973621e+03	5.36543741e+03	1.79973621e+02	5.36543741e+02	-3.44037864e+08	2.36219485e-04
1.52000000e+01	1.27796922e+01	-5.12671489e+06	-1.99540687e+05	3.54615616e+03	3.18504766e+03	3.54615616e+02	3.18504766e+02	3.48416728e+07	2.17170872e-04
1.53000000e+01	1.28637691e+01	-5.11279534e+06	-1.98998914e+05	1.00000000e-09	1.00000000e-09	1.00000000e-10	1.00000000e-10	0.00000000e+00	1.99658328e-04
1.54000000e+01	1.29478461e+01	-5.09887631e+06	-1.98457161e+05	1.00000000e-09	1.00000000e-09	1.00000000e-10	1.00000000e-10	0.00000000e+00	1.83557987e-04
1.55000000e+01	1.30319230e+01	-5.08495754e+06	-1.97915418e+05	4.01951155e+02	1.00000000e-09	4.01951155e+01	1.00000000e-10	3.87823907e+07	1.68755969e-04
1.56000000e+01	1.31159999e+01	-5.07103877e+06	-1.97373675e+05	3.83433362e+03	1.00000000e-09	3.83433362e+02	1.00000000e-10	3.69956953e+08	1.55147578e-04
1.57000000e+01	1.32000768e+01	-5.05712000e+06	-1.96831933e+05	3.05826411e+02	1.39007951e+03	3.05826411e+01	1.39007951e+02	-1.04614521e+08	1.42636560e-04
1.58000000e+01	1.32841538e+01	-5.04305134e+06	-1.96284356e+05	1.00000000e-09	2.57217107e+03	1.00000000e-10	2.57217107e+02	-2.48176780e+08	1.31134424e-04
1.59000000e+01	1.33682307e+01	-5.02870141e+06	-1.95725831e+05	1.00000000e-09	1.49966285e+03	1.00000000e-10	1.49966285e+02	-1.44695469e+08	1.20559814e-04
1.60000000e+01	1.34523076e+01	-5.01418486e+06	-1.95160822e+05	3.52611604e+03	4.09216210e-07	3.52611604e+02	4.09216210e-08	3.40218477e+08	1.10837935e-04
1.61000000e+01	1.35363845e+01	-4.99966831e+06	-1.94595813e+05	1.60301761e+03	1.87807710e-07	1.60301761e+02	1.87807710e-08	1.54667686e+08	1.01900023e-04
1.62000000e+01	1.36204614e+01	-4.98515177e+06	-1.94030803e+05	1.00000000e-09	6.24088800e+02	1.00000000e-10	6.24088800e+01	-6.02154151e+07	9.36828597e-05
1.63000000e+01	1.37045384e+01	-4.97056573e+06	-1.93463089e+05	1.00000000e-09	4.89512808e+02	1.00000000e-10	4.89512808e+01	-4.72308058e+07	8.61283240e-05
1.64000000e+01	1.37886153e+01	-4.95592468e+06	-1.92893234e+05	2.84862132e+03	1.00000000e-09	2.84862132e+02	1.00000000e-10	2.74850174e+08	7.91829819e-05
1.65000000e+01	1.38726922e+01	-4.94128364e+06	-1.92323379e+05	2.67362982e+03	1.00000000e-09	2.67362982e+02	1.00000000e-10	2.57966061e+08	7.27977085e-05
1.66000000e+01	1.39567691e+01	-4.92664259e+06	-1.91753524e+05	1.00000000e-09	2.65376317e+02	1.00000000e-10	2.65376317e+01	-2.56049220e+07	6.69273402e-05
1.67000000e+01	1.40408461e+01	-4.91197212e+06	-1.91182524e+05	1.00000000e-09	3.73226791e+02	1.00000000e-10	3.73226791e+01	-3.60109109e+07	6.15303552e-05
1.68000000e+01	1.41249230e+01	-4.89725977e+06	-1.90609893e+05	1.82720460e+03	1.00000000e-09	1.82720460e+02	1.00000000e-10	1.76298443e+08	5.65685802e-05
1.69000000e+01	1.42089999e+01	-4.88254741e+06	-1.90037263e+05	3.41323317e+03	1.00000000e-09	3.41323317e+02	1.00000000e-10	3.29326936e+08	5.20069201e-05
1.70000000e+01	1.42930768e+01	-4.86783506e+06	-1.89464632e+05	1.00000000e-09	5.35327015e+01	1.00000000e-10	5.35327015e+00	-5.16512049e+06	4.78131098e-05
1.71000000e+01	1.43771537e+01	-4.85311695e+06	-1.88891778e+05	1.00000000e-09	3.51289810e+02	1.00000000e-10	3.51289810e+01	-3.38943140e+07	4.39574862e-05
1.72000000e+01	1.44612307e+01	-4.83835956e+06	-1.88317394e+05	5.85882773e+02	4.34185836e+00	5.85882773e+01	4.34185836e-01	5.61101683e+07	4.04127779e-05
1.73000000e+01	1.45453076e+01	-4.82360167e+06	-1.87742992e+05	3.73455880e+03	1.00000000e-09	3.73455880e+02	1.00000000e-10	3.60330146e+08	3.71539131e-05
1.74000000e+01	1.46293845e+01	-4.80884378e+06	-1.87168589e+05	6.42810772e+01	1.00000000e-09	6.42810772e+00	1.00000000e-10	6.20218108e+06	3.41578414e-05
1.75000000e+01	1.47134614e+01	-4.79408593e+06	-1.86594188e+05	1.00000000e-09	1.00000000e-09	1.00000000e-10	1.00000000e-10	0.00000000e+00	3.14033713e-05
1.76000000e+01	1.47975384e+01	-4.77932866e+06	-1.86019809e+05	1.00000000e-09	1.00000000e-09	1.00000000e-10	1.00000000e-10	0.00000000e+00	2.88710202e-05
1.77000000e+01	1.48816153e+01	-4.76457147e+06	-1.85445434e+05	3.59652916e+03	1.00000000e-09	3.59652916e+02	1.00000000e-10	3.47012311e+08	2.65428765e-05
1.78000000e+01	1.49656922e+01	-4.74981428e+06	-1.84871058e+05	1.35002835e+03	1.74016545e-09	1.35002835e+02	1.74016545e-10	1.30257934e+08	2.44024731e-05
1.79000000e+01	1.50497691e+01	-4.73505710e+06	-1.84296682e+05	1.00000000e-09	8.10037800e+01	1.00000000e-10	8.10037800e+00	-7.81567661e+06	2.24346707e-05
1.80000000e+01	1.51338460e+01	-4.72029126e+06	-1.83721970e+05	1.00000000e-09	5.62144095e+00	1.00000000e-10	5.62144095e-01	-5.42386597e+05	2.06255509e-05
1.81000000e+01	1.52179230e+01	-4.70552514e+06	-1.83147247e+05	3.01625302e+03	1.00000000e-09	3.01625302e+02	1.00000000e-10	2.91024175e+08	1.89623175e-05
1.82000000e+01	1.53019999e+01	-4.69075902e+06	-1.82572524e+05	2.46929894e+03	1.00000000e-09	2.46929894e+02	1.00000000e-10	2.38251128e+08	1.74332063e-05
1.83000000e+01	1.53860768e+01	-4.67599290e+06	-1.81997801e+05	1.00000000e-09	3.81966471e+01	1.00000000e-10	3.81966471e+00	-3.68541618e+06	1.60274019e-05
1.84000000e+01	1.54701537e+01	-4.66122278e+06	-1.81422922e+05	1.00000000e-09	6.53053562e+00	1.00000000e-10	6.53053562e-01	-6.30100898e+05	1.47349607e-05
1.85000000e+01	1.55542307e+01	-4.64645248e+06	-1.80848036e+05	2.06709347e+03	1.00000000e-09	2.06709347e+02	1.00000000e-10	1.99444200e+08	1.35467414e-05
1.86000000e+01	1.56383076e+01	-4.63168218e+06	-1.80273151e+05	3.28457626e+03	1.00000000e-09	3.28457626e+02	1.00000000e-10	3.16913431e+08	1.24543394e-05
1.87000000e+01	1.57223845e+01	-4.61691188e+06	-1.79698265e+05	1.00000000e-09	2.34999763e+01	1.00000000e-10	2.34999763e+00	-2.26740302e+06	1.14500281e-05
1.88000000e+01	1.58064614e+01	-4.60213899e+06	-1.79123278e+05	1.00000000e-09	6.57096464e+00	1.00000000e-10	6.57096464e-01	-6.34001705e+05	1.05267039e-05
1.89000000e+01	1.58905384e+01	-4.58736598e+06	-1.78548286e+05	8.66981904e+02	1.00000000e-09	8.66981904e+01	1.00000000e-10	8.36510370e+07	9.67783615e-06
1.90000000e+01	1.59746153e+01	-4.57259302e+06	-1.77973297e+05	3.69528778e+03	1.00000000e-09	3.69528778e+02	1.00000000e-10	3.56541069e+08	8.89742061e-06
1.91000000e+01	1.60586922e+01	-4.55782006e+06	-1.77398308e+05	1.00000000e-09	1.61195438e+01	1.00000000e-10	1.61195438e+00	-1.55529954e+06	8.17993736e-06
1.92000000e+01	1.61427691e+01	-4.54304527e+06	-1.76823247e+05	1.00000000e-09	6.20180094e+00	1.00000000e-10	6.20180094e-01	-5.98382823e+05	7.52031158e-06
1.93000000e+01	1.62268460e+01	-4.52827036e+06	-1.76248182e+05	1.00000000e-09	1.00000000e-09	1.00000000e-10	1.00000000e-10	0.00000000e+00	6.91387767e-06
1.94000000e+01	1.63109230e+01	-4.51349576e+06	-1.75673129e+05	3.65205867e+03	1.00000000e-09	3.65205867e+02	1.00000000e-10	3.52370093e+08	6.35634627e-06
1.95000000e+01	1.63949999e+01	-4.49872117e+06	-1.75098076e+05	1.07124280e+03	1.16514662e+01	1.07124280e+02	1.16514662e+00	1.02235022e+08	5.84377390e-06
1.96000000e+01	1.64790768e+01	-4.48394525e+06	-1.74522971e+05	1.00000000e-09	5.90347421e+00	1.00000000e-10	5.90347421e-01	-5.69598670e+05	5.37253509e-06
1.97000000e+01	1.65631537e+01	-4.46916909e+06	-1.73947858e+05	1.00000000e-09	1.00000000e-09	1.00000000e-10	1.00000000e-10	0.00000000e+00	4.93929673e-06
1.98000000e+01	1.66472307e+01	-4.45439345e+06	-1.73372764e+05	3.16320919e+03	1.00000000e-09	3.16320919e+02	1.00000000e-10	3.05203289e+08	4.54099448e-06
1.99000000e+01	1.67313076e+01	-4.43961781e+06	-1.72797670e+05	2.23208868e+03	8.48944050e+00	2.23208868e+02	8.48944050e-01	2.14544711e+08	4.17481111e-06
2.00000000e+01	1.68153845e+01	-4.42484121e+06	-1.72222539e+05	1.00000000e-09	5.71963932e+00	1.00000000e-10	5.71963932e-01	-5.51861299e+05	3.83815657e-06
2.01000000e+01	1.68994614e+01	-4.41006416e+06	-1.71647391e+05	1.00000000e-09	1.00000000e-09	1.00000000e-10	1.00000000e-10	0.00000000e+00	3.52864967e-06
2.02000000e+01	1.69835383e+01	-4.39528775e+06	-1.71072267e+05	2.29027397e+03	1.00000000e-09	2.29027397e+02	1.00000000e-10	2.20977845e+08	3.24410125e-06
2.03000000e+01	1.70676153e+01	-4.38051134e+06	-1.70497143e+05	3.11675466e+03	5.81949561e+00	3.11675466e+02	5.81949561e-01	3.00159612e+08	2.98249865e-06
2.04000000e+01	1.71516922e+01	-4.36573427e+06	-1.69921994e+05	1.00000000e-09	5.70832907e+00	1.00000000e-10	5.70832907e-01	-5.50770026e+05	2.74199155e-06
2.05000000e+01	1.72357691e+01	-4.35095654e+06	-1.69346819e+05	1.00000000e-09	1.00000000e-09	1.00000000e-10	1.00000000e-10	0.00000000e+00	2.52087882e-06
2.06000000e+01	1.73198460e+01	-4.33617946e+06	-1.68771669e+05	1.14133945e+03	1.00000000e-09	1.14133945e+02	1.00000000e-10	1.10122516e+08	2.31759650e-06
2.07000000e+01	1.74039230e+01	-4.32140254e+06	-1.68196526e+05	3.61602597e+03	2.88922602e+00	3.61602597e+02	2.88922602e-01	3.48614698e+08	2.13070675e-06
2.08000000e+01	1.74879999e+01	-4.30662529e+06	-1.67621369e+05	1.00000000e-09	5.97436141e+00	1.00000000e-10	5.97436141e-01	-5.76438244e+05	1.95888770e-06
2.09000000e+01	1.75720768e+01	-4.29184736e+06	-1.67046186e+05	1.00000000e-09	1.00000000e-09	1.00000000e-10	1.00000000e-10	0.00000000e+00	1.80092404e-06
2.10000000e+01	1.76561537e+01	-4.27706999e+06	-1.66471025e+05	1.00000000e-09	1.00000000e-09	1.00000000e-10	1.00000000e-10	0.00000000e+00	1.65569849e-06
2.11000000e+01	1.77402306e+01	-4.26229299e+06	-1.65895879e+05	3.67311428e+03	1.00000000e-09	3.67311428e+02	1.00000000e-10	3.54401652e+08	1.52218384e-06
2.12000000e+01	1.78243076e+01	-4.24751600e+06	-1.65320732e+05	7.80786771e+02	1.00000000e-09	7.80786771e+01	1.00000000e-10	7.53344709e+07	1.39943575e-06
2.13000000e+01	1.79083845e+01	-4.23273900e+06	-1.64745586e+05	1.00000000e-09	1.28862804e-01	1.00000000e-10	1.28862804e-02	-1.24333703e+04	1.28658600e-06
2.14000000e+01	1.79924614e+01	-4.21796238e+06	-1.64170454e+05	1.00000000e-09	9.67895531e-01	1.00000000e-10	9.67895531e-02	-9.33877217e+04	1.18283639e-06
2.15000000e+01	1.80765383e+01	-4.20318618e+06	-1.63595339e+05	3.28322750e+03	4.39296024e+00	3.28322750e+02	4.39296024e-01	3.16359439e+08	1.08745310e-06
2.16000000e+01	1.81606153e+01	-4.18840948e+06	-1.63020204e+05	1.97410527e+03	8.36953117e-01	1.97410527e+02	8.36953117e-02	1.90391449e+08	9.99761460e-07
2.17000000e+01	1.82446922e+01	-4.17363269e+06	-1.62445065e+05	1.00000000e-09	1.00000000e-09	1.00000000e-10	1.00000000e-10	0.00000000e+00	9.19141229e-07
2.18000000e+01	1.83287691e+01	-4.15885607e+06	-1.61869934e+05	1.00000000e-09	1.00000000e-09	1.00000000e-10	1.00000000e-10	0.00000000e+00	8.45022171e-07
2.19000000e+01	1.84128460e+01	-4.14408006e+06	-1.61294825e+05	2.49578636e+03	1.12026472e+00	2.49578636e+02	1.12026472e-01	2.40698687e+08	7.76880034e-07
2.20000000e+01	1.84969229e+01	-4.12930392e+06	-1.60719712e+05	2.92255659e+03	8.90528800e-01	2.92255659e+02	8.90528800e-02	2.81897920e+08	7.14232843e-07
2.21000000e+01	1.85809999e+01	-4.11452768e+06	-1.60144595e+05	1.00000000e-09	1.00000000e-09	1.00000000e-10	1.00000000e-10	0.00000000e+00	6.56637488e-07
2.22000000e+01	1.86650768e+01	-4.09975143e+06	-1.59569478e+05	1.00000000e-09	1.00000000e-09	1.00000000e-10	1.00000000e-10	0.00000000e+00	6.03686592e-07
2.23000000e+01	1.87491537e+01	-4.08497577e+06	-1.58994383e+05	1.40821295e+03	1.87109586e-01	1.40821295e+02	1.87109586e-02	1.35853841e+08	5.55005627e-07
2.24000000e+01	1.88332306e+01	-4.07020026e+06	-1.58419295e+05	3.50992811e+03	8.13870027e-01	3.50992811e+02	8.13870027e-02	3.38578053e+08	5.10250270e-07
2.25000000e+01	1.89173076e+01	-4.05542465e+06	-1.57844202e+05	1.00000000e-09	1.14287303e-01	1.00000000e-10	1.14287303e-02	-1.10270483e+04	4.69103960e-07
2.26000000e+01	1.90013845e+01	-4.04064903e+06	-1.57269109e+05	1.00000000e-09	1.00000000e-09	1.00000000e-10	1.00000000e-10	0.00000000e+00	4.31275667e-07
2.27000000e+01	1.90854614e+01	-4.02587389e+06	-1.56694035e+05	1.54251247e+02	1.00000000e-09	1.54251247e+01	1.00000000e-10	1.48829828e+07	3.96497828e-07
2.28000000e+01	1.91695383e+01	-4.01109909e+06	-1.56118974e+05	3.66891571e+03	3.92863784e-01	3.66891571e+02	3.92863784e-02	3.53958645e+08	3.64524455e-07
2.29000000e+01	1.92536153e+01	-3.99632425e+06	-1.55543912e+05	4.83752167e+02	5.53989171e-01	4.83752167e+01	5.53989171e-02	4.66215367e+07	3.35129397e-07
2.30000000e+01	1.93376922e+01	-3.98154935e+06	-1.54968847e+05	1.00000000e-09	2.14155204e-03	1.00000000e-10	2.14155204e-04	-2.06628264e+02	3.08104742e-07
2.31000000e+01	1.94217691e+01	-3.96677476e+06	-1.54393794e+05	1.00000000e-09	1.00000000e-09	1.00000000e-10	1.00000000e-10	0.00000000e+00	2.83259340e-07
2.32000000e+01	1.95058460e+01	-3.95200064e+06	-1.53818759e+05	3.38237287e+03	1.00000000e-09	3.38237287e+02	1.00000000e-10	3.26349370e+08	2.60417458e-07
2.33000000e+01	1.95899229e+01	-3.93722651e+06	-1.53243724e+05	1.70129356e+03	2.66040223e-01	1.70129356e+02	2.66040223e-02	1.64124205e+08	2.39417533e-07
2.34000000e+01	1.96739999e+01	-3.92245236e+06	-1.52668688e+05	1.00000000e-09	7.42986553e-01	1.00000000e-10	7.42986553e-02	-7.16873042e+04	2.20111031e-07
2.35000000e+01	1.97580768e+01	-3.90767822e+06	-1.52093653e+05	1.00000000e-09	7.30343469e-01	1.00000000e-10	7.30343469e-02	-7.04674321e+04	2.02361395e-07
2.36000000e+01	1.98421537e+01	-3.89290451e+06	-1.51518635e+05	2.68734499e+03	5.00027735e-01	2.68734499e+02	5.00027735e-02	2.59241129e+08	1.86043080e-07
2.37000000e+01	1.99262306e+01	-3.87813074e+06	-1.50943614e+05	2.70738912e+03	2.44016011e-01	2.70738912e+02	2.44016011e-02	2.61199795e+08	1.71040665e-07
2.38000000e+01	2.00103076e+01	-3.86335695e+06	-1.50368592e+05	1.00000000e-09	5.43182739e-03	1.00000000e-10	5.43182739e-04	-5.24091573e+02	1.57248037e-07
2.39000000e+01	2.00943845e+01	-3.84858315e+06	-1.49793570e+05	1.00000000e-09	5.02308294e-06	1.00000000e-10	5.02308294e-07	-4.84557340e-01	1.44567640e-07
2.40000000e+01	2.01784614e+01	-3.83380982e+06	-1.49218566e+05	1.66988926e+03	1.09132142e-05	1.66988926e+02	1.09132142e-06	1.61119819e+08	1.32909782e-07
2.41000000e+01	2.02625383e+01	-3.81903667e+06	-1.48643570e+05	3.37964995e+03	1.17767210e-02	3.37964995e+02	1.17767210e-03	3.26085511e+08	1.22192009e-07
2.42000000e+01	2.03466152e+01	-3.80426353e+06	-1.48068573e+05	1.00000000e-09	5.91887646e-03	1.00000000e-10	5.91887646e-04	-5.71084664e+02	1.12338510e-07
2.43000000e+01	2.04306922e+01	-3.78949038e+06	-1.47493576e+05	1.00000000e-09	1.00000000e-09	1.00000000e-10	1.00000000e-10	0.00000000e+00	1.03279593e-07
2.44000000e+01	2.05147691e+01	-3.77471757e+06	-1.46918593e+05	4.55167753e+02	1.00000000e-09	4.55167753e+01	1.00000000e-10	4.39170118e+07	9.49511815e-08
2.45000000e+01	2.05988460e+01	-3.75994511e+06	-1.46343623e+05	3.64042272e+03	3.04597447e-03	3.64042272e+02	3.04597447e-04	3.51247101e+08	8.72943689e-08
2.46000000e+01	2.06829229e+01	-3.74517265e+06	-1.45768653e+05	1.77982308e+02	5.91343154e-03	1.77982308e+01	5.91343154e-04	1.71721116e+07	8.02549976e-08
2.47000000e+01	2.07669999e+01	-3.73040018e+06	-1.45193683e+05	1.00000000e-09	1.00000000e-09	1.00000000e-10	1.00000000e-10	0.00000000e+00	7.37832774e-08
2.48000000e+01	2.08510768e+01	-3.71562788e+06	-1.44618719e+05	1.00000000e-09	1.00000000e-09	1.00000000e-10	1.00000000e-10	0.00000000e+00	6.78334333e-08
2.49000000e+01	2.09351537e+01	-3.70085602e+06	-1.44043772e+05	3.46051418e+03	1.00000000e-09	3.46051418e+02	1.00000000e-10	3.33888860e+08	6.23633815e-08
2.50000000e+01	2.10192306e+01	-3.68608415e+06	-1.43468826e+05	1.41070610e+03	4.73309934e-03	1.41070610e+02	4.73309934e-04	1.36111990e+08	5.73344317e-08
2.51000000e+01	2.11033075e+01	-3.67131229e+06	-1.42893879e+05	1.00000000e-09	1.91077683e-03	1.00000000e-10	1.91077683e-04	-1.84361841e+02	5.27110137e-08
2.52000000e+01	2.11873845e+01	-3.65654042e+06	-1.42318932e+05	1.00000000e-09	1.00000000e-09	1.00000000e-10	1.00000000e-10	0.00000000e+00	4.84604257e-08
2.53000000e+01	2.12714614e+01	-3.64176900e+06	-1.41744003e+05	2.86407714e+03	1.00000000e-09	2.86407714e+02	1.00000000e-10	2.76341434e+08	4.45526029e-08
2.54000000e+01	2.13555383e+01	-3.62699771e+06	-1.41169078e+05	2.46564868e+03	2.52366439e-03	2.46564868e+02	2.52366439e-04	2.37898689e+08	4.09599048e-08
2.55000000e+01	2.14396152e+01	-3.61222642e+06	-1.40594154e+05	1.00000000e-09	2.98437882e-03	1.00000000e-10	2.98437882e-04	-2.87948685e+02	3.76569199e-08
2.56000000e+01	2.15236922e+01	-3.59745512e+06	-1.40019229e+05	1.00000000e-09	1.00000000e-09	1.00000000e-10	1.00000000e-10	0.00000000e+00	3.46202860e-08
2.57000000e+01	2.16077691e+01	-3.58268420e+06	-1.39444319e+05	1.92562334e+03	1.00000000e-09	1.92562334e+02	1.00000000e-10	1.85794408e+08	3.18285246e-08
2.58000000e+01	2.16918460e+01	-3.56791359e+06	-1.38869421e+05	3.21824272e+03	3.87426763e-04	3.21824272e+02	3.87426763e-05	3.10513180e+08	2.92618894e-08
2.59000000e+01	2.17759229e+01	-3.55314298e+06	-1.38294523e+05	1.00000000e-09	2.99313709e-03	1.00000000e-10	2.99313709e-04	-2.88793730e+02	2.69022262e-08
2.60000000e+01	2.18599998e+01	-3.53837237e+06	-1.37719625e+05	1.00000000e-09	3.87399926e-04	1.00000000e-10	3.87399926e-05	-3.73783140e+01	2.47328451e-08
2.61000000e+01	2.19440768e+01	-3.52360199e+06	-1.37144736e+05	7.60414091e+02	1.00000000e-09	7.60414091e+01	1.00000000e-10	7.33688061e+07	2.27384017e-08
2.62000000e+01	2.20281537e+01	-3.50883205e+06	-1.36569865e+05	3.57964257e+03	1.00000000e-09	3.57964257e+02	1.00000000e-10	3.45383003e+08	2.09047891e-08
2.63000000e+01	2.21122306e+01	-3.49406211e+06	-1.35994993e+05	1.00000000e-09	2.02319381e-03	1.00000000e-10	2.02319381e-04	-1.95208430e+02	1.92190381e-08
2.64000000e+01	2.21963075e+01	-3.47929217e+06	-1.35420121e+05	1.00000000e-09	1.58630386e-03	1.00000000e-10	1.58630386e-04	-1.53054959e+02	1.76692251e-08
2.65000000e+01	2.22803845e+01	-3.46452227e+06	-1.34845250e+05	1.00000000e-09	1.00000000e-09	1.00000000e-10	1.00000000e-10	0.00000000e+00	1.62443882e-08
2.66000000e+01	2.23644614e+01	-3.44975287e+06	-1.34270400e+05	3.50879555e+03	1.00000000e-09	3.50879555e+02	1.00000000e-10	3.38547304e+08	1.49344494e-08
2.67000000e+01	2.24485383e+01	-3.43498353e+06	-1.33695551e+05	1.09887895e+03	4.34066194e-04	1.09887895e+02	4.34066194e-05	1.06025658e+08	1.37301434e-08
2.68000000e+01	2.25326152e+01	-3.42021420e+06	-1.33120703e+05	1.00000000e-09	1.85968026e-03	1.00000000e-10	1.85968026e-04	-1.79431771e+02	1.26229520e-08
2.69000000e+01	2.26166921e+01	-3.40544486e+06	-1.32545855e+05	1.00000000e-09	3.22274414e-04	1.00000000e-10	3.22274414e-05	-3.10946574e+01	1.16050438e-08
2.70000000e+01	2.27007691e+01	-3.39067601e+06	-1.31971025e+05	3.01685550e+03	1.00000000e-09	3.01685550e+02	1.00000000e-10	2.91082305e+08	1.06692193e-08
2.71000000e+01	2.27848460e+01	-3.37590744e+06	-1.31396207e+05	2.19566913e+03	1.00000000e-09	2.19566913e+02	1.00000000e-10	2.11849866e+08	9.80885916e-09
2.72000000e+01	2.28689229e+01	-3.36113886e+06	-1.30821388e+05	1.00000000e-09	9.23595232e-04	1.00000000e-10	9.23595232e-05	-8.91132962e+01	9.01787799e-09
2.73000000e+01	2.29529998e+01	-3.34637028e+06	-1.30246569e+05	1.00000000e-09	1.34854646e-03	1.00000000e-10	1.34854646e-04	-1.30114856e+02	8.29068113e-09
2.74000000e+01	2.30370768e+01	-3.33160209e+06	-1.29671765e+05	2.16586552e+03	1.00000000e-09	2.16586552e+02	1.00000000e-10	2.08974254e+08	7.62212503e-09
2.75000000e+01	2.31211537e+01	-3.31683435e+06	-1.29096979e+05	3.02234231e+03	1.00000000e-09	3.02234231e+02	1.00000000e-10	2.91611702e+08	7.00748093e-09
2.76000000e+01	2.32052306e+01	-3.30206660e+06	-1.28522193e+05	1.00000000e-09	1.00000000e-09	1.00000000e-10	1.00000000e-10	0.00000000e+00	6.44240141e-09
2.77000000e+01	2.32893075e+01	-3.28729886e+06	-1.27947406e+05	1.00000000e-09	8.40240447e-04	1.00000000e-10	8.40240447e-05	-8.10707821e+01	5.92288960e-09
2.78000000e+01	2.33733845e+01	-3.27253133e+06	-1.27372628e+05	1.06050145e+03	1.33219174e-03	1.06050145e+02	1.33219174e-04	1.02322706e+08	5.44527095e-09
2.79000000e+01	2.34574614e+01	-3.25776437e+06	-1.26797872e+05	3.48143832e+03	1.00000000e-09	3.48143832e+02	1.00000000e-10	3.35907733e+08	5.00616720e-09
2.80000000e+01	2.35415383e+01	-3.24299740e+06	-1.26223116e+05	1.00000000e-09	1.00000000e-09	1.00000000e-10	1.00000000e-10	0.00000000e+00	4.60247255e-09
2.81000000e+01	2.36256152e+01	-3.22823044e+06	-1.25648360e+05	1.00000000e-09	1.00000000e-09	1.00000000e-10	1.00000000e-10	0.00000000e+00	4.23133162e-09
2.82000000e+01	2.37096921e+01	-3.21346348e+06	-1.25073605e+05	1.00000000e-09	8.26805428e-04	1.00000000e-10	8.26805428e-05	-7.97744999e+01	3.89011930e-09
2.83000000e+01	2.37937691e+01	-3.19869713e+06	-1.24498872e+05	3.52039619e+03	2.25754326e-03	3.52039619e+02	2.25754326e-04	3.39666377e+08	3.57642216e-09
2.84000000e+01	2.38778460e+01	-3.18393088e+06	-1.23924144e+05	7.75243415e+02	4.20599044e-04	7.75243415e+01	4.20599044e-05	7.47995778e+07	3.28802138e-09
2.85000000e+01	2.39619229e+01	-3.16916463e+06	-1.23349416e+05	1.00000000e-09	1.00000000e-09	1.00000000e-10	1.00000000e-10	0.00000000e+00	3.02287709e-09
2.86000000e+01	2.40459998e+01	-3.15439839e+06	-1.22774688e+05	1.00000000e-09	1.00000000e-09	1.00000000e-10	1.00000000e-10	0.00000000e+00	2.77911390e-09
2.87000000e+01	2.41300768e+01	-3.13963270e+06	-1.22199982e+05	3.13747735e+03	1.00000000e-09	3.13747735e+02	1.00000000e-10	3.02720544e+08	2.55500764e-09
2.88000000e+01	2.42141537e+01	-3.12486734e+06	-1.21625288e+05	1.90408917e+03	1.00000000e-09	1.90408917e+02	1.00000000e-10	1.83716676e+08	2.34897319e-09
2.89000000e+01	2.42982306e+01	-3.11010198e+06	-1.21050595e+05	1.00000000e-09	1.00000000e-09	1.00000000e-10	1.00000000e-10	0.00000000e+00	2.15955324e-09
2.90000000e+01	2.43823075e+01	-3.09533662e+06	-1.20475901e+05	1.00000000e-09	1.32746756e-05	1.00000000e-10	1.32746756e-06	-1.28071500e+00	1.98540802e-09
2.91000000e+01	2.44663844e+01	-3.08057169e+06	-1.19901224e+05	2.38160736e+03	2.14462775e-04	2.38160736e+02	2.14462775e-05	2.29790157e+08	1.82530578e-09
2.92000000e+01	2.45504614e+01	-3.06580727e+06	-1.19326567e+05	2.79733084e+03	6.61305991e-04	2.79733084e+02	6.61305991e-05	2.69901332e+08	1.67811410e-09
2.93000000e+01	2.46345383e+01	-3.05104284e+06	-1.18751910e+05	1.00000000e-09	1.00000000e-09	1.00000000e-10	1.00000000e-10	0.00000000e+00	1.54279187e-09
2.94000000e+01	2.47186152e+01	-3.03627841e+06	-1.18177252e+05	1.00000000e-09	1.00000000e-09	1.00000000e-10	1.00000000e-10	0.00000000e+00	1.41838196e-09
2.95000000e+01	2.48026921e+01	-3.02151423e+06	-1.17602605e+05	1.34601513e+03	1.00000000e-09	1.34601513e+02	1.00000000e-10	1.29870717e+08	1.30400439e-09
2.96000000e+01	2.48867691e+01	-3.00675065e+06	-1.17027981e+05	3.34976950e+03	3.57470601e-04	3.34976950e+02	3.57470601e-05	3.23203588e+08	1.19885018e-09
2.97000000e+01	2.49708460e+01	-2.99198707e+06	-1.16453356e+05	1.00000000e-09	1.25764638e-04	1.00000000e-10	1.25764638e-05	-1.21343464e+01	1.10217554e-09
2.98000000e+01	2.50549229e+01	-2.97722350e+06	-1.15878732e+05	1.00000000e-09	1.00000000e-09	1.00000000e-10	1.00000000e-10	0.00000000e+00	1.01329669e-09
2.99000000e+01	2.51389998e+01	-2.96245994e+06	-1.15304109e+05	1.56696365e+02	1.00000000e-09	1.56696365e+01	1.00000000e-10	1.51189008e+07	9.31584987e-10
3.00000000e+01	2.52230767e+01	-2.94769701e+06	-1.14729510e+05	3.49784053e+03	9.75568313e-05	3.49784053e+02	9.75568313e-06	3.37490296e+08	8.56462471e-10
3.01000000e+01	2.53071537e+01	-2.93293419e+06	-1.14154915e+05	4.50149877e+02	1.57920448e-04	4.50149877e+01	1.57920448e-05	4.34328452e+07	7.87397794e-10
3.02000000e+01	2.53912306e+01	-2.91817136e+06	-1.13580320e+05	1.00000000e-09	1.00000000e-09	1.00000000e-10	1.00000000e-10	0.00000000e+00	7.23902457e-10
3.03000000e+01	2.54753075e+01	-2.90340854e+06	-1.13005725e+05	1.00000000e-09	1.00000000e-09	1.00000000e-10	1.00000000e-10	0.00000000e+00	6.65527349e-10
3.04000000e+01	2.55593844e+01	-2.88864628e+06	-1.12431152e+05	3.22680895e+03	1.00000000e-09	3.22680895e+02	1.00000000e-10	3.11339733e+08	6.11859579e-10
3.05000000e+01	2.56434614e+01	-2.87388434e+06	-1.11856592e+05	1.60078220e+03	1.09455466e-05	1.60078220e+02	1.09455466e-06	1.54452001e+08	5.62519549e-10
3.06000000e+01	2.57275383e+01	-2.85912240e+06	-1.11282032e+05	1.00000000e-09	9.69174503e-05	1.00000000e-10	9.69174503e-06	-9.35101590e+00	5.17158273e-10
3.07000000e+01	2.58116152e+01	-2.84436046e+06	-1.10707471e+05	1.00000000e-09	4.92691641e-05	1.00000000e-10	4.92691641e-06	-4.75365518e+00	4.75454906e-10
3.08000000e+01	2.58956921e+01	-2.82959895e+06	-1.10132927e+05	2.57226298e+03	1.00000000e-09	2.57226298e+02	1.00000000e-10	2.48185648e+08	4.37114476e-10
3.09000000e+01	2.59797690e+01	-2.81483792e+06	-1.09558402e+05	2.55226925e+03	1.00000000e-09	2.55226925e+02	1.00000000e-10	2.46256546e+08	4.01865798e-10
3.10000000e+01	2.60638460e+01	-2.80007690e+06	-1.08983878e+05	1.00000000e-09	1.00000000e-09	1.00000000e-10	1.00000000e-10	0.00000000e+00	3.69459555e-10
3.11000000e+01	2.61479229e+01	-2.78531587e+06	-1.08409353e+05	1.00000000e-09	1.11407372e-04	1.00000000e-10	1.11407372e-05	-1.07490808e+01	3.39666533e-10
3.12000000e+01	2.62319998e+01	-2.77055506e+06	-1.07834836e+05	1.61522688e+03	1.97325263e-04	1.61522688e+02	1.97325263e-05	1.55845683e+08	3.12276006e-10
3.13000000e+01	2.63160767e+01	-2.75579484e+06	-1.07260343e+05	3.19262278e+03	1.00000000e-09	3.19262278e+02	1.00000000e-10	3.08041269e+08	2.87094235e-10
3.14000000e+01	2.64001537e+01	-2.74103462e+06	-1.06685849e+05	1.00000000e-09	1.00000000e-09	1.00000000e-10	1.00000000e-10	0.00000000e+00	2.63943109e-10
3.15000000e+01	2.64842306e+01	-2.72627440e+06	-1.06111356e+05	1.00000000e-09	1.00000000e-09	1.00000000e-10	1.00000000e-10	0.00000000e+00	2.42658878e-10
3.16000000e+01	2.65683075e+01	-2.71151418e+06	-1.05536862e+05	4.71668484e+02	1.00000000e-09	4.71668484e+01	1.00000000e-10	4.55090903e+07	2.23090996e-10
3.17000000e+01	2.66523844e+01	-2.69675456e+06	-1.04962392e+05	3.44780255e+03	1.00000000e-09	3.44780255e+02	1.00000000e-10	3.32662374e+08	2.05101057e-10
3.18000000e+01	2.67364614e+01	-2.68199508e+06	-1.04387927e+05	1.25868008e+02	7.58592833e-06	1.25868008e+01	7.58592833e-07	1.21444159e+07	1.88561817e-10
3.19000000e+01	2.68205383e+01	-2.66723560e+06	-1.03813462e+05	1.00000000e-09	4.94495458e-05	1.00000000e-10	4.94495458e-06	-4.77105937e+00	1.73356293e-10
3.20000000e+01	2.69046152e+01	-2.65247611e+06	-1.03238998e+05	1.00000000e-09	1.07538513e-04	1.00000000e-10	1.07538513e-05	-1.03757927e+01	1.59376934e-10
3.21000000e+01	2.69886921e+01	-2.63771715e+06	-1.02664553e+05	3.29041052e+03	2.32855591e-05	3.29041052e+02	2.32855591e-06	3.17476350e+08	1.46524863e-10
3.22000000e+01	2.70727690e+01	-2.62295854e+06	-1.02090122e+05	1.28820996e+03	9.90422968e-08	1.28820996e+02	9.90422968e-09	1.24293366e+08	1.34709176e-10
3.23000000e+01	2.71568460e+01	-2.60819993e+06	-1.01515691e+05	1.00000000e-09	2.48070101e-07	1.00000000e-10	2.48070101e-08	-2.38386407e-02	1.23846300e-10
3.24000000e+01	2.72409229e+01	-2.59344132e+06	-1.00941260e+05	1.00000000e-09	5.63321947e-05	1.00000000e-10	5.63321947e-06	-5.43513403e+00	1.13859401e-10
3.25000000e+01	2.73249998e+01	-2.57868305e+06	-1.00366843e+05	2.74234662e+03	1.32802856e-05	2.74234662e+02	1.32802856e-06	2.64596223e+08	1.04677839e-10
3.26000000e+01	2.74090767e+01	-2.56392531e+06	-9.97924460e+04	2.28945343e+03	1.00000000e-09	2.28945343e+02	1.00000000e-10	2.20898674e+08	9.62366743e-11
3.27000000e+01	2.74931537e+01	-2.54916758e+06	-9.92180491e+04	1.00000000e-09	1.00000000e-09	1.00000000e-10	1.00000000e-10	0.00000000e+00	8.84762003e-11
3.28000000e+01	2.75772306e+01	-2.53440984e+06	-9.86436521e+04	1.00000000e-09	3.14104220e-05	1.00000000e-10	3.14104220e-06	-3.03054852e+00	8.13415267e-11
3.29000000e+01	2.76613075e+01	-2.51965222e+06	-9.80692600e+04	1.87178222e+03	1.10570373e-05	1.87178222e+02	1.10570373e-06	1.80599528e+08	7.47821894e-11
3.30000000e+01	2.77453844e+01	-2.50489522e+06	-9.74948916e+04	3.01182846e+03	1.00000000e-09	3.01182846e+02	1.00000000e-10	2.90597269e+08	6.87517936e-11
3.31000000e+01	2.78294613e+01	-2.49013821e+06	-9.69205231e+04	1.00000000e-09	1.00000000e-09	1.00000000e-10	1.00000000e-10	0.00000000e+00	6.32076857e-11
3.32000000e+01	2.79135383e+01	-2.47538120e+06	-9.63461547e+04	1.00000000e-09	2.05019803e-05	1.00000000e-10	2.05019803e-06	-1.97804389e+00	5.81106517e-11
3.33000000e+01	2.79976152e+01	-2.46062420e+06	-9.57717862e+04	7.82194721e+02	9.73938112e-06	7.82194721e+01	9.73938112e-07	7.54703165e+07	5.34246397e-11
3.34000000e+01	2.80816921e+01	-2.44586779e+06	-9.51974411e+04	3.37125903e+03	1.00000000e-09	3.37125903e+02	1.00000000e-10	3.25277047e+08	4.91165053e-11
3.35000000e+01	2.81657690e+01	-2.43111162e+06	-9.46231053e+04	1.00000000e-09	1.00000000e-09	1.00000000e-10	1.00000000e-10	0.00000000e+00	4.51557765e-11
3.36000000e+01	2.82498460e+01	-2.41635545e+06	-9.40487695e+04	1.00000000e-09	1.44562948e-05	1.00000000e-10	1.44562948e-06	-1.39472392e+00	4.15144388e-11
3.37000000e+01	2.83339229e+01	-2.40159928e+06	-9.34744337e+04	1.00000000e-09	8.81939617e-06	1.00000000e-10	8.81939617e-07	-8.50845883e-01	3.81667366e-11
3.38000000e+01	2.84179998e+01	-2.38684361e+06	-9.29001172e+04	3.32823625e+03	1.00000000e-09	3.32823625e+02	1.00000000e-10	3.21125980e+08	3.50889914e-11
3.39000000e+01	2.85020767e+01	-2.37208840e+06	-9.23258186e+04	9.63887439e+02	1.00000000e-09	9.63887439e+01	1.00000000e-10	9.30009997e+07	3.22594338e-11
3.40000000e+01	2.85861536e+01	-2.35733319e+06	-9.17515200e+04	1.00000000e-09	1.06289139e-05	1.00000000e-10	1.06289139e-06	-1.02543780e+00	2.96580503e-11
3.41000000e+01	2.86702306e+01	-2.34257798e+06	-9.11772214e+04	1.00000000e-09	8.11452842e-06	1.00000000e-10	8.11452842e-07	-7.82836484e-01	2.72664410e-11
3.42000000e+01	2.87543075e+01	-2.32782307e+06	-9.06029348e+04	2.89093196e+03	1.00000000e-09	2.89093196e+02	1.00000000e-10	2.78932530e+08	2.50676897e-11
3.43000000e+01	2.88383844e+01	-2.31306879e+06	-9.00286723e+04	2.00574492e+03	1.00000000e-09	2.00574492e+02	1.00000000e-10	1.93524964e+08	2.30462446e-11
3.44000000e+01	2.89224613e+01	-2.29831450e+06	-8.94544099e+04	1.00000000e-09	7.99069341e-06	1.00000000e-10	7.99069341e-07	-7.70888222e-01	2.11878078e-11
3.45000000e+01	2.90065383e+01	-2.28356022e+06	-8.88801474e+04	1.00000000e-09	7.54116879e-06	1.00000000e-10	7.54116879e-07	-7.27515690e-01	1.94792342e-11
3.46000000e+01	2.90906152e+01	-2.26880600e+06	-8.83058873e+04	2.11414813e+03	1.00000000e-09	2.11414813e+02	1.00000000e-10	2.03984284e+08	1.79084392e-11
3.47000000e+01	2.91746921e+01	-2.25405247e+06	-8.77316543e+04	2.80330901e+03	1.00000000e-09	2.80330901e+02	1.00000000e-10	2.70478201e+08	1.64643122e-11
3.48000000e+01	2.92587690e+01	-2.23929901e+06	-8.71574239e+04	1.00000000e-09	6.06074899e-06	1.00000000e-10	6.06074899e-07	-5.84676894e-01	1.51366389e-11
3.49000000e+01	2.93428459e+01	-2.22454555e+06	-8.65831936e+04	1.00000000e-09	7.05518326e-06	1.00000000e-10	7.05518326e-07	-6.80625214e-01	1.39160284e-11
3.50000000e+01	2.94269229e+01	-2.20979209e+06	-8.60089632e+04	1.08976423e+03	1.00000000e-09	1.08976423e+02	1.00000000e-10	1.05146264e+08	1.27938473e-11
3.51000000e+01	2.95109998e+01	-2.19503930e+06	-8.54347588e+04	3.26384242e+03	1.00000000e-09	3.26384242e+02	1.00000000e-10	3.14912920e+08	1.17621583e-11
3.52000000e+01	2.95950767e+01	-2.18028684e+06	-8.48605673e+04	1.00000000e-09	4.58511706e-06	1.00000000e-10	4.58511706e-07	-4.42300057e-01	1.08136641e-11
3.53000000e+01	2.96791536e+01	-2.16553438e+06	-8.42863758e+04	1.00000000e-09	6.63071274e-06	1.00000000e-10	6.63071274e-07	-6.39670036e-01	9.94165601e-12
3.54000000e+01	2.97632306e+01	-2.15078192e+06	-8.37121843e+04	1.00000000e-09	1.00000000e-09	1.00000000e-10	1.00000000e-10	0.00000000e+00	9.13996618e-12
3.55000000e+01	2.98473075e+01	-2.13603000e+06	-8.31380138e+04	3.33565492e+03	1.00000000e-09	3.33565492e+02	1.00000000e-10	3.21841773e+08	8.40292419e-12
3.56000000e+01	2.99313844e+01	-2.12127864e+06	-8.25638651e+04	6.26941248e+02	3.41681699e-06	6.26941248e+01	3.41681699e-07	6.04906342e+07	7.72531687e-12
3.57000000e+01	3.00154613e+01	-2.10652728e+06	-8.19897164e+04	1.00000000e-09	6.25122106e-06	1.00000000e-10	6.25122106e-07	-6.03054655e-01	7.10235144e-12
3.58000000e+01	3.00995383e+01	-2.09177591e+06	-8.14155677e+04	1.00000000e-09	1.00000000e-09	1.00000000e-10	1.00000000e-10	0.00000000e+00	6.52962161e-12
3.59000000e+01	3.01836152e+01	-2.07702488e+06	-8.08414317e+04	3.01315866e+03	1.00000000e-09	3.01315866e+02	1.00000000e-10	2.90725614e+08	6.00307641e-12
3.60000000e+01	3.02676921e+01	-2.06227457e+06	-8.02673237e+04	1.70001652e+03	2.46527022e-06	1.70001652e+02	2.46527022e-07	1.64026659e+08	5.51899153e-12
3.61000000e+01	3.03517690e+01	-2.04752425e+06	-7.96932158e+04	1.00000000e-09	5.90537644e-06	1.00000000e-10	5.90537644e-07	-5.69685722e-01	5.07394300e-12
3.62000000e+01	3.04358459e+01	-2.03277394e+06	-7.91191078e+04	1.00000000e-09	1.00000000e-09	1.00000000e-10	1.00000000e-10	0.00000000e+00	4.66478295e-12
3.63000000e+01	3.05199229e+01	-2.01802368e+06	-7.85450022e+04	2.33732570e+03	1.00000000e-09	2.33732570e+02	1.00000000e-10	2.25517647e+08	4.28861734e-12
3.64000000e+01	3.06039998e+01	-2.00327421e+06	-7.79709271e+04	2.56553015e+03	1.67169909e-06	2.56553015e+02	1.67169909e-07	2.47536028e+08	3.94278553e-12
3.65000000e+01	3.06880767e+01	-1.98852482e+06	-7.73968550e+04	1.00000000e-09	5.58504502e-06	1.00000000e-10	5.58504502e-07	-5.38778439e-01	3.62484141e-12
3.66000000e+01	3.07721536e+01	-1.97377543e+06	-7.68227828e+04	1.00000000e-09	1.00000000e-09	1.00000000e-10	1.00000000e-10	0.00000000e+00	3.33253613e-12
3.67000000e+01	3.08562306e+01	-1.95902603e+06	-7.62487107e+04	1.38761591e+03	1.00000000e-09	1.38761591e+02	1.00000000e-10	1.33884582e+08	3.06380220e-12
3.68000000e+01	3.09403075e+01	-1.94427738e+06	-7.56746674e+04	3.12276989e+03	9.96379835e-07	3.12276989e+02	9.96379835e-08	3.01301490e+08	2.81673882e-12
3.69000000e+01	3.10243844e+01	-1.92952909e+06	-7.51006381e+04	1.00000000e-09	5.28425621e-06	1.00000000e-10	5.28425621e-07	-5.09756730e-01	2.58959851e-12
3.70000000e+01	3.11084613e+01	-1.91478079e+06	-7.45266088e+04	1.00000000e-09	1.00000000e-09	1.00000000e-10	1.00000000e-10	0.00000000e+00	2.38077467e-12
3.71000000e+01	3.11925382e+01	-1.90003250e+06	-7.39525796e+04	2.80731395e+02	1.00000000e-09	2.80731395e+01	1.00000000e-10	2.70864618e+07	2.18879027e-12
3.72000000e+01	3.12766152e+01	-1.88528480e+06	-7.33785734e+04	3.30860191e+03	4.11468899e-07	3.30860191e+02	4.11468899e-08	3.19231554e+08	2.01228739e-12
3.73000000e+01	3.13606921e+01	-1.87053770e+06	-7.28045905e+04	2.84164722e+02	4.99825420e-06	2.84164722e+01	4.99825420e-07	2.74177271e+07	1.85001761e-12
3.74000000e+01	3.14447690e+01	-1.85579060e+06	-7.22306077e+04	1.00000000e-09	1.00000000e-09	1.00000000e-10	1.00000000e-10	0.00000000e+00	1.70083318e-12
3.75000000e+01	3.15288459e+01	-1.84104350e+06	-7.16566249e+04	1.00000000e-09	1.00000000e-09	1.00000000e-10	1.00000000e-10	0.00000000e+00	1.56367890e-12
3.76000000e+01	3.16129229e+01	-1.82629676e+06	-7.10826560e+04	3.10383637e+03	1.00000000e-09	3.10383637e+02	1.00000000e-10	2.99474683e+08	1.43758467e-12
3.77000000e+01	3.16969998e+01	-1.81155079e+06	-7.05087169e+04	1.37816689e+03	4.71733663e-06	1.37816689e+02	4.71733663e-07	1.32972889e+08	1.32165861e-12
3.78000000e+01	3.17810767e+01	-1.79680481e+06	-6.99347778e+04	1.00000000e-09	3.24910282e-07	1.00000000e-10	3.24910282e-08	-3.12525911e-02	1.21508076e-12
3.79000000e+01	3.18651536e+01	-1.78205884e+06	-6.93608387e+04	1.00000000e-09	1.00000000e-09	1.00000000e-10	1.00000000e-10	0.00000000e+00	1.11709730e-12
3.80000000e+01	3.19492305e+01	-1.76731293e+06	-6.87869023e+04	2.53531092e+03	1.00000000e-09	2.53531092e+02	1.00000000e-10	2.44620316e+08	1.02701517e-12
3.81000000e+01	3.20333075e+01	-1.75256785e+06	-6.82129980e+04	2.30319018e+03	4.40350343e-06	2.30319018e+02	4.40350343e-07	2.22224069e+08	9.44197214e-13
3.82000000e+01	3.21173844e+01	-1.73782285e+06	-6.76390969e+04	1.00000000e-09	7.38290239e-07	1.00000000e-10	7.38290239e-08	-7.11376936e-02	8.68057654e-13
3.83000000e+01	3.22014613e+01	-1.72307785e+06	-6.70651957e+04	1.00000000e-09	1.00000000e-09	1.00000000e-10	1.00000000e-10	0.00000000e+00	7.98057949e-13
3.84000000e+01	3.22855382e+01	-1.70833285e+06	-6.64912946e+04	1.66941960e+03	1.00000000e-09	1.66941960e+02	1.00000000e-10	1.61074504e+08	7.33702982e-13
3.85000000e+01	3.23696152e+01	-1.69358862e+06	-6.59174235e+04	2.95156214e+03	4.06161099e-06	2.95156214e+02	4.06161099e-07	2.84782453e+08	6.74537565e-13
3.86000000e+01	3.24536921e+01	-1.67884477e+06	-6.53435672e+04	1.00000000e-09	1.09493962e-06	1.00000000e-10	1.09493962e-07	-1.05549127e-01	6.20143216e-13
3.87000000e+01	3.25377690e+01	-1.66410092e+06	-6.47697108e+04	1.00000000e-09	1.00000000e-09	1.00000000e-10	1.00000000e-10	0.00000000e+00	5.70135198e-13
3.88000000e+01	3.26218459e+01	-1.64935707e+06	-6.41958545e+04	6.12784480e+02	1.00000000e-09	6.12784480e+01	1.00000000e-10	5.91247141e+07	5.24159800e-13
3.89000000e+01	3.27059228e+01	-1.63461383e+06	-6.36220219e+04	3.24936286e+03	3.70364997e-06	3.24936286e+02	3.70364997e-07	3.13515855e+08	4.81891834e-13
3.90000000e+01	3.27899998e+01	-1.61987122e+06	-6.30482138e+04	1.00000000e-09	1.39683507e-06	1.00000000e-10	1.39683507e-07	-1.34677610e-01	4.43032333e-13
3.91000000e+01	3.28740767e+01	-1.60512861e+06	-6.24744057e+04	1.00000000e-09	1.00000000e-09	1.00000000e-10	1.00000000e-10	0.00000000e+00	4.07306443e-13
3.92000000e+01	3.29581536e+01	-1.59038600e+06	-6.19005977e+04	1.00000000e-09	1.00000000e-09	1.00000000e-10	1.00000000e-10	0.00000000e+00	3.74461468e-13
3.93000000e+01	3.30422305e+01	-1.57564375e+06	-6.13268035e+04	3.16402286e+03	3.33935913e-06	3.16402286e+02	3.33935913e-07	3.05281796e+08	3.44265096e-13
3.94000000e+01	3.31263075e+01	-1.56090230e+06	-6.07530404e+04	1.04556503e+03	1.64736738e-06	1.04556503e+02	1.64736738e-07	1.00881689e+08	3.16503742e-13
3.95000000e+01	3.32103844e+01	-1.54616085e+06	-6.01792774e+04	1.00000000e-09	1.00000000e-09	1.00000000e-10	1.00000000e-10	0.00000000e+00	2.90981049e-13
3.96000000e+01	3.32944613e+01	-1.53141939e+06	-5.96055143e+04	1.00000000e-09	1.00000000e-09	1.00000000e-10	1.00000000e-10	0.00000000e+00	2.67516493e-13
3.97000000e+01	3.33785382e+01	-1.51667799e+06	-5.90317532e+04	2.70805240e+03	2.97586325e-06	2.70805240e+02	2.97586325e-07	2.61287335e+08	2.45944106e-13
3.98000000e+01	3.34626152e+01	-1.50193744e+06	-5.84580254e+04	2.02087775e+03	1.85068185e-06	2.02087775e+02	1.85068185e-07	1.94985061e+08	2.26111304e-13
3.99000000e+01	3.35466921e+01	-1.48719701e+06	-5.78843021e+04	1.00000000e-09	1.00000000e-09	1.00000000e-10	1.00000000e-10	0.00000000e+00	2.07877809e-13
4.00000000e+01	3.36307690e+01	-1.47245658e+06	-5.73105787e+04	1.00000000e-09	1.00000000e-09	1.00000000e-10	1.00000000e-10	0.00000000e+00	1.91114654e-13
4.01000000e+01	3.37148459e+01	-1.45771614e+06	-5.67368553e+04	1.93411033e+03	2.61854237e-06	1.93411033e+02	2.61854237e-07	1.86613278e+08	1.75703270e-13
4.02000000e+01	3.37989228e+01	-1.44297651e+06	-5.61631630e+04	2.75381260e+03	2.01128162e-06	2.75381260e+02	2.01128162e-07	2.65702523e+08	1.61534652e-13
4.03000000e+01	3.38829998e+01	-1.42823730e+06	-5.55894873e+04	1.00000000e-09	1.00000000e-09	1.00000000e-10	1.00000000e-10	0.00000000e+00	1.48508584e-13
4.04000000e+01	3.39670767e+01	-1.41349809e+06	-5.50158116e+04	1.00000000e-09	1.00000000e-09	1.00000000e-10	1.00000000e-10	0.00000000e+00	1.36532931e-13
4.05000000e+01	3.40511536e+01	-1.39875889e+06	-5.44421359e+04	9.37857576e+02	2.27121735e-06	9.37857576e+01	2.27121735e-07	9.04894995e+07	1.25522989e-13
4.06000000e+01	3.41352305e+01	-1.38402030e+06	-5.38684845e+04	3.16035136e+03	2.13362689e-06	3.16035136e+02	2.13362689e-07	3.04927551e+08	1.15400882e-13
4.07000000e+01	3.42193075e+01	-1.36928241e+06	-5.32948600e+04	1.00000000e-09	1.00000000e-09	1.00000000e-10	1.00000000e-10	0.00000000e+00	1.06095016e-13
4.08000000e+01	3.43033844e+01	-1.35454451e+06	-5.27212354e+04	1.00000000e-09	1.00000000e-09	1.00000000e-10	1.00000000e-10	0.00000000e+00	9.75395708e-14
4.09000000e+01	3.43874613e+01	-1.33980662e+06	-5.21476109e+04	1.00000000e-09	1.93644190e-06	1.00000000e-10	1.93644190e-07	-1.86741754e-01	8.96740319e-14
4.10000000e+01	3.44715382e+01	-1.32506908e+06	-5.15740002e+04	3.19494838e+03	2.22192334e-06	3.19494838e+02	2.22192334e-07	3.08265655e+08	8.24427658e-14
4.11000000e+01	3.45556151e+01	-1.31033241e+06	-5.10004232e+04	7.03323259e+02	1.00000000e-09	7.03323259e+01	1.00000000e-10	6.78603782e+07	7.57946252e-14
4.12000000e+01	3.46396921e+01	-1.29559574e+06	-5.04268463e+04	1.00000000e-09	1.00000000e-09	1.00000000e-10	1.00000000e-10	0.00000000e+00	6.96825871e-14
4.13000000e+01	3.47237690e+01	-1.28085907e+06	-4.98532693e+04	1.00000000e-09	1.61583147e-06	1.00000000e-10	1.61583147e-07	-1.55807551e-01	6.40634205e-14
4.14000000e+01	3.48078459e+01	-1.26612242e+06	-4.92796935e+04	2.85573126e+03	2.28005558e-06	2.85573126e+02	2.28005558e-07	2.75536179e+08	5.88973804e-14
4.15000000e+01	3.48919228e+01	-1.25138671e+06	-4.87061538e+04	1.71918032e+03	1.00000000e-09	1.71918032e+02	1.00000000e-10	1.65875684e+08	5.41479271e-14
4.16000000e+01	3.49759998e+01	-1.23665113e+06	-4.81326193e+04	1.00000000e-09	1.00000000e-09	1.00000000e-10	1.00000000e-10	0.00000000e+00	4.97814672e-14
4.17000000e+01	3.50600767e+01	-1.22191555e+06	-4.75590849e+04	1.00000000e-09	1.31033203e-06	1.00000000e-10	1.31033203e-07	-1.26331335e-01	4.57671163e-14
4.18000000e+01	3.51441536e+01	-1.20717997e+06	-4.69855505e+04	2.18109569e+03	2.31141987e-06	2.18109569e+02	2.31141987e-07	2.10443742e+08	4.20764804e-14
4.19000000e+01	3.52282305e+01	-1.19244526e+06	-4.64120496e+04	2.52920613e+03	1.00000000e-09	2.52920613e+02	1.00000000e-10	2.44031294e+08	3.86834555e-14
4.20000000e+01	3.53123074e+01	-1.17771101e+06	-4.58385669e+04	1.00000000e-09	1.00000000e-09	1.00000000e-10	1.00000000e-10	0.00000000e+00	3.55640423e-14
4.21000000e+01	3.53963844e+01	-1.16297676e+06	-4.52650843e+04	1.00000000e-09	1.02033308e-06	1.00000000e-10	1.02033308e-07	-9.83506904e-02	3.26961769e-14
4.22000000e+01	3.54804613e+01	-1.14824251e+06	-4.46916016e+04	1.25493916e+03	2.32001503e-06	1.25493916e+02	2.32001503e-07	1.21083222e+08	3.00595747e-14
4.23000000e+01	3.55645382e+01	-1.13350894e+06	-4.41181453e+04	3.04019426e+03	1.00000000e-09	3.04019426e+02	1.00000000e-10	2.93334153e+08	2.76355866e-14
4.24000000e+01	3.56486151e+01	-1.11877611e+06	-4.35447180e+04	1.00000000e-09	1.00000000e-09	1.00000000e-10	1.00000000e-10	0.00000000e+00	2.54070677e-14
4.25000000e+01	3.57326921e+01	-1.10404329e+06	-4.29712907e+04	1.00000000e-09	7.45763791e-07	1.00000000e-10	7.45763791e-08	-7.18587817e-02	2.33582553e-14
4.26000000e+01	3.58167690e+01	-1.08931046e+06	-4.23978633e+04	1.86476669e+02	2.30858190e-06	1.86476669e+01	2.30858190e-07	1.79922632e+07	2.14746581e-14
4.27000000e+01	3.59008459e+01	-1.07457803e+06	-4.18244514e+04	3.19411474e+03	1.00000000e-09	3.19411474e+02	1.00000000e-10	3.08185221e+08	1.97429531e-14
4.28000000e+01	3.59849228e+01	-1.05984652e+06	-4.12510755e+04	3.52776512e+02	1.00000000e-09	3.52776512e+01	1.00000000e-10	3.40377589e+07	1.81508919e-14
4.29000000e+01	3.60689997e+01	-1.04511502e+06	-4.06776996e+04	1.00000000e-09	4.86327329e-07	1.00000000e-10	4.86327329e-08	-4.68269686e-02	1.66872137e-14
4.30000000e+01	3.61530767e+01	-1.03038351e+06	-4.01043238e+04	1.00000000e-09	2.27945928e-06	1.00000000e-10	2.27945928e-07	-2.19837900e-01	1.53415657e-14
4.31000000e+01	3.62371536e+01	-1.01565206e+06	-3.95309500e+04	2.97475954e+03	1.00000000e-09	2.97475954e+02	1.00000000e-10	2.87020663e+08	1.41044300e-14
4.32000000e+01	3.63212305e+01	-1.00092160e+06	-3.89576147e+04	1.39903680e+03	1.00000000e-09	1.39903680e+02	1.00000000e-10	1.34986530e+08	1.29670563e-14
4.33000000e+01	3.64053074e+01	-9.86191254e+05	-3.83842840e+04	1.00000000e-09	2.41599391e-07	1.00000000e-10	2.41599391e-08	-2.32143122e-02	1.19213998e-14
4.34000000e+01	3.64893844e+01	-9.71460910e+05	-3.78109533e+04	1.00000000e-09	2.23465124e-06	1.00000000e-10	2.23465124e-07	-2.15514582e-01	1.09600645e-14
4.35000000e+01	3.65734613e+01	-9.56730566e+05	-3.72376227e+04	2.40587962e+03	1.00000000e-09	2.40587962e+02	1.00000000e-10	2.32132094e+08	1.00762507e-14
4.36000000e+01	3.66575382e+01	-9.42001142e+05	-3.66643278e+04	2.27785057e+03	1.00000000e-09	2.27785057e+02	1.00000000e-10	2.19779168e+08	9.26370726e-15
4.37000000e+01	3.67416151e+01	-9.27272183e+05	-3.60910510e+04	1.00000000e-09	1.10817888e-08	1.00000000e-10	1.10817888e-09	-9.72744742e-04	8.51668685e-15
4.38000000e+01	3.68256921e+01	-9.12543223e+05	-3.55177742e+04	1.00000000e-09	2.17588013e-06	1.00000000e-10	2.17588013e-07	-2.09844032e-01	7.82990577e-15
4.39000000e+01	3.69097690e+01	-8.97814264e+05	-3.49444974e+04	1.55882869e+03	9.71614912e-08	1.55882869e+02	9.71614912e-09	1.50404104e+08	7.19850635e-15
4.40000000e+01	3.69938459e+01	-8.83086030e+05	-3.43712488e+04	2.88791342e+03	1.00000000e-09	2.88791342e+02	1.00000000e-10	2.78641285e+08	6.61802264e-15
4.41000000e+01	3.70779228e+01	-8.68358551e+05	-3.37980297e+04	1.00000000e-09	1.00000000e-09	1.00000000e-10	1.00000000e-10	0.00000000e+00	6.08434883e-15
4.42000000e+01	3.71619997e+01	-8.53631072e+05	-3.32248105e+04	1.00000000e-09	2.09638479e-06	1.00000000e-10	2.09638479e-07	-2.02173897e-01	5.59371018e-15
4.43000000e+01	3.72460767e+01	-8.38903593e+05	-3.26515913e+04	5.33248591e+02	3.03320759e-07	5.33248591e+01	3.03320759e-08	5.14506674e+07	5.14263638e-15
4.44000000e+01	3.73301536e+01	-8.24176545e+05	-3.20783889e+04	3.15936048e+03	1.00000000e-09	3.15936048e+02	1.00000000e-10	3.04831946e+08	4.72793693e-15
4.45000000e+01	3.74142305e+01	-8.09450443e+05	-3.15052233e+04	1.00000000e-09	1.00000000e-09	1.00000000e-10	1.00000000e-10	0.00000000e+00	4.34667862e-15
4.46000000e+01	3.74983074e+01	-7.94724341e+05	-3.09320577e+04	1.00000000e-09	1.99572967e-06	1.00000000e-10	1.99572967e-07	-1.92462155e-01	3.99616478e-15
4.47000000e+01	3.75823844e+01	-7.79998239e+05	-3.03588922e+04	1.00000000e-09	4.92295776e-07	1.00000000e-10	4.92295776e-08	-4.74028361e-02	3.67391618e-15
4.48000000e+01	3.76664613e+01	-7.65272210e+05	-2.97857294e+04	3.06188761e+03	1.00000000e-09	3.06188761e+02	1.00000000e-10	2.95427243e+08	3.37765354e-15
4.49000000e+01	3.77505382e+01	-7.50547191e+05	-2.92126060e+04	1.06584433e+03	1.00000000e-09	1.06584433e+02	1.00000000e-10	1.02838344e+08	3.10528136e-15
4.50000000e+01	3.78346151e+01	-7.35822284e+05	-2.86394870e+04	1.00000000e-09	1.87755130e-06	1.00000000e-10	1.87755130e-07	-1.81059676e-01	2.85487313e-15
4.51000000e+01	3.79186920e+01	-7.21097378e+05	-2.80663679e+04	1.00000000e-09	6.63137995e-07	1.00000000e-10	6.63137995e-08	-6.38866043e-02	2.62465769e-15
4.52000000e+01	3.80027690e+01	-7.06372471e+05	-2.74932488e+04	2.60449965e+03	1.00000000e-09	2.60449965e+02	1.00000000e-10	2.51296014e+08	2.41300669e-15
4.53000000e+01	3.80868459e+01	-6.91648500e+05	-2.69201662e+04	2.00461416e+03	1.00000000e-09	2.00461416e+02	1.00000000e-10	1.93415863e+08	2.21842312e-15
4.54000000e+01	3.81709228e+01	-6.76925004e+05	-2.63471020e+04	1.00000000e-09	1.74539457e-06	1.00000000e-10	1.74539457e-07	-1.68308490e-01	2.03953067e-15
4.55000000e+01	3.82549997e+01	-6.62201508e+05	-2.57740379e+04	1.00000000e-09	8.15141197e-07	1.00000000e-10	8.15141197e-08	-7.85526838e-02	1.87506400e-15
4.56000000e+01	3.83390767e+01	-6.47478011e+05	-2.52009737e+04	1.84515405e+03	1.00000000e-09	1.84515405e+02	1.00000000e-10	1.78030301e+08	1.72385984e-15
4.57000000e+01	3.84231536e+01	-6.32755247e+05	-2.46279380e+04	2.70771793e+03	1.00000000e-09	2.70771793e+02	1.00000000e-10	2.61255064e+08	1.58484870e-15
4.58000000e+01	3.85072305e+01	-6.18033255e+05	-2.40549325e+04	1.00000000e-09	1.60252198e-06	1.00000000e-10	1.60252198e-07	-1.54523380e-01	1.45704735e-15
4.59000000e+01	3.85913074e+01	-6.03311264e+05	-2.34819269e+04	1.00000000e-09	9.48147923e-07	1.00000000e-10	9.48147923e-08	-9.13858819e-02	1.33955183e-15
4.60000000e+01	3.86753843e+01	-5.88589273e+05	-2.29089213e+04	8.72756055e+02	1.00000000e-09	8.72756055e+01	1.00000000e-10	8.42081578e+07	1.23153109e-15
4.61000000e+01	3.87594613e+01	-5.73867705e+05	-2.23359322e+04	3.09413808e+03	1.00000000e-09	3.09413808e+02	1.00000000e-10	2.98538940e+08	1.13222108e-15
4.62000000e+01	3.88435382e+01	-5.59147107e+05	-2.17629808e+04	1.00000000e-09	1.45186279e-06	1.00000000e-10	1.45186279e-07	-1.39986978e-01	1.04091937e-15
4.63000000e+01	3.89276151e+01	-5.44426509e+05	-2.11900295e+04	1.00000000e-09	1.06238828e-06	1.00000000e-10	1.06238828e-07	-1.02408401e-01	9.56980191e-16
4.64000000e+01	3.90116920e+01	-5.29705911e+05	-2.06170781e+04	1.00000000e-09	1.00000000e-09	1.00000000e-10	1.00000000e-10	0.00000000e+00	8.79809819e-16
4.65000000e+01	3.90957690e+01	-5.14985363e+05	-2.00441287e+04	3.11973295e+03	1.00000000e-09	3.11973295e+02	1.00000000e-10	3.01008470e+08	8.08862425e-16
4.66000000e+01	3.91798459e+01	-5.00265851e+05	-1.94712196e+04	7.23964541e+02	1.29601925e-06	7.23964541e+01	1.29601925e-07	6.98519591e+07	7.43636191e-16
4.67000000e+01	3.92639228e+01	-4.85546483e+05	-1.88983162e+04	1.00000000e-09	1.15840950e-06	1.00000000e-10	1.15840950e-07	-1.11673040e-01	6.83669765e-16
4.68000000e+01	3.93479997e+01	-4.70827116e+05	-1.83254127e+04	1.00000000e-09	1.00000000e-09	1.00000000e-10	1.00000000e-10	0.00000000e+00	6.28539001e-16
4.69000000e+01	3.94320766e+01	-4.56107748e+05	-1.77525092e+04	2.77852240e+03	1.00000000e-09	2.77852240e+02	1.00000000e-10	2.68086657e+08	5.77853951e-16
4.70000000e+01	3.95161536e+01	-4.41389340e+05	-1.71796431e+04	1.71360737e+03	1.13729106e-06	1.71360737e+02	1.13729106e-07	1.65337976e+08	5.31256117e-16
4.71000000e+01	3.96002305e+01	-4.26671454e+05	-1.66067973e+04	1.00000000e-09	1.23701825e-06	1.00000000e-10	1.23701825e-07	-1.19257631e-01	4.88415907e-16
4.72000000e+01	3.96843074e+01	-4.11953567e+05	-1.60339515e+04	1.00000000e-09	1.00000000e-09	1.00000000e-10	1.00000000e-10	0.00000000e+00	4.49030309e-16
4.73000000e+01	3.97683843e+01	-3.97235681e+05	-1.54611057e+04	2.11450719e+03	1.00000000e-09	2.11450719e+02	1.00000000e-10	2.04018928e+08	4.12820745e-16
4.74000000e+01	3.98524613e+01	-3.82518542e+05	-1.48882890e+04	2.50307826e+03	9.77254579e-07	2.50307826e+02	9.77254579e-08	2.41510337e+08	3.79531100e-16
4.75000000e+01	3.99365382e+01	-3.67802240e+05	-1.43155048e+04	1.00000000e-09	1.29912218e-06	1.00000000e-10	1.29912218e-07	-1.25249750e-01	3.48925915e-16
4.76000000e+01	4.00206151e+01	-3.53085939e+05	-1.37427207e+04	1.00000000e-09	1.00000000e-09	1.00000000e-10	1.00000000e-10	0.00000000e+00	3.20788716e-16
4.77000000e+01	4.01046920e+01	-3.38369637e+05	-1.31699366e+04	1.20509937e+03	1.00000000e-09	1.20509937e+02	1.00000000e-10	1.16274413e+08	2.94920485e-16
4.78000000e+01	4.01887690e+01	-3.23653761e+05	-1.25971690e+04	3.00107873e+03	8.18119337e-07	3.00107873e+02	8.18119337e-08	2.89560078e+08	2.71138254e-16
4.79000000e+01	4.02728459e+01	-3.08938933e+05	-1.20244422e+04	1.00000000e-09	1.34574400e-06	1.00000000e-10	1.34574400e-07	-1.29748071e-01	2.49273810e-16
4.80000000e+01	4.03569228e+01	-2.94224106e+05	-1.14517155e+04	1.00000000e-09	1.00000000e-09	1.00000000e-10	1.00000000e-10	0.00000000e+00	2.29172503e-16
4.81000000e+01	4.04409997e+01	-2.79509278e+05	-1.08789887e+04	1.55962906e+02	1.00000000e-09	1.55962906e+01	1.00000000e-10	1.50481328e+07	2.10692155e-16
4.82000000e+01	4.05250766e+01	-2.64794485e+05	-1.03062633e+04	3.15011143e+03	6.61003364e-07	3.15011143e+02	6.61003364e-08	3.03939548e+08	1.93702052e-16
4.83000000e+01	4.06091536e+01	-2.50080815e+05	-9.73358159e+03	3.72478559e+02	1.37789435e-06	3.72478559e+01	1.37789435e-07	3.59387174e+07	1.78082022e-16
4.84000000e+01	4.06932305e+01	-2.35367310e+05	-9.16090629e+03	1.00000000e-09	1.00000000e-09	1.00000000e-10	1.00000000e-10	0.00000000e+00	1.63721583e-16
4.85000000e+01	4.07773074e+01	-2.20653805e+05	-8.58823100e+03	1.00000000e-09	1.00000000e-09	1.00000000e-10	1.00000000e-10	0.00000000e+00	1.50519162e-16
4.86000000e+01	4.08613843e+01	-2.05940299e+05	-8.01555571e+03	2.92905506e+03	5.06793688e-07	2.92905506e+02	5.06793688e-08	2.82610851e+08	1.38381377e-16
4.87000000e+01	4.09454613e+01	-1.91227845e+05	-7.44292134e+03	1.40310049e+03	1.39659383e-06	1.40310049e+02	1.39659383e-07	1.35378617e+08	1.27222377e-16
4.88000000e+01	4.10295382e+01	-1.76515957e+05	-6.87030899e+03	1.00000000e-09	1.00000000e-09	1.00000000e-10	1.00000000e-10	0.00000000e+00	1.16963232e-16
4.89000000e+01	4.11136151e+01	-1.61804069e+05	-6.29769664e+03	1.00000000e-09	1.00000000e-09	1.00000000e-10	1.00000000e-10	0.00000000e+00	1.07531379e-16
4.90000000e+01	4.11976920e+01	-1.47092181e+05	-5.72508429e+03	2.36778341e+03	3.56145340e-07	2.36778341e+02	3.56145340e-08	2.28456369e+08	9.88601065e-17
4.91000000e+01	4.12817689e+01	-1.32381131e+05	-5.15250454e+03	2.27127921e+03	1.40275501e-06	2.27127921e+02	1.40275501e-07	2.19145129e+08	9.08880802e-17
4.92000000e+01	4.13658459e+01	-1.17670987e+05	-4.57996008e+03	1.00000000e-09	1.00000000e-09	1.00000000e-10	1.00000000e-10	0.00000000e+00	8.35589140e-17
4.93000000e+01	4.14499228e+01	-1.02960843e+05	-4.00741563e+03	1.00000000e-09	1.00000000e-09	1.00000000e-10	1.00000000e-10	0.00000000e+00	7.68207678e-17
4.94000000e+01	4.15339997e+01	-8.82506995e+04	-3.43487118e+03	1.53130783e+03	2.09540979e-07	1.53130783e+02	2.09540979e-08	1.47748745e+08	7.06259821e-17
4.95000000e+01	4.16180766e+01	-7.35410638e+04	-2.86234649e+03	2.87640632e+03	1.39719548e-06	2.87640632e+02	1.39719548e-07	2.77531019e+08	6.49307406e-17
4.96000000e+01	4.17021536e+01	-5.88325639e+04	-2.28986602e+03	1.00000000e-09	1.00000000e-09	1.00000000e-10	1.00000000e-10	0.00000000e+00	5.96947603e-17
4.97000000e+01	4.17862305e+01	-4.41240639e+04	-1.71738554e+03	1.00000000e-09	1.00000000e-09	1.00000000e-10	1.00000000e-10	0.00000000e+00	5.48810067e-17
4.98000000e+01	4.18703074e+01	-2.94155640e+04	-1.14490507e+03	5.16319242e+02	6.73517352e-08	5.16319242e+01	6.73517352e-09	4.98172335e+07	5.04554316e-17
4.99000000e+01	4.19543843e+01	-1.47071685e+04	-5.72428655e+02	3.14816744e+03	1.38065085e-06	3.14816744e+02	1.38065085e-07	3.03751981e+08	4.63867326e-17
5.00000000e+01	4.20384612e+01	0.00000000e+00	0.00000000e+00	1.00000000e+01	1.00000000e+01	1.00000000e+00	1.00000000e+00	0.00000000e+00	4.26461312e-17
