# 1D PNP Solver Results
# Debye length: 1.18939 nm
# Surface potential: 100 mV
# Bulk concentration: 10 mol/m^3
# Thermal voltage: 25.6926 mV
# Grid: non-uniform with stretching factor 1
#
# Columns:
# 1: x [nm]
# 2: x/lambda_D [-]
# 3: phi [mV]
# 4: phi_normalized = e*phi/(kB*T) [-]
# 5: c+ [mol/m^3]
# 6: c- [mol/m^3]
# 7: c+/c0 [-]
# 8: c-/c0 [-]
# 9: rho [C/m^3]
# 10: phi_GC [mV] (Gouy-Chapman analytical)
0.00000000e+00	0.00000000e+00	1.00000000e+02	3.89217445e+00	1.00000000e-09	1.00000000e-09	1.00000000e-10	1.00000000e-10	0.00000000e+00	1.00000000e+02
1.00000000e-01	8.40769225e-02	1.11909664e+05	4.35571934e+03	1.00000000e-09	1.00000000e-09	1.00000000e-10	1.00000000e-10	0.00000000e+00	8.70576373e+01
2.00000000e-01	1.68153845e-01	2.23694181e+05	8.70656777e+03	4.43119430e+05	1.00000000e-09	4.43119430e+04	1.00000000e-10	4.27545254e+10	7.68715638e+01
3.00000000e-01	2.52230767e-01	3.35478699e+05	1.30574162e+04	2.32534368e+04	1.00000000e-09	2.32534368e+03	1.00000000e-10	2.24361557e+09	6.85207345e+01
4.00000000e-01	3.36307690e-01	4.47263216e+05	1.74082646e+04	1.00000000e-09	1.00000000e-09	1.00000000e-10	1.00000000e-10	0.00000000e+00	6.14862309e+01
5.00000000e-01	4.20384612e-01	5.57913824e+05	2.17149793e+04	1.00000000e-09	1.00000000e-09	1.00000000e-10	1.00000000e-10	0.00000000e+00	5.54461690e+01
6.00000000e-01	5.04461535e-01	6.68421029e+05	2.60161125e+04	4.41939643e+05	1.00000000e-09	4.41939643e+04	1.00000000e-10	4.26406932e+10	5.01866549e+01
7.00000000e-01	5.88538457e-01	7.78928235e+05	3.03172457e+04	4.69426662e+04	1.00000000e-09	4.69426662e+03	1.00000000e-10	4.52927873e+09	4.55579535e+01
8.00000000e-01	6.72615380e-01	8.89435440e+05	3.46183789e+04	1.00000000e-09	1.00000000e-09	1.00000000e-10	1.00000000e-10	0.00000000e+00	4.14508515e+01
9.00000000e-01	7.56692302e-01	9.98820033e+05	3.88758181e+04	1.00000000e-09	1.00000000e-09	1.00000000e-10	1.00000000e-10	0.00000000e+00	3.77829914e+01
1.00000000e+00	8.40769225e-01	1.10793707e+06	4.31228435e+04	4.39806629e+05	1.00000000e-09	4.39806629e+04	1.00000000e-10	4.24348887e+10	3.44905241e+01
1.10000000e+00	9.24846147e-01	1.21705411e+06	4.73698690e+04	7.10385404e+04	1.00000000e-09	7.10385404e+03	1.00000000e-10	6.85417717e+09	3.15227780e+01
1.20000000e+00	1.00892307e+00	1.32617114e+06	5.16168944e+04	1.00000000e-09	1.00000000e-09	1.00000000e-10	1.00000000e-10	0.00000000e+00	2.88387272e+01
1.30000000e+00	1.09299999e+00	1.43418463e+06	5.58209676e+04	1.00000000e-09	1.00000000e-09	1.00000000e-10	1.00000000e-10	0.00000000e+00	2.64045776e+01
1.40000000e+00	1.17707691e+00	1.54180025e+06	6.00095554e+04	4.36676614e+05	1.00000000e-09	4.36676614e+04	1.00000000e-10	4.21328881e+10	2.41920729e+01
1.50000000e+00	1.26115384e+00	1.64941587e+06	6.41981432e+04	9.55019963e+04	1.00000000e-09	9.55019963e+03	1.00000000e-10	9.21454183e+09	2.21772778e+01
1.60000000e+00	1.34523076e+00	1.75703150e+06	6.83867310e+04	1.00000000e-09	1.00000000e-09	1.00000000e-10	1.00000000e-10	0.00000000e+00	2.03396868e+01
1.70000000e+00	1.42930768e+00	1.86357136e+06	7.25334484e+04	1.00000000e-09	1.00000000e-09	1.00000000e-10	1.00000000e-10	0.00000000e+00	1.86615585e+01
1.80000000e+00	1.51338460e+00	1.96957666e+06	7.66593595e+04	4.32499193e+05	1.00000000e-09	4.32499193e+04	1.00000000e-10	4.17298283e+10	1.71274116e+01
1.90000000e+00	1.59746153e+00	2.07558195e+06	8.07852705e+04	1.20281281e+05	1.00000000e-09	1.20281281e+04	1.00000000e-10	1.16053794e+10	1.57236358e+01
2.00000000e+00	1.68153845e+00	2.18158725e+06	8.49111816e+04	1.00000000e-09	1.00000000e-09	1.00000000e-10	1.00000000e-10	0.00000000e+00	1.44381886e+01
2.10000000e+00	1.76561537e+00	2.28655449e+06	8.89966896e+04	1.00000000e-09	1.00000000e-09	1.00000000e-10	1.00000000e-10	0.00000000e+00	1.32603556e+01
2.20000000e+00	1.84969229e+00	2.39084379e+06	9.30558113e+04	4.27216750e+05	1.00000000e-09	4.27216750e+04	1.00000000e-10	4.12201500e+10	1.21805577e+01
2.30000000e+00	1.93376922e+00	2.49513310e+06	9.71149330e+04	1.45308447e+05	1.00000000e-09	1.45308447e+04	1.00000000e-10	1.40201338e+10	1.11901960e+01
2.40000000e+00	2.01784614e+00	2.59942240e+06	1.01174055e+05	1.00000000e-09	1.00000000e-09	1.00000000e-10	1.00000000e-10	0.00000000e+00	1.02815237e+01
2.50000000e+00	2.10192306e+00	2.70272266e+06	1.05194681e+05	1.00000000e-09	1.00000000e-09	1.00000000e-10	1.00000000e-10	0.00000000e+00	9.44754093e+00
2.60000000e+00	2.18599998e+00	2.80519474e+06	1.09183073e+05	4.20763886e+05	1.00000000e-09	4.20763886e+04	1.00000000e-10	4.05975433e+10	8.68190590e+00
2.70000000e+00	2.27007691e+00	2.90766683e+06	1.13171465e+05	1.70494897e+05	1.00000000e-09	1.70494897e+04	1.00000000e-10	1.64502567e+10	7.97886054e+00
2.80000000e+00	2.35415383e+00	3.01013891e+06	1.17159857e+05	1.00000000e-09	1.00000000e-09	1.00000000e-10	1.00000000e-10	0.00000000e+00	7.33316685e+00
2.90000000e+00	2.43823075e+00	3.11168399e+06	1.21112169e+05	1.00000000e-09	1.00000000e-09	1.00000000e-10	1.00000000e-10	0.00000000e+00	6.74005227e+00
3.00000000e+00	2.52230767e+00	3.21224360e+06	1.25026125e+05	4.13066930e+05	1.00000000e-09	4.13066930e+04	1.00000000e-10	3.98548999e+10	6.19516235e+00
3.10000000e+00	2.60638460e+00	3.31280321e+06	1.28940080e+05	1.95725707e+05	1.00000000e-09	1.95725707e+04	1.00000000e-10	1.88846598e+10	5.69451955e+00
3.20000000e+00	2.69046152e+00	3.41336281e+06	1.32854035e+05	1.00000000e-09	1.00000000e-09	1.00000000e-10	1.00000000e-10	0.00000000e+00	5.23448697e+00
3.30000000e+00	2.77453844e+00	3.51307265e+06	1.36734916e+05	1.00000000e-09	1.00000000e-09	1.00000000e-10	1.00000000e-10	0.00000000e+00	4.81173646e+00
3.40000000e+00	2.85861536e+00	3.61163255e+06	1.40571039e+05	4.04043640e+05	1.00000000e-09	4.04043640e+04	1.00000000e-10	3.89842848e+10	4.42322017e+00
3.50000000e+00	2.94269229e+00	3.71019245e+06	1.44407163e+05	2.20852370e+05	1.00000000e-09	2.20852370e+04	1.00000000e-10	2.13090143e+10	4.06614534e+00
3.60000000e+00	3.02676921e+00	3.80875235e+06	1.48243286e+05	1.00000000e-09	1.00000000e-09	1.00000000e-10	1.00000000e-10	0.00000000e+00	3.73795159e+00
3.70000000e+00	3.11084613e+00	3.90655757e+06	1.52050036e+05	1.00000000e-09	1.00000000e-09	1.00000000e-10	1.00000000e-10	0.00000000e+00	3.43629058e+00
3.80000000e+00	3.19492305e+00	4.00304130e+06	1.55805351e+05	3.93603282e+05	1.00000000e-09	3.93603282e+04	1.00000000e-10	3.79769434e+10	3.15900770e+00
3.90000000e+00	3.27899998e+00	4.09952503e+06	1.59560666e+05	2.45683492e+05	1.00000000e-09	2.45683492e+04	1.00000000e-10	2.37048533e+10	2.90412542e+00
4.00000000e+00	3.36307690e+00	4.19600876e+06	1.63315981e+05	1.00000000e-09	1.00000000e-09	1.00000000e-10	1.00000000e-10	0.00000000e+00	2.66982829e+00
4.10000000e+00	3.44715382e+00	4.29185417e+06	1.67046451e+05	1.00000000e-09	1.00000000e-09	1.00000000e-10	1.00000000e-10	0.00000000e+00	2.45444929e+00
4.20000000e+00	3.53123074e+00	4.38619977e+06	1.70718547e+05	3.81647407e+05	1.00000000e-09	3.81647407e+04	1.00000000e-10	3.68233768e+10	2.25645740e+00
4.30000000e+00	3.61530767e+00	4.48054536e+06	1.74390642e+05	2.69972865e+05	1.00000000e-09	2.69972865e+04	1.00000000e-10	2.60484216e+10	2.07444628e+00
4.40000000e+00	3.69938459e+00	4.57489096e+06	1.78062737e+05	1.00000000e-09	1.00000000e-09	1.00000000e-10	1.00000000e-10	0.00000000e+00	1.90712395e+00
4.50000000e+00	3.78346151e+00	4.66874027e+06	1.81715516e+05	1.00000000e-09	1.00000000e-09	1.00000000e-10	1.00000000e-10	0.00000000e+00	1.75330334e+00
4.60000000e+00	3.86753843e+00	4.76090542e+06	1.85302745e+05	3.68071858e+05	1.00000000e-09	3.68071858e+04	1.00000000e-10	3.55135355e+10	1.61189369e+00
4.70000000e+00	3.95161536e+00	4.85307058e+06	1.88889973e+05	2.93404203e+05	1.00000000e-09	2.93404203e+04	1.00000000e-10	2.83092020e+10	1.48189263e+00
4.80000000e+00	4.03569228e+00	4.94523574e+06	1.92477202e+05	1.00000000e-09	1.00000000e-09	1.00000000e-10	1.00000000e-10	0.00000000e+00	1.36237899e+00
4.90000000e+00	4.11976920e+00	5.03707811e+06	1.96051867e+05	1.00000000e-09	1.00000000e-09	1.00000000e-10	1.00000000e-10	0.00000000e+00	1.25250612e+00
5.00000000e+00	4.20384612e+00	5.12704743e+06	1.99553630e+05	3.52770923e+05	1.00000000e-09	3.52770923e+04	1.00000000e-10	3.40372197e+10	1.15149587e+00
5.10000000e+00	4.28792305e+00	5.21701675e+06	2.03055393e+05	3.15571723e+05	1.00000000e-09	3.15571723e+04	1.00000000e-10	3.04480425e+10	1.05863300e+00
5.20000000e+00	4.37199997e+00	5.30698607e+06	2.06557156e+05	1.00000000e-09	1.00000000e-09	1.00000000e-10	1.00000000e-10	0.00000000e+00	9.73260072e-01
5.30000000e+00	4.45607689e+00	5.39684535e+06	2.10054636e+05	1.00000000e-09	1.00000000e-09	1.00000000e-10	1.00000000e-10	0.00000000e+00	8.94772759e-01
5.40000000e+00	4.54015381e+00	5.48464072e+06	2.13471785e+05	3.35645127e+05	1.00000000e-09	3.35645127e+04	1.00000000e-10	3.23848315e+10	8.22615544e-01
5.50000000e+00	4.62423074e+00	5.57243609e+06	2.16888934e+05	3.35955765e+05	1.00000000e-09	3.35955765e+04	1.00000000e-10	3.24148035e+10	7.56277766e-01
5.60000000e+00	4.70830766e+00	5.66023147e+06	2.20306083e+05	1.00000000e-09	1.00000000e-09	1.00000000e-10	1.00000000e-10	0.00000000e+00	6.95289988e-01
5.70000000e+00	4.79238458e+00	5.74802684e+06	2.23723232e+05	1.00000000e-09	1.00000000e-09	1.00000000e-10	1.00000000e-10	0.00000000e+00	6.39220665e-01
5.80000000e+00	4.87646150e+00	5.83357008e+06	2.27052724e+05	3.16566056e+05	1.00000000e-09	3.16566056e+04	1.00000000e-10	3.05439810e+10	5.87673079e-01
5.90000000e+00	4.96053843e+00	5.91886813e+06	2.30372673e+05	3.55205529e+05	1.00000000e-09	3.55205529e+04	1.00000000e-10	3.42721235e+10	5.40282524e-01
6.00000000e+00	5.04461535e+00	6.00416618e+06	2.33692622e+05	1.00000000e-09	1.00000000e-09	1.00000000e-10	1.00000000e-10	0.00000000e+00	4.96713722e-01
6.10000000e+00	5.12869227e+00	6.08946424e+06	2.37012571e+05	1.00000000e-09	1.00000000e-09	1.00000000e-10	1.00000000e-10	0.00000000e+00	4.56658442e-01
6.20000000e+00	5.21276919e+00	6.17233238e+06	2.40237944e+05	2.95241056e+05	1.00000000e-09	2.95241056e+04	1.00000000e-10	2.84864313e+10	4.19833321e-01
6.30000000e+00	5.29684612e+00	6.25461183e+06	2.43440404e+05	3.74220767e+05	1.00000000e-09	3.74220767e+04	1.00000000e-10	3.61068150e+10	3.85977854e-01
6.40000000e+00	5.38092304e+00	6.33689128e+06	2.46642863e+05	1.00000000e-09	1.00000000e-09	1.00000000e-10	1.00000000e-10	0.00000000e+00	3.54852548e-01
6.50000000e+00	5.46499996e+00	6.41917074e+06	2.49845323e+05	1.00000000e-09	1.00000000e-09	1.00000000e-10	1.00000000e-10	0.00000000e+00	3.26237227e-01
6.60000000e+00	5.54907688e+00	6.49886640e+06	2.52947218e+05	2.71226265e+05	1.00000000e-09	2.71226265e+04	1.00000000e-10	2.61693562e+10	2.99929475e-01
6.70000000e+00	5.63315381e+00	6.57754163e+06	2.56009395e+05	3.93231305e+05	1.00000000e-09	3.93231305e+04	1.00000000e-10	3.79410531e+10	2.75743201e-01
6.80000000e+00	5.71723073e+00	6.65621685e+06	2.59071572e+05	1.00000000e-09	1.00000000e-09	1.00000000e-10	1.00000000e-10	0.00000000e+00	2.53507323e-01
6.90000000e+00	5.80130765e+00	6.73489208e+06	2.62133749e+05	1.00000000e-09	1.00000000e-09	1.00000000e-10	1.00000000e-10	0.00000000e+00	2.33064554e-01
7.00000000e+00	5.88538457e+00	6.81087672e+06	2.65091203e+05	2.43934038e+05	1.00000000e-09	2.43934038e+04	1.00000000e-10	2.35360567e+10	2.14270296e-01
7.10000000e+00	5.96946150e+00	6.88529037e+06	2.67987513e+05	4.12598282e+05	1.00000000e-09	4.12598282e+04	1.00000000e-10	3.98096823e+10	1.96991610e-01
7.20000000e+00	6.05353842e+00	6.95970402e+06	2.70883822e+05	1.00000000e-09	1.00000000e-09	1.00000000e-10	1.00000000e-10	0.00000000e+00	1.81106277e-01
7.30000000e+00	6.13761534e+00	7.03411768e+06	2.73780131e+05	1.00000000e-09	1.00000000e-09	1.00000000e-10	1.00000000e-10	0.00000000e+00	1.66501937e-01
7.40000000e+00	6.22169226e+00	7.10582149e+06	2.76570968e+05	2.12608142e+05	1.00000000e-09	2.12608142e+04	1.00000000e-10	2.05135672e+10	1.53075289e-01
7.50000000e+00	6.30576919e+00	7.17524065e+06	2.79272883e+05	4.32926016e+05	1.00000000e-09	4.32926016e+04	1.00000000e-10	4.17710105e+10	1.40731363e-01
7.60000000e+00	6.38984611e+00	7.24465982e+06	2.81974798e+05	1.00000000e-09	1.00000000e-09	1.00000000e-10	1.00000000e-10	0.00000000e+00	1.29382849e-01
7.70000000e+00	6.47392303e+00	7.31407898e+06	2.84676713e+05	1.00000000e-09	1.00000000e-09	1.00000000e-10	1.00000000e-10	0.00000000e+00	1.18949475e-01
7.80000000e+00	6.55799995e+00	7.38092808e+06	2.87278597e+05	1.76347102e+05	1.00000000e-09	1.76347102e+04	1.00000000e-10	1.70149087e+10	1.09357445e-01
7.90000000e+00	6.64207688e+00	7.44455162e+06	2.89754936e+05	4.55296450e+05	1.00000000e-09	4.55296450e+04	1.00000000e-10	4.39294292e+10	1.00538914e-01
8.00000000e+00	6.72615380e+00	7.50817516e+06	2.92231275e+05	1.00000000e-09	1.00000000e-09	1.00000000e-10	1.00000000e-10	0.00000000e+00	9.24315047e-02
8.10000000e+00	6.81023072e+00	7.57179871e+06	2.94707615e+05	1.00000000e-09	1.00000000e-09	1.00000000e-10	1.00000000e-10	0.00000000e+00	8.49778740e-02
8.20000000e+00	6.89430764e+00	7.63327775e+06	2.97100486e+05	1.34308390e+05	1.00000000e-09	1.34308390e+04	1.00000000e-10	1.29587896e+10	7.81253008e-02
8.30000000e+00	6.97838457e+00	7.69027429e+06	2.99318891e+05	4.81787156e+05	1.00000000e-09	4.81787156e+04	1.00000000e-10	4.64853937e+10	7.18253161e-02
8.40000000e+00	7.06246149e+00	7.74727082e+06	3.01537296e+05	1.00000000e-09	1.00000000e-09	1.00000000e-10	1.00000000e-10	0.00000000e+00	6.60333593e-02
8.50000000e+00	7.14653841e+00	7.80426736e+06	3.03755700e+05	1.00000000e-09	1.00000000e-09	1.00000000e-10	1.00000000e-10	0.00000000e+00	6.07084632e-02
8.60000000e+00	7.23061533e+00	7.86005008e+06	3.05926861e+05	8.64601161e+04	1.00000000e-09	8.64601161e+03	1.00000000e-10	8.34213302e+09	5.58129641e-02
8.70000000e+00	7.31469226e+00	7.90967393e+06	3.07858308e+05	5.16649439e+05	1.00000000e-09	5.16649439e+04	1.00000000e-10	4.98490927e+10	5.13122357e-02
8.80000000e+00	7.39876918e+00	7.95929777e+06	3.09789754e+05	1.00000000e-09	1.00000000e-09	1.00000000e-10	1.00000000e-10	0.00000000e+00	4.71744438e-02
8.90000000e+00	7.48284610e+00	8.00892162e+06	3.11721201e+05	1.00000000e-09	1.00000000e-09	1.00000000e-10	1.00000000e-10	0.00000000e+00	4.33703214e-02
9.00000000e+00	7.56692302e+00	8.05854546e+06	3.13652647e+05	3.28013509e+04	1.00000000e-09	3.28013509e+03	1.00000000e-10	3.16484924e+09	3.98729614e-02
9.10000000e+00	7.65099995e+00	8.09986765e+06	3.15260979e+05	5.69356250e+05	1.00000000e-09	5.69356250e+04	1.00000000e-10	5.49345268e+10	3.66576268e-02
9.20000000e+00	7.73507687e+00	8.13941613e+06	3.16800275e+05	1.00000000e-09	1.00000000e-09	1.00000000e-10	1.00000000e-10	0.00000000e+00	3.37015752e-02
9.30000000e+00	7.81915379e+00	8.17896461e+06	3.18339571e+05	1.00000000e-09	1.00000000e-09	1.00000000e-10	1.00000000e-10	0.00000000e+00	3.09838980e-02
9.40000000e+00	7.90323071e+00	8.21851309e+06	3.19878867e+05	1.00000000e-09	1.00000000e-09	1.00000000e-10	1.00000000e-10	0.00000000e+00	2.84853728e-02
9.50000000e+00	7.98730764e+00	8.24753552e+06	3.21008470e+05	6.71727486e+05	1.00000000e-09	6.71727486e+04	1.00000000e-10	6.48118496e+10	2.61883275e-02
9.60000000e+00	8.07138456e+00	8.26951054e+06	3.21863776e+05	2.35350276e+04	1.00000000e-09	2.35350276e+03	1.00000000e-10	2.27078496e+09	2.40765146e-02
9.70000000e+00	8.15546148e+00	8.29148556e+06	3.22719082e+05	1.00000000e-09	1.00000000e-09	1.00000000e-10	1.00000000e-10	0.00000000e+00	2.21349973e-02
9.80000000e+00	8.23953840e+00	8.31346058e+06	3.23574388e+05	1.00000000e-09	1.00000000e-09	1.00000000e-10	1.00000000e-10	0.00000000e+00	2.03500429e-02
9.90000000e+00	8.32361533e+00	8.33290486e+06	3.24331194e+05	7.05776458e+05	1.01675227e+02	7.05776458e+04	1.01675227e+01	6.80872658e+10	1.87090262e-02
1.00000000e+01	8.40769225e+00	8.32886189e+06	3.24173834e+05	1.66379139e+05	5.53610263e+02	1.66379139e+04	5.53610263e+01	1.59997312e+10	1.72003403e-02
1.01000000e+01	8.49176917e+00	8.30960813e+06	3.23424444e+05	1.00000000e-09	5.25246666e+01	1.00000000e-10	5.25246666e+00	-5.06785990e+06	1.58133140e-02
1.02000000e+01	8.57584609e+00	8.29035437e+06	3.22675055e+05	1.00000000e-09	1.00000000e-09	1.00000000e-10	1.00000000e-10	0.00000000e+00	1.45381368e-02
1.03000000e+01	8.65992302e+00	8.27110061e+06	3.21925665e+05	1.00000000e-09	1.00000000e-09	1.00000000e-10	1.00000000e-10	0.00000000e+00	1.33657892e-02
1.04000000e+01	8.74399994e+00	8.25185086e+06	3.21176431e+05	7.42846032e+03	4.71093740e+02	7.42846032e+02	4.71093740e+01	6.71283825e+08	1.22879791e-02
1.05000000e+01	8.82807686e+00	8.23150032e+06	3.20384352e+05	3.63709253e+03	8.90935341e+01	3.63709253e+02	8.90935341e+00	3.42329861e+08	1.12970830e-02
1.06000000e+01	8.91215378e+00	8.21058691e+06	3.19570366e+05	1.00000000e-09	1.00000000e-09	1.00000000e-10	1.00000000e-10	0.00000000e+00	1.03860923e-02
1.07000000e+01	8.99623071e+00	8.18967349e+06	3.18756379e+05	1.00000000e-09	1.00000000e-09	1.00000000e-10	1.00000000e-10	0.00000000e+00	9.54856333e-03
1.08000000e+01	9.08030763e+00	8.16876007e+06	3.17942392e+05	1.00000000e-09	4.37764040e+02	1.00000000e-10	4.37764040e+01	-4.22378087e+07	8.77857228e-03
1.09000000e+01	9.16438455e+00	8.14785022e+06	3.17128545e+05	1.00000000e-09	1.50540951e+02	1.00000000e-10	1.50540951e+01	-1.45249936e+07	8.07067289e-03
1.10000000e+01	9.24846147e+00	8.12694227e+06	3.16314771e+05	1.00000000e-09	1.00000000e-09	1.00000000e-10	1.00000000e-10	0.00000000e+00	7.41985814e-03
1.11000000e+01	9.33253840e+00	8.10603432e+06	3.15500997e+05	1.00000000e-09	1.00000000e-09	1.00000000e-10	1.00000000e-10	0.00000000e+00	6.82152474e-03
1.12000000e+01	9.41661532e+00	8.08512636e+06	3.14687222e+05	1.00000000e-09	4.19686552e+02	1.00000000e-10	4.19686552e+01	-4.04935964e+07	6.27144062e-03
1.13000000e+01	9.50069224e+00	8.06422118e+06	3.13873556e+05	1.00000000e-09	2.19250562e+02	1.00000000e-10	2.19250562e+01	-2.11544633e+07	5.76571500e-03
1.14000000e+01	9.58476916e+00	8.04331884e+06	3.13060001e+05	1.00000000e-09	1.00000000e-09	1.00000000e-10	1.00000000e-10	0.00000000e+00	5.30077082e-03
1.15000000e+01	9.66884609e+00	8.02241650e+06	3.12246445e+05	4.48279222e+02	1.00000000e-09	4.48279222e+01	1.00000000e-10	4.32523697e+07	4.87331949e-03
1.16000000e+01	9.75292301e+00	8.00144375e+06	3.11430149e+05	5.09459006e+01	3.96407586e+02	5.09459006e+00	3.96407586e+01	-3.33319854e+07	4.48033760e-03
1.17000000e+01	9.83699993e+00	7.98046433e+06	3.10613594e+05	1.00000000e-09	3.02315168e+02	1.00000000e-10	3.02315168e+01	-2.91689794e+07	4.11904557e-03
1.18000000e+01	9.92107685e+00	7.95948852e+06	3.09797179e+05	1.00000000e-09	1.00000000e-09	1.00000000e-10	1.00000000e-10	0.00000000e+00	3.78688794e-03
1.19000000e+01	1.00051538e+01	7.93851271e+06	3.08980763e+05	1.74221660e+02	1.00000000e-09	1.74221660e+01	1.00000000e-10	1.68098348e+07	3.48151531e-03
1.20000000e+01	1.00892307e+01	7.91750947e+06	3.08163281e+05	9.91675887e+01	3.64380507e+02	9.91675887e+00	3.64380507e+01	-2.55891565e+07	3.20076778e-03
1.21000000e+01	1.01733076e+01	7.89649069e+06	3.07345193e+05	8.69952575e+01	3.95360972e+02	8.69952575e+00	3.95360972e+01	-2.97527684e+07	2.94265957e-03
1.22000000e+01	1.02573845e+01	7.87546165e+06	3.06526706e+05	1.06239120e+02	1.00000000e-09	1.06239120e+01	1.00000000e-10	1.02505167e+07	2.70536508e-03
1.23000000e+01	1.03414615e+01	7.85441628e+06	3.05707584e+05	4.66429480e+01	1.00000000e-09	4.66429480e+00	1.00000000e-10	4.50036033e+06	2.48720588e-03
1.24000000e+01	1.04255384e+01	7.83336354e+06	3.04888174e+05	1.00000000e-09	3.08056372e+02	1.00000000e-10	3.08056372e+01	-2.97229214e+07	2.28663893e-03
1.25000000e+01	1.05096153e+01	7.81231081e+06	3.04068765e+05	1.00000000e-09	4.82708817e+02	1.00000000e-10	4.82708817e+01	-4.65743205e+07	2.10224558e-03
1.26000000e+01	1.05936922e+01	7.79126113e+06	3.03249475e+05	1.46138437e+01	1.00000000e-09	1.46138437e+00	1.00000000e-10	1.41002156e+06	1.93272162e-03
1.27000000e+01	1.06777692e+01	7.77021046e+06	3.02430146e+05	3.41077351e+01	1.00000000e-09	3.41077351e+00	1.00000000e-10	3.29089615e+06	1.77686798e-03
1.28000000e+01	1.07618461e+01	7.74915440e+06	3.01610608e+05	1.00000000e-09	2.24734981e+02	1.00000000e-10	2.24734981e+01	-2.16836292e+07	1.63358230e-03
1.29000000e+01	1.08459230e+01	7.72809835e+06	3.00791069e+05	1.00000000e-09	5.63261723e+02	1.00000000e-10	5.63261723e+01	-5.43464944e+07	1.50185109e-03
1.30000000e+01	1.09299999e+01	7.70704475e+06	2.99971627e+05	1.00000000e-09	1.00000000e-09	1.00000000e-10	1.00000000e-10	0.00000000e+00	1.38074262e-03
1.31000000e+01	1.10140768e+01	7.68599313e+06	2.99152261e+05	2.77314593e+00	1.00000000e-09	2.77314593e-01	1.00000000e-10	2.67567906e+05	1.26940027e-03
1.32000000e+01	1.10981538e+01	7.66494106e+06	2.98332878e+05	1.00000000e-09	1.14285350e+02	1.00000000e-10	1.14285350e+01	-1.10268600e+07	1.16703651e-03
1.33000000e+01	1.11822307e+01	7.64388900e+06	2.97513495e+05	1.00000000e-09	6.26815704e+02	1.00000000e-10	6.26815704e+01	-6.04785214e+07	1.07292731e-03
1.34000000e+01	1.12663076e+01	7.62283868e+06	2.96694180e+05	1.00000000e-09	1.00000000e-09	1.00000000e-10	1.00000000e-10	0.00000000e+00	9.86407027e-04
1.35000000e+01	1.13503845e+01	7.60179074e+06	2.95874957e+05	1.96586353e+00	1.00000000e-09	1.96586353e-01	1.00000000e-10	1.89676995e+05	9.06863691e-04
1.36000000e+01	1.14344615e+01	7.58074250e+06	2.95055722e+05	9.54389448e-01	1.00000000e-09	9.54389448e-02	1.00000000e-10	9.20845828e+04	8.33734687e-04
1.37000000e+01	1.15185384e+01	7.55969409e+06	2.94236482e+05	1.00000000e-09	6.63852959e+02	1.00000000e-10	6.63852959e+01	-6.40520732e+07	7.66502767e-04
1.38000000e+01	1.16026153e+01	7.53864669e+06	2.93417280e+05	1.00000000e-09	8.77506395e+01	1.00000000e-10	8.77506395e+00	-8.46664959e+06	7.04692393e-04
1.39000000e+01	1.16866922e+01	7.51760181e+06	2.92598177e+05	1.00000000e-09	1.00000000e-09	1.00000000e-10	1.00000000e-10	0.00000000e+00	6.47866374e-04
1.40000000e+01	1.17707691e+01	7.49655694e+06	2.91779074e+05	1.00000000e-09	1.00000000e-09	1.00000000e-10	1.00000000e-10	0.00000000e+00	5.95622776e-04
1.41000000e+01	1.18548461e+01	7.47551207e+06	2.90959971e+05	1.00000000e-09	6.66366871e+02	1.00000000e-10	6.66366871e+01	-6.42946289e+07	5.47592073e-04
1.42000000e+01	1.19389230e+01	7.45446744e+06	2.90140877e+05	1.00000000e-09	2.49726030e+02	1.00000000e-10	2.49726030e+01	-2.40948989e+07	5.03434541e-04
1.43000000e+01	1.20229999e+01	7.43342530e+06	2.89321880e+05	2.53747350e-02	1.00000000e-09	2.53747350e-03	1.00000000e-10	2.44828964e+03	4.62837848e-04
1.44000000e+01	1.21070768e+01	7.41238318e+06	2.88502884e+05	1.00000000e-09	1.00000000e-09	1.00000000e-10	1.00000000e-10	0.00000000e+00	4.25514851e-04
1.45000000e+01	1.21911538e+01	7.39134106e+06	2.87683888e+05	1.00000000e-09	6.28881208e+02	1.00000000e-10	6.28881208e+01	-6.06778122e+07	3.91201561e-04
1.46000000e+01	1.22752307e+01	7.37029894e+06	2.86864892e+05	9.35394835e-03	4.08535526e+02	9.35394835e-04	4.08535526e+01	-3.94167834e+07	3.59655276e-04
1.47000000e+01	1.23593076e+01	7.34925909e+06	2.86045984e+05	1.52809869e-02	1.00000000e-09	1.52809869e-03	1.00000000e-10	1.47439100e+03	3.30652866e-04
1.48000000e+01	1.24433845e+01	7.32821981e+06	2.85227099e+05	1.00000000e-09	1.00000000e-09	1.00000000e-10	1.00000000e-10	0.00000000e+00	3.03989196e-04
1.49000000e+01	1.25274615e+01	7.30718054e+06	2.84408214e+05	1.00000000e-09	5.49754415e+02	1.00000000e-10	5.49754415e+01	-5.30432373e+07	2.79475669e-04
1.50000000e+01	1.26115384e+01	7.28614126e+06	2.83589329e+05	1.12847431e-03	5.57857974e+02	1.12847431e-04	5.57857974e+01	-5.38250030e+07	2.56938901e-04
1.51000000e+01	1.26956153e+01	7.26510396e+06	2.82770520e+05	1.20688908e-02	1.00000000e-09	1.20688908e-03	1.00000000e-10	1.16447084e+03	2.36219485e-04
1.52000000e+01	1.27796922e+01	7.24406764e+06	2.81951750e+05	1.00000000e-09	1.00000000e-09	1.00000000e-10	1.00000000e-10	0.00000000e+00	2.17170872e-04
1.53000000e+01	1.28637691e+01	7.22303133e+06	2.81132980e+05	1.00000000e-09	4.30780839e+02	1.00000000e-10	4.30780839e+01	-4.15640323e+07	1.99658328e-04
1.54000000e+01	1.29478461e+01	7.20199501e+06	2.80314210e+05	1.00000000e-09	6.85952235e+02	1.00000000e-10	6.85952235e+01	-6.61843292e+07	1.83557987e-04
1.55000000e+01	1.30319230e+01	7.18096031e+06	2.79495502e+05	5.05684257e-03	1.00000000e-09	5.05684257e-04	1.00000000e-10	4.87911038e+02	1.68755969e-04
1.56000000e+01	1.31159999e+01	7.15992690e+06	2.78676846e+05	1.93711171e-03	1.00000000e-09	1.93711171e-04	1.00000000e-10	1.86902770e+02	1.55147578e-04
1.57000000e+01	1.32000768e+01	7.13889349e+06	2.77858189e+05	1.53252259e-03	2.77303157e+02	1.53252259e-04	2.77303157e+01	-2.67555393e+07	1.42636560e-04
1.58000000e+01	1.32841538e+01	7.11786008e+06	2.77039531e+05	2.90288429e-03	7.82294166e+02	2.90288429e-04	7.82294166e+01	-7.54796323e+07	1.31134424e-04
1.59000000e+01	1.33682307e+01	7.09682789e+06	2.76220922e+05	5.28046090e-03	1.00000000e-09	5.28046090e-04	1.00000000e-10	5.09486928e+02	1.20559814e-04
1.60000000e+01	1.34523076e+01	7.07579717e+06	2.75402370e+05	1.00000000e-09	1.00000000e-09	1.00000000e-10	1.00000000e-10	0.00000000e+00	1.10837935e-04
1.61000000e+01	1.35363845e+01	7.05476646e+06	2.74583818e+05	1.00000000e-09	9.70954826e+01	1.00000000e-10	9.70954826e+00	-9.36828988e+06	1.01900023e-04
1.62000000e+01	1.36204614e+01	7.03373575e+06	2.73765266e+05	1.00000000e-09	8.38402212e+02	1.00000000e-10	8.38402212e+01	-8.08935159e+07	9.36828597e-05
1.63000000e+01	1.37045384e+01	7.01270588e+06	2.72946746e+05	2.24206890e-03	1.00000000e-09	2.24206890e-04	1.00000000e-10	2.16326666e+02	8.61283240e-05
1.64000000e+01	1.37886153e+01	6.99167761e+06	2.72128290e+05	5.40662612e-04	1.00000000e-09	5.40662612e-05	1.00000000e-10	5.21659152e+01	7.91829819e-05
1.65000000e+01	1.38726922e+01	6.97064935e+06	2.71309833e+05	1.00000000e-09	1.00000000e-09	1.00000000e-10	1.00000000e-10	0.00000000e+00	7.27977085e-05
1.66000000e+01	1.39567691e+01	6.94962109e+06	2.70491376e+05	1.00000000e-09	8.48747118e+02	1.00000000e-10	8.48747118e+01	-8.18916475e+07	6.69273402e-05
1.67000000e+01	1.40408461e+01	6.92859333e+06	2.69672939e+05	8.90427838e-04	1.96176373e+02	8.90427838e-05	1.96176373e+01	-1.89280566e+07	6.15303552e-05
1.68000000e+01	1.41249230e+01	6.90756727e+06	2.68854568e+05	8.01459496e-04	1.00000000e-09	8.01459496e-05	1.00000000e-10	7.73289892e+01	5.65685802e-05
1.69000000e+01	1.42089999e+01	6.88654120e+06	2.68036197e+05	1.00000000e-09	1.00000000e-09	1.00000000e-10	1.00000000e-10	0.00000000e+00	5.20069201e-05
1.70000000e+01	1.42930768e+01	6.86551514e+06	2.67217826e+05	1.00000000e-09	8.11068433e+02	1.00000000e-10	8.11068433e+01	-7.82562072e+07	4.78131098e-05
1.71000000e+01	1.43771537e+01	6.84448927e+06	2.66399462e+05	1.00000000e-09	3.96330978e+02	1.00000000e-10	3.96330978e+01	-3.82401260e+07	4.39574862e-05
1.72000000e+01	1.44612307e+01	6.82346516e+06	2.65581168e+05	6.46704408e-04	1.00000000e-09	6.46704408e-05	1.00000000e-10	6.23973931e+01	4.04127779e-05
1.73000000e+01	1.45453076e+01	6.80244106e+06	2.64762873e+05	4.74793096e-04	1.00000000e-09	4.74793096e-05	1.00000000e-10	4.58104731e+01	3.71539131e-05
1.74000000e+01	1.46293845e+01	6.78141695e+06	2.63944578e+05	1.00000000e-09	7.26335147e+02	1.00000000e-10	7.26335147e+01	-7.00806879e+07	3.41578414e-05
1.75000000e+01	1.47134614e+01	6.76039285e+06	2.63126283e+05	1.00000000e-09	5.81209327e+02	1.00000000e-10	5.81209327e+01	-5.60781749e+07	3.14033713e-05
1.76000000e+01	1.47975384e+01	6.73937053e+06	2.62308058e+05	1.00000000e-09	1.00000000e-09	1.00000000e-10	1.00000000e-10	0.00000000e+00	2.88710202e-05
1.77000000e+01	1.48816153e+01	6.71834838e+06	2.61489839e+05	1.00000000e-09	1.00000000e-09	1.00000000e-10	1.00000000e-10	0.00000000e+00	2.65428765e-05
1.78000000e+01	1.49656922e+01	6.69732623e+06	2.60671620e+05	1.00000000e-09	5.97913391e+02	1.00000000e-10	5.97913391e+01	-5.76898721e+07	2.44024731e-05
1.79000000e+01	1.50497691e+01	6.67630408e+06	2.59853402e+05	8.17290184e-05	7.39635649e+02	8.17290184e-06	7.39635649e+01	-7.13639834e+07	2.24346707e-05
1.80000000e+01	1.51338460e+01	6.65528371e+06	2.59035252e+05	1.00000000e-09	1.00000000e-09	1.00000000e-10	1.00000000e-10	0.00000000e+00	2.06255509e-05
1.81000000e+01	1.52179230e+01	6.63426389e+06	2.58217124e+05	1.00000000e-09	1.00000000e-09	1.00000000e-10	1.00000000e-10	0.00000000e+00	1.89623175e-05
1.82000000e+01	1.53019999e+01	6.61324406e+06	2.57398996e+05	6.90575716e-05	4.32261942e+02	6.90575716e-06	4.32261942e+01	-4.17069304e+07	1.74332063e-05
1.83000000e+01	1.53860768e+01	6.59222423e+06	2.56580867e+05	1.81781751e-04	8.64768401e+02	1.81781751e-05	8.64768401e+01	-8.34374488e+07	1.60274019e-05
1.84000000e+01	1.54701537e+01	6.57120614e+06	2.55762806e+05	1.00000000e-09	1.00000000e-09	1.00000000e-10	1.00000000e-10	0.00000000e+00	1.47349607e-05
1.85000000e+01	1.55542307e+01	6.55018901e+06	2.54944783e+05	1.00000000e-09	1.00000000e-09	1.00000000e-10	1.00000000e-10	0.00000000e+00	1.35467414e-05
1.86000000e+01	1.56383076e+01	6.52917188e+06	2.54126760e+05	2.14210829e-05	2.37307528e+02	2.14210829e-06	2.37307528e+01	-2.28966936e+07	1.24543394e-05
1.87000000e+01	1.57223845e+01	6.50815475e+06	2.53308736e+05	1.06273305e-04	9.49646805e+02	1.06273305e-05	9.49646805e+01	-9.16269771e+07	1.14500281e-05
1.88000000e+01	1.58064614e+01	6.48713922e+06	2.52490775e+05	1.00000000e-09	1.00000000e-09	1.00000000e-10	1.00000000e-10	0.00000000e+00	1.05267039e-05
1.89000000e+01	1.58905384e+01	6.46612513e+06	2.51672870e+05	1.00000000e-09	1.00000000e-09	1.00000000e-10	1.00000000e-10	0.00000000e+00	9.67783615e-06
1.90000000e+01	1.59746153e+01	6.44511104e+06	2.50854965e+05	6.47368479e-06	2.20890592e+01	6.47368479e-07	2.20890592e+00	-2.13126959e+06	8.89742061e-06
1.91000000e+01	1.60586922e+01	6.42409696e+06	2.50037060e+05	7.54681700e-05	9.89291501e+02	7.54681700e-06	9.89291501e+01	-9.54521118e+07	8.17993736e-06
1.92000000e+01	1.61427691e+01	6.40308421e+06	2.49219208e+05	1.00000000e-09	8.07719404e+01	1.00000000e-10	8.07719404e+00	-7.79330749e+06	7.52031158e-06
1.93000000e+01	1.62268460e+01	6.38207336e+06	2.48401429e+05	1.00000000e-09	1.00000000e-09	1.00000000e-10	1.00000000e-10	0.00000000e+00	6.91387767e-06
1.94000000e+01	1.63109230e+01	6.36106251e+06	2.47583650e+05	1.00000000e-09	1.00000000e-09	1.00000000e-10	1.00000000e-10	0.00000000e+00	6.35634627e-06
1.95000000e+01	1.63949999e+01	6.34005166e+06	2.46765871e+05	5.82589581e-05	9.80085801e+02	5.82589581e-06	9.80085801e+01	-9.45638984e+07	5.84377390e-06
1.96000000e+01	1.64790768e+01	6.31904175e+06	2.45948128e+05	1.19193823e-06	3.10823784e+02	1.19193823e-07	3.10823784e+01	-2.99899359e+07	5.37253509e-06
1.97000000e+01	1.65631537e+01	6.29803414e+06	2.45130476e+05	1.00000000e-09	1.00000000e-09	1.00000000e-10	1.00000000e-10	0.00000000e+00	4.93929673e-06
1.98000000e+01	1.66472307e+01	6.27702654e+06	2.44312823e+05	1.00000000e-09	1.00000000e-09	1.00000000e-10	1.00000000e-10	0.00000000e+00	4.54099448e-06
1.99000000e+01	1.67313076e+01	6.25601893e+06	2.43495170e+05	4.60073779e-05	9.20627667e+02	4.60073779e-06	9.20627667e+01	-8.88270618e+07	4.17481111e-06
2.00000000e+01	1.68153845e+01	6.23501171e+06	2.42677533e+05	5.09234135e-06	5.37298141e+02	5.09234135e-07	5.37298141e+01	-5.18413891e+07	3.83815657e-06
2.01000000e+01	1.68994614e+01	6.21400711e+06	2.41859997e+05	1.00000000e-09	1.00000000e-09	1.00000000e-10	1.00000000e-10	0.00000000e+00	3.52864967e-06
2.02000000e+01	1.69835383e+01	6.19300250e+06	2.41042461e+05	1.00000000e-09	1.00000000e-09	1.00000000e-10	1.00000000e-10	0.00000000e+00	3.24410125e-06
2.03000000e+01	1.70676153e+01	6.17199790e+06	2.40224925e+05	3.60112010e-05	8.11247423e+02	3.60112010e-06	8.11247423e+01	-7.82734736e+07	2.98249865e-06
2.04000000e+01	1.71516922e+01	6.15099329e+06	2.39407389e+05	7.80120129e-06	7.45428089e+02	7.80120129e-07	7.45428089e+01	-7.19228760e+07	2.74199155e-06
2.05000000e+01	1.72357691e+01	6.12999146e+06	2.38589961e+05	1.00000000e-09	1.00000000e-09	1.00000000e-10	1.00000000e-10	0.00000000e+00	2.52087882e-06
2.06000000e+01	1.73198460e+01	6.10899032e+06	2.37772560e+05	1.00000000e-09	1.00000000e-09	1.00000000e-10	1.00000000e-10	0.00000000e+00	2.31759650e-06
2.07000000e+01	1.74039230e+01	6.08798918e+06	2.36955159e+05	2.73675261e-05	6.53793802e+02	2.73675261e-06	6.53793802e+01	-6.30815095e+07	2.13070675e-06
2.08000000e+01	1.74879999e+01	6.06698804e+06	2.36137758e+05	9.53732158e-06	9.27478638e+02	9.53732158e-07	9.27478638e+01	-8.94880835e+07	1.95888770e-06
2.09000000e+01	1.75720768e+01	6.04598960e+06	2.35320462e+05	1.00000000e-09	1.00000000e-09	1.00000000e-10	1.00000000e-10	0.00000000e+00	1.80092404e-06
2.10000000e+01	1.76561537e+01	6.02499270e+06	2.34503226e+05	1.00000000e-09	1.00000000e-09	1.00000000e-10	1.00000000e-10	0.00000000e+00	1.65569849e-06
2.11000000e+01	1.77402306e+01	6.00399580e+06	2.33685991e+05	1.94078623e-05	4.52030411e+02	1.94078623e-06	4.52030411e+01	-4.36143024e+07	1.52218384e-06
2.12000000e+01	1.78243076e+01	5.98299890e+06	2.32868755e+05	1.02252647e-05	1.07424701e+03	1.02252647e-06	1.07424701e+02	-1.03649078e+08	1.39943575e-06
2.13000000e+01	1.79083845e+01	5.96200435e+06	2.32051610e+05	1.00000000e-09	1.00000000e-09	1.00000000e-10	1.00000000e-10	0.00000000e+00	1.28658600e-06
2.14000000e+01	1.79924614e+01	5.94101217e+06	2.31234558e+05	1.00000000e-09	1.00000000e-09	1.00000000e-10	1.00000000e-10	0.00000000e+00	1.18283639e-06
2.15000000e+01	1.80765383e+01	5.92001999e+06	2.30417505e+05	1.16065537e-05	2.11612083e+02	1.16065537e-06	2.11612083e+01	-2.04174610e+07	1.08745310e-06
2.16000000e+01	1.81606153e+01	5.89902781e+06	2.29600453e+05	9.29442855e-06	1.17527123e+03	9.29442855e-07	1.17527123e+02	-1.13396434e+08	9.99761460e-07
2.17000000e+01	1.82446922e+01	5.87803735e+06	2.28783468e+05	1.00000000e-09	1.00000000e-09	1.00000000e-10	1.00000000e-10	0.00000000e+00	9.19141229e-07
2.18000000e+01	1.83287691e+01	5.85704996e+06	2.27966602e+05	1.00000000e-09	1.00000000e-09	1.00000000e-10	1.00000000e-10	0.00000000e+00	8.45022171e-07
2.19000000e+01	1.84128460e+01	5.83606257e+06	2.27149736e+05	3.69771999e-06	1.00000000e-09	3.69771999e-07	1.00000000e-10	3.56679256e-01	7.76880034e-07
2.20000000e+01	1.84969229e+01	5.81507519e+06	2.26332871e+05	4.94720793e-06	1.22076520e+03	4.94720793e-07	1.22076520e+02	-1.17785935e+08	7.14232843e-07
2.21000000e+01	1.85809999e+01	5.79408864e+06	2.25516038e+05	1.00000000e-09	1.97489917e+02	1.00000000e-10	1.97489917e+01	-1.90548802e+07	6.56637488e-07
2.22000000e+01	1.86650768e+01	5.77310566e+06	2.24699344e+05	1.00000000e-09	1.00000000e-09	1.00000000e-10	1.00000000e-10	0.00000000e+00	6.03686592e-07
2.23000000e+01	1.87491537e+01	5.75212268e+06	2.23882649e+05	1.00000000e-09	1.00000000e-09	1.00000000e-10	1.00000000e-10	0.00000000e+00	5.55005627e-07
2.24000000e+01	1.88332306e+01	5.73113970e+06	2.23065955e+05	1.00000000e-09	1.20205406e+03	1.00000000e-10	1.20205406e+02	-1.15980586e+08	5.10250270e-07
2.25000000e+01	1.89173076e+01	5.71015672e+06	2.22249261e+05	1.00000000e-09	4.97106878e+02	1.00000000e-10	4.97106878e+01	-4.79635222e+07	4.69103960e-07
2.26000000e+01	1.90013845e+01	5.68917750e+06	2.21432713e+05	7.91076190e-06	1.00000000e-09	7.91076190e-07	1.00000000e-10	7.63176004e-01	4.31275667e-07
2.27000000e+01	1.90854614e+01	5.66819909e+06	2.20616197e+05	1.00000000e-09	1.00000000e-09	1.00000000e-10	1.00000000e-10	0.00000000e+00	3.96497828e-07
2.28000000e+01	1.91695383e+01	5.64722068e+06	2.19799681e+05	1.00000000e-09	1.11193154e+03	1.00000000e-10	1.11193154e+02	-1.07285084e+08	3.64524455e-07
2.29000000e+01	1.92536153e+01	5.62624227e+06	2.18983164e+05	1.00000000e-09	7.90281436e+02	1.00000000e-10	7.90281436e+01	-7.62505668e+07	3.35129397e-07
2.30000000e+01	1.93376922e+01	5.60526744e+06	2.18166787e+05	1.25563583e-05	1.00000000e-09	1.25563583e-06	1.00000000e-10	1.21140792e+00	3.08104742e-07
2.31000000e+01	1.94217691e+01	5.58429459e+06	2.17350487e+05	3.97720129e-05	1.00000000e-09	3.97720129e-06	1.00000000e-10	3.83731939e+00	2.83259340e-07
2.32000000e+01	1.95058460e+01	5.56332175e+06	2.16534188e+05	5.11935570e-06	9.47437080e+02	5.11935570e-07	9.47437080e+01	-9.14137809e+07	2.60417458e-07
2.33000000e+01	1.95899229e+01	5.54234890e+06	2.15717888e+05	1.45429557e-06	1.06357530e+03	1.45429557e-07	1.06357530e+02	-1.02619416e+08	2.39417533e-07
2.34000000e+01	1.96739999e+01	5.52137906e+06	2.14901705e+05	5.66169111e-06	1.00000000e-09	5.66169111e-07	1.00000000e-10	5.46173662e-01	2.20111031e-07
2.35000000e+01	1.97580768e+01	5.50041228e+06	2.14085641e+05	1.24253432e-05	1.00000000e-09	1.24253432e-06	1.00000000e-10	1.19876688e+00	2.02361395e-07
2.36000000e+01	1.98421537e+01	5.47944551e+06	2.13269578e+05	1.00000000e-09	7.09395573e+02	1.00000000e-10	7.09395573e+01	-6.84462675e+07	1.86043080e-07
2.37000000e+01	1.99262306e+01	5.45847873e+06	2.12453514e+05	1.00000000e-09	1.29721352e+03	1.00000000e-10	1.29721352e+02	-1.25162077e+08	1.71040665e-07
2.38000000e+01	2.00103076e+01	5.43751401e+06	2.11637531e+05	1.57603132e-06	1.00000000e-09	1.57603132e-07	1.00000000e-10	1.51967420e-01	1.57248037e-07
2.39000000e+01	2.00943845e+01	5.41655321e+06	2.10821700e+05	5.88427394e-06	1.00000000e-09	5.88427394e-07	1.00000000e-10	5.67649640e-01	1.44567640e-07
2.40000000e+01	2.01784614e+01	5.39559240e+06	2.10005869e+05	1.00000000e-09	4.04005356e+02	1.00000000e-10	4.04005356e+01	-3.89805910e+07	1.32909782e-07
2.41000000e+01	2.02625383e+01	5.37463160e+06	2.09190038e+05	1.00000000e-09	1.47073175e+03	1.00000000e-10	1.47073175e+02	-1.41904041e+08	1.22192009e-07
2.42000000e+01	2.03466152e+01	5.35367160e+06	2.08374238e+05	8.54189427e-07	1.00000000e-09	8.54189427e-08	1.00000000e-10	8.23202652e-02	1.12338510e-07
2.43000000e+01	2.04306922e+01	5.33271601e+06	2.07558610e+05	3.83639429e-06	1.00000000e-09	3.83639429e-07	1.00000000e-10	3.70059292e-01	1.03279593e-07
2.44000000e+01	2.05147691e+01	5.31176042e+06	2.06742982e+05	1.00000000e-09	4.34399686e+01	1.00000000e-10	4.34399686e+00	-4.19131980e+06	9.49511815e-08
2.45000000e+01	2.05988460e+01	5.29080483e+06	2.05927354e+05	1.00000000e-09	1.56462723e+03	1.00000000e-10	1.56462723e+02	-1.50963578e+08	8.72943689e-08
2.46000000e+01	2.06829229e+01	5.26984924e+06	2.05111725e+05	6.23328959e-07	1.48390978e+02	6.23328959e-08	1.48390978e+01	-1.43175528e+07	8.02549976e-08
2.47000000e+01	2.07669999e+01	5.24889810e+06	2.04296271e+05	2.83670480e-06	1.00000000e-09	2.83670480e-07	1.00000000e-10	2.73603919e-01	7.37832774e-08
2.48000000e+01	2.08510768e+01	5.22794827e+06	2.03480867e+05	1.00000000e-09	1.00000000e-09	1.00000000e-10	1.00000000e-10	0.00000000e+00	6.78334333e-08
2.49000000e+01	2.09351537e+01	5.20699844e+06	2.02665463e+05	1.00000000e-09	1.56236644e+03	1.00000000e-10	1.56236644e+02	-1.50745444e+08	6.23633815e-08
2.50000000e+01	2.10192306e+01	5.18604862e+06	2.01850059e+05	5.43533237e-07	5.54769143e+02	5.43533237e-08	5.54769143e+01	-5.35270850e+07	5.73344317e-08
2.51000000e+01	2.11033075e+01	5.16510281e+06	2.01034812e+05	2.24687198e-06	1.00000000e-09	2.24687198e-07	1.00000000e-10	2.16693704e-01	5.27110137e-08
2.52000000e+01	2.11873845e+01	5.14415969e+06	2.00219669e+05	1.00000000e-09	1.00000000e-09	1.00000000e-10	1.00000000e-10	0.00000000e+00	4.84604257e-08
2.53000000e+01	2.12714614e+01	5.12321658e+06	1.99404527e+05	1.00000000e-09	1.45305543e+03	1.00000000e-10	1.45305543e+02	-1.40198536e+08	4.45526029e-08
2.54000000e+01	2.13555383e+01	5.10227347e+06	1.98589384e+05	5.17074746e-07	9.59533325e+02	5.17074746e-08	9.59533325e+01	-9.25808915e+07	4.09599048e-08
2.55000000e+01	2.14396152e+01	5.08133348e+06	1.97774363e+05	1.86464991e-06	1.00000000e-09	1.86464991e-07	1.00000000e-10	1.79814880e-01	3.76569199e-08
2.56000000e+01	2.15236922e+01	5.06039734e+06	1.96959492e+05	1.00000000e-09	1.00000000e-09	1.00000000e-10	1.00000000e-10	0.00000000e+00	3.46202860e-08
2.57000000e+01	2.16077691e+01	5.03946120e+06	1.96144621e+05	1.00000000e-09	1.23276948e+03	1.00000000e-10	1.23276948e+02	-1.18944173e+08	3.18285246e-08
2.58000000e+01	2.16918460e+01	5.01852507e+06	1.95329750e+05	4.93412341e-07	1.33219462e+03	4.93412341e-08	1.33219462e+02	-1.28537240e+08	2.92618894e-08
2.59000000e+01	2.17759229e+01	4.99759074e+06	1.94514950e+05	1.68579470e-06	1.00000000e-09	1.68579470e-07	1.00000000e-10	1.62557977e-01	2.69022262e-08
2.60000000e+01	2.18599998e+01	4.97666106e+06	1.93700330e+05	1.00000000e-09	1.00000000e-09	1.00000000e-10	1.00000000e-10	0.00000000e+00	2.47328451e-08
2.61000000e+01	2.19440768e+01	4.95573138e+06	1.92885710e+05	1.00000000e-09	9.06045541e+02	1.00000000e-10	9.06045541e+01	-8.74201050e+07	2.27384017e-08
2.62000000e+01	2.20281537e+01	4.93480170e+06	1.92071091e+05	4.36046375e-07	1.64079226e+03	4.36046375e-08	1.64079226e+02	-1.58312386e+08	2.09047891e-08
2.63000000e+01	2.21122306e+01	4.91387226e+06	1.91256480e+05	1.63821779e-06	1.00000000e-09	1.63821779e-07	1.00000000e-10	1.57967503e-01	1.92190381e-08
2.64000000e+01	2.21963075e+01	4.89294777e+06	1.90442063e+05	1.00000000e-09	1.00000000e-09	1.00000000e-10	1.00000000e-10	0.00000000e+00	1.76692251e-08
2.65000000e+01	2.22803845e+01	4.87202379e+06	1.89627665e+05	1.00000000e-09	4.80584823e+02	1.00000000e-10	4.80584823e+01	-4.63693862e+07	1.62443882e-08
2.66000000e+01	2.23644614e+01	4.85109981e+06	1.88813267e+05	3.20159039e-07	1.85401101e+03	3.20159039e-08	1.85401101e+02	-1.78884868e+08	1.49344494e-08
2.67000000e+01	2.24485383e+01	4.83017583e+06	1.87998870e+05	1.66767009e-06	1.00000000e-09	1.66767009e-07	1.00000000e-10	1.60809217e-01	1.37301434e-08
2.68000000e+01	2.25326152e+01	4.80925656e+06	1.87184655e+05	1.00000000e-09	1.00000000e-09	1.00000000e-10	1.00000000e-10	0.00000000e+00	1.26229520e-08
2.69000000e+01	2.26166921e+01	4.78833940e+06	1.86370523e+05	1.00000000e-09	1.00000000e-09	1.00000000e-10	1.00000000e-10	0.00000000e+00	1.16050438e-08
2.70000000e+01	2.27007691e+01	4.76742225e+06	1.85556391e+05	1.16370300e-07	1.94722755e+03	1.16370300e-08	1.94722755e+02	-1.87878896e+08	1.06692193e-08
2.71000000e+01	2.27848460e+01	4.74650509e+06	1.84742258e+05	1.72008482e-06	2.54322774e+02	1.72008482e-07	2.54322774e+01	-2.45384171e+07	9.80885916e-09
2.72000000e+01	2.28689229e+01	4.72559182e+06	1.83928278e+05	1.00000000e-09	1.00000000e-09	1.00000000e-10	1.00000000e-10	0.00000000e+00	9.01787799e-09
2.73000000e+01	2.29529998e+01	4.70468209e+06	1.83114434e+05	1.00000000e-09	1.00000000e-09	1.00000000e-10	1.00000000e-10	0.00000000e+00	8.29068113e-09
2.74000000e+01	2.30370768e+01	4.68377235e+06	1.82300591e+05	1.00000000e-09	1.90207620e+03	1.00000000e-10	1.90207620e+02	-1.83522454e+08	7.62212503e-09
2.75000000e+01	2.31211537e+01	4.66286262e+06	1.81486747e+05	1.72608534e-06	7.77809346e+02	1.72608534e-07	7.77809346e+01	-7.50471929e+07	7.00748093e-09
2.76000000e+01	2.32052306e+01	4.64195549e+06	1.80673006e+05	2.02986299e-07	1.00000000e-09	2.02986299e-08	1.00000000e-10	1.94887152e-02	6.44240141e-09
2.77000000e+01	2.32893075e+01	4.62105294e+06	1.79859442e+05	1.00000000e-09	1.00000000e-09	1.00000000e-10	1.00000000e-10	0.00000000e+00	5.92288960e-09
2.78000000e+01	2.33733845e+01	4.60015038e+06	1.79045878e+05	1.00000000e-09	1.71092752e+03	1.00000000e-10	1.71092752e+02	-1.65079410e+08	5.44527095e-09
2.79000000e+01	2.34574614e+01	4.57924783e+06	1.78232314e+05	1.57282932e-06	1.27661024e+03	1.57282932e-07	1.27661024e+02	-1.23174163e+08	5.00616720e-09
2.80000000e+01	2.35415383e+01	4.55834627e+06	1.77418789e+05	5.00654962e-07	1.00000000e-09	5.00654962e-08	1.00000000e-10	4.82093750e-02	4.60247255e-09
2.81000000e+01	2.36256152e+01	4.53744982e+06	1.76605463e+05	1.00000000e-09	1.00000000e-09	1.00000000e-10	1.00000000e-10	0.00000000e+00	4.23133162e-09
2.82000000e+01	2.37096921e+01	4.51655337e+06	1.75792136e+05	1.00000000e-09	1.37837581e+03	1.00000000e-10	1.37837581e+02	-1.32993048e+08	3.89011930e-09
2.83000000e+01	2.37937691e+01	4.49565693e+06	1.74978810e+05	1.31019118e-06	1.70832604e+03	1.31019118e-07	1.70832604e+02	-1.64828405e+08	3.57642216e-09
2.84000000e+01	2.38778460e+01	4.47476048e+06	1.74165484e+05	8.19137932e-07	1.00000000e-09	8.19137932e-08	1.00000000e-10	7.89383101e-02	3.28802138e-09
2.85000000e+01	2.39619229e+01	4.45386909e+06	1.73352355e+05	1.00000000e-09	1.00000000e-09	1.00000000e-10	1.00000000e-10	0.00000000e+00	3.02287709e-09
2.86000000e+01	2.40459998e+01	4.43297923e+06	1.72539285e+05	1.00000000e-09	9.11445486e+02	1.00000000e-10	9.11445486e+01	-8.79411204e+07	2.77911390e-09
2.87000000e+01	2.41300768e+01	4.41208938e+06	1.71726215e+05	1.06342870e-06	2.03303722e+03	1.06342870e-07	2.03303722e+02	-1.96158271e+08	2.55500764e-09
2.88000000e+01	2.42141537e+01	4.39119952e+06	1.70913146e+05	1.11169170e-06	1.00000000e-09	1.11169170e-07	1.00000000e-10	1.07165458e-01	2.34897319e-09
2.89000000e+01	2.42982306e+01	4.37031404e+06	1.70100246e+05	1.00000000e-09	1.00000000e-09	1.00000000e-10	1.00000000e-10	0.00000000e+00	2.15955324e-09
2.90000000e+01	2.43823075e+01	4.34943167e+06	1.69287468e+05	1.00000000e-09	3.51737922e+02	1.00000000e-10	3.51737922e+01	-3.39375502e+07	1.98540802e-09
2.91000000e+01	2.44663844e+01	4.32854931e+06	1.68474690e+05	7.13890666e-07	2.21740621e+03	7.13890666e-08	2.21740621e+02	-2.13947175e+08	1.82530578e-09
2.92000000e+01	2.45504614e+01	4.30766695e+06	1.67661913e+05	1.33800643e-06	1.00000000e-09	1.33800643e-07	1.00000000e-10	1.29001509e-01	1.67811410e-09
2.93000000e+01	2.46345383e+01	4.28678776e+06	1.66849258e+05	1.00000000e-09	1.00000000e-09	1.00000000e-10	1.00000000e-10	0.00000000e+00	1.54279187e-09
2.94000000e+01	2.47186152e+01	4.26591293e+06	1.66036773e+05	1.00000000e-09	1.00000000e-09	1.00000000e-10	1.00000000e-10	0.00000000e+00	1.41838196e-09
2.95000000e+01	2.48026921e+01	4.24503809e+06	1.65224288e+05	1.00000000e-09	2.23844239e+03	1.00000000e-10	2.23844239e+02	-2.15976858e+08	1.30400439e-09
2.96000000e+01	2.48867691e+01	4.22416326e+06	1.64411803e+05	1.00000000e-09	5.35080258e+02	1.00000000e-10	5.35080258e+01	-5.16273964e+07	1.19885018e-09
2.97000000e+01	2.49708460e+01	4.20328999e+06	1.63599379e+05	1.00000000e-09	1.00000000e-09	1.00000000e-10	1.00000000e-10	0.00000000e+00	1.10217554e-09
2.98000000e+01	2.50549229e+01	4.18242182e+06	1.62787153e+05	7.30584139e-08	1.00000000e-09	7.30584139e-09	1.00000000e-10	6.95258000e-03	1.01329669e-09
2.99000000e+01	2.51389998e+01	4.16155364e+06	1.61974927e+05	2.04362922e-07	2.08636959e+03	2.04362922e-08	2.08636959e+02	-2.01304063e+08	9.31584987e-10
3.00000000e+01	2.52230767e+01	4.14068546e+06	1.61162702e+05	2.62822597e-08	1.13118749e+03	2.62822597e-09	1.13118749e+02	-1.09143001e+08	8.56462471e-10
3.01000000e+01	2.53071537e+01	4.11981729e+06	1.60350476e+05	1.00000000e-09	1.00000000e-09	1.00000000e-10	1.00000000e-10	0.00000000e+00	7.87397794e-10
3.02000000e+01	2.53912306e+01	4.09895432e+06	1.59538453e+05	1.00000000e-09	1.00000000e-09	1.00000000e-10	1.00000000e-10	0.00000000e+00	7.23902457e-10
3.03000000e+01	2.54753075e+01	4.07809238e+06	1.58726470e+05	7.40557641e-08	1.75566382e+03	7.40557641e-09	1.75566382e+02	-1.69395806e+08	6.65527349e-10
3.04000000e+01	2.55593844e+01	4.05723044e+06	1.57914487e+05	6.08901462e-08	1.65812484e+03	6.08901462e-09	1.65812484e+02	-1.59984726e+08	6.11859579e-10
3.05000000e+01	2.56434614e+01	4.03636850e+06	1.57102504e+05	1.00000000e-09	1.00000000e-09	1.00000000e-10	1.00000000e-10	0.00000000e+00	5.62519549e-10
3.06000000e+01	2.57275383e+01	4.01551122e+06	1.56290702e+05	1.00000000e-09	1.00000000e-09	1.00000000e-10	1.00000000e-10	0.00000000e+00	5.17158273e-10
3.07000000e+01	2.58116152e+01	3.99465668e+06	1.55479007e+05	1.00000000e-09	1.27889806e+03	1.00000000e-10	1.27889806e+02	-1.23394904e+08	4.75454906e-10
3.08000000e+01	2.58956921e+01	3.97380214e+06	1.54667312e+05	5.53083849e-08	2.07038599e+03	5.53083849e-09	2.07038599e+02	-1.99761880e+08	4.37114476e-10
3.09000000e+01	2.59797690e+01	3.95294760e+06	1.53855616e+05	1.84260225e-08	1.00000000e-09	1.84260225e-09	1.00000000e-10	1.68135557e-03	4.01865798e-10
3.10000000e+01	2.60638460e+01	3.93209659e+06	1.53044059e+05	1.00000000e-09	1.00000000e-09	1.00000000e-10	1.00000000e-10	0.00000000e+00	3.69459555e-10
3.11000000e+01	2.61479229e+01	3.91124970e+06	1.52232661e+05	1.00000000e-09	6.91515132e+02	1.00000000e-10	6.91515132e+01	-6.67210672e+07	3.39666533e-10
3.12000000e+01	2.62319998e+01	3.89040281e+06	1.51421264e+05	2.13247287e-08	2.33010444e+03	2.13247287e-09	2.33010444e+02	-2.24820900e+08	3.12276006e-10
3.13000000e+01	2.63160767e+01	3.86955591e+06	1.50609867e+05	3.69632417e-08	1.00000000e-09	3.69632417e-09	1.00000000e-10	3.46992532e-03	2.87094235e-10
3.14000000e+01	2.64001537e+01	3.84871100e+06	1.49798546e+05	1.00000000e-09	1.00000000e-09	1.00000000e-10	1.00000000e-10	0.00000000e+00	2.63943109e-10
3.15000000e+01	2.64842306e+01	3.82787107e+06	1.48987420e+05	1.00000000e-09	3.99032200e+01	1.00000000e-10	3.99032200e+00	-3.85007544e+06	2.42658878e-10
3.16000000e+01	2.65683075e+01	3.80703114e+06	1.48176293e+05	1.00000000e-09	2.41185049e+03	1.00000000e-10	2.41185049e+02	-2.32708195e+08	2.23090996e-10
3.17000000e+01	2.66523844e+01	3.78619122e+06	1.47365167e+05	2.76561669e-08	2.57442658e+02	2.76561669e-09	2.57442658e+01	-2.48394403e+07	2.05101057e-10
3.18000000e+01	2.67364614e+01	3.76535145e+06	1.46554047e+05	2.42363638e-08	1.00000000e-09	2.42363638e-09	1.00000000e-10	2.24196827e-03	1.88561817e-10
3.19000000e+01	2.68205383e+01	3.74451694e+06	1.45743132e+05	1.00000000e-09	1.00000000e-09	1.00000000e-10	1.00000000e-10	0.00000000e+00	1.73356293e-10
3.20000000e+01	2.69046152e+01	3.72368308e+06	1.44932241e+05	1.00000000e-09	2.29678602e+03	1.00000000e-10	2.29678602e+02	-2.21606162e+08	1.59376934e-10
3.21000000e+01	2.69886921e+01	3.70284921e+06	1.44121351e+05	1.00000000e-09	9.05916214e+02	1.00000000e-10	9.05916214e+01	-8.74076268e+07	1.46524863e-10
3.22000000e+01	2.70727690e+01	3.68201535e+06	1.43310461e+05	2.75444640e-08	1.00000000e-09	2.75444640e-09	1.00000000e-10	2.56115143e-03	1.34709176e-10
3.23000000e+01	2.71568460e+01	3.66118631e+06	1.42499758e+05	1.53956217e-08	1.00000000e-09	1.53956217e-09	1.00000000e-10	1.38896635e-03	1.23846300e-10
3.24000000e+01	2.72409229e+01	3.64035969e+06	1.41689150e+05	1.00000000e-09	1.99926721e+03	1.00000000e-10	1.99926721e+02	-1.92899960e+08	1.13859401e-10
3.25000000e+01	2.73249998e+01	3.61953308e+06	1.40878542e+05	1.00000000e-09	1.48782267e+03	1.00000000e-10	1.48782267e+02	-1.43553064e+08	1.04677839e-10
3.26000000e+01	2.74090767e+01	3.59870646e+06	1.40067934e+05	3.67667645e-09	1.00000000e-09	3.67667645e-10	1.00000000e-10	2.58260017e-04	9.62366743e-11
3.27000000e+01	2.74931537e+01	3.57788363e+06	1.39257473e+05	2.48265751e-08	1.00000000e-09	2.48265751e-09	1.00000000e-10	2.29891501e-03	8.84762003e-11
3.28000000e+01	2.75772306e+01	3.55706471e+06	1.38447164e+05	1.00723973e-08	1.54535232e+03	1.00723973e-09	1.54535232e+02	-1.49103831e+08	8.13415267e-11
3.29000000e+01	2.76613075e+01	3.53624578e+06	1.37636855e+05	1.00000000e-09	1.95426969e+03	1.00000000e-10	1.95426969e+02	-1.88558360e+08	7.47821894e-11
3.30000000e+01	2.77453844e+01	3.51542686e+06	1.36826546e+05	1.00000000e-09	1.00000000e-09	1.00000000e-10	1.00000000e-10	0.00000000e+00	6.87517936e-11
3.31000000e+01	2.78294613e+01	3.49461020e+06	1.36016325e+05	4.37707463e-09	1.00000000e-09	4.37707463e-10	1.00000000e-10	3.25838167e-04	6.32076857e-11
3.32000000e+01	2.79135383e+01	3.47379844e+06	1.35206295e+05	2.18817237e-08	9.72913209e+02	2.18817237e-09	9.72913209e+01	-9.38718541e+07	5.81106517e-11
3.33000000e+01	2.79976152e+01	3.45298668e+06	1.34396265e+05	9.43537686e-09	2.26634658e+03	9.43537686e-10	2.26634658e+02	-2.18669202e+08	5.34246397e-11
3.34000000e+01	2.80816921e+01	3.43217492e+06	1.33586235e+05	1.00000000e-09	1.00000000e-09	1.00000000e-10	1.00000000e-10	0.00000000e+00	4.91165053e-11
3.35000000e+01	2.81657690e+01	3.41136362e+06	1.32776223e+05	1.00000000e-09	1.00000000e-09	1.00000000e-10	1.00000000e-10	0.00000000e+00	4.51557765e-11
3.36000000e+01	2.82498460e+01	3.39055759e+06	1.31966416e+05	1.48020428e-09	3.30307655e+02	1.48020428e-10	3.30307655e+01	-3.18698438e+07	4.15144388e-11
3.37000000e+01	2.83339229e+01	3.36975192e+06	1.31156623e+05	1.89147973e-08	2.39413686e+03	1.89147973e-09	2.39413686e+02	-2.30999091e+08	3.81667366e-11
3.38000000e+01	2.84179998e+01	3.34894625e+06	1.30346830e+05	1.16097680e-08	1.00000000e-09	1.16097680e-09	1.00000000e-10	1.02368699e-03	3.50889914e-11
3.39000000e+01	2.85020767e+01	3.32814058e+06	1.29537037e+05	1.00000000e-09	1.00000000e-09	1.00000000e-10	1.00000000e-10	0.00000000e+00	3.22594338e-11
3.40000000e+01	2.85861536e+01	3.30733986e+06	1.28727437e+05	1.00000000e-09	1.00000000e-09	1.00000000e-10	1.00000000e-10	0.00000000e+00	2.96580503e-11
3.41000000e+01	2.86702306e+01	3.28654132e+06	1.27917922e+05	1.00000000e-09	2.32834368e+03	1.00000000e-10	2.32834368e+02	-2.24651013e+08	2.72664410e-11
3.42000000e+01	2.87543075e+01	3.26574278e+06	1.27108406e+05	1.30074037e-08	6.16545457e+02	1.30074037e-09	6.16545457e+01	-5.94875932e+07	2.50676897e-11
3.43000000e+01	2.88383844e+01	3.24494425e+06	1.26298891e+05	1.61024884e-08	1.00000000e-09	1.61024884e-09	1.00000000e-10	1.45716861e-03	2.30462446e-11
3.44000000e+01	2.89224613e+01	3.22414970e+06	1.25489531e+05	1.15651673e-09	1.00000000e-09	1.15651673e-10	1.00000000e-10	1.51015691e-05	2.11878078e-11
3.45000000e+01	2.90065383e+01	3.20335890e+06	1.24680317e+05	1.00000000e-09	2.08433757e+03	1.00000000e-10	2.08433757e+02	-2.01108003e+08	1.94792342e-11
3.46000000e+01	2.90906152e+01	3.18256810e+06	1.23871102e+05	1.00000000e-09	1.20683971e+03	1.00000000e-10	1.20683971e+02	-1.16442330e+08	1.79084392e-11
3.47000000e+01	2.91746921e+01	3.16177730e+06	1.23061888e+05	1.00000000e-09	1.00000000e-09	1.00000000e-10	1.00000000e-10	0.00000000e+00	1.64643122e-11
3.48000000e+01	2.92587690e+01	3.14098902e+06	1.22252772e+05	1.63380785e-08	1.00000000e-09	1.63380785e-09	1.00000000e-10	1.47989960e-03	1.51366389e-11
3.49000000e+01	2.93428459e+01	3.12020559e+06	1.21443845e+05	1.50849581e-08	1.68675817e+03	1.50849581e-09	1.68675817e+02	-1.62747422e+08	1.39160284e-11
3.50000000e+01	2.94269229e+01	3.09942215e+06	1.20634917e+05	1.00000000e-09	1.68903524e+03	1.00000000e-10	1.68903524e+02	-1.62967126e+08	1.27938473e-11
3.51000000e+01	2.95109998e+01	3.07863871e+06	1.19825989e+05	1.00000000e-09	1.00000000e-09	1.00000000e-10	1.00000000e-10	0.00000000e+00	1.17621583e-11
3.52000000e+01	2.95950767e+01	3.05785600e+06	1.19017090e+05	1.00000000e-09	1.00000000e-09	1.00000000e-10	1.00000000e-10	0.00000000e+00	1.08136641e-11
3.53000000e+01	2.96791536e+01	3.03707862e+06	1.18208398e+05	1.00000000e-09	1.17309668e+03	1.00000000e-10	1.17309668e+02	-1.13186622e+08	9.94165601e-12
3.54000000e+01	2.97632306e+01	3.01630133e+06	1.17399710e+05	1.15475450e-08	2.02555089e+03	1.15475450e-09	2.02555089e+02	-1.95435951e+08	9.13996618e-12
3.55000000e+01	2.98473075e+01	2.99552404e+06	1.16591021e+05	1.58628274e-08	1.00000000e-09	1.58628274e-09	1.00000000e-10	1.43404484e-03	8.40292419e-12
3.56000000e+01	2.99313844e+01	2.97474674e+06	1.15782333e+05	7.92969238e-09	1.00000000e-09	7.92969238e-10	1.00000000e-10	6.68613671e-04	7.72531687e-12
3.57000000e+01	3.00154613e+01	2.95397457e+06	1.14973843e+05	1.00000000e-09	5.88455696e+02	1.00000000e-10	5.88455696e+01	-5.67773432e+07	7.10235144e-12
3.58000000e+01	3.00995383e+01	2.93320436e+06	1.14165431e+05	1.00000000e-09	2.18594381e+03	1.00000000e-10	2.18594381e+02	-2.10911514e+08	6.52962161e-12
3.59000000e+01	3.01836152e+01	2.91243415e+06	1.13357018e+05	1.00000000e-09	1.00000000e-09	1.00000000e-10	1.00000000e-10	0.00000000e+00	6.00307641e-12
3.60000000e+01	3.02676921e+01	2.89166393e+06	1.12548605e+05	1.00000000e-09	1.00000000e-09	1.00000000e-10	1.00000000e-10	0.00000000e+00	5.51899153e-12
3.61000000e+01	3.03517690e+01	2.87089798e+06	1.11740358e+05	5.52386581e-09	1.00000000e-09	5.52386581e-10	1.00000000e-10	4.36486695e-04	5.07394300e-12
3.62000000e+01	3.04358459e+01	2.85013562e+06	1.10932250e+05	1.82301742e-08	2.17476899e+03	1.82301742e-09	2.17476899e+02	-2.09833309e+08	4.66478295e-12
3.63000000e+01	3.05199229e+01	2.82937326e+06	1.10124143e+05	2.37158576e-08	2.84299551e+02	2.37158576e-09	2.84299551e+01	-2.74307366e+07	4.28861734e-12
3.64000000e+01	3.06039998e+01	2.80861090e+06	1.09316036e+05	2.19809543e-08	1.00000000e-09	2.19809543e-09	1.00000000e-10	2.02435435e-03	3.94278553e-12
3.65000000e+01	3.06880767e+01	2.78785139e+06	1.08508040e+05	1.62147244e-08	1.00000000e-09	1.62147244e-09	1.00000000e-10	1.46799774e-03	3.62484141e-12
3.66000000e+01	3.07721536e+01	2.76709668e+06	1.07700230e+05	1.04246688e-08	2.00187580e+03	1.04246688e-09	2.00187580e+02	-1.93151652e+08	3.33253613e-12
3.67000000e+01	3.08562306e+01	2.74634198e+06	1.06892421e+05	6.73193530e-09	8.35836353e+02	6.73193530e-10	8.35836353e+01	-8.06459481e+07	3.06380220e-12
3.68000000e+01	3.09403075e+01	2.72558727e+06	1.06084611e+05	4.23255241e-09	1.00000000e-09	4.23255241e-10	1.00000000e-10	3.11893893e-04	2.81673882e-12
3.69000000e+01	3.10243844e+01	2.70483365e+06	1.05276844e+05	2.45015742e-09	1.00000000e-09	2.45015742e-10	1.00000000e-10	1.39918920e-04	2.58959851e-12
3.70000000e+01	3.11084613e+01	2.68408544e+06	1.04469288e+05	1.14078950e-09	1.69065604e+03	1.14078950e-10	1.69065604e+02	-1.63123510e+08	2.38077467e-12
3.71000000e+01	3.11925382e+01	2.66333723e+06	1.03661731e+05	1.00000000e-09	1.29506838e+03	1.00000000e-10	1.29506838e+02	-1.24955103e+08	2.18879027e-12
3.72000000e+01	3.12766152e+01	2.64258902e+06	1.02854175e+05	1.00000000e-09	1.00000000e-09	1.00000000e-10	1.00000000e-10	0.00000000e+00	2.01228739e-12
3.73000000e+01	3.13606921e+01	2.62184081e+06	1.02046618e+05	1.00000000e-09	1.00000000e-09	1.00000000e-10	1.00000000e-10	0.00000000e+00	1.85001761e-12
3.74000000e+01	3.14447690e+01	2.60109796e+06	1.01239270e+05	1.00000000e-09	1.27368195e+03	1.00000000e-10	1.27368195e+02	-1.22891626e+08	1.70083318e-12
3.75000000e+01	3.15288459e+01	2.58035676e+06	1.00431987e+05	1.00000000e-09	1.62000316e+03	1.00000000e-10	1.62000316e+02	-1.56306543e+08	1.56367890e-12
3.76000000e+01	3.16129229e+01	2.55961556e+06	9.96247028e+04	1.00000000e-09	1.00000000e-09	1.00000000e-10	1.00000000e-10	0.00000000e+00	1.43758467e-12
3.77000000e+01	3.16969998e+01	2.53887436e+06	9.88174190e+04	1.00000000e-09	1.00000000e-09	1.00000000e-10	1.00000000e-10	0.00000000e+00	1.32165861e-12
3.78000000e+01	3.17810767e+01	2.51813778e+06	9.80103151e+04	1.00000000e-09	7.93009030e+02	1.00000000e-10	7.93009030e+01	-7.65137397e+07	1.21508076e-12
3.79000000e+01	3.18651536e+01	2.49740455e+06	9.72033420e+04	1.00000000e-09	1.80562673e+03	1.00000000e-10	1.80562673e+02	-1.74216495e+08	1.11709730e-12
3.80000000e+01	3.19492305e+01	2.47667133e+06	9.63963688e+04	1.00000000e-09	1.00000000e-09	1.00000000e-10	1.00000000e-10	0.00000000e+00	1.02701517e-12
3.81000000e+01	3.20333075e+01	2.45593811e+06	9.55893957e+04	1.00000000e-09	1.00000000e-09	1.00000000e-10	1.00000000e-10	0.00000000e+00	9.44197214e-13
3.82000000e+01	3.21173844e+01	2.43520821e+06	9.47825519e+04	1.00000000e-09	2.91442666e+02	1.00000000e-10	2.91442666e+01	-2.81199425e+07	8.68057654e-13
3.83000000e+01	3.22014613e+01	2.41448299e+06	9.39758902e+04	1.00000000e-09	1.84889134e+03	1.00000000e-10	1.84889134e+02	-1.78390895e+08	7.98057949e-13
3.84000000e+01	3.22855382e+01	2.39375777e+06	9.31692284e+04	1.00000000e-09	1.00000000e-09	1.00000000e-10	1.00000000e-10	0.00000000e+00	7.33702982e-13
3.85000000e+01	3.23696152e+01	2.37303255e+06	9.23625666e+04	1.00000000e-09	1.00000000e-09	1.00000000e-10	1.00000000e-10	0.00000000e+00	6.74537565e-13
3.86000000e+01	3.24536921e+01	2.35230896e+06	9.15559683e+04	1.00000000e-09	1.00000000e-09	1.00000000e-10	1.00000000e-10	0.00000000e+00	6.20143216e-13
3.87000000e+01	3.25377690e+01	2.33159081e+06	9.07495817e+04	1.00000000e-09	1.75925210e+03	1.00000000e-10	1.75925210e+02	-1.69742023e+08	5.70135198e-13
3.88000000e+01	3.26218459e+01	2.31087266e+06	8.99431951e+04	1.00000000e-09	4.08365980e+02	1.00000000e-10	4.08365980e+01	-3.94013272e+07	5.24159800e-13
3.89000000e+01	3.27059228e+01	2.29015450e+06	8.91368084e+04	1.00000000e-09	1.00000000e-09	1.00000000e-10	1.00000000e-10	0.00000000e+00	4.81891834e-13
3.90000000e+01	3.27899998e+01	2.26943635e+06	8.83304218e+04	1.00000000e-09	1.00000000e-09	1.00000000e-10	1.00000000e-10	0.00000000e+00	4.43032333e-13
3.91000000e+01	3.28740767e+01	2.24872376e+06	8.75242515e+04	1.00000000e-09	1.55620110e+03	1.00000000e-10	1.55620110e+02	-1.50150580e+08	4.07306443e-13
3.92000000e+01	3.29581536e+01	2.22801227e+06	8.67181242e+04	1.00000000e-09	7.98250877e+02	1.00000000e-10	7.98250877e+01	-7.70195010e+07	3.74461468e-13
3.93000000e+01	3.30422305e+01	2.20730078e+06	8.59119968e+04	1.00000000e-09	1.00000000e-09	1.00000000e-10	1.00000000e-10	0.00000000e+00	3.44265096e-13
3.94000000e+01	3.31263075e+01	2.18658929e+06	8.51058695e+04	1.00000000e-09	1.00000000e-09	1.00000000e-10	1.00000000e-10	0.00000000e+00	3.16503742e-13
3.95000000e+01	3.32103844e+01	2.16588280e+06	8.42999368e+04	1.00000000e-09	1.26772353e+03	1.00000000e-10	1.26772353e+02	-1.22316726e+08	2.90981049e-13
3.96000000e+01	3.32944613e+01	2.14517918e+06	8.34941158e+04	1.00000000e-09	1.09727387e+03	1.00000000e-10	1.09727387e+02	-1.05870834e+08	2.67516493e-13
3.97000000e+01	3.33785382e+01	2.12447556e+06	8.26882948e+04	1.00000000e-09	1.00000000e-09	1.00000000e-10	1.00000000e-10	0.00000000e+00	2.45944106e-13
3.98000000e+01	3.34626152e+01	2.10377193e+06	8.18824737e+04	1.00000000e-09	1.00000000e-09	1.00000000e-10	1.00000000e-10	0.00000000e+00	2.26111304e-13
3.99000000e+01	3.35466921e+01	2.08307219e+06	8.10768036e+04	1.00000000e-09	9.25142774e+02	1.00000000e-10	9.25142774e+01	-8.92627078e+07	2.07877809e-13
4.00000000e+01	3.36307690e+01	2.06237674e+06	8.02713004e+04	1.00000000e-09	1.29416270e+03	1.00000000e-10	1.29416270e+02	-1.24867718e+08	1.91114654e-13
4.01000000e+01	3.37148459e+01	2.04168128e+06	7.94657973e+04	1.00000000e-09	1.00000000e-09	1.00000000e-10	1.00000000e-10	0.00000000e+00	1.75703270e-13
4.02000000e+01	3.37989228e+01	2.02098583e+06	7.86602941e+04	1.00000000e-09	1.00000000e-09	1.00000000e-10	1.00000000e-10	0.00000000e+00	1.61534652e-13
4.03000000e+01	3.38829998e+01	2.00029271e+06	7.78548818e+04	1.00000000e-09	5.60198662e+02	1.00000000e-10	5.60198662e+01	-5.40509539e+07	1.48508584e-13
4.04000000e+01	3.39670767e+01	1.97960480e+06	7.70496721e+04	1.00000000e-09	1.38776474e+03	1.00000000e-10	1.38776474e+02	-1.33898941e+08	1.36532931e-13
4.05000000e+01	3.40511536e+01	1.95891688e+06	7.62444625e+04	1.00000000e-09	1.00000000e-09	1.00000000e-10	1.00000000e-10	0.00000000e+00	1.25522989e-13
4.06000000e+01	3.41352305e+01	1.93822897e+06	7.54392528e+04	1.00000000e-09	1.00000000e-09	1.00000000e-10	1.00000000e-10	0.00000000e+00	1.15400882e-13
4.07000000e+01	3.42193075e+01	1.91754162e+06	7.46340649e+04	1.00000000e-09	2.01901523e+02	1.00000000e-10	2.01901523e+01	-1.94805355e+07	1.06095016e-13
4.08000000e+01	3.43033844e+01	1.89685976e+06	7.38290911e+04	1.00000000e-09	1.38611943e+03	1.00000000e-10	1.38611943e+02	-1.33740194e+08	9.75395708e-14
4.09000000e+01	3.43874613e+01	1.87617820e+06	7.30241285e+04	1.00000000e-09	1.00000000e-09	1.00000000e-10	1.00000000e-10	0.00000000e+00	8.96740319e-14
4.10000000e+01	3.44715382e+01	1.85549663e+06	7.22191659e+04	1.00000000e-09	1.00000000e-09	1.00000000e-10	1.00000000e-10	0.00000000e+00	8.24427658e-14
4.11000000e+01	3.45556151e+01	1.83481507e+06	7.14142033e+04	1.00000000e-09	1.00000000e-09	1.00000000e-10	1.00000000e-10	0.00000000e+00	7.57946252e-14
4.12000000e+01	3.46396921e+01	1.81413869e+06	7.06094425e+04	1.00000000e-09	1.30239923e+03	1.00000000e-10	1.30239923e+02	-1.25662422e+08	6.96825871e-14
4.13000000e+01	3.47237690e+01	1.79346434e+06	6.98047609e+04	1.00000000e-09	2.73116339e+02	1.00000000e-10	2.73116339e+01	-2.63517207e+07	6.40634205e-14
4.14000000e+01	3.48078459e+01	1.77279000e+06	6.90000793e+04	1.00000000e-09	1.00000000e-09	1.00000000e-10	1.00000000e-10	0.00000000e+00	5.88973804e-14
4.15000000e+01	3.48919228e+01	1.75211565e+06	6.81953977e+04	1.00000000e-09	1.00000000e-09	1.00000000e-10	1.00000000e-10	0.00000000e+00	5.41479271e-14
4.16000000e+01	3.49759998e+01	1.73144562e+06	6.73908842e+04	1.00000000e-09	1.15608689e+03	1.00000000e-10	1.15608689e+02	-1.11545427e+08	4.97814672e-14
4.17000000e+01	3.50600767e+01	1.71077911e+06	6.65865072e+04	1.00000000e-09	5.26500326e+02	1.00000000e-10	5.26500326e+01	-5.07995589e+07	4.57671163e-14
4.18000000e+01	3.51441536e+01	1.69011259e+06	6.57821303e+04	1.00000000e-09	1.00000000e-09	1.00000000e-10	1.00000000e-10	0.00000000e+00	4.20764804e-14
4.19000000e+01	3.52282305e+01	1.66944607e+06	6.49777533e+04	1.00000000e-09	1.00000000e-09	1.00000000e-10	1.00000000e-10	0.00000000e+00	3.86834555e-14
4.20000000e+01	3.53123074e+01	1.64878257e+06	6.41734938e+04	1.00000000e-09	9.67139708e+02	1.00000000e-10	9.67139708e+01	-9.33147960e+07	3.55640423e-14
4.21000000e+01	3.53963844e+01	1.62812360e+06	6.33694109e+04	1.00000000e-09	7.20385414e+02	1.00000000e-10	7.20385414e+01	-6.95066259e+07	3.26961769e-14
4.22000000e+01	3.54804613e+01	1.60746464e+06	6.25653280e+04	1.00000000e-09	1.00000000e-09	1.00000000e-10	1.00000000e-10	0.00000000e+00	3.00595747e-14
4.23000000e+01	3.55645382e+01	1.58680568e+06	6.17612451e+04	1.00000000e-09	1.00000000e-09	1.00000000e-10	1.00000000e-10	0.00000000e+00	2.76355866e-14
4.24000000e+01	3.56486151e+01	1.56614817e+06	6.09572188e+04	1.00000000e-09	7.54509185e+02	1.00000000e-10	7.54509185e+01	-7.27990693e+07	2.54070677e-14
4.25000000e+01	3.57326921e+01	1.54549570e+06	6.01533886e+04	1.00000000e-09	8.54604063e+02	1.00000000e-10	8.54604063e+01	-8.24567569e+07	2.33582553e-14
4.26000000e+01	3.58167690e+01	1.52484322e+06	5.93495583e+04	1.00000000e-09	1.00000000e-09	1.00000000e-10	1.00000000e-10	0.00000000e+00	2.14746581e-14
4.27000000e+01	3.59008459e+01	1.50419075e+06	5.85457280e+04	1.00000000e-09	1.00000000e-09	1.00000000e-10	1.00000000e-10	0.00000000e+00	1.97429531e-14
4.28000000e+01	3.59849228e+01	1.48353828e+06	5.77418977e+04	1.00000000e-09	5.31844503e+02	1.00000000e-10	5.31844503e+01	-5.13151935e+07	1.81508919e-14
4.29000000e+01	3.60689997e+01	1.46289079e+06	5.69382615e+04	1.00000000e-09	9.33330082e+02	1.00000000e-10	9.33330082e+01	-9.00526629e+07	1.66872137e-14
4.30000000e+01	3.61530767e+01	1.44224425e+06	5.61346622e+04	1.00000000e-09	1.00000000e-09	1.00000000e-10	1.00000000e-10	0.00000000e+00	1.53415657e-14
4.31000000e+01	3.62371536e+01	1.42159771e+06	5.53310628e+04	1.00000000e-09	1.00000000e-09	1.00000000e-10	1.00000000e-10	0.00000000e+00	1.41044300e-14
4.32000000e+01	3.63212305e+01	1.40095117e+06	5.45274635e+04	1.00000000e-09	3.05924939e+02	1.00000000e-10	3.05924939e+01	-2.95172693e+07	1.29670563e-14
4.33000000e+01	3.64053074e+01	1.38030906e+06	5.37240364e+04	1.00000000e-09	9.64284434e+02	1.00000000e-10	9.64284434e+01	-9.30393039e+07	1.19213998e-14
4.34000000e+01	3.64893844e+01	1.35966932e+06	5.29207018e+04	1.00000000e-09	1.00000000e-09	1.00000000e-10	1.00000000e-10	0.00000000e+00	1.09600645e-14
4.35000000e+01	3.65734613e+01	1.33902958e+06	5.21173672e+04	1.00000000e-09	1.00000000e-09	1.00000000e-10	1.00000000e-10	0.00000000e+00	1.00762507e-14
4.36000000e+01	3.66575382e+01	1.31838984e+06	5.13140326e+04	1.00000000e-09	9.50502729e+01	1.00000000e-10	9.50502729e+00	-9.17095715e+06	9.26370726e-15
4.37000000e+01	3.67416151e+01	1.29775356e+06	5.05108324e+04	1.00000000e-09	9.56118262e+02	1.00000000e-10	9.56118262e+01	-9.22513881e+07	8.51668685e-15
4.38000000e+01	3.68256921e+01	1.27712072e+06	4.97077665e+04	1.00000000e-09	1.00000000e-09	1.00000000e-10	1.00000000e-10	0.00000000e+00	7.82990577e-15
4.39000000e+01	3.69097690e+01	1.25648789e+06	4.89047005e+04	1.00000000e-09	1.00000000e-09	1.00000000e-10	1.00000000e-10	0.00000000e+00	7.19850635e-15
4.40000000e+01	3.69938459e+01	1.23585505e+06	4.81016346e+04	1.00000000e-09	1.00000000e-09	1.00000000e-10	1.00000000e-10	0.00000000e+00	6.61802264e-15
4.41000000e+01	3.70779228e+01	1.21522443e+06	4.72986546e+04	1.00000000e-09	9.16861831e+02	1.00000000e-10	9.16861831e+01	-8.84637183e+07	6.08434883e-15
4.42000000e+01	3.71619997e+01	1.19459790e+06	4.64958341e+04	1.00000000e-09	1.54136139e+02	1.00000000e-10	1.54136139e+01	-1.48718766e+07	5.59371018e-15
4.43000000e+01	3.72460767e+01	1.17397137e+06	4.56930137e+04	1.00000000e-09	1.00000000e-09	1.00000000e-10	1.00000000e-10	0.00000000e+00	5.14263638e-15
4.44000000e+01	3.73301536e+01	1.15334484e+06	4.48901932e+04	1.00000000e-09	1.00000000e-09	1.00000000e-10	1.00000000e-10	0.00000000e+00	4.72793693e-15
4.45000000e+01	3.74142305e+01	1.13271916e+06	4.40874058e+04	1.00000000e-09	8.52916750e+02	1.00000000e-10	8.52916750e+01	-8.22939559e+07	4.34667862e-15
4.46000000e+01	3.74983074e+01	1.11209777e+06	4.32847853e+04	1.00000000e-09	3.13412915e+02	1.00000000e-10	3.13412915e+01	-3.02397492e+07	3.99616478e-15
4.47000000e+01	3.75823844e+01	1.09147638e+06	4.24821649e+04	1.00000000e-09	1.00000000e-09	1.00000000e-10	1.00000000e-10	0.00000000e+00	3.67391618e-15
4.48000000e+01	3.76664613e+01	1.07085499e+06	4.16795445e+04	1.00000000e-09	1.00000000e-09	1.00000000e-10	1.00000000e-10	0.00000000e+00	3.37765354e-15
4.49000000e+01	3.77505382e+01	1.05023361e+06	4.08769240e+04	1.00000000e-09	7.62185545e+02	1.00000000e-10	7.62185545e+01	-7.35397255e+07	3.10528136e-15
4.50000000e+01	3.78346151e+01	1.02961627e+06	4.00744612e+04	1.00000000e-09	4.54301666e+02	1.00000000e-10	4.54301666e+01	-4.38334471e+07	2.85487313e-15
4.51000000e+01	3.79186920e+01	1.00899998e+06	3.92720392e+04	1.00000000e-09	1.00000000e-09	1.00000000e-10	1.00000000e-10	0.00000000e+00	2.62465769e-15
4.52000000e+01	3.80027690e+01	9.88383685e+05	3.84696173e+04	1.00000000e-09	1.00000000e-09	1.00000000e-10	1.00000000e-10	0.00000000e+00	2.41300669e-15
4.53000000e+01	3.80868459e+01	9.67767395e+05	3.76671953e+04	1.00000000e-09	6.52204279e+02	1.00000000e-10	6.52204279e+01	-6.29281465e+07	2.21842312e-15
4.54000000e+01	3.81709228e+01	9.47154557e+05	3.68649077e+04	1.00000000e-09	5.78023141e+02	1.00000000e-10	5.78023141e+01	-5.57707548e+07	2.03953067e-15
4.55000000e+01	3.82549997e+01	9.26543775e+05	3.60627001e+04	1.00000000e-09	1.00000000e-09	1.00000000e-10	1.00000000e-10	0.00000000e+00	1.87506400e-15
4.56000000e+01	3.83390767e+01	9.05932992e+05	3.52604925e+04	1.00000000e-09	1.00000000e-09	1.00000000e-10	1.00000000e-10	0.00000000e+00	1.72385984e-15
4.57000000e+01	3.84231536e+01	8.85322210e+05	3.44582848e+04	1.00000000e-09	5.26916325e+02	1.00000000e-10	5.26916325e+01	-5.08396966e+07	1.58484870e-15
4.58000000e+01	3.85072305e+01	8.64714035e+05	3.36561787e+04	1.00000000e-09	6.83842793e+02	1.00000000e-10	6.83842793e+01	-6.59807990e+07	1.45704735e-15
4.59000000e+01	3.85913074e+01	8.44108611e+05	3.28541797e+04	1.00000000e-09	1.00000000e-09	1.00000000e-10	1.00000000e-10	0.00000000e+00	1.33955183e-15
4.60000000e+01	3.86753843e+01	8.23503187e+05	3.20521806e+04	1.00000000e-09	1.00000000e-09	1.00000000e-10	1.00000000e-10	0.00000000e+00	1.23153109e-15
4.61000000e+01	3.87594613e+01	8.02897763e+05	3.12501816e+04	1.00000000e-09	3.86772473e+02	1.00000000e-10	3.86772473e+01	-3.73178705e+07	1.13222108e-15
4.62000000e+01	3.88435382e+01	7.82293978e+05	3.04482463e+04	1.00000000e-09	7.69412940e+02	1.00000000e-10	7.69412940e+01	-7.42370630e+07	1.04091937e-15
4.63000000e+01	3.89276151e+01	7.61693302e+05	2.96464321e+04	1.00000000e-09	1.00000000e-09	1.00000000e-10	1.00000000e-10	0.00000000e+00	9.56980191e-16
4.64000000e+01	3.90116920e+01	7.41092626e+05	2.88446179e+04	1.00000000e-09	1.00000000e-09	1.00000000e-10	1.00000000e-10	0.00000000e+00	8.79809819e-16
4.65000000e+01	3.90957690e+01	7.20491951e+05	2.80428036e+04	1.00000000e-09	2.32425195e+02	1.00000000e-10	2.32425195e+01	-2.24256221e+07	8.08862425e-16
4.66000000e+01	3.91798459e+01	6.99891931e+05	2.72410149e+04	1.00000000e-09	8.31014506e+02	1.00000000e-10	8.31014506e+01	-8.01807106e+07	7.43636191e-16
4.67000000e+01	3.92639228e+01	6.79295057e+05	2.64393486e+04	1.00000000e-09	1.00000000e-09	1.00000000e-10	1.00000000e-10	0.00000000e+00	6.83669765e-16
4.68000000e+01	3.93479997e+01	6.58698183e+05	2.56376824e+04	1.00000000e-09	1.00000000e-09	1.00000000e-10	1.00000000e-10	0.00000000e+00	6.28539001e-16
4.69000000e+01	3.94320766e+01	6.38101308e+05	2.48360161e+04	1.00000000e-09	6.56661288e+01	1.00000000e-10	6.56661288e+00	-6.33581825e+06	5.77853951e-16
4.70000000e+01	3.95161536e+01	6.17504434e+05	2.40343498e+04	1.00000000e-09	8.60661450e+02	1.00000000e-10	8.60661450e+01	-8.30412059e+07	5.31256117e-16
4.71000000e+01	3.96002305e+01	5.96910476e+05	2.32327970e+04	1.00000000e-09	1.63407442e+00	1.00000000e-10	1.63407442e-01	-1.57664213e+05	4.88415907e-16
4.72000000e+01	3.96843074e+01	5.76317082e+05	2.24312662e+04	1.00000000e-09	1.00000000e-09	1.00000000e-10	1.00000000e-10	0.00000000e+00	4.49030309e-16
4.73000000e+01	3.97683843e+01	5.55723688e+05	2.16297354e+04	1.00000000e-09	1.00000000e-09	1.00000000e-10	1.00000000e-10	0.00000000e+00	4.12820745e-16
4.74000000e+01	3.98524613e+01	5.35130294e+05	2.08282046e+04	1.00000000e-09	8.54511629e+02	1.00000000e-10	8.54511629e+01	-8.24478383e+07	3.79531100e-16
4.75000000e+01	3.99365382e+01	5.14539404e+05	2.00267712e+04	1.00000000e-09	1.82196348e+02	1.00000000e-10	1.82196348e+01	-1.75792752e+07	3.48925915e-16
4.76000000e+01	4.00206151e+01	4.93949679e+05	1.92253832e+04	1.00000000e-09	1.00000000e-09	1.00000000e-10	1.00000000e-10	0.00000000e+00	3.20788716e-16
4.77000000e+01	4.01046920e+01	4.73359954e+05	1.84239952e+04	1.00000000e-09	1.00000000e-09	1.00000000e-10	1.00000000e-10	0.00000000e+00	2.94920485e-16
4.78000000e+01	4.01887690e+01	4.52770230e+05	1.76226072e+04	1.00000000e-09	8.11912175e+02	1.00000000e-10	8.11912175e+01	-7.83376158e+07	2.71138254e-16
4.79000000e+01	4.02728459e+01	4.32182500e+05	1.68212968e+04	1.00000000e-09	3.61933929e+02	1.00000000e-10	3.61933929e+01	-3.49213154e+07	2.49273810e-16
4.80000000e+01	4.03569228e+01	4.11596333e+05	1.60200473e+04	1.00000000e-09	1.00000000e-09	1.00000000e-10	1.00000000e-10	0.00000000e+00	2.29172503e-16
4.81000000e+01	4.04409997e+01	3.91010167e+05	1.52187978e+04	1.00000000e-09	1.00000000e-09	1.00000000e-10	1.00000000e-10	0.00000000e+00	2.10692155e-16
4.82000000e+01	4.05250766e+01	3.70424001e+05	1.44175483e+04	1.00000000e-09	7.30843277e+02	1.00000000e-10	7.30843277e+01	-7.05156563e+07	1.93702052e-16
4.83000000e+01	4.06091536e+01	3.49839306e+05	1.36163561e+04	1.00000000e-09	5.31341751e+02	1.00000000e-10	5.31341751e+01	-5.12666853e+07	1.78082022e-16
4.84000000e+01	4.06932305e+01	3.29256388e+05	1.28152330e+04	1.00000000e-09	1.00000000e-09	1.00000000e-10	1.00000000e-10	0.00000000e+00	1.63721583e-16
4.85000000e+01	4.07773074e+01	3.08673470e+05	1.20141099e+04	1.00000000e-09	1.00000000e-09	1.00000000e-10	1.00000000e-10	0.00000000e+00	1.50519162e-16
4.86000000e+01	4.08613843e+01	2.88090552e+05	1.12129868e+04	1.00000000e-09	6.11942349e+02	1.00000000e-10	6.11942349e+01	-5.90434607e+07	1.38381377e-16
4.87000000e+01	4.09454613e+01	2.67508574e+05	1.04119004e+04	1.00000000e-09	6.80832913e+02	1.00000000e-10	6.80832913e+01	-6.56903897e+07	1.27222377e-16
4.88000000e+01	4.10295382e+01	2.46928445e+05	9.61088585e+03	1.00000000e-09	1.00000000e-09	1.00000000e-10	1.00000000e-10	0.00000000e+00	1.16963232e-16
4.89000000e+01	4.11136151e+01	2.26348316e+05	8.80987131e+03	1.00000000e-09	1.00000000e-09	1.00000000e-10	1.00000000e-10	0.00000000e+00	1.07531379e-16
4.90000000e+01	4.11976920e+01	2.05768186e+05	8.00885678e+03	1.00000000e-09	4.58802399e+02	1.00000000e-10	4.58802399e+01	-4.42677019e+07	9.88601065e-17
4.91000000e+01	4.12817689e+01	1.85188553e+05	7.20786155e+03	1.00000000e-09	8.00276035e+02	1.00000000e-10	8.00276035e+01	-7.72148990e+07	9.08880802e-17
4.92000000e+01	4.13658459e+01	1.64610755e+05	6.40693777e+03	1.00000000e-09	1.00000000e-09	1.00000000e-10	1.00000000e-10	0.00000000e+00	8.35589140e-17
4.93000000e+01	4.14499228e+01	1.44032958e+05	5.60601399e+03	1.00000000e-09	1.00000000e-09	1.00000000e-10	1.00000000e-10	0.00000000e+00	7.68207678e-17
4.94000000e+01	4.15339997e+01	1.23455160e+05	4.80509021e+03	1.00000000e-09	2.78257454e+02	1.00000000e-10	2.78257454e+01	-2.68477629e+07	7.06259821e-17
4.95000000e+01	4.16180766e+01	1.02877509e+05	4.00417214e+03	1.00000000e-09	8.80972467e+02	1.00000000e-10	8.80972467e+01	-8.50009211e+07	6.49307406e-17
4.96000000e+01	4.17021536e+01	8.23016540e+04	3.20332395e+03	1.00000000e-09	1.00000000e-09	1.00000000e-10	1.00000000e-10	0.00000000e+00	5.96947603e-17
4.97000000e+01	4.17862305e+01	6.17257985e+04	2.40247576e+03	1.00000000e-09	1.00000000e-09	1.00000000e-10	1.00000000e-10	0.00000000e+00	5.48810067e-17
4.98000000e+01	4.18703074e+01	4.11499430e+04	1.60162757e+03	1.00000000e-09	7.99504902e+01	1.00000000e-10	7.99504902e+00	-7.71404960e+06	5.04554316e-17
4.99000000e+01	4.19543843e+01	2.05740875e+04	8.00779377e+02	1.00000000e-09	9.15050660e+02	1.00000000e-10	9.15050660e+01	-8.82889668e+07	4.63867326e-17
5.00000000e+01	4.20384612e+01	0.00000000e+00	0.00000000e+00	1.00000000e+01	1.00000000e+01	1.00000000e+00	1.00000000e+00	0.00000000e+00	4.26461312e-17
