# 1D PNP Solver Results
# Debye length: 1.18939 nm
# Surface potential: 100 mV
# Bulk concentration: 10 mol/m^3
# Thermal voltage: 25.6926 mV
# Grid: non-uniform with stretching factor 1
#
# Columns:
# 1: x [nm]
# 2: x/lambda_D [-]
# 3: phi [mV]
# 4: phi_normalized = e*phi/(kB*T) [-]
# 5: c+ [mol/m^3]
# 6: c- [mol/m^3]
# 7: c+/c0 [-]
# 8: c-/c0 [-]
# 9: rho [C/m^3]
# 10: phi_GC [mV] (Gouy-Chapman analytical)
0.00000000e+00	0.00000000e+00	1.00000000e+02	3.89217445e+00	1.40816848e+05	1.00000000e-09	1.40816848e+04	1.00000000e-10	1.35867603e+10	1.00000000e+02
1.00000000e-01	8.40769225e-02	3.85987266e+04	1.50232978e+03	4.65638593e+03	1.00000000e-09	4.65638593e+02	1.00000000e-10	4.49272943e+08	8.70576373e+01
2.00000000e-01	1.68153845e-01	7.70974533e+04	3.00076738e+03	1.00000000e-09	1.00000000e-09	1.00000000e-10	1.00000000e-10	0.00000000e+00	7.68715638e+01
3.00000000e-01	2.52230767e-01	1.15596180e+05	4.49920498e+03	1.00000000e-09	1.00000000e-09	1.00000000e-10	1.00000000e-10	0.00000000e+00	6.85207345e+01
4.00000000e-01	3.36307690e-01	1.54024377e+05	5.99489743e+03	1.39306458e+05	1.00000000e-09	1.39306458e+04	1.00000000e-10	1.34410299e+10	6.14862309e+01
5.00000000e-01	4.20384612e-01	1.91797715e+05	7.46510164e+03	1.88468324e+04	1.00000000e-09	1.88468324e+03	1.00000000e-10	1.81844289e+09	5.54461690e+01
6.00000000e-01	5.04461535e-01	2.29571053e+05	8.93530586e+03	1.00000000e-09	1.00000000e-09	1.00000000e-10	1.00000000e-10	0.00000000e+00	5.01866549e+01
7.00000000e-01	5.88538457e-01	2.67344391e+05	1.04055101e+04	1.00000000e-09	1.00000000e-09	1.00000000e-10	1.00000000e-10	0.00000000e+00	4.55579535e+01
8.00000000e-01	6.72615380e-01	3.04973243e+05	1.18700906e+04	1.35540290e+05	1.00000000e-09	1.35540290e+04	1.00000000e-10	1.30776499e+10	4.14508515e+01
9.00000000e-01	7.56692302e-01	3.41918748e+05	1.33080741e+04	3.29498396e+04	1.00000000e-09	3.29498396e+03	1.00000000e-10	3.17917621e+09	3.77829914e+01
1.00000000e+00	8.40769225e-01	3.78864252e+05	1.47460576e+04	1.00000000e-09	1.00000000e-09	1.00000000e-10	1.00000000e-10	0.00000000e+00	3.44905241e+01
1.10000000e+00	9.24846147e-01	4.15809757e+05	1.61840411e+04	1.00000000e-09	1.00000000e-09	1.00000000e-10	1.00000000e-10	0.00000000e+00	3.15227780e+01
1.20000000e+00	1.00892307e+00	4.52535083e+05	1.76134549e+04	1.29398136e+05	1.00000000e-09	1.29398136e+04	1.00000000e-10	1.24850221e+10	2.88387272e+01
1.30000000e+00	1.09299999e+00	4.88527836e+05	1.90143556e+04	4.65536938e+04	1.00000000e-09	4.65536938e+03	1.00000000e-10	4.49174861e+09	2.64045776e+01
1.40000000e+00	1.17707691e+00	5.24520589e+05	2.04152563e+04	1.00000000e-09	1.00000000e-09	1.00000000e-10	1.00000000e-10	0.00000000e+00	2.41920729e+01
1.50000000e+00	1.26115384e+00	5.60513341e+05	2.18161571e+04	1.00000000e-09	1.00000000e-09	1.00000000e-10	1.00000000e-10	0.00000000e+00	2.21772778e+01
1.60000000e+00	1.34523076e+00	5.96210766e+05	2.32055631e+04	1.20779003e+05	1.00000000e-09	1.20779003e+04	1.00000000e-10	1.16534022e+10	2.03396868e+01
1.70000000e+00	1.42930768e+00	6.31103325e+05	2.45636424e+04	5.92017750e+04	1.00000000e-09	5.92017750e+03	1.00000000e-10	5.71210293e+09	1.86615585e+01
1.80000000e+00	1.51338460e+00	6.65995884e+05	2.59217216e+04	1.00000000e-09	1.00000000e-09	1.00000000e-10	1.00000000e-10	0.00000000e+00	1.71274116e+01
1.90000000e+00	1.59746153e+00	7.00888443e+05	2.72798009e+04	1.00000000e-09	1.00000000e-09	1.00000000e-10	1.00000000e-10	0.00000000e+00	1.57236358e+01
2.00000000e+00	1.68153845e+00	7.35414201e+05	2.86236036e+04	1.09607333e+05	1.00000000e-09	1.09607333e+04	1.00000000e-10	1.05754999e+10	1.44381886e+01
2.10000000e+00	1.76561537e+00	7.69036599e+05	2.99322460e+04	7.03690892e+04	1.00000000e-09	7.03690892e+03	1.00000000e-10	6.78958494e+09	1.32603556e+01
2.20000000e+00	1.84969229e+00	8.02658997e+05	3.12408884e+04	1.00000000e-09	1.00000000e-09	1.00000000e-10	1.00000000e-10	0.00000000e+00	1.21805577e+01
2.30000000e+00	1.93376922e+00	8.36281395e+05	3.25495308e+04	1.00000000e-09	1.00000000e-09	1.00000000e-10	1.00000000e-10	0.00000000e+00	1.11901960e+01
2.40000000e+00	2.01784614e+00	8.69473593e+05	3.38414290e+04	9.58505193e+04	1.00000000e-09	9.58505193e+03	1.00000000e-10	9.24816919e+09	1.02815237e+01
2.50000000e+00	2.10192306e+00	9.01633715e+05	3.50931571e+04	7.94254930e+04	1.00000000e-09	7.94254930e+03	1.00000000e-10	7.66339507e+09	9.44754093e+00
2.60000000e+00	2.18599998e+00	9.33793837e+05	3.63448851e+04	1.00000000e-09	1.00000000e-09	1.00000000e-10	1.00000000e-10	0.00000000e+00	8.68190590e+00
2.70000000e+00	2.27007691e+00	9.65953959e+05	3.75966132e+04	1.00000000e-09	1.00000000e-09	1.00000000e-10	1.00000000e-10	0.00000000e+00	7.97886054e+00
2.80000000e+00	2.35415383e+00	9.97634740e+05	3.88296845e+04	7.95575240e+04	1.00000000e-09	7.95575240e+03	1.00000000e-10	7.67613412e+09	7.33316685e+00
2.90000000e+00	2.43823075e+00	1.02811954e+06	4.00162059e+04	8.55778028e+04	1.00000000e-09	8.55778028e+03	1.00000000e-10	8.25700272e+09	6.74005227e+00
3.00000000e+00	2.52230767e+00	1.05860433e+06	4.12027273e+04	1.00000000e-09	1.00000000e-09	1.00000000e-10	1.00000000e-10	0.00000000e+00	6.19516235e+00
3.10000000e+00	2.60638460e+00	1.08908913e+06	4.23892487e+04	1.00000000e-09	1.00000000e-09	1.00000000e-10	1.00000000e-10	0.00000000e+00	5.69451955e+00
3.20000000e+00	2.69046152e+00	1.11906831e+06	4.35560908e+04	6.09367654e+04	1.00000000e-09	6.09367654e+03	1.00000000e-10	5.87950405e+09	5.23448697e+00
3.30000000e+00	2.77453844e+00	1.14764655e+06	4.46684059e+04	8.77779542e+04	1.00000000e-09	8.77779542e+03	1.00000000e-10	8.46928506e+09	4.81173646e+00
3.40000000e+00	2.85861536e+00	1.17622480e+06	4.57807210e+04	1.00000000e-09	1.00000000e-09	1.00000000e-10	1.00000000e-10	0.00000000e+00	4.42322017e+00
3.50000000e+00	2.94269229e+00	1.20480304e+06	4.68930361e+04	1.00000000e-09	1.00000000e-09	1.00000000e-10	1.00000000e-10	0.00000000e+00	4.06614534e+00
3.60000000e+00	3.02676921e+00	1.23288389e+06	4.79859919e+04	4.05058524e+04	1.00000000e-09	4.05058524e+03	1.00000000e-10	3.90822062e+09	3.73795159e+00
3.70000000e+00	3.11084613e+00	1.25931164e+06	4.90146060e+04	8.45760643e+04	1.00000000e-09	8.45760643e+03	1.00000000e-10	8.16034966e+09	3.43629058e+00
3.80000000e+00	3.19492305e+00	1.28573939e+06	5.00432201e+04	1.00000000e-09	1.00000000e-09	1.00000000e-10	1.00000000e-10	0.00000000e+00	3.15900770e+00
3.90000000e+00	3.27899998e+00	1.31216714e+06	5.10718342e+04	1.00000000e-09	1.00000000e-09	1.00000000e-10	1.00000000e-10	0.00000000e+00	2.90412542e+00
4.00000000e+00	3.36307690e+00	1.33815491e+06	5.20833236e+04	1.93682539e+04	1.00000000e-09	1.93682539e+03	1.00000000e-10	1.86875241e+09	2.66982829e+00
4.10000000e+00	3.44715382e+00	1.36218540e+06	5.30186320e+04	7.38851866e+04	1.00000000e-09	7.38851866e+03	1.00000000e-10	7.12883677e+09	2.45444929e+00
4.20000000e+00	3.53123074e+00	1.38621588e+06	5.39539403e+04	1.00000000e-09	1.00000000e-09	1.00000000e-10	1.00000000e-10	0.00000000e+00	2.25645740e+00
4.30000000e+00	3.61530767e+00	1.41024636e+06	5.48892487e+04	1.00000000e-09	1.00000000e-09	1.00000000e-10	1.00000000e-10	0.00000000e+00	2.07444628e+00
4.40000000e+00	3.69938459e+00	1.43397673e+06	5.58128757e+04	1.00000000e-09	1.00000000e-09	1.00000000e-10	1.00000000e-10	0.00000000e+00	1.90712395e+00
4.50000000e+00	3.78346151e+00	1.45539138e+06	5.66463716e+04	5.26272295e+04	1.00000000e-09	5.26272295e+03	1.00000000e-10	5.07775572e+09	1.75330334e+00
4.60000000e+00	3.86753843e+00	1.47680604e+06	5.74798675e+04	6.41077217e+03	1.00000000e-09	6.41077217e+02	1.00000000e-10	6.18545482e+08	1.61189369e+00
4.70000000e+00	3.95161536e+00	1.49822070e+06	5.83133633e+04	1.00000000e-09	1.00000000e-09	1.00000000e-10	1.00000000e-10	0.00000000e+00	1.48189263e+00
4.80000000e+00	4.03569228e+00	1.51957093e+06	5.91443515e+04	1.00000000e-09	1.00000000e-09	1.00000000e-10	1.00000000e-10	0.00000000e+00	1.36237899e+00
4.90000000e+00	4.11976920e+00	1.53819111e+06	5.98690812e+04	1.61128756e+04	1.00000000e-09	1.61128756e+03	1.00000000e-10	1.55465615e+09	1.25250612e+00
5.00000000e+00	4.20384612e+00	1.55679773e+06	6.05932835e+04	1.55531680e+04	1.00000000e-09	1.55531680e+03	1.00000000e-10	1.50065258e+09	1.15149587e+00
5.10000000e+00	4.28792305e+00	1.57540435e+06	6.13174858e+04	1.00000000e-09	1.00000000e-09	1.00000000e-10	1.00000000e-10	0.00000000e+00	1.05863300e+00
5.20000000e+00	4.37199997e+00	1.59401098e+06	6.20416881e+04	1.00000000e-09	1.00000000e-09	1.00000000e-10	1.00000000e-10	0.00000000e+00	9.73260072e-01
5.30000000e+00	4.45607689e+00	1.60943808e+06	6.26421376e+04	1.00000000e-09	1.00000000e-09	1.00000000e-10	1.00000000e-10	0.00000000e+00	8.94772759e-01
5.40000000e+00	4.54015381e+00	1.62443260e+06	6.32257504e+04	2.21936565e+03	1.00000000e-09	2.21936565e+02	1.00000000e-10	2.14136232e+08	8.22615544e-01
5.50000000e+00	4.62423074e+00	1.63942711e+06	6.38093633e+04	4.47597665e+04	1.00000000e-09	4.47597665e+03	1.00000000e-10	4.31866094e+09	7.56277766e-01
5.60000000e+00	4.70830766e+00	1.65442163e+06	6.43929761e+04	5.45006236e+03	1.00000000e-09	5.45006236e+02	1.00000000e-10	5.25851077e+08	6.95289988e-01
5.70000000e+00	4.79238458e+00	1.66584434e+06	6.48375677e+04	1.00000000e-09	1.00000000e-09	1.00000000e-10	1.00000000e-10	0.00000000e+00	6.39220665e-01
5.80000000e+00	4.87646150e+00	1.67613810e+06	6.52382189e+04	1.00000000e-09	1.00000000e-09	1.00000000e-10	1.00000000e-10	0.00000000e+00	5.87673079e-01
5.90000000e+00	4.96053843e+00	1.68643186e+06	6.56388701e+04	1.27650503e+05	1.00000000e-09	1.27650503e+04	1.00000000e-10	1.23164012e+10	5.40282524e-01
6.00000000e+00	5.04461535e+00	1.69672563e+06	6.60395213e+04	1.05378657e+05	1.00000000e-09	1.05378657e+04	1.00000000e-10	1.01674948e+10	4.96713722e-01
6.10000000e+00	5.12869227e+00	1.70338265e+06	6.62986244e+04	1.00000000e-09	1.00000000e-09	1.00000000e-10	1.00000000e-10	0.00000000e+00	4.56658442e-01
6.20000000e+00	5.21276919e+00	1.70772645e+06	6.64676925e+04	1.00000000e-09	1.00000000e-09	1.00000000e-10	1.00000000e-10	0.00000000e+00	4.19833321e-01
6.30000000e+00	5.29684612e+00	1.71207024e+06	6.66367605e+04	1.77395985e+04	1.00000000e-09	1.77395985e+03	1.00000000e-10	1.71161106e+09	3.85977854e-01
6.40000000e+00	5.38092304e+00	1.71641403e+06	6.68058285e+04	5.06774165e+05	1.00000000e-09	5.06774165e+04	1.00000000e-10	4.88962736e+10	3.54852548e-01
6.50000000e+00	5.46499996e+00	1.71729963e+06	6.68402972e+04	2.78405122e+05	1.00000000e-09	2.78405122e+04	1.00000000e-10	2.68620107e+10	3.26237227e-01
6.60000000e+00	5.54907688e+00	1.71377528e+06	6.67031235e+04	1.00000000e-09	1.00000000e-09	1.00000000e-10	1.00000000e-10	0.00000000e+00	2.99929475e-01
6.70000000e+00	5.63315381e+00	1.71025093e+06	6.65659497e+04	1.00000000e-09	2.89703301e+02	1.00000000e-10	2.89703301e+01	-2.79521192e+07	2.75743201e-01
6.80000000e+00	5.71723073e+00	1.70672658e+06	6.64287759e+04	4.73424369e+04	1.20634764e+03	4.73424369e+03	1.20634764e+02	4.45145589e+09	2.53507323e-01
6.90000000e+00	5.80130765e+00	1.70129738e+06	6.62174618e+04	1.00000000e-09	1.00000000e-09	1.00000000e-10	1.00000000e-10	0.00000000e+00	2.33064554e-01
7.00000000e+00	5.88538457e+00	1.69587447e+06	6.60063929e+04	1.00000000e-09	1.00000000e-09	1.00000000e-10	1.00000000e-10	0.00000000e+00	2.14270296e-01
7.10000000e+00	5.96946150e+00	1.69045157e+06	6.57953239e+04	1.00000000e-09	1.00000000e-09	1.00000000e-10	1.00000000e-10	0.00000000e+00	1.96991610e-01
7.20000000e+00	6.05353842e+00	1.68502866e+06	6.55842550e+04	1.00000000e-09	1.88905843e+03	1.00000000e-10	1.88905843e+02	-1.82266430e+08	1.81106277e-01
7.30000000e+00	6.13761534e+00	1.67962687e+06	6.53740079e+04	6.51149853e+02	1.00000000e-09	6.51149853e+01	1.00000000e-10	6.28264098e+07	1.66501937e-01
7.40000000e+00	6.22169226e+00	1.67420651e+06	6.51630382e+04	6.72293281e-03	1.00000000e-09	6.72293281e-04	1.00000000e-10	6.48664308e+02	1.53075289e-01
7.50000000e+00	6.30576919e+00	1.66878616e+06	6.49520684e+04	1.51022872e-03	1.00000000e-09	1.51022872e-04	1.00000000e-10	1.45714823e+02	1.40731363e-01
7.60000000e+00	6.38984611e+00	1.66336580e+06	6.47410987e+04	1.17043024e+02	2.05841528e+03	1.17043024e+01	2.05841528e+02	-1.87313947e+08	1.29382849e-01
7.70000000e+00	6.47392303e+00	1.65795589e+06	6.45305355e+04	1.74776013e+02	1.24431114e+03	1.74776013e+01	1.24431114e+02	-1.03194452e+08	1.18949475e-01
7.80000000e+00	6.55799995e+00	1.65255260e+06	6.43202301e+04	3.46004419e-05	1.00000000e-09	3.46004419e-06	1.00000000e-10	3.33833865e+00	1.09357445e-01
7.90000000e+00	6.64207688e+00	1.64714931e+06	6.41099247e+04	4.50091774e-05	1.00000000e-09	4.50091774e-06	1.00000000e-10	4.34262894e+00	1.00538914e-01
8.00000000e+00	6.72615380e+00	1.64174603e+06	6.38996193e+04	1.41526320e+02	1.14879426e+03	1.41526320e+01	1.14879426e+02	-9.71865814e+07	9.24315047e-02
8.10000000e+00	6.81023072e+00	1.63634833e+06	6.36895316e+04	2.63412881e+01	2.21916678e+03	2.63412881e+00	2.21916678e+02	-2.11575496e+08	8.49778740e-02
8.20000000e+00	6.89430764e+00	1.63096736e+06	6.34800951e+04	1.00000000e-09	1.00000000e-09	1.00000000e-10	1.00000000e-10	0.00000000e+00	7.81253008e-02
8.30000000e+00	6.97838457e+00	1.62558640e+06	6.32706585e+04	1.00000000e-09	1.00000000e-09	1.00000000e-10	1.00000000e-10	0.00000000e+00	7.18253161e-02
8.40000000e+00	7.06246149e+00	1.62020543e+06	6.30612220e+04	2.86460788e+01	1.00000000e-09	2.86460788e+00	1.00000000e-10	2.76392643e+06	6.60333593e-02
8.50000000e+00	7.14653841e+00	1.61483191e+06	6.28520749e+04	5.45451063e+00	2.13226910e+03	5.45451063e-01	2.13226910e+02	-2.05206412e+08	6.07084632e-02
8.60000000e+00	7.23061533e+00	1.60947924e+06	6.26437399e+04	1.00000000e-09	1.66466511e+02	1.00000000e-10	1.66466511e+01	-1.60615766e+07	5.58129641e-02
8.70000000e+00	7.31469226e+00	1.60412658e+06	6.24354049e+04	1.00000000e-09	1.00000000e-09	1.00000000e-10	1.00000000e-10	0.00000000e+00	5.13122357e-02
8.80000000e+00	7.39876918e+00	1.59877392e+06	6.22270700e+04	1.00000000e-09	1.00000000e-09	1.00000000e-10	1.00000000e-10	0.00000000e+00	4.71744438e-02
8.90000000e+00	7.48284610e+00	1.59342346e+06	6.20188208e+04	2.83497859e-02	1.38359167e+03	2.83497859e-03	1.38359167e+02	-1.33493567e+08	4.33703214e-02
9.00000000e+00	7.56692302e+00	1.58809639e+06	6.18114820e+04	8.87075928e-04	5.81704265e+02	8.87075928e-05	5.81704265e+01	-5.61258436e+07	3.98729614e-02
9.10000000e+00	7.65099995e+00	1.58277019e+06	6.16041768e+04	3.96523823e-04	1.00000000e-09	3.96523823e-05	1.00000000e-10	3.82586363e+01	3.66576268e-02
9.20000000e+00	7.73507687e+00	1.57744398e+06	6.13968717e+04	3.40559986e-04	1.00000000e-09	3.40559986e-05	1.00000000e-10	3.28589469e+01	3.37015752e-02
9.30000000e+00	7.81915379e+00	1.57211778e+06	6.11895665e+04	2.45458864e-04	6.01137942e+02	2.45458864e-05	6.01137942e+01	-5.80009703e+07	3.09838980e-02
9.40000000e+00	7.90323071e+00	1.56681335e+06	6.09831090e+04	2.58255629e-05	2.70152350e+02	2.58255629e-06	2.70152350e+01	-2.60657367e+07	2.84853728e-02
9.50000000e+00	7.98730764e+00	1.56151612e+06	6.07769314e+04	9.16912577e-06	1.00000000e-09	9.16912577e-07	1.00000000e-10	8.84589660e-01	2.61883275e-02
9.60000000e+00	8.07138456e+00	1.55621888e+06	6.05707538e+04	3.52081767e-06	1.00000000e-09	3.52081767e-07	1.00000000e-10	3.39610777e-01	2.40765146e-02
9.70000000e+00	8.15546148e+00	1.55092165e+06	6.03645761e+04	1.00000000e-09	5.22772075e+02	1.00000000e-10	5.22772075e+01	-5.04398373e+07	2.21349973e-02
9.80000000e+00	8.23953840e+00	1.54564395e+06	6.01591587e+04	1.00000000e-09	1.00000000e-09	1.00000000e-10	1.00000000e-10	0.00000000e+00	2.03500429e-02
9.90000000e+00	8.32361533e+00	1.54037719e+06	5.99541675e+04	1.00000000e-09	1.00000000e-09	1.00000000e-10	1.00000000e-10	0.00000000e+00	1.87090262e-02
1.00000000e+01	8.40769225e+00	1.53511044e+06	5.97491763e+04	6.14734301e-07	1.00000000e-09	6.14734301e-08	1.00000000e-10	5.92163578e-02	1.72003403e-02
1.01000000e+01	8.49176917e+00	1.52984369e+06	5.95441851e+04	1.00000000e-09	9.37915244e+02	1.00000000e-10	9.37915244e+01	-9.04950638e+07	1.58133140e-02
1.02000000e+01	8.57584609e+00	1.52459432e+06	5.93398707e+04	1.00000000e-09	1.00000000e-09	1.00000000e-10	1.00000000e-10	0.00000000e+00	1.45381368e-02
1.03000000e+01	8.65992302e+00	1.51936072e+06	5.91361696e+04	2.39562849e-08	1.00000000e-09	2.39562849e-09	1.00000000e-10	2.21494478e-03	1.33657892e-02
1.04000000e+01	8.74399994e+00	1.51412711e+06	5.89324684e+04	2.91036575e-07	1.00000000e-09	2.91036575e-08	1.00000000e-10	2.79842753e-02	1.22879791e-02
1.05000000e+01	8.82807686e+00	1.50889350e+06	5.87287673e+04	1.00000000e-09	1.37292131e+03	1.00000000e-10	1.37292131e+02	-1.32466768e+08	1.12970830e-02
1.06000000e+01	8.91215378e+00	1.50367534e+06	5.85256675e+04	1.00000000e-09	7.09870121e+02	1.00000000e-10	7.09870121e+01	-6.84920544e+07	1.03860923e-02
1.07000000e+01	8.99623071e+00	1.49847929e+06	5.83234280e+04	1.00000000e-09	1.00000000e-09	1.00000000e-10	1.00000000e-10	0.00000000e+00	9.54856333e-03
1.08000000e+01	9.08030763e+00	1.49328323e+06	5.81211884e+04	6.20579271e-08	1.00000000e-09	6.20579271e-09	1.00000000e-10	5.89119438e-03	8.77857228e-03
1.09000000e+01	9.16438455e+00	1.48808718e+06	5.79189489e+04	4.90301314e-09	1.33471367e+03	4.90301314e-10	1.33471367e+02	-1.28780292e+08	8.07067289e-03
1.10000000e+01	9.24846147e+00	1.48289811e+06	5.77169812e+04	1.00000000e-09	2.09556540e+03	1.00000000e-10	2.09556540e+02	-2.02191323e+08	7.41985814e-03
1.11000000e+01	9.33253840e+00	1.47773774e+06	5.75161306e+04	1.00000000e-09	1.00000000e-09	1.00000000e-10	1.00000000e-10	0.00000000e+00	6.82152474e-03
1.12000000e+01	9.41661532e+00	1.47257736e+06	5.73152799e+04	1.00000000e-09	1.00000000e-09	1.00000000e-10	1.00000000e-10	0.00000000e+00	6.27144062e-03
1.13000000e+01	9.50069224e+00	1.46741699e+06	5.71144293e+04	1.00000000e-09	3.64803592e+02	1.00000000e-10	3.64803592e+01	-3.51981957e+07	5.76571500e-03
1.14000000e+01	9.58476916e+00	1.46225662e+06	5.69135786e+04	1.00000000e-09	3.20935814e+03	1.00000000e-10	3.20935814e+02	-3.09655986e+08	5.30077082e-03
1.15000000e+01	9.66884609e+00	1.45712406e+06	5.67138103e+04	1.00000000e-09	1.00000000e-09	1.00000000e-10	1.00000000e-10	0.00000000e+00	4.87331949e-03
1.16000000e+01	9.75292301e+00	1.45200024e+06	5.65143823e+04	1.00000000e-09	1.00000000e-09	1.00000000e-10	1.00000000e-10	0.00000000e+00	4.48033760e-03
1.17000000e+01	9.83699993e+00	1.44687642e+06	5.63149542e+04	1.00000000e-09	1.00000000e-09	1.00000000e-10	1.00000000e-10	0.00000000e+00	4.11904557e-03
1.18000000e+01	9.92107685e+00	1.44175260e+06	5.61155262e+04	1.00000000e-09	3.02488241e+03	1.00000000e-10	3.02488241e+02	-2.91856784e+08	3.78688794e-03
1.19000000e+01	1.00051538e+01	1.43665010e+06	5.59169281e+04	1.00000000e-09	1.98201550e+03	1.00000000e-10	1.98201550e+02	-1.91235424e+08	3.48151531e-03
1.20000000e+01	1.00892307e+01	1.43156326e+06	5.57189395e+04	1.00000000e-09	1.00000000e-09	1.00000000e-10	1.00000000e-10	0.00000000e+00	3.20076778e-03
1.21000000e+01	1.01733076e+01	1.42647643e+06	5.55209510e+04	1.00000000e-09	1.00000000e-09	1.00000000e-10	1.00000000e-10	0.00000000e+00	2.94265957e-03
1.22000000e+01	1.02573845e+01	1.42138959e+06	5.53229624e+04	1.00000000e-09	1.16210809e+03	1.00000000e-10	1.16210809e+02	-1.12126385e+08	2.70536508e-03
1.23000000e+01	1.03414615e+01	1.41631869e+06	5.51255942e+04	1.00000000e-09	3.15906959e+03	1.00000000e-10	3.15906959e+02	-3.04803879e+08	2.48720588e-03
1.24000000e+01	1.04255384e+01	1.41126584e+06	5.49289284e+04	1.00000000e-09	1.00000000e-09	1.00000000e-10	1.00000000e-10	0.00000000e+00	2.28663893e-03
1.25000000e+01	1.05096153e+01	1.40621299e+06	5.47322625e+04	1.00000000e-09	1.00000000e-09	1.00000000e-10	1.00000000e-10	0.00000000e+00	2.10224558e-03
1.26000000e+01	1.05936922e+01	1.40116013e+06	5.45355967e+04	1.00000000e-09	1.00000000e-09	1.00000000e-10	1.00000000e-10	0.00000000e+00	1.93272162e-03
1.27000000e+01	1.06777692e+01	1.39611861e+06	5.43393718e+04	1.00000000e-09	2.21794137e+03	1.00000000e-10	2.21794137e+02	-2.13998810e+08	1.77686798e-03
1.28000000e+01	1.07618461e+01	1.39109840e+06	5.41439765e+04	1.00000000e-09	1.12239684e+03	1.00000000e-10	1.12239684e+02	-1.08294832e+08	1.63358230e-03
1.29000000e+01	1.08459230e+01	1.38607819e+06	5.39485812e+04	1.00000000e-09	1.00000000e-09	1.00000000e-10	1.00000000e-10	0.00000000e+00	1.50185109e-03
1.30000000e+01	1.09299999e+01	1.38105798e+06	5.37531858e+04	1.00000000e-09	1.00000000e-09	1.00000000e-10	1.00000000e-10	0.00000000e+00	1.38074262e-03
1.31000000e+01	1.10140768e+01	1.37604421e+06	5.35580410e+04	1.00000000e-09	2.76291500e+02	1.00000000e-10	2.76291500e+01	-2.66580772e+07	1.26940027e-03
1.32000000e+01	1.10981538e+01	1.37105435e+06	5.33638272e+04	1.00000000e-09	7.58855827e+02	1.00000000e-10	7.58855827e+01	-7.32184565e+07	1.16703651e-03
1.33000000e+01	1.11822307e+01	1.36606450e+06	5.31696134e+04	1.00000000e-09	1.14440669e+02	1.00000000e-10	1.14440669e+01	-1.10418460e+07	1.07292731e-03
1.34000000e+01	1.12663076e+01	1.36107464e+06	5.29753996e+04	1.00000000e-09	1.00000000e-09	1.00000000e-10	1.00000000e-10	0.00000000e+00	9.86407027e-04
1.35000000e+01	1.13503845e+01	1.35608479e+06	5.27811858e+04	1.00000000e-09	1.00000000e-09	1.00000000e-10	1.00000000e-10	0.00000000e+00	9.06863691e-04
1.36000000e+01	1.14344615e+01	1.35111886e+06	5.25879030e+04	1.00000000e-09	1.00000000e-09	1.00000000e-10	1.00000000e-10	0.00000000e+00	8.33734687e-04
1.37000000e+01	1.15185384e+01	1.34615659e+06	5.23947629e+04	1.00000000e-09	1.00000000e-09	1.00000000e-10	1.00000000e-10	0.00000000e+00	7.66502767e-04
1.38000000e+01	1.16026153e+01	1.34119432e+06	5.22016228e+04	1.00000000e-09	8.00305441e+02	1.00000000e-10	8.00305441e+01	-7.72177363e+07	7.04692393e-04
1.39000000e+01	1.16866922e+01	1.33623206e+06	5.20084827e+04	1.00000000e-09	6.16922808e+02	1.00000000e-10	6.16922808e+01	-5.95240020e+07	6.47866374e-04
1.40000000e+01	1.17707691e+01	1.33129189e+06	5.18162029e+04	1.00000000e-09	1.00000000e-09	1.00000000e-10	1.00000000e-10	0.00000000e+00	5.95622776e-04
1.41000000e+01	1.18548461e+01	1.32636019e+06	5.16242523e+04	1.00000000e-09	1.00000000e-09	1.00000000e-10	1.00000000e-10	0.00000000e+00	5.47592073e-04
1.42000000e+01	1.19389230e+01	1.32142848e+06	5.14323017e+04	1.00000000e-09	6.99530369e+02	1.00000000e-10	6.99530369e+01	-6.74944200e+07	5.03434541e-04
1.43000000e+01	1.20229999e+01	1.31649677e+06	5.12403510e+04	1.00000000e-09	2.37869662e+03	1.00000000e-10	2.37869662e+02	-2.29509333e+08	4.62837848e-04
1.44000000e+01	1.21070768e+01	1.31158486e+06	5.10491706e+04	1.00000000e-09	1.00000000e-09	1.00000000e-10	1.00000000e-10	0.00000000e+00	4.25514851e-04
1.45000000e+01	1.21911538e+01	1.30668663e+06	5.08585233e+04	1.00000000e-09	1.00000000e-09	1.00000000e-10	1.00000000e-10	0.00000000e+00	3.91201561e-04
1.46000000e+01	1.22752307e+01	1.30178841e+06	5.06678760e+04	1.00000000e-09	1.00000000e-09	1.00000000e-10	1.00000000e-10	0.00000000e+00	3.59655276e-04
1.47000000e+01	1.23593076e+01	1.29689019e+06	5.04772287e+04	1.00000000e-09	2.84358047e+03	1.00000000e-10	2.84358047e+02	-2.74363806e+08	3.30652866e-04
1.48000000e+01	1.24433845e+01	1.29200934e+06	5.02872576e+04	1.00000000e-09	1.72692956e+03	1.00000000e-10	1.72692956e+02	-1.66623372e+08	3.03989196e-04
1.49000000e+01	1.25274615e+01	1.28714788e+06	5.00980409e+04	1.00000000e-09	1.00000000e-09	1.00000000e-10	1.00000000e-10	0.00000000e+00	2.79475669e-04
1.50000000e+01	1.26115384e+01	1.28228641e+06	4.99088241e+04	1.00000000e-09	1.00000000e-09	1.00000000e-10	1.00000000e-10	0.00000000e+00	2.56938901e-04
1.51000000e+01	1.26956153e+01	1.27742495e+06	4.97196074e+04	1.00000000e-09	1.30005165e+03	1.00000000e-10	1.30005165e+02	-1.25435915e+08	2.36219485e-04
1.52000000e+01	1.27796922e+01	1.27257470e+06	4.95308272e+04	1.00000000e-09	3.39162602e+03	1.00000000e-10	3.39162602e+02	-3.27242163e+08	2.17170872e-04
1.53000000e+01	1.28637691e+01	1.26774861e+06	4.93429876e+04	1.00000000e-09	1.00000000e-09	1.00000000e-10	1.00000000e-10	0.00000000e+00	1.99658328e-04
1.54000000e+01	1.29478461e+01	1.26292253e+06	4.91551480e+04	1.00000000e-09	1.00000000e-09	1.00000000e-10	1.00000000e-10	0.00000000e+00	1.83557987e-04
1.55000000e+01	1.30319230e+01	1.25809644e+06	4.89673083e+04	1.00000000e-09	1.00000000e-09	1.00000000e-10	1.00000000e-10	0.00000000e+00	1.68755969e-04
1.56000000e+01	1.31159999e+01	1.25327496e+06	4.87796477e+04	1.00000000e-09	3.00204743e+03	1.00000000e-10	3.00204743e+02	-2.89653543e+08	1.55147578e-04
1.57000000e+01	1.32000768e+01	1.24847888e+06	4.85929760e+04	1.00000000e-09	1.26364780e+03	1.00000000e-10	1.26364780e+02	-1.21923478e+08	1.42636560e-04
1.58000000e+01	1.32841538e+01	1.24368280e+06	4.84063042e+04	1.00000000e-09	1.00000000e-09	1.00000000e-10	1.00000000e-10	0.00000000e+00	1.31134424e-04
1.59000000e+01	1.33682307e+01	1.23888672e+06	4.82196325e+04	1.00000000e-09	1.00000000e-09	1.00000000e-10	1.00000000e-10	0.00000000e+00	1.20559814e-04
1.60000000e+01	1.34523076e+01	1.23409064e+06	4.80329608e+04	1.00000000e-09	9.80928890e+02	1.00000000e-10	9.80928890e+01	-9.46452497e+07	1.10837935e-04
1.61000000e+01	1.35363845e+01	1.22931990e+06	4.78472751e+04	1.00000000e-09	1.54831476e+03	1.00000000e-10	1.54831476e+02	-1.49389664e+08	1.01900023e-04
1.62000000e+01	1.36204614e+01	1.22455400e+06	4.76617780e+04	1.00000000e-09	1.00000000e-09	1.00000000e-10	1.00000000e-10	0.00000000e+00	9.36828597e-05
1.63000000e+01	1.37045384e+01	1.21978810e+06	4.74762809e+04	1.00000000e-09	1.00000000e-09	1.00000000e-10	1.00000000e-10	0.00000000e+00	8.61283240e-05
1.64000000e+01	1.37886153e+01	1.21502221e+06	4.72907839e+04	1.00000000e-09	1.00000000e-09	1.00000000e-10	1.00000000e-10	0.00000000e+00	7.91829819e-05
1.65000000e+01	1.38726922e+01	1.21028167e+06	4.71062739e+04	1.00000000e-09	1.00000000e-09	1.00000000e-10	1.00000000e-10	0.00000000e+00	7.27977085e-05
1.66000000e+01	1.39567691e+01	1.20555350e+06	4.69222454e+04	1.00000000e-09	1.00000000e-09	1.00000000e-10	1.00000000e-10	0.00000000e+00	6.69273402e-05
1.67000000e+01	1.40408461e+01	1.20082534e+06	4.67382170e+04	1.00000000e-09	1.00000000e-09	1.00000000e-10	1.00000000e-10	0.00000000e+00	6.15303552e-05
1.68000000e+01	1.41249230e+01	1.19609717e+06	4.65541885e+04	1.00000000e-09	1.55955986e+02	1.00000000e-10	1.55955986e+01	-1.50474652e+07	5.65685802e-05
1.69000000e+01	1.42089999e+01	1.19138990e+06	4.63709734e+04	1.00000000e-09	1.00000000e-09	1.00000000e-10	1.00000000e-10	0.00000000e+00	5.20069201e-05
1.70000000e+01	1.42930768e+01	1.18670463e+06	4.61886145e+04	1.00000000e-09	1.00000000e-09	1.00000000e-10	1.00000000e-10	0.00000000e+00	4.78131098e-05
1.71000000e+01	1.43771537e+01	1.18201936e+06	4.60062557e+04	1.00000000e-09	1.00000000e-09	1.00000000e-10	1.00000000e-10	0.00000000e+00	4.39574862e-05
1.72000000e+01	1.44612307e+01	1.17733409e+06	4.58238968e+04	1.00000000e-09	2.02564907e+03	1.00000000e-10	2.02564907e+02	-1.95445423e+08	4.04127779e-05
1.73000000e+01	1.45453076e+01	1.17265898e+06	4.56419333e+04	1.00000000e-09	5.72418870e+02	1.00000000e-10	5.72418870e+01	-5.52300248e+07	3.71539131e-05
1.74000000e+01	1.46293845e+01	1.16800964e+06	4.54609726e+04	1.00000000e-09	1.00000000e-09	1.00000000e-10	1.00000000e-10	0.00000000e+00	3.41578414e-05
1.75000000e+01	1.47134614e+01	1.16336029e+06	4.52800119e+04	1.00000000e-09	1.00000000e-09	1.00000000e-10	1.00000000e-10	0.00000000e+00	3.14033713e-05
1.76000000e+01	1.47975384e+01	1.15871094e+06	4.50990512e+04	1.00000000e-09	1.96786405e+03	1.00000000e-10	1.96786405e+02	-1.89870017e+08	2.88710202e-05
1.77000000e+01	1.48816153e+01	1.15406335e+06	4.49181587e+04	1.00000000e-09	3.37162147e+03	1.00000000e-10	3.37162147e+02	-3.25312018e+08	2.65428765e-05
1.78000000e+01	1.49656922e+01	1.14943843e+06	4.47381488e+04	1.00000000e-09	1.00000000e-09	1.00000000e-10	1.00000000e-10	0.00000000e+00	2.44024731e-05
1.79000000e+01	1.50497691e+01	1.14481362e+06	4.45581432e+04	1.00000000e-09	1.00000000e-09	1.00000000e-10	1.00000000e-10	0.00000000e+00	2.24346707e-05
1.80000000e+01	1.51338460e+01	1.14018881e+06	4.43781377e+04	1.00000000e-09	1.00000000e-09	1.00000000e-10	1.00000000e-10	0.00000000e+00	2.06255509e-05
1.81000000e+01	1.52179230e+01	1.13556401e+06	4.41981322e+04	1.00000000e-09	3.73742374e+03	1.00000000e-10	3.73742374e+02	-3.60606571e+08	1.89623175e-05
1.82000000e+01	1.53019999e+01	1.13096056e+06	4.40189581e+04	1.00000000e-09	1.62272710e+03	1.00000000e-10	1.62272710e+02	-1.56569364e+08	1.74332063e-05
1.83000000e+01	1.53860768e+01	1.12636003e+06	4.38398974e+04	1.00000000e-09	1.00000000e-09	1.00000000e-10	1.00000000e-10	0.00000000e+00	1.60274019e-05
1.84000000e+01	1.54701537e+01	1.12175950e+06	4.36608368e+04	1.00000000e-09	1.00000000e-09	1.00000000e-10	1.00000000e-10	0.00000000e+00	1.47349607e-05
1.85000000e+01	1.55542307e+01	1.11715897e+06	4.34817762e+04	1.00000000e-09	1.16690925e+03	1.00000000e-10	1.16690925e+02	-1.12589627e+08	1.35467414e-05
1.86000000e+01	1.56383076e+01	1.11257963e+06	4.33035402e+04	1.00000000e-09	2.66626160e+03	1.00000000e-10	2.66626160e+02	-2.57255136e+08	1.24543394e-05
1.87000000e+01	1.57223845e+01	1.10800902e+06	4.31256441e+04	1.00000000e-09	1.00000000e-09	1.00000000e-10	1.00000000e-10	0.00000000e+00	1.14500281e-05
1.88000000e+01	1.58064614e+01	1.10343841e+06	4.29477480e+04	1.00000000e-09	1.00000000e-09	1.00000000e-10	1.00000000e-10	0.00000000e+00	1.05267039e-05
1.89000000e+01	1.58905384e+01	1.09886780e+06	4.27698519e+04	1.00000000e-09	1.00000000e-09	1.00000000e-10	1.00000000e-10	0.00000000e+00	9.67783615e-06
1.90000000e+01	1.59746153e+01	1.09431708e+06	4.25927299e+04	1.00000000e-09	7.95844060e+02	1.00000000e-10	7.95844060e+01	-7.67872785e+07	8.89742061e-06
1.91000000e+01	1.60586922e+01	1.08978170e+06	4.24162050e+04	1.00000000e-09	8.52901780e+02	1.00000000e-10	8.52901780e+01	-8.22925115e+07	8.17993736e-06
1.92000000e+01	1.61427691e+01	1.08524632e+06	4.22396801e+04	1.00000000e-09	1.00000000e-09	1.00000000e-10	1.00000000e-10	0.00000000e+00	7.52031158e-06
1.93000000e+01	1.62268460e+01	1.08071094e+06	4.20631551e+04	1.00000000e-09	1.00000000e-09	1.00000000e-10	1.00000000e-10	0.00000000e+00	6.91387767e-06
1.94000000e+01	1.63109230e+01	1.07618982e+06	4.18871851e+04	1.00000000e-09	1.00000000e-09	1.00000000e-10	1.00000000e-10	0.00000000e+00	6.35634627e-06
1.95000000e+01	1.63949999e+01	1.07168763e+06	4.17119521e+04	1.00000000e-09	1.00000000e-09	1.00000000e-10	1.00000000e-10	0.00000000e+00	5.84377390e-06
1.96000000e+01	1.64790768e+01	1.06718544e+06	4.15367191e+04	1.00000000e-09	6.96015413e+02	1.00000000e-10	6.96015413e+01	-6.71552783e+07	5.37253509e-06
1.97000000e+01	1.65631537e+01	1.06268326e+06	4.13614862e+04	1.00000000e-09	1.21702229e+03	1.00000000e-10	1.21702229e+02	-1.17424800e+08	4.93929673e-06
1.98000000e+01	1.66472307e+01	1.05819000e+06	4.11866007e+04	1.00000000e-09	1.00000000e-09	1.00000000e-10	1.00000000e-10	0.00000000e+00	4.54099448e-06
1.99000000e+01	1.67313076e+01	1.05371729e+06	4.10125151e+04	1.00000000e-09	1.00000000e-09	1.00000000e-10	1.00000000e-10	0.00000000e+00	4.17481111e-06
2.00000000e+01	1.68153845e+01	1.04924458e+06	4.08384296e+04	1.00000000e-09	1.00000000e-09	1.00000000e-10	1.00000000e-10	0.00000000e+00	3.83815657e-06
2.01000000e+01	1.68994614e+01	1.04477187e+06	4.06643440e+04	1.00000000e-09	2.23101568e+03	1.00000000e-10	2.23101568e+02	-2.15260289e+08	3.52864967e-06
2.02000000e+01	1.69835383e+01	1.04030428e+06	4.04904576e+04	1.00000000e-09	2.03139580e+03	1.00000000e-10	2.03139580e+02	-1.95999898e+08	3.24410125e-06
2.03000000e+01	1.70676153e+01	1.03585902e+06	4.03174402e+04	1.00000000e-09	1.00000000e-09	1.00000000e-10	1.00000000e-10	0.00000000e+00	2.98249865e-06
2.04000000e+01	1.71516922e+01	1.03141376e+06	4.01444229e+04	1.00000000e-09	1.00000000e-09	1.00000000e-10	1.00000000e-10	0.00000000e+00	2.74199155e-06
2.05000000e+01	1.72357691e+01	1.02696850e+06	3.99714055e+04	1.00000000e-09	4.83603087e+02	1.00000000e-10	4.83603087e+01	-4.66606045e+07	2.52087882e-06
2.06000000e+01	1.73198460e+01	1.02252324e+06	3.97983882e+04	1.00000000e-09	3.74963926e+03	1.00000000e-10	3.74963926e+02	-3.61785190e+08	2.31759650e-06
2.07000000e+01	1.74039230e+01	1.01810269e+06	3.96263327e+04	1.00000000e-09	1.11273815e+02	1.00000000e-10	1.11273815e+01	-1.07362910e+07	2.13070675e-06
2.08000000e+01	1.74879999e+01	1.01368679e+06	3.94544584e+04	1.00000000e-09	1.00000000e-09	1.00000000e-10	1.00000000e-10	0.00000000e+00	1.95888770e-06
2.09000000e+01	1.75720768e+01	1.00927090e+06	3.92825841e+04	1.00000000e-09	1.00000000e-09	1.00000000e-10	1.00000000e-10	0.00000000e+00	1.80092404e-06
2.10000000e+01	1.76561537e+01	1.00485501e+06	3.91107098e+04	1.00000000e-09	2.57264662e+03	1.00000000e-10	2.57264662e+02	-2.48222664e+08	1.65569849e-06
2.11000000e+01	1.77402306e+01	1.00046063e+06	3.89396732e+04	1.00000000e-09	2.56144475e+03	1.00000000e-10	2.56144475e+02	-2.47141848e+08	1.52218384e-06
2.12000000e+01	1.78243076e+01	9.96078957e+05	3.87691307e+04	1.00000000e-09	1.00000000e-09	1.00000000e-10	1.00000000e-10	0.00000000e+00	1.39943575e-06
2.13000000e+01	1.79083845e+01	9.91697279e+05	3.85985881e+04	1.00000000e-09	1.00000000e-09	1.00000000e-10	1.00000000e-10	0.00000000e+00	1.28658600e-06
2.14000000e+01	1.79924614e+01	9.87315602e+05	3.84280456e+04	1.00000000e-09	1.00000000e-09	1.00000000e-10	1.00000000e-10	0.00000000e+00	1.18283639e-06
2.15000000e+01	1.80765383e+01	9.82950849e+05	3.82581618e+04	1.00000000e-09	2.44040744e+03	1.00000000e-10	2.44040744e+02	-2.35463523e+08	1.08745310e-06
2.16000000e+01	1.81606153e+01	9.78602573e+05	3.80889193e+04	1.00000000e-09	6.27504594e+02	1.00000000e-10	6.27504594e+01	-6.05449892e+07	9.99761460e-07
2.17000000e+01	1.82446922e+01	9.74254296e+05	3.79196768e+04	1.00000000e-09	1.00000000e-09	1.00000000e-10	1.00000000e-10	0.00000000e+00	9.19141229e-07
2.18000000e+01	1.83287691e+01	9.69906019e+05	3.77504343e+04	1.00000000e-09	1.00000000e-09	1.00000000e-10	1.00000000e-10	0.00000000e+00	8.45022171e-07
2.19000000e+01	1.84128460e+01	9.65569928e+05	3.75816660e+04	1.00000000e-09	1.83952013e+02	1.00000000e-10	1.83952013e+01	-1.77486710e+07	7.76880034e-07
2.20000000e+01	1.84969229e+01	9.61253957e+05	3.74136809e+04	1.00000000e-09	6.49514865e+02	1.00000000e-10	6.49514865e+01	-6.26686574e+07	7.14232843e-07
2.21000000e+01	1.85809999e+01	9.56937987e+05	3.72456958e+04	1.00000000e-09	2.02698270e+02	1.00000000e-10	2.02698270e+01	-1.95574099e+07	6.56637488e-07
2.22000000e+01	1.86650768e+01	9.52622016e+05	3.70777107e+04	1.00000000e-09	1.00000000e-09	1.00000000e-10	1.00000000e-10	0.00000000e+00	6.03686592e-07
2.23000000e+01	1.87491537e+01	9.48313116e+05	3.69100008e+04	1.00000000e-09	1.00000000e-09	1.00000000e-10	1.00000000e-10	0.00000000e+00	5.55005627e-07
2.24000000e+01	1.88332306e+01	9.44028203e+05	3.67432245e+04	1.00000000e-09	1.00000000e-09	1.00000000e-10	1.00000000e-10	0.00000000e+00	5.10250270e-07
2.25000000e+01	1.89173076e+01	9.39743291e+05	3.65764483e+04	1.00000000e-09	1.00000000e-09	1.00000000e-10	1.00000000e-10	0.00000000e+00	4.69103960e-07
2.26000000e+01	1.90013845e+01	9.35458378e+05	3.64096720e+04	1.00000000e-09	1.64035171e+03	1.00000000e-10	1.64035171e+02	-1.58269879e+08	4.31275667e-07
2.27000000e+01	1.90854614e+01	9.31173466e+05	3.62428957e+04	1.00000000e-09	9.85079753e+02	1.00000000e-10	9.85079753e+01	-9.50457471e+07	3.96497828e-07
2.28000000e+01	1.91695383e+01	9.26911866e+05	3.60770268e+04	1.00000000e-09	1.00000000e-09	1.00000000e-10	1.00000000e-10	0.00000000e+00	3.64524455e-07
2.29000000e+01	1.92536153e+01	9.22656159e+05	3.59113873e+04	1.00000000e-09	1.00000000e-09	1.00000000e-10	1.00000000e-10	0.00000000e+00	3.35129397e-07
2.30000000e+01	1.93376922e+01	9.18400452e+05	3.57457478e+04	1.00000000e-09	8.22288889e+02	1.00000000e-10	8.22288889e+01	-7.93388165e+07	3.08104742e-07
2.31000000e+01	1.94217691e+01	9.14144746e+05	3.55801082e+04	1.00000000e-09	3.44625018e+03	1.00000000e-10	3.44625018e+02	-3.32512594e+08	2.83259340e-07
2.32000000e+01	1.95058460e+01	9.09906048e+05	3.54151307e+04	1.00000000e-09	1.28012762e+02	1.00000000e-10	1.28012762e+01	-1.23513539e+07	2.60417458e-07
2.33000000e+01	1.95899229e+01	9.05677232e+05	3.52505378e+04	1.00000000e-09	1.00000000e-09	1.00000000e-10	1.00000000e-10	0.00000000e+00	2.39417533e-07
2.34000000e+01	1.96739999e+01	9.01448417e+05	3.50859450e+04	1.00000000e-09	1.00000000e-09	1.00000000e-10	1.00000000e-10	0.00000000e+00	2.20111031e-07
2.35000000e+01	1.97580768e+01	8.97219601e+05	3.49213521e+04	1.00000000e-09	2.46949693e+03	1.00000000e-10	2.46949693e+02	-2.38270231e+08	2.02361395e-07
2.36000000e+01	1.98421537e+01	8.93004328e+05	3.47572863e+04	1.00000000e-09	3.18569575e+03	1.00000000e-10	3.18569575e+02	-3.07372912e+08	1.86043080e-07
2.37000000e+01	1.99262306e+01	8.88799123e+05	3.45936124e+04	1.00000000e-09	1.00000000e-09	1.00000000e-10	1.00000000e-10	0.00000000e+00	1.71040665e-07
2.38000000e+01	2.00103076e+01	8.84593919e+05	3.44299385e+04	1.00000000e-09	1.00000000e-09	1.00000000e-10	1.00000000e-10	0.00000000e+00	1.57248037e-07
2.39000000e+01	2.00943845e+01	8.80388714e+05	3.42662646e+04	1.00000000e-09	1.00000000e-09	1.00000000e-10	1.00000000e-10	0.00000000e+00	1.44567640e-07
2.40000000e+01	2.01784614e+01	8.76195958e+05	3.41030752e+04	1.00000000e-09	2.36509310e+03	1.00000000e-10	2.36509310e+02	-2.28196793e+08	1.32909782e-07
2.41000000e+01	2.02625383e+01	8.72016900e+05	3.39404190e+04	1.00000000e-09	1.72086312e+03	1.00000000e-10	1.72086312e+02	-1.66038050e+08	1.22192009e-07
2.42000000e+01	2.03466152e+01	8.67837841e+05	3.37777627e+04	1.00000000e-09	1.00000000e-09	1.00000000e-10	1.00000000e-10	0.00000000e+00	1.12338510e-07
2.43000000e+01	2.04306922e+01	8.63658782e+05	3.36151064e+04	1.00000000e-09	1.00000000e-09	1.00000000e-10	1.00000000e-10	0.00000000e+00	1.03279593e-07
2.44000000e+01	2.05147691e+01	8.59490078e+05	3.34528532e+04	1.00000000e-09	1.00000000e-09	1.00000000e-10	1.00000000e-10	0.00000000e+00	9.49511815e-08
2.45000000e+01	2.05988460e+01	8.55339840e+05	3.32913187e+04	1.00000000e-09	6.89775522e+02	1.00000000e-10	6.89775522e+01	-6.65532203e+07	8.72943689e-08
2.46000000e+01	2.06829229e+01	8.51189602e+05	3.31297842e+04	1.00000000e-09	1.37528764e+03	1.00000000e-10	1.37528764e+02	-1.32695084e+08	8.02549976e-08
2.47000000e+01	2.07669999e+01	8.47039364e+05	3.29682497e+04	1.00000000e-09	1.61613900e+02	1.00000000e-10	1.61613900e+01	-1.55933708e+07	7.37832774e-08
2.48000000e+01	2.08510768e+01	8.42892805e+05	3.28068584e+04	1.00000000e-09	1.00000000e-09	1.00000000e-10	1.00000000e-10	0.00000000e+00	6.78334333e-08
2.49000000e+01	2.09351537e+01	8.38766172e+05	3.26462426e+04	1.00000000e-09	1.00000000e-09	1.00000000e-10	1.00000000e-10	0.00000000e+00	6.23633815e-08
2.50000000e+01	2.10192306e+01	8.34639540e+05	3.24856269e+04	1.00000000e-09	1.00000000e-09	1.00000000e-10	1.00000000e-10	0.00000000e+00	5.73344317e-08
2.51000000e+01	2.11033075e+01	8.30512907e+05	3.23250112e+04	1.00000000e-09	2.46933362e+03	1.00000000e-10	2.46933362e+02	-2.38254474e+08	5.27110137e-08
2.52000000e+01	2.11873845e+01	8.26386274e+05	3.21643954e+04	1.00000000e-09	1.55381860e+03	1.00000000e-10	1.55381860e+02	-1.49920703e+08	4.84604257e-08
2.53000000e+01	2.12714614e+01	8.22278827e+05	3.20045264e+04	1.00000000e-09	1.00000000e-09	1.00000000e-10	1.00000000e-10	0.00000000e+00	4.45526029e-08
2.54000000e+01	2.13555383e+01	8.18174494e+05	3.18447786e+04	1.00000000e-09	1.00000000e-09	1.00000000e-10	1.00000000e-10	0.00000000e+00	4.09599048e-08
2.55000000e+01	2.14396152e+01	8.14070161e+05	3.16850308e+04	1.00000000e-09	6.13447339e+02	1.00000000e-10	6.13447339e+01	-5.91886702e+07	3.76569199e-08
2.56000000e+01	2.15236922e+01	8.09965829e+05	3.15252830e+04	1.00000000e-09	3.92555721e+03	1.00000000e-10	3.92555721e+02	-3.78758691e+08	3.46202860e-08
2.57000000e+01	2.16077691e+01	8.05879681e+05	3.13662430e+04	1.00000000e-09	5.92987877e+02	1.00000000e-10	5.92987877e+01	-5.72146323e+07	3.18285246e-08
2.58000000e+01	2.16918460e+01	8.01801744e+05	3.12075226e+04	1.00000000e-09	1.00000000e-09	1.00000000e-10	1.00000000e-10	0.00000000e+00	2.92618894e-08
2.59000000e+01	2.17759229e+01	7.97723807e+05	3.10488022e+04	1.00000000e-09	1.00000000e-09	1.00000000e-10	1.00000000e-10	0.00000000e+00	2.69022262e-08
2.60000000e+01	2.18599998e+01	7.93645871e+05	3.08900818e+04	1.00000000e-09	2.11673126e+03	1.00000000e-10	2.11673126e+02	-2.04233518e+08	2.47328451e-08
2.61000000e+01	2.19440768e+01	7.89584611e+05	3.07320105e+04	1.00000000e-09	3.38520108e+03	1.00000000e-10	3.38520108e+02	-3.26622250e+08	2.27384017e-08
2.62000000e+01	2.20281537e+01	7.85537855e+05	3.05745037e+04	1.00000000e-09	1.00000000e-09	1.00000000e-10	1.00000000e-10	0.00000000e+00	2.09047891e-08
2.63000000e+01	2.21122306e+01	7.81491099e+05	3.04169969e+04	1.00000000e-09	1.00000000e-09	1.00000000e-10	1.00000000e-10	0.00000000e+00	1.92190381e-08
2.64000000e+01	2.21963075e+01	7.77444342e+05	3.02594901e+04	1.00000000e-09	1.00000000e-09	1.00000000e-10	1.00000000e-10	0.00000000e+00	1.76692251e-08
2.65000000e+01	2.22803845e+01	7.73408114e+05	3.01023930e+04	1.00000000e-09	2.29340432e+03	1.00000000e-10	2.29340432e+02	-2.21279878e+08	1.62443882e-08
2.66000000e+01	2.23644614e+01	7.69390014e+05	2.99460015e+04	1.00000000e-09	1.75584769e+03	1.00000000e-10	1.75584769e+02	-1.69413548e+08	1.49344494e-08
2.67000000e+01	2.24485383e+01	7.65371913e+05	2.97896101e+04	1.00000000e-09	1.00000000e-09	1.00000000e-10	1.00000000e-10	0.00000000e+00	1.37301434e-08
2.68000000e+01	2.25326152e+01	7.61353813e+05	2.96332186e+04	1.00000000e-09	1.00000000e-09	1.00000000e-10	1.00000000e-10	0.00000000e+00	1.26229520e-08
2.69000000e+01	2.26166921e+01	7.57341105e+05	2.94770370e+04	1.00000000e-09	1.00000000e-09	1.00000000e-10	1.00000000e-10	0.00000000e+00	1.16050438e-08
2.70000000e+01	2.27007691e+01	7.53347703e+05	2.93216068e+04	1.00000000e-09	6.26613655e+02	1.00000000e-10	6.26613655e+01	-6.04590266e+07	1.06692193e-08
2.71000000e+01	2.27848460e+01	7.49354301e+05	2.91661766e+04	1.00000000e-09	1.21457971e+03	1.00000000e-10	1.21457971e+02	-1.17189127e+08	9.80885916e-09
2.72000000e+01	2.28689229e+01	7.45360899e+05	2.90107465e+04	1.00000000e-09	1.54817450e+02	1.00000000e-10	1.54817450e+01	-1.49376131e+07	9.01787799e-09
2.73000000e+01	2.29529998e+01	7.41368323e+05	2.88553484e+04	1.00000000e-09	1.00000000e-09	1.00000000e-10	1.00000000e-10	0.00000000e+00	8.29068113e-09
2.74000000e+01	2.30370768e+01	7.37395656e+05	2.87007253e+04	1.00000000e-09	1.00000000e-09	1.00000000e-10	1.00000000e-10	0.00000000e+00	7.62212503e-09
2.75000000e+01	2.31211537e+01	7.33424900e+05	2.85461766e+04	1.00000000e-09	1.00000000e-09	1.00000000e-10	1.00000000e-10	0.00000000e+00	7.00748093e-09
2.76000000e+01	2.32052306e+01	7.29454145e+05	2.83916279e+04	1.00000000e-09	2.02768513e+03	1.00000000e-10	2.02768513e+02	-1.95641874e+08	6.44240141e-09
2.77000000e+01	2.32893075e+01	7.25483390e+05	2.82370791e+04	1.00000000e-09	1.78317037e+03	1.00000000e-10	1.78317037e+02	-1.72049785e+08	5.92288960e-09
2.78000000e+01	2.33733845e+01	7.21531999e+05	2.80832841e+04	1.00000000e-09	1.00000000e-09	1.00000000e-10	1.00000000e-10	0.00000000e+00	5.44527095e-09
2.79000000e+01	2.34574614e+01	7.17589935e+05	2.79298521e+04	1.00000000e-09	1.00000000e-09	1.00000000e-10	1.00000000e-10	0.00000000e+00	5.00616720e-09
2.80000000e+01	2.35415383e+01	7.13647871e+05	2.77764201e+04	1.00000000e-09	1.00000000e-09	1.00000000e-10	1.00000000e-10	0.00000000e+00	4.60247255e-09
2.81000000e+01	2.36256152e+01	7.09705807e+05	2.76229881e+04	1.00000000e-09	3.73826502e+03	1.00000000e-10	3.73826502e+02	-3.60687742e+08	4.23133162e-09
2.82000000e+01	2.37096921e+01	7.05776049e+05	2.74700350e+04	1.00000000e-09	1.85760680e+03	1.00000000e-10	1.85760680e+02	-1.79231809e+08	3.89011930e-09
2.83000000e+01	2.37937691e+01	7.01859188e+05	2.73175840e+04	1.00000000e-09	1.00000000e-09	1.00000000e-10	1.00000000e-10	0.00000000e+00	3.57642216e-09
2.84000000e+01	2.38778460e+01	6.97942327e+05	2.71651329e+04	1.00000000e-09	1.00000000e-09	1.00000000e-10	1.00000000e-10	0.00000000e+00	3.28802138e-09
2.85000000e+01	2.39619229e+01	6.94025466e+05	2.70126819e+04	1.00000000e-09	7.54892422e+02	1.00000000e-10	7.54892422e+01	-7.28360460e+07	3.02287709e-09
2.86000000e+01	2.40459998e+01	6.90116502e+05	2.68605382e+04	1.00000000e-09	4.06253748e+03	1.00000000e-10	4.06253748e+02	-3.91975278e+08	2.77911390e-09
2.87000000e+01	2.41300768e+01	6.86218180e+05	2.67088087e+04	1.00000000e-09	1.14821488e+03	1.00000000e-10	1.14821488e+02	-1.10785894e+08	2.55500764e-09
2.88000000e+01	2.42141537e+01	6.82319858e+05	2.65570792e+04	1.00000000e-09	1.00000000e-09	1.00000000e-10	1.00000000e-10	0.00000000e+00	2.34897319e-09
2.89000000e+01	2.42982306e+01	6.78421535e+05	2.64053497e+04	1.00000000e-09	1.00000000e-09	1.00000000e-10	1.00000000e-10	0.00000000e+00	2.15955324e-09
2.90000000e+01	2.43823075e+01	6.74530518e+05	2.62539045e+04	1.00000000e-09	5.84029425e+02	1.00000000e-10	5.84029425e+01	-5.63502730e+07	1.98540802e-09
2.91000000e+01	2.44663844e+01	6.70652393e+05	2.61029611e+04	1.00000000e-09	2.78433752e+03	1.00000000e-10	2.78433752e+02	-2.68647731e+08	1.82530578e-09
2.92000000e+01	2.45504614e+01	6.66774269e+05	2.59520177e+04	1.00000000e-09	1.26059444e+03	1.00000000e-10	1.26059444e+02	-1.21628873e+08	1.67811410e-09
2.93000000e+01	2.46345383e+01	6.62896144e+05	2.58010743e+04	1.00000000e-09	1.00000000e-09	1.00000000e-10	1.00000000e-10	0.00000000e+00	1.54279187e-09
2.94000000e+01	2.47186152e+01	6.59025116e+05	2.56504072e+04	1.00000000e-09	1.00000000e-09	1.00000000e-10	1.00000000e-10	0.00000000e+00	1.41838196e-09
2.95000000e+01	2.48026921e+01	6.55172152e+05	2.55004431e+04	1.00000000e-09	1.00000000e-09	1.00000000e-10	1.00000000e-10	0.00000000e+00	1.30400439e-09
2.96000000e+01	2.48867691e+01	6.51319189e+05	2.53504790e+04	1.00000000e-09	2.12917548e+03	1.00000000e-10	2.12917548e+02	-2.05434203e+08	1.19885018e-09
2.97000000e+01	2.49708460e+01	6.47466225e+05	2.52005150e+04	1.00000000e-09	2.83863638e+03	1.00000000e-10	2.83863638e+02	-2.73886774e+08	1.10217554e-09
2.98000000e+01	2.50549229e+01	6.43613261e+05	2.50505509e+04	1.00000000e-09	1.00000000e-09	1.00000000e-10	1.00000000e-10	0.00000000e+00	1.01329669e-09
2.99000000e+01	2.51389998e+01	6.39780379e+05	2.49013685e+04	1.00000000e-09	1.00000000e-09	1.00000000e-10	1.00000000e-10	0.00000000e+00	9.31584987e-10
3.00000000e+01	2.52230767e+01	6.35951222e+05	2.47523310e+04	1.00000000e-09	1.00000000e-09	1.00000000e-10	1.00000000e-10	0.00000000e+00	8.56462471e-10
3.01000000e+01	2.53071537e+01	6.32122064e+05	2.46032935e+04	1.00000000e-09	2.44495453e+03	1.00000000e-10	2.44495453e+02	-2.35902250e+08	7.87397794e-10
3.02000000e+01	2.53912306e+01	6.28292907e+05	2.44542560e+04	1.00000000e-09	4.69469192e+03	1.00000000e-10	4.69469192e+02	-4.52968909e+08	7.23902457e-10
3.03000000e+01	2.54753075e+01	6.24480335e+05	2.43058641e+04	1.00000000e-09	1.00000000e-09	1.00000000e-10	1.00000000e-10	0.00000000e+00	6.65527349e-10
3.04000000e+01	2.55593844e+01	6.20674223e+05	2.41577235e+04	1.00000000e-09	1.00000000e-09	1.00000000e-10	1.00000000e-10	0.00000000e+00	6.11859579e-10
3.05000000e+01	2.56434614e+01	6.16868110e+05	2.40095830e+04	1.00000000e-09	1.00000000e-09	1.00000000e-10	1.00000000e-10	0.00000000e+00	5.62519549e-10
3.06000000e+01	2.57275383e+01	6.13061998e+05	2.38614424e+04	1.00000000e-09	3.36604832e+03	1.00000000e-10	3.36604832e+02	-3.24774290e+08	5.17158273e-10
3.07000000e+01	2.58116152e+01	6.09270366e+05	2.37138655e+04	1.00000000e-09	4.42664947e+03	1.00000000e-10	4.42664947e+02	-4.27106744e+08	4.75454906e-10
3.08000000e+01	2.58956921e+01	6.05488394e+05	2.35666646e+04	1.00000000e-09	1.00000000e-09	1.00000000e-10	1.00000000e-10	0.00000000e+00	4.37114476e-10
3.09000000e+01	2.59797690e+01	6.01706421e+05	2.34194636e+04	1.00000000e-09	1.00000000e-09	1.00000000e-10	1.00000000e-10	0.00000000e+00	4.01865798e-10
3.10000000e+01	2.60638460e+01	5.97924448e+05	2.32722626e+04	1.00000000e-09	1.00000000e-09	1.00000000e-10	1.00000000e-10	0.00000000e+00	3.69459555e-10
3.11000000e+01	2.61479229e+01	5.94157197e+05	2.31256346e+04	1.00000000e-09	2.43112148e+03	1.00000000e-10	2.43112148e+02	-2.34567563e+08	3.39666533e-10
3.12000000e+01	2.62319998e+01	5.90405264e+05	2.29796028e+04	1.00000000e-09	2.93978487e+03	1.00000000e-10	2.93978487e+02	-2.83646119e+08	3.12276006e-10
3.13000000e+01	2.63160767e+01	5.86653331e+05	2.28335711e+04	1.00000000e-09	1.00000000e-09	1.00000000e-10	1.00000000e-10	0.00000000e+00	2.87094235e-10
3.14000000e+01	2.64001537e+01	5.82901398e+05	2.26875393e+04	1.00000000e-09	1.00000000e-09	1.00000000e-10	1.00000000e-10	0.00000000e+00	2.63943109e-10
3.15000000e+01	2.64842306e+01	5.79157169e+05	2.25418073e+04	1.00000000e-09	1.00000000e-09	1.00000000e-10	1.00000000e-10	0.00000000e+00	2.42658878e-10
3.16000000e+01	2.65683075e+01	5.75433965e+05	2.23968938e+04	1.00000000e-09	6.25901596e+00	1.00000000e-10	6.25901596e-01	-6.03903234e+05	2.23090996e-10
3.17000000e+01	2.66523844e+01	5.71710762e+05	2.22519802e+04	1.00000000e-09	2.38124962e+03	1.00000000e-10	2.38124962e+02	-2.29755661e+08	2.05101057e-10
3.18000000e+01	2.67364614e+01	5.67987558e+05	2.21070666e+04	1.00000000e-09	1.63696147e+03	1.00000000e-10	1.63696147e+02	-1.57942771e+08	1.88561817e-10
3.19000000e+01	2.68205383e+01	5.64264745e+05	2.19621682e+04	1.00000000e-09	1.00000000e-09	1.00000000e-10	1.00000000e-10	0.00000000e+00	1.73356293e-10
3.20000000e+01	2.69046152e+01	5.60562405e+05	2.18180667e+04	1.00000000e-09	1.00000000e-09	1.00000000e-10	1.00000000e-10	0.00000000e+00	1.59376934e-10
3.21000000e+01	2.69886921e+01	5.56862542e+05	2.16740616e+04	1.00000000e-09	1.00000000e-09	1.00000000e-10	1.00000000e-10	0.00000000e+00	1.46524863e-10
3.22000000e+01	2.70727690e+01	5.53162679e+05	2.15300564e+04	1.00000000e-09	2.88171180e+03	1.00000000e-10	2.88171180e+02	-2.78042920e+08	1.34709176e-10
3.23000000e+01	2.71568460e+01	5.49462816e+05	2.13860513e+04	1.00000000e-09	3.75522167e+03	1.00000000e-10	3.75522167e+02	-3.62323810e+08	1.23846300e-10
3.24000000e+01	2.72409229e+01	5.45782337e+05	2.12428007e+04	1.00000000e-09	1.00000000e-09	1.00000000e-10	1.00000000e-10	0.00000000e+00	1.13859401e-10
3.25000000e+01	2.73249998e+01	5.42109869e+05	2.10998618e+04	1.00000000e-09	1.00000000e-09	1.00000000e-10	1.00000000e-10	0.00000000e+00	1.04677839e-10
3.26000000e+01	2.74090767e+01	5.38437402e+05	2.09569230e+04	1.00000000e-09	1.00000000e-09	1.00000000e-10	1.00000000e-10	0.00000000e+00	9.62366743e-11
3.27000000e+01	2.74931537e+01	5.34764935e+05	2.08139841e+04	1.00000000e-09	4.10239182e+03	1.00000000e-10	4.10239182e+02	-3.95820637e+08	8.84762003e-11
3.28000000e+01	2.75772306e+01	5.31108478e+05	2.06716685e+04	1.00000000e-09	3.81641964e+03	1.00000000e-10	3.81641964e+02	-3.68228517e+08	8.13415267e-11
3.29000000e+01	2.76613075e+01	5.27465258e+05	2.05298680e+04	1.00000000e-09	1.00000000e-09	1.00000000e-10	1.00000000e-10	0.00000000e+00	7.47821894e-11
3.30000000e+01	2.77453844e+01	5.23822037e+05	2.03880675e+04	1.00000000e-09	1.00000000e-09	1.00000000e-10	1.00000000e-10	0.00000000e+00	6.87517936e-11
3.31000000e+01	2.78294613e+01	5.20178816e+05	2.02462670e+04	1.00000000e-09	1.00000000e-09	1.00000000e-10	1.00000000e-10	0.00000000e+00	6.32076857e-11
3.32000000e+01	2.79135383e+01	5.16545603e+05	2.01048560e+04	1.00000000e-09	3.75175051e+03	1.00000000e-10	3.75175051e+02	-3.61988894e+08	5.81106517e-11
3.33000000e+01	2.79976152e+01	5.12926549e+05	1.99639961e+04	1.00000000e-09	3.02023648e+03	1.00000000e-10	3.02023648e+02	-2.91408520e+08	5.34246397e-11
3.34000000e+01	2.80816921e+01	5.09307495e+05	1.98231362e+04	1.00000000e-09	1.00000000e-09	1.00000000e-10	1.00000000e-10	0.00000000e+00	4.91165053e-11
3.35000000e+01	2.81657690e+01	5.05688441e+05	1.96822763e+04	1.00000000e-09	1.00000000e-09	1.00000000e-10	1.00000000e-10	0.00000000e+00	4.51557765e-11
3.36000000e+01	2.82498460e+01	5.02075262e+05	1.95416451e+04	1.00000000e-09	1.00000000e-09	1.00000000e-10	1.00000000e-10	0.00000000e+00	4.15144388e-11
3.37000000e+01	2.83339229e+01	4.98475572e+05	1.94015389e+04	1.00000000e-09	1.82575835e+03	1.00000000e-10	1.82575835e+02	-1.76158901e+08	3.81667366e-11
3.38000000e+01	2.84179998e+01	4.94875882e+05	1.92614326e+04	1.00000000e-09	3.11208344e+03	1.00000000e-10	3.11208344e+02	-3.00270404e+08	3.50889914e-11
3.39000000e+01	2.85020767e+01	4.91276192e+05	1.91213264e+04	1.00000000e-09	3.95473128e+02	1.00000000e-10	3.95473128e+01	-3.81573561e+07	3.22594338e-11
3.40000000e+01	2.85861536e+01	4.87682186e+05	1.89814414e+04	1.00000000e-09	1.00000000e-09	1.00000000e-10	1.00000000e-10	0.00000000e+00	2.96580503e-11
3.41000000e+01	2.86702306e+01	4.84103557e+05	1.88421550e+04	1.00000000e-09	1.00000000e-09	1.00000000e-10	1.00000000e-10	0.00000000e+00	2.72664410e-11
3.42000000e+01	2.87543075e+01	4.80524929e+05	1.87028685e+04	1.00000000e-09	4.32187172e+02	1.00000000e-10	4.32187172e+01	-4.16997228e+07	2.50676897e-11
3.43000000e+01	2.88383844e+01	4.76946301e+05	1.85635821e+04	1.00000000e-09	4.27934797e+03	1.00000000e-10	4.27934797e+02	-4.12894311e+08	2.30462446e-11
3.44000000e+01	2.89224613e+01	4.73369574e+05	1.84243696e+04	1.00000000e-09	2.49111883e+03	1.00000000e-10	2.49111883e+02	-2.40356427e+08	2.11878078e-11
3.45000000e+01	2.90065383e+01	4.69812572e+05	1.82859249e+04	1.00000000e-09	1.00000000e-09	1.00000000e-10	1.00000000e-10	0.00000000e+00	1.94792342e-11
3.46000000e+01	2.90906152e+01	4.66256449e+05	1.81475144e+04	1.00000000e-09	1.00000000e-09	1.00000000e-10	1.00000000e-10	0.00000000e+00	1.79084392e-11
3.47000000e+01	2.91746921e+01	4.62700326e+05	1.80091039e+04	1.00000000e-09	9.58982958e+01	1.00000000e-10	9.58982958e+00	-9.25277892e+06	1.64643122e-11
3.48000000e+01	2.92587690e+01	4.59144204e+05	1.78706934e+04	1.00000000e-09	5.57343207e+03	1.00000000e-10	5.57343207e+02	-5.37754444e+08	1.51366389e-11
3.49000000e+01	2.93428459e+01	4.55605492e+05	1.77329605e+04	1.00000000e-09	2.55815837e+03	1.00000000e-10	2.55815837e+02	-2.46824760e+08	1.39160284e-11
3.50000000e+01	2.94269229e+01	4.52074530e+05	1.75955294e+04	1.00000000e-09	1.00000000e-09	1.00000000e-10	1.00000000e-10	0.00000000e+00	1.27938473e-11
3.51000000e+01	2.95109998e+01	4.48543569e+05	1.74580982e+04	1.00000000e-09	1.00000000e-09	1.00000000e-10	1.00000000e-10	0.00000000e+00	1.17621583e-11
3.52000000e+01	2.95950767e+01	4.45012607e+05	1.73206670e+04	1.00000000e-09	1.83236513e+02	1.00000000e-10	1.83236513e+01	-1.76796358e+07	1.08136641e-11
3.53000000e+01	2.96791536e+01	4.41496542e+05	1.71838156e+04	1.00000000e-09	4.67938968e+03	1.00000000e-10	4.67938968e+02	-4.51492467e+08	9.94165601e-12
3.54000000e+01	2.97632306e+01	4.37990536e+05	1.70473558e+04	1.00000000e-09	2.43359144e+03	1.00000000e-10	2.43359144e+02	-2.34805878e+08	9.13996618e-12
3.55000000e+01	2.98473075e+01	4.34484531e+05	1.69108959e+04	1.00000000e-09	1.00000000e-09	1.00000000e-10	1.00000000e-10	0.00000000e+00	8.40292419e-12
3.56000000e+01	2.99313844e+01	4.30978525e+05	1.67744360e+04	1.00000000e-09	1.00000000e-09	1.00000000e-10	1.00000000e-10	0.00000000e+00	7.72531687e-12
3.57000000e+01	3.00154613e+01	4.27486293e+05	1.66385123e+04	1.00000000e-09	1.00000000e-09	1.00000000e-10	1.00000000e-10	0.00000000e+00	7.10235144e-12
3.58000000e+01	3.00995383e+01	4.24008262e+05	1.65031412e+04	1.00000000e-09	2.26670452e+03	1.00000000e-10	2.26670452e+02	-2.18703738e+08	6.52962161e-12
3.59000000e+01	3.01836152e+01	4.20530231e+05	1.63677702e+04	1.00000000e-09	3.23465397e+03	1.00000000e-10	3.23465397e+02	-3.12096662e+08	6.00307641e-12
3.60000000e+01	3.02676921e+01	4.17052200e+05	1.62323992e+04	1.00000000e-09	1.22768052e+02	1.00000000e-10	1.22768052e+01	-1.18453163e+07	5.51899153e-12
3.61000000e+01	3.03517690e+01	4.13584963e+05	1.60974482e+04	1.00000000e-09	1.00000000e-09	1.00000000e-10	1.00000000e-10	0.00000000e+00	5.07394300e-12
3.62000000e+01	3.04358459e+01	4.10138256e+05	1.59632964e+04	1.00000000e-09	1.00000000e-09	1.00000000e-10	1.00000000e-10	0.00000000e+00	4.66478295e-12
3.63000000e+01	3.05199229e+01	4.06691550e+05	1.58291446e+04	1.00000000e-09	4.44427422e+02	1.00000000e-10	4.44427422e+01	-4.28807274e+07	4.28861734e-12
3.64000000e+01	3.06039998e+01	4.03244843e+05	1.56949928e+04	1.00000000e-09	5.14753596e+03	1.00000000e-10	5.14753596e+02	-4.96661717e+08	3.94278553e-12
3.65000000e+01	3.06880767e+01	3.99801007e+05	1.55609527e+04	1.00000000e-09	3.15967228e+03	1.00000000e-10	3.15967228e+02	-3.04862030e+08	3.62484141e-12
3.66000000e+01	3.07721536e+01	3.96379425e+05	1.54277787e+04	1.00000000e-09	1.00000000e-09	1.00000000e-10	1.00000000e-10	0.00000000e+00	3.33253613e-12
3.67000000e+01	3.08562306e+01	3.92958129e+05	1.52946159e+04	1.00000000e-09	1.00000000e-09	1.00000000e-10	1.00000000e-10	0.00000000e+00	3.06380220e-12
3.68000000e+01	3.09403075e+01	3.89536833e+05	1.51614531e+04	1.00000000e-09	1.00000000e-09	1.00000000e-10	1.00000000e-10	0.00000000e+00	2.81673882e-12
3.69000000e+01	3.10243844e+01	3.86115538e+05	1.50282903e+04	1.00000000e-09	6.40135325e+03	1.00000000e-10	6.40135325e+02	-6.17636694e+08	2.58959851e-12
3.70000000e+01	3.11084613e+01	3.82715905e+05	1.48959707e+04	1.00000000e-09	3.40103103e+03	1.00000000e-10	3.40103103e+02	-3.28149609e+08	2.38077467e-12
3.71000000e+01	3.11925382e+01	3.79322783e+05	1.47639044e+04	1.00000000e-09	1.00000000e-09	1.00000000e-10	1.00000000e-10	0.00000000e+00	2.18879027e-12
3.72000000e+01	3.12766152e+01	3.75929662e+05	1.46318382e+04	1.00000000e-09	1.00000000e-09	1.00000000e-10	1.00000000e-10	0.00000000e+00	2.01228739e-12
3.73000000e+01	3.13606921e+01	3.72536540e+05	1.44997720e+04	1.00000000e-09	1.00000000e-09	1.00000000e-10	1.00000000e-10	0.00000000e+00	1.85001761e-12
3.74000000e+01	3.14447690e+01	3.69162353e+05	1.43684428e+04	1.00000000e-09	4.63112098e+03	1.00000000e-10	4.63112098e+02	-4.46835246e+08	1.70083318e-12
3.75000000e+01	3.15288459e+01	3.65800457e+05	1.42375919e+04	1.00000000e-09	3.21325007e+03	1.00000000e-10	3.21325007e+02	-3.10031501e+08	1.56367890e-12
3.76000000e+01	3.16129229e+01	3.62438562e+05	1.41067411e+04	1.00000000e-09	1.00000000e-09	1.00000000e-10	1.00000000e-10	0.00000000e+00	1.43758467e-12
3.77000000e+01	3.16969998e+01	3.59076667e+05	1.39758903e+04	1.00000000e-09	1.00000000e-09	1.00000000e-10	1.00000000e-10	0.00000000e+00	1.32165861e-12
3.78000000e+01	3.17810767e+01	3.55727790e+05	1.38455461e+04	1.00000000e-09	1.00000000e-09	1.00000000e-10	1.00000000e-10	0.00000000e+00	1.21508076e-12
3.79000000e+01	3.18651536e+01	3.52393485e+05	1.37157692e+04	1.00000000e-09	1.61350363e+03	1.00000000e-10	1.61350363e+02	-1.55679434e+08	1.11709730e-12
3.80000000e+01	3.19492305e+01	3.49059180e+05	1.35859922e+04	1.00000000e-09	3.89988290e+03	1.00000000e-10	3.89988290e+02	-3.76281496e+08	1.02701517e-12
3.81000000e+01	3.20333075e+01	3.45724876e+05	1.34562153e+04	1.00000000e-09	1.39156227e+03	1.00000000e-10	1.39156227e+02	-1.34265348e+08	9.44197214e-13
3.82000000e+01	3.21173844e+01	3.42399225e+05	1.33267752e+04	1.00000000e-09	1.00000000e-09	1.00000000e-10	1.00000000e-10	0.00000000e+00	8.68057654e-13
3.83000000e+01	3.22014613e+01	3.39087756e+05	1.31978870e+04	1.00000000e-09	1.00000000e-09	1.00000000e-10	1.00000000e-10	0.00000000e+00	7.98057949e-13
3.84000000e+01	3.22855382e+01	3.35776288e+05	1.30689989e+04	1.00000000e-09	1.00000000e-09	1.00000000e-10	1.00000000e-10	0.00000000e+00	7.33702982e-13
3.85000000e+01	3.23696152e+01	3.32464819e+05	1.29401107e+04	1.00000000e-09	4.91217256e+03	1.00000000e-10	4.91217256e+02	-4.73952601e+08	6.74537565e-13
3.86000000e+01	3.24536921e+01	3.29161386e+05	1.28115354e+04	1.00000000e-09	3.73664923e+03	1.00000000e-10	3.73664923e+02	-3.60531842e+08	6.20143216e-13
3.87000000e+01	3.25377690e+01	3.25874744e+05	1.26836135e+04	1.00000000e-09	1.00000000e-09	1.00000000e-10	1.00000000e-10	0.00000000e+00	5.70135198e-13
3.88000000e+01	3.26218459e+01	3.22588101e+05	1.25556917e+04	1.00000000e-09	1.00000000e-09	1.00000000e-10	1.00000000e-10	0.00000000e+00	5.24159800e-13
3.89000000e+01	3.27059228e+01	3.19301459e+05	1.24277698e+04	1.00000000e-09	1.00000000e-09	1.00000000e-10	1.00000000e-10	0.00000000e+00	4.81891834e-13
3.90000000e+01	3.27899998e+01	3.16019099e+05	1.23000146e+04	1.00000000e-09	4.84929602e+03	1.00000000e-10	4.84929602e+02	-4.67885937e+08	4.43032333e-13
3.91000000e+01	3.28740767e+01	3.12758762e+05	1.21731166e+04	1.00000000e-09	3.49572038e+03	1.00000000e-10	3.49572038e+02	-3.37285742e+08	4.07306443e-13
3.92000000e+01	3.29581536e+01	3.09498424e+05	1.20462186e+04	1.00000000e-09	1.00000000e-09	1.00000000e-10	1.00000000e-10	0.00000000e+00	3.74461468e-13
3.93000000e+01	3.30422305e+01	3.06238087e+05	1.19193206e+04	1.00000000e-09	1.00000000e-09	1.00000000e-10	1.00000000e-10	0.00000000e+00	3.44265096e-13
3.94000000e+01	3.31263075e+01	3.02977750e+05	1.17924226e+04	1.00000000e-09	1.00000000e-09	1.00000000e-10	1.00000000e-10	0.00000000e+00	3.16503742e-13
3.95000000e+01	3.32103844e+01	2.99737574e+05	1.16663093e+04	1.00000000e-09	1.86303521e+03	1.00000000e-10	1.86303521e+02	-1.79755571e+08	2.90981049e-13
3.96000000e+01	3.32944613e+01	2.96504061e+05	1.15404553e+04	1.00000000e-09	2.86220259e+03	1.00000000e-10	2.86220259e+02	-2.76160567e+08	2.67516493e-13
3.97000000e+01	3.33785382e+01	2.93270548e+05	1.14146013e+04	1.00000000e-09	4.11190095e+02	1.00000000e-10	4.11190095e+01	-3.96738128e+07	2.45944106e-13
3.98000000e+01	3.34626152e+01	2.90037035e+05	1.12887474e+04	1.00000000e-09	1.00000000e-09	1.00000000e-10	1.00000000e-10	0.00000000e+00	2.26111304e-13
3.99000000e+01	3.35466921e+01	2.86821384e+05	1.11635886e+04	1.00000000e-09	1.00000000e-09	1.00000000e-10	1.00000000e-10	0.00000000e+00	2.07877809e-13
4.00000000e+01	3.36307690e+01	2.83615718e+05	1.10388185e+04	1.00000000e-09	1.00000000e-09	1.00000000e-10	1.00000000e-10	0.00000000e+00	1.91114654e-13
4.01000000e+01	3.37148459e+01	2.80410052e+05	1.09140484e+04	1.00000000e-09	2.76656013e+03	1.00000000e-10	2.76656013e+02	-2.66932473e+08	1.75703270e-13
4.02000000e+01	3.37989228e+01	2.77204386e+05	1.07892783e+04	1.00000000e-09	3.76979856e+03	1.00000000e-10	3.76979856e+02	-3.63730266e+08	1.61534652e-13
4.03000000e+01	3.38829998e+01	2.74015776e+05	1.06651720e+04	1.00000000e-09	1.00000000e-09	1.00000000e-10	1.00000000e-10	0.00000000e+00	1.48508584e-13
4.04000000e+01	3.39670767e+01	2.70842300e+05	1.05416548e+04	1.00000000e-09	1.00000000e-09	1.00000000e-10	1.00000000e-10	0.00000000e+00	1.36532931e-13
4.05000000e+01	3.40511536e+01	2.67668824e+05	1.04181376e+04	1.00000000e-09	1.00000000e-09	1.00000000e-10	1.00000000e-10	0.00000000e+00	1.25522989e-13
4.06000000e+01	3.41352305e+01	2.64495347e+05	1.02946203e+04	1.00000000e-09	3.13847867e+03	1.00000000e-10	3.13847867e+02	-3.02817157e+08	1.15400882e-13
4.07000000e+01	3.42193075e+01	2.61334263e+05	1.01715854e+04	1.00000000e-09	5.18207716e+03	1.00000000e-10	5.18207716e+02	-4.99994436e+08	1.06095016e-13
4.08000000e+01	3.43033844e+01	2.58195827e+05	1.00494320e+04	1.00000000e-09	1.00000000e-09	1.00000000e-10	1.00000000e-10	0.00000000e+00	9.75395708e-14
4.09000000e+01	3.43874613e+01	2.55057391e+05	9.92727861e+03	1.00000000e-09	1.00000000e-09	1.00000000e-10	1.00000000e-10	0.00000000e+00	8.96740319e-14
4.10000000e+01	3.44715382e+01	2.51918955e+05	9.80512521e+03	1.00000000e-09	1.00000000e-09	1.00000000e-10	1.00000000e-10	0.00000000e+00	8.24427658e-14
4.11000000e+01	3.45556151e+01	2.48783770e+05	9.68309835e+03	1.00000000e-09	2.46435086e+03	1.00000000e-10	2.46435086e+02	-2.37773711e+08	7.57946252e-14
4.12000000e+01	3.46396921e+01	2.45672828e+05	9.56201504e+03	1.00000000e-09	3.78653924e+03	1.00000000e-10	3.78653924e+02	-3.65345497e+08	6.96825871e-14
4.13000000e+01	3.47237690e+01	2.42562121e+05	9.44094088e+03	1.00000000e-09	6.41556573e+02	1.00000000e-10	6.41556573e+01	-6.19007991e+07	6.40634205e-14
4.14000000e+01	3.48078459e+01	2.39451413e+05	9.31986672e+03	1.00000000e-09	1.00000000e-09	1.00000000e-10	1.00000000e-10	0.00000000e+00	5.88973804e-14
4.15000000e+01	3.48919228e+01	2.36340706e+05	9.19879256e+03	1.00000000e-09	1.00000000e-09	1.00000000e-10	1.00000000e-10	0.00000000e+00	5.41479271e-14
4.16000000e+01	3.49759998e+01	2.33252958e+05	9.07861204e+03	1.00000000e-09	1.00000000e-09	1.00000000e-10	1.00000000e-10	0.00000000e+00	4.97814672e-14
4.17000000e+01	3.50600767e+01	2.30172558e+05	8.95871748e+03	1.00000000e-09	1.33423756e+03	1.00000000e-10	1.33423756e+02	-1.28734355e+08	4.57671163e-14
4.18000000e+01	3.51441536e+01	2.27092157e+05	8.83882292e+03	1.00000000e-09	2.70774745e+03	1.00000000e-10	2.70774745e+02	-2.61257912e+08	4.20764804e-14
4.19000000e+01	3.52282305e+01	2.24011757e+05	8.71892836e+03	1.00000000e-09	9.24203079e+02	1.00000000e-10	9.24203079e+01	-8.91720410e+07	3.86834555e-14
4.20000000e+01	3.53123074e+01	2.20950547e+05	8.59978075e+03	1.00000000e-09	1.00000000e-09	1.00000000e-10	1.00000000e-10	0.00000000e+00	3.55640423e-14
4.21000000e+01	3.53963844e+01	2.17902598e+05	8.48114925e+03	1.00000000e-09	1.00000000e-09	1.00000000e-10	1.00000000e-10	0.00000000e+00	3.26961769e-14
4.22000000e+01	3.54804613e+01	2.14854649e+05	8.36251775e+03	1.00000000e-09	1.00000000e-09	1.00000000e-10	1.00000000e-10	0.00000000e+00	3.00595747e-14
4.23000000e+01	3.55645382e+01	2.11806700e+05	8.24388625e+03	1.00000000e-09	4.67130851e+03	1.00000000e-10	4.67130851e+02	-4.50712753e+08	2.76355866e-14
4.24000000e+01	3.56486151e+01	2.08772525e+05	8.12579088e+03	1.00000000e-09	3.41695080e+03	1.00000000e-10	3.41695080e+02	-3.29685633e+08	2.54070677e-14
4.25000000e+01	3.57326921e+01	2.05753532e+05	8.00828640e+03	1.00000000e-09	1.00000000e-09	1.00000000e-10	1.00000000e-10	0.00000000e+00	2.33582553e-14
4.26000000e+01	3.58167690e+01	2.02734539e+05	7.89078193e+03	1.00000000e-09	1.00000000e-09	1.00000000e-10	1.00000000e-10	0.00000000e+00	2.14746581e-14
4.27000000e+01	3.59008459e+01	1.99715546e+05	7.77327746e+03	1.00000000e-09	1.00000000e-09	1.00000000e-10	1.00000000e-10	0.00000000e+00	1.97429531e-14
4.28000000e+01	3.59849228e+01	1.96706352e+05	7.65615437e+03	1.00000000e-09	3.52003581e+03	1.00000000e-10	3.52003581e+02	-3.39631824e+08	1.81508919e-14
4.29000000e+01	3.60689997e+01	1.93715477e+05	7.53974430e+03	1.00000000e-09	3.32612405e+03	1.00000000e-10	3.32612405e+02	-3.20922184e+08	1.66872137e-14
4.30000000e+01	3.61530767e+01	1.90724602e+05	7.42333424e+03	1.00000000e-09	1.00000000e-09	1.00000000e-10	1.00000000e-10	0.00000000e+00	1.53415657e-14
4.31000000e+01	3.62371536e+01	1.87733728e+05	7.30692418e+03	1.00000000e-09	1.00000000e-09	1.00000000e-10	1.00000000e-10	0.00000000e+00	1.41044300e-14
4.32000000e+01	3.63212305e+01	1.84749405e+05	7.19076914e+03	1.00000000e-09	1.00000000e-09	1.00000000e-10	1.00000000e-10	0.00000000e+00	1.29670563e-14
4.33000000e+01	3.64053074e+01	1.81787572e+05	7.07548944e+03	1.00000000e-09	1.00000000e-09	1.00000000e-10	1.00000000e-10	0.00000000e+00	1.19213998e-14
4.34000000e+01	3.64893844e+01	1.78825740e+05	6.96020975e+03	1.00000000e-09	2.36064298e+03	1.00000000e-10	2.36064298e+02	-2.27767422e+08	1.09600645e-14
4.35000000e+01	3.65734613e+01	1.75863907e+05	6.84493006e+03	1.00000000e-09	3.14285885e+03	1.00000000e-10	3.14285885e+02	-3.03239780e+08	1.00762507e-14
4.36000000e+01	3.66575382e+01	1.72902075e+05	6.72965037e+03	1.00000000e-09	3.65647139e+02	1.00000000e-10	3.65647139e+01	-3.52795856e+07	9.26370726e-15
4.37000000e+01	3.67416151e+01	1.69961407e+05	6.61519444e+03	1.00000000e-09	1.00000000e-09	1.00000000e-10	1.00000000e-10	0.00000000e+00	8.51668685e-15
4.38000000e+01	3.68256921e+01	1.67025431e+05	6.50092114e+03	1.00000000e-09	1.00000000e-09	1.00000000e-10	1.00000000e-10	0.00000000e+00	7.82990577e-15
4.39000000e+01	3.69097690e+01	1.64089455e+05	6.38664784e+03	1.00000000e-09	4.27320074e+02	1.00000000e-10	4.27320074e+01	-4.12301192e+07	7.19850635e-15
4.40000000e+01	3.69938459e+01	1.61153479e+05	6.27237454e+03	1.00000000e-09	5.46482145e+03	1.00000000e-10	5.46482145e+02	-5.27275113e+08	6.61802264e-15
4.41000000e+01	3.70779228e+01	1.58236883e+05	6.15885552e+03	1.00000000e-09	2.50392659e+03	1.00000000e-10	2.50392659e+02	-2.41592188e+08	6.08434883e-15
4.42000000e+01	3.71619997e+01	1.55327635e+05	6.04562251e+03	1.00000000e-09	1.00000000e-09	1.00000000e-10	1.00000000e-10	0.00000000e+00	5.59371018e-15
4.43000000e+01	3.72460767e+01	1.52418387e+05	5.93238950e+03	1.00000000e-09	1.00000000e-09	1.00000000e-10	1.00000000e-10	0.00000000e+00	5.14263638e-15
4.44000000e+01	3.73301536e+01	1.49509139e+05	5.81915649e+03	1.00000000e-09	1.00000000e-09	1.00000000e-10	1.00000000e-10	0.00000000e+00	4.72793693e-15
4.45000000e+01	3.74142305e+01	1.46619342e+05	5.70668057e+03	1.00000000e-09	2.96973255e+03	1.00000000e-10	2.96973255e+02	-2.86535632e+08	4.34667862e-15
4.46000000e+01	3.74983074e+01	1.43742750e+05	5.59471859e+03	1.00000000e-09	2.69482060e+03	1.00000000e-10	2.69482060e+02	-2.60010660e+08	3.99616478e-15
4.47000000e+01	3.75823844e+01	1.40866158e+05	5.48275662e+03	1.00000000e-09	1.00000000e-09	1.00000000e-10	1.00000000e-10	0.00000000e+00	3.67391618e-15
4.48000000e+01	3.76664613e+01	1.37989566e+05	5.37079464e+03	1.00000000e-09	1.00000000e-09	1.00000000e-10	1.00000000e-10	0.00000000e+00	3.37765354e-15
4.49000000e+01	3.77505382e+01	1.35129956e+05	5.25949363e+03	1.00000000e-09	1.00000000e-09	1.00000000e-10	1.00000000e-10	0.00000000e+00	3.10528136e-15
4.50000000e+01	3.78346151e+01	1.32292635e+05	5.14906013e+03	1.00000000e-09	1.00000000e-09	1.00000000e-10	1.00000000e-10	0.00000000e+00	2.85487313e-15
4.51000000e+01	3.79186920e+01	1.29455314e+05	5.03862664e+03	1.00000000e-09	1.62335599e+03	1.00000000e-10	1.62335599e+02	-1.56630042e+08	2.62465769e-15
4.52000000e+01	3.80027690e+01	1.26617992e+05	4.92819314e+03	1.00000000e-09	4.08010334e+03	1.00000000e-10	4.08010334e+02	-3.93670125e+08	2.41300669e-15
4.53000000e+01	3.80868459e+01	1.23788578e+05	4.81806742e+03	1.00000000e-09	1.28634883e+03	1.00000000e-10	1.28634883e+02	-1.24113794e+08	2.21842312e-15
4.54000000e+01	3.81709228e+01	1.20985325e+05	4.70895992e+03	1.00000000e-09	1.00000000e-09	1.00000000e-10	1.00000000e-10	0.00000000e+00	2.03953067e-15
4.55000000e+01	3.82549997e+01	1.18182072e+05	4.59985242e+03	1.00000000e-09	1.00000000e-09	1.00000000e-10	1.00000000e-10	0.00000000e+00	1.87506400e-15
4.56000000e+01	3.83390767e+01	1.15378819e+05	4.49074493e+03	1.00000000e-09	1.00000000e-09	1.00000000e-10	1.00000000e-10	0.00000000e+00	1.72385984e-15
4.57000000e+01	3.84231536e+01	1.12575566e+05	4.38163743e+03	1.00000000e-09	6.13773682e+03	1.00000000e-10	6.13773682e+02	-5.92201575e+08	1.58484870e-15
4.58000000e+01	3.85072305e+01	1.09799044e+05	4.27357035e+03	1.00000000e-09	3.24480571e+03	1.00000000e-10	3.24480571e+02	-3.13076156e+08	1.45704735e-15
4.59000000e+01	3.85913074e+01	1.07026596e+05	4.16566184e+03	1.00000000e-09	1.00000000e-09	1.00000000e-10	1.00000000e-10	0.00000000e+00	1.33955183e-15
4.60000000e+01	3.86753843e+01	1.04254148e+05	4.05775333e+03	1.00000000e-09	1.00000000e-09	1.00000000e-10	1.00000000e-10	0.00000000e+00	1.23153109e-15
4.61000000e+01	3.87594613e+01	1.01481701e+05	3.94984482e+03	1.00000000e-09	1.00000000e-09	1.00000000e-10	1.00000000e-10	0.00000000e+00	1.13222108e-15
4.62000000e+01	3.88435382e+01	9.87332942e+04	3.84287205e+03	1.00000000e-09	1.78041426e+03	1.00000000e-10	1.78041426e+02	-1.71783861e+08	1.04091937e-15
4.63000000e+01	3.89276151e+01	9.59964699e+04	3.73635007e+03	1.00000000e-09	2.98960955e+03	1.00000000e-10	2.98960955e+02	-2.88453471e+08	9.56980191e-16
4.64000000e+01	3.90116920e+01	9.32596455e+04	3.62982809e+03	1.00000000e-09	1.02615167e+03	1.00000000e-10	1.02615167e+02	-9.90085846e+07	8.79809819e-16
4.65000000e+01	3.90957690e+01	9.05228211e+04	3.52330612e+03	1.00000000e-09	1.00000000e-09	1.00000000e-10	1.00000000e-10	0.00000000e+00	8.08862425e-16
4.66000000e+01	3.91798459e+01	8.78060089e+04	3.41756304e+03	1.00000000e-09	1.00000000e-09	1.00000000e-10	1.00000000e-10	0.00000000e+00	7.43636191e-16
4.67000000e+01	3.92639228e+01	8.51060496e+04	3.31247592e+03	1.00000000e-09	1.00000000e-09	1.00000000e-10	1.00000000e-10	0.00000000e+00	6.83669765e-16
4.68000000e+01	3.93479997e+01	8.24060903e+04	3.20738879e+03	1.00000000e-09	7.35286457e+02	1.00000000e-10	7.35286457e+01	-7.09443580e+07	6.28539001e-16
4.69000000e+01	3.94320766e+01	7.97061310e+04	3.10230166e+03	1.00000000e-09	5.21708926e+03	1.00000000e-10	5.21708926e+02	-5.03372590e+08	5.77853951e-16
4.70000000e+01	3.95161536e+01	7.70213993e+04	2.99780722e+03	1.00000000e-09	2.64848716e+03	1.00000000e-10	2.64848716e+02	-2.55540163e+08	5.31256117e-16
4.71000000e+01	3.96002305e+01	7.43583714e+04	2.89415753e+03	1.00000000e-09	1.00000000e-09	1.00000000e-10	1.00000000e-10	0.00000000e+00	4.88415907e-16
4.72000000e+01	3.96843074e+01	7.16953436e+04	2.79050784e+03	1.00000000e-09	1.00000000e-09	1.00000000e-10	1.00000000e-10	0.00000000e+00	4.49030309e-16
4.73000000e+01	3.97683843e+01	6.90323157e+04	2.68685815e+03	1.00000000e-09	1.00000000e-09	1.00000000e-10	1.00000000e-10	0.00000000e+00	4.12820745e-16
4.74000000e+01	3.98524613e+01	6.63762768e+04	2.58348049e+03	1.00000000e-09	4.62109186e+03	1.00000000e-10	4.62109186e+02	-4.45867583e+08	3.79531100e-16
4.75000000e+01	3.99365382e+01	6.37450889e+04	2.48107006e+03	1.00000000e-09	4.06959695e+03	1.00000000e-10	4.06959695e+02	-3.92656414e+08	3.48925915e-16
4.76000000e+01	4.00206151e+01	6.11139009e+04	2.37865964e+03	1.00000000e-09	1.00000000e-09	1.00000000e-10	1.00000000e-10	0.00000000e+00	3.20788716e-16
4.77000000e+01	4.01046920e+01	5.84827129e+04	2.27624921e+03	1.00000000e-09	1.00000000e-09	1.00000000e-10	1.00000000e-10	0.00000000e+00	2.94920485e-16
4.78000000e+01	4.01887690e+01	5.58515250e+04	2.17383878e+03	1.00000000e-09	1.00000000e-09	1.00000000e-10	1.00000000e-10	0.00000000e+00	2.71138254e-16
4.79000000e+01	4.02728459e+01	5.32421052e+04	2.07227562e+03	1.00000000e-09	1.00000000e-09	1.00000000e-10	1.00000000e-10	0.00000000e+00	2.49273810e-16
4.80000000e+01	4.03569228e+01	5.06329597e+04	1.97072312e+03	1.00000000e-09	2.43497001e+03	1.00000000e-10	2.43497001e+02	-2.34938890e+08	2.29172503e-16
4.81000000e+01	4.04409997e+01	4.80238142e+04	1.86917063e+03	1.00000000e-09	3.90011551e+03	1.00000000e-10	3.90011551e+02	-3.76303940e+08	2.10692155e-16
4.82000000e+01	4.05250766e+01	4.54146688e+04	1.76761813e+03	1.00000000e-09	1.40552209e+03	1.00000000e-10	1.40552209e+02	-1.35612265e+08	1.93702052e-16
4.83000000e+01	4.06091536e+01	4.28267466e+04	1.66689169e+03	1.00000000e-09	1.00000000e-09	1.00000000e-10	1.00000000e-10	0.00000000e+00	1.78082022e-16
4.84000000e+01	4.06932305e+01	4.02426044e+04	1.56631237e+03	1.00000000e-09	1.00000000e-09	1.00000000e-10	1.00000000e-10	0.00000000e+00	1.63721583e-16
4.85000000e+01	4.07773074e+01	3.76584623e+04	1.46573305e+03	1.00000000e-09	1.00000000e-09	1.00000000e-10	1.00000000e-10	0.00000000e+00	1.50519162e-16
4.86000000e+01	4.08613843e+01	3.50743202e+04	1.36515373e+03	1.00000000e-09	4.90539771e+03	1.00000000e-10	4.90539771e+02	-4.73298928e+08	1.38381377e-16
4.87000000e+01	4.09454613e+01	3.25145727e+04	1.26552389e+03	1.00000000e-09	3.99917072e+03	1.00000000e-10	3.99917072e+02	-3.85861316e+08	1.27222377e-16
4.88000000e+01	4.10295382e+01	2.99669967e+04	1.16636779e+03	1.00000000e-09	1.00000000e-09	1.00000000e-10	1.00000000e-10	0.00000000e+00	1.16963232e-16
4.89000000e+01	4.11136151e+01	2.74194206e+04	1.06721168e+03	1.00000000e-09	1.00000000e-09	1.00000000e-10	1.00000000e-10	0.00000000e+00	1.07531379e-16
4.90000000e+01	4.11976920e+01	2.48718446e+04	9.68055579e+02	1.00000000e-09	1.00000000e-09	1.00000000e-10	1.00000000e-10	0.00000000e+00	9.88601065e-17
4.91000000e+01	4.12817689e+01	2.23423742e+04	8.69604182e+02	1.00000000e-09	1.49655521e+02	1.00000000e-10	1.49655521e+01	-1.44395626e+07	9.08880802e-17
4.92000000e+01	4.13658459e+01	1.98343421e+04	7.71987196e+02	1.00000000e-09	1.84131956e+03	1.00000000e-10	1.84131956e+02	-1.77660329e+08	8.35589140e-17
4.93000000e+01	4.14499228e+01	1.73263100e+04	6.74370209e+02	1.00000000e-09	1.73661410e+03	1.00000000e-10	1.73661410e+02	-1.67557789e+08	7.68207678e-17
4.94000000e+01	4.15339997e+01	1.48182778e+04	5.76753223e+02	1.00000000e-09	1.00000000e-09	1.00000000e-10	1.00000000e-10	0.00000000e+00	7.06259821e-17
4.95000000e+01	4.16180766e+01	1.23217028e+04	4.79582169e+02	1.00000000e-09	1.00000000e-09	1.00000000e-10	1.00000000e-10	0.00000000e+00	6.49307406e-17
4.96000000e+01	4.17021536e+01	9.85042374e+03	3.83395676e+02	1.00000000e-09	1.00000000e-09	1.00000000e-10	1.00000000e-10	0.00000000e+00	5.96947603e-17
4.97000000e+01	4.17862305e+01	7.37914467e+03	2.87209184e+02	1.00000000e-09	1.00000000e-09	1.00000000e-10	1.00000000e-10	0.00000000e+00	5.48810067e-17
4.98000000e+01	4.18703074e+01	4.90786560e+03	1.91022691e+02	1.00000000e-09	2.73997427e+03	1.00000000e-10	2.73997427e+02	-2.64367327e+08	5.04554316e-17
4.99000000e+01	4.19543843e+01	2.44043706e+03	9.49860678e+01	1.00000000e-09	5.61319622e+03	1.00000000e-10	5.61319622e+02	-5.41591101e+08	4.63867326e-17
5.00000000e+01	4.20384612e+01	0.00000000e+00	0.00000000e+00	1.00000000e+01	1.00000000e+01	1.00000000e+00	1.00000000e+00	0.00000000e+00	4.26461312e-17
