# 1D PNP Solver Results
# Debye length: 1.18939 nm
# Surface potential: 100 mV
# Bulk concentration: 10 mol/m^3
# Thermal voltage: 25.6926 mV
# Grid: non-uniform with stretching factor 1
#
# Columns:
# 1: x [nm]
# 2: x/lambda_D [-]
# 3: phi [mV]
# 4: phi_normalized = e*phi/(kB*T) [-]
# 5: c+ [mol/m^3]
# 6: c- [mol/m^3]
# 7: c+/c0 [-]
# 8: c-/c0 [-]
# 9: rho [C/m^3]
# 10: phi_GC [mV] (Gouy-Chapman analytical)
0.00000000e+00	0.00000000e+00	1.00000000e+02	3.89217445e+00	1.00000000e-09	1.00000000e-09	1.00000000e-10	1.00000000e-10	0.00000000e+00	1.00000000e+02
1.00000000e-01	8.40769225e-02	-5.99692935e+04	-2.33410952e+03	1.00000000e-09	1.00000000e-09	1.00000000e-10	1.00000000e-10	0.00000000e+00	8.70576373e+01
2.00000000e-01	1.68153845e-01	-1.20038587e+05	-4.67211121e+03	1.00000000e-09	8.22057966e+06	1.00000000e-10	8.22057966e+05	-7.93165359e+11	7.68715638e+01
3.00000000e-01	2.52230767e-01	-1.76314045e+05	-6.86245019e+03	1.00000000e-09	7.32235796e+05	1.00000000e-10	7.32235796e+04	-7.06500140e+10	6.85207345e+01
4.00000000e-01	3.36307690e-01	-2.32026411e+05	-9.03087268e+03	1.00000000e-09	1.00000000e-09	1.00000000e-10	1.00000000e-10	0.00000000e+00	6.14862309e+01
5.00000000e-01	4.20384612e-01	-2.87738777e+05	-1.11992952e+04	1.00000000e-09	1.00000000e-09	1.00000000e-10	1.00000000e-10	0.00000000e+00	5.54461690e+01
6.00000000e-01	5.04461535e-01	-3.43451144e+05	-1.33677177e+04	1.00000000e-09	8.22139541e+06	1.00000000e-10	8.22139541e+05	-7.93244066e+11	5.01866549e+01
7.00000000e-01	5.88538457e-01	-3.95436569e+05	-1.53910811e+04	1.00000000e-09	1.57963244e+06	1.00000000e-10	1.57963244e+05	-1.52411360e+11	4.55579535e+01
8.00000000e-01	6.72615380e-01	-4.46210220e+05	-1.73672802e+04	1.00000000e-09	1.00000000e-09	1.00000000e-10	1.00000000e-10	0.00000000e+00	4.14508515e+01
9.00000000e-01	7.56692302e-01	-4.96983871e+05	-1.93434792e+04	1.00000000e-09	1.00000000e-09	1.00000000e-10	1.00000000e-10	0.00000000e+00	3.77829914e+01
1.00000000e+00	8.40769225e-01	-5.47757521e+05	-2.13196783e+04	1.00000000e-09	8.24312913e+06	1.00000000e-10	8.24312913e+05	-7.95341052e+11	3.44905241e+01
1.10000000e+00	9.24846147e-01	-5.94948025e+05	-2.31564150e+04	1.00000000e-09	2.58118976e+06	1.00000000e-10	2.58118976e+05	-2.49046951e+11	3.15227780e+01
1.20000000e+00	1.00892307e+00	-6.40175926e+05	-2.49167638e+04	1.00000000e-09	1.00000000e-09	1.00000000e-10	1.00000000e-10	0.00000000e+00	2.88387272e+01
1.30000000e+00	1.09299999e+00	-6.85403828e+05	-2.66771127e+04	1.00000000e-09	1.00000000e-09	1.00000000e-10	1.00000000e-10	0.00000000e+00	2.64045776e+01
1.40000000e+00	1.17707691e+00	-7.30631729e+05	-2.84374615e+04	1.00000000e-09	8.29252531e+06	1.00000000e-10	8.29252531e+05	-8.00107059e+11	2.41920729e+01
1.50000000e+00	1.26115384e+00	-7.72537016e+05	-3.00684883e+04	1.00000000e-09	3.79092811e+06	1.00000000e-10	3.79092811e+05	-3.65768957e+11	2.21772778e+01
1.60000000e+00	1.34523076e+00	-8.11608669e+05	-3.15892252e+04	1.00000000e-09	1.00000000e-09	1.00000000e-10	1.00000000e-10	0.00000000e+00	2.03396868e+01
1.70000000e+00	1.42930768e+00	-8.50680322e+05	-3.31099621e+04	1.00000000e-09	1.00000000e-09	1.00000000e-10	1.00000000e-10	0.00000000e+00	1.86615585e+01
1.80000000e+00	1.51338460e+00	-8.89751975e+05	-3.46306990e+04	1.00000000e-09	8.37841852e+06	1.00000000e-10	8.37841852e+05	-8.08394493e+11	1.71274116e+01
1.90000000e+00	1.59746153e+00	-9.25947435e+05	-3.60394895e+04	1.00000000e-09	5.27948662e+06	1.00000000e-10	5.27948662e+05	-5.09393020e+11	1.57236358e+01
2.00000000e+00	1.68153845e+00	-9.58302344e+05	-3.72987990e+04	1.00000000e-09	1.00000000e-09	1.00000000e-10	1.00000000e-10	0.00000000e+00	1.44381886e+01
2.10000000e+00	1.76561537e+00	-9.90657253e+05	-3.85581085e+04	1.00000000e-09	1.00000000e-09	1.00000000e-10	1.00000000e-10	0.00000000e+00	1.32603556e+01
2.20000000e+00	1.84969229e+00	-1.02301216e+06	-3.98174180e+04	1.00000000e-09	8.51138182e+06	1.00000000e-10	8.51138182e+05	-8.21223502e+11	1.21805577e+01
2.30000000e+00	1.93376922e+00	-1.05325017e+06	-4.09943339e+04	1.00000000e-09	7.11611060e+06	1.00000000e-10	7.11611060e+05	-6.86600295e+11	1.11901960e+01
2.40000000e+00	2.01784614e+00	-1.07850464e+06	-4.19772822e+04	1.00000000e-09	1.00000000e-09	1.00000000e-10	1.00000000e-10	0.00000000e+00	1.02815237e+01
2.50000000e+00	2.10192306e+00	-1.10375912e+06	-4.29602305e+04	1.00000000e-09	1.00000000e-09	1.00000000e-10	1.00000000e-10	0.00000000e+00	9.44754093e+00
2.60000000e+00	2.18599998e+00	-1.12901360e+06	-4.39431789e+04	1.00000000e-09	8.70031145e+06	1.00000000e-10	8.70031145e+05	-8.39452440e+11	8.68190590e+00
2.70000000e+00	2.27007691e+00	-1.15347548e+06	-4.48952779e+04	1.00000000e-09	9.25151161e+06	1.00000000e-10	9.25151161e+05	-8.92635170e+11	7.97886054e+00
2.80000000e+00	2.35415383e+00	-1.17173456e+06	-4.56059531e+04	1.00000000e-09	1.00000000e-09	1.00000000e-10	1.00000000e-10	0.00000000e+00	7.33316685e+00
2.90000000e+00	2.43823075e+00	-1.18999364e+06	-4.63166284e+04	1.00000000e-09	1.00000000e-09	1.00000000e-10	1.00000000e-10	0.00000000e+00	6.74005227e+00
3.00000000e+00	2.52230767e+00	-1.20825272e+06	-4.70273037e+04	1.00000000e-09	8.94151675e+06	1.00000000e-10	8.94151675e+05	-8.62725213e+11	6.19516235e+00
3.10000000e+00	2.60638460e+00	-1.22651180e+06	-4.77379789e+04	1.00000000e-09	1.19801469e+07	1.00000000e-10	1.19801469e+06	-1.15590845e+12	5.69451955e+00
3.20000000e+00	2.69046152e+00	-1.23756046e+06	-4.81680121e+04	1.00000000e-09	1.00000000e-09	1.00000000e-10	1.00000000e-10	0.00000000e+00	5.23448697e+00
3.30000000e+00	2.77453844e+00	-1.24576959e+06	-4.84875255e+04	1.00000000e-09	1.00000000e-09	1.00000000e-10	1.00000000e-10	0.00000000e+00	4.81173646e+00
3.40000000e+00	2.85861536e+00	-1.25397871e+06	-4.88070390e+04	1.00000000e-09	5.90585190e+06	1.00000000e-10	5.90585190e+05	-5.69828082e+11	4.42322017e+00
3.50000000e+00	2.94269229e+00	-1.26218783e+06	-4.91265524e+04	1.00000000e-09	2.18809984e+07	1.00000000e-10	2.18809984e+06	-2.11119540e+12	4.06614534e+00
3.60000000e+00	3.02676921e+00	-1.26372457e+06	-4.91863646e+04	1.00000000e-09	3.80564283e+06	1.00000000e-10	3.80564283e+05	-3.67188712e+11	3.73795159e+00
3.70000000e+00	3.11084613e+00	-1.25683150e+06	-4.89180743e+04	1.00000000e-09	1.00000000e-09	1.00000000e-10	1.00000000e-10	0.00000000e+00	3.43629058e+00
3.80000000e+00	3.19492305e+00	-1.24993843e+06	-4.86497840e+04	3.79797702e+05	1.00000000e-09	3.79797702e+04	1.00000000e-10	3.66449074e+10	3.15900770e+00
3.90000000e+00	3.27899998e+00	-1.24304535e+06	-4.83814937e+04	4.32360117e+05	1.00000000e-09	4.32360117e+04	1.00000000e-10	4.17164095e+10	2.90412542e+00
4.00000000e+00	3.36307690e+00	-1.23615228e+06	-4.81132034e+04	1.00000000e-09	1.45942591e+05	1.00000000e-10	1.45942591e+04	-1.40813194e+10	2.66982829e+00
4.10000000e+00	3.44715382e+00	-1.21183441e+06	-4.71667093e+04	1.00000000e-09	8.07366879e+04	1.00000000e-10	8.07366879e+03	-7.78990615e+09	2.45444929e+00
4.20000000e+00	3.53123074e+00	-1.16706997e+06	-4.54243994e+04	1.10416381e+05	2.47504494e-06	1.10416381e+04	2.47504494e-07	1.06535612e+10	2.25645740e+00
4.30000000e+00	3.61530767e+00	-1.12230554e+06	-4.36820895e+04	1.51993219e+05	6.44816105e-08	1.51993219e+04	6.44816105e-09	1.46651162e+10	2.07444628e+00
4.40000000e+00	3.69938459e+00	-1.07754111e+06	-4.19397796e+04	1.00000000e-09	1.62655105e+03	1.00000000e-10	1.62655105e+02	-1.56938318e+08	1.90712395e+00
4.50000000e+00	3.78346151e+00	-1.03224414e+06	-4.01767426e+04	1.00000000e-09	3.13521814e+03	1.00000000e-10	3.13521814e+02	-3.02502563e+08	1.75330334e+00
4.60000000e+00	3.86753843e+00	-9.85903232e+05	-3.83730737e+04	9.07542331e+04	1.00000000e-09	9.07542331e+03	1.00000000e-10	8.75645232e+09	1.61189369e+00
4.70000000e+00	3.95161536e+00	-9.39562325e+05	-3.65694048e+04	1.61006004e+05	1.00000000e-09	1.61006004e+04	1.00000000e-10	1.55347177e+10	1.48189263e+00
4.80000000e+00	4.03569228e+00	-8.94610715e+05	-3.48198097e+04	1.00000000e-09	2.17719752e+02	1.00000000e-10	2.17719752e+01	-2.10067626e+07	1.36237899e+00
4.90000000e+00	4.11976920e+00	-8.50730425e+05	-3.31119122e+04	1.00000000e-09	1.75425850e+03	1.00000000e-10	1.75425850e+02	-1.69260214e+08	1.25250612e+00
5.00000000e+00	4.20384612e+00	-8.06286562e+05	-3.13820796e+04	8.16448882e+04	1.00000000e-09	8.16448882e+03	1.00000000e-10	7.87753416e+09	1.15149587e+00
5.10000000e+00	4.28792305e+00	-7.61842699e+05	-2.96522469e+04	1.82469004e+05	1.00000000e-09	1.82469004e+04	1.00000000e-10	1.76055825e+10	1.05863300e+00
5.20000000e+00	4.37199997e+00	-7.17955903e+05	-2.79440962e+04	1.00000000e-09	1.00000000e-09	1.00000000e-10	1.00000000e-10	0.00000000e+00	9.73260072e-01
5.30000000e+00	4.45607689e+00	-6.75101392e+05	-2.62761239e+04	1.00000000e-09	1.26071052e+03	1.00000000e-10	1.26071052e+02	-1.21640073e+08	8.94772759e-01
5.40000000e+00	4.54015381e+00	-6.31851758e+05	-2.45927727e+04	6.31248569e+04	1.60368301e+02	6.31248569e+03	1.60368301e+01	6.07514959e+09	8.22615544e-01
5.50000000e+00	4.62423074e+00	-5.88551610e+05	-2.29074554e+04	2.01725772e+05	1.00000000e-09	2.01725772e+04	1.00000000e-10	1.94635781e+10	7.56277766e-01
5.60000000e+00	4.70830766e+00	-5.45383718e+05	-2.12272857e+04	1.00000000e-09	1.00000000e-09	1.00000000e-10	1.00000000e-10	0.00000000e+00	6.95289988e-01
5.70000000e+00	4.79238458e+00	-5.03024109e+05	-1.95785759e+04	1.00000000e-09	9.34029268e+02	1.00000000e-10	9.34029268e+01	-9.01201241e+07	6.39220665e-01
5.80000000e+00	4.87646150e+00	-4.60387906e+05	-1.79191004e+04	3.88534799e+04	2.85581981e+02	3.88534799e+03	2.85581981e+01	3.72123644e+09	5.87673079e-01
5.90000000e+00	4.96053843e+00	-4.17662948e+05	-1.62561705e+04	2.16030107e+05	1.00000000e-09	2.16030107e+04	1.00000000e-10	2.08437367e+10	5.40282524e-01
6.00000000e+00	5.04461535e+00	-3.74937989e+05	-1.45932406e+04	1.00000000e-09	1.00000000e-09	1.00000000e-10	1.00000000e-10	0.00000000e+00	4.96713722e-01
6.10000000e+00	5.12869227e+00	-3.32832363e+05	-1.29544162e+04	1.00000000e-09	6.94977225e+02	1.00000000e-10	6.94977225e+01	-6.70551084e+07	4.56658442e-01
6.20000000e+00	5.21276919e+00	-2.90688099e+05	-1.13140879e+04	1.09529728e+04	3.69413283e+02	1.09529728e+03	3.69413283e+01	1.02115826e+09	4.19833321e-01
6.30000000e+00	5.29684612e+00	-2.48430279e+05	-9.66933984e+03	2.25008851e+05	1.00000000e-09	2.25008851e+04	1.00000000e-10	2.17100537e+10	3.85977854e-01
6.40000000e+00	5.38092304e+00	-2.06172459e+05	-8.02459176e+03	2.72747183e+03	1.00000000e-09	2.72747183e+02	1.00000000e-10	2.63161025e+08	3.54852548e-01
6.50000000e+00	5.46499996e+00	-1.64393975e+05	-6.39850028e+03	1.00000000e-09	5.04610868e+02	1.00000000e-10	5.04610868e+01	-4.86875472e+07	3.26237227e-01
6.60000000e+00	5.54907688e+00	-1.22718677e+05	-4.77642498e+03	1.00000000e-09	4.23553252e+02	1.00000000e-10	4.23553252e+01	-4.08666762e+07	2.99929475e-01
6.70000000e+00	5.63315381e+00	-8.09145607e+04	-3.14933586e+03	2.28808923e+05	1.00000000e-09	2.28808923e+04	1.00000000e-10	2.20767050e+10	2.75743201e-01
6.80000000e+00	5.71723073e+00	-3.91104448e+04	-1.52224674e+03	3.27593902e+04	1.00000000e-09	3.27593902e+03	1.00000000e-10	3.16080064e+09	2.53507323e-01
6.90000000e+00	5.80130765e+00	2.31406285e+03	9.00673631e+01	1.00000000e-09	3.18902110e+02	1.00000000e-10	3.18902110e+01	-3.07693760e+07	2.33064554e-01
7.00000000e+00	5.88538457e+00	4.35417769e+04	1.69472192e+03	1.00000000e-09	4.67926334e+02	1.00000000e-10	4.67926334e+01	-4.51480278e+07	2.14270296e-01
7.10000000e+00	5.96946150e+00	8.49103436e+04	3.30485870e+03	2.27613515e+05	1.00000000e-09	2.27613515e+04	1.00000000e-10	2.19613656e+10	1.96991610e-01
7.20000000e+00	6.05353842e+00	1.26278910e+05	4.91499548e+03	6.34864557e+04	1.00000000e-09	6.34864557e+03	1.00000000e-10	6.12551176e+09	1.81106277e-01
7.30000000e+00	6.13761534e+00	1.67336163e+05	6.51301536e+03	1.00000000e-09	7.37557399e+00	1.00000000e-10	7.37557399e-01	-7.11634706e+05	1.66501937e-01
7.40000000e+00	6.22169226e+00	2.08092303e+05	8.09931543e+03	1.00000000e-09	4.20052267e+01	1.00000000e-10	4.20052267e+00	-4.05288825e+06	1.53075289e-01
7.50000000e+00	6.30576919e+00	2.48860928e+05	9.68610145e+03	2.22375119e+05	3.51654184e+00	2.22375119e+04	3.51654184e-01	2.14555979e+10	1.40731363e-01
7.60000000e+00	6.38984611e+00	2.89630598e+05	1.12729281e+04	9.44151465e+04	3.55018849e-01	9.44151465e+03	3.55018849e-02	9.10964252e+09	1.29382849e-01
7.70000000e+00	6.47392303e+00	3.30134030e+05	1.28493924e+04	1.00000000e-09	3.48304602e-02	1.00000000e-10	3.48304602e-03	-3.36062842e+03	1.18949475e-01
7.80000000e+00	6.55799995e+00	3.70321836e+05	1.44135719e+04	1.00000000e-09	1.00000000e-09	1.00000000e-10	1.00000000e-10	0.00000000e+00	1.09357445e-01
7.90000000e+00	6.64207688e+00	4.10509643e+05	1.59777514e+04	2.12584750e+05	1.00000000e-09	2.12584750e+04	1.00000000e-10	2.05113102e+10	1.00538914e-01
8.00000000e+00	6.72615380e+00	4.50697449e+05	1.75419310e+04	1.25015828e+05	3.90957169e-02	1.25015828e+04	3.90957169e-03	1.20621899e+10	9.24315047e-02
8.10000000e+00	6.81023072e+00	4.90660473e+05	1.90973616e+04	1.00000000e-09	8.63278890e-03	1.00000000e-10	8.63278890e-04	-8.32937407e+02	8.49778740e-02
8.20000000e+00	6.89430764e+00	5.30296589e+05	2.06400683e+04	1.00000000e-09	5.84951459e-04	1.00000000e-10	5.84951459e-05	-5.64391393e+01	7.81253008e-02
8.30000000e+00	6.97838457e+00	5.69932704e+05	2.21827751e+04	1.98141652e+05	1.00000000e-09	1.98141652e+04	1.00000000e-10	1.91177631e+10	7.18253161e-02
8.40000000e+00	7.06246149e+00	6.09568820e+05	2.37254818e+04	1.54663897e+05	1.00000000e-09	1.54663897e+04	1.00000000e-10	1.49227975e+10	6.60333593e-02
8.50000000e+00	7.14653841e+00	6.49011950e+05	2.52606773e+04	1.00000000e-09	7.76640580e-04	1.00000000e-10	7.76640580e-05	-7.49343278e+01	6.07084632e-02
8.60000000e+00	7.23061533e+00	6.88115401e+05	2.67826518e+04	1.00000000e-09	1.00000000e-09	1.00000000e-10	1.00000000e-10	0.00000000e+00	5.58129641e-02
8.70000000e+00	7.31469226e+00	7.27218852e+05	2.83046263e+04	1.79186993e+05	1.00000000e-09	1.79186993e+04	1.00000000e-10	1.72889166e+10	5.13122357e-02
8.80000000e+00	7.39876918e+00	7.66322303e+05	2.98266009e+04	1.82749890e+05	3.03514069e-04	1.82749890e+04	3.03514069e-05	1.76326838e+10	4.71744438e-02
8.90000000e+00	7.48284610e+00	8.05257387e+05	3.13420223e+04	1.00000000e-09	3.35941725e-04	1.00000000e-10	3.35941725e-05	-3.24133524e+01	4.33703214e-02
9.00000000e+00	7.56692302e+00	8.43834402e+05	3.28435070e+04	1.00000000e-09	5.60132939e-05	1.00000000e-10	5.60132939e-06	-5.40436478e+00	3.98729614e-02
9.10000000e+00	7.65099995e+00	8.82411416e+05	3.43449917e+04	1.55916631e+05	1.00000000e-09	1.55916631e+04	1.00000000e-10	1.50436679e+10	3.66576268e-02
9.20000000e+00	7.73507687e+00	9.20988431e+05	3.58464764e+04	2.08720368e+05	1.00000000e-09	2.08720368e+04	1.00000000e-10	2.01384540e+10	3.37015752e-02
9.30000000e+00	7.81915379e+00	9.59419628e+05	3.73422856e+04	1.00000000e-09	1.04350798e-05	1.00000000e-10	1.04350798e-06	-1.00673565e+00	3.09838980e-02
9.40000000e+00	7.90323071e+00	9.97471253e+05	3.88233212e+04	1.00000000e-09	1.00000000e-09	1.00000000e-10	1.00000000e-10	0.00000000e+00	2.84853728e-02
9.50000000e+00	7.98730764e+00	1.03552288e+06	4.03043569e+04	1.28549240e+05	1.00000000e-09	1.28549240e+04	1.00000000e-10	1.24031161e+10	2.61883275e-02
9.60000000e+00	8.07138456e+00	1.07357450e+06	4.17853925e+04	2.32002149e+05	6.11722039e-06	2.32002149e+04	6.11722039e-07	2.23848044e+10	2.40765146e-02
9.70000000e+00	8.15546148e+00	1.11150795e+06	4.32618283e+04	1.00000000e-09	1.31422910e-06	1.00000000e-10	1.31422910e-07	-1.26707346e-01	2.21349973e-02
9.80000000e+00	8.23953840e+00	1.14903191e+06	4.47223263e+04	1.00000000e-09	1.00000000e-09	1.00000000e-10	1.00000000e-10	0.00000000e+00	2.03500429e-02
9.90000000e+00	8.32361533e+00	1.18655587e+06	4.61828243e+04	9.73126460e+04	1.00000000e-09	9.73126460e+03	1.00000000e-10	9.38924297e+09	1.87090262e-02
1.00000000e+01	8.40769225e+00	1.22407983e+06	4.76433223e+04	2.52097952e+05	1.25445084e-09	2.52097952e+04	1.25445084e-10	2.43237546e+10	1.72003403e-02
1.01000000e+01	8.49176917e+00	1.26152551e+06	4.91007735e+04	1.00000000e-09	3.24119368e-08	1.00000000e-10	3.24119368e-09	-3.03079115e-03	1.58133140e-02
1.02000000e+01	8.57584609e+00	1.29852519e+06	5.05408658e+04	1.00000000e-09	1.00000000e-09	1.00000000e-10	1.00000000e-10	0.00000000e+00	1.45381368e-02
1.03000000e+01	8.65992302e+00	1.33552488e+06	5.19809582e+04	6.24672137e+04	1.00000000e-09	6.24672137e+03	1.00000000e-10	6.02716986e+09	1.33657892e-02
1.04000000e+01	8.74399994e+00	1.37252457e+06	5.34210506e+04	2.68496303e+05	1.00000000e-09	2.68496303e+04	1.00000000e-10	2.59059550e+10	1.22879791e-02
1.05000000e+01	8.82807686e+00	1.40950314e+06	5.48603210e+04	1.00000000e-09	1.85821538e-08	1.00000000e-10	1.85821538e-09	-1.69641995e-03	1.12970830e-02
1.06000000e+01	8.91215378e+00	1.44600020e+06	5.62808503e+04	1.00000000e-09	1.00000000e-09	1.00000000e-10	1.00000000e-10	0.00000000e+00	1.03860923e-02
1.07000000e+01	8.99623071e+00	1.48248431e+06	5.77008755e+04	2.42863045e+04	1.00000000e-09	2.42863045e+03	1.00000000e-10	2.34327216e+09	9.54856333e-03
1.08000000e+01	9.08030763e+00	1.51896842e+06	5.91209008e+04	2.80579609e+05	1.00000000e-09	2.80579609e+04	1.00000000e-10	2.70718167e+10	8.77857228e-03
1.09000000e+01	9.16438455e+00	1.55545253e+06	6.05409260e+04	1.00000000e-09	1.07732097e-08	1.00000000e-10	1.07732097e-09	-9.42971385e-04	8.07067289e-03
1.10000000e+01	9.24846147e+00	1.59143100e+06	6.19412706e+04	1.00000000e-09	1.00000000e-09	1.00000000e-10	1.00000000e-10	0.00000000e+00	7.41985814e-03
1.11000000e+01	9.33253840e+00	1.62731248e+06	6.33378404e+04	1.00000000e-09	1.00000000e-09	1.00000000e-10	1.00000000e-10	0.00000000e+00	6.82152474e-03
1.12000000e+01	9.41661532e+00	1.66319396e+06	6.47344103e+04	2.87612041e+05	1.11327478e-09	2.87612041e+04	1.11327478e-10	2.77503433e+10	6.27144062e-03
1.13000000e+01	9.50069224e+00	1.69907544e+06	6.61309801e+04	3.74999792e+04	5.13030885e-09	3.74999792e+03	5.13030885e-10	3.61819795e+09	5.76571500e-03
1.14000000e+01	9.58476916e+00	1.73444876e+06	6.75077714e+04	1.00000000e-09	1.00000000e-09	1.00000000e-10	1.00000000e-10	0.00000000e+00	5.30077082e-03
1.15000000e+01	9.66884609e+00	1.76962804e+06	6.88770106e+04	1.00000000e-09	1.00000000e-09	1.00000000e-10	1.00000000e-10	0.00000000e+00	4.87331949e-03
1.16000000e+01	9.75292301e+00	1.80480733e+06	7.02462497e+04	2.88653404e+05	1.00000000e-09	2.88653404e+04	1.00000000e-10	2.78508195e+10	4.48033760e-03
1.17000000e+01	9.83699993e+00	1.83998661e+06	7.16154888e+04	8.17535539e+04	1.00000000e-09	8.17535539e+03	1.00000000e-10	7.88801880e+09	4.11904557e-03
1.18000000e+01	9.92107685e+00	1.87468558e+06	7.29660331e+04	1.00000000e-09	1.00000000e-09	1.00000000e-10	1.00000000e-10	0.00000000e+00	3.78688794e-03
1.19000000e+01	1.00051538e+01	1.90909020e+06	7.43051212e+04	1.00000000e-09	1.00000000e-09	1.00000000e-10	1.00000000e-10	0.00000000e+00	3.48151531e-03
1.20000000e+01	1.00892307e+01	1.94349483e+06	7.56442092e+04	2.82553859e+05	1.00000000e-09	2.82553859e+04	1.00000000e-10	2.72623029e+10	3.20076778e-03
1.21000000e+01	1.01733076e+01	1.97789946e+06	7.69832973e+04	1.27668731e+05	1.00000000e-09	1.27668731e+04	1.00000000e-10	1.23181599e+10	2.94265957e-03
1.22000000e+01	1.02573845e+01	2.01188410e+06	7.83060389e+04	1.00000000e-09	1.00000000e-09	1.00000000e-10	1.00000000e-10	0.00000000e+00	2.70536508e-03
1.23000000e+01	1.03414615e+01	2.04548280e+06	7.96137587e+04	1.00000000e-09	1.00000000e-09	1.00000000e-10	1.00000000e-10	0.00000000e+00	2.48720588e-03
1.24000000e+01	1.04255384e+01	2.07908149e+06	8.09214785e+04	2.68130241e+05	1.00000000e-09	2.68130241e+04	1.00000000e-10	2.58706354e+10	2.28663893e-03
1.25000000e+01	1.05096153e+01	2.11268018e+06	8.22291983e+04	1.74291841e+05	1.00000000e-09	1.74291841e+04	1.00000000e-10	1.68166062e+10	2.10224558e-03
1.26000000e+01	1.05936922e+01	2.14594120e+06	8.35237751e+04	1.00000000e-09	1.00000000e-09	1.00000000e-10	1.00000000e-10	0.00000000e+00	1.93272162e-03
1.27000000e+01	1.06777692e+01	2.17874517e+06	8.48005629e+04	1.00000000e-09	1.00000000e-09	1.00000000e-10	1.00000000e-10	0.00000000e+00	1.77686798e-03
1.28000000e+01	1.07618461e+01	2.21154914e+06	8.60773507e+04	2.44515304e+05	1.00000000e-09	2.44515304e+04	1.00000000e-10	2.35921403e+10	1.63358230e-03
1.29000000e+01	1.08459230e+01	2.24435312e+06	8.73541386e+04	2.20197012e+05	1.00000000e-09	2.20197012e+04	1.00000000e-10	2.12457818e+10	1.50185109e-03
1.30000000e+01	1.09299999e+01	2.27691490e+06	8.86215001e+04	1.00000000e-09	1.00000000e-09	1.00000000e-10	1.00000000e-10	0.00000000e+00	1.38074262e-03
1.31000000e+01	1.10140768e+01	2.30898394e+06	8.98696830e+04	1.00000000e-09	1.00000000e-09	1.00000000e-10	1.00000000e-10	0.00000000e+00	1.26940027e-03
1.32000000e+01	1.10981538e+01	2.34105298e+06	9.11178660e+04	2.11319973e+05	1.00000000e-09	2.11319973e+04	1.00000000e-10	2.03892778e+10	1.16703651e-03
1.33000000e+01	1.11822307e+01	2.37312202e+06	9.23660489e+04	2.63369860e+05	1.00000000e-09	2.63369860e+04	1.00000000e-10	2.54113284e+10	1.07292731e-03
1.34000000e+01	1.12663076e+01	2.40504637e+06	9.36086002e+04	1.00000000e-09	1.00000000e-09	1.00000000e-10	1.00000000e-10	0.00000000e+00	9.86407027e-04
1.35000000e+01	1.13503845e+01	2.43646793e+06	9.48315823e+04	1.00000000e-09	1.00000000e-09	1.00000000e-10	1.00000000e-10	0.00000000e+00	9.06863691e-04
1.36000000e+01	1.14344615e+01	2.46788950e+06	9.60545645e+04	1.68828235e+05	1.00000000e-09	1.68828235e+04	1.00000000e-10	1.62894483e+10	8.33734687e-04
1.37000000e+01	1.15185384e+01	2.49931107e+06	9.72775467e+04	3.01644997e+05	1.00000000e-09	3.01644997e+04	1.00000000e-10	2.91043177e+10	7.66502767e-04
1.38000000e+01	1.16026153e+01	2.53067635e+06	9.84983383e+04	1.00000000e-09	1.00000000e-09	1.00000000e-10	1.00000000e-10	0.00000000e+00	7.04692393e-04
1.39000000e+01	1.16866922e+01	2.56154999e+06	9.96999942e+04	1.00000000e-09	1.00000000e-09	1.00000000e-10	1.00000000e-10	0.00000000e+00	6.47866374e-04
1.40000000e+01	1.17707691e+01	2.59242363e+06	1.00901650e+05	1.18049090e+05	1.00000000e-09	1.18049090e+04	1.00000000e-10	1.13900057e+10	5.95622776e-04
1.41000000e+01	1.18548461e+01	2.62329727e+06	1.02103306e+05	3.32838688e+05	1.00000000e-09	3.32838688e+04	1.00000000e-10	3.21140514e+10	5.47592073e-04
1.42000000e+01	1.19389230e+01	2.65417091e+06	1.03304962e+05	1.00000000e-09	1.00000000e-09	1.00000000e-10	1.00000000e-10	0.00000000e+00	5.03434541e-04
1.43000000e+01	1.20229999e+01	2.68457741e+06	1.04488436e+05	1.00000000e-09	1.00000000e-09	1.00000000e-10	1.00000000e-10	0.00000000e+00	4.62837848e-04
1.44000000e+01	1.21070768e+01	2.71493975e+06	1.05670191e+05	6.04593465e+04	1.00000000e-09	6.04593465e+03	1.00000000e-10	5.83344013e+09	4.25514851e-04
1.45000000e+01	1.21911538e+01	2.74530208e+06	1.06851946e+05	3.55049310e+05	1.00000000e-09	3.55049310e+04	1.00000000e-10	3.42570506e+10	3.91201561e-04
1.46000000e+01	1.22752307e+01	2.77566442e+06	1.08033701e+05	1.00000000e-09	1.00000000e-09	1.00000000e-10	1.00000000e-10	0.00000000e+00	3.59655276e-04
1.47000000e+01	1.23593076e+01	2.80558671e+06	1.09198329e+05	1.00000000e-09	1.00000000e-09	1.00000000e-10	1.00000000e-10	0.00000000e+00	3.30652866e-04
1.48000000e+01	1.24433845e+01	2.83542010e+06	1.10359497e+05	1.00000000e-09	1.00000000e-09	1.00000000e-10	1.00000000e-10	0.00000000e+00	3.03989196e-04
1.49000000e+01	1.25274615e+01	2.86525350e+06	1.11520665e+05	3.66875520e+05	1.00000000e-09	3.66875520e+04	1.00000000e-10	3.53981064e+10	2.79475669e-04
1.50000000e+01	1.26115384e+01	2.89508689e+06	1.12681832e+05	3.35425427e+04	1.00000000e-09	3.35425427e+03	1.00000000e-10	3.23636337e+09	2.56938901e-04
1.51000000e+01	1.26956153e+01	2.92450113e+06	1.13826686e+05	1.00000000e-09	1.00000000e-09	1.00000000e-10	1.00000000e-10	0.00000000e+00	2.36219485e-04
1.52000000e+01	1.27796922e+01	2.95379036e+06	1.14966674e+05	1.00000000e-09	1.00000000e-09	1.00000000e-10	1.00000000e-10	0.00000000e+00	2.17170872e-04
1.53000000e+01	1.28637691e+01	2.98307959e+06	1.16106662e+05	3.67272779e+05	1.00000000e-09	3.67272779e+04	1.00000000e-10	3.54364361e+10	1.99658328e-04
1.54000000e+01	1.29478461e+01	3.01236882e+06	1.17246649e+05	9.98482145e+04	1.00000000e-09	9.98482145e+03	1.00000000e-10	9.63388814e+09	1.83557987e-04
1.55000000e+01	1.30319230e+01	3.04125646e+06	1.18371007e+05	1.00000000e-09	1.00000000e-09	1.00000000e-10	1.00000000e-10	0.00000000e+00	1.68755969e-04
1.56000000e+01	1.31159999e+01	3.06998045e+06	1.19488995e+05	1.00000000e-09	1.00000000e-09	1.00000000e-10	1.00000000e-10	0.00000000e+00	1.55147578e-04
1.57000000e+01	1.32000768e+01	3.09870445e+06	1.20606983e+05	3.55365449e+05	1.00000000e-09	3.55365449e+04	1.00000000e-10	3.42875534e+10	1.42636560e-04
1.58000000e+01	1.32841538e+01	3.12742845e+06	1.21724971e+05	1.66680454e+05	1.00000000e-09	1.66680454e+04	1.00000000e-10	1.60822190e+10	1.31134424e-04
1.59000000e+01	1.33682307e+01	3.15575359e+06	1.22827435e+05	1.00000000e-09	1.00000000e-09	1.00000000e-10	1.00000000e-10	0.00000000e+00	1.20559814e-04
1.60000000e+01	1.34523076e+01	3.18386180e+06	1.23921455e+05	1.00000000e-09	1.00000000e-09	1.00000000e-10	1.00000000e-10	0.00000000e+00	1.10837935e-04
1.61000000e+01	1.35363845e+01	3.21197000e+06	1.25015476e+05	3.30764035e+05	1.00000000e-09	3.30764035e+04	1.00000000e-10	3.19138778e+10	1.01900023e-04
1.62000000e+01	1.36204614e+01	3.24007821e+06	1.26109496e+05	2.32306321e+05	1.00000000e-09	2.32306321e+04	1.00000000e-10	2.24141526e+10	9.36828597e-05
1.63000000e+01	1.37045384e+01	3.26778506e+06	1.27187895e+05	1.00000000e-09	1.00000000e-09	1.00000000e-10	1.00000000e-10	0.00000000e+00	8.61283240e-05
1.64000000e+01	1.37886153e+01	3.29520259e+06	1.28255033e+05	1.00000000e-09	1.00000000e-09	1.00000000e-10	1.00000000e-10	0.00000000e+00	7.91829819e-05
1.65000000e+01	1.38726922e+01	3.32262011e+06	1.29322171e+05	2.93040046e+05	1.00000000e-09	2.93040046e+04	1.00000000e-10	2.82740662e+10	7.27977085e-05
1.66000000e+01	1.39567691e+01	3.35003763e+06	1.30389309e+05	2.95013645e+05	1.00000000e-09	2.95013645e+04	1.00000000e-10	2.84644895e+10	6.69273402e-05
1.67000000e+01	1.40408461e+01	3.37706317e+06	1.31441190e+05	1.00000000e-09	1.00000000e-09	1.00000000e-10	1.00000000e-10	0.00000000e+00	6.15303552e-05
1.68000000e+01	1.41249230e+01	3.40371269e+06	1.32478436e+05	1.00000000e-09	1.00000000e-09	1.00000000e-10	1.00000000e-10	0.00000000e+00	5.65685802e-05
1.69000000e+01	1.42089999e+01	3.43036222e+06	1.33515682e+05	2.41579018e+05	1.00000000e-09	2.41579018e+04	1.00000000e-10	2.33088317e+10	5.20069201e-05
1.70000000e+01	1.42930768e+01	3.45701175e+06	1.34552928e+05	3.52811626e+05	1.00000000e-09	3.52811626e+04	1.00000000e-10	3.40411469e+10	4.78131098e-05
1.71000000e+01	1.43771537e+01	3.48330825e+06	1.35576434e+05	1.00000000e-09	1.00000000e-09	1.00000000e-10	1.00000000e-10	0.00000000e+00	4.39574862e-05
1.72000000e+01	1.44612307e+01	3.50912415e+06	1.36581234e+05	1.00000000e-09	1.00000000e-09	1.00000000e-10	1.00000000e-10	0.00000000e+00	4.04127779e-05
1.73000000e+01	1.45453076e+01	3.53494005e+06	1.37586033e+05	1.75737836e+05	1.00000000e-09	1.75737836e+04	1.00000000e-10	1.69561234e+10	3.71539131e-05
1.74000000e+01	1.46293845e+01	3.56075595e+06	1.38590833e+05	4.03449538e+05	1.00000000e-09	4.03449538e+04	1.00000000e-10	3.89269626e+10	3.41578414e-05
1.75000000e+01	1.47134614e+01	3.58630127e+06	1.39585102e+05	1.00000000e-09	1.00000000e-09	1.00000000e-10	1.00000000e-10	0.00000000e+00	3.14033713e-05
1.76000000e+01	1.47975384e+01	3.61126095e+06	1.40556576e+05	1.00000000e-09	1.00000000e-09	1.00000000e-10	1.00000000e-10	0.00000000e+00	2.88710202e-05
1.77000000e+01	1.48816153e+01	3.63622063e+06	1.41528050e+05	9.53474552e+04	1.00000000e-09	9.53474552e+03	1.00000000e-10	9.19963088e+09	2.65428765e-05
1.78000000e+01	1.49656922e+01	3.66118031e+06	1.42499525e+05	4.43782126e+05	1.00000000e-09	4.43782126e+04	1.00000000e-10	4.28184658e+10	2.44024731e-05
1.79000000e+01	1.50497691e+01	3.68600628e+06	1.43465795e+05	1.00000000e-09	1.00000000e-09	1.00000000e-10	1.00000000e-10	0.00000000e+00	2.24346707e-05
1.80000000e+01	1.51338460e+01	3.71016560e+06	1.44406117e+05	1.00000000e-09	1.00000000e-09	1.00000000e-10	1.00000000e-10	0.00000000e+00	2.06255509e-05
1.81000000e+01	1.52179230e+01	3.73432491e+06	1.45346440e+05	1.54837793e+03	1.00000000e-09	1.54837793e+02	1.00000000e-10	1.49395759e+08	1.89623175e-05
1.82000000e+01	1.53019999e+01	3.75848423e+06	1.46286763e+05	4.69471808e+05	1.00000000e-09	4.69471808e+04	1.00000000e-10	4.52971433e+10	1.74332063e-05
1.83000000e+01	1.53860768e+01	3.78264355e+06	1.47227086e+05	4.83782848e+04	1.00000000e-09	4.83782848e+03	1.00000000e-10	4.66779488e+09	1.60274019e-05
1.84000000e+01	1.54701537e+01	3.80610326e+06	1.48140179e+05	1.00000000e-09	1.00000000e-09	1.00000000e-10	1.00000000e-10	0.00000000e+00	1.47349607e-05
1.85000000e+01	1.55542307e+01	3.82945880e+06	1.49049217e+05	1.00000000e-09	1.00000000e-09	1.00000000e-10	1.00000000e-10	0.00000000e+00	1.35467414e-05
1.86000000e+01	1.56383076e+01	3.85281434e+06	1.49958255e+05	4.75238168e+05	1.00000000e-09	4.75238168e+04	1.00000000e-10	4.58535125e+10	1.24543394e-05
1.87000000e+01	1.57223845e+01	3.87616987e+06	1.50867293e+05	1.55665620e+05	1.00000000e-09	1.55665620e+04	1.00000000e-10	1.50194490e+10	1.14500281e-05
1.88000000e+01	1.58064614e+01	3.89886551e+06	1.51750647e+05	1.00000000e-09	1.00000000e-09	1.00000000e-10	1.00000000e-10	0.00000000e+00	1.05267039e-05
1.89000000e+01	1.58905384e+01	3.92127981e+06	1.52623051e+05	1.00000000e-09	1.00000000e-09	1.00000000e-10	1.00000000e-10	0.00000000e+00	9.67783615e-06
1.90000000e+01	1.59746153e+01	3.94369410e+06	1.53495454e+05	4.54883847e+05	1.00000000e-09	4.54883847e+04	1.00000000e-10	4.38896190e+10	8.89742061e-06
1.91000000e+01	1.60586922e+01	3.96610840e+06	1.54367858e+05	2.68293779e+05	1.00000000e-09	2.68293779e+04	1.00000000e-10	2.58864144e+10	8.17993736e-06
1.92000000e+01	1.61427691e+01	3.98795415e+06	1.55218132e+05	1.00000000e-09	1.00000000e-09	1.00000000e-10	1.00000000e-10	0.00000000e+00	7.52031158e-06
1.93000000e+01	1.62268460e+01	4.00936332e+06	1.56051415e+05	1.00000000e-09	1.00000000e-09	1.00000000e-10	1.00000000e-10	0.00000000e+00	6.91387767e-06
1.94000000e+01	1.63109230e+01	4.03077250e+06	1.56884697e+05	4.02612606e+05	1.00000000e-09	4.02612606e+04	1.00000000e-10	3.88462110e+10	6.35634627e-06
1.95000000e+01	1.63949999e+01	4.05218167e+06	1.57717980e+05	3.80957778e+05	1.00000000e-09	3.80957778e+04	1.00000000e-10	3.67568377e+10	5.84377390e-06
1.96000000e+01	1.64790768e+01	4.07315217e+06	1.58534188e+05	1.00000000e-09	1.00000000e-09	1.00000000e-10	1.00000000e-10	0.00000000e+00	5.37253509e-06
1.97000000e+01	1.65631537e+01	4.09358094e+06	1.59329311e+05	1.00000000e-09	1.00000000e-09	1.00000000e-10	1.00000000e-10	0.00000000e+00	4.93929673e-06
1.98000000e+01	1.66472307e+01	4.11400971e+06	1.60124435e+05	3.14296474e+05	1.00000000e-09	3.14296474e+04	1.00000000e-10	3.03249997e+10	4.54099448e-06
1.99000000e+01	1.67313076e+01	4.13443848e+06	1.60919558e+05	4.84659507e+05	1.00000000e-09	4.84659507e+04	1.00000000e-10	4.67625335e+10	4.17481111e-06
2.00000000e+01	1.68153845e+01	4.15457668e+06	1.61703372e+05	1.00000000e-09	1.00000000e-09	1.00000000e-10	1.00000000e-10	0.00000000e+00	3.83815657e-06
2.01000000e+01	1.68994614e+01	4.17412435e+06	1.62464201e+05	1.00000000e-09	1.00000000e-09	1.00000000e-10	1.00000000e-10	0.00000000e+00	3.52864967e-06
2.02000000e+01	1.69835383e+01	4.19367201e+06	1.63225031e+05	1.89820488e+05	1.00000000e-09	1.89820488e+04	1.00000000e-10	1.83148929e+10	3.24410125e-06
2.03000000e+01	1.70676153e+01	4.21321968e+06	1.63985860e+05	5.67112862e+05	1.00000000e-09	5.67112862e+04	1.00000000e-10	5.47180729e+10	2.98249865e-06
2.04000000e+01	1.71516922e+01	4.23261970e+06	1.64740942e+05	1.00000000e-09	1.00000000e-09	1.00000000e-10	1.00000000e-10	0.00000000e+00	2.74199155e-06
2.05000000e+01	1.72357691e+01	4.25142187e+06	1.65472756e+05	1.00000000e-09	1.00000000e-09	1.00000000e-10	1.00000000e-10	0.00000000e+00	2.52087882e-06
2.06000000e+01	1.73198460e+01	4.27022405e+06	1.66204570e+05	3.49156368e+04	1.00000000e-09	3.49156368e+03	1.00000000e-10	3.36884681e+09	2.31759650e-06
2.07000000e+01	1.74039230e+01	4.28902623e+06	1.66936383e+05	6.15079219e+05	1.00000000e-09	6.15079219e+04	1.00000000e-10	5.93461228e+10	2.13070675e-06
2.08000000e+01	1.74879999e+01	4.30781309e+06	1.67667600e+05	4.89423003e+04	1.00000000e-09	4.89423003e+03	1.00000000e-10	4.72221410e+09	1.95888770e-06
2.09000000e+01	1.75720768e+01	4.32602381e+06	1.68376393e+05	1.00000000e-09	1.00000000e-09	1.00000000e-10	1.00000000e-10	0.00000000e+00	1.80092404e-06
2.10000000e+01	1.76561537e+01	4.34421200e+06	1.69084309e+05	1.00000000e-09	1.00000000e-09	1.00000000e-10	1.00000000e-10	0.00000000e+00	1.65569849e-06
2.11000000e+01	1.77402306e+01	4.36240018e+06	1.69792225e+05	6.16910115e+05	1.00000000e-09	6.16910115e+04	1.00000000e-10	5.95227773e+10	1.52218384e-06
2.12000000e+01	1.78243076e+01	4.38058837e+06	1.70500141e+05	2.26421863e+05	1.00000000e-09	2.26421863e+04	1.00000000e-10	2.18463887e+10	1.39943575e-06
2.13000000e+01	1.79083845e+01	4.39823180e+06	1.71186854e+05	1.00000000e-09	1.00000000e-09	1.00000000e-10	1.00000000e-10	0.00000000e+00	1.28658600e-06
2.14000000e+01	1.79924614e+01	4.41577143e+06	1.71869527e+05	1.00000000e-09	1.00000000e-09	1.00000000e-10	1.00000000e-10	0.00000000e+00	1.18283639e-06
2.15000000e+01	1.80765383e+01	4.43331107e+06	1.72552201e+05	5.64987085e+05	1.00000000e-09	5.64987085e+04	1.00000000e-10	5.45129665e+10	1.08745310e-06
2.16000000e+01	1.81606153e+01	4.45085070e+06	1.73234874e+05	4.01803841e+05	1.00000000e-09	4.01803841e+04	1.00000000e-10	3.87681770e+10	9.99761460e-07
2.17000000e+01	1.82446922e+01	4.46787685e+06	1.73897561e+05	1.00000000e-09	1.00000000e-09	1.00000000e-10	1.00000000e-10	0.00000000e+00	9.19141229e-07
2.18000000e+01	1.83287691e+01	4.48472630e+06	1.74553371e+05	1.00000000e-09	1.00000000e-09	1.00000000e-10	1.00000000e-10	0.00000000e+00	8.45022171e-07
2.19000000e+01	1.84128460e+01	4.50157575e+06	1.75209181e+05	4.55242291e+05	1.00000000e-09	4.55242291e+04	1.00000000e-10	4.39242037e+10	7.76880034e-07
2.20000000e+01	1.84969229e+01	4.51842520e+06	1.75864991e+05	5.59205997e+05	1.00000000e-09	5.59205997e+04	1.00000000e-10	5.39551764e+10	7.14232843e-07
2.21000000e+01	1.85809999e+01	4.53478499e+06	1.76501743e+05	1.00000000e-09	1.00000000e-09	1.00000000e-10	1.00000000e-10	0.00000000e+00	6.56637488e-07
2.22000000e+01	1.86650768e+01	4.55088162e+06	1.77128252e+05	1.00000000e-09	1.00000000e-09	1.00000000e-10	1.00000000e-10	0.00000000e+00	6.03686592e-07
2.23000000e+01	1.87491537e+01	4.56697824e+06	1.77754760e+05	2.88135987e+05	1.00000000e-09	2.88135987e+04	1.00000000e-10	2.78008964e+10	5.55005627e-07
2.24000000e+01	1.88332306e+01	4.58307487e+06	1.78381269e+05	6.81137028e+05	1.00000000e-09	6.81137028e+04	1.00000000e-10	6.57197323e+10	5.10250270e-07
2.25000000e+01	1.89173076e+01	4.59869496e+06	1.78989230e+05	1.00000000e-09	1.00000000e-09	1.00000000e-10	1.00000000e-10	0.00000000e+00	4.69103960e-07
2.26000000e+01	1.90013845e+01	4.61393547e+06	1.79582417e+05	1.00000000e-09	1.00000000e-09	1.00000000e-10	1.00000000e-10	0.00000000e+00	4.31275667e-07
2.27000000e+01	1.90854614e+01	4.62917597e+06	1.80175604e+05	6.91473815e+04	1.00000000e-09	6.91473815e+03	1.00000000e-10	6.67170807e+09	3.96497828e-07
2.28000000e+01	1.91695383e+01	4.64441648e+06	1.80768792e+05	7.49429267e+05	1.00000000e-09	7.49429267e+04	1.00000000e-10	7.23089317e+10	3.64524455e-07
2.29000000e+01	1.92536153e+01	4.65921244e+06	1.81344676e+05	5.04098457e+04	1.00000000e-09	5.04098457e+03	1.00000000e-10	4.86381071e+09	3.35129397e-07
2.30000000e+01	1.93376922e+01	4.67349720e+06	1.81900664e+05	1.00000000e-09	1.00000000e-09	1.00000000e-10	1.00000000e-10	0.00000000e+00	3.08104742e-07
2.31000000e+01	1.94217691e+01	4.68778196e+06	1.82456652e+05	1.00000000e-09	1.00000000e-09	1.00000000e-10	1.00000000e-10	0.00000000e+00	2.83259340e-07
2.32000000e+01	1.95058460e+01	4.70206671e+06	1.83012639e+05	7.43095017e+05	1.00000000e-09	7.43095017e+04	1.00000000e-10	7.16977695e+10	2.60417458e-07
2.33000000e+01	1.95899229e+01	4.71599447e+06	1.83554732e+05	3.24918994e+05	1.00000000e-09	3.24918994e+04	1.00000000e-10	3.13499170e+10	2.39417533e-07
2.34000000e+01	1.96739999e+01	4.72925159e+06	1.84070722e+05	1.00000000e-09	1.00000000e-09	1.00000000e-10	1.00000000e-10	0.00000000e+00	2.20111031e-07
2.35000000e+01	1.97580768e+01	4.74250871e+06	1.84586712e+05	1.00000000e-09	1.00000000e-09	1.00000000e-10	1.00000000e-10	0.00000000e+00	2.02361395e-07
2.36000000e+01	1.98421537e+01	4.75576583e+06	1.85102703e+05	6.41564213e+05	1.00000000e-09	6.41564213e+04	1.00000000e-10	6.19015362e+10	1.86043080e-07
2.37000000e+01	1.99262306e+01	4.76883923e+06	1.85611542e+05	5.95455223e+05	1.00000000e-09	5.95455223e+04	1.00000000e-10	5.74526950e+10	1.71040665e-07
2.38000000e+01	2.00103076e+01	4.78109331e+06	1.86088492e+05	1.00000000e-09	1.00000000e-09	1.00000000e-10	1.00000000e-10	0.00000000e+00	1.57248037e-07
2.39000000e+01	2.00943845e+01	4.79334740e+06	1.86565443e+05	1.00000000e-09	1.00000000e-09	1.00000000e-10	1.00000000e-10	0.00000000e+00	1.44567640e-07
2.40000000e+01	2.01784614e+01	4.80560148e+06	1.87042393e+05	4.28251953e+05	1.00000000e-09	4.28251953e+04	1.00000000e-10	4.13200320e+10	1.32909782e-07
2.41000000e+01	2.02625383e+01	4.81785556e+06	1.87519343e+05	8.06542726e+05	1.00000000e-09	8.06542726e+04	1.00000000e-10	7.78195428e+10	1.22192009e-07
2.42000000e+01	2.03466152e+01	4.82921246e+06	1.87961374e+05	1.00000000e-09	1.00000000e-09	1.00000000e-10	1.00000000e-10	0.00000000e+00	1.12338510e-07
2.43000000e+01	2.04306922e+01	4.84034638e+06	1.88394725e+05	1.00000000e-09	1.00000000e-09	1.00000000e-10	1.00000000e-10	0.00000000e+00	1.03279593e-07
2.44000000e+01	2.05147691e+01	4.85148029e+06	1.88828076e+05	9.47383400e+04	1.00000000e-09	9.47383400e+03	1.00000000e-10	9.14086020e+09	9.49511815e-08
2.45000000e+01	2.05988460e+01	4.86261420e+06	1.89261428e+05	9.19907079e+05	1.00000000e-09	9.19907079e+04	1.00000000e-10	8.87575400e+10	8.72943689e-08
2.46000000e+01	2.06829229e+01	4.87290366e+06	1.89661911e+05	1.03965539e+05	1.00000000e-09	1.03965539e+04	1.00000000e-10	1.00311496e+10	8.02549976e-08
2.47000000e+01	2.07669999e+01	4.88263922e+06	1.90040836e+05	1.00000000e-09	1.00000000e-09	1.00000000e-10	1.00000000e-10	0.00000000e+00	7.37832774e-08
2.48000000e+01	2.08510768e+01	4.89237477e+06	1.90419761e+05	1.00000000e-09	1.00000000e-09	1.00000000e-10	1.00000000e-10	0.00000000e+00	6.78334333e-08
2.49000000e+01	2.09351537e+01	4.90211033e+06	1.90798686e+05	8.66544896e+05	1.00000000e-09	8.66544896e+04	1.00000000e-10	8.36088721e+10	6.23633815e-08
2.50000000e+01	2.10192306e+01	4.91122350e+06	1.91153386e+05	6.06952530e+05	1.00000000e-09	6.06952530e+04	1.00000000e-10	5.85620165e+10	5.73344317e-08
2.51000000e+01	2.11033075e+01	4.91949168e+06	1.91475198e+05	1.00000000e-09	1.00000000e-09	1.00000000e-10	1.00000000e-10	0.00000000e+00	5.27110137e-08
2.52000000e+01	2.11873845e+01	4.92775986e+06	1.91797010e+05	1.00000000e-09	1.00000000e-09	1.00000000e-10	1.00000000e-10	0.00000000e+00	4.84604257e-08
2.53000000e+01	2.12714614e+01	4.93602804e+06	1.92118822e+05	5.30004034e+05	1.00000000e-09	5.30004034e+04	1.00000000e-10	5.11376152e+10	4.45526029e-08
2.54000000e+01	2.13555383e+01	4.94401410e+06	1.92429654e+05	1.04480926e+06	1.00000000e-09	1.04480926e+05	1.00000000e-10	1.00808768e+11	4.09599048e-08
2.55000000e+01	2.14396152e+01	4.95098598e+06	1.92701011e+05	1.00000000e-09	1.00000000e-09	1.00000000e-10	1.00000000e-10	0.00000000e+00	3.76569199e-08
2.56000000e+01	2.15236922e+01	4.95795786e+06	1.92972369e+05	1.00000000e-09	1.00000000e-09	1.00000000e-10	1.00000000e-10	0.00000000e+00	3.46202860e-08
2.57000000e+01	2.16077691e+01	4.96492974e+06	1.93243727e+05	1.00000000e-09	1.00000000e-09	1.00000000e-10	1.00000000e-10	0.00000000e+00	3.18285246e-08
2.58000000e+01	2.16918460e+01	4.97190162e+06	1.93515085e+05	1.08375434e+06	1.00000000e-09	1.08375434e+05	1.00000000e-10	1.04566397e+11	2.92618894e-08
2.59000000e+01	2.17759229e+01	4.97788244e+06	1.93747869e+05	6.02334849e+05	1.00000000e-09	6.02334849e+04	1.00000000e-10	5.81164779e+10	2.69022262e-08
2.60000000e+01	2.18599998e+01	4.98358034e+06	1.93969641e+05	1.00000000e-09	1.00000000e-09	1.00000000e-10	1.00000000e-10	0.00000000e+00	2.47328451e-08
2.61000000e+01	2.19440768e+01	4.98927824e+06	1.94191413e+05	1.00000000e-09	1.00000000e-09	1.00000000e-10	1.00000000e-10	0.00000000e+00	2.27384017e-08
2.62000000e+01	2.20281537e+01	4.99497613e+06	1.94413185e+05	4.29486808e+05	1.00000000e-09	4.29486808e+04	1.00000000e-10	4.14391773e+10	2.09047891e-08
2.63000000e+01	2.21122306e+01	4.99986430e+06	1.94603441e+05	1.34352957e+06	1.00000000e-09	1.34352957e+05	1.00000000e-10	1.29630897e+11	1.92190381e-08
2.64000000e+01	2.21963075e+01	5.00412423e+06	1.94769245e+05	2.75762006e+05	1.00000000e-09	2.75762006e+04	1.00000000e-10	2.66069887e+10	1.76692251e-08
2.65000000e+01	2.22803845e+01	5.00838416e+06	1.94935048e+05	1.00000000e-09	1.00000000e-09	1.00000000e-10	1.00000000e-10	0.00000000e+00	1.62443882e-08
2.66000000e+01	2.23644614e+01	5.01264409e+06	1.95100852e+05	1.00000000e-09	1.00000000e-09	1.00000000e-10	1.00000000e-10	0.00000000e+00	1.49344494e-08
2.67000000e+01	2.24485383e+01	5.01640062e+06	1.95247063e+05	6.22842899e+05	1.00000000e-09	6.22842899e+04	1.00000000e-10	6.00952039e+10	1.37301434e-08
2.68000000e+01	2.25326152e+01	5.01934674e+06	1.95361731e+05	1.72226962e+06	1.00000000e-09	1.72226962e+05	1.00000000e-10	1.66173757e+11	1.26229520e-08
2.69000000e+01	2.26166921e+01	5.02229286e+06	1.95476400e+05	8.79117157e+05	1.00000000e-09	8.79117157e+04	1.00000000e-10	8.48219108e+10	1.16050438e-08
2.70000000e+01	2.27007691e+01	5.02523898e+06	1.95591068e+05	1.00000000e-09	1.00000000e-09	1.00000000e-10	1.00000000e-10	0.00000000e+00	1.06692193e-08
2.71000000e+01	2.27848460e+01	5.02803788e+06	1.95700006e+05	1.00000000e-09	1.00000000e-09	1.00000000e-10	1.00000000e-10	0.00000000e+00	9.80885916e-09
2.72000000e+01	2.28689229e+01	5.02999659e+06	1.95776242e+05	1.00000000e-09	1.00000000e-09	1.00000000e-10	1.00000000e-10	0.00000000e+00	9.01787799e-09
2.73000000e+01	2.29529998e+01	5.03193945e+06	1.95851862e+05	3.22667484e+05	1.00000000e-09	3.22667484e+04	1.00000000e-10	3.11326793e+10	8.29068113e-09
2.74000000e+01	2.30370768e+01	5.03388231e+06	1.95927481e+05	1.56650733e+06	1.00000000e-09	1.56650733e+05	1.00000000e-10	1.51144980e+11	7.62212503e-09
2.75000000e+01	2.31211537e+01	5.03582517e+06	1.96003101e+05	1.74889770e+06	1.00000000e-09	1.74889770e+05	1.00000000e-10	1.68742975e+11	7.00748093e-09
2.76000000e+01	2.32052306e+01	5.03704067e+06	1.96050410e+05	1.02350460e+06	1.00000000e-09	1.02350460e+05	1.00000000e-10	9.87531815e+10	6.44240141e-09
2.77000000e+01	2.32893075e+01	5.03797782e+06	1.96086886e+05	4.53606994e+05	1.00000000e-09	4.53606994e+04	1.00000000e-10	4.37664215e+10	5.92288960e-09
2.78000000e+01	2.33733845e+01	5.03891498e+06	1.96123361e+05	2.20087253e+05	1.00000000e-09	2.20087253e+04	1.00000000e-10	2.12351917e+10	5.44527095e-09
2.79000000e+01	2.34574614e+01	5.03985213e+06	1.96159837e+05	1.49775931e+05	1.00000000e-09	1.49775931e+04	1.00000000e-10	1.44511804e+10	5.00616720e-09
2.80000000e+01	2.35415383e+01	5.04025910e+06	1.96175677e+05	7.01659585e+04	1.28993174e-06	7.01659585e+03	1.28993174e-07	6.76998581e+09	4.60247255e-09
2.81000000e+01	2.36256152e+01	5.04023445e+06	1.96174718e+05	4.06542193e+02	9.65150083e-05	4.06542193e+01	9.65150083e-06	3.92253492e+07	4.23133162e-09
2.82000000e+01	2.37096921e+01	5.04020981e+06	1.96173758e+05	1.77913067e+02	6.27880012e-03	1.77913067e+01	6.27880012e-04	1.71653956e+07	3.89011930e-09
2.83000000e+01	2.37937691e+01	5.04018516e+06	1.96172799e+05	3.03777015e+04	4.08459919e-01	3.03777015e+03	4.08459919e-02	2.93096321e+09	3.57642216e-09
2.84000000e+01	2.38778460e+01	5.03984372e+06	1.96159510e+05	3.71563224e+04	3.09110426e+00	3.71563224e+03	3.09110426e-01	3.58474186e+09	3.28802138e-09
2.85000000e+01	2.39619229e+01	5.03901061e+06	1.96127083e+05	1.00000000e-09	9.36535660e+00	1.00000000e-10	9.36535660e-01	-9.03619542e+05	3.02287709e-09
2.86000000e+01	2.40459998e+01	5.03817750e+06	1.96094657e+05	1.00000000e-09	2.57910300e+01	1.00000000e-10	2.57910300e+00	-2.48845609e+06	2.77911390e-09
2.87000000e+01	2.41300768e+01	5.03734439e+06	1.96062231e+05	8.71551734e+03	7.01724571e+01	8.71551734e+02	7.01724571e+00	8.34148972e+08	2.55500764e-09
2.88000000e+01	2.42141537e+01	5.03637666e+06	1.96024565e+05	2.93180215e+04	1.64099812e+02	2.93180215e+03	1.64099812e+01	2.81292582e+09	2.34897319e-09
2.89000000e+01	2.42982306e+01	5.03488817e+06	1.95966631e+05	1.00000000e-09	2.37628250e+02	1.00000000e-10	2.37628250e+01	-2.29276406e+07	2.15955324e-09
2.90000000e+01	2.43823075e+01	5.03339968e+06	1.95908696e+05	1.00000000e-09	2.46067004e+02	1.00000000e-10	2.46067004e+01	-2.37418566e+07	1.98540802e-09
2.91000000e+01	2.44663844e+01	5.03191119e+06	1.95850762e+05	4.06024890e+02	1.87104582e+02	4.06024890e+01	1.87104582e+01	2.11225986e+07	1.82530578e-09
2.92000000e+01	2.45504614e+01	5.03041474e+06	1.95792517e+05	2.60345611e+04	7.64820566e+01	2.60345611e+03	7.64820566e+00	2.50457387e+09	1.67811410e-09
2.93000000e+01	2.46345383e+01	5.02835459e+06	1.95712332e+05	1.00000000e-09	1.00000000e-09	1.00000000e-10	1.00000000e-10	0.00000000e+00	1.54279187e-09
2.94000000e+01	2.47186152e+01	5.02629444e+06	1.95632148e+05	1.00000000e-09	1.00000000e-09	1.00000000e-10	1.00000000e-10	0.00000000e+00	1.41838196e-09
2.95000000e+01	2.48026921e+01	5.02423429e+06	1.95551963e+05	1.00000000e-09	1.00000000e-09	1.00000000e-10	1.00000000e-10	0.00000000e+00	1.30400439e-09
2.96000000e+01	2.48867691e+01	5.02217414e+06	1.95471779e+05	2.40014242e+04	1.00000000e-09	2.40014242e+03	1.00000000e-10	2.31578539e+09	1.19885018e-09
2.97000000e+01	2.49708460e+01	5.01949389e+06	1.95367459e+05	9.46718897e+03	7.14456067e+01	9.46718897e+02	7.14456067e+00	9.06551419e+08	1.10217554e-09
2.98000000e+01	2.50549229e+01	5.01653912e+06	1.95252454e+05	1.00000000e-09	8.02621510e+01	1.00000000e-10	8.02621510e+00	-7.74412030e+06	1.01329669e-09
2.99000000e+01	2.51389998e+01	5.01358435e+06	1.95137449e+05	1.00000000e-09	1.00000000e-09	1.00000000e-10	1.00000000e-10	0.00000000e+00	9.31584987e-10
3.00000000e+01	2.52230767e+01	5.01062958e+06	1.95022444e+05	1.86521011e+04	1.00000000e-09	1.86521011e+03	1.00000000e-10	1.79965417e+09	8.56462471e-10
3.01000000e+01	2.53071537e+01	5.00707640e+06	1.94884148e+05	1.94111028e+04	1.00000000e-09	1.94111028e+03	1.00000000e-10	1.87288670e+09	7.87397794e-10
3.02000000e+01	2.53912306e+01	5.00281049e+06	1.94718111e+05	1.00000000e-09	3.32995902e+01	1.00000000e-10	3.32995902e+00	-3.21292202e+06	7.23902457e-10
3.03000000e+01	2.54753075e+01	4.99854457e+06	1.94552075e+05	1.00000000e-09	7.77561842e+01	1.00000000e-10	7.77561842e+00	-7.50233126e+06	6.65527349e-10
3.04000000e+01	2.55593844e+01	4.99427866e+06	1.94386038e+05	4.78505598e+03	1.35311416e+01	4.78505598e+02	1.35311416e+00	4.60382158e+08	6.11859579e-10
3.05000000e+01	2.56434614e+01	4.98982178e+06	1.94212568e+05	2.60711830e+04	1.00000000e-09	2.60711830e+03	1.00000000e-10	2.51548675e+09	5.62519549e-10
3.06000000e+01	2.57275383e+01	4.98419935e+06	1.93993734e+05	3.30840362e+03	1.00000000e-09	3.30840362e+02	1.00000000e-10	3.19212422e+08	5.17158273e-10
3.07000000e+01	2.58116152e+01	4.97841348e+06	1.93768538e+05	1.00000000e-09	4.64596648e+01	1.00000000e-10	4.64596648e+00	-4.48267619e+06	4.75454906e-10
3.08000000e+01	2.58956921e+01	4.97262761e+06	1.93543341e+05	1.00000000e-09	6.18018043e+01	1.00000000e-10	6.18018043e+00	-5.96296762e+06	4.37114476e-10
3.09000000e+01	2.59797690e+01	4.96684174e+06	1.93318145e+05	2.11426400e+04	1.00000000e-09	2.11426400e+03	1.00000000e-10	2.03995464e+09	4.01865798e-10
3.10000000e+01	2.60638460e+01	4.95991380e+06	1.93048498e+05	2.00826434e+04	1.00000000e-09	2.00826434e+03	1.00000000e-10	1.93768052e+09	3.69459555e-10
3.11000000e+01	2.61479229e+01	4.95173090e+06	1.92730005e+05	1.00000000e-09	1.00000000e-09	1.00000000e-10	1.00000000e-10	0.00000000e+00	3.39666533e-10
3.12000000e+01	2.62319998e+01	4.94354800e+06	1.92411512e+05	1.00000000e-09	5.79375100e+01	1.00000000e-10	5.79375100e+00	-5.59011989e+06	3.12276006e-10
3.13000000e+01	2.63160767e+01	4.93536510e+06	1.92093019e+05	1.00000000e-09	2.05112926e+01	1.00000000e-10	2.05112926e+00	-1.97903888e+06	2.87094235e-10
3.14000000e+01	2.64001537e+01	4.92718220e+06	1.91774527e+05	2.71231003e+04	1.00000000e-09	2.71231003e+03	1.00000000e-10	2.61698134e+09	2.63943109e-10
3.15000000e+01	2.64842306e+01	4.91699161e+06	1.91377891e+05	1.26497796e+04	1.00000000e-09	1.26497796e+03	1.00000000e-10	1.22051819e+09	2.42658878e-10
3.16000000e+01	2.65683075e+01	4.90572688e+06	1.90939448e+05	1.00000000e-09	3.98690612e+01	1.00000000e-10	3.98690612e+00	-3.84677961e+06	2.23090996e-10
3.17000000e+01	2.66523844e+01	4.89446214e+06	1.90501005e+05	1.00000000e-09	3.85471615e+01	1.00000000e-10	3.85471615e+00	-3.71923568e+06	2.05101057e-10
3.18000000e+01	2.67364614e+01	4.88319741e+06	1.90062562e+05	6.42100076e+03	1.00000000e-09	6.42100076e+02	1.00000000e-10	6.19532391e+08	1.88561817e-10
3.19000000e+01	2.68205383e+01	4.87134984e+06	1.89601434e+05	2.77715293e+04	1.00000000e-09	2.77715293e+03	1.00000000e-10	2.67954522e+09	1.73356293e-10
3.20000000e+01	2.69046152e+01	4.85664362e+06	1.89029042e+05	8.28002778e+03	1.74558179e+01	8.28002778e+02	1.74558179e+00	7.97217000e+08	1.59376934e-10
3.21000000e+01	2.69886921e+01	4.84097323e+06	1.88419123e+05	1.00000000e-09	4.35824891e+01	1.00000000e-10	4.35824891e+00	-4.20507093e+06	1.46524863e-10
3.22000000e+01	2.70727690e+01	4.82530284e+06	1.87809204e+05	1.00000000e-09	1.00000000e-09	1.00000000e-10	1.00000000e-10	0.00000000e+00	1.34709176e-10
3.23000000e+01	2.71568460e+01	4.80963244e+06	1.87199285e+05	2.32199834e+03	1.00000000e-09	2.32199834e+02	1.00000000e-10	2.24038781e+08	1.23846300e-10
3.24000000e+01	2.72409229e+01	4.79368145e+06	1.86578444e+05	2.82992379e+04	2.83663047e+00	2.82992379e+03	2.83663047e-01	2.73018768e+09	1.13859401e-10
3.25000000e+01	2.73249998e+01	4.77389935e+06	1.85808491e+05	1.84655644e+04	3.68735415e+01	1.84655644e+03	3.68735415e+00	1.77809836e+09	1.04677839e-10
3.26000000e+01	2.74090767e+01	4.75117537e+06	1.84924034e+05	1.00000000e-09	1.69966415e+00	1.00000000e-10	1.69966415e-01	-1.63992660e+05	9.62366743e-11
3.27000000e+01	2.74931537e+01	4.72845139e+06	1.84039577e+05	1.00000000e-09	1.00000000e-09	1.00000000e-10	1.00000000e-10	0.00000000e+00	8.84762003e-11
3.28000000e+01	2.75772306e+01	4.70572741e+06	1.83155120e+05	1.00000000e-09	1.00000000e-09	1.00000000e-10	1.00000000e-10	0.00000000e+00	8.13415267e-11
3.29000000e+01	2.76613075e+01	4.68300343e+06	1.82270663e+05	1.00000000e-09	3.60202879e+01	1.00000000e-10	3.60202879e+00	-3.47542944e+06	7.47821894e-11
3.30000000e+01	2.77453844e+01	4.66027945e+06	1.81386206e+05	1.00000000e-09	9.91958473e+00	1.00000000e-10	9.91958473e-01	-9.57094427e+05	6.87517936e-11
3.31000000e+01	2.78294613e+01	4.63755547e+06	1.80501749e+05	1.00000000e-09	1.00000000e-09	1.00000000e-10	1.00000000e-10	0.00000000e+00	6.32076857e-11
3.32000000e+01	2.79135383e+01	4.61483149e+06	1.79617292e+05	1.08195826e+03	1.00000000e-09	1.08195826e+02	1.00000000e-10	1.04393102e+08	5.81106517e-11
3.33000000e+01	2.79976152e+01	4.59192318e+06	1.78725661e+05	4.54610990e+03	3.30628772e+01	4.54610990e+02	3.30628772e+00	4.35442841e+08	5.34246397e-11
3.34000000e+01	2.80816921e+01	4.56822470e+06	1.77803275e+05	3.01443884e+03	1.69875280e+01	3.01443884e+02	1.69875280e+00	2.89210086e+08	4.91165053e-11
3.35000000e+01	2.81657690e+01	4.54398814e+06	1.76859945e+05	1.04398604e-07	1.00000000e-09	1.04398604e-08	1.00000000e-10	9.97644866e-03	4.51557765e-11
3.36000000e+01	2.82498460e+01	4.51975158e+06	1.75916616e+05	1.30206413e-08	1.00000000e-09	1.30206413e-09	1.00000000e-10	1.15981557e-03	4.15144388e-11
3.37000000e+01	2.83339229e+01	4.49551505e+06	1.74973288e+05	3.70641847e+02	2.80374175e+01	3.70641847e+01	2.80374175e+00	3.30563022e+07	3.81667366e-11
3.38000000e+01	2.84179998e+01	4.47121170e+06	1.74027359e+05	2.60027172e+03	2.17019216e+01	2.60027172e+02	2.17019216e+00	2.48794163e+08	3.50889914e-11
3.39000000e+01	2.85020767e+01	4.44643412e+06	1.73062973e+05	6.45588484e+02	1.00000000e-09	6.45588484e+01	1.00000000e-10	6.22898193e+07	3.22594338e-11
3.40000000e+01	2.85861536e+01	4.42153807e+06	1.72093975e+05	1.00000000e-09	1.00000000e-09	1.00000000e-10	1.00000000e-10	0.00000000e+00	2.96580503e-11
3.41000000e+01	2.86702306e+01	4.39664262e+06	1.71125001e+05	1.00000000e-09	2.02505605e+01	1.00000000e-10	2.02505605e+00	-1.95388206e+06	2.72664410e-11
3.42000000e+01	2.87543075e+01	4.37174732e+06	1.70156032e+05	1.00450766e+03	3.35296261e+01	1.00450766e+02	3.35296261e+00	9.36851380e+07	2.50676897e-11
3.43000000e+01	2.88383844e+01	4.34666546e+06	1.69179802e+05	1.41673578e+03	1.00000000e-09	1.41673578e+02	1.00000000e-10	1.36694222e+08	2.30462446e-11
3.44000000e+01	2.89224613e+01	4.32131821e+06	1.68193243e+05	1.00000000e-09	1.00000000e-09	1.00000000e-10	1.00000000e-10	0.00000000e+00	2.11878078e-11
3.45000000e+01	2.90065383e+01	4.29597096e+06	1.67206684e+05	1.00000000e-09	1.31310469e+01	1.00000000e-10	1.31310469e+00	-1.26695342e+06	1.94792342e-11
3.46000000e+01	2.90906152e+01	4.27062416e+06	1.66220142e+05	1.00000000e-09	3.12136035e+01	1.00000000e-10	3.12136035e+00	-3.01165490e+06	1.79084392e-11
3.47000000e+01	2.91746921e+01	4.24527788e+06	1.65233621e+05	1.06498342e+03	1.00000000e-09	1.06498342e+02	1.00000000e-10	1.02755279e+08	1.64643122e-11
3.48000000e+01	2.92587690e+01	4.21973036e+06	1.64239267e+05	7.63609891e+02	1.00000000e-09	7.63609891e+01	1.00000000e-10	7.36771539e+07	1.51366389e-11
3.49000000e+01	2.93428459e+01	4.19403761e+06	1.63239260e+05	1.00000000e-09	1.24660392e+01	1.00000000e-10	1.24660392e+00	-1.20278994e+06	1.39160284e-11
3.50000000e+01	2.94269229e+01	4.16834486e+06	1.62239254e+05	1.00000000e-09	3.38044185e+01	1.00000000e-10	3.38044185e+00	-3.26163054e+06	1.27938473e-11
3.51000000e+01	2.95109998e+01	4.14265242e+06	1.61239259e+05	8.91486294e+01	1.00000000e-09	8.91486294e+00	1.00000000e-10	8.60153512e+06	1.17621583e-11
3.52000000e+01	2.95950767e+01	4.11694337e+06	1.60238618e+05	9.47618835e+02	1.00000000e-09	9.47618835e+01	1.00000000e-10	9.14313180e+07	1.08136641e-11
3.53000000e+01	2.96791536e+01	4.09105289e+06	1.59230915e+05	3.15392207e+02	8.43860079e+00	3.15392207e+01	8.43860079e-01	2.96165206e+07	9.94165601e-12
3.54000000e+01	2.97632306e+01	4.06510176e+06	1.58220852e+05	1.00000000e-09	4.02060594e+01	1.00000000e-10	4.02060594e+00	-3.87929499e+06	9.13996618e-12
3.55000000e+01	2.98473075e+01	4.03915063e+06	1.57210789e+05	1.00000000e-09	1.00000000e-09	1.00000000e-10	1.00000000e-10	0.00000000e+00	8.40292419e-12
3.56000000e+01	2.99313844e+01	4.01319983e+06	1.56200739e+05	4.03543886e+02	1.00000000e-09	4.03543886e+01	1.00000000e-10	3.89360658e+07	7.72531687e-12
3.57000000e+01	3.00154613e+01	3.98717147e+06	1.55187669e+05	7.64800507e+02	1.00000000e-09	7.64800507e+01	1.00000000e-10	7.37920309e+07	7.10235144e-12
3.58000000e+01	3.00995383e+01	3.96099505e+06	1.54168837e+05	1.00000000e-09	4.37586747e+01	1.00000000e-10	4.37586747e+00	-4.22207027e+06	6.52962161e-12
3.59000000e+01	3.01836152e+01	3.93481862e+06	1.53150005e+05	1.00000000e-09	6.82547019e+00	1.00000000e-10	6.82547019e-01	-6.58557758e+05	6.00307641e-12
3.60000000e+01	3.02676921e+01	3.90864230e+06	1.52131177e+05	1.00000000e-09	1.00000000e-09	1.00000000e-10	1.00000000e-10	0.00000000e+00	5.51899153e-12
3.61000000e+01	3.03517690e+01	3.88246631e+06	1.51112362e+05	5.86173827e+02	1.00000000e-09	5.86173827e+01	1.00000000e-10	5.65571764e+07	5.07394300e-12
3.62000000e+01	3.04358459e+01	3.85617630e+06	1.50089109e+05	5.56355503e+02	4.25561345e+01	5.56355503e+01	4.25561345e+00	4.95741027e+07	4.66478295e-12
3.63000000e+01	3.05199229e+01	3.82977762e+06	1.49061626e+05	1.00000000e-09	1.87350502e+01	1.00000000e-10	1.87350502e+00	-1.80765754e+06	4.28861734e-12
3.64000000e+01	3.06039998e+01	3.80337895e+06	1.48034144e+05	1.00000000e-09	1.00000000e-09	1.00000000e-10	1.00000000e-10	0.00000000e+00	3.94278553e-12
3.65000000e+01	3.06880767e+01	3.77698054e+06	1.47006672e+05	1.00000000e-09	1.00000000e-09	1.00000000e-10	1.00000000e-10	0.00000000e+00	3.62484141e-12
3.66000000e+01	3.07721536e+01	3.75058230e+06	1.45979206e+05	6.47068881e+02	3.64604924e+01	6.47068881e+01	3.64604924e+00	5.89147532e+07	3.33253613e-12
3.67000000e+01	3.08562306e+01	3.72405715e+06	1.44946801e+05	3.18466230e+02	2.89151256e+01	3.18466230e+01	2.89151256e+00	2.79374344e+07	3.06380220e-12
3.68000000e+01	3.09403075e+01	3.69746931e+06	1.43911956e+05	1.00000000e-09	1.00000000e-09	1.00000000e-10	1.00000000e-10	0.00000000e+00	2.81673882e-12
3.69000000e+01	3.10243844e+01	3.67088163e+06	1.42877117e+05	1.00000000e-09	1.00000000e-09	1.00000000e-10	1.00000000e-10	0.00000000e+00	2.58959851e-12
3.70000000e+01	3.11084613e+01	3.64429419e+06	1.41842287e+05	1.92508029e+02	2.77409478e+01	1.92508029e+01	2.77409478e+00	1.58976066e+07	2.38077467e-12
3.71000000e+01	3.11925382e+01	3.61766880e+06	1.40805981e+05	5.94452382e+02	3.63966118e+01	5.94452382e+01	3.63966118e+00	5.38441964e+07	2.18879027e-12
3.72000000e+01	3.12766152e+01	3.59092587e+06	1.39765099e+05	9.10742482e+01	1.00000000e-09	9.10742482e+00	1.00000000e-10	8.78732908e+06	2.01228739e-12
3.73000000e+01	3.13606921e+01	3.56416493e+06	1.38723517e+05	1.00000000e-09	1.00000000e-09	1.00000000e-10	1.00000000e-10	0.00000000e+00	1.85001761e-12
3.74000000e+01	3.14447690e+01	3.53740424e+06	1.37681944e+05	1.00000000e-09	1.76542303e+01	1.00000000e-10	1.76542303e+00	-1.70337427e+06	1.70083318e-12
3.75000000e+01	3.15288459e+01	3.51064358e+06	1.36640372e+05	3.26918863e+02	4.03791216e+01	3.26918863e+01	4.03791216e+00	2.76468821e+07	1.56367890e-12
3.76000000e+01	3.16129229e+01	3.48381803e+06	1.35596275e+05	4.73053627e+02	1.00000000e-09	4.73053627e+01	1.00000000e-10	4.56427363e+07	1.43758467e-12
3.77000000e+01	3.16969998e+01	3.45689833e+06	1.34548513e+05	1.00000000e-09	1.00000000e-09	1.00000000e-10	1.00000000e-10	0.00000000e+00	1.32165861e-12
3.78000000e+01	3.17810767e+01	3.42997884e+06	1.33500760e+05	1.00000000e-09	7.48401780e+00	1.00000000e-10	7.48401780e-01	-7.22097942e+05	1.21508076e-12
3.79000000e+01	3.18651536e+01	3.40305947e+06	1.32453011e+05	1.00000000e-09	4.10326784e+01	1.00000000e-10	4.10326784e+00	-3.95905160e+06	1.11709730e-12
3.80000000e+01	3.19492305e+01	3.37614010e+06	1.31405263e+05	3.73766373e+02	1.00000000e-09	3.73766373e+01	1.00000000e-10	3.60629727e+07	1.02701517e-12
3.81000000e+01	3.20333075e+01	3.34914612e+06	1.30354609e+05	3.55991433e+02	1.00000000e-09	3.55991433e+01	1.00000000e-10	3.43479516e+07	9.44197214e-13
3.82000000e+01	3.21173844e+01	3.32208104e+06	1.29301189e+05	1.00000000e-09	1.00000000e-09	1.00000000e-10	1.00000000e-10	0.00000000e+00	8.68057654e-13
3.83000000e+01	3.22014613e+01	3.29501613e+06	1.28247776e+05	1.00000000e-09	3.92861531e+01	1.00000000e-10	3.92861531e+00	-3.79053753e+06	7.98057949e-13
3.84000000e+01	3.22855382e+01	3.26795122e+06	1.27194362e+05	1.00000000e-09	5.73749052e+00	1.00000000e-10	5.73749052e-01	-5.53583678e+05	7.33702982e-13
3.85000000e+01	3.23696152e+01	3.24088631e+06	1.26140949e+05	3.78520042e+02	1.00000000e-09	3.78520042e+01	1.00000000e-10	3.65216320e+07	6.74537565e-13
3.86000000e+01	3.24536921e+01	3.21374554e+06	1.25084583e+05	2.58293549e+02	1.00000000e-09	2.58293549e+01	1.00000000e-10	2.49215389e+07	6.20143216e-13
3.87000000e+01	3.25377690e+01	3.18655302e+06	1.24026202e+05	1.00000000e-09	3.56542566e+01	1.00000000e-10	3.56542566e+00	-3.44011279e+06	5.70135198e-13
3.88000000e+01	3.26218459e+01	3.15936050e+06	1.22967822e+05	1.00000000e-09	1.37841519e+01	1.00000000e-10	1.37841519e+00	-1.32996848e+06	5.24159800e-13
3.89000000e+01	3.27059228e+01	3.13216798e+06	1.21909442e+05	6.56201064e+00	1.00000000e-09	6.56201064e-01	1.00000000e-10	6.33137776e+05	4.81891834e-13
3.90000000e+01	3.27899998e+01	3.10497417e+06	1.20851011e+05	3.75197779e+02	1.00000000e-09	3.75197779e+01	1.00000000e-10	3.62010823e+07	4.43032333e-13
3.91000000e+01	3.28740767e+01	3.07770494e+06	1.19789645e+05	1.87591388e+02	3.04420962e+01	1.87591388e+01	3.04420962e+00	1.51626017e+07	4.07306443e-13
3.92000000e+01	3.29581536e+01	3.05039782e+06	1.18726805e+05	1.00000000e-09	2.02380198e+01	1.00000000e-10	2.02380198e+00	-1.95267206e+06	3.74461468e-13
3.93000000e+01	3.30422305e+01	3.02309070e+06	1.17663964e+05	1.00000000e-09	1.00000000e-09	1.00000000e-10	1.00000000e-10	0.00000000e+00	3.44265096e-13
3.94000000e+01	3.31263075e+01	2.99578358e+06	1.16601123e+05	7.20995931e+01	1.00000000e-09	7.20995931e+00	1.00000000e-10	6.95655318e+06	3.16503742e-13
3.95000000e+01	3.32103844e+01	2.96846209e+06	1.15537723e+05	3.74945146e+02	2.42889115e+01	3.74945146e+01	2.42889115e+00	3.38331833e+07	2.90981049e-13
3.96000000e+01	3.32944613e+01	2.94106472e+06	1.14471370e+05	1.31528790e+02	2.46299092e+01	1.31528790e+01	2.46299092e+00	1.03141740e+07	2.67516493e-13
3.97000000e+01	3.33785382e+01	2.91364068e+06	1.13403978e+05	1.00000000e-09	1.00000000e-09	1.00000000e-10	1.00000000e-10	0.00000000e+00	2.45944106e-13
3.98000000e+01	3.34626152e+01	2.88621663e+06	1.12336586e+05	1.00000000e-09	1.00000000e-09	1.00000000e-10	1.00000000e-10	0.00000000e+00	2.26111304e-13
3.99000000e+01	3.35466921e+01	2.85879276e+06	1.11269202e+05	1.30996745e+02	1.76641008e+01	1.30996745e+01	1.76641008e+00	1.09349378e+07	2.07877809e-13
4.00000000e+01	3.36307690e+01	2.83134239e+06	1.10200785e+05	3.64883330e+02	2.73735832e+01	3.64883330e+01	2.73735832e+00	3.25647400e+07	1.91114654e-13
4.01000000e+01	3.37148459e+01	2.80381780e+06	1.09129480e+05	6.69440978e+01	1.00000000e-09	6.69440978e+00	1.00000000e-10	6.45912351e+06	1.75703270e-13
4.02000000e+01	3.37989228e+01	2.77627957e+06	1.08057644e+05	1.00000000e-09	1.00000000e-09	1.00000000e-10	1.00000000e-10	0.00000000e+00	1.61534652e-13
4.03000000e+01	3.38829998e+01	2.74874149e+06	1.06985814e+05	1.00000000e-09	1.08774745e+01	1.00000000e-10	1.08774745e+00	-1.04951674e+06	1.48508584e-13
4.04000000e+01	3.39670767e+01	2.72120353e+06	1.05913989e+05	1.67723179e+02	2.85493956e+01	1.67723179e+01	2.85493956e+00	1.34282288e+07	1.36532931e-13
4.05000000e+01	3.40511536e+01	2.69363138e+06	1.04840832e+05	3.41297122e+02	1.00000000e-09	3.41297122e+01	1.00000000e-10	3.29301662e+07	1.25522989e-13
4.06000000e+01	3.41352305e+01	2.66598952e+06	1.03764963e+05	2.92080674e+01	1.00000000e-09	2.92080674e+00	1.00000000e-10	2.81815009e+06	1.15400882e-13
4.07000000e+01	3.42193075e+01	2.63834181e+06	1.02688866e+05	1.00000000e-09	4.33699587e+00	1.00000000e-10	4.33699587e-01	-4.18456487e+05	1.06095016e-13
4.08000000e+01	3.43033844e+01	2.61069423e+06	1.01612774e+05	1.00000000e-09	2.81958725e+01	1.00000000e-10	2.81958725e+00	-2.72048812e+06	9.75395708e-14
4.09000000e+01	3.43874613e+01	2.58304665e+06	1.00536682e+05	1.71663263e+02	1.00000000e-09	1.71663263e+01	1.00000000e-10	1.65629870e+07	8.96740319e-14
4.10000000e+01	3.44715382e+01	2.55536395e+06	9.94592227e+04	3.08599686e+02	1.00000000e-09	3.08599686e+01	1.00000000e-10	2.97753432e+07	8.24427658e-14
4.11000000e+01	3.45556151e+01	2.52761806e+06	9.83793044e+04	2.45204198e+01	1.00000000e-09	2.45204198e+00	1.00000000e-10	2.36586085e+06	7.57946252e-14
4.12000000e+01	3.46396921e+01	2.49986730e+06	9.72991961e+04	1.00000000e-09	2.66132574e+01	1.00000000e-10	2.66132574e+00	-2.56778898e+06	6.96825871e-14
4.13000000e+01	3.47237690e+01	2.47211653e+06	9.62190879e+04	1.00000000e-09	4.19197762e+00	1.00000000e-10	4.19197762e-01	-4.04464353e+05	6.40634205e-14
4.14000000e+01	3.48078459e+01	2.44436576e+06	9.51389796e+04	1.48761979e+02	1.00000000e-09	1.48761979e+01	1.00000000e-10	1.43533489e+07	5.88973804e-14
4.15000000e+01	3.48919228e+01	2.41658450e+06	9.40576843e+04	2.86051689e+02	1.00000000e-09	2.86051689e+01	1.00000000e-10	2.75997922e+07	5.41479271e-14
4.16000000e+01	3.49759998e+01	2.38874456e+06	9.29741053e+04	3.96717256e+01	2.39050216e+01	3.96717256e+00	2.39050216e+00	1.52125567e+06	4.97814672e-14
4.17000000e+01	3.50600767e+01	2.36089645e+06	9.18902083e+04	1.00000000e-09	9.33887024e+00	1.00000000e-10	9.33887024e-01	-9.01063997e+05	4.57671163e-14
4.18000000e+01	3.51441536e+01	2.33304834e+06	9.08063113e+04	1.00000000e-09	1.00000000e-09	1.00000000e-10	1.00000000e-10	0.00000000e+00	4.20764804e-14
4.19000000e+01	3.52282305e+01	2.30520025e+06	8.97224152e+04	1.17737862e+02	1.00000000e-09	1.17737862e+01	1.00000000e-10	1.13599768e+07	3.86834555e-14
4.20000000e+01	3.53123074e+01	2.27732807e+06	8.86375812e+04	2.70855862e+02	2.03030903e+01	2.70855862e+01	2.03030903e+00	2.41746674e+07	3.55640423e-14
4.21000000e+01	3.53963844e+01	2.24940001e+06	8.75505724e+04	5.97297627e+01	1.35285983e+01	5.97297627e+00	1.35285983e+00	4.45773469e+06	3.26961769e-14
4.22000000e+01	3.54804613e+01	2.22145961e+06	8.64630834e+04	1.00000000e-09	1.00000000e-09	1.00000000e-10	1.00000000e-10	0.00000000e+00	3.00595747e-14
4.23000000e+01	3.55645382e+01	2.19351921e+06	8.53755944e+04	1.00000000e-09	1.00000000e-09	1.00000000e-10	1.00000000e-10	0.00000000e+00	2.76355866e-14
4.24000000e+01	3.56486151e+01	2.16557897e+06	8.42881114e+04	9.18342309e+01	1.60760918e+01	9.18342309e+00	1.60760918e+00	7.30954921e+06	2.54070677e-14
4.25000000e+01	3.57326921e+01	2.13761977e+06	8.31998904e+04	2.62892840e+02	1.65734638e+01	2.62892840e+01	1.65734638e+00	2.37662068e+07	2.33582553e-14
4.26000000e+01	3.58167690e+01	2.10960617e+06	8.21095522e+04	7.34210946e+01	1.00000000e-09	7.34210946e+00	1.00000000e-10	7.08405870e+06	2.14746581e-14
4.27000000e+01	3.59008459e+01	2.08157736e+06	8.10186220e+04	1.00000000e-09	1.00000000e-09	1.00000000e-10	1.00000000e-10	0.00000000e+00	1.97429531e-14
4.28000000e+01	3.59849228e+01	2.05354869e+06	7.99276976e+04	1.00000000e-09	1.13972154e+01	1.00000000e-10	1.13972154e+00	-1.09966411e+06	1.81508919e-14
4.29000000e+01	3.60689997e+01	2.02552007e+06	7.88367746e+04	6.57306812e+01	1.85502936e+01	6.57306812e+00	1.85502936e+00	4.55221536e+06	1.66872137e-14
4.30000000e+01	3.61530767e+01	1.99747782e+06	7.77453214e+04	2.53967340e+02	1.00000000e-09	2.53967340e+01	1.00000000e-10	2.45041231e+07	1.53415657e-14
4.31000000e+01	3.62371536e+01	1.96938288e+06	7.66518172e+04	9.68620258e+01	1.00000000e-09	9.68620258e+00	1.00000000e-10	9.34576473e+06	1.41044300e-14
4.32000000e+01	3.63212305e+01	1.94126794e+06	7.55575349e+04	1.00000000e-09	6.55321893e+00	1.00000000e-10	6.55321893e-01	-6.32289505e+05	1.29670563e-14
4.33000000e+01	3.64053074e+01	1.91315307e+06	7.44632549e+04	1.00000000e-09	1.94235217e+01	1.00000000e-10	1.94235217e+00	-1.87408494e+06	1.19213998e-14
4.34000000e+01	3.64893844e+01	1.88503819e+06	7.33689749e+04	1.98113695e+01	1.00000000e-09	1.98113695e+00	1.00000000e-10	1.91150657e+06	1.09600645e-14
4.35000000e+01	3.65734613e+01	1.85691920e+06	7.22745347e+04	2.24598169e+02	1.00000000e-09	2.24598169e+01	1.00000000e-10	2.16704289e+07	1.00762507e-14
4.36000000e+01	3.66575382e+01	1.82875361e+06	7.11782809e+04	1.35217633e+02	1.69243853e+00	1.35217633e+01	1.69243853e-01	1.28832227e+07	9.26370726e-15
4.37000000e+01	3.67416151e+01	1.80055993e+06	7.00809337e+04	1.00000000e-09	1.92660890e+01	1.00000000e-10	1.92660890e+00	-1.85889500e+06	8.51668685e-15
4.38000000e+01	3.68256921e+01	1.77236626e+06	6.89835866e+04	1.00000000e-09	6.32583108e-02	1.00000000e-10	6.32583108e-03	-6.10349903e+03	7.82990577e-15
4.39000000e+01	3.69097690e+01	1.74417258e+06	6.78862394e+04	1.00000000e-09	1.00000000e-09	1.00000000e-10	1.00000000e-10	0.00000000e+00	7.19850635e-15
4.40000000e+01	3.69938459e+01	1.71597901e+06	6.67888967e+04	1.70675796e+02	1.00000000e-09	1.70675796e+01	1.00000000e-10	1.64677108e+07	6.61802264e-15
4.41000000e+01	3.70779228e+01	1.68774995e+06	6.56901723e+04	1.80063376e+02	1.80917335e+01	1.80063376e+01	1.80917335e+00	1.56278878e+07	6.08434883e-15
4.42000000e+01	3.71619997e+01	1.65948329e+06	6.45899848e+04	1.00000000e-09	4.59685234e+00	1.00000000e-10	4.59685234e-01	-4.43528824e+05	5.59371018e-15
4.43000000e+01	3.72460767e+01	1.63121664e+06	6.34897973e+04	1.00000000e-09	1.00000000e-09	1.00000000e-10	1.00000000e-10	0.00000000e+00	5.14263638e-15
4.44000000e+01	3.73301536e+01	1.60295008e+06	6.23896136e+04	1.00000000e-09	1.00000000e-09	1.00000000e-10	1.00000000e-10	0.00000000e+00	4.72793693e-15
4.45000000e+01	3.74142305e+01	1.57468363e+06	6.12894337e+04	8.65125021e+01	1.60471668e+01	8.65125021e+00	1.60471668e+00	6.79887128e+06	4.34667862e-15
4.46000000e+01	3.74983074e+01	1.54639909e+06	6.01885503e+04	2.00040610e+02	8.64864960e+00	2.00040610e+01	8.64864960e-01	1.84665169e+07	3.99616478e-15
4.47000000e+01	3.75823844e+01	1.51807271e+06	5.90860382e+04	7.30288800e+01	1.00000000e-09	7.30288800e+00	1.00000000e-10	7.04621575e+06	3.67391618e-15
4.48000000e+01	3.76664613e+01	1.48973113e+06	5.79829343e+04	1.00000000e-09	1.00000000e-09	1.00000000e-10	1.00000000e-10	0.00000000e+00	3.37765354e-15
4.49000000e+01	3.77505382e+01	1.46138965e+06	5.68798345e+04	1.00000000e-09	1.32057496e+01	1.00000000e-10	1.32057496e+00	-1.27416113e+06	3.10528136e-15
4.50000000e+01	3.78346151e+01	1.43304817e+06	5.57767346e+04	1.00000000e-09	1.20634046e+01	1.00000000e-10	1.20634046e+00	-1.16394160e+06	2.85487313e-15
4.51000000e+01	3.79186920e+01	1.40470669e+06	5.46736348e+04	1.78686036e+02	1.00000000e-09	1.78686036e+01	1.00000000e-10	1.72405815e+07	2.62465769e-15
4.52000000e+01	3.80027690e+01	1.37632784e+06	5.35690804e+04	1.44963752e+02	1.00000000e-09	1.44963752e+01	1.00000000e-10	1.39868758e+07	2.41300669e-15
4.53000000e+01	3.80868459e+01	1.34791868e+06	5.24633465e+04	1.00000000e-09	9.74742437e+00	1.00000000e-10	9.74742437e-01	-9.40483478e+05	2.21842312e-15
4.54000000e+01	3.81709228e+01	1.31950953e+06	5.13576126e+04	1.00000000e-09	1.47423234e+01	1.00000000e-10	1.47423234e+00	-1.42241797e+06	2.03953067e-15
4.55000000e+01	3.82549997e+01	1.29110037e+06	5.02518787e+04	1.00000000e-09	1.00000000e-09	1.00000000e-10	1.00000000e-10	0.00000000e+00	1.87506400e-15
4.56000000e+01	3.83390767e+01	1.26269127e+06	4.91461471e+04	9.87821058e+01	1.00000000e-09	9.87821058e+00	1.00000000e-10	9.53102428e+06	1.72385984e-15
4.57000000e+01	3.84231536e+01	1.23426155e+06	4.80396127e+04	1.76678118e+02	5.79115870e+00	1.76678118e+01	5.79115870e-01	1.64880851e+07	1.58484870e-15
4.58000000e+01	3.85072305e+01	1.20579470e+06	4.69316330e+04	5.64508092e+01	1.65822260e+01	5.64508092e+00	1.65822260e+00	3.84673349e+06	1.45704735e-15
4.59000000e+01	3.85913074e+01	1.17731596e+06	4.58231912e+04	1.00000000e-09	1.00000000e-09	1.00000000e-10	1.00000000e-10	0.00000000e+00	1.33955183e-15
4.60000000e+01	3.86753843e+01	1.14883728e+06	4.47147510e+04	1.00000000e-09	1.00000000e-09	1.00000000e-10	1.00000000e-10	0.00000000e+00	1.23153109e-15
4.61000000e+01	3.87594613e+01	1.12035871e+06	4.36063155e+04	1.00000000e-09	1.54555389e+00	1.00000000e-10	1.54555389e-01	-1.49123280e+05	1.13222108e-15
4.62000000e+01	3.88435382e+01	1.09188014e+06	4.24978799e+04	1.26224418e+02	1.75488782e+01	1.26224418e+01	1.75488782e+00	1.04855956e+07	1.04091937e-15
4.63000000e+01	3.89276151e+01	1.06337501e+06	4.13884103e+04	1.57185549e+02	3.76224253e-02	1.57185549e+01	3.76224253e-03	1.51624699e+07	9.56980191e-16
4.64000000e+01	3.90116920e+01	1.03483678e+06	4.02776528e+04	2.29601857e+01	1.00000000e-09	2.29601857e+00	1.00000000e-10	2.21532115e+06	8.79809819e-16
4.65000000e+01	3.90957690e+01	1.00629383e+06	3.91667115e+04	1.00000000e-09	1.00000000e-09	1.00000000e-10	1.00000000e-10	0.00000000e+00	8.08862425e-16
4.66000000e+01	3.91798459e+01	9.77750888e+05	3.80557703e+04	1.00000000e-09	1.75816331e+01	1.00000000e-10	1.75816331e+00	-1.69636971e+06	7.43636191e-16
4.67000000e+01	3.92639228e+01	9.49207942e+05	3.69448290e+04	1.00000000e-09	4.40318919e+00	1.00000000e-10	4.40318919e-01	-4.24843172e+05	6.83669765e-16
4.68000000e+01	3.93479997e+01	9.20665015e+05	3.58338885e+04	1.44694401e+02	1.00000000e-09	1.44694401e+01	1.00000000e-10	1.39608874e+07	6.28539001e-16
4.69000000e+01	3.94320766e+01	8.92091686e+05	3.47217647e+04	1.81379195e+02	1.00000000e-09	1.81379195e+01	1.00000000e-10	1.75004319e+07	5.77853951e-16
4.70000000e+01	3.95161536e+01	8.63480048e+05	3.36081498e+04	3.21685861e+01	1.67124645e+01	3.21685861e+00	1.67124645e+00	1.49128903e+06	5.31256117e-16
4.71000000e+01	3.96002305e+01	8.34861612e+05	3.24942704e+04	1.00000000e-09	8.65786647e+00	1.00000000e-10	8.65786647e-01	-8.35357121e+05	4.88415907e-16
4.72000000e+01	3.96843074e+01	8.06243184e+05	3.13803912e+04	1.00000000e-09	1.00000000e-09	1.00000000e-10	1.00000000e-10	0.00000000e+00	4.49030309e-16
4.73000000e+01	3.97683843e+01	7.77624874e+05	3.02665167e+04	1.00000000e-09	1.00000000e-09	1.00000000e-10	1.00000000e-10	0.00000000e+00	4.12820745e-16
4.74000000e+01	3.98524613e+01	7.49006564e+05	2.91526421e+04	1.30356635e+02	1.50004737e+01	1.30356635e+01	1.50004737e+00	1.11301775e+07	3.79531100e-16
4.75000000e+01	3.99365382e+01	7.20360686e+05	2.80376946e+04	1.88910239e+02	1.25997341e+01	1.88910239e+01	1.25997341e+00	1.70113776e+07	3.48925915e-16
4.76000000e+01	4.00206151e+01	6.91674812e+05	2.69211903e+04	7.64199517e+01	1.00000000e-09	7.64199517e+00	1.00000000e-10	7.37340442e+06	3.20788716e-16
4.77000000e+01	4.01046920e+01	6.62972859e+05	2.58040602e+04	1.00000000e-09	1.00000000e-09	1.00000000e-10	1.00000000e-10	0.00000000e+00	2.94920485e-16
4.78000000e+01	4.01887690e+01	6.34270913e+05	2.46869304e+04	1.00000000e-09	1.24330281e+01	1.00000000e-10	1.24330281e+00	-1.19960484e+06	2.71138254e-16
4.79000000e+01	4.02728459e+01	6.05568968e+05	2.35698006e+04	1.00000000e-09	1.60750220e+01	1.00000000e-10	1.60750220e+00	-1.55100384e+06	2.49273810e-16
4.80000000e+01	4.03569228e+01	5.76867022e+05	2.24526708e+04	7.48255535e+01	1.00000000e-09	7.48255535e+00	1.00000000e-10	7.21956838e+06	2.29172503e-16
4.81000000e+01	4.04409997e+01	5.48149325e+05	2.13349280e+04	1.79454070e+02	1.00000000e-09	1.79454070e+01	1.00000000e-10	1.73146856e+07	2.10692155e-16
4.82000000e+01	4.05250766e+01	5.19393562e+05	2.02157035e+04	1.16804667e+02	9.18308877e+00	1.16804667e+01	9.18308877e-01	1.03839038e+07	1.93702052e-16
4.83000000e+01	4.06091536e+01	4.90612985e+05	1.90955133e+04	1.00000000e-09	1.89739498e+01	1.00000000e-10	1.89739498e+00	-1.83070785e+06	1.78082022e-16
4.84000000e+01	4.06932305e+01	4.61832408e+05	1.79753230e+04	1.00000000e-09	1.00000000e-09	1.00000000e-10	1.00000000e-10	0.00000000e+00	1.63721583e-16
4.85000000e+01	4.07773074e+01	4.33051940e+05	1.68551369e+04	1.00000000e-09	1.00000000e-09	1.00000000e-10	1.00000000e-10	0.00000000e+00	1.50519162e-16
4.86000000e+01	4.08613843e+01	4.04271497e+05	1.57349519e+04	3.83771887e+00	5.38405533e+00	3.83771887e-01	5.38405533e-01	-1.49198788e+05	1.38381377e-16
4.87000000e+01	4.09454613e+01	3.75490239e+05	1.46147352e+04	1.39172814e+02	2.11911456e+01	1.39172814e+01	2.11911456e+00	1.13835005e+07	1.27222377e-16
4.88000000e+01	4.10295382e+01	3.46679388e+05	1.34933666e+04	1.58322010e+02	1.00000000e-09	1.58322010e+01	1.00000000e-10	1.52757517e+07	1.16963232e-16
4.89000000e+01	4.11136151e+01	3.17834940e+05	1.23706903e+04	5.25059022e+01	1.00000000e-09	5.25059022e+00	1.00000000e-10	5.06604941e+06	1.07531379e-16
4.90000000e+01	4.11976920e+01	2.88979340e+05	1.12475801e+04	1.00000000e-09	1.15483212e+00	1.00000000e-10	1.15483212e-01	-1.11424360e+05	9.88601065e-17
4.91000000e+01	4.12817689e+01	2.60123741e+05	1.01244698e+04	1.00000000e-09	2.25995245e+01	1.00000000e-10	2.25995245e+00	-2.18052263e+06	9.08880802e-17
4.92000000e+01	4.13658459e+01	2.31268142e+05	9.00135952e+03	1.00000000e-09	8.57394570e-01	1.00000000e-10	8.57394570e-02	-8.27259997e+04	8.35589140e-17
4.93000000e+01	4.14499228e+01	2.02412643e+05	7.87825316e+03	1.21898497e+01	1.00000000e-09	1.21898497e+00	1.00000000e-10	1.17614170e+06	7.68207678e-17
4.94000000e+01	4.15339997e+01	1.73554588e+05	6.75504732e+03	1.41632410e+02	1.00000000e-09	1.41632410e+01	1.00000000e-10	1.36654501e+07	7.06259821e-17
4.95000000e+01	4.16180766e+01	1.44666339e+05	5.63066629e+03	1.61459540e+02	2.31838025e+01	1.61459540e+01	2.31838025e+00	1.33415805e+07	6.49307406e-17
4.96000000e+01	4.17021536e+01	1.15743633e+05	4.50494411e+03	6.24202660e+01	5.41062614e+00	6.24202660e+00	5.41062614e-01	5.50059404e+06	5.96947603e-17
4.97000000e+01	4.17862305e+01	8.68076896e+04	3.37870672e+03	1.00000000e-09	1.00000000e-09	1.00000000e-10	1.00000000e-10	0.00000000e+00	5.48810067e-17
4.98000000e+01	4.18703074e+01	5.78717931e+04	2.25247114e+03	1.00000000e-09	1.00000000e-09	1.00000000e-10	1.00000000e-10	0.00000000e+00	5.04554316e-17
4.99000000e+01	4.19543843e+01	2.89358965e+04	1.12623557e+03	1.00000000e-09	2.29073451e+01	1.00000000e-10	2.29073451e+00	-2.21022280e+06	4.63867326e-17
5.00000000e+01	4.20384612e+01	0.00000000e+00	0.00000000e+00	1.00000000e+01	1.00000000e+01	1.00000000e+00	1.00000000e+00	0.00000000e+00	4.26461312e-17
