# 1D PNP Solver Results
# Debye length: 1.18939 nm
# Surface potential: 100 mV
# Bulk concentration: 10 mol/m^3
# Thermal voltage: 25.6926 mV
# Grid: non-uniform with stretching factor 1
#
# Columns:
# 1: x [nm]
# 2: x/lambda_D [-]
# 3: phi [mV]
# 4: phi_normalized = e*phi/(kB*T) [-]
# 5: c+ [mol/m^3]
# 6: c- [mol/m^3]
# 7: c+/c0 [-]
# 8: c-/c0 [-]
# 9: rho [C/m^3]
# 10: phi_GC [mV] (Gouy-Chapman analytical)
0.00000000e+00	0.00000000e+00	1.00000000e+02	3.89217445e+00	1.00000000e-09	1.00000000e-09	1.00000000e-10	1.00000000e-10	0.00000000e+00	1.00000000e+02
1.00000000e-01	8.40769225e-02	-4.51863062e+04	-1.75872987e+03	1.00000000e-09	1.00000000e-09	1.00000000e-10	1.00000000e-10	0.00000000e+00	8.70576373e+01
2.00000000e-01	1.68153845e-01	-9.04726125e+04	-3.52135191e+03	1.00000000e-09	2.40582393e+05	1.00000000e-10	2.40582393e+04	-2.32126721e+10	7.68715638e+01
3.00000000e-01	2.52230767e-01	-1.35758919e+05	-5.28397395e+03	1.00000000e-09	3.30173445e+04	1.00000000e-10	3.30173445e+03	-3.18568945e+09	6.85207345e+01
4.00000000e-01	3.36307690e-01	-1.81044085e+05	-7.04655164e+03	1.00000000e-09	1.00000000e-09	1.00000000e-10	1.00000000e-10	0.00000000e+00	6.14862309e+01
5.00000000e-01	4.20384612e-01	-2.25421747e+05	-8.77380765e+03	1.00000000e-09	1.00000000e-09	1.00000000e-10	1.00000000e-10	0.00000000e+00	5.54461690e+01
6.00000000e-01	5.04461535e-01	-2.69799409e+05	-1.05010637e+04	1.00000000e-09	2.35636551e+05	1.00000000e-10	2.35636551e+04	-2.27354709e+10	5.01866549e+01
7.00000000e-01	5.88538457e-01	-3.14177071e+05	-1.22283197e+04	1.00000000e-09	6.69414512e+04	1.00000000e-10	6.69414512e+03	-6.45886816e+09	4.55579535e+01
8.00000000e-01	6.72615380e-01	-3.58552860e+05	-1.39555028e+04	1.00000000e-09	1.00000000e-09	1.00000000e-10	1.00000000e-10	0.00000000e+00	4.14508515e+01
9.00000000e-01	7.56692302e-01	-4.02014901e+05	-1.56471213e+04	1.00000000e-09	1.00000000e-09	1.00000000e-10	1.00000000e-10	0.00000000e+00	3.77829914e+01
1.00000000e+00	8.40769225e-01	-4.45476942e+05	-1.73387397e+04	1.00000000e-09	2.26580616e+05	1.00000000e-10	2.26580616e+04	-2.18617060e+10	3.44905241e+01
1.10000000e+00	9.24846147e-01	-4.88938983e+05	-1.90303582e+04	1.00000000e-09	1.01393270e+05	1.00000000e-10	1.01393270e+04	-9.78296335e+09	3.15227780e+01
1.20000000e+00	1.00892307e+00	-5.32399361e+05	-2.07219119e+04	1.00000000e-09	1.00000000e-09	1.00000000e-10	1.00000000e-10	0.00000000e+00	2.88387272e+01
1.30000000e+00	1.09299999e+00	-5.74935116e+05	-2.23774777e+04	1.00000000e-09	1.00000000e-09	1.00000000e-10	1.00000000e-10	0.00000000e+00	2.64045776e+01
1.40000000e+00	1.17707691e+00	-6.17470871e+05	-2.40330435e+04	1.00000000e-09	2.13172156e+05	1.00000000e-10	2.13172156e+04	-2.05679863e+10	2.41920729e+01
1.50000000e+00	1.26115384e+00	-6.60006625e+05	-2.56886092e+04	1.00000000e-09	1.35948682e+05	1.00000000e-10	1.35948682e+04	-1.31170537e+10	2.21772778e+01
1.60000000e+00	1.34523076e+00	-7.02542380e+05	-2.73441750e+04	1.00000000e-09	1.00000000e-09	1.00000000e-10	1.00000000e-10	0.00000000e+00	2.03396868e+01
1.70000000e+00	1.42930768e+00	-7.44137509e+05	-2.89631300e+04	1.00000000e-09	1.00000000e-09	1.00000000e-10	1.00000000e-10	0.00000000e+00	1.86615585e+01
1.80000000e+00	1.51338460e+00	-7.85732638e+05	-3.05820850e+04	1.00000000e-09	1.95196147e+05	1.00000000e-10	1.95196147e+04	-1.88335651e+10	1.71274116e+01
1.90000000e+00	1.59746153e+00	-8.27327766e+05	-3.22010399e+04	1.00000000e-09	1.70138079e+05	1.00000000e-10	1.70138079e+04	-1.64158291e+10	1.57236358e+01
2.00000000e+00	1.68153845e+00	-8.68922895e+05	-3.38199949e+04	1.00000000e-09	1.00000000e-09	1.00000000e-10	1.00000000e-10	0.00000000e+00	1.44381886e+01
2.10000000e+00	1.76561537e+00	-9.09555727e+05	-3.54014956e+04	1.00000000e-09	1.00000000e-09	1.00000000e-10	1.00000000e-10	0.00000000e+00	1.32603556e+01
2.20000000e+00	1.84969229e+00	-9.50188558e+05	-3.69829963e+04	1.00000000e-09	1.72512132e+05	1.00000000e-10	1.72512132e+04	-1.66448903e+10	1.21805577e+01
2.30000000e+00	1.93376922e+00	-9.90821390e+05	-3.85644970e+04	1.00000000e-09	2.03454025e+05	1.00000000e-10	2.03454025e+04	-1.96303291e+10	1.11901960e+01
2.40000000e+00	2.01784614e+00	-1.03145422e+06	-4.01459977e+04	1.00000000e-09	1.00000000e-09	1.00000000e-10	1.00000000e-10	0.00000000e+00	1.02815237e+01
2.50000000e+00	2.10192306e+00	-1.07109684e+06	-4.16889576e+04	1.00000000e-09	1.00000000e-09	1.00000000e-10	1.00000000e-10	0.00000000e+00	9.44754093e+00
2.60000000e+00	2.18599998e+00	-1.11073946e+06	-4.32319175e+04	1.00000000e-09	1.45003586e+05	1.00000000e-10	1.45003586e+04	-1.39907191e+10	8.68190590e+00
2.70000000e+00	2.27007691e+00	-1.15038208e+06	-4.47748775e+04	1.00000000e-09	2.35347694e+05	1.00000000e-10	2.35347694e+04	-2.27076004e+10	7.97886054e+00
2.80000000e+00	2.35415383e+00	-1.19002470e+06	-4.63178374e+04	1.00000000e-09	1.00000000e-09	1.00000000e-10	1.00000000e-10	0.00000000e+00	7.33316685e+00
2.90000000e+00	2.43823075e+00	-1.22864235e+06	-4.78209037e+04	1.00000000e-09	1.00000000e-09	1.00000000e-10	1.00000000e-10	0.00000000e+00	6.74005227e+00
3.00000000e+00	2.52230767e+00	-1.26726000e+06	-4.93239701e+04	1.00000000e-09	1.12603245e+05	1.00000000e-10	1.12603245e+04	-1.08645615e+10	6.19516235e+00
3.10000000e+00	2.60638460e+00	-1.30587765e+06	-5.08270364e+04	1.00000000e-09	2.65227461e+05	1.00000000e-10	2.65227461e+04	-2.55905597e+10	5.69451955e+00
3.20000000e+00	2.69046152e+00	-1.34449531e+06	-5.23301028e+04	1.00000000e-09	1.00000000e-09	1.00000000e-10	1.00000000e-10	0.00000000e+00	5.23448697e+00
3.30000000e+00	2.77453844e+00	-1.38204579e+06	-5.37916330e+04	1.00000000e-09	1.00000000e-09	1.00000000e-10	1.00000000e-10	0.00000000e+00	4.81173646e+00
3.40000000e+00	2.85861536e+00	-1.41959627e+06	-5.52531633e+04	1.00000000e-09	7.52998071e+04	1.00000000e-10	7.52998071e+03	-7.26532690e+09	4.42322017e+00
3.50000000e+00	2.94269229e+00	-1.45714675e+06	-5.67146936e+04	1.00000000e-09	2.92455055e+05	1.00000000e-10	2.92455055e+04	-2.82176231e+10	4.06614534e+00
3.60000000e+00	3.02676921e+00	-1.49469724e+06	-5.81762239e+04	1.00000000e-09	1.00000000e-09	1.00000000e-10	1.00000000e-10	0.00000000e+00	3.73795159e+00
3.70000000e+00	3.11084613e+00	-1.53113037e+06	-5.95942649e+04	1.00000000e-09	1.00000000e-09	1.00000000e-10	1.00000000e-10	0.00000000e+00	3.43629058e+00
3.80000000e+00	3.19492305e+00	-1.56753175e+06	-6.10110703e+04	1.00000000e-09	3.29285392e+04	1.00000000e-10	3.29285392e+03	-3.17712104e+09	3.15900770e+00
3.90000000e+00	3.27899998e+00	-1.60393314e+06	-6.24278758e+04	1.00000000e-09	3.16324396e+05	1.00000000e-10	3.16324396e+04	-3.05206644e+10	2.90412542e+00
4.00000000e+00	3.36307690e+00	-1.64033452e+06	-6.38446812e+04	1.00000000e-09	1.00000000e-09	1.00000000e-10	1.00000000e-10	0.00000000e+00	2.66982829e+00
4.10000000e+00	3.44715382e+00	-1.67555999e+06	-6.52157180e+04	1.00000000e-09	1.00000000e-09	1.00000000e-10	1.00000000e-10	0.00000000e+00	2.45444929e+00
4.20000000e+00	3.53123074e+00	-1.71070753e+06	-6.65837213e+04	1.00000000e-09	1.00000000e-09	1.00000000e-10	1.00000000e-10	0.00000000e+00	2.25645740e+00
4.30000000e+00	3.61530767e+00	-1.74585506e+06	-6.79517247e+04	1.00000000e-09	3.36031775e+05	1.00000000e-10	3.36031775e+04	-3.24221375e+10	2.07444628e+00
4.40000000e+00	3.69938459e+00	-1.78100260e+06	-6.93197280e+04	1.00000000e-09	3.92074964e+04	1.00000000e-10	3.92074964e+03	-3.78294832e+09	1.90712395e+00
4.50000000e+00	3.78346151e+00	-1.81490722e+06	-7.06393550e+04	1.00000000e-09	1.00000000e-09	1.00000000e-10	1.00000000e-10	0.00000000e+00	1.75330334e+00
4.60000000e+00	3.86753843e+00	-1.84866865e+06	-7.19534088e+04	1.00000000e-09	1.00000000e-09	1.00000000e-10	1.00000000e-10	0.00000000e+00	1.61189369e+00
4.70000000e+00	3.95161536e+00	-1.88243008e+06	-7.32674626e+04	1.00000000e-09	3.50603314e+05	1.00000000e-10	3.50603314e+04	-3.38280772e+10	1.48189263e+00
4.80000000e+00	4.03569228e+00	-1.91619151e+06	-7.45815164e+04	1.00000000e-09	9.43275779e+04	1.00000000e-10	9.43275779e+03	-9.10122768e+09	1.36237899e+00
4.90000000e+00	4.11976920e+00	-1.94863519e+06	-7.58442811e+04	1.00000000e-09	1.00000000e-09	1.00000000e-10	1.00000000e-10	0.00000000e+00	1.25250612e+00
5.00000000e+00	4.20384612e+00	-1.98084483e+06	-7.70979362e+04	1.00000000e-09	1.00000000e-09	1.00000000e-10	1.00000000e-10	0.00000000e+00	1.15149587e+00
5.10000000e+00	4.28792305e+00	-2.01305446e+06	-7.83515914e+04	1.00000000e-09	3.58775388e+05	1.00000000e-10	3.58775388e+04	-3.46165625e+10	1.05863300e+00
5.20000000e+00	4.37199997e+00	-2.04526410e+06	-7.96052465e+04	1.00000000e-09	1.55110387e+05	1.00000000e-10	1.55110387e+04	-1.49658772e+10	9.73260072e-01
5.30000000e+00	4.45607689e+00	-2.07607522e+06	-8.08044692e+04	1.00000000e-09	1.00000000e-09	1.00000000e-10	1.00000000e-10	0.00000000e+00	8.94772759e-01
5.40000000e+00	4.54015381e+00	-2.10652696e+06	-8.19897042e+04	1.00000000e-09	1.00000000e-09	1.00000000e-10	1.00000000e-10	0.00000000e+00	8.22615544e-01
5.50000000e+00	4.62423074e+00	-2.13697871e+06	-8.31749392e+04	1.00000000e-09	3.58775707e+05	1.00000000e-10	3.58775707e+04	-3.46165932e+10	7.56277766e-01
5.60000000e+00	4.70830766e+00	-2.16743045e+06	-8.43601742e+04	1.00000000e-09	2.22186938e+05	1.00000000e-10	2.22186938e+04	-2.14377805e+10	6.95289988e-01
5.70000000e+00	4.79238458e+00	-2.19640140e+06	-8.54877742e+04	1.00000000e-09	1.00000000e-09	1.00000000e-10	1.00000000e-10	0.00000000e+00	6.39220665e-01
5.80000000e+00	4.87646150e+00	-2.22484119e+06	-8.65947003e+04	1.00000000e-09	1.00000000e-09	1.00000000e-10	1.00000000e-10	0.00000000e+00	5.87673079e-01
5.90000000e+00	4.96053843e+00	-2.25328098e+06	-8.77016264e+04	1.00000000e-09	3.47911085e+05	1.00000000e-10	3.47911085e+04	-3.35683166e+10	5.40282524e-01
6.00000000e+00	5.04461535e+00	-2.28172076e+06	-8.88085525e+04	1.00000000e-09	2.96646155e+05	1.00000000e-10	2.96646155e+04	-2.86220028e+10	4.96713722e-01
6.10000000e+00	5.12869227e+00	-2.30860522e+06	-8.98549426e+04	1.00000000e-09	1.00000000e-09	1.00000000e-10	1.00000000e-10	0.00000000e+00	4.56658442e-01
6.20000000e+00	5.21276919e+00	-2.33472430e+06	-9.08715429e+04	1.00000000e-09	1.00000000e-09	1.00000000e-10	1.00000000e-10	0.00000000e+00	4.19833321e-01
6.30000000e+00	5.29684612e+00	-2.36084339e+06	-9.18881432e+04	1.00000000e-09	3.21761021e+05	1.00000000e-10	3.21761021e+04	-3.10452190e+10	3.85977854e-01
6.40000000e+00	5.38092304e+00	-2.38696247e+06	-9.29047435e+04	1.00000000e-09	3.80304610e+05	1.00000000e-10	3.80304610e+04	-3.66938166e+10	3.54852548e-01
6.50000000e+00	5.46499996e+00	-2.41147827e+06	-9.38589411e+04	1.00000000e-09	1.00000000e-09	1.00000000e-10	1.00000000e-10	0.00000000e+00	3.26237227e-01
6.60000000e+00	5.54907688e+00	-2.43491185e+06	-9.47710169e+04	1.00000000e-09	1.00000000e-09	1.00000000e-10	1.00000000e-10	0.00000000e+00	2.99929475e-01
6.70000000e+00	5.63315381e+00	-2.45834543e+06	-9.56830926e+04	1.00000000e-09	2.72531553e+05	1.00000000e-10	2.72531553e+04	-2.62952974e+10	2.75743201e-01
6.80000000e+00	5.71723073e+00	-2.48177901e+06	-9.65951684e+04	1.00000000e-09	4.76058560e+05	1.00000000e-10	4.76058560e+04	-4.59326683e+10	2.53507323e-01
6.90000000e+00	5.80130765e+00	-2.50362585e+06	-9.74454858e+04	1.00000000e-09	1.00000000e-09	1.00000000e-10	1.00000000e-10	0.00000000e+00	2.33064554e-01
7.00000000e+00	5.88538457e+00	-2.52396942e+06	-9.82372930e+04	1.00000000e-09	1.00000000e-09	1.00000000e-10	1.00000000e-10	0.00000000e+00	2.14270296e-01
7.10000000e+00	5.96946150e+00	-2.54431299e+06	-9.90291001e+04	1.00000000e-09	1.85584911e+05	1.00000000e-10	1.85584911e+04	-1.79062218e+10	1.96991610e-01
7.20000000e+00	6.05353842e+00	-2.56465656e+06	-9.98209073e+04	1.00000000e-09	5.88024974e+05	1.00000000e-10	5.88024974e+04	-5.67357849e+10	1.81106277e-01
7.30000000e+00	6.13761534e+00	-2.58357081e+06	-1.00557083e+05	1.00000000e-09	1.00000000e-09	1.00000000e-10	1.00000000e-10	0.00000000e+00	1.66501937e-01
7.40000000e+00	6.22169226e+00	-2.60044844e+06	-1.01213990e+05	1.00000000e-09	1.00000000e-09	1.00000000e-10	1.00000000e-10	0.00000000e+00	1.53075289e-01
7.50000000e+00	6.30576919e+00	-2.61732608e+06	-1.01870897e+05	1.00000000e-09	3.23310079e+04	1.00000000e-10	3.23310079e+03	-3.11946803e+09	1.40731363e-01
7.60000000e+00	6.38984611e+00	-2.63420372e+06	-1.02527804e+05	1.00000000e-09	7.19525508e+05	1.00000000e-10	7.19525508e+04	-6.94236576e+10	1.29382849e-01
7.70000000e+00	6.47392303e+00	-2.65010089e+06	-1.03146550e+05	1.00000000e-09	6.45130567e+04	1.00000000e-10	6.45130567e+03	-6.22456371e+09	1.18949475e-01
7.80000000e+00	6.55799995e+00	-2.66337910e+06	-1.03663361e+05	1.00000000e-09	1.00000000e-09	1.00000000e-10	1.00000000e-10	0.00000000e+00	1.09357445e-01
7.90000000e+00	6.64207688e+00	-2.67665730e+06	-1.04180171e+05	1.00000000e-09	1.00000000e-09	1.00000000e-10	1.00000000e-10	0.00000000e+00	1.00538914e-01
8.00000000e+00	6.72615380e+00	-2.68993550e+06	-1.04696982e+05	1.00000000e-09	8.58407741e+05	1.00000000e-10	8.58407741e+04	-8.28237560e+10	9.24315047e-02
8.10000000e+00	6.81023072e+00	-2.70321370e+06	-1.05213793e+05	1.00000000e-09	4.05677156e+05	1.00000000e-10	4.05677156e+04	-3.91418951e+10	8.49778740e-02
8.20000000e+00	6.89430764e+00	-2.71357946e+06	-1.05617246e+05	1.00000000e-09	1.00000000e-09	1.00000000e-10	1.00000000e-10	0.00000000e+00	7.81253008e-02
8.30000000e+00	6.97838457e+00	-2.72332157e+06	-1.05996426e+05	1.00000000e-09	1.00000000e-09	1.00000000e-10	1.00000000e-10	0.00000000e+00	7.18253161e-02
8.40000000e+00	7.06246149e+00	-2.73306367e+06	-1.06375606e+05	1.00000000e-09	8.84907634e+05	1.00000000e-10	8.84907634e+04	-8.53806069e+10	6.60333593e-02
8.50000000e+00	7.14653841e+00	-2.74280578e+06	-1.06754786e+05	1.00000000e-09	9.67571921e+05	1.00000000e-10	9.67571921e+04	-9.33564982e+10	6.07084632e-02
8.60000000e+00	7.23061533e+00	-2.75079768e+06	-1.07065844e+05	1.00000000e-09	1.00000000e-09	1.00000000e-10	1.00000000e-10	0.00000000e+00	5.58129641e-02
8.70000000e+00	7.31469226e+00	-2.75608576e+06	-1.07271666e+05	1.00000000e-09	1.00000000e-09	1.00000000e-10	1.00000000e-10	0.00000000e+00	5.13122357e-02
8.80000000e+00	7.39876918e+00	-2.76120008e+06	-1.07470724e+05	1.00000000e-09	1.00000000e-09	1.00000000e-10	1.00000000e-10	0.00000000e+00	4.71744438e-02
8.90000000e+00	7.48284610e+00	-2.76631440e+06	-1.07669782e+05	1.00000000e-09	1.92884823e+06	1.00000000e-10	1.92884823e+05	-1.86105562e+11	4.33703214e-02
9.00000000e+00	7.56692302e+00	-2.77142872e+06	-1.07868841e+05	1.00000000e-09	1.13057611e+06	1.00000000e-10	1.13057611e+05	-1.09084011e+11	3.98729614e-02
9.10000000e+00	7.65099995e+00	-2.77654304e+06	-1.08067899e+05	1.00000000e-09	1.00000000e-09	1.00000000e-10	1.00000000e-10	0.00000000e+00	3.66576268e-02
9.20000000e+00	7.73507687e+00	-2.78067996e+06	-1.08228915e+05	1.00000000e-09	1.00000000e-09	1.00000000e-10	1.00000000e-10	0.00000000e+00	3.37015752e-02
9.30000000e+00	7.81915379e+00	-2.78217621e+06	-1.08287152e+05	1.64437692e+04	1.00000000e-09	1.64437692e+03	1.00000000e-10	1.58658254e+09	3.09838980e-02
9.40000000e+00	7.90323071e+00	-2.78093144e+06	-1.08238703e+05	5.37065449e+04	5.64536627e+04	5.37065449e+03	5.64536627e+03	-2.65056580e+08	2.84853728e-02
9.50000000e+00	7.98730764e+00	-2.77842565e+06	-1.08141173e+05	4.68983821e+04	2.32032690e+04	4.68983821e+03	2.32032690e+03	2.28623086e+09	2.61883275e-02
9.60000000e+00	8.07138456e+00	-2.77524261e+06	-1.08017284e+05	1.00000000e-09	1.71016641e+04	1.00000000e-10	1.71016641e+03	-1.65005974e+09	2.40765146e-02
9.70000000e+00	8.15546148e+00	-2.77148473e+06	-1.07871021e+05	1.00000000e-09	8.43297453e+03	1.00000000e-10	8.43297453e+02	-8.13658348e+08	2.21349973e-02
9.80000000e+00	8.23953840e+00	-2.76741702e+06	-1.07712698e+05	1.00000000e-09	1.38063043e+04	1.00000000e-10	1.38063043e+03	-1.33210585e+09	2.03500429e-02
9.90000000e+00	8.32361533e+00	-2.76280014e+06	-1.07533001e+05	2.49129010e+04	3.52981121e+04	2.49129010e+03	3.52981121e+03	-1.00202054e+09	1.87090262e-02
1.00000000e+01	8.40769225e+00	-2.75650081e+06	-1.07287820e+05	2.69550805e+04	1.56464079e+04	2.69550805e+03	1.56464079e+03	1.09112103e+09	1.72003403e-02
1.01000000e+01	8.49176917e+00	-2.74931358e+06	-1.07008081e+05	1.00000000e-09	2.74914264e+03	1.00000000e-10	2.74914264e+02	-2.65251941e+08	1.58133140e-02
1.02000000e+01	8.57584609e+00	-2.74196009e+06	-1.06721870e+05	1.00000000e-09	1.00000000e-09	1.00000000e-10	1.00000000e-10	0.00000000e+00	1.45381368e-02
1.03000000e+01	8.65992302e+00	-2.73460666e+06	-1.06435662e+05	1.50280735e+03	1.00000000e-09	1.50280735e+02	1.00000000e-10	1.44998866e+08	1.33657892e-02
1.04000000e+01	8.74399994e+00	-2.72725323e+06	-1.06149453e+05	3.11331132e+04	1.00000000e-09	3.11331132e+03	1.00000000e-10	3.00388876e+09	1.22879791e-02
1.05000000e+01	8.82807686e+00	-2.71989980e+06	-1.05863245e+05	9.37497518e+03	1.00000000e-09	9.37497518e+02	1.00000000e-10	9.04547594e+08	1.12970830e-02
1.06000000e+01	8.91215378e+00	-2.71254654e+06	-1.05577044e+05	1.00000000e-09	1.00000000e-09	1.00000000e-10	1.00000000e-10	0.00000000e+00	1.03860923e-02
1.07000000e+01	8.99623071e+00	-2.70519370e+06	-1.05290858e+05	1.00000000e-09	3.80622776e+00	1.00000000e-10	3.80622776e-01	-3.67245150e+05	9.54856333e-03
1.08000000e+01	9.08030763e+00	-2.69784062e+06	-1.05004663e+05	2.11803305e+04	1.63571540e+00	2.11803305e+03	1.63571540e-01	2.04343340e+09	8.77857228e-03
1.09000000e+01	9.16438455e+00	-2.69048744e+06	-1.04718465e+05	2.65282651e+04	1.00000000e-09	2.65282651e+03	1.00000000e-10	2.55958847e+09	8.07067289e-03
1.10000000e+01	9.24846147e+00	-2.68313436e+06	-1.04432270e+05	1.00000000e-09	1.00000000e-09	1.00000000e-10	1.00000000e-10	0.00000000e+00	7.41985814e-03
1.11000000e+01	9.33253840e+00	-2.67578204e+06	-1.04146105e+05	1.00000000e-09	1.03285912e+00	1.00000000e-10	1.03285912e-01	-9.96557549e+04	6.82152474e-03
1.12000000e+01	9.41661532e+00	-2.66842965e+06	-1.03859937e+05	1.17865415e+03	1.14976040e+00	1.17865415e+02	1.14976040e-01	1.13611902e+08	6.27144062e-03
1.13000000e+01	9.50069224e+00	-2.66107719e+06	-1.03573767e+05	3.11353769e+04	1.00000000e-09	3.11353769e+03	1.00000000e-10	3.00410718e+09	5.76571500e-03
1.14000000e+01	9.58476916e+00	-2.65372531e+06	-1.03287619e+05	9.67986691e+03	1.00000000e-09	9.67986691e+02	1.00000000e-10	9.33965174e+08	5.30077082e-03
1.15000000e+01	9.66884609e+00	-2.64637688e+06	-1.03001605e+05	1.00000000e-09	1.87721895e-01	1.00000000e-10	1.87721895e-02	-1.81124093e+04	4.87331949e-03
1.16000000e+01	9.75292301e+00	-2.63902844e+06	-1.02715591e+05	1.00000000e-09	1.09884298e+00	1.00000000e-10	1.09884298e-01	-1.06022230e+05	4.48033760e-03
1.17000000e+01	9.83699993e+00	-2.63167993e+06	-1.02429574e+05	2.11034246e+04	2.20251931e-01	2.11034246e+03	2.20251931e-02	2.03614968e+09	4.11904557e-03
1.18000000e+01	9.92107685e+00	-2.62433141e+06	-1.02143557e+05	2.68123946e+04	1.00000000e-09	2.68123946e+03	1.00000000e-10	2.58700280e+09	3.78688794e-03
1.19000000e+01	1.00051538e+01	-2.61698852e+06	-1.01857759e+05	1.00000000e-09	1.00000000e-09	1.00000000e-10	1.00000000e-10	0.00000000e+00	3.48151531e-03
1.20000000e+01	1.00892307e+01	-2.60964929e+06	-1.01572103e+05	1.00000000e-09	2.84804745e-01	1.00000000e-10	2.84804745e-02	-2.74794803e+04	3.20076778e-03
1.21000000e+01	1.01733076e+01	-2.60231004e+06	-1.01286446e+05	1.04978744e+03	1.00000000e-09	1.04978744e+02	1.00000000e-10	1.01289090e+08	2.94265957e-03
1.22000000e+01	1.02573845e+01	-2.59497078e+06	-1.01000790e+05	3.15191917e+04	1.00000000e-09	3.15191917e+03	1.00000000e-10	3.04113967e+09	2.70536508e-03
1.23000000e+01	1.03414615e+01	-2.58763667e+06	-1.00715333e+05	9.79296942e+03	1.18583380e-01	9.79296942e+02	1.18583380e-02	9.44866466e+08	2.48720588e-03
1.24000000e+01	1.04255384e+01	-2.58031061e+06	-1.00430190e+05	1.00000000e-09	2.03972710e-01	1.00000000e-10	2.03972710e-02	-1.96803745e+04	2.28663893e-03
1.25000000e+01	1.05096153e+01	-2.57298453e+06	-1.00145047e+05	1.00000000e-09	3.98228521e-02	1.00000000e-10	3.98228521e-03	-3.84232101e+03	2.10224558e-03
1.26000000e+01	1.05936922e+01	-2.56565846e+06	-9.98599030e+04	2.14996458e+04	1.00000000e-09	2.14996458e+03	1.00000000e-10	2.07440046e+09	1.93272162e-03
1.27000000e+01	1.06777692e+01	-2.55833383e+06	-9.95748157e+04	2.72530178e+04	1.00000000e-09	2.72530178e+03	1.00000000e-10	2.62951647e+09	1.77686798e-03
1.28000000e+01	1.07618461e+01	-2.55102019e+06	-9.92901561e+04	1.00000000e-09	1.00000000e-09	1.00000000e-10	1.00000000e-10	0.00000000e+00	1.63358230e-03
1.29000000e+01	1.08459230e+01	-2.54370655e+06	-9.90054964e+04	1.00000000e-09	1.00000000e-09	1.00000000e-10	1.00000000e-10	0.00000000e+00	1.50185109e-03
1.30000000e+01	1.09299999e+01	-2.53639291e+06	-9.87208367e+04	1.28094589e+03	2.53017530e-04	1.28094589e+02	2.53017530e-05	1.23592465e+08	1.38074262e-03
1.31000000e+01	1.10140768e+01	-2.52907927e+06	-9.84361770e+04	3.20531240e+04	1.76208860e-02	3.20531240e+03	1.76208860e-03	3.09265461e+09	1.26940027e-03
1.32000000e+01	1.10981538e+01	-2.52177638e+06	-9.81519360e+04	9.57715544e+03	7.37301049e-03	9.57715544e+02	7.37301049e-04	9.24054312e+08	1.16703651e-03
1.33000000e+01	1.11822307e+01	-2.51447959e+06	-9.78679320e+04	1.00000000e-09	1.00000000e-09	1.00000000e-10	1.00000000e-10	0.00000000e+00	1.07292731e-03
1.34000000e+01	1.12663076e+01	-2.50718279e+06	-9.75839281e+04	1.00000000e-09	1.00000000e-09	1.00000000e-10	1.00000000e-10	0.00000000e+00	9.86407027e-04
1.35000000e+01	1.13503845e+01	-2.49988600e+06	-9.72999241e+04	2.19832317e+04	5.57492050e-03	2.19832317e+03	5.57492050e-04	2.12105888e+09	9.06863691e-04
1.36000000e+01	1.14344615e+01	-2.49259614e+06	-9.70161900e+04	2.72660037e+04	4.36407770e-03	2.72660037e+03	4.36407770e-04	2.63076900e+09	8.33734687e-04
1.37000000e+01	1.15185384e+01	-2.48531717e+06	-9.67328797e+04	1.00000000e-09	1.00000000e-09	1.00000000e-10	1.00000000e-10	0.00000000e+00	7.66502767e-04
1.38000000e+01	1.16026153e+01	-2.47803819e+06	-9.64495694e+04	1.00000000e-09	1.00000000e-09	1.00000000e-10	1.00000000e-10	0.00000000e+00	7.04692393e-04
1.39000000e+01	1.16866922e+01	-2.47075922e+06	-9.61662591e+04	1.59452933e+03	2.42728968e-03	1.59452933e+02	2.42728968e-04	1.53848458e+08	6.47866374e-04
1.40000000e+01	1.17707691e+01	-2.46348098e+06	-9.58829771e+04	3.23271863e+04	3.27957876e-03	3.23271863e+03	3.27957876e-04	3.11909899e+09	5.95622776e-04
1.41000000e+01	1.18548461e+01	-2.45621509e+06	-9.56001761e+04	9.35263866e+03	1.00000000e-09	9.35263866e+02	1.00000000e-10	9.02392447e+08	5.47592073e-04
1.42000000e+01	1.19389230e+01	-2.44895049e+06	-9.53174254e+04	1.00000000e-09	1.00000000e-09	1.00000000e-10	1.00000000e-10	0.00000000e+00	5.03434541e-04
1.43000000e+01	1.20229999e+01	-2.44168590e+06	-9.50346747e+04	1.00000000e-09	4.02075720e-04	1.00000000e-10	4.02075720e-05	-3.87943129e+01	4.62837848e-04
1.44000000e+01	1.21070768e+01	-2.43442131e+06	-9.47519240e+04	2.21310722e+04	2.60486330e-03	2.21310722e+03	2.60486330e-04	2.13532360e+09	4.25514851e-04
1.45000000e+01	1.21911538e+01	-2.42716664e+06	-9.44695599e+04	2.71130978e+04	4.88974706e-05	2.71130978e+03	4.88974706e-06	2.61601624e+09	3.91201561e-04
1.46000000e+01	1.22752307e+01	-2.41991880e+06	-9.41874611e+04	1.00000000e-09	1.00000000e-09	1.00000000e-10	1.00000000e-10	0.00000000e+00	3.59655276e-04
1.47000000e+01	1.23593076e+01	-2.41267095e+06	-9.39053623e+04	1.00000000e-09	1.00000000e-09	1.00000000e-10	1.00000000e-10	0.00000000e+00	3.30652866e-04
1.48000000e+01	1.24433845e+01	-2.40542311e+06	-9.36232635e+04	1.58627376e+03	1.00000000e-09	1.58627376e+02	1.00000000e-10	1.53052150e+08	3.03989196e-04
1.49000000e+01	1.25274615e+01	-2.39817944e+06	-9.33413272e+04	3.20707303e+04	1.00000000e-09	3.20707303e+03	1.00000000e-10	3.09435507e+09	2.79475669e-04
1.50000000e+01	1.26115384e+01	-2.39094484e+06	-9.30597442e+04	9.44627300e+03	2.20823116e-03	9.44627300e+02	2.20823116e-04	9.11426574e+08	2.56938901e-04
1.51000000e+01	1.26956153e+01	-2.38371024e+06	-9.27781611e+04	1.00000000e-09	2.34912158e-03	1.00000000e-10	2.34912158e-04	-2.26655679e+02	2.36219485e-04
1.52000000e+01	1.27796922e+01	-2.37647565e+06	-9.24965780e+04	1.00000000e-09	2.68462746e-06	1.00000000e-10	2.68462746e-07	-2.58930686e-01	2.17170872e-04
1.53000000e+01	1.28637691e+01	-2.36924105e+06	-9.22149949e+04	2.17396369e+04	1.00000000e-09	2.17396369e+03	1.00000000e-10	2.09755608e+09	1.99658328e-04
1.54000000e+01	1.29478461e+01	-2.36201405e+06	-9.19337072e+04	2.70963926e+04	1.00000000e-09	2.70963926e+03	1.00000000e-10	2.61440444e+09	1.83557987e-04
1.55000000e+01	1.30319230e+01	-2.35479029e+06	-9.16525461e+04	1.00000000e-09	7.69573871e-04	1.00000000e-10	7.69573871e-05	-7.42524941e+01	1.68755969e-04
1.56000000e+01	1.31159999e+01	-2.34756654e+06	-9.13713850e+04	1.00000000e-09	3.24204354e-04	1.00000000e-10	3.24204354e-05	-3.12808683e+01	1.55147578e-04
1.57000000e+01	1.32000768e+01	-2.34034279e+06	-9.10902239e+04	1.05381931e+03	1.00000000e-09	1.05381931e+02	1.00000000e-10	1.01678106e+08	1.42636560e-04
1.58000000e+01	1.32841538e+01	-2.33312266e+06	-9.08092042e+04	3.16980944e+04	1.00000000e-09	3.16980944e+03	1.00000000e-10	3.05840116e+09	1.31134424e-04
1.59000000e+01	1.33682307e+01	-2.32590775e+06	-9.05283872e+04	1.00289028e+04	1.66367591e-04	1.00289028e+03	1.66367591e-05	9.67641997e+08	1.20559814e-04
1.60000000e+01	1.34523076e+01	-2.31869284e+06	-9.02475702e+04	1.00000000e-09	4.17875785e-04	1.00000000e-10	4.17875785e-05	-4.03187874e+01	1.10837935e-04
1.61000000e+01	1.35363845e+01	-2.31147793e+06	-8.99667532e+04	1.00000000e-09	2.24032764e-05	1.00000000e-10	2.24032764e-06	-2.16149108e+00	1.01900023e-04
1.62000000e+01	1.36204614e+01	-2.30426301e+06	-8.96859363e+04	2.09886799e+04	1.00000000e-09	2.09886799e+03	1.00000000e-10	2.02509975e+09	9.36828597e-05
1.63000000e+01	1.37045384e+01	-2.29705196e+06	-8.94052694e+04	2.73824517e+04	1.00000000e-09	2.73824517e+03	1.00000000e-10	2.64200495e+09	8.61283240e-05
1.64000000e+01	1.37886153e+01	-2.28984274e+06	-8.91246741e+04	1.00000000e-09	2.68645211e-04	1.00000000e-10	2.68645211e-05	-2.59202259e+01	7.91829819e-05
1.65000000e+01	1.38726922e+01	-2.28263352e+06	-8.88440787e+04	1.00000000e-09	3.30778842e-04	1.00000000e-10	3.30778842e-05	-3.19152100e+01	7.27977085e-05
1.66000000e+01	1.39567691e+01	-2.27542430e+06	-8.85634833e+04	1.12500765e+02	1.00000000e-09	1.12500765e+01	1.00000000e-10	1.08546737e+07	6.69273402e-05
1.67000000e+01	1.40408461e+01	-2.26821551e+06	-8.82829047e+04	3.14372565e+04	1.00000000e-09	3.14372565e+03	1.00000000e-10	3.03323413e+09	6.15303552e-05
1.68000000e+01	1.41249230e+01	-2.26100930e+06	-8.80024265e+04	1.09946785e+04	1.00000000e-09	1.09946785e+03	1.00000000e-10	1.06082520e+09	5.65685802e-05
1.69000000e+01	1.42089999e+01	-2.25380359e+06	-8.77219673e+04	1.00000000e-09	1.00000000e-09	1.00000000e-10	1.00000000e-10	0.00000000e+00	5.20069201e-05
1.70000000e+01	1.42930768e+01	-2.24659787e+06	-8.74415082e+04	1.00000000e-09	1.00000000e-09	1.00000000e-10	1.00000000e-10	0.00000000e+00	4.78131098e-05
1.71000000e+01	1.43771537e+01	-2.23939215e+06	-8.71610490e+04	2.01171091e+04	1.00000000e-09	2.01171091e+03	1.00000000e-10	1.94100595e+09	4.39574862e-05
1.72000000e+01	1.44612307e+01	-2.23218666e+06	-8.68805987e+04	2.79786048e+04	1.00000000e-09	2.79786048e+03	1.00000000e-10	2.69952498e+09	4.04127779e-05
1.73000000e+01	1.45453076e+01	-2.22498399e+06	-8.66002583e+04	1.00000000e-09	8.40211916e-06	1.00000000e-10	8.40211916e-07	-8.10584772e-01	3.71539131e-05
1.74000000e+01	1.46293845e+01	-2.21778210e+06	-8.63199484e+04	1.00000000e-09	8.15592217e-06	1.00000000e-10	8.15592217e-07	-7.86830374e-01	3.41578414e-05
1.75000000e+01	1.47134614e+01	-2.21058022e+06	-8.60396385e+04	1.00000000e-09	1.00000000e-09	1.00000000e-10	1.00000000e-10	0.00000000e+00	3.14033713e-05
1.76000000e+01	1.47975384e+01	-2.20337833e+06	-8.57593285e+04	3.12990530e+04	1.00000000e-09	3.12990530e+03	1.00000000e-10	3.01989953e+09	2.88710202e-05
1.77000000e+01	1.48816153e+01	-2.19617856e+06	-8.54791007e+04	1.21295022e+04	2.56528880e-06	1.21295022e+03	2.56528880e-07	1.17031905e+09	2.65428765e-05
1.78000000e+01	1.49656922e+01	-2.18898328e+06	-8.51990480e+04	1.00000000e-09	5.69477750e-06	1.00000000e-10	5.69477750e-07	-5.49366014e-01	2.44024731e-05
1.79000000e+01	1.50497691e+01	-2.18178801e+06	-8.49189953e+04	1.00000000e-09	1.00000000e-09	1.00000000e-10	1.00000000e-10	0.00000000e+00	2.24346707e-05
1.80000000e+01	1.51338460e+01	-2.17459273e+06	-8.46389426e+04	1.93697111e+04	1.00000000e-09	1.93697111e+03	1.00000000e-10	1.86889301e+09	2.06255509e-05
1.81000000e+01	1.52179230e+01	-2.16739745e+06	-8.43588899e+04	2.87457023e+04	2.98942402e-07	2.87457023e+03	2.98942402e-08	2.77353863e+09	1.89623175e-05
1.82000000e+01	1.53019999e+01	-2.16020846e+06	-8.40790817e+04	1.00000000e-09	4.43110270e-06	1.00000000e-10	4.43110270e-07	-4.27439931e-01	1.74332063e-05
1.83000000e+01	1.53860768e+01	-2.15302339e+06	-8.37994262e+04	1.00000000e-09	3.38508765e-07	1.00000000e-10	3.38508765e-08	-3.25646452e-02	1.60274019e-05
1.84000000e+01	1.54701537e+01	-2.14583832e+06	-8.35197707e+04	1.00000000e-09	1.00000000e-09	1.00000000e-10	1.00000000e-10	0.00000000e+00	1.47349607e-05
1.85000000e+01	1.55542307e+01	-2.13865324e+06	-8.32401151e+04	3.14848540e+04	1.00000000e-09	3.14848540e+03	1.00000000e-10	3.03782659e+09	1.35467414e-05
1.86000000e+01	1.56383076e+01	-2.13147285e+06	-8.29606417e+04	1.32591653e+04	3.25837047e-06	1.32591653e+03	3.25837047e-07	1.27931497e+09	1.24543394e-05
1.87000000e+01	1.57223845e+01	-2.12430100e+06	-8.26815008e+04	1.00000000e-09	1.27454069e-06	1.00000000e-10	1.27454069e-07	-1.22877997e-01	1.14500281e-05
1.88000000e+01	1.58064614e+01	-2.11712916e+06	-8.24023600e+04	1.00000000e-09	1.00000000e-09	1.00000000e-10	1.00000000e-10	0.00000000e+00	1.05267039e-05
1.89000000e+01	1.58905384e+01	-2.10995731e+06	-8.21232192e+04	1.88804224e+04	1.00000000e-09	1.88804224e+03	1.00000000e-10	1.82168383e+09	9.67783615e-06
1.90000000e+01	1.59746153e+01	-2.10278546e+06	-8.18440784e+04	2.97347257e+04	2.00307020e-06	2.97347257e+03	2.00307020e-07	2.86896488e+09	8.89742061e-06
1.91000000e+01	1.60586922e+01	-2.09562450e+06	-8.15653612e+04	1.00000000e-09	1.69567185e-06	1.00000000e-10	1.69567185e-07	-1.63510976e-01	8.17993736e-06
1.92000000e+01	1.61427691e+01	-2.08846585e+06	-8.12867340e+04	1.00000000e-09	1.00000000e-09	1.00000000e-10	1.00000000e-10	0.00000000e+00	7.52031158e-06
1.93000000e+01	1.62268460e+01	-2.08130719e+06	-8.10081068e+04	1.00000000e-09	1.00000000e-09	1.00000000e-10	1.00000000e-10	0.00000000e+00	6.91387767e-06
1.94000000e+01	1.63109230e+01	-2.07414854e+06	-8.07294797e+04	3.18156117e+04	7.56003812e-07	3.18156117e+03	7.56003812e-08	3.06973986e+09	6.35634627e-06
1.95000000e+01	1.63949999e+01	-2.06699927e+06	-8.04512176e+04	1.42209868e+04	1.74549196e-06	1.42209868e+03	1.74549196e-07	1.37211664e+09	5.84377390e-06
1.96000000e+01	1.64790768e+01	-2.05985862e+06	-8.01732909e+04	1.00000000e-09	1.00000000e-09	1.00000000e-10	1.00000000e-10	0.00000000e+00	5.37253509e-06
1.97000000e+01	1.65631537e+01	-2.05271796e+06	-7.98953641e+04	1.00000000e-09	1.00000000e-09	1.00000000e-10	1.00000000e-10	0.00000000e+00	4.93929673e-06
1.98000000e+01	1.66472307e+01	-2.04557731e+06	-7.96174374e+04	1.84561435e+04	1.00000000e-09	1.84561435e+03	1.00000000e-10	1.78074714e+09	4.54099448e-06
1.99000000e+01	1.67313076e+01	-2.03844091e+06	-7.93396763e+04	3.04542103e+04	1.28101795e-06	3.04542103e+03	1.28101795e-07	2.93838459e+09	4.17481111e-06
2.00000000e+01	1.68153845e+01	-2.03131702e+06	-7.90624022e+04	1.00000000e-09	7.79979832e-07	1.00000000e-10	7.79979832e-08	-7.51601278e-02	3.83815657e-06
2.01000000e+01	1.68994614e+01	-2.02419314e+06	-7.87851281e+04	1.00000000e-09	1.00000000e-09	1.00000000e-10	1.00000000e-10	0.00000000e+00	3.52864967e-06
2.02000000e+01	1.69835383e+01	-2.01706925e+06	-7.85078540e+04	1.00000000e-09	1.00000000e-09	1.00000000e-10	1.00000000e-10	0.00000000e+00	3.24410125e-06
2.03000000e+01	1.70676153e+01	-2.00994536e+06	-7.82305798e+04	3.18895166e+04	1.00000000e-09	3.18895166e+03	1.00000000e-10	3.07687060e+09	2.98249865e-06
2.04000000e+01	1.71516922e+01	-2.00283386e+06	-7.79537876e+04	1.50578121e+04	1.33532725e-06	1.50578121e+03	1.33532725e-07	1.45285800e+09	2.74199155e-06
2.05000000e+01	1.72357691e+01	-1.99572672e+06	-7.76771655e+04	1.00000000e-09	5.45986659e-07	1.00000000e-10	5.45986659e-08	-5.25832188e-02	2.52087882e-06
2.06000000e+01	1.73198460e+01	-1.98861958e+06	-7.74005434e+04	1.00000000e-09	1.00000000e-09	1.00000000e-10	1.00000000e-10	0.00000000e+00	2.31759650e-06
2.07000000e+01	1.74039230e+01	-1.98151245e+06	-7.71239213e+04	1.77148299e+04	1.00000000e-09	1.77148299e+03	1.00000000e-10	1.70922124e+09	2.13070675e-06
2.08000000e+01	1.74879999e+01	-1.97441313e+06	-7.68476032e+04	3.08150667e+04	2.83613110e-08	3.08150667e+03	2.83613110e-09	2.97320194e+09	1.95888770e-06
2.09000000e+01	1.75720768e+01	-1.96732243e+06	-7.65716209e+04	1.00000000e-09	2.23601420e-06	1.00000000e-10	2.23601420e-07	-2.15646087e-01	1.80092404e-06
2.10000000e+01	1.76561537e+01	-1.96023173e+06	-7.62956386e+04	1.00000000e-09	9.95974804e-07	1.00000000e-10	9.95974804e-08	-9.60004744e-02	1.65569849e-06
2.11000000e+01	1.77402306e+01	-1.95314103e+06	-7.60196563e+04	1.00000000e-09	1.00000000e-09	1.00000000e-10	1.00000000e-10	0.00000000e+00	1.52218384e-06
2.12000000e+01	1.78243076e+01	-1.94605185e+06	-7.57437329e+04	3.13978583e+04	1.00000000e-09	3.13978583e+03	1.00000000e-10	3.02943278e+09	1.39943575e-06
2.13000000e+01	1.79083845e+01	-1.93897166e+06	-7.54681597e+04	1.61991443e+04	1.00000000e-09	1.61991443e+03	1.00000000e-10	1.56297981e+09	1.28658600e-06
2.14000000e+01	1.79924614e+01	-1.93189200e+06	-7.51926067e+04	1.00000000e-09	3.96409374e-06	1.00000000e-10	3.96409374e-07	-3.82380416e-01	1.18283639e-06
2.15000000e+01	1.80765383e+01	-1.92481233e+06	-7.49170536e+04	1.00000000e-09	3.50598151e-06	1.00000000e-10	3.50598151e-07	-3.38179305e-01	1.08745310e-06
2.16000000e+01	1.81606153e+01	-1.91773266e+06	-7.46415006e+04	1.62994014e+04	1.08915298e-06	1.62994014e+03	1.08915298e-07	1.57265316e+09	9.99761460e-07
2.17000000e+01	1.82446922e+01	-1.91065887e+06	-7.43661762e+04	3.11748148e+04	5.55782758e-07	3.11748148e+03	5.55782758e-08	3.00791236e+09	9.19141229e-07
2.18000000e+01	1.83287691e+01	-1.90358923e+06	-7.40910137e+04	1.00000000e-09	8.34985418e-07	1.00000000e-10	8.34985418e-08	-8.04673600e-02	8.45022171e-07
2.19000000e+01	1.84128460e+01	-1.89651960e+06	-7.38158513e+04	1.00000000e-09	5.63275815e-07	1.00000000e-10	5.63275815e-08	-5.42513688e-02	7.76880034e-07
2.20000000e+01	1.84969229e+01	-1.88944997e+06	-7.35406888e+04	1.00000000e-09	1.00000000e-09	1.00000000e-10	1.00000000e-10	0.00000000e+00	7.14232843e-07
2.21000000e+01	1.85809999e+01	-1.88238164e+06	-7.32655772e+04	3.05040243e+04	1.00000000e-09	3.05040243e+03	1.00000000e-10	2.94319092e+09	6.56637488e-07
2.22000000e+01	1.86650768e+01	-1.87531758e+06	-7.29906316e+04	1.77912177e+04	1.66731330e-07	1.77912177e+03	1.66731330e-08	1.71659155e+09	6.03686592e-07
2.23000000e+01	1.87491537e+01	-1.86825376e+06	-7.27156955e+04	1.00000000e-09	3.36314435e-07	1.00000000e-10	3.36314435e-08	-3.23529246e-02	5.55005627e-07
2.24000000e+01	1.88332306e+01	-1.86118994e+06	-7.24407593e+04	1.00000000e-09	1.00000000e-09	1.00000000e-10	1.00000000e-10	0.00000000e+00	5.10250270e-07
2.25000000e+01	1.89173076e+01	-1.85412612e+06	-7.21658232e+04	1.43918884e+04	1.00000000e-09	1.43918884e+03	1.00000000e-10	1.38860614e+09	4.69103960e-07
2.26000000e+01	1.90013845e+01	-1.84706374e+06	-7.18909428e+04	3.17200742e+04	1.06509929e-08	3.17200742e+03	1.06509929e-09	3.06052190e+09	4.31275667e-07
2.27000000e+01	1.90854614e+01	-1.84000395e+06	-7.16161636e+04	1.00000000e-09	2.50596293e-07	1.00000000e-10	2.50596293e-08	-2.40823813e-02	3.96497828e-07
2.28000000e+01	1.91695383e+01	-1.83294416e+06	-7.13413843e+04	1.00000000e-09	2.53857916e-08	1.00000000e-10	2.53857916e-09	-2.35287120e-03	3.64524455e-07
2.29000000e+01	1.92536153e+01	-1.82588437e+06	-7.10666051e+04	1.00000000e-09	1.00000000e-09	1.00000000e-10	1.00000000e-10	0.00000000e+00	3.35129397e-07
2.30000000e+01	1.93376922e+01	-1.81882459e+06	-7.07918258e+04	2.95290117e+04	1.00000000e-09	2.95290117e+03	1.00000000e-10	2.84911650e+09	3.08104742e-07
2.31000000e+01	1.94217691e+01	-1.81176644e+06	-7.05171103e+04	1.96634874e+04	1.79434507e-07	1.96634874e+03	1.79434507e-08	1.89723811e+09	2.83259340e-07
2.32000000e+01	1.95058460e+01	-1.80471115e+06	-7.02425064e+04	1.00000000e-09	7.38610758e-08	1.00000000e-10	7.38610758e-09	-7.03002510e-03	2.60417458e-07
2.33000000e+01	1.95899229e+01	-1.79765587e+06	-6.99679024e+04	1.00000000e-09	1.00000000e-09	1.00000000e-10	1.00000000e-10	0.00000000e+00	2.39417533e-07
2.34000000e+01	1.96739999e+01	-1.79060059e+06	-6.96932985e+04	1.23514770e+04	1.00000000e-09	1.23514770e+03	1.00000000e-10	1.19173636e+09	2.20111031e-07
2.35000000e+01	1.97580768e+01	-1.78354530e+06	-6.94186945e+04	3.23533274e+04	1.13794360e-07	3.23533274e+03	1.13794360e-08	3.12162154e+09	2.02361395e-07
2.36000000e+01	1.98421537e+01	-1.77649376e+06	-6.91442361e+04	1.00000000e-09	9.81787655e-08	1.00000000e-10	9.81787655e-09	-9.37632546e-03	1.86043080e-07
2.37000000e+01	1.99262306e+01	-1.76944543e+06	-6.88699029e+04	1.00000000e-09	1.00000000e-09	1.00000000e-10	1.00000000e-10	0.00000000e+00	1.71040665e-07
2.38000000e+01	2.00103076e+01	-1.76239710e+06	-6.85955697e+04	1.00000000e-09	1.00000000e-09	1.00000000e-10	1.00000000e-10	0.00000000e+00	1.57248037e-07
2.39000000e+01	2.00943845e+01	-1.75534877e+06	-6.83212365e+04	2.86692009e+04	5.74567797e-08	2.86692009e+03	5.74567797e-09	2.76615737e+09	1.44567640e-07
2.40000000e+01	2.01784614e+01	-1.74830172e+06	-6.80469530e+04	2.16247947e+04	1.06254694e-07	2.16247947e+03	1.06254694e-08	2.08647550e+09	1.32909782e-07
2.41000000e+01	2.02625383e+01	-1.74126080e+06	-6.77729078e+04	1.00000000e-09	1.00000000e-09	1.00000000e-10	1.00000000e-10	0.00000000e+00	1.22192009e-07
2.42000000e+01	2.03466152e+01	-1.73422068e+06	-6.74988944e+04	1.00000000e-09	1.00000000e-09	1.00000000e-10	1.00000000e-10	0.00000000e+00	1.12338510e-07
2.43000000e+01	2.04306922e+01	-1.72718057e+06	-6.72248810e+04	1.03409065e+04	9.27986720e-09	1.03409065e+03	9.27986720e-10	9.97745796e+08	1.03279593e-07
2.44000000e+01	2.05147691e+01	-1.72014046e+06	-6.69508676e+04	3.31158652e+04	1.01037053e-07	3.31158652e+03	1.01037053e-08	3.19519526e+09	9.49511815e-08
2.45000000e+01	2.05988460e+01	-1.71310632e+06	-6.66770866e+04	1.50593197e+03	8.46698521e-09	1.50593197e+02	8.46698521e-10	1.45300346e+08	8.72943689e-08
2.46000000e+01	2.06829229e+01	-1.70607781e+06	-6.64035247e+04	1.00000000e-09	1.00000000e-09	1.00000000e-10	1.00000000e-10	0.00000000e+00	8.02549976e-08
2.47000000e+01	2.07669999e+01	-1.69904930e+06	-6.61299628e+04	1.00000000e-09	1.00000000e-09	1.00000000e-10	1.00000000e-10	0.00000000e+00	7.37832774e-08
2.48000000e+01	2.08510768e+01	-1.69202079e+06	-6.58564009e+04	2.78826677e+04	8.22036194e-08	2.78826677e+03	8.22036194e-09	2.69026845e+09	6.78334333e-08
2.49000000e+01	2.09351537e+01	-1.68499454e+06	-6.55829269e+04	2.36118459e+04	4.21458900e-08	2.36118459e+03	4.21458900e-09	2.27819679e+09	6.23633815e-08
2.50000000e+01	2.10192306e+01	-1.67797715e+06	-6.53097977e+04	1.00000000e-09	1.00000000e-09	1.00000000e-10	1.00000000e-10	0.00000000e+00	5.73344317e-08
2.51000000e+01	2.11033075e+01	-1.67095979e+06	-6.50366701e+04	1.00000000e-09	1.00000000e-09	1.00000000e-10	1.00000000e-10	0.00000000e+00	5.27110137e-08
2.52000000e+01	2.11873845e+01	-1.66394244e+06	-6.47635424e+04	8.35302255e+03	5.07599013e-08	8.35302255e+02	5.07599013e-09	8.05944155e+08	4.84604257e-08
2.53000000e+01	2.12714614e+01	-1.65692508e+06	-6.44904148e+04	3.38590513e+04	6.21716404e-08	3.38590513e+03	6.21716404e-09	3.26690181e+09	4.45526029e-08
2.54000000e+01	2.13555383e+01	-1.64991633e+06	-6.42176217e+04	3.70168546e+03	1.00000000e-09	3.70168546e+02	1.00000000e-10	3.57158351e+08	4.09599048e-08
2.55000000e+01	2.14396152e+01	-1.64291395e+06	-6.39450768e+04	1.00000000e-09	1.00000000e-09	1.00000000e-10	1.00000000e-10	0.00000000e+00	3.76569199e-08
2.56000000e+01	2.15236922e+01	-1.63591156e+06	-6.36725319e+04	1.00000000e-09	1.36306557e-08	1.00000000e-10	1.36306557e-09	-1.21867301e-03	3.46202860e-08
2.57000000e+01	2.16077691e+01	-1.62890918e+06	-6.33999870e+04	2.70168293e+04	6.46751548e-08	2.70168293e+03	6.46751548e-09	2.60672775e+09	3.18285246e-08
2.58000000e+01	2.16918460e+01	-1.62191124e+06	-6.31276149e+04	2.54820348e+04	1.71559208e-09	2.54820348e+03	1.71559208e-10	2.45864259e+09	2.92618894e-08
2.59000000e+01	2.17759229e+01	-1.61492415e+06	-6.28556651e+04	1.00000000e-09	1.00000000e-09	1.00000000e-10	1.00000000e-10	0.00000000e+00	2.69022262e-08
2.60000000e+01	2.18599998e+01	-1.60793706e+06	-6.25837153e+04	1.00000000e-09	1.00000000e-09	1.00000000e-10	1.00000000e-10	0.00000000e+00	2.47328451e-08
2.61000000e+01	2.19440768e+01	-1.60094997e+06	-6.23117655e+04	6.30675174e+03	5.04502786e-08	6.30675174e+02	5.04502786e-09	6.08509036e+08	2.27384017e-08
2.62000000e+01	2.20281537e+01	-1.59396287e+06	-6.20398157e+04	3.44670756e+04	3.20768911e-08	3.44670756e+03	3.20768911e-09	3.32556724e+09	2.09047891e-08
2.63000000e+01	2.21122306e+01	-1.58698690e+06	-6.17682986e+04	5.92661578e+03	1.00000000e-09	5.92661578e+02	1.00000000e-10	5.71831492e+08	1.92190381e-08
2.64000000e+01	2.21963075e+01	-1.58001523e+06	-6.14969492e+04	1.00000000e-09	1.00000000e-09	1.00000000e-10	1.00000000e-10	0.00000000e+00	1.76692251e-08
2.65000000e+01	2.22803845e+01	-1.57304357e+06	-6.12255997e+04	1.00000000e-09	1.85081643e-08	1.00000000e-10	1.85081643e-09	-1.68928105e-03	1.62443882e-08
2.66000000e+01	2.23644614e+01	-1.56607190e+06	-6.09542503e+04	2.58838915e+04	3.98871207e-08	2.58838915e+03	3.98871207e-09	2.49741587e+09	1.49344494e-08
2.67000000e+01	2.24485383e+01	-1.55910764e+06	-6.06831892e+04	2.71633001e+04	1.00000000e-09	2.71633001e+03	1.00000000e-10	2.62086003e+09	1.37301434e-08
2.68000000e+01	2.25326152e+01	-1.55215265e+06	-6.04124889e+04	1.00000000e-09	1.00000000e-09	1.00000000e-10	1.00000000e-10	0.00000000e+00	1.26229520e-08
2.69000000e+01	2.26166921e+01	-1.54519766e+06	-6.01417886e+04	1.00000000e-09	1.00000000e-09	1.00000000e-10	1.00000000e-10	0.00000000e+00	1.16050438e-08
2.70000000e+01	2.27007691e+01	-1.53824267e+06	-5.98710883e+04	4.00754330e+03	1.89726057e-08	4.00754330e+02	1.89726057e-09	3.86669146e+08	1.06692193e-08
2.71000000e+01	2.27848460e+01	-1.53128902e+06	-5.96004398e+04	3.46032645e+04	1.62069059e-08	3.46032645e+03	1.62069059e-09	3.33870747e+09	9.80885916e-09
2.72000000e+01	2.28689229e+01	-1.52434602e+06	-5.93302063e+04	8.35674817e+03	1.00000000e-09	8.35674817e+02	1.00000000e-10	8.06303623e+08	9.01787799e-09
2.73000000e+01	2.29529998e+01	-1.51740365e+06	-5.90599972e+04	1.00000000e-09	1.00000000e-09	1.00000000e-10	1.00000000e-10	0.00000000e+00	8.29068113e-09
2.74000000e+01	2.30370768e+01	-1.51046128e+06	-5.87897880e+04	1.00000000e-09	1.00000000e-09	1.00000000e-10	1.00000000e-10	0.00000000e+00	7.62212503e-09
2.75000000e+01	2.31211537e+01	-1.50351891e+06	-5.85195788e+04	2.41267759e+04	1.00000000e-09	2.41267759e+03	1.00000000e-10	2.32787999e+09	7.00748093e-09
2.76000000e+01	2.32052306e+01	-1.49658483e+06	-5.82496922e+04	2.86542532e+04	1.00000000e-09	2.86542532e+03	1.00000000e-10	2.76471514e+09	6.44240141e-09
2.77000000e+01	2.32893075e+01	-1.48965595e+06	-5.79800081e+04	1.00000000e-09	1.00000000e-09	1.00000000e-10	1.00000000e-10	0.00000000e+00	5.92288960e-09
2.78000000e+01	2.33733845e+01	-1.48272707e+06	-5.77103240e+04	1.00000000e-09	4.43437849e-08	1.00000000e-10	4.43437849e-09	-4.18203948e-03	5.44527095e-09
2.79000000e+01	2.34574614e+01	-1.47579819e+06	-5.74406400e+04	1.21902728e+03	3.69800454e-08	1.21902728e+02	3.69800454e-09	1.17618252e+08	5.00616720e-09
2.80000000e+01	2.35415383e+01	-1.46887291e+06	-5.71710962e+04	3.40688019e+04	1.00000000e-09	3.40688019e+03	1.00000000e-10	3.28713966e+09	4.60247255e-09
2.81000000e+01	2.36256152e+01	-1.46195409e+06	-5.69018036e+04	1.11671597e+04	1.00000000e-09	1.11671597e+03	1.00000000e-10	1.07746712e+09	4.23133162e-09
2.82000000e+01	2.37096921e+01	-1.45503527e+06	-5.66325110e+04	1.00000000e-09	1.00000000e-09	1.00000000e-10	1.00000000e-10	0.00000000e+00	3.89011930e-09
2.83000000e+01	2.37937691e+01	-1.44811645e+06	-5.63632184e+04	1.00000000e-09	2.02229985e-08	1.00000000e-10	2.02229985e-09	-1.85473740e-03	3.57642216e-09
2.84000000e+01	2.38778460e+01	-1.44119763e+06	-5.60939258e+04	2.16489895e+04	1.31812119e-08	2.16489895e+03	1.31812119e-09	2.08880995e+09	3.28802138e-09
2.85000000e+01	2.39619229e+01	-1.43428312e+06	-5.58248012e+04	3.01600055e+04	1.00000000e-09	3.01600055e+03	1.00000000e-10	2.90999815e+09	3.02287709e-09
2.86000000e+01	2.40459998e+01	-1.42737059e+06	-5.55557534e+04	1.00000000e-09	1.00000000e-09	1.00000000e-10	1.00000000e-10	0.00000000e+00	2.77911390e-09
2.87000000e+01	2.41300768e+01	-1.42045806e+06	-5.52867056e+04	1.00000000e-09	1.00000000e-09	1.00000000e-10	1.00000000e-10	0.00000000e+00	2.55500764e-09
2.88000000e+01	2.42141537e+01	-1.41354553e+06	-5.50176579e+04	1.00000000e-09	7.53023542e-09	1.00000000e-10	7.53023542e-10	-6.30071933e-04	2.34897319e-09
2.89000000e+01	2.42982306e+01	-1.40663357e+06	-5.47486325e+04	3.32569278e+04	1.07988200e-08	3.32569278e+03	1.07988200e-09	3.20880573e+09	2.15955324e-09
2.90000000e+01	2.43823075e+01	-1.39972378e+06	-5.44796912e+04	1.44160685e+04	4.34207145e-09	1.44160685e+03	4.34207145e-10	1.39093916e+09	1.98540802e-09
2.91000000e+01	2.44663844e+01	-1.39281420e+06	-5.42107585e+04	1.00000000e-09	1.00000000e-09	1.00000000e-10	1.00000000e-10	0.00000000e+00	1.82530578e-09
2.92000000e+01	2.45504614e+01	-1.38590463e+06	-5.39418258e+04	1.00000000e-09	1.00000000e-09	1.00000000e-10	1.00000000e-10	0.00000000e+00	1.67811410e-09
2.93000000e+01	2.46345383e+01	-1.37899505e+06	-5.36728931e+04	1.86875730e+04	1.00000000e-09	1.86875730e+03	1.00000000e-10	1.80307669e+09	1.54279187e-09
2.94000000e+01	2.47186152e+01	-1.37208548e+06	-5.34039604e+04	3.17416377e+04	1.00000000e-09	3.17416377e+03	1.00000000e-10	3.06260246e+09	1.41838196e-09
2.95000000e+01	2.48026921e+01	-1.36517794e+06	-5.31351069e+04	1.00000000e-09	3.96446195e-09	1.00000000e-10	3.96446195e-10	-2.86027096e-04	1.30400439e-09
2.96000000e+01	2.48867691e+01	-1.35827164e+06	-5.28663016e+04	1.00000000e-09	6.74564711e-09	1.00000000e-10	6.74564711e-10	-5.54370670e-04	1.19885018e-09
2.97000000e+01	2.49708460e+01	-1.35136533e+06	-5.25974962e+04	1.00000000e-09	5.76309733e-09	1.00000000e-10	5.76309733e-10	-4.59569028e-04	1.10217554e-09
2.98000000e+01	2.50549229e+01	-1.34445903e+06	-5.23286908e+04	3.22243837e+04	2.80172216e-09	3.22243837e+03	2.80172216e-10	3.10918036e+09	1.01329669e-09
2.99000000e+01	2.51389998e+01	-1.33755341e+06	-5.20599121e+04	1.77854371e+04	1.48075019e-09	1.77854371e+03	1.48075019e-10	1.71603381e+09	9.31584987e-10
3.00000000e+01	2.52230767e+01	-1.33065200e+06	-5.17912971e+04	1.00000000e-09	1.07648747e-09	1.00000000e-10	1.07648747e-10	-7.37991893e-06	8.56462471e-10
3.01000000e+01	2.53071537e+01	-1.32375146e+06	-5.15227160e+04	1.00000000e-09	1.26035472e-09	1.00000000e-10	1.26035472e-10	-2.51204121e-05	7.87397794e-10
3.02000000e+01	2.53912306e+01	-1.31685091e+06	-5.12541348e+04	1.55833077e+04	1.00000000e-09	1.55833077e+03	1.00000000e-10	1.50356061e+09	7.23902457e-10
3.03000000e+01	2.54753075e+01	-1.30995037e+06	-5.09855537e+04	3.32296812e+04	1.00000000e-09	3.32296812e+03	1.00000000e-10	3.20617683e+09	6.65527349e-10
3.04000000e+01	2.55593844e+01	-1.30305434e+06	-5.07171480e+04	1.00000000e-09	1.00000000e-09	1.00000000e-10	1.00000000e-10	0.00000000e+00	6.11859579e-10
3.05000000e+01	2.56434614e+01	-1.29616304e+06	-5.04489266e+04	1.00000000e-09	1.00000000e-09	1.00000000e-10	1.00000000e-10	0.00000000e+00	5.62519549e-10
3.06000000e+01	2.57275383e+01	-1.28927174e+06	-5.01807051e+04	1.00000000e-09	1.00000000e-09	1.00000000e-10	1.00000000e-10	0.00000000e+00	5.17158273e-10
3.07000000e+01	2.58116152e+01	-1.28238044e+06	-4.99124837e+04	3.11554750e+04	1.00000000e-09	3.11554750e+03	1.00000000e-10	3.00604635e+09	4.75454906e-10
3.08000000e+01	2.58956921e+01	-1.27549067e+06	-4.96443220e+04	2.11015187e+04	1.00000000e-09	2.11015187e+03	1.00000000e-10	2.03598704e+09	4.37114476e-10
3.09000000e+01	2.59797690e+01	-1.26860844e+06	-4.93764536e+04	1.00000000e-09	1.00000000e-09	1.00000000e-10	1.00000000e-10	0.00000000e+00	4.01865798e-10
3.10000000e+01	2.60638460e+01	-1.26172669e+06	-4.91086039e+04	1.00000000e-09	1.00000000e-09	1.00000000e-10	1.00000000e-10	0.00000000e+00	3.69459555e-10
3.11000000e+01	2.61479229e+01	-1.25484494e+06	-4.88407543e+04	1.24431914e+04	1.00000000e-09	1.24431914e+03	1.00000000e-10	1.20058545e+09	3.39666533e-10
3.12000000e+01	2.62319998e+01	-1.24796320e+06	-4.85729046e+04	3.45874782e+04	1.00000000e-09	3.45874782e+03	1.00000000e-10	3.33718432e+09	3.12276006e-10
3.13000000e+01	2.63160767e+01	-1.24108861e+06	-4.83053338e+04	1.75489453e+02	1.00000000e-09	1.75489453e+01	1.00000000e-10	1.69321582e+07	2.87094235e-10
3.14000000e+01	2.64001537e+01	-1.23422023e+06	-4.80380044e+04	1.00000000e-09	1.00000000e-09	1.00000000e-10	1.00000000e-10	0.00000000e+00	2.63943109e-10
3.15000000e+01	2.64842306e+01	-1.22735185e+06	-4.77706750e+04	1.00000000e-09	1.00000000e-09	1.00000000e-10	1.00000000e-10	0.00000000e+00	2.42658878e-10
3.16000000e+01	2.65683075e+01	-1.22048346e+06	-4.75033456e+04	2.98722015e+04	1.00000000e-09	2.98722015e+03	1.00000000e-10	2.88222928e+09	2.23090996e-10
3.17000000e+01	2.66523844e+01	-1.21361816e+06	-4.72361361e+04	2.42545726e+04	1.00000000e-09	2.42545726e+03	1.00000000e-10	2.34021050e+09	2.05101057e-10
3.18000000e+01	2.67364614e+01	-1.20676252e+06	-4.69693023e+04	1.00000000e-09	1.00000000e-09	1.00000000e-10	1.00000000e-10	0.00000000e+00	1.88561817e-10
3.19000000e+01	2.68205383e+01	-1.19990687e+06	-4.67024686e+04	1.00000000e-09	1.00000000e-09	1.00000000e-10	1.00000000e-10	0.00000000e+00	1.73356293e-10
3.20000000e+01	2.69046152e+01	-1.19305122e+06	-4.64356348e+04	9.15236393e+03	1.00000000e-09	9.15236393e+02	1.00000000e-10	8.83068873e+08	1.59376934e-10
3.21000000e+01	2.69886921e+01	-1.18619557e+06	-4.61688011e+04	3.56381494e+04	1.00000000e-09	3.56381494e+03	1.00000000e-10	3.43855868e+09	1.46524863e-10
3.22000000e+01	2.70727690e+01	-1.17934929e+06	-4.59023318e+04	3.82233639e+03	1.00000000e-09	3.82233639e+02	1.00000000e-10	3.68799396e+08	1.34709176e-10
3.23000000e+01	2.71568460e+01	-1.17250889e+06	-4.56360916e+04	1.00000000e-09	1.00000000e-09	1.00000000e-10	1.00000000e-10	0.00000000e+00	1.23846300e-10
3.24000000e+01	2.72409229e+01	-1.16566850e+06	-4.53698515e+04	1.00000000e-09	1.00000000e-09	1.00000000e-10	1.00000000e-10	0.00000000e+00	1.13859401e-10
3.25000000e+01	2.73249998e+01	-1.15882810e+06	-4.51036113e+04	2.81771305e+04	1.00000000e-09	2.81771305e+03	1.00000000e-10	2.71867979e+09	1.04677839e-10
3.26000000e+01	2.74090767e+01	-1.15199282e+06	-4.48375701e+04	2.71639791e+04	1.00000000e-09	2.71639791e+03	1.00000000e-10	2.62092555e+09	9.62366743e-11
3.27000000e+01	2.74931537e+01	-1.14516828e+06	-4.45719471e+04	1.00000000e-09	1.00000000e-09	1.00000000e-10	1.00000000e-10	0.00000000e+00	8.84762003e-11
3.28000000e+01	2.75772306e+01	-1.13834374e+06	-4.43063241e+04	1.00000000e-09	1.00000000e-09	1.00000000e-10	1.00000000e-10	0.00000000e+00	8.13415267e-11
3.29000000e+01	2.76613075e+01	-1.13151920e+06	-4.40407010e+04	5.60025802e+03	1.00000000e-09	5.60025802e+02	1.00000000e-10	5.40342755e+08	7.47821894e-11
3.30000000e+01	2.77453844e+01	-1.12469465e+06	-4.37750780e+04	3.62146344e+04	1.00000000e-09	3.62146344e+03	1.00000000e-10	3.49418103e+09	6.87517936e-11
3.31000000e+01	2.78294613e+01	-1.11788137e+06	-4.35098930e+04	7.57950569e+03	1.00000000e-09	7.57950569e+02	1.00000000e-10	7.31311124e+08	6.32076857e-11
3.32000000e+01	2.79135383e+01	-1.11107177e+06	-4.32448516e+04	1.00000000e-09	1.00000000e-09	1.00000000e-10	1.00000000e-10	0.00000000e+00	5.81106517e-11
3.33000000e+01	2.79976152e+01	-1.10426217e+06	-4.29798101e+04	1.00000000e-09	1.00000000e-09	1.00000000e-10	1.00000000e-10	0.00000000e+00	5.34246397e-11
3.34000000e+01	2.80816921e+01	-1.09745257e+06	-4.27147687e+04	2.58951534e+04	1.00000000e-09	2.58951534e+03	1.00000000e-10	2.49850248e+09	4.91165053e-11
3.35000000e+01	2.81657690e+01	-1.09065061e+06	-4.24500245e+04	2.97157037e+04	1.00000000e-09	2.97157037e+03	1.00000000e-10	2.86712954e+09	4.51557765e-11
3.36000000e+01	2.82498460e+01	-1.08385724e+06	-4.21856145e+04	1.00000000e-09	1.00000000e-09	1.00000000e-10	1.00000000e-10	0.00000000e+00	4.15144388e-11
3.37000000e+01	2.83339229e+01	-1.07706387e+06	-4.19212046e+04	1.00000000e-09	1.00000000e-09	1.00000000e-10	1.00000000e-10	0.00000000e+00	3.81667366e-11
3.38000000e+01	2.84179998e+01	-1.07027049e+06	-4.16567946e+04	1.65621232e+03	1.00000000e-09	1.65621232e+02	1.00000000e-10	1.59800196e+08	3.50889914e-11
3.39000000e+01	2.85020767e+01	-1.06347891e+06	-4.13924543e+04	3.59678006e+04	1.00000000e-09	3.59678006e+03	1.00000000e-10	3.47036519e+09	3.22594338e-11
3.40000000e+01	2.85861536e+01	-1.05669734e+06	-4.11285037e+04	1.15502424e+04	1.00000000e-09	1.15502424e+03	1.00000000e-10	1.11442897e+09	2.96580503e-11
3.41000000e+01	2.86702306e+01	-1.04991577e+06	-4.08645532e+04	1.00000000e-09	1.00000000e-09	1.00000000e-10	1.00000000e-10	0.00000000e+00	2.72664410e-11
3.42000000e+01	2.87543075e+01	-1.04313420e+06	-4.06006026e+04	1.00000000e-09	1.00000000e-09	1.00000000e-10	1.00000000e-10	0.00000000e+00	2.50676897e-11
3.43000000e+01	2.88383844e+01	-1.03635263e+06	-4.03366521e+04	2.26814659e+04	1.00000000e-09	2.26814659e+03	1.00000000e-10	2.18842877e+09	2.30462446e-11
3.44000000e+01	2.89224613e+01	-1.02957901e+06	-4.00730113e+04	3.18174961e+04	1.00000000e-09	3.18174961e+03	1.00000000e-10	3.06992168e+09	2.11878078e-11
3.45000000e+01	2.90065383e+01	-1.02280946e+06	-3.98095284e+04	1.00000000e-09	1.00000000e-09	1.00000000e-10	1.00000000e-10	0.00000000e+00	1.94792342e-11
3.46000000e+01	2.90906152e+01	-1.01603990e+06	-3.95460455e+04	1.00000000e-09	1.00000000e-09	1.00000000e-10	1.00000000e-10	0.00000000e+00	1.79084392e-11
3.47000000e+01	2.91746921e+01	-1.00927035e+06	-3.92825627e+04	1.00000000e-09	1.00000000e-09	1.00000000e-10	1.00000000e-10	0.00000000e+00	1.64643122e-11
3.48000000e+01	2.92587690e+01	-1.00250483e+06	-3.90192368e+04	3.46860112e+04	1.00000000e-09	3.46860112e+03	1.00000000e-10	3.34669131e+09	1.51366389e-11
3.49000000e+01	2.93428459e+01	-9.95744444e+05	-3.87561108e+04	1.58104870e+04	1.00000000e-09	1.58104870e+03	1.00000000e-10	1.52548009e+09	1.39160284e-11
3.50000000e+01	2.94269229e+01	-9.88984059e+05	-3.84929849e+04	1.00000000e-09	1.00000000e-09	1.00000000e-10	1.00000000e-10	0.00000000e+00	1.27938473e-11
3.51000000e+01	2.95109998e+01	-9.82223674e+05	-3.82298589e+04	1.00000000e-09	1.00000000e-09	1.00000000e-10	1.00000000e-10	0.00000000e+00	1.17621583e-11
3.52000000e+01	2.95950767e+01	-9.75463289e+05	-3.79667329e+04	1.85265773e+04	1.00000000e-09	1.85265773e+03	1.00000000e-10	1.78754296e+09	1.08136641e-11
3.53000000e+01	2.96791536e+01	-9.68706188e+05	-3.77037347e+04	3.36290447e+04	1.00000000e-09	3.36290447e+03	1.00000000e-10	3.24470955e+09	9.94165601e-12
3.54000000e+01	2.97632306e+01	-9.61949434e+05	-3.74407501e+04	1.00000000e-09	1.00000000e-09	1.00000000e-10	1.00000000e-10	0.00000000e+00	9.13996618e-12
3.55000000e+01	2.98473075e+01	-9.55192679e+05	-3.71777654e+04	1.00000000e-09	1.00000000e-09	1.00000000e-10	1.00000000e-10	0.00000000e+00	8.40292419e-12
3.56000000e+01	2.99313844e+01	-9.48435925e+05	-3.69147808e+04	1.00000000e-09	1.00000000e-09	1.00000000e-10	1.00000000e-10	0.00000000e+00	7.72531687e-12
3.57000000e+01	3.00154613e+01	-9.41679565e+05	-3.66518114e+04	3.28120295e+04	1.00000000e-09	3.28120295e+03	1.00000000e-10	3.16587956e+09	7.10235144e-12
3.58000000e+01	3.00995383e+01	-9.34923205e+05	-3.63888421e+04	2.03423880e+04	1.00000000e-09	2.03423880e+03	1.00000000e-10	1.96274206e+09	6.52962161e-12
3.59000000e+01	3.01836152e+01	-9.28166846e+05	-3.61258728e+04	1.00000000e-09	1.00000000e-09	1.00000000e-10	1.00000000e-10	0.00000000e+00	6.00307641e-12
3.60000000e+01	3.02676921e+01	-9.21410486e+05	-3.58629035e+04	1.00000000e-09	1.00000000e-09	1.00000000e-10	1.00000000e-10	0.00000000e+00	5.51899153e-12
3.61000000e+01	3.03517690e+01	-9.14654126e+05	-3.55999342e+04	1.37145026e+04	1.00000000e-09	1.37145026e+03	1.00000000e-10	1.32324834e+09	5.07394300e-12
3.62000000e+01	3.04358459e+01	-9.07897767e+05	-3.53369649e+04	3.50934941e+04	1.00000000e-09	3.50934941e+03	1.00000000e-10	3.38600743e+09	4.66478295e-12
3.63000000e+01	3.05199229e+01	-9.01141597e+05	-3.50740030e+04	1.00000000e-09	1.00000000e-09	1.00000000e-10	1.00000000e-10	0.00000000e+00	4.28861734e-12
3.64000000e+01	3.06039998e+01	-8.94388026e+05	-3.48111422e+04	1.00000000e-09	1.00000000e-09	1.00000000e-10	1.00000000e-10	0.00000000e+00	3.94278553e-12
3.65000000e+01	3.06880767e+01	-8.87634631e+05	-3.45482883e+04	1.00000000e-09	1.00000000e-09	1.00000000e-10	1.00000000e-10	0.00000000e+00	3.62484141e-12
3.66000000e+01	3.07721536e+01	-8.80881236e+05	-3.42854344e+04	3.03824775e+04	1.00000000e-09	3.03824775e+03	1.00000000e-10	2.93146344e+09	3.33253613e-12
3.67000000e+01	3.08562306e+01	-8.74127841e+05	-3.40225805e+04	2.46407895e+04	1.00000000e-09	2.46407895e+03	1.00000000e-10	2.37747476e+09	3.06380220e-12
3.68000000e+01	3.09403075e+01	-8.67378743e+05	-3.37598938e+04	1.00000000e-09	1.00000000e-09	1.00000000e-10	1.00000000e-10	0.00000000e+00	2.81673882e-12
3.69000000e+01	3.10243844e+01	-8.60633343e+05	-3.34973511e+04	1.00000000e-09	1.00000000e-09	1.00000000e-10	1.00000000e-10	0.00000000e+00	2.58959851e-12
3.70000000e+01	3.11084613e+01	-8.53887943e+05	-3.32348084e+04	8.67614038e+03	1.00000000e-09	8.67614038e+02	1.00000000e-10	8.37120286e+08	2.38077467e-12
3.71000000e+01	3.11925382e+01	-8.47142543e+05	-3.29722656e+04	3.61895576e+04	1.00000000e-09	3.61895576e+03	1.00000000e-10	3.49176149e+09	2.18879027e-12
3.72000000e+01	3.12766152e+01	-8.40400153e+05	-3.27098400e+04	4.98410016e+03	1.00000000e-09	4.98410016e+02	1.00000000e-10	4.80892560e+08	2.01228739e-12
3.73000000e+01	3.13606921e+01	-8.33664868e+05	-3.24476910e+04	1.00000000e-09	1.00000000e-09	1.00000000e-10	1.00000000e-10	0.00000000e+00	1.85001761e-12
3.74000000e+01	3.14447690e+01	-8.26929584e+05	-3.21855420e+04	1.00000000e-09	1.00000000e-09	1.00000000e-10	1.00000000e-10	0.00000000e+00	1.70083318e-12
3.75000000e+01	3.15288459e+01	-8.20194299e+05	-3.19233930e+04	2.76853372e+04	1.00000000e-09	2.76853372e+03	1.00000000e-10	2.67122896e+09	1.56367890e-12
3.76000000e+01	3.16129229e+01	-8.13459015e+05	-3.16612439e+04	2.87531485e+04	1.00000000e-09	2.87531485e+03	1.00000000e-10	2.77425708e+09	1.43758467e-12
3.77000000e+01	3.16969998e+01	-8.06732297e+05	-3.13994283e+04	1.00000000e-09	1.00000000e-09	1.00000000e-10	1.00000000e-10	0.00000000e+00	1.32165861e-12
3.78000000e+01	3.17810767e+01	-8.00009007e+05	-3.11377462e+04	1.00000000e-09	1.00000000e-09	1.00000000e-10	1.00000000e-10	0.00000000e+00	1.21508076e-12
3.79000000e+01	3.18651536e+01	-7.93285718e+05	-3.08760640e+04	3.55318646e+03	1.00000000e-09	3.55318646e+02	1.00000000e-10	3.42830376e+08	1.11709730e-12
3.80000000e+01	3.19492305e+01	-7.86562428e+05	-3.06143819e+04	3.68040359e+04	1.00000000e-09	3.68040359e+03	1.00000000e-10	3.55104963e+09	1.02701517e-12
3.81000000e+01	3.20333075e+01	-7.79845562e+05	-3.03529497e+04	1.02506723e+04	1.00000000e-09	1.02506723e+03	1.00000000e-10	9.89039524e+08	9.44197214e-13
3.82000000e+01	3.21173844e+01	-7.73137830e+05	-3.00918731e+04	1.00000000e-09	1.00000000e-09	1.00000000e-10	1.00000000e-10	0.00000000e+00	8.68057654e-13
3.83000000e+01	3.22014613e+01	-7.66430098e+05	-2.98307964e+04	1.00000000e-09	1.00000000e-09	1.00000000e-10	1.00000000e-10	0.00000000e+00	7.98057949e-13
3.84000000e+01	3.22855382e+01	-7.59722365e+05	-2.95697198e+04	2.44993616e+04	1.00000000e-09	2.44993616e+03	1.00000000e-10	2.36382904e+09	7.33702982e-13
3.85000000e+01	3.23696152e+01	-7.53015467e+05	-2.93086756e+04	3.23633885e+04	1.00000000e-09	3.23633885e+03	1.00000000e-10	3.12259229e+09	6.74537565e-13
3.86000000e+01	3.24536921e+01	-7.46319896e+05	-2.90480723e+04	1.00000000e-09	1.00000000e-09	1.00000000e-10	1.00000000e-10	0.00000000e+00	6.20143216e-13
3.87000000e+01	3.25377690e+01	-7.39626014e+05	-2.87875347e+04	1.00000000e-09	1.00000000e-09	1.00000000e-10	1.00000000e-10	0.00000000e+00	5.70135198e-13
3.88000000e+01	3.26218459e+01	-7.32932132e+05	-2.85269972e+04	1.00000000e-09	1.00000000e-09	1.00000000e-10	1.00000000e-10	0.00000000e+00	5.24159800e-13
3.89000000e+01	3.27059228e+01	-7.26238250e+05	-2.82664596e+04	3.66239186e+04	1.00000000e-09	3.66239186e+03	1.00000000e-10	3.53367095e+09	4.81891834e-13
3.90000000e+01	3.27899998e+01	-7.19553641e+05	-2.80062830e+04	1.53942844e+04	1.00000000e-09	1.53942844e+03	1.00000000e-10	1.48532264e+09	4.43032333e-13
3.91000000e+01	3.28740767e+01	-7.12877429e+05	-2.77464332e+04	1.00000000e-09	1.00000000e-09	1.00000000e-10	1.00000000e-10	0.00000000e+00	4.07306443e-13
3.92000000e+01	3.29581536e+01	-7.06201218e+05	-2.74865834e+04	1.00000000e-09	1.00000000e-09	1.00000000e-10	1.00000000e-10	0.00000000e+00	3.74461468e-13
3.93000000e+01	3.30422305e+01	-6.99525007e+05	-2.72267336e+04	2.05711361e+04	1.00000000e-09	2.05711361e+03	1.00000000e-10	1.98481290e+09	3.44265096e-13
3.94000000e+01	3.31263075e+01	-6.92852317e+05	-2.69670209e+04	3.51491844e+04	1.00000000e-09	3.51491844e+03	1.00000000e-10	3.39138073e+09	3.16503742e-13
3.95000000e+01	3.32103844e+01	-6.86192012e+05	-2.67077902e+04	1.00000000e-09	1.00000000e-09	1.00000000e-10	1.00000000e-10	0.00000000e+00	2.90981049e-13
3.96000000e+01	3.32944613e+01	-6.79531707e+05	-2.64485595e+04	1.00000000e-09	1.00000000e-09	1.00000000e-10	1.00000000e-10	0.00000000e+00	2.67516493e-13
3.97000000e+01	3.33785382e+01	-6.72871403e+05	-2.61893288e+04	1.00000000e-09	1.00000000e-09	1.00000000e-10	1.00000000e-10	0.00000000e+00	2.45944106e-13
3.98000000e+01	3.34626152e+01	-6.66211098e+05	-2.59300981e+04	3.53291119e+04	1.00000000e-09	3.53291119e+03	1.00000000e-10	3.40874109e+09	2.26111304e-13
3.99000000e+01	3.35466921e+01	-6.59562208e+05	-2.56713118e+04	2.02883251e+04	1.00000000e-09	2.02883251e+03	1.00000000e-10	1.95752579e+09	2.07877809e-13
4.00000000e+01	3.36307690e+01	-6.52918795e+05	-2.54127385e+04	1.00000000e-09	1.00000000e-09	1.00000000e-10	1.00000000e-10	0.00000000e+00	1.91114654e-13
4.01000000e+01	3.37148459e+01	-6.46275382e+05	-2.51541653e+04	1.00000000e-09	1.00000000e-09	1.00000000e-10	1.00000000e-10	0.00000000e+00	1.75703270e-13
4.02000000e+01	3.37989228e+01	-6.39631969e+05	-2.48955921e+04	1.57492025e+04	1.00000000e-09	1.57492025e+03	1.00000000e-10	1.51956703e+09	1.61534652e-13
4.03000000e+01	3.38829998e+01	-6.32995097e+05	-2.46372735e+04	3.68669423e+04	1.00000000e-09	3.68669423e+03	1.00000000e-10	3.55711917e+09	1.48508584e-13
4.04000000e+01	3.39670767e+01	-6.26367771e+05	-2.43793263e+04	1.00000000e-09	1.00000000e-09	1.00000000e-10	1.00000000e-10	0.00000000e+00	1.36532931e-13
4.05000000e+01	3.40511536e+01	-6.19740445e+05	-2.41213792e+04	1.00000000e-09	1.00000000e-09	1.00000000e-10	1.00000000e-10	0.00000000e+00	1.25522989e-13
4.06000000e+01	3.41352305e+01	-6.13113118e+05	-2.38634321e+04	1.00000000e-09	1.00000000e-09	1.00000000e-10	1.00000000e-10	0.00000000e+00	1.15400882e-13
4.07000000e+01	3.42193075e+01	-6.06486147e+05	-2.36054988e+04	3.26657748e+04	1.00000000e-09	3.26657748e+03	1.00000000e-10	3.15176813e+09	1.06095016e-13
4.08000000e+01	3.43033844e+01	-5.99869075e+05	-2.33479509e+04	2.49681853e+04	1.00000000e-09	2.49681853e+03	1.00000000e-10	2.40906365e+09	9.75395708e-14
4.09000000e+01	3.43874613e+01	-5.93252842e+05	-2.30904355e+04	1.00000000e-09	1.00000000e-09	1.00000000e-10	1.00000000e-10	0.00000000e+00	8.96740319e-14
4.10000000e+01	3.44715382e+01	-5.86636609e+05	-2.28329202e+04	1.00000000e-09	1.00000000e-09	1.00000000e-10	1.00000000e-10	0.00000000e+00	8.24427658e-14
4.11000000e+01	3.45556151e+01	-5.80020376e+05	-2.25754049e+04	9.84431274e+03	1.00000000e-09	9.84431274e+02	1.00000000e-10	9.49831784e+08	7.57946252e-14
4.12000000e+01	3.46396921e+01	-5.73411416e+05	-2.23181726e+04	3.74565021e+04	1.00000000e-09	3.74565021e+03	1.00000000e-10	3.61400305e+09	6.96825871e-14
4.13000000e+01	3.47237690e+01	-5.66806580e+05	-2.20611009e+04	4.54335617e+03	1.00000000e-09	4.54335617e+02	1.00000000e-10	4.38367229e+08	6.40634205e-14
4.14000000e+01	3.48078459e+01	-5.60201744e+05	-2.18040292e+04	1.00000000e-09	1.00000000e-09	1.00000000e-10	1.00000000e-10	0.00000000e+00	5.88973804e-14
4.15000000e+01	3.48919228e+01	-5.53596908e+05	-2.15469574e+04	1.00000000e-09	1.00000000e-09	1.00000000e-10	1.00000000e-10	0.00000000e+00	5.41479271e-14
4.16000000e+01	3.49759998e+01	-5.46995382e+05	-2.12900145e+04	2.83938146e+04	1.00000000e-09	2.83938146e+03	1.00000000e-10	2.73958663e+09	4.97814672e-14
4.17000000e+01	3.50600767e+01	-5.40398141e+05	-2.10332384e+04	2.93123404e+04	1.00000000e-09	2.93123404e+03	1.00000000e-10	2.82821090e+09	4.57671163e-14
4.18000000e+01	3.51441536e+01	-5.33800900e+05	-2.07764622e+04	1.00000000e-09	1.00000000e-09	1.00000000e-10	1.00000000e-10	0.00000000e+00	4.20764804e-14
4.19000000e+01	3.52282305e+01	-5.27203658e+05	-2.05196861e+04	1.00000000e-09	1.00000000e-09	1.00000000e-10	1.00000000e-10	0.00000000e+00	3.86834555e-14
4.20000000e+01	3.53123074e+01	-5.20606611e+05	-2.02629175e+04	2.97949857e+03	1.00000000e-09	2.97949857e+02	1.00000000e-10	2.87477909e+08	3.55640423e-14
4.21000000e+01	3.53963844e+01	-5.14011895e+05	-2.00062396e+04	3.69979016e+04	1.00000000e-09	3.69979016e+03	1.00000000e-10	3.56975482e+09	3.26961769e-14
4.22000000e+01	3.54804613e+01	-5.07417179e+05	-1.97495618e+04	1.14346405e+04	1.00000000e-09	1.14346405e+03	1.00000000e-10	1.10327508e+09	3.00595747e-14
4.23000000e+01	3.55645382e+01	-5.00822463e+05	-1.94928839e+04	1.00000000e-09	1.00000000e-09	1.00000000e-10	1.00000000e-10	0.00000000e+00	2.76355866e-14
4.24000000e+01	3.56486151e+01	-4.94227747e+05	-1.92362061e+04	1.00000000e-09	1.00000000e-09	1.00000000e-10	1.00000000e-10	0.00000000e+00	2.54070677e-14
4.25000000e+01	3.57326921e+01	-4.87633506e+05	-1.89795467e+04	2.31300145e+04	1.00000000e-09	2.31300145e+03	1.00000000e-10	2.23170713e+09	2.33582553e-14
4.26000000e+01	3.58167690e+01	-4.81039264e+05	-1.87228873e+04	3.31251447e+04	1.00000000e-09	3.31251447e+03	1.00000000e-10	3.19609059e+09	2.14746581e-14
4.27000000e+01	3.59008459e+01	-4.74445023e+05	-1.84662279e+04	1.00000000e-09	1.00000000e-09	1.00000000e-10	1.00000000e-10	0.00000000e+00	1.97429531e-14
4.28000000e+01	3.59849228e+01	-4.67852189e+05	-1.82096234e+04	1.00000000e-09	1.00000000e-09	1.00000000e-10	1.00000000e-10	0.00000000e+00	1.81508919e-14
4.29000000e+01	3.60689997e+01	-4.61260021e+05	-1.79530447e+04	1.00000000e-09	1.00000000e-09	1.00000000e-10	1.00000000e-10	0.00000000e+00	1.66872137e-14
4.30000000e+01	3.61530767e+01	-4.54667853e+05	-1.76964660e+04	3.55036383e+04	1.00000000e-09	3.55036383e+03	1.00000000e-10	3.42558034e+09	1.53415657e-14
4.31000000e+01	3.62371536e+01	-4.48075685e+05	-1.74398873e+04	1.81305724e+04	1.00000000e-09	1.81305724e+03	1.00000000e-10	1.74933430e+09	1.41044300e-14
4.32000000e+01	3.63212305e+01	-4.41486583e+05	-1.71834280e+04	1.00000000e-09	1.00000000e-09	1.00000000e-10	1.00000000e-10	0.00000000e+00	1.29670563e-14
4.33000000e+01	3.64053074e+01	-4.34900810e+05	-1.69270982e+04	1.00000000e-09	1.00000000e-09	1.00000000e-10	1.00000000e-10	0.00000000e+00	1.19213998e-14
4.34000000e+01	3.64893844e+01	-4.28315037e+05	-1.66707684e+04	1.70996431e+04	1.00000000e-09	1.70996431e+03	1.00000000e-10	1.64986474e+09	1.09600645e-14
4.35000000e+01	3.65734613e+01	-4.21729264e+05	-1.64144386e+04	3.61042725e+04	1.00000000e-09	3.61042725e+03	1.00000000e-10	3.48353272e+09	1.00762507e-14
4.36000000e+01	3.66575382e+01	-4.15145960e+05	-1.61582050e+04	1.00000000e-09	1.00000000e-09	1.00000000e-10	1.00000000e-10	0.00000000e+00	9.26370726e-15
4.37000000e+01	3.67416151e+01	-4.08568635e+05	-1.59022040e+04	1.00000000e-09	1.00000000e-09	1.00000000e-10	1.00000000e-10	0.00000000e+00	8.51668685e-15
4.38000000e+01	3.68256921e+01	-4.01991310e+05	-1.56462031e+04	1.00000000e-09	1.00000000e-09	1.00000000e-10	1.00000000e-10	0.00000000e+00	7.82990577e-15
4.39000000e+01	3.69097690e+01	-3.95413985e+05	-1.53902021e+04	3.30938256e+04	1.00000000e-09	3.30938256e+03	1.00000000e-10	3.19306875e+09	7.19850635e-15
4.40000000e+01	3.69938459e+01	-3.88836660e+05	-1.51342011e+04	2.44982129e+04	1.00000000e-09	2.44982129e+03	1.00000000e-10	2.36371820e+09	6.61802264e-15
4.41000000e+01	3.70779228e+01	-3.82266835e+05	-1.48784921e+04	1.00000000e-09	1.00000000e-09	1.00000000e-10	1.00000000e-10	0.00000000e+00	6.08434883e-15
4.42000000e+01	3.71619997e+01	-3.75699535e+05	-1.46228813e+04	1.00000000e-09	1.00000000e-09	1.00000000e-10	1.00000000e-10	0.00000000e+00	5.59371018e-15
4.43000000e+01	3.72460767e+01	-3.69132235e+05	-1.43672705e+04	1.05896671e+04	1.00000000e-09	1.05896671e+03	1.00000000e-10	1.02174754e+09	5.14263638e-15
4.44000000e+01	3.73301536e+01	-3.62564935e+05	-1.41116598e+04	3.80993088e+04	1.00000000e-09	3.80993088e+03	1.00000000e-10	3.67602446e+09	4.72793693e-15
4.45000000e+01	3.74142305e+01	-3.56003643e+05	-1.38562828e+04	4.06040835e+03	1.00000000e-09	4.06040835e+02	1.00000000e-10	3.91769848e+08	4.34667862e-15
4.46000000e+01	3.74983074e+01	-3.49450237e+05	-1.36012128e+04	1.00000000e-09	1.00000000e-09	1.00000000e-10	1.00000000e-10	0.00000000e+00	3.99616478e-15
4.47000000e+01	3.75823844e+01	-3.42896831e+05	-1.33461428e+04	1.00000000e-09	1.00000000e-09	1.00000000e-10	1.00000000e-10	0.00000000e+00	3.67391618e-15
4.48000000e+01	3.76664613e+01	-3.36343425e+05	-1.30910728e+04	2.96311741e+04	1.00000000e-09	2.96311741e+03	1.00000000e-10	2.85897367e+09	3.37765354e-15
4.49000000e+01	3.77505382e+01	-3.29791174e+05	-1.28360478e+04	3.00968479e+04	1.00000000e-09	3.00968479e+03	1.00000000e-10	2.90390436e+09	3.10528136e-15
4.50000000e+01	3.78346151e+01	-3.23249142e+05	-1.25814205e+04	1.00000000e-09	1.00000000e-09	1.00000000e-10	1.00000000e-10	0.00000000e+00	2.85487313e-15
4.51000000e+01	3.79186920e+01	-3.16708326e+05	-1.23268405e+04	1.00000000e-09	1.00000000e-09	1.00000000e-10	1.00000000e-10	0.00000000e+00	2.62465769e-15
4.52000000e+01	3.80027690e+01	-3.10167510e+05	-1.20722606e+04	3.63092469e+03	1.00000000e-09	3.63092469e+02	1.00000000e-10	3.50330974e+08	2.41300669e-15
4.53000000e+01	3.80868459e+01	-3.03626693e+05	-1.18176806e+04	3.87693330e+04	1.00000000e-09	3.87693330e+03	1.00000000e-10	3.74067197e+09	2.21842312e-15
4.54000000e+01	3.81709228e+01	-2.97094520e+05	-1.15634370e+04	1.12387941e+04	1.00000000e-09	1.12387941e+03	1.00000000e-10	1.08437878e+09	2.03953067e-15
4.55000000e+01	3.82549997e+01	-2.90570194e+05	-1.13094988e+04	1.00000000e-09	1.00000000e-09	1.00000000e-10	1.00000000e-10	0.00000000e+00	1.87506400e-15
4.56000000e+01	3.83390767e+01	-2.84045868e+05	-1.10555607e+04	1.00000000e-09	1.00000000e-09	1.00000000e-10	1.00000000e-10	0.00000000e+00	1.72385984e-15
4.57000000e+01	3.84231536e+01	-2.77521542e+05	-1.08016225e+04	2.49187977e+04	1.00000000e-09	2.49187977e+03	1.00000000e-10	2.40429847e+09	1.58484870e-15
4.58000000e+01	3.85072305e+01	-2.71000483e+05	-1.05478116e+04	3.46041032e+04	1.00000000e-09	3.46041032e+03	1.00000000e-10	3.33878839e+09	1.45704735e-15
4.59000000e+01	3.85913074e+01	-2.64491375e+05	-1.02944657e+04	1.00000000e-09	1.00000000e-09	1.00000000e-10	1.00000000e-10	0.00000000e+00	1.33955183e-15
4.60000000e+01	3.86753843e+01	-2.57982268e+05	-1.00411199e+04	1.00000000e-09	1.00000000e-09	1.00000000e-10	1.00000000e-10	0.00000000e+00	1.23153109e-15
4.61000000e+01	3.87594613e+01	-2.51473160e+05	-9.78777407e+03	1.00000000e-09	1.00000000e-09	1.00000000e-10	1.00000000e-10	0.00000000e+00	1.13222108e-15
4.62000000e+01	3.88435382e+01	-2.44964052e+05	-9.53442823e+03	3.78206949e+04	1.00000000e-09	3.78206949e+03	1.00000000e-10	3.64914231e+09	1.04091937e-15
4.63000000e+01	3.89276151e+01	-2.38465903e+05	-9.28150894e+03	1.81587693e+04	1.00000000e-09	1.81587693e+03	1.00000000e-10	1.75205488e+09	9.56980191e-16
4.64000000e+01	3.90116920e+01	-2.31973869e+05	-9.02882766e+03	1.00000000e-09	1.00000000e-09	1.00000000e-10	1.00000000e-10	0.00000000e+00	8.79809819e-16
4.65000000e+01	3.90957690e+01	-2.25481835e+05	-8.77614637e+03	1.00000000e-09	1.00000000e-09	1.00000000e-10	1.00000000e-10	0.00000000e+00	8.08862425e-16
4.66000000e+01	3.91798459e+01	-2.18989801e+05	-8.52346508e+03	1.89046185e+04	1.00000000e-09	1.89046185e+03	1.00000000e-10	1.82401840e+09	7.43636191e-16
4.67000000e+01	3.92639228e+01	-2.12503766e+05	-8.27101730e+03	3.76569637e+04	1.00000000e-09	3.76569637e+03	1.00000000e-10	3.63334465e+09	6.83669765e-16
4.68000000e+01	3.93479997e+01	-2.06028536e+05	-8.01899003e+03	1.00000000e-09	1.00000000e-09	1.00000000e-10	1.00000000e-10	0.00000000e+00	6.28539001e-16
4.69000000e+01	3.94320766e+01	-1.99553305e+05	-7.76696276e+03	1.00000000e-09	1.00000000e-09	1.00000000e-10	1.00000000e-10	0.00000000e+00	5.77853951e-16
4.70000000e+01	3.95161536e+01	-1.93078075e+05	-7.51493549e+03	1.00000000e-09	1.00000000e-09	1.00000000e-10	1.00000000e-10	0.00000000e+00	5.31256117e-16
4.71000000e+01	3.96002305e+01	-1.86602844e+05	-7.26290821e+03	3.49939169e+04	1.00000000e-09	3.49939169e+03	1.00000000e-10	3.37639969e+09	4.88415907e-16
4.72000000e+01	3.96843074e+01	-1.80139112e+05	-7.01132847e+03	2.46044805e+04	1.00000000e-09	2.46044805e+03	1.00000000e-10	2.37397147e+09	4.49030309e-16
4.73000000e+01	3.97683843e+01	-1.73677946e+05	-6.75984863e+03	1.00000000e-09	1.00000000e-09	1.00000000e-10	1.00000000e-10	0.00000000e+00	4.12820745e-16
4.74000000e+01	3.98524613e+01	-1.67216780e+05	-6.50836878e+03	1.00000000e-09	1.00000000e-09	1.00000000e-10	1.00000000e-10	0.00000000e+00	3.79531100e-16
4.75000000e+01	3.99365382e+01	-1.60755614e+05	-6.25688893e+03	1.15462090e+04	1.00000000e-09	1.15462090e+03	1.00000000e-10	1.11403981e+09	3.48925915e-16
4.76000000e+01	4.00206151e+01	-1.54302386e+05	-6.00571803e+03	3.89709791e+04	1.00000000e-09	3.89709791e+03	1.00000000e-10	3.76012786e+09	3.20788716e-16
4.77000000e+01	4.01046920e+01	-1.47856095e+05	-5.75481714e+03	3.66931111e+03	1.00000000e-09	3.66931111e+02	1.00000000e-10	3.54034701e+08	2.94920485e-16
4.78000000e+01	4.01887690e+01	-1.41409804e+05	-5.50391624e+03	1.00000000e-09	1.00000000e-09	1.00000000e-10	1.00000000e-10	0.00000000e+00	2.71138254e-16
4.79000000e+01	4.02728459e+01	-1.34963512e+05	-5.25301535e+03	1.00000000e-09	1.00000000e-09	1.00000000e-10	1.00000000e-10	0.00000000e+00	2.49273810e-16
4.80000000e+01	4.03569228e+01	-1.28519431e+05	-5.00220045e+03	3.00010378e+04	1.00000000e-09	3.00010378e+03	1.00000000e-10	2.89466010e+09	2.29172503e-16
4.81000000e+01	4.04409997e+01	-1.22083121e+05	-4.75168804e+03	3.02755632e+04	1.00000000e-09	3.02755632e+03	1.00000000e-10	2.92114777e+09	2.10692155e-16
4.82000000e+01	4.05250766e+01	-1.15646811e+05	-4.50117564e+03	1.00000000e-09	1.00000000e-09	1.00000000e-10	1.00000000e-10	0.00000000e+00	1.93702052e-16
4.83000000e+01	4.06091536e+01	-1.09210501e+05	-4.25066323e+03	1.00000000e-09	1.00000000e-09	1.00000000e-10	1.00000000e-10	0.00000000e+00	1.78082022e-16
4.84000000e+01	4.06932305e+01	-1.02774192e+05	-4.00015083e+03	2.97534959e+03	1.00000000e-09	2.97534959e+02	1.00000000e-10	2.87077594e+08	1.63721583e-16
4.85000000e+01	4.07773074e+01	-9.63435254e+04	-3.74985808e+03	3.84004367e+04	1.00000000e-09	3.84004367e+03	1.00000000e-10	3.70507888e+09	1.50519162e-16
4.86000000e+01	4.08613843e+01	-8.99154360e+04	-3.49966563e+03	1.22583943e+04	1.00000000e-09	1.22583943e+03	1.00000000e-10	1.18275525e+09	1.38381377e-16
4.87000000e+01	4.09454613e+01	-8.34873467e+04	-3.24947318e+03	1.00000000e-09	1.00000000e-09	1.00000000e-10	1.00000000e-10	0.00000000e+00	1.27222377e-16
4.88000000e+01	4.10295382e+01	-7.70592573e+04	-2.99928072e+03	1.00000000e-09	1.00000000e-09	1.00000000e-10	1.00000000e-10	0.00000000e+00	1.16963232e-16
4.89000000e+01	4.11136151e+01	-7.06336836e+04	-2.74918619e+03	2.31477058e+04	1.00000000e-09	2.31477058e+03	1.00000000e-10	2.23341408e+09	1.07531379e-16
4.90000000e+01	4.11976920e+01	-6.42111667e+04	-2.49921062e+03	3.47859621e+04	1.00000000e-09	3.47859621e+03	1.00000000e-10	3.35633511e+09	9.88601065e-17
4.91000000e+01	4.12817689e+01	-5.77886498e+04	-2.24923506e+03	1.00000000e-09	1.00000000e-09	1.00000000e-10	1.00000000e-10	0.00000000e+00	9.08880802e-17
4.92000000e+01	4.13658459e+01	-5.13661329e+04	-1.99925950e+03	1.00000000e-09	1.00000000e-09	1.00000000e-10	1.00000000e-10	0.00000000e+00	8.35589140e-17
4.93000000e+01	4.14499228e+01	-4.49436160e+04	-1.74928394e+03	1.00000000e-09	1.00000000e-09	1.00000000e-10	1.00000000e-10	0.00000000e+00	7.68207678e-17
4.94000000e+01	4.15339997e+01	-3.85228035e+04	-1.49937471e+03	3.59488475e+04	1.00000000e-09	3.59488475e+03	1.00000000e-10	3.46853649e+09	7.06259821e-17
4.95000000e+01	4.16180766e+01	-3.21022032e+04	-1.24947375e+03	2.05372782e+04	1.00000000e-09	2.05372782e+03	1.00000000e-10	1.98154611e+09	6.49307406e-17
4.96000000e+01	4.17021536e+01	-2.56816029e+04	-9.99572786e+02	1.00000000e-09	1.00000000e-09	1.00000000e-10	1.00000000e-10	0.00000000e+00	5.96947603e-17
4.97000000e+01	4.17862305e+01	-1.92610026e+04	-7.49671821e+02	1.00000000e-09	1.00000000e-09	1.00000000e-10	1.00000000e-10	0.00000000e+00	5.48810067e-17
4.98000000e+01	4.18703074e+01	-1.28406684e+04	-4.99781214e+02	1.50609858e+04	1.00000000e-09	1.50609858e+03	1.00000000e-10	1.45316422e+09	5.04554316e-17
4.99000000e+01	4.19543843e+01	-6.42033420e+03	-2.49890607e+02	3.76609779e+04	1.00000000e-09	3.76609779e+03	1.00000000e-10	3.63373196e+09	4.63867326e-17
5.00000000e+01	4.20384612e+01	0.00000000e+00	0.00000000e+00	1.00000000e+01	1.00000000e+01	1.00000000e+00	1.00000000e+00	0.00000000e+00	4.26461312e-17
