# 1D PNP Solver Results
# Debye length: 1.18939 nm
# Surface potential: 100 mV
# Bulk concentration: 10 mol/m^3
# Thermal voltage: 25.6926 mV
# Grid: non-uniform with stretching factor 1
#
# Columns:
# 1: x [nm]
# 2: x/lambda_D [-]
# 3: phi [mV]
# 4: phi_normalized = e*phi/(kB*T) [-]
# 5: c+ [mol/m^3]
# 6: c- [mol/m^3]
# 7: c+/c0 [-]
# 8: c-/c0 [-]
# 9: rho [C/m^3]
# 10: phi_GC [mV] (Gouy-Chapman analytical)
0.00000000e+00	0.00000000e+00	1.00000000e+02	3.89217445e+00	1.00000000e-09	1.28546162e+05	1.00000000e-10	1.28546162e+04	-1.24028191e+10	1.00000000e+02
1.00000000e-01	8.40769225e-02	-3.10291192e+04	-1.20770745e+03	1.00000000e-09	5.95632866e+02	1.00000000e-10	5.95632866e+01	-5.74698349e+07	8.70576373e+01
2.00000000e-01	1.68153845e-01	-6.21582383e+04	-2.41930707e+03	1.00000000e-09	1.00000000e-09	1.00000000e-10	1.00000000e-10	0.00000000e+00	7.68715638e+01
3.00000000e-01	2.52230767e-01	-9.32873575e+04	-3.63090669e+03	1.00000000e-09	1.00000000e-09	1.00000000e-10	1.00000000e-10	0.00000000e+00	6.85207345e+01
4.00000000e-01	3.36307690e-01	-1.24416477e+05	-4.84250632e+03	1.00000000e-09	1.27572504e+05	1.00000000e-10	1.27572504e+04	-1.23088755e+10	6.14862309e+01
5.00000000e-01	4.20384612e-01	-1.54443705e+05	-6.01121844e+03	1.00000000e-09	1.21454477e+04	1.00000000e-10	1.21454477e+03	-1.17185756e+09	5.54461690e+01
6.00000000e-01	5.04461535e-01	-1.84470934e+05	-7.17993056e+03	1.00000000e-09	1.00000000e-09	1.00000000e-10	1.00000000e-10	0.00000000e+00	5.01866549e+01
7.00000000e-01	5.88538457e-01	-2.14498163e+05	-8.34864269e+03	1.00000000e-09	1.00000000e-09	1.00000000e-10	1.00000000e-10	0.00000000e+00	4.55579535e+01
8.00000000e-01	6.72615380e-01	-2.44525391e+05	-9.51735481e+03	1.00000000e-09	1.24567691e+05	1.00000000e-10	1.24567691e+04	-1.20189550e+10	4.14508515e+01
9.00000000e-01	7.56692302e-01	-2.73451829e+05	-1.06432222e+04	1.00000000e-09	2.41437350e+04	1.00000000e-10	2.41437350e+03	-2.32951629e+09	3.77829914e+01
1.00000000e+00	8.40769225e-01	-3.02353683e+05	-1.17681328e+04	1.00000000e-09	1.00000000e-09	1.00000000e-10	1.00000000e-10	0.00000000e+00	3.44905241e+01
1.10000000e+00	9.24846147e-01	-3.31255537e+05	-1.28930434e+04	1.00000000e-09	1.00000000e-09	1.00000000e-10	1.00000000e-10	0.00000000e+00	3.15227780e+01
1.20000000e+00	1.00892307e+00	-3.60157392e+05	-1.40179540e+04	1.00000000e-09	1.19651557e+05	1.00000000e-10	1.19651557e+04	-1.15446202e+10	2.88387272e+01
1.30000000e+00	1.09299999e+00	-3.87959848e+05	-1.51000741e+04	1.00000000e-09	3.63128412e+04	1.00000000e-10	3.63128412e+03	-3.50365654e+09	2.64045776e+01
1.40000000e+00	1.17707691e+00	-4.15708976e+05	-1.61801186e+04	1.00000000e-09	1.00000000e-09	1.00000000e-10	1.00000000e-10	0.00000000e+00	2.41920729e+01
1.50000000e+00	1.26115384e+00	-4.43458105e+05	-1.72601630e+04	1.00000000e-09	1.00000000e-09	1.00000000e-10	1.00000000e-10	0.00000000e+00	2.21772778e+01
1.60000000e+00	1.34523076e+00	-4.71207233e+05	-1.83402075e+04	1.00000000e-09	1.12697354e+05	1.00000000e-10	1.12697354e+04	-1.08736416e+10	2.03396868e+01
1.70000000e+00	1.42930768e+00	-4.97858757e+05	-1.93775313e+04	1.00000000e-09	4.83056830e+04	1.00000000e-10	4.83056830e+03	-4.66078987e+09	1.86615585e+01
1.80000000e+00	1.51338460e+00	-5.24425999e+05	-2.04115748e+04	1.00000000e-09	1.00000000e-09	1.00000000e-10	1.00000000e-10	0.00000000e+00	1.71274116e+01
1.90000000e+00	1.59746153e+00	-5.50993242e+05	-2.14456182e+04	1.00000000e-09	1.00000000e-09	1.00000000e-10	1.00000000e-10	0.00000000e+00	1.57236358e+01
2.00000000e+00	1.68153845e+00	-5.77560484e+05	-2.24796616e+04	1.00000000e-09	1.03587327e+05	1.00000000e-10	1.03587327e+04	-9.99465767e+09	1.44381886e+01
2.10000000e+00	1.76561537e+00	-6.03032461e+05	-2.34710754e+04	1.00000000e-09	5.96883588e+04	1.00000000e-10	5.96883588e+03	-5.75905112e+09	1.32603556e+01
2.20000000e+00	1.84969229e+00	-6.28386691e+05	-2.44579062e+04	1.00000000e-09	1.00000000e-09	1.00000000e-10	1.00000000e-10	0.00000000e+00	1.21805577e+01
2.30000000e+00	1.93376922e+00	-6.53740921e+05	-2.54447371e+04	1.00000000e-09	1.00000000e-09	1.00000000e-10	1.00000000e-10	0.00000000e+00	1.11901960e+01
2.40000000e+00	2.01784614e+00	-6.79095151e+05	-2.64315680e+04	1.00000000e-09	9.22653222e+04	1.00000000e-10	9.22653222e+03	-8.90225026e+09	1.02815237e+01
2.50000000e+00	2.10192306e+00	-7.03357192e+05	-2.73758889e+04	1.00000000e-09	6.99285294e+04	1.00000000e-10	6.99285294e+03	-6.74707738e+09	9.44754093e+00
2.60000000e+00	2.18599998e+00	-7.27465168e+05	-2.83142134e+04	1.00000000e-09	1.00000000e-09	1.00000000e-10	1.00000000e-10	0.00000000e+00	8.68190590e+00
2.70000000e+00	2.27007691e+00	-7.51573144e+05	-2.92525379e+04	1.00000000e-09	1.00000000e-09	1.00000000e-10	1.00000000e-10	0.00000000e+00	7.97886054e+00
2.80000000e+00	2.35415383e+00	-7.75681120e+05	-3.01908624e+04	1.00000000e-09	7.87675462e+04	1.00000000e-10	7.87675462e+03	-7.59991286e+09	7.33316685e+00
2.90000000e+00	2.43823075e+00	-7.98700979e+05	-3.10868354e+04	1.00000000e-09	7.83852193e+04	1.00000000e-10	7.83852193e+03	-7.56302392e+09	6.74005227e+00
3.00000000e+00	2.52230767e+00	-8.21527213e+05	-3.19752723e+04	1.00000000e-09	1.00000000e-09	1.00000000e-10	1.00000000e-10	0.00000000e+00	6.19516235e+00
3.10000000e+00	2.60638460e+00	-8.44353446e+05	-3.28637091e+04	1.00000000e-09	1.00000000e-09	1.00000000e-10	1.00000000e-10	0.00000000e+00	5.69451955e+00
3.20000000e+00	2.69046152e+00	-8.67179680e+05	-3.37521459e+04	1.00000000e-09	6.32649975e+04	1.00000000e-10	6.32649975e+03	-6.10414429e+09	5.23448697e+00
3.30000000e+00	2.77453844e+00	-8.88923204e+05	-3.45984418e+04	1.00000000e-09	8.43029441e+04	1.00000000e-10	8.43029441e+03	-8.13399756e+09	4.81173646e+00
3.40000000e+00	2.85861536e+00	-9.10429867e+05	-3.54355187e+04	1.00000000e-09	1.00000000e-09	1.00000000e-10	1.00000000e-10	0.00000000e+00	4.42322017e+00
3.50000000e+00	2.94269229e+00	-9.31936529e+05	-3.62725955e+04	1.00000000e-09	1.00000000e-09	1.00000000e-10	1.00000000e-10	0.00000000e+00	4.06614534e+00
3.60000000e+00	3.02676921e+00	-9.53443192e+05	-3.71096723e+04	1.00000000e-09	4.61219750e+04	1.00000000e-10	4.61219750e+03	-4.45009407e+09	3.73795159e+00
3.70000000e+00	3.11084613e+00	-9.73874341e+05	-3.79048883e+04	1.00000000e-09	8.68157702e+04	1.00000000e-10	8.68157702e+03	-8.37644842e+09	3.43629058e+00
3.80000000e+00	3.19492305e+00	-9.94021233e+05	-3.86890404e+04	1.00000000e-09	1.00000000e-09	1.00000000e-10	1.00000000e-10	0.00000000e+00	3.15900770e+00
3.90000000e+00	3.27899998e+00	-1.01416812e+06	-3.94731926e+04	1.00000000e-09	1.00000000e-09	1.00000000e-10	1.00000000e-10	0.00000000e+00	2.90412542e+00
4.00000000e+00	3.36307690e+00	-1.03431502e+06	-4.02573448e+04	1.00000000e-09	2.79765207e+04	1.00000000e-10	2.79765207e+03	-2.69932389e+09	2.66982829e+00
4.10000000e+00	3.44715382e+00	-1.05339598e+06	-4.10000091e+04	1.00000000e-09	8.49720046e+04	1.00000000e-10	8.49720046e+03	-8.19855209e+09	2.45444929e+00
4.20000000e+00	3.53123074e+00	-1.07214060e+06	-4.17295826e+04	1.00000000e-09	1.00000000e-09	1.00000000e-10	1.00000000e-10	0.00000000e+00	2.25645740e+00
4.30000000e+00	3.61530767e+00	-1.09088523e+06	-4.24591561e+04	1.00000000e-09	1.00000000e-09	1.00000000e-10	1.00000000e-10	0.00000000e+00	2.07444628e+00
4.40000000e+00	3.69938459e+00	-1.10962985e+06	-4.31887296e+04	1.00000000e-09	9.84992145e+03	1.00000000e-10	9.84992145e+02	-9.50372943e+08	1.90712395e+00
4.50000000e+00	3.78346151e+00	-1.12732131e+06	-4.38773120e+04	1.00000000e-09	7.77998440e+04	1.00000000e-10	7.77998440e+03	-7.50654379e+09	1.75330334e+00
4.60000000e+00	3.86753843e+00	-1.14461911e+06	-4.45505727e+04	1.00000000e-09	1.00000000e-09	1.00000000e-10	1.00000000e-10	0.00000000e+00	1.61189369e+00
4.70000000e+00	3.95161536e+00	-1.16191692e+06	-4.52238335e+04	1.00000000e-09	1.00000000e-09	1.00000000e-10	1.00000000e-10	0.00000000e+00	1.48189263e+00
4.80000000e+00	4.03569228e+00	-1.17921473e+06	-4.58970942e+04	1.00000000e-09	1.00000000e-09	1.00000000e-10	1.00000000e-10	0.00000000e+00	1.36237899e+00
4.90000000e+00	4.11976920e+00	-1.19547635e+06	-4.65300252e+04	1.00000000e-09	6.44526167e+04	1.00000000e-10	6.44526167e+03	-6.21873213e+09	1.25250612e+00
5.00000000e+00	4.20384612e+00	-1.21128123e+06	-4.71451786e+04	1.00000000e-09	9.20283736e+03	1.00000000e-10	9.20283736e+02	-8.87938819e+08	1.15149587e+00
5.10000000e+00	4.28792305e+00	-1.22708611e+06	-4.77603321e+04	1.00000000e-09	1.00000000e-09	1.00000000e-10	1.00000000e-10	0.00000000e+00	1.05863300e+00
5.20000000e+00	4.37199997e+00	-1.24289099e+06	-4.83754855e+04	1.00000000e-09	1.00000000e-09	1.00000000e-10	1.00000000e-10	0.00000000e+00	9.73260072e-01
5.30000000e+00	4.45607689e+00	-1.25768230e+06	-4.89511892e+04	1.00000000e-09	4.45069243e+04	1.00000000e-10	4.45069243e+03	-4.29426537e+09	8.94772759e-01
5.40000000e+00	4.54015381e+00	-1.27194749e+06	-4.95064151e+04	1.00000000e-09	1.77351031e+04	1.00000000e-10	1.77351031e+03	-1.71117731e+09	8.22615544e-01
5.50000000e+00	4.62423074e+00	-1.28621267e+06	-5.00616410e+04	1.00000000e-09	1.00000000e-09	1.00000000e-10	1.00000000e-10	0.00000000e+00	7.56277766e-01
5.60000000e+00	4.70830766e+00	-1.30047786e+06	-5.06168670e+04	1.00000000e-09	1.00000000e-09	1.00000000e-10	1.00000000e-10	0.00000000e+00	6.95289988e-01
5.70000000e+00	4.79238458e+00	-1.31375956e+06	-5.11338137e+04	1.00000000e-09	1.85513171e+04	1.00000000e-10	1.85513171e+03	-1.78992999e+09	6.39220665e-01
5.80000000e+00	4.87646150e+00	-1.32643914e+06	-5.16273255e+04	1.00000000e-09	1.66951538e+04	1.00000000e-10	1.66951538e+03	-1.61083746e+09	5.87673079e-01
5.90000000e+00	4.96053843e+00	-1.33911873e+06	-5.21208372e+04	1.00000000e-09	1.00000000e-09	1.00000000e-10	1.00000000e-10	0.00000000e+00	5.40282524e-01
6.00000000e+00	5.04461535e+00	-1.35179832e+06	-5.26143490e+04	1.00000000e-09	1.00000000e-09	1.00000000e-10	1.00000000e-10	0.00000000e+00	4.96713722e-01
6.10000000e+00	5.12869227e+00	-1.36353440e+06	-5.30711377e+04	1.00000000e-09	1.00000000e-09	1.00000000e-10	1.00000000e-10	0.00000000e+00	4.56658442e-01
6.20000000e+00	5.21276919e+00	-1.37458581e+06	-5.35012775e+04	1.00000000e-09	9.80695921e+02	1.00000000e-10	9.80695921e+01	-9.46227716e+07	4.19833321e-01
6.30000000e+00	5.29684612e+00	-1.38563721e+06	-5.39314174e+04	1.00000000e-09	1.09136105e+04	1.00000000e-10	1.09136105e+03	-1.05300333e+09	3.85977854e-01
6.40000000e+00	5.38092304e+00	-1.39668861e+06	-5.43615572e+04	1.00000000e-09	1.55652790e+03	1.00000000e-10	1.55652790e+02	-1.50182111e+08	3.54852548e-01
6.50000000e+00	5.46499996e+00	-1.40684962e+06	-5.47570413e+04	1.00000000e-09	1.00000000e-09	1.00000000e-10	1.00000000e-10	0.00000000e+00	3.26237227e-01
6.60000000e+00	5.54907688e+00	-1.41623745e+06	-5.51224322e+04	1.00000000e-09	1.00000000e-09	1.00000000e-10	1.00000000e-10	0.00000000e+00	2.99929475e-01
6.70000000e+00	5.63315381e+00	-1.42562528e+06	-5.54878230e+04	1.00000000e-09	2.67141598e+04	1.00000000e-10	2.67141598e+03	-2.57752458e+09	2.75743201e-01
6.80000000e+00	5.71723073e+00	-1.43501312e+06	-5.58532139e+04	1.00000000e-09	4.22236442e+04	1.00000000e-10	4.22236442e+03	-4.07396233e+09	2.53507323e-01
6.90000000e+00	5.80130765e+00	-1.44358101e+06	-5.61866912e+04	1.00000000e-09	1.00000000e-09	1.00000000e-10	1.00000000e-10	0.00000000e+00	2.33064554e-01
7.00000000e+00	5.88538457e+00	-1.45128319e+06	-5.64864737e+04	1.00000000e-09	1.00000000e-09	1.00000000e-10	1.00000000e-10	0.00000000e+00	2.14270296e-01
7.10000000e+00	5.96946150e+00	-1.45898538e+06	-5.67862561e+04	1.00000000e-09	1.25483828e+04	1.00000000e-10	1.25483828e+03	-1.21073488e+09	1.96991610e-01
7.20000000e+00	6.05353842e+00	-1.46668756e+06	-5.70860386e+04	1.00000000e-09	9.75281019e+04	1.00000000e-10	9.75281019e+03	-9.41003131e+09	1.81106277e-01
7.30000000e+00	6.13761534e+00	-1.47366299e+06	-5.73575345e+04	1.00000000e-09	1.00000000e-09	1.00000000e-10	1.00000000e-10	0.00000000e+00	1.66501937e-01
7.40000000e+00	6.22169226e+00	-1.47968018e+06	-5.75917338e+04	1.00000000e-09	1.00000000e-09	1.00000000e-10	1.00000000e-10	0.00000000e+00	1.53075289e-01
7.50000000e+00	6.30576919e+00	-1.48569736e+06	-5.78259331e+04	1.00000000e-09	1.00000000e-09	1.00000000e-10	1.00000000e-10	0.00000000e+00	1.40731363e-01
7.60000000e+00	6.38984611e+00	-1.49171454e+06	-5.80601324e+04	1.00000000e-09	1.35040836e+05	1.00000000e-10	1.35040836e+04	-1.30294599e+10	1.29382849e-01
7.70000000e+00	6.47392303e+00	-1.49712749e+06	-5.82708138e+04	1.00000000e-09	1.00828464e+05	1.00000000e-10	1.00828464e+04	-9.72846785e+09	1.18949475e-01
7.80000000e+00	6.55799995e+00	-1.50149747e+06	-5.84409011e+04	1.00000000e-09	1.00000000e-09	1.00000000e-10	1.00000000e-10	0.00000000e+00	1.09357445e-01
7.90000000e+00	6.64207688e+00	-1.50586745e+06	-5.86109883e+04	1.00000000e-09	1.00000000e-09	1.00000000e-10	1.00000000e-10	0.00000000e+00	1.00538914e-01
8.00000000e+00	6.72615380e+00	-1.51023743e+06	-5.87810755e+04	1.00000000e-09	5.55655624e+04	1.00000000e-10	5.55655624e+03	-5.36126174e+09	9.24315047e-02
8.10000000e+00	6.81023072e+00	-1.51416232e+06	-5.89338390e+04	1.00000000e-09	2.31445344e+05	1.00000000e-10	2.31445344e+04	-2.23310809e+10	8.49778740e-02
8.20000000e+00	6.89430764e+00	-1.51698167e+06	-5.90435728e+04	1.00000000e-09	2.26167696e+04	1.00000000e-10	2.26167696e+03	-2.18218653e+09	7.81253008e-02
8.30000000e+00	6.97838457e+00	-1.51980101e+06	-5.91533066e+04	1.00000000e-09	1.00000000e-09	1.00000000e-10	1.00000000e-10	0.00000000e+00	7.18253161e-02
8.40000000e+00	7.06246149e+00	-1.52262035e+06	-5.92630404e+04	1.00000000e-09	1.00000000e-09	1.00000000e-10	1.00000000e-10	0.00000000e+00	6.60333593e-02
8.50000000e+00	7.14653841e+00	-1.52519625e+06	-5.93632986e+04	1.00000000e-09	1.00000000e-09	1.00000000e-10	1.00000000e-10	0.00000000e+00	6.07084632e-02
8.60000000e+00	7.23061533e+00	-1.52665135e+06	-5.94199336e+04	1.00000000e-09	1.44268282e+05	1.00000000e-10	1.44268282e+04	-1.39197731e+10	5.58129641e-02
8.70000000e+00	7.31469226e+00	-1.52810644e+06	-5.94765686e+04	1.00000000e-09	2.64908949e+05	1.00000000e-10	2.64908949e+04	-2.55598280e+10	5.13122357e-02
8.80000000e+00	7.39876918e+00	-1.52956154e+06	-5.95332036e+04	1.00000000e-09	3.23479647e+05	1.00000000e-10	3.23479647e+04	-3.12110412e+10	4.71744438e-02
8.90000000e+00	7.48284610e+00	-1.53101542e+06	-5.95897910e+04	1.00000000e-09	3.06276459e+05	1.00000000e-10	3.06276459e+04	-2.95511859e+10	4.33703214e-02
9.00000000e+00	7.56692302e+00	-1.53142238e+06	-5.96056305e+04	1.00000000e-09	5.01284704e+04	1.00000000e-10	5.01284704e+03	-4.83666211e+09	3.98729614e-02
9.10000000e+00	7.65099995e+00	-1.53182933e+06	-5.96214700e+04	1.00000000e-09	1.02015287e+04	1.00000000e-10	1.02015287e+03	-9.84297882e+08	3.66576268e-02
9.20000000e+00	7.73507687e+00	-1.53223629e+06	-5.96373094e+04	1.00000000e-09	1.42772305e+04	1.00000000e-10	1.42772305e+03	-1.37754333e+09	3.37015752e-02
9.30000000e+00	7.81915379e+00	-1.53264325e+06	-5.96531489e+04	1.00000000e-09	7.99354563e+04	1.00000000e-10	7.99354563e+03	-7.71259905e+09	3.09838980e-02
9.40000000e+00	7.90323071e+00	-1.53222735e+06	-5.96369613e+04	1.00000000e-09	1.33292598e+04	1.00000000e-10	1.33292598e+03	-1.28607806e+09	2.84853728e-02
9.50000000e+00	7.98730764e+00	-1.53164329e+06	-5.96142290e+04	1.00000000e-09	2.80041422e-07	1.00000000e-10	2.80041422e-08	-2.69234043e-02	2.61883275e-02
9.60000000e+00	8.07138456e+00	-1.53105924e+06	-5.95914966e+04	1.00000000e-09	5.67552432e-07	1.00000000e-10	5.67552432e-08	-5.46639996e-02	2.40765146e-02
9.70000000e+00	8.15546148e+00	-1.53047519e+06	-5.95687643e+04	1.00000000e-09	2.70477294e+04	1.00000000e-10	2.70477294e+03	-2.60970915e+09	2.21349973e-02
9.80000000e+00	8.23953840e+00	-1.52949608e+06	-5.95306556e+04	1.00000000e-09	8.27660010e+03	1.00000000e-10	8.27660010e+02	-7.98570509e+08	2.03500429e-02
9.90000000e+00	8.32361533e+00	-1.52838054e+06	-5.94872367e+04	1.00000000e-09	1.00000000e-09	1.00000000e-10	1.00000000e-10	0.00000000e+00	1.87090262e-02
1.00000000e+01	8.40769225e+00	-1.52726499e+06	-5.94438178e+04	1.00000000e-09	1.00000000e-09	1.00000000e-10	1.00000000e-10	0.00000000e+00	1.72003403e-02
1.01000000e+01	8.49176917e+00	-1.52614945e+06	-5.94003988e+04	1.00000000e-09	1.00000000e-09	1.00000000e-10	1.00000000e-10	0.00000000e+00	1.58133140e-02
1.02000000e+01	8.57584609e+00	-1.52503390e+06	-5.93569799e+04	1.00000000e-09	1.00000000e-09	1.00000000e-10	1.00000000e-10	0.00000000e+00	1.45381368e-02
1.03000000e+01	8.65992302e+00	-1.52391836e+06	-5.93135610e+04	1.00000000e-09	1.00000000e-09	1.00000000e-10	1.00000000e-10	0.00000000e+00	1.33657892e-02
1.04000000e+01	8.74399994e+00	-1.52280281e+06	-5.92701421e+04	1.00000000e-09	1.97913197e+04	1.00000000e-10	1.97913197e+03	-1.90957206e+09	1.22879791e-02
1.05000000e+01	8.82807686e+00	-1.52132622e+06	-5.92126705e+04	1.00000000e-09	1.22971917e+04	1.00000000e-10	1.22971917e+03	-1.18649862e+09	1.12970830e-02
1.06000000e+01	8.91215378e+00	-1.51959870e+06	-5.91454322e+04	1.00000000e-09	1.00000000e-09	1.00000000e-10	1.00000000e-10	0.00000000e+00	1.03860923e-02
1.07000000e+01	8.99623071e+00	-1.51787117e+06	-5.90781938e+04	1.00000000e-09	1.00000000e-09	1.00000000e-10	1.00000000e-10	0.00000000e+00	9.54856333e-03
1.08000000e+01	9.08030763e+00	-1.51614364e+06	-5.90109555e+04	3.79794518e+03	1.00000000e-09	3.79794518e+02	1.00000000e-10	3.66446002e+08	8.77857228e-03
1.09000000e+01	9.16438455e+00	-1.51441612e+06	-5.89437171e+04	7.50748540e+03	1.74280923e+03	7.50748540e+02	1.74280923e+02	5.56206695e+08	8.07067289e-03
1.10000000e+01	9.24846147e+00	-1.51265125e+06	-5.88750255e+04	7.21166221e+03	7.15202092e+02	7.21166221e+02	7.15202092e+01	6.26813112e+08	7.41985814e-03
1.11000000e+01	9.33253840e+00	-1.51087093e+06	-5.88057322e+04	2.96514701e+03	2.10273210e+03	2.96514701e+02	2.10273210e+02	8.32103891e+07	6.82152474e-03
1.12000000e+01	9.41661532e+00	-1.50904471e+06	-5.87346525e+04	1.00000000e-09	1.01591062e+04	1.00000000e-10	1.01591062e+03	-9.80204739e+08	6.27144062e-03
1.13000000e+01	9.50069224e+00	-1.50698676e+06	-5.86545538e+04	1.00000000e-09	3.20828462e+04	1.00000000e-10	3.20828462e+03	-3.09552407e+09	5.76571500e-03
1.14000000e+01	9.58476916e+00	-1.50407401e+06	-5.85411842e+04	1.00000000e-09	3.47095959e-08	1.00000000e-10	3.47095959e-09	-3.25248155e-03	5.30077082e-03
1.15000000e+01	9.66884609e+00	-1.50116208e+06	-5.84278470e+04	3.06201007e+03	1.00000000e-09	3.06201007e+02	1.00000000e-10	2.95439058e+08	4.87331949e-03
1.16000000e+01	9.75292301e+00	-1.49825321e+06	-5.83146286e+04	5.87870300e+03	1.77223844e-08	5.87870300e+02	1.77223844e-09	5.67208611e+08	4.48033760e-03
1.17000000e+01	9.83699993e+00	-1.49535539e+06	-5.82018405e+04	1.05907706e+03	1.39932281e+04	1.05907706e+02	1.39932281e+03	-1.24795586e+09	4.11904557e-03
1.18000000e+01	9.92107685e+00	-1.49206442e+06	-5.80737500e+04	1.00000000e-09	1.45452996e+03	1.00000000e-10	1.45452996e+02	-1.40340806e+08	3.78688794e-03
1.19000000e+01	1.00051538e+01	-1.48879243e+06	-5.79463984e+04	1.00000000e-09	1.00000000e-09	1.00000000e-10	1.00000000e-10	0.00000000e+00	3.48151531e-03
1.20000000e+01	1.00892307e+01	-1.48559235e+06	-5.78218457e+04	1.00000000e-09	1.00000000e-09	1.00000000e-10	1.00000000e-10	0.00000000e+00	3.20076778e-03
1.21000000e+01	1.01733076e+01	-1.48244553e+06	-5.76993663e+04	1.17770996e+03	4.40631341e+03	1.17770996e+02	4.40631341e+02	-3.11512877e+08	2.94265957e-03
1.22000000e+01	1.02573845e+01	-1.47917515e+06	-5.75720774e+04	7.91460414e+03	1.84468688e+03	7.91460414e+02	1.84468688e+02	5.85657983e+08	2.70536508e-03
1.23000000e+01	1.03414615e+01	-1.47584498e+06	-5.74424614e+04	4.94962872e+03	1.00000000e-09	4.94962872e+02	1.00000000e-10	4.77566571e+08	2.48720588e-03
1.24000000e+01	1.04255384e+01	-1.47251482e+06	-5.73128454e+04	1.00000000e-09	1.00000000e-09	1.00000000e-10	1.00000000e-10	0.00000000e+00	2.28663893e-03
1.25000000e+01	1.05096153e+01	-1.46918465e+06	-5.71832295e+04	1.00000000e-09	1.00000000e-09	1.00000000e-10	1.00000000e-10	0.00000000e+00	2.10224558e-03
1.26000000e+01	1.05936922e+01	-1.46585605e+06	-5.70536745e+04	1.00000000e-09	1.00000000e-09	1.00000000e-10	1.00000000e-10	0.00000000e+00	1.93272162e-03
1.27000000e+01	1.06777692e+01	-1.46256172e+06	-5.69254537e+04	3.46003669e+03	5.49114964e+03	3.46003669e+02	5.49114964e+02	-1.95972608e+08	1.77686798e-03
1.28000000e+01	1.07618461e+01	-1.45912886e+06	-5.67918405e+04	1.34023847e+03	3.57566632e+03	1.34023847e+02	3.57566632e+02	-2.15685999e+08	1.63358230e-03
1.29000000e+01	1.08459230e+01	-1.45559049e+06	-5.66541211e+04	1.00000000e-09	1.00000000e-09	1.00000000e-10	1.00000000e-10	0.00000000e+00	1.50185109e-03
1.30000000e+01	1.09299999e+01	-1.45205212e+06	-5.65164018e+04	1.00000000e-09	1.00000000e-09	1.00000000e-10	1.00000000e-10	0.00000000e+00	1.38074262e-03
1.31000000e+01	1.10140768e+01	-1.44851376e+06	-5.63786824e+04	7.23667008e+02	3.40421297e+03	7.23667008e+01	3.40421297e+02	-2.58633367e+08	1.26940027e-03
1.32000000e+01	1.10981538e+01	-1.44485792e+06	-5.62363907e+04	4.32819182e+03	1.90544851e+04	4.32819182e+02	1.90544851e+03	-1.42087130e+09	1.16703651e-03
1.33000000e+01	1.11822307e+01	-1.44051510e+06	-5.60673607e+04	3.39413500e+02	1.79359040e+03	3.39413500e+01	1.79359040e+02	-1.40306741e+08	1.07292731e-03
1.34000000e+01	1.12663076e+01	-1.43611392e+06	-5.58960591e+04	1.00000000e-09	1.00000000e-09	1.00000000e-10	1.00000000e-10	0.00000000e+00	9.86407027e-04
1.35000000e+01	1.13503845e+01	-1.43171274e+06	-5.57247575e+04	1.00000000e-09	1.00000000e-09	1.00000000e-10	1.00000000e-10	0.00000000e+00	9.06863691e-04
1.36000000e+01	1.14344615e+01	-1.42731156e+06	-5.55534559e+04	3.05269659e+03	4.73964997e+03	3.05269659e+02	4.73964997e+02	-1.62766257e+08	8.33734687e-04
1.37000000e+01	1.15185384e+01	-1.42272828e+06	-5.53750666e+04	4.09487683e+03	1.66220223e+03	4.09487683e+02	1.66220223e+02	2.34717417e+08	7.66502767e-04
1.38000000e+01	1.16026153e+01	-1.41808612e+06	-5.51943856e+04	1.00000000e-09	1.00000000e-09	1.00000000e-10	1.00000000e-10	0.00000000e+00	7.04692393e-04
1.39000000e+01	1.16866922e+01	-1.41344396e+06	-5.50137046e+04	1.00000000e-09	1.00000000e-09	1.00000000e-10	1.00000000e-10	0.00000000e+00	6.47866374e-04
1.40000000e+01	1.17707691e+01	-1.40880180e+06	-5.48330236e+04	1.00000000e-09	1.35430093e+02	1.00000000e-10	1.35430093e+01	-1.30670175e+07	5.95622776e-04
1.41000000e+01	1.18548461e+01	-1.40416050e+06	-5.46523762e+04	3.73860862e+03	2.03675434e+02	3.73860862e+02	2.03675434e+01	3.41069203e+08	5.47592073e-04
1.42000000e+01	1.19389230e+01	-1.39952216e+06	-5.44718440e+04	2.67835929e+03	1.85559682e+01	2.67835929e+02	1.85559682e+00	2.56632007e+08	5.03434541e-04
1.43000000e+01	1.20229999e+01	-1.39488305e+06	-5.42912815e+04	1.00000000e-09	1.00000000e-09	1.00000000e-10	1.00000000e-10	0.00000000e+00	4.62837848e-04
1.44000000e+01	1.21070768e+01	-1.39024393e+06	-5.41107191e+04	1.00000000e-09	1.00000000e-09	1.00000000e-10	1.00000000e-10	0.00000000e+00	4.25514851e-04
1.45000000e+01	1.21911538e+01	-1.38560652e+06	-5.39302231e+04	1.00000000e-09	4.76343919e+00	1.00000000e-10	4.76343919e-01	-4.59602012e+05	3.91201561e-04
1.46000000e+01	1.22752307e+01	-1.38097994e+06	-5.37501484e+04	3.24855261e+03	3.05151531e+00	3.24855261e+02	3.05151531e-01	3.13143251e+08	3.59655276e-04
1.47000000e+01	1.23593076e+01	-1.37635323e+06	-5.35700687e+04	1.82837505e+03	1.00000000e-09	1.82837505e+02	1.00000000e-10	1.76411373e+08	3.30652866e-04
1.48000000e+01	1.24433845e+01	-1.37172652e+06	-5.33899891e+04	1.00000000e-09	1.00000000e-09	1.00000000e-10	1.00000000e-10	0.00000000e+00	3.03989196e-04
1.49000000e+01	1.25274615e+01	-1.36709981e+06	-5.32099094e+04	1.00000000e-09	1.00000000e-09	1.00000000e-10	1.00000000e-10	0.00000000e+00	2.79475669e-04
1.50000000e+01	1.26115384e+01	-1.36248216e+06	-5.30301825e+04	1.00000000e-09	3.84227911e+00	1.00000000e-10	3.84227911e-01	-3.70723576e+05	2.56938901e-04
1.51000000e+01	1.26956153e+01	-1.35786727e+06	-5.28505629e+04	2.87760170e+03	1.74211060e+00	2.87760170e+02	1.74211060e-01	2.77478268e+08	2.36219485e-04
1.52000000e+01	1.27796922e+01	-1.35325231e+06	-5.26709405e+04	1.62702731e+03	8.67275880e-02	1.62702731e+02	8.67275880e-03	1.56975902e+08	2.17170872e-04
1.53000000e+01	1.28637691e+01	-1.34863734e+06	-5.24913179e+04	1.00000000e-09	1.00000000e-09	1.00000000e-10	1.00000000e-10	0.00000000e+00	1.99658328e-04
1.54000000e+01	1.29478461e+01	-1.34402844e+06	-5.23119314e+04	1.00000000e-09	1.00000000e-09	1.00000000e-10	1.00000000e-10	0.00000000e+00	1.83557987e-04
1.55000000e+01	1.30319230e+01	-1.33942484e+06	-5.21327512e+04	1.00000000e-09	8.34007629e-02	1.00000000e-10	8.34007629e-03	-8.04695021e+03	1.68755969e-04
1.56000000e+01	1.31159999e+01	-1.33482123e+06	-5.19535709e+04	3.05476067e+03	4.19404333e-02	3.05476067e+02	4.19404333e-03	2.94735551e+08	1.55147578e-04
1.57000000e+01	1.32000768e+01	-1.33021762e+06	-5.17743905e+04	1.78706357e+03	1.00000000e-09	1.78706357e+02	1.00000000e-10	1.72425422e+08	1.42636560e-04
1.58000000e+01	1.32841538e+01	-1.32561664e+06	-5.15953121e+04	1.00000000e-09	1.00000000e-09	1.00000000e-10	1.00000000e-10	0.00000000e+00	1.31134424e-04
1.59000000e+01	1.33682307e+01	-1.32102193e+06	-5.14164782e+04	1.00000000e-09	3.99492601e-02	1.00000000e-10	3.99492601e-03	-3.85451753e+03	1.20559814e-04
1.60000000e+01	1.34523076e+01	-1.31642723e+06	-5.12376442e+04	3.08833555e+02	3.50120480e-02	3.08833555e+01	3.50120480e-03	2.97945299e+07	1.10837935e-04
1.61000000e+01	1.35363845e+01	-1.31183252e+06	-5.10588102e+04	3.59016239e+03	1.00000000e-09	3.59016239e+02	1.00000000e-10	3.46398010e+08	1.01900023e-04
1.62000000e+01	1.36204614e+01	-1.30723781e+06	-5.08799762e+04	1.69870503e+03	1.00000000e-09	1.69870503e+02	1.00000000e-10	1.63900119e+08	9.36828597e-05
1.63000000e+01	1.37045384e+01	-1.30264904e+06	-5.07013731e+04	1.00000000e-09	2.09845904e-02	1.00000000e-10	2.09845904e-03	-2.02470508e+03	8.61283240e-05
1.64000000e+01	1.37886153e+01	-1.29806257e+06	-5.05228597e+04	1.00000000e-09	4.32240598e-02	1.00000000e-10	4.32240598e-03	-4.17048767e+03	7.91829819e-05
1.65000000e+01	1.38726922e+01	-1.29347610e+06	-5.03443462e+04	1.03356548e+03	1.00000000e-09	1.03356548e+02	1.00000000e-10	9.97239084e+07	7.27977085e-05
1.66000000e+01	1.39567691e+01	-1.28888962e+06	-5.01658327e+04	4.10654240e+03	1.00000000e-09	4.10654240e+02	1.00000000e-10	3.96221108e+08	6.69273402e-05
1.67000000e+01	1.40408461e+01	-1.28430740e+06	-4.99874845e+04	1.00572650e+03	1.00000000e-09	1.00572650e+02	1.00000000e-10	9.70378553e+07	6.15303552e-05
1.68000000e+01	1.41249230e+01	-1.27972982e+06	-4.98093173e+04	1.00000000e-09	1.00000000e-09	1.00000000e-10	1.00000000e-10	0.00000000e+00	5.65685802e-05
1.69000000e+01	1.42089999e+01	-1.27515225e+06	-4.96311500e+04	1.00000000e-09	1.00000000e-09	1.00000000e-10	1.00000000e-10	0.00000000e+00	5.20069201e-05
1.70000000e+01	1.42930768e+01	-1.27057467e+06	-4.94529828e+04	2.06141036e+03	1.14608205e-03	2.06141036e+02	1.14608205e-04	1.98895752e+08	4.78131098e-05
1.71000000e+01	1.43771537e+01	-1.26599897e+06	-4.92748884e+04	4.20052516e+03	1.42473318e-03	4.20052516e+02	1.42473318e-04	4.05288928e+08	4.39574862e-05
1.72000000e+01	1.44612307e+01	-1.26142935e+06	-4.90970307e+04	1.00000000e-09	1.00000000e-09	1.00000000e-10	1.00000000e-10	0.00000000e+00	4.04127779e-05
1.73000000e+01	1.45453076e+01	-1.25685972e+06	-4.89191730e+04	1.00000000e-09	1.00000000e-09	1.00000000e-10	1.00000000e-10	0.00000000e+00	3.71539131e-05
1.74000000e+01	1.46293845e+01	-1.25229010e+06	-4.87413153e+04	1.00000000e-09	1.08940155e-05	1.00000000e-10	1.08940155e-06	-1.05101621e+00	3.41578414e-05
1.75000000e+01	1.47134614e+01	-1.24772048e+06	-4.85634576e+04	2.94748833e+03	9.91723323e-04	2.94748833e+02	9.91723323e-05	2.84389295e+08	3.14033713e-05
1.76000000e+01	1.47975384e+01	-1.24315731e+06	-4.83858510e+04	3.57048991e+03	5.59894395e-04	3.57048991e+02	5.59894395e-05	3.44499851e+08	2.88710202e-05
1.77000000e+01	1.48816153e+01	-1.23859463e+06	-4.82082637e+04	1.00000000e-09	9.64453718e-05	1.00000000e-10	9.64453718e-06	-9.30546725e+00	2.65428765e-05
1.78000000e+01	1.49656922e+01	-1.23403195e+06	-4.80306764e+04	1.00000000e-09	3.34125718e-05	1.00000000e-10	3.34125718e-06	-3.22372660e+00	2.44024731e-05
1.79000000e+01	1.50497691e+01	-1.22946928e+06	-4.78530890e+04	1.00000000e-09	8.16896252e-05	1.00000000e-10	8.16896252e-06	-7.88175413e+00	2.24346707e-05
1.80000000e+01	1.51338460e+01	-1.22491295e+06	-4.76757488e+04	2.96610417e+03	1.80346396e-05	2.96610417e+02	1.80346396e-06	2.86185544e+08	2.06255509e-05
1.81000000e+01	1.52179230e+01	-1.22035866e+06	-4.74984881e+04	2.89633626e+03	1.00000000e-09	2.89633626e+02	1.00000000e-10	2.79453966e+08	1.89623175e-05
1.82000000e+01	1.53019999e+01	-1.21580438e+06	-4.73212275e+04	1.00000000e-09	1.00000000e-09	1.00000000e-10	1.00000000e-10	0.00000000e+00	1.74332063e-05
1.83000000e+01	1.53860768e+01	-1.21125010e+06	-4.71439669e+04	1.00000000e-09	2.54250103e-05	1.00000000e-10	2.54250103e-06	-2.45304408e+00	1.60274019e-05
1.84000000e+01	1.54701537e+01	-1.20670195e+06	-4.69669451e+04	1.00000000e-09	1.51551563e-05	1.00000000e-10	1.51551563e-06	-1.46215381e+00	1.47349607e-05
1.85000000e+01	1.55542307e+01	-1.20215726e+06	-4.67900576e+04	2.80929171e+03	1.00000000e-09	2.80929171e+02	1.00000000e-10	2.71055444e+08	1.35467414e-05
1.86000000e+01	1.56383076e+01	-1.19761256e+06	-4.66131701e+04	2.69674054e+03	1.00000000e-09	2.69674054e+02	1.00000000e-10	2.60195907e+08	1.24543394e-05
1.87000000e+01	1.57223845e+01	-1.19306786e+06	-4.64362825e+04	1.00000000e-09	8.00749176e-06	1.00000000e-10	8.00749176e-07	-7.72509017e-01	1.14500281e-05
1.88000000e+01	1.58064614e+01	-1.18852919e+06	-4.62596294e+04	1.00000000e-09	2.60424381e-05	1.00000000e-10	2.60424381e-06	-2.51261680e+00	1.05267039e-05
1.89000000e+01	1.58905384e+01	-1.18399553e+06	-4.60831714e+04	1.00000000e-09	1.88991970e-05	1.00000000e-10	1.88991970e-06	-1.82339882e+00	9.67783615e-06
1.90000000e+01	1.59746153e+01	-1.17946187e+06	-4.59067135e+04	3.13316292e+03	6.51385740e-06	3.13316292e+02	6.51385740e-07	3.02304264e+08	8.89742061e-06
1.91000000e+01	1.60586922e+01	-1.17492821e+06	-4.57302555e+04	2.95753658e+03	5.27926132e-07	2.95753658e+02	5.27926132e-08	2.85358899e+08	8.17993736e-06
1.92000000e+01	1.61427691e+01	-1.17040049e+06	-4.55540290e+04	1.00000000e-09	1.00000000e-09	1.00000000e-10	1.00000000e-10	0.00000000e+00	7.52031158e-06
1.93000000e+01	1.62268460e+01	-1.16587985e+06	-4.53780778e+04	1.00000000e-09	1.00000000e-09	1.00000000e-10	1.00000000e-10	0.00000000e+00	6.91387767e-06
1.94000000e+01	1.63109230e+01	-1.16135921e+06	-4.52021266e+04	1.00000000e-09	5.90668462e-07	1.00000000e-10	5.90668462e-08	-5.68943574e-02	6.35634627e-06
1.95000000e+01	1.63949999e+01	-1.15683857e+06	-4.50261754e+04	4.04983648e+03	2.64627274e-07	4.04983648e+02	2.64627274e-08	3.90749818e+08	5.84377390e-06
1.96000000e+01	1.64790768e+01	-1.15232355e+06	-4.48504427e+04	2.64936381e+03	1.00000000e-09	2.64936381e+02	1.00000000e-10	2.55624747e+08	5.37253509e-06
1.97000000e+01	1.65631537e+01	-1.14781832e+06	-4.46750914e+04	1.00000000e-09	1.00000000e-09	1.00000000e-10	1.00000000e-10	0.00000000e+00	4.93929673e-06
1.98000000e+01	1.66472307e+01	-1.14331309e+06	-4.44997401e+04	1.00000000e-09	3.30527643e-07	1.00000000e-10	3.30527643e-08	-3.17945840e-02	4.54099448e-06
1.99000000e+01	1.67313076e+01	-1.13880787e+06	-4.43243888e+04	6.23475970e+02	2.07307218e-07	6.23475970e+01	2.07307218e-08	6.01562860e+07	4.17481111e-06
2.00000000e+01	1.68153845e+01	-1.13430722e+06	-4.41492158e+04	4.52573082e+03	1.00000000e-09	4.52573082e+02	1.00000000e-10	4.36666641e+08	3.83815657e-06
2.01000000e+01	1.68994614e+01	-1.12981966e+06	-4.39745521e+04	1.14076822e+03	1.00000000e-09	1.14076822e+02	1.00000000e-10	1.10067400e+08	3.52864967e-06
2.02000000e+01	1.69835383e+01	-1.12533210e+06	-4.37998884e+04	1.00000000e-09	2.29355824e-07	1.00000000e-10	2.29355824e-08	-2.20329875e-02	3.24410125e-06
2.03000000e+01	1.70676153e+01	-1.12084454e+06	-4.36252247e+04	1.00000000e-09	2.07690389e-07	1.00000000e-10	2.07690389e-08	-1.99425908e-02	2.98249865e-06
2.04000000e+01	1.71516922e+01	-1.11635938e+06	-4.34506544e+04	1.79965344e+03	1.00000000e-09	1.79965344e+02	1.00000000e-10	1.73640160e+08	2.74199155e-06
2.05000000e+01	1.72357691e+01	-1.11188990e+06	-4.32766948e+04	3.41122373e+03	1.00000000e-09	3.41122373e+02	1.00000000e-10	3.29133055e+08	2.52087882e-06
2.06000000e+01	1.73198460e+01	-1.10742043e+06	-4.31027351e+04	1.61274537e+02	1.66248898e-07	1.61274537e+01	1.66248898e-08	1.55606272e+07	2.31759650e-06
2.07000000e+01	1.74039230e+01	-1.10295096e+06	-4.29287754e+04	1.00000000e-09	3.08346104e-07	1.00000000e-10	3.08346104e-08	-2.96543909e-02	2.13070675e-06
2.08000000e+01	1.74879999e+01	-1.09848149e+06	-4.27548158e+04	1.00000000e-09	1.00000000e-09	1.00000000e-10	1.00000000e-10	0.00000000e+00	1.95888770e-06
2.09000000e+01	1.75720768e+01	-1.09402987e+06	-4.25815509e+04	1.00311833e+03	1.00000000e-09	1.00311833e+02	1.00000000e-10	9.67862050e+07	1.80092404e-06
2.10000000e+01	1.76561537e+01	-1.08957825e+06	-4.24082861e+04	2.64786065e+03	1.00000000e-09	2.64786065e+02	1.00000000e-10	2.55479715e+08	1.65569849e-06
2.11000000e+01	1.77402306e+01	-1.08512663e+06	-4.22350213e+04	5.25097660e+02	1.16488258e-08	5.25097660e+01	1.16488258e-09	5.06642221e+07	1.52218384e-06
2.12000000e+01	1.78243076e+01	-1.08067501e+06	-4.20617565e+04	1.00000000e-09	1.00000000e-09	1.00000000e-10	1.00000000e-10	0.00000000e+00	1.39943575e-06
2.13000000e+01	1.79083845e+01	-1.07624231e+06	-4.18892282e+04	1.00000000e-09	1.00000000e-09	1.00000000e-10	1.00000000e-10	0.00000000e+00	1.28658600e-06
2.14000000e+01	1.79924614e+01	-1.07181473e+06	-4.17168992e+04	2.24922264e+02	1.05546622e-08	2.24922264e+01	1.05546622e-09	2.17016993e+07	1.18283639e-06
2.15000000e+01	1.80765383e+01	-1.06738715e+06	-4.15445701e+04	3.22481766e+03	4.56142120e-09	3.22481766e+02	4.56142120e-10	3.11147603e+08	1.08745310e-06
2.16000000e+01	1.81606153e+01	-1.06295958e+06	-4.13722410e+04	1.64639142e+03	1.00000000e-09	1.64639142e+02	1.00000000e-10	1.58852623e+08	9.99761460e-07
2.17000000e+01	1.82446922e+01	-1.05855031e+06	-4.12006245e+04	1.00000000e-09	1.00000000e-09	1.00000000e-10	1.00000000e-10	0.00000000e+00	9.19141229e-07
2.18000000e+01	1.83287691e+01	-1.05415210e+06	-4.10294386e+04	1.00000000e-09	6.02523909e-09	1.00000000e-10	6.02523909e-10	-4.84861863e-04	8.45022171e-07
2.19000000e+01	1.84128460e+01	-1.04975389e+06	-4.08582526e+04	8.95297270e+02	2.86330818e-09	8.95297270e+01	2.86330818e-10	8.63830545e+07	7.76880034e-07
2.20000000e+01	1.84969229e+01	-1.04535568e+06	-4.06870666e+04	4.90256027e+03	1.00000000e-09	4.90256027e+02	1.00000000e-10	4.73025156e+08	7.14232843e-07
2.21000000e+01	1.85809999e+01	-1.04097314e+06	-4.05164905e+04	9.64048148e+02	1.00000000e-09	9.64048148e+01	1.00000000e-10	9.30165057e+07	6.56637488e-07
2.22000000e+01	1.86650768e+01	-1.03660749e+06	-4.03465719e+04	1.00000000e-09	4.52006717e-09	1.00000000e-10	4.52006717e-10	-3.39634850e-04	6.03686592e-07
2.23000000e+01	1.87491537e+01	-1.03224184e+06	-4.01766532e+04	1.00000000e-09	2.12765073e-09	1.00000000e-10	2.12765073e-10	-1.08801755e-04	5.55005627e-07
2.24000000e+01	1.88332306e+01	-1.02787619e+06	-4.00067345e+04	2.99425495e+03	1.00000000e-09	2.99425495e+02	1.00000000e-10	2.88901683e+08	5.10250270e-07
2.25000000e+01	1.89173076e+01	-1.02352161e+06	-3.98372466e+04	5.22900481e+03	1.00000000e-09	5.22900481e+02	1.00000000e-10	5.04522266e+08	4.69103960e-07
2.26000000e+01	1.90013845e+01	-1.01918871e+06	-3.96686027e+04	1.00000000e-09	3.94103987e-09	1.00000000e-10	3.94103987e-10	-2.83767209e-04	4.31275667e-07
2.27000000e+01	1.90854614e+01	-1.01485582e+06	-3.94999589e+04	1.00000000e-09	1.75327541e-09	1.00000000e-10	1.75327541e-10	-7.26800277e-05	3.96497828e-07
2.28000000e+01	1.91695383e+01	-1.01052292e+06	-3.93313151e+04	1.00000000e-09	1.00000000e-09	1.00000000e-10	1.00000000e-10	0.00000000e+00	3.64524455e-07
2.29000000e+01	1.92536153e+01	-1.00619502e+06	-3.91628656e+04	4.36417503e+03	1.00000000e-09	4.36417503e+02	1.00000000e-10	4.21078877e+08	3.35129397e-07
2.30000000e+01	1.93376922e+01	-1.00189179e+06	-3.89953764e+04	3.23821084e+03	3.99140361e-09	3.23821084e+02	3.99140361e-10	3.12439848e+08	3.08104742e-07
2.31000000e+01	1.94217691e+01	-9.97588562e+05	-3.88278871e+04	1.00000000e-09	1.62162071e-09	1.00000000e-10	1.62162071e-10	-5.99772804e-05	2.83259340e-07
2.32000000e+01	1.95058460e+01	-9.93285331e+05	-3.86603979e+04	1.00000000e-09	1.00000000e-09	1.00000000e-10	1.00000000e-10	0.00000000e+00	2.60417458e-07
2.33000000e+01	1.95899229e+01	-9.88982100e+05	-3.84929086e+04	1.00000000e-09	1.00000000e-09	1.00000000e-10	1.00000000e-10	0.00000000e+00	2.39417533e-07
2.34000000e+01	1.96739999e+01	-9.84704274e+05	-3.83264081e+04	2.81550812e+03	5.67872292e-09	2.81550812e+02	5.67872292e-10	2.71655236e+08	2.20111031e-07
2.35000000e+01	1.97580768e+01	-9.80427181e+05	-3.81599362e+04	2.01189983e+03	2.40509638e-09	2.01189983e+02	2.40509638e-10	1.94118823e+08	2.02361395e-07
2.36000000e+01	1.98421537e+01	-9.76150088e+05	-3.79934643e+04	1.00000000e-09	1.00000000e-09	1.00000000e-10	1.00000000e-10	0.00000000e+00	1.86043080e-07
2.37000000e+01	1.99262306e+01	-9.71872995e+05	-3.78269924e+04	1.00000000e-09	1.00000000e-09	1.00000000e-10	1.00000000e-10	0.00000000e+00	1.71040665e-07
2.38000000e+01	2.00103076e+01	-9.67618756e+05	-3.76614100e+04	1.00000000e-09	1.00000000e-09	1.00000000e-10	1.00000000e-10	0.00000000e+00	1.57248037e-07
2.39000000e+01	2.00943845e+01	-9.63370998e+05	-3.74960798e+04	1.52043977e+03	1.00000000e-09	1.52043977e+02	1.00000000e-10	1.46700136e+08	1.44567640e-07
2.40000000e+01	2.01784614e+01	-9.59123240e+05	-3.73307497e+04	2.62200692e+03	1.00000000e-09	2.62200692e+02	1.00000000e-10	2.52985208e+08	1.32909782e-07
2.41000000e+01	2.02625383e+01	-9.54875481e+05	-3.71654195e+04	6.54819419e+01	1.00000000e-09	6.54819419e+00	1.00000000e-10	6.31804691e+06	1.22192009e-07
2.42000000e+01	2.03466152e+01	-9.50646423e+05	-3.70008172e+04	1.00000000e-09	1.00000000e-09	1.00000000e-10	1.00000000e-10	0.00000000e+00	1.12338510e-07
2.43000000e+01	2.04306922e+01	-9.46428118e+05	-3.68366334e+04	1.00000000e-09	1.00000000e-09	1.00000000e-10	1.00000000e-10	0.00000000e+00	1.03279593e-07
2.44000000e+01	2.05147691e+01	-9.42209812e+05	-3.66724496e+04	1.93927985e+03	1.00000000e-09	1.93927985e+02	1.00000000e-10	1.87112061e+08	9.49511815e-08
2.45000000e+01	2.05988460e+01	-9.37991507e+05	-3.65082658e+04	4.30982910e+03	1.00000000e-09	4.30982910e+02	1.00000000e-10	4.15835292e+08	8.72943689e-08
2.46000000e+01	2.06829229e+01	-9.33787053e+05	-3.63446211e+04	1.00000000e-09	1.00000000e-09	1.00000000e-10	1.00000000e-10	0.00000000e+00	8.02549976e-08
2.47000000e+01	2.07669999e+01	-9.29595904e+05	-3.61814942e+04	1.00000000e-09	1.00000000e-09	1.00000000e-10	1.00000000e-10	0.00000000e+00	7.37832774e-08
2.48000000e+01	2.08510768e+01	-9.25404754e+05	-3.60183674e+04	1.00000000e-09	1.00000000e-09	1.00000000e-10	1.00000000e-10	0.00000000e+00	6.78334333e-08
2.49000000e+01	2.09351537e+01	-9.21213605e+05	-3.58552406e+04	3.50245397e+03	1.00000000e-09	3.50245397e+02	1.00000000e-10	3.37935435e+08	6.23633815e-08
2.50000000e+01	2.10192306e+01	-9.17031618e+05	-3.56924703e+04	4.58719951e+03	1.00000000e-09	4.58719951e+02	1.00000000e-10	4.42597468e+08	5.73344317e-08
2.51000000e+01	2.11033075e+01	-9.12863962e+05	-3.55302579e+04	1.00000000e-09	1.00000000e-09	1.00000000e-10	1.00000000e-10	0.00000000e+00	5.27110137e-08
2.52000000e+01	2.11873845e+01	-9.08696307e+05	-3.53680455e+04	1.00000000e-09	1.00000000e-09	1.00000000e-10	1.00000000e-10	0.00000000e+00	4.84604257e-08
2.53000000e+01	2.12714614e+01	-9.04528651e+05	-3.52058330e+04	1.00000000e-09	1.00000000e-09	1.00000000e-10	1.00000000e-10	0.00000000e+00	4.45526029e-08
2.54000000e+01	2.13555383e+01	-9.00366240e+05	-3.50438247e+04	4.15033901e+03	1.00000000e-09	4.15033901e+02	1.00000000e-10	4.00446838e+08	4.09599048e-08
2.55000000e+01	2.14396152e+01	-8.96218187e+05	-3.48823753e+04	3.39665293e+03	1.00000000e-09	3.39665293e+02	1.00000000e-10	3.27727186e+08	3.76569199e-08
2.56000000e+01	2.15236922e+01	-8.92070134e+05	-3.47209258e+04	1.00000000e-09	1.00000000e-09	1.00000000e-10	1.00000000e-10	0.00000000e+00	3.46202860e-08
2.57000000e+01	2.16077691e+01	-8.87922081e+05	-3.45594764e+04	1.00000000e-09	1.00000000e-09	1.00000000e-10	1.00000000e-10	0.00000000e+00	3.18285246e-08
2.58000000e+01	2.16918460e+01	-8.83776348e+05	-3.43981172e+04	1.00000000e-09	1.00000000e-09	1.00000000e-10	1.00000000e-10	0.00000000e+00	2.92618894e-08
2.59000000e+01	2.17759229e+01	-8.79644631e+05	-3.42373036e+04	3.09760421e+03	1.00000000e-09	3.09760421e+02	1.00000000e-10	2.98873371e+08	2.69022262e-08
2.60000000e+01	2.18599998e+01	-8.75512914e+05	-3.40764900e+04	2.92745274e+03	1.00000000e-09	2.92745274e+02	1.00000000e-10	2.82456250e+08	2.47328451e-08
2.61000000e+01	2.19440768e+01	-8.71381198e+05	-3.39156763e+04	1.00000000e-09	1.00000000e-09	1.00000000e-10	1.00000000e-10	0.00000000e+00	2.27384017e-08
2.62000000e+01	2.20281537e+01	-8.67249678e+05	-3.37548704e+04	1.00000000e-09	1.00000000e-09	1.00000000e-10	1.00000000e-10	0.00000000e+00	2.09047891e-08
2.63000000e+01	2.21122306e+01	-8.63131958e+05	-3.35946015e+04	1.00000000e-09	1.00000000e-09	1.00000000e-10	1.00000000e-10	0.00000000e+00	1.92190381e-08
2.64000000e+01	2.21963075e+01	-8.59014238e+05	-3.34343327e+04	2.48906706e+03	1.00000000e-09	2.48906706e+02	1.00000000e-10	2.40158462e+08	1.76692251e-08
2.65000000e+01	2.22803845e+01	-8.54896517e+05	-3.32740638e+04	3.55040978e+03	1.00000000e-09	3.55040978e+02	1.00000000e-10	3.42562467e+08	1.62443882e-08
2.66000000e+01	2.23644614e+01	-8.50778797e+05	-3.31137950e+04	1.00000000e-09	1.00000000e-09	1.00000000e-10	1.00000000e-10	0.00000000e+00	1.49344494e-08
2.67000000e+01	2.24485383e+01	-8.46674941e+05	-3.29540657e+04	1.00000000e-09	1.00000000e-09	1.00000000e-10	1.00000000e-10	0.00000000e+00	1.37301434e-08
2.68000000e+01	2.25326152e+01	-8.42571085e+05	-3.27943365e+04	1.00000000e-09	1.00000000e-09	1.00000000e-10	1.00000000e-10	0.00000000e+00	1.26229520e-08
2.69000000e+01	2.26166921e+01	-8.38467229e+05	-3.26346073e+04	3.02292966e+03	1.00000000e-09	3.02292966e+02	1.00000000e-10	2.91668372e+08	1.16050438e-08
2.70000000e+01	2.27007691e+01	-8.34363373e+05	-3.24748780e+04	4.55473507e+03	1.00000000e-09	4.55473507e+02	1.00000000e-10	4.39465126e+08	1.06692193e-08
2.71000000e+01	2.27848460e+01	-8.30272611e+05	-3.23156584e+04	1.00000000e-09	1.00000000e-09	1.00000000e-10	1.00000000e-10	0.00000000e+00	9.80885916e-09
2.72000000e+01	2.28689229e+01	-8.26183554e+05	-3.21565052e+04	1.00000000e-09	1.00000000e-09	1.00000000e-10	1.00000000e-10	0.00000000e+00	9.01787799e-09
2.73000000e+01	2.29529998e+01	-8.22094497e+05	-3.19973520e+04	1.00000000e-09	1.00000000e-09	1.00000000e-10	1.00000000e-10	0.00000000e+00	8.29068113e-09
2.74000000e+01	2.30370768e+01	-8.18005440e+05	-3.18381987e+04	3.91592762e+03	1.00000000e-09	3.91592762e+02	1.00000000e-10	3.77829577e+08	7.62212503e-09
2.75000000e+01	2.31211537e+01	-8.13928458e+05	-3.16795155e+04	3.92162231e+03	1.00000000e-09	3.92162231e+02	1.00000000e-10	3.78379031e+08	7.00748093e-09
2.76000000e+01	2.32052306e+01	-8.09856035e+05	-3.15210097e+04	1.00000000e-09	1.00000000e-09	1.00000000e-10	1.00000000e-10	0.00000000e+00	6.44240141e-09
2.77000000e+01	2.32893075e+01	-8.05783612e+05	-3.13625039e+04	1.00000000e-09	1.00000000e-09	1.00000000e-10	1.00000000e-10	0.00000000e+00	5.92288960e-09
2.78000000e+01	2.33733845e+01	-8.01711189e+05	-3.12039981e+04	1.00000000e-09	1.00000000e-09	1.00000000e-10	1.00000000e-10	0.00000000e+00	5.44527095e-09
2.79000000e+01	2.34574614e+01	-7.97649076e+05	-3.10458935e+04	3.43492116e+03	1.00000000e-09	3.43492116e+02	1.00000000e-10	3.31419509e+08	5.00616720e-09
2.80000000e+01	2.35415383e+01	-7.93594603e+05	-3.08880864e+04	3.05898364e+03	1.00000000e-09	3.05898364e+02	1.00000000e-10	2.95147053e+08	4.60247255e-09
2.81000000e+01	2.36256152e+01	-7.89540131e+05	-3.07302793e+04	1.00000000e-09	1.00000000e-09	1.00000000e-10	1.00000000e-10	0.00000000e+00	4.23133162e-09
2.82000000e+01	2.37096921e+01	-7.85485659e+05	-3.05724721e+04	1.00000000e-09	1.00000000e-09	1.00000000e-10	1.00000000e-10	0.00000000e+00	3.89011930e-09
2.83000000e+01	2.37937691e+01	-7.81438628e+05	-3.04149546e+04	1.00000000e-09	1.00000000e-09	1.00000000e-10	1.00000000e-10	0.00000000e+00	3.57642216e-09
2.84000000e+01	2.38778460e+01	-7.77401951e+05	-3.02578401e+04	2.29575331e+03	1.00000000e-09	2.29575331e+02	1.00000000e-10	2.21506520e+08	3.28802138e-09
2.85000000e+01	2.39619229e+01	-7.73365275e+05	-3.01007256e+04	3.02622087e+03	1.00000000e-09	3.02622087e+02	1.00000000e-10	2.91985926e+08	3.02287709e-09
2.86000000e+01	2.40459998e+01	-7.69328598e+05	-2.99436111e+04	1.00000000e-09	1.00000000e-09	1.00000000e-10	1.00000000e-10	0.00000000e+00	2.77911390e-09
2.87000000e+01	2.41300768e+01	-7.65295392e+05	-2.97866317e+04	1.00000000e-09	1.00000000e-09	1.00000000e-10	1.00000000e-10	0.00000000e+00	2.55500764e-09
2.88000000e+01	2.42141537e+01	-7.61274123e+05	-2.96301169e+04	1.00000000e-09	1.00000000e-09	1.00000000e-10	1.00000000e-10	0.00000000e+00	2.34897319e-09
2.89000000e+01	2.42982306e+01	-7.57252853e+05	-2.94736021e+04	1.77611378e+03	1.00000000e-09	1.77611378e+02	1.00000000e-10	1.71368928e+08	2.15955324e-09
2.90000000e+01	2.43823075e+01	-7.53231584e+05	-2.93170873e+04	3.84507421e+03	1.00000000e-09	3.84507421e+02	1.00000000e-10	3.70993262e+08	1.98540802e-09
2.91000000e+01	2.44663844e+01	-7.49210315e+05	-2.91605724e+04	6.80570077e+02	1.00000000e-09	6.80570077e+01	1.00000000e-10	6.56650299e+07	1.82530578e-09
2.92000000e+01	2.45504614e+01	-7.45200783e+05	-2.90045145e+04	1.00000000e-09	1.00000000e-09	1.00000000e-10	1.00000000e-10	0.00000000e+00	1.67811410e-09
2.93000000e+01	2.46345383e+01	-7.41193531e+05	-2.88485452e+04	1.00000000e-09	1.00000000e-09	1.00000000e-10	1.00000000e-10	0.00000000e+00	1.54279187e-09
2.94000000e+01	2.47186152e+01	-7.37186279e+05	-2.86925760e+04	1.96217478e+03	1.00000000e-09	1.96217478e+02	1.00000000e-10	1.89321085e+08	1.41838196e-09
2.95000000e+01	2.48026921e+01	-7.33179028e+05	-2.85366068e+04	4.82392967e+03	1.00000000e-09	4.82392967e+02	1.00000000e-10	4.65438456e+08	1.30400439e-09
2.96000000e+01	2.48867691e+01	-7.29181113e+05	-2.83810010e+04	4.72605498e+02	1.00000000e-09	4.72605498e+01	1.00000000e-10	4.55994984e+07	1.19885018e-09
2.97000000e+01	2.49708460e+01	-7.25189897e+05	-2.82256559e+04	1.00000000e-09	1.00000000e-09	1.00000000e-10	1.00000000e-10	0.00000000e+00	1.10217554e-09
2.98000000e+01	2.50549229e+01	-7.21198681e+05	-2.80703108e+04	1.00000000e-09	1.00000000e-09	1.00000000e-10	1.00000000e-10	0.00000000e+00	1.01329669e-09
2.99000000e+01	2.51389998e+01	-7.17207465e+05	-2.79149657e+04	2.62541155e+03	1.00000000e-09	2.62541155e+02	1.00000000e-10	2.53313705e+08	9.31584987e-10
3.00000000e+01	2.52230767e+01	-7.13221191e+05	-2.77598130e+04	5.03891509e+03	1.00000000e-09	5.03891509e+02	1.00000000e-10	4.86181396e+08	8.56462471e-10
3.01000000e+01	2.53071537e+01	-7.09244535e+05	-2.76050346e+04	1.00000000e-09	1.00000000e-09	1.00000000e-10	1.00000000e-10	0.00000000e+00	7.87397794e-10
3.02000000e+01	2.53912306e+01	-7.05267878e+05	-2.74502561e+04	1.00000000e-09	1.00000000e-09	1.00000000e-10	1.00000000e-10	0.00000000e+00	7.23902457e-10
3.03000000e+01	2.54753075e+01	-7.01291221e+05	-2.72954777e+04	1.00000000e-09	1.00000000e-09	1.00000000e-10	1.00000000e-10	0.00000000e+00	6.65527349e-10
3.04000000e+01	2.55593844e+01	-6.97314565e+05	-2.71406993e+04	2.99732987e+03	1.00000000e-09	2.99732987e+02	1.00000000e-10	2.89198368e+08	6.11859579e-10
3.05000000e+01	2.56434614e+01	-6.93348279e+05	-2.69863245e+04	4.43063984e+03	1.00000000e-09	4.43063984e+02	1.00000000e-10	4.27491757e+08	5.62519549e-10
3.06000000e+01	2.57275383e+01	-6.89384615e+05	-2.68320518e+04	1.00000000e-09	1.00000000e-09	1.00000000e-10	1.00000000e-10	0.00000000e+00	5.17158273e-10
3.07000000e+01	2.58116152e+01	-6.85420952e+05	-2.66777792e+04	1.00000000e-09	1.00000000e-09	1.00000000e-10	1.00000000e-10	0.00000000e+00	4.75454906e-10
3.08000000e+01	2.58956921e+01	-6.81457288e+05	-2.65235065e+04	1.00000000e-09	1.00000000e-09	1.00000000e-10	1.00000000e-10	0.00000000e+00	4.37114476e-10
3.09000000e+01	2.59797690e+01	-6.77501650e+05	-2.63695461e+04	2.32304312e+03	1.00000000e-09	2.32304312e+02	1.00000000e-10	2.24139587e+08	4.01865798e-10
3.10000000e+01	2.60638460e+01	-6.73553405e+05	-2.62158735e+04	3.67647765e+03	1.00000000e-09	3.67647765e+02	1.00000000e-10	3.54726167e+08	3.69459555e-10
3.11000000e+01	2.61479229e+01	-6.69605160e+05	-2.60622009e+04	6.93664699e+01	1.00000000e-09	6.93664699e+00	1.00000000e-10	6.69284688e+06	3.39666533e-10
3.12000000e+01	2.62319998e+01	-6.65656915e+05	-2.59085284e+04	1.00000000e-09	1.00000000e-09	1.00000000e-10	1.00000000e-10	0.00000000e+00	3.12276006e-10
3.13000000e+01	2.63160767e+01	-6.61712623e+05	-2.57550096e+04	1.00000000e-09	1.00000000e-09	1.00000000e-10	1.00000000e-10	0.00000000e+00	2.87094235e-10
3.14000000e+01	2.64001537e+01	-6.57778943e+05	-2.56019040e+04	1.10236699e+03	1.00000000e-09	1.10236699e+02	1.00000000e-10	1.06362245e+08	2.63943109e-10
3.15000000e+01	2.64842306e+01	-6.53845263e+05	-2.54487983e+04	3.43840115e+03	1.00000000e-09	3.43840115e+02	1.00000000e-10	3.31755277e+08	2.42658878e-10
3.16000000e+01	2.65683075e+01	-6.49911583e+05	-2.52956926e+04	1.14340273e+03	1.00000000e-09	1.14340273e+02	1.00000000e-10	1.10321592e+08	2.23090996e-10
3.17000000e+01	2.66523844e+01	-6.45977903e+05	-2.51425869e+04	1.00000000e-09	1.00000000e-09	1.00000000e-10	1.00000000e-10	0.00000000e+00	2.05101057e-10
3.18000000e+01	2.67364614e+01	-6.42055503e+05	-2.49899202e+04	1.00000000e-09	1.00000000e-09	1.00000000e-10	1.00000000e-10	0.00000000e+00	1.88561817e-10
3.19000000e+01	2.68205383e+01	-6.38135160e+05	-2.48373337e+04	1.04346288e+02	1.00000000e-09	1.04346288e+01	1.00000000e-10	1.00678863e+07	1.73356293e-10
3.20000000e+01	2.69046152e+01	-6.34214818e+05	-2.46847471e+04	3.79176608e+03	1.00000000e-09	3.79176608e+02	1.00000000e-10	3.65849810e+08	1.59376934e-10
3.21000000e+01	2.69886921e+01	-6.30294475e+05	-2.45321605e+04	2.38064698e+03	1.00000000e-09	2.38064698e+02	1.00000000e-10	2.29697515e+08	1.46524863e-10
3.22000000e+01	2.70727690e+01	-6.26384163e+05	-2.43799643e+04	1.00000000e-09	1.00000000e-09	1.00000000e-10	1.00000000e-10	0.00000000e+00	1.34709176e-10
3.23000000e+01	2.71568460e+01	-6.22479945e+05	-2.42280054e+04	1.00000000e-09	1.00000000e-09	1.00000000e-10	1.00000000e-10	0.00000000e+00	1.23846300e-10
3.24000000e+01	2.72409229e+01	-6.18575728e+05	-2.40760464e+04	1.00000000e-09	1.00000000e-09	1.00000000e-10	1.00000000e-10	0.00000000e+00	1.13859401e-10
3.25000000e+01	2.73249998e+01	-6.14671510e+05	-2.39240875e+04	4.65756222e+03	1.00000000e-09	4.65756222e+02	1.00000000e-10	4.49386437e+08	1.04677839e-10
3.26000000e+01	2.74090767e+01	-6.10774794e+05	-2.37724205e+04	2.70650794e+03	1.00000000e-09	2.70650794e+02	1.00000000e-10	2.61138318e+08	9.62366743e-11
3.27000000e+01	2.74931537e+01	-6.06887097e+05	-2.36211045e+04	1.00000000e-09	1.00000000e-09	1.00000000e-10	1.00000000e-10	0.00000000e+00	8.84762003e-11
3.28000000e+01	2.75772306e+01	-6.02999401e+05	-2.34697886e+04	1.00000000e-09	1.00000000e-09	1.00000000e-10	1.00000000e-10	0.00000000e+00	8.13415267e-11
3.29000000e+01	2.76613075e+01	-5.99111704e+05	-2.33184727e+04	2.03113771e+02	1.00000000e-09	2.03113771e+01	1.00000000e-10	1.95974997e+07	7.47821894e-11
3.30000000e+01	2.77453844e+01	-5.95228510e+05	-2.31673320e+04	4.85564470e+03	1.00000000e-09	4.85564470e+02	1.00000000e-10	4.68498492e+08	6.87517936e-11
3.31000000e+01	2.78294613e+01	-5.91356080e+05	-2.30166102e+04	2.23149441e+03	1.00000000e-09	2.23149441e+02	1.00000000e-10	2.15306479e+08	6.32076857e-11
3.32000000e+01	2.79135383e+01	-5.87483650e+05	-2.28658885e+04	1.00000000e-09	1.00000000e-09	1.00000000e-10	1.00000000e-10	0.00000000e+00	5.81106517e-11
3.33000000e+01	2.79976152e+01	-5.83611219e+05	-2.27151668e+04	1.00000000e-09	1.00000000e-09	1.00000000e-10	1.00000000e-10	0.00000000e+00	5.34246397e-11
3.34000000e+01	2.80816921e+01	-5.79740516e+05	-2.25645122e+04	2.82820443e+02	1.00000000e-09	2.82820443e+01	1.00000000e-10	2.72880244e+07	4.91165053e-11
3.35000000e+01	2.81657690e+01	-5.75881488e+05	-2.24143121e+04	3.81659552e+03	1.00000000e-09	3.81659552e+02	1.00000000e-10	3.68245486e+08	4.51557765e-11
3.36000000e+01	2.82498460e+01	-5.72022460e+05	-2.22641120e+04	2.25818694e+03	1.00000000e-09	2.25818694e+02	1.00000000e-10	2.17881917e+08	4.15144388e-11
3.37000000e+01	2.83339229e+01	-5.68163432e+05	-2.21139119e+04	1.00000000e-09	1.00000000e-09	1.00000000e-10	1.00000000e-10	0.00000000e+00	3.81667366e-11
3.38000000e+01	2.84179998e+01	-5.64304404e+05	-2.19637118e+04	1.00000000e-09	1.00000000e-09	1.00000000e-10	1.00000000e-10	0.00000000e+00	3.50889914e-11
3.39000000e+01	2.85020767e+01	-5.60457697e+05	-2.18139913e+04	1.00000000e-09	1.00000000e-09	1.00000000e-10	1.00000000e-10	0.00000000e+00	3.22594338e-11
3.40000000e+01	2.85861536e+01	-5.56610990e+05	-2.16642707e+04	3.04847785e+03	1.00000000e-09	3.04847785e+02	1.00000000e-10	2.94133398e+08	2.96580503e-11
3.41000000e+01	2.86702306e+01	-5.52764283e+05	-2.15145502e+04	3.15864188e+03	1.00000000e-09	3.15864188e+02	1.00000000e-10	3.04762611e+08	2.72664410e-11
3.42000000e+01	2.87543075e+01	-5.48917576e+05	-2.13648296e+04	1.00000000e-09	1.00000000e-09	1.00000000e-10	1.00000000e-10	0.00000000e+00	2.50676897e-11
3.43000000e+01	2.88383844e+01	-5.45083136e+05	-2.12155866e+04	1.00000000e-09	1.00000000e-09	1.00000000e-10	1.00000000e-10	0.00000000e+00	2.30462446e-11
3.44000000e+01	2.89224613e+01	-5.41248696e+05	-2.10663435e+04	1.00000000e-09	1.00000000e-09	1.00000000e-10	1.00000000e-10	0.00000000e+00	2.11878078e-11
3.45000000e+01	2.90065383e+01	-5.37414256e+05	-2.09171004e+04	3.22051038e+03	1.00000000e-09	3.22051038e+02	1.00000000e-10	3.10732014e+08	1.94792342e-11
3.46000000e+01	2.90906152e+01	-5.33579816e+05	-2.07678573e+04	4.37029133e+03	1.00000000e-09	4.37029133e+02	1.00000000e-10	4.21669010e+08	1.79084392e-11
3.47000000e+01	2.91746921e+01	-5.29758053e+05	-2.06191076e+04	1.00000000e-09	1.00000000e-09	1.00000000e-10	1.00000000e-10	0.00000000e+00	1.64643122e-11
3.48000000e+01	2.92587690e+01	-5.25937794e+05	-2.04704164e+04	1.00000000e-09	1.00000000e-09	1.00000000e-10	1.00000000e-10	0.00000000e+00	1.51366389e-11
3.49000000e+01	2.93428459e+01	-5.22117534e+05	-2.03217253e+04	1.00000000e-09	1.00000000e-09	1.00000000e-10	1.00000000e-10	0.00000000e+00	1.39160284e-11
3.50000000e+01	2.94269229e+01	-5.18297275e+05	-2.01730341e+04	3.73752328e+03	1.00000000e-09	3.73752328e+02	1.00000000e-10	3.60616175e+08	1.27938473e-11
3.51000000e+01	2.95109998e+01	-5.14490368e+05	-2.00248627e+04	3.87900850e+03	1.00000000e-09	3.87900850e+02	1.00000000e-10	3.74267424e+08	1.17621583e-11
3.52000000e+01	2.95950767e+01	-5.10687794e+05	-1.98768598e+04	1.00000000e-09	1.00000000e-09	1.00000000e-10	1.00000000e-10	0.00000000e+00	1.08136641e-11
3.53000000e+01	2.96791536e+01	-5.06885220e+05	-1.97288570e+04	1.00000000e-09	1.00000000e-09	1.00000000e-10	1.00000000e-10	0.00000000e+00	9.94165601e-12
3.54000000e+01	2.97632306e+01	-5.03082646e+05	-1.95808542e+04	1.00000000e-09	1.00000000e-09	1.00000000e-10	1.00000000e-10	0.00000000e+00	9.13996618e-12
3.55000000e+01	2.98473075e+01	-4.99293724e+05	-1.94333827e+04	2.60696242e+03	1.00000000e-09	2.60696242e+02	1.00000000e-10	2.51533635e+08	8.40292419e-12
3.56000000e+01	2.99313844e+01	-4.95513250e+05	-1.92862401e+04	2.98004297e+03	1.00000000e-09	2.98004297e+02	1.00000000e-10	2.87530435e+08	7.72531687e-12
3.57000000e+01	3.00154613e+01	-4.91732776e+05	-1.91390975e+04	1.00000000e-09	1.00000000e-09	1.00000000e-10	1.00000000e-10	0.00000000e+00	7.10235144e-12
3.58000000e+01	3.00995383e+01	-4.87952302e+05	-1.89919548e+04	1.00000000e-09	1.00000000e-09	1.00000000e-10	1.00000000e-10	0.00000000e+00	6.52962161e-12
3.59000000e+01	3.01836152e+01	-4.84184556e+05	-1.88453076e+04	1.00000000e-09	1.00000000e-09	1.00000000e-10	1.00000000e-10	0.00000000e+00	6.00307641e-12
3.60000000e+01	3.02676921e+01	-4.80430363e+05	-1.86991878e+04	5.36292611e+02	1.00000000e-09	5.36292611e+01	1.00000000e-10	5.17443707e+07	5.51899153e-12
3.61000000e+01	3.03517690e+01	-4.76676170e+05	-1.85530681e+04	3.04084451e+03	1.00000000e-09	3.04084451e+02	1.00000000e-10	2.93396893e+08	5.07394300e-12
3.62000000e+01	3.04358459e+01	-4.72921977e+05	-1.84069483e+04	1.54477076e+03	1.00000000e-09	1.54477076e+02	1.00000000e-10	1.49047720e+08	4.66478295e-12
3.63000000e+01	3.05199229e+01	-4.69177677e+05	-1.82612137e+04	1.00000000e-09	1.00000000e-09	1.00000000e-10	1.00000000e-10	0.00000000e+00	4.28861734e-12
3.64000000e+01	3.06039998e+01	-4.65452162e+05	-1.81162101e+04	1.00000000e-09	1.00000000e-09	1.00000000e-10	1.00000000e-10	0.00000000e+00	3.94278553e-12
3.65000000e+01	3.06880767e+01	-4.61726648e+05	-1.79712066e+04	1.00000000e-09	1.00000000e-09	1.00000000e-10	1.00000000e-10	0.00000000e+00	3.62484141e-12
3.66000000e+01	3.07721536e+01	-4.58001134e+05	-1.78262031e+04	4.43907316e+03	1.00000000e-09	4.43907316e+02	1.00000000e-10	4.28305448e+08	3.33253613e-12
3.67000000e+01	3.08562306e+01	-4.54280573e+05	-1.76813924e+04	3.30915768e+03	1.00000000e-09	3.30915768e+02	1.00000000e-10	3.19285177e+08	3.06380220e-12
3.68000000e+01	3.09403075e+01	-4.50582975e+05	-1.75374754e+04	1.00000000e-09	1.00000000e-09	1.00000000e-10	1.00000000e-10	0.00000000e+00	2.81673882e-12
3.69000000e+01	3.10243844e+01	-4.46885376e+05	-1.73935584e+04	1.00000000e-09	1.00000000e-09	1.00000000e-10	1.00000000e-10	0.00000000e+00	2.58959851e-12
3.70000000e+01	3.11084613e+01	-4.43187778e+05	-1.72496415e+04	1.00000000e-09	1.00000000e-09	1.00000000e-10	1.00000000e-10	0.00000000e+00	2.38077467e-12
3.71000000e+01	3.11925382e+01	-4.39490179e+05	-1.71057245e+04	5.84848293e+03	1.00000000e-09	5.84848293e+02	1.00000000e-10	5.64292817e+08	2.18879027e-12
3.72000000e+01	3.12766152e+01	-4.35817035e+05	-1.69627593e+04	2.47882050e+03	1.00000000e-09	2.47882050e+02	1.00000000e-10	2.39169819e+08	2.01228739e-12
3.73000000e+01	3.13606921e+01	-4.32144604e+05	-1.68198219e+04	1.00000000e-09	1.00000000e-09	1.00000000e-10	1.00000000e-10	0.00000000e+00	1.85001761e-12
3.74000000e+01	3.14447690e+01	-4.28472173e+05	-1.66768844e+04	1.00000000e-09	1.00000000e-09	1.00000000e-10	1.00000000e-10	0.00000000e+00	1.70083318e-12
3.75000000e+01	3.15288459e+01	-4.24799742e+05	-1.65339470e+04	3.95008612e+02	1.00000000e-09	3.95008612e+01	1.00000000e-10	3.81125371e+07	1.56367890e-12
3.76000000e+01	3.16129229e+01	-4.21149800e+05	-1.63918849e+04	3.96452609e+03	1.00000000e-09	3.96452609e+02	1.00000000e-10	3.82518616e+08	1.43758467e-12
3.77000000e+01	3.16969998e+01	-4.17507519e+05	-1.62501210e+04	1.80563383e+03	1.00000000e-09	1.80563383e+02	1.00000000e-10	1.74217180e+08	1.32165861e-12
3.78000000e+01	3.17810767e+01	-4.13865238e+05	-1.61083571e+04	1.00000000e-09	1.00000000e-09	1.00000000e-10	1.00000000e-10	0.00000000e+00	1.21508076e-12
3.79000000e+01	3.18651536e+01	-4.10222957e+05	-1.59665931e+04	1.00000000e-09	1.00000000e-09	1.00000000e-10	1.00000000e-10	0.00000000e+00	1.11709730e-12
3.80000000e+01	3.19492305e+01	-4.06598708e+05	-1.58255310e+04	1.00000000e-09	1.00000000e-09	1.00000000e-10	1.00000000e-10	0.00000000e+00	1.02701517e-12
3.81000000e+01	3.20333075e+01	-4.02987703e+05	-1.56849844e+04	1.73395360e+03	1.00000000e-09	1.73395360e+02	1.00000000e-10	1.67301089e+08	9.44197214e-13
3.82000000e+01	3.21173844e+01	-3.99376699e+05	-1.55444378e+04	2.56274168e+03	1.00000000e-09	2.56274168e+02	1.00000000e-10	2.47266983e+08	8.68057654e-13
3.83000000e+01	3.22014613e+01	-3.95765694e+05	-1.54038912e+04	8.94571188e+01	1.00000000e-09	8.94571188e+00	1.00000000e-10	8.63129982e+06	7.98057949e-13
3.84000000e+01	3.22855382e+01	-3.92166670e+05	-1.52638109e+04	1.00000000e-09	1.00000000e-09	1.00000000e-10	1.00000000e-10	0.00000000e+00	7.33702982e-13
3.85000000e+01	3.23696152e+01	-3.88584209e+05	-1.51243753e+04	1.00000000e-09	1.00000000e-09	1.00000000e-10	1.00000000e-10	0.00000000e+00	6.74537565e-13
3.86000000e+01	3.24536921e+01	-3.85001747e+05	-1.49849396e+04	6.72609493e+02	1.00000000e-09	6.72609493e+01	1.00000000e-10	6.48969504e+07	6.20143216e-13
3.87000000e+01	3.25377690e+01	-3.81419286e+05	-1.48455040e+04	4.35398955e+03	1.00000000e-09	4.35398955e+02	1.00000000e-10	4.20096127e+08	5.70135198e-13
3.88000000e+01	3.26218459e+01	-3.77842445e+05	-1.47062871e+04	2.00922595e+03	1.00000000e-09	2.00922595e+02	1.00000000e-10	1.93860833e+08	5.24159800e-13
3.89000000e+01	3.27059228e+01	-3.74282985e+05	-1.45677467e+04	1.00000000e-09	1.00000000e-09	1.00000000e-10	1.00000000e-10	0.00000000e+00	4.81891834e-13
3.90000000e+01	3.27899998e+01	-3.70723526e+05	-1.44292064e+04	1.00000000e-09	1.00000000e-09	1.00000000e-10	1.00000000e-10	0.00000000e+00	4.43032333e-13
3.91000000e+01	3.28740767e+01	-3.67164067e+05	-1.42906660e+04	6.12516850e+02	1.00000000e-09	6.12516850e+01	1.00000000e-10	5.90988917e+07	4.07306443e-13
3.92000000e+01	3.29581536e+01	-3.63604803e+05	-1.41521332e+04	5.54465818e+03	1.00000000e-09	5.54465818e+02	1.00000000e-10	5.34978186e+08	3.74461468e-13
3.93000000e+01	3.30422305e+01	-3.60061731e+05	-1.40142307e+04	2.11239916e+03	1.00000000e-09	2.11239916e+02	1.00000000e-10	2.03815535e+08	3.44265096e-13
3.94000000e+01	3.31263075e+01	-3.56518659e+05	-1.38763282e+04	1.00000000e-09	1.00000000e-09	1.00000000e-10	1.00000000e-10	0.00000000e+00	3.16503742e-13
3.95000000e+01	3.32103844e+01	-3.52975587e+05	-1.37384256e+04	1.00000000e-09	1.00000000e-09	1.00000000e-10	1.00000000e-10	0.00000000e+00	2.90981049e-13
3.96000000e+01	3.32944613e+01	-3.49432515e+05	-1.36005231e+04	3.70919269e+02	1.00000000e-09	3.70919269e+01	1.00000000e-10	3.57882689e+07	2.67516493e-13
3.97000000e+01	3.33785382e+01	-3.45903419e+05	-1.34631645e+04	4.19181534e+03	1.00000000e-09	4.19181534e+02	1.00000000e-10	4.04448695e+08	2.45944106e-13
3.98000000e+01	3.34626152e+01	-3.42375269e+05	-1.33258428e+04	2.60561892e+03	1.00000000e-09	2.60561892e+02	1.00000000e-10	2.51404007e+08	2.26111304e-13
3.99000000e+01	3.35466921e+01	-3.38847120e+05	-1.31885210e+04	1.00000000e-09	1.00000000e-09	1.00000000e-10	1.00000000e-10	0.00000000e+00	2.07877809e-13
4.00000000e+01	3.36307690e+01	-3.35318970e+05	-1.30511993e+04	1.00000000e-09	1.00000000e-09	1.00000000e-10	1.00000000e-10	0.00000000e+00	1.91114654e-13
4.01000000e+01	3.37148459e+01	-3.31802608e+05	-1.29143363e+04	1.00000000e-09	1.00000000e-09	1.00000000e-10	1.00000000e-10	0.00000000e+00	1.75703270e-13
4.02000000e+01	3.37989228e+01	-3.28288723e+05	-1.27775698e+04	2.78509605e+03	1.00000000e-09	2.78509605e+02	1.00000000e-10	2.68720918e+08	1.61534652e-13
4.03000000e+01	3.38829998e+01	-3.24774837e+05	-1.26408032e+04	3.80735201e+03	1.00000000e-09	3.80735201e+02	1.00000000e-10	3.67353623e+08	1.48508584e-13
4.04000000e+01	3.39670767e+01	-3.21260952e+05	-1.25040367e+04	1.00000000e-09	1.00000000e-09	1.00000000e-10	1.00000000e-10	0.00000000e+00	1.36532931e-13
4.05000000e+01	3.40511536e+01	-3.17756383e+05	-1.23676327e+04	1.00000000e-09	1.00000000e-09	1.00000000e-10	1.00000000e-10	0.00000000e+00	1.25522989e-13
4.06000000e+01	3.41352305e+01	-3.14254981e+05	-1.22313521e+04	1.00000000e-09	1.00000000e-09	1.00000000e-10	1.00000000e-10	0.00000000e+00	1.15400882e-13
4.07000000e+01	3.42193075e+01	-3.10753579e+05	-1.20950714e+04	1.92267741e+03	1.00000000e-09	1.92267741e+02	1.00000000e-10	1.85510168e+08	1.06095016e-13
4.08000000e+01	3.43033844e+01	-3.07252178e+05	-1.19587908e+04	5.01924172e+03	1.00000000e-09	5.01924172e+02	1.00000000e-10	4.84283204e+08	9.75395708e-14
4.09000000e+01	3.43874613e+01	-3.03758609e+05	-1.18228150e+04	1.12991212e+03	1.00000000e-09	1.12991212e+02	1.00000000e-10	1.09019946e+08	8.96740319e-14
4.10000000e+01	3.44715382e+01	-3.00268984e+05	-1.16869927e+04	1.00000000e-09	1.00000000e-09	1.00000000e-10	1.00000000e-10	0.00000000e+00	8.24427658e-14
4.11000000e+01	3.45556151e+01	-2.96779359e+05	-1.15511704e+04	1.00000000e-09	1.00000000e-09	1.00000000e-10	1.00000000e-10	0.00000000e+00	7.57946252e-14
4.12000000e+01	3.46396921e+01	-2.93289734e+05	-1.14153481e+04	1.23460218e+03	1.00000000e-09	1.23460218e+02	1.00000000e-10	1.19121001e+08	6.96825871e-14
4.13000000e+01	3.47237690e+01	-2.89807011e+05	-1.12797944e+04	4.81141708e+03	1.00000000e-09	4.81141708e+02	1.00000000e-10	4.64231175e+08	6.40634205e-14
4.14000000e+01	3.48078459e+01	-2.86329690e+05	-1.11444510e+04	1.87883125e+03	1.00000000e-09	1.87883125e+02	1.00000000e-10	1.81279657e+08	5.88973804e-14
4.15000000e+01	3.48919228e+01	-2.82852370e+05	-1.10091077e+04	1.00000000e-09	1.00000000e-09	1.00000000e-10	1.00000000e-10	0.00000000e+00	5.41479271e-14
4.16000000e+01	3.49759998e+01	-2.79375049e+05	-1.08737643e+04	1.00000000e-09	1.00000000e-09	1.00000000e-10	1.00000000e-10	0.00000000e+00	4.97814672e-14
4.17000000e+01	3.50600767e+01	-2.75903425e+05	-1.07386426e+04	1.00000000e-09	1.00000000e-09	1.00000000e-10	1.00000000e-10	0.00000000e+00	4.57671163e-14
4.18000000e+01	3.51441536e+01	-2.72439332e+05	-1.06038141e+04	3.58177683e+03	1.00000000e-09	3.58177683e+02	1.00000000e-10	3.45588927e+08	4.20764804e-14
4.19000000e+01	3.52282305e+01	-2.68975239e+05	-1.04689855e+04	2.95432076e+03	1.00000000e-09	2.95432076e+02	1.00000000e-10	2.85048620e+08	3.86834555e-14
4.20000000e+01	3.53123074e+01	-2.65511146e+05	-1.03341570e+04	1.00000000e-09	1.00000000e-09	1.00000000e-10	1.00000000e-10	0.00000000e+00	3.55640423e-14
4.21000000e+01	3.53963844e+01	-2.62050519e+05	-1.01994633e+04	1.00000000e-09	1.00000000e-09	1.00000000e-10	1.00000000e-10	0.00000000e+00	3.26961769e-14
4.22000000e+01	3.54804613e+01	-2.58599546e+05	-1.00651455e+04	1.00000000e-09	1.00000000e-09	1.00000000e-10	1.00000000e-10	0.00000000e+00	3.00595747e-14
4.23000000e+01	3.55645382e+01	-2.55148573e+05	-9.93082759e+03	2.35343422e+03	1.00000000e-09	2.35343422e+02	1.00000000e-10	2.27071882e+08	2.76355866e-14
4.24000000e+01	3.56486151e+01	-2.51697601e+05	-9.79650971e+03	4.33047259e+03	1.00000000e-09	4.33047259e+02	1.00000000e-10	4.17827086e+08	2.54070677e-14
4.25000000e+01	3.57326921e+01	-2.48246628e+05	-9.66219183e+03	8.70613624e+02	1.00000000e-09	8.70613624e+01	1.00000000e-10	8.40014447e+07	2.33582553e-14
4.26000000e+01	3.58167690e+01	-2.44806380e+05	-9.52829136e+03	1.00000000e-09	1.00000000e-09	1.00000000e-10	1.00000000e-10	0.00000000e+00	2.14746581e-14
4.27000000e+01	3.59008459e+01	-2.41367020e+05	-9.39442550e+03	1.00000000e-09	1.00000000e-09	1.00000000e-10	1.00000000e-10	0.00000000e+00	1.97429531e-14
4.28000000e+01	3.59849228e+01	-2.37927661e+05	-9.26055965e+03	1.31712279e+03	1.00000000e-09	1.31712279e+02	1.00000000e-10	1.27083029e+08	1.81508919e-14
4.29000000e+01	3.60689997e+01	-2.34488302e+05	-9.12669379e+03	5.34607485e+03	1.00000000e-09	5.34607485e+02	1.00000000e-10	5.15817807e+08	1.66872137e-14
4.30000000e+01	3.61530767e+01	-2.31058190e+05	-8.99318783e+03	1.92101823e+03	1.00000000e-09	1.92101823e+02	1.00000000e-10	1.85350082e+08	1.53415657e-14
4.31000000e+01	3.62371536e+01	-2.27633757e+05	-8.85990295e+03	1.00000000e-09	1.00000000e-09	1.00000000e-10	1.00000000e-10	0.00000000e+00	1.41044300e-14
4.32000000e+01	3.63212305e+01	-2.24209325e+05	-8.72661807e+03	1.00000000e-09	1.00000000e-09	1.00000000e-10	1.00000000e-10	0.00000000e+00	1.29670563e-14
4.33000000e+01	3.64053074e+01	-2.20784893e+05	-8.59333318e+03	4.74464965e+02	1.00000000e-09	4.74464965e+01	1.00000000e-10	4.57789098e+07	1.19213998e-14
4.34000000e+01	3.64893844e+01	-2.17366073e+05	-8.46026676e+03	5.11006142e+03	1.00000000e-09	5.11006142e+02	1.00000000e-10	4.93045973e+08	1.09600645e-14
4.35000000e+01	3.65734613e+01	-2.13956829e+05	-8.32757303e+03	2.58057211e+03	1.00000000e-09	2.58057211e+02	1.00000000e-10	2.48987357e+08	1.00762507e-14
4.36000000e+01	3.66575382e+01	-2.10547585e+05	-8.19487929e+03	1.00000000e-09	1.00000000e-09	1.00000000e-10	1.00000000e-10	0.00000000e+00	9.26370726e-15
4.37000000e+01	3.67416151e+01	-2.07138340e+05	-8.06218556e+03	1.00000000e-09	1.00000000e-09	1.00000000e-10	1.00000000e-10	0.00000000e+00	8.51668685e-15
4.38000000e+01	3.68256921e+01	-2.03729393e+05	-7.92950337e+03	1.00000000e-09	1.00000000e-09	1.00000000e-10	1.00000000e-10	0.00000000e+00	7.82990577e-15
4.39000000e+01	3.69097690e+01	-2.00331423e+05	-7.79724845e+03	3.61294547e+03	1.00000000e-09	3.61294547e+02	1.00000000e-10	3.48596243e+08	7.19850635e-15
4.40000000e+01	3.69938459e+01	-1.96935340e+05	-7.66506699e+03	3.17824810e+03	1.00000000e-09	3.17824810e+02	1.00000000e-10	3.06654323e+08	6.61802264e-15
4.41000000e+01	3.70779228e+01	-1.93539257e+05	-7.53288552e+03	1.00000000e-09	1.00000000e-09	1.00000000e-10	1.00000000e-10	0.00000000e+00	6.08434883e-15
4.42000000e+01	3.71619997e+01	-1.90143174e+05	-7.40070405e+03	1.00000000e-09	1.00000000e-09	1.00000000e-10	1.00000000e-10	0.00000000e+00	5.59371018e-15
4.43000000e+01	3.72460767e+01	-1.86756193e+05	-7.26887684e+03	1.00000000e-09	1.00000000e-09	1.00000000e-10	1.00000000e-10	0.00000000e+00	5.14263638e-15
4.44000000e+01	3.73301536e+01	-1.83376722e+05	-7.13734192e+03	1.45594194e+03	1.00000000e-09	1.45594194e+02	1.00000000e-10	1.40477042e+08	4.72793693e-15
4.45000000e+01	3.74142305e+01	-1.79997250e+05	-7.00580699e+03	3.75992015e+03	1.00000000e-09	3.75992015e+02	1.00000000e-10	3.62777144e+08	4.34667862e-15
4.46000000e+01	3.74983074e+01	-1.76617779e+05	-6.87427206e+03	1.40255366e+03	1.00000000e-09	1.40255366e+02	1.00000000e-10	1.35325856e+08	3.99616478e-15
4.47000000e+01	3.75823844e+01	-1.73243150e+05	-6.74292560e+03	1.00000000e-09	1.00000000e-09	1.00000000e-10	1.00000000e-10	0.00000000e+00	3.67391618e-15
4.48000000e+01	3.76664613e+01	-1.69880119e+05	-6.61203059e+03	1.00000000e-09	1.00000000e-09	1.00000000e-10	1.00000000e-10	0.00000000e+00	3.37765354e-15
4.49000000e+01	3.77505382e+01	-1.66517089e+05	-6.48113558e+03	1.00000000e-09	1.00000000e-09	1.00000000e-10	1.00000000e-10	0.00000000e+00	3.10528136e-15
4.50000000e+01	3.78346151e+01	-1.63154058e+05	-6.35024057e+03	4.35034032e+03	1.00000000e-09	4.35034032e+02	1.00000000e-10	4.19744030e+08	2.85487313e-15
4.51000000e+01	3.79186920e+01	-1.59791028e+05	-6.21934556e+03	3.85209246e+03	1.00000000e-09	3.85209246e+02	1.00000000e-10	3.71670420e+08	2.62465769e-15
4.52000000e+01	3.80027690e+01	-1.56440584e+05	-6.08894044e+03	1.00000000e-09	1.00000000e-09	1.00000000e-10	1.00000000e-10	0.00000000e+00	2.41300669e-15
4.53000000e+01	3.80868459e+01	-1.53092048e+05	-5.95860957e+03	1.00000000e-09	1.00000000e-09	1.00000000e-10	1.00000000e-10	0.00000000e+00	2.21842312e-15
4.54000000e+01	3.81709228e+01	-1.49743511e+05	-5.82827869e+03	1.00000000e-09	1.00000000e-09	1.00000000e-10	1.00000000e-10	0.00000000e+00	2.03953067e-15
4.55000000e+01	3.82549997e+01	-1.46394975e+05	-5.69794781e+03	4.33221861e+03	1.00000000e-09	4.33221861e+02	1.00000000e-10	4.17995551e+08	1.87506400e-15
4.56000000e+01	3.83390767e+01	-1.43057518e+05	-5.56804815e+03	4.46547225e+03	1.00000000e-09	4.46547225e+02	1.00000000e-10	4.30852573e+08	1.72385984e-15
4.57000000e+01	3.84231536e+01	-1.39726818e+05	-5.43841152e+03	1.00000000e-09	1.00000000e-09	1.00000000e-10	1.00000000e-10	0.00000000e+00	1.58484870e-15
4.58000000e+01	3.85072305e+01	-1.36396119e+05	-5.30877489e+03	1.00000000e-09	1.00000000e-09	1.00000000e-10	1.00000000e-10	0.00000000e+00	1.45704735e-15
4.59000000e+01	3.85913074e+01	-1.33065420e+05	-5.17913826e+03	1.00000000e-09	1.00000000e-09	1.00000000e-10	1.00000000e-10	0.00000000e+00	1.33955183e-15
4.60000000e+01	3.86753843e+01	-1.29742545e+05	-5.04980619e+03	2.74375160e+03	1.00000000e-09	2.74375160e+02	1.00000000e-10	2.64731784e+08	1.23153109e-15
4.61000000e+01	3.87594613e+01	-1.26429825e+05	-4.92086933e+03	4.11860805e+03	1.00000000e-09	4.11860805e+02	1.00000000e-10	3.97385265e+08	1.13222108e-15
4.62000000e+01	3.88435382e+01	-1.23117104e+05	-4.79193248e+03	4.50531383e+02	1.00000000e-09	4.50531383e+01	1.00000000e-10	4.34696701e+07	1.04091937e-15
4.63000000e+01	3.89276151e+01	-1.19804384e+05	-4.66299562e+03	1.00000000e-09	1.00000000e-09	1.00000000e-10	1.00000000e-10	0.00000000e+00	9.56980191e-16
4.64000000e+01	3.90116920e+01	-1.16495615e+05	-4.53421257e+03	1.00000000e-09	1.00000000e-09	1.00000000e-10	1.00000000e-10	0.00000000e+00	8.79809819e-16
4.65000000e+01	3.90957690e+01	-1.13198730e+05	-4.40589205e+03	1.00000000e-09	1.00000000e-09	1.00000000e-10	1.00000000e-10	0.00000000e+00	8.08862425e-16
4.66000000e+01	3.91798459e+01	-1.09901845e+05	-4.27757152e+03	3.61234351e+03	1.00000000e-09	3.61234351e+02	1.00000000e-10	3.48538163e+08	7.43636191e-16
4.67000000e+01	3.92639228e+01	-1.06604959e+05	-4.14925099e+03	2.94778954e+03	1.00000000e-09	2.94778954e+02	1.00000000e-10	2.84418453e+08	6.83669765e-16
4.68000000e+01	3.93479997e+01	-1.03308565e+05	-4.02094957e+03	1.00000000e-09	1.00000000e-09	1.00000000e-10	1.00000000e-10	0.00000000e+00	6.28539001e-16
4.69000000e+01	3.94320766e+01	-1.00024578e+05	-3.89313106e+03	1.00000000e-09	1.00000000e-09	1.00000000e-10	1.00000000e-10	0.00000000e+00	5.77853951e-16
4.70000000e+01	3.95161536e+01	-9.67405905e+04	-3.76531254e+03	1.00000000e-09	1.00000000e-09	1.00000000e-10	1.00000000e-10	0.00000000e+00	5.31256117e-16
4.71000000e+01	3.96002305e+01	-9.34566033e+04	-3.63749403e+03	3.03645620e+03	1.00000000e-09	3.03645620e+02	1.00000000e-10	2.92973485e+08	4.88415907e-16
4.72000000e+01	3.96843074e+01	-9.01726160e+04	-3.50967552e+03	5.00025612e+03	1.00000000e-09	5.00025612e+02	1.00000000e-10	4.82451372e+08	4.49030309e-16
4.73000000e+01	3.97683843e+01	-8.69011723e+04	-3.38234522e+03	1.00000000e-09	1.00000000e-09	1.00000000e-10	1.00000000e-10	0.00000000e+00	4.12820745e-16
4.74000000e+01	3.98524613e+01	-8.36297285e+04	-3.25501492e+03	1.00000000e-09	1.00000000e-09	1.00000000e-10	1.00000000e-10	0.00000000e+00	3.79531100e-16
4.75000000e+01	3.99365382e+01	-8.03582847e+04	-3.12768463e+03	1.00000000e-09	1.00000000e-09	1.00000000e-10	1.00000000e-10	0.00000000e+00	3.48925915e-16
4.76000000e+01	4.00206151e+01	-7.70868409e+04	-3.00035433e+03	2.13983990e+03	1.00000000e-09	2.13983990e+02	1.00000000e-10	2.06463164e+08	3.20788716e-16
4.77000000e+01	4.01046920e+01	-7.38273386e+04	-2.87348881e+03	4.51235662e+03	1.00000000e-09	4.51235662e+02	1.00000000e-10	4.35376227e+08	2.94920485e-16
4.78000000e+01	4.01887690e+01	-7.05687441e+04	-2.74665863e+03	1.33853264e+03	1.00000000e-09	1.33853264e+02	1.00000000e-10	1.29148767e+08	2.71138254e-16
4.79000000e+01	4.02728459e+01	-6.73101496e+04	-2.61982845e+03	1.00000000e-09	1.00000000e-09	1.00000000e-10	1.00000000e-10	0.00000000e+00	2.49273810e-16
4.80000000e+01	4.03569228e+01	-6.40515551e+04	-2.49299826e+03	1.00000000e-09	1.00000000e-09	1.00000000e-10	1.00000000e-10	0.00000000e+00	2.29172503e-16
4.81000000e+01	4.04409997e+01	-6.08049511e+04	-2.36663477e+03	1.00000000e-09	1.00000000e-09	1.00000000e-10	1.00000000e-10	0.00000000e+00	2.10692155e-16
4.82000000e+01	4.05250766e+01	-5.75611376e+04	-2.24037989e+03	3.19744197e+03	1.00000000e-09	3.19744197e+02	1.00000000e-10	3.08506250e+08	1.93702052e-16
4.83000000e+01	4.06091536e+01	-5.43173241e+04	-2.11412501e+03	3.32398118e+03	1.00000000e-09	3.32398118e+02	1.00000000e-10	3.20715428e+08	1.78082022e-16
4.84000000e+01	4.06932305e+01	-5.10735106e+04	-1.98787013e+03	1.00000000e-09	1.00000000e-09	1.00000000e-10	1.00000000e-10	0.00000000e+00	1.63721583e-16
4.85000000e+01	4.07773074e+01	-4.78420751e+04	-1.86209702e+03	1.00000000e-09	1.00000000e-09	1.00000000e-10	1.00000000e-10	0.00000000e+00	1.50519162e-16
4.86000000e+01	4.08613843e+01	-4.46165298e+04	-1.73655317e+03	1.00000000e-09	1.00000000e-09	1.00000000e-10	1.00000000e-10	0.00000000e+00	1.38381377e-16
4.87000000e+01	4.09454613e+01	-4.13909845e+04	-1.61100932e+03	1.81901288e+03	1.00000000e-09	1.81901288e+02	1.00000000e-10	1.75508062e+08	1.27222377e-16
4.88000000e+01	4.10295382e+01	-3.81654393e+04	-1.48546548e+03	5.27852618e+03	1.00000000e-09	5.27852618e+02	1.00000000e-10	5.09300352e+08	1.16963232e-16
4.89000000e+01	4.11136151e+01	-3.49520908e+04	-1.36039635e+03	1.32066522e+03	1.00000000e-09	1.32066522e+02	1.00000000e-10	1.27424823e+08	1.07531379e-16
4.90000000e+01	4.11976920e+01	-3.17491561e+04	-1.23573254e+03	1.00000000e-09	1.00000000e-09	1.00000000e-10	1.00000000e-10	0.00000000e+00	9.88601065e-17
4.91000000e+01	4.12817689e+01	-2.85462213e+04	-1.11106873e+03	1.00000000e-09	1.00000000e-09	1.00000000e-10	1.00000000e-10	0.00000000e+00	9.08880802e-17
4.92000000e+01	4.13658459e+01	-2.53432866e+04	-9.86404925e+02	7.79024837e+02	1.00000000e-09	7.79024837e+01	1.00000000e-10	7.51644701e+07	8.35589140e-17
4.93000000e+01	4.14499228e+01	-2.21507353e+04	-8.62145258e+02	5.18122928e+03	1.00000000e-09	5.18122928e+02	1.00000000e-10	4.99912628e+08	7.68207678e-17
4.94000000e+01	4.15339997e+01	-1.89739294e+04	-7.38498431e+02	2.00516218e+03	1.00000000e-09	2.00516218e+02	1.00000000e-10	1.93468739e+08	7.06259821e-17
4.95000000e+01	4.16180766e+01	-1.57971235e+04	-6.14851604e+02	1.00000000e-09	1.00000000e-09	1.00000000e-10	1.00000000e-10	0.00000000e+00	6.49307406e-17
4.96000000e+01	4.17021536e+01	-1.26203176e+04	-4.91204777e+02	1.00000000e-09	1.00000000e-09	1.00000000e-10	1.00000000e-10	0.00000000e+00	5.96947603e-17
4.97000000e+01	4.17862305e+01	-9.44979658e+03	-3.67802568e+02	1.00000000e-09	1.00000000e-09	1.00000000e-10	1.00000000e-10	0.00000000e+00	5.48810067e-17
4.98000000e+01	4.18703074e+01	-6.29986439e+03	-2.45201712e+02	2.29008175e+03	1.00000000e-09	2.29008175e+02	1.00000000e-10	2.20959298e+08	5.04554316e-17
4.99000000e+01	4.19543843e+01	-3.14993219e+03	-1.22600856e+02	2.81991992e+03	1.00000000e-09	2.81991992e+02	1.00000000e-10	2.72080910e+08	4.63867326e-17
5.00000000e+01	4.20384612e+01	0.00000000e+00	0.00000000e+00	1.00000000e+01	1.00000000e+01	1.00000000e+00	1.00000000e+00	0.00000000e+00	4.26461312e-17
