# 1D PNP Solver Results
# Debye length: 1.18939 nm
# Surface potential: 100 mV
# Bulk concentration: 10 mol/m^3
# Thermal voltage: 25.6926 mV
# Grid: non-uniform with stretching factor 1
#
# Columns:
# 1: x [nm]
# 2: x/lambda_D [-]
# 3: phi [mV]
# 4: phi_normalized = e*phi/(kB*T) [-]
# 5: c+ [mol/m^3]
# 6: c- [mol/m^3]
# 7: c+/c0 [-]
# 8: c-/c0 [-]
# 9: rho [C/m^3]
# 10: phi_GC [mV] (Gouy-Chapman analytical)
0.00000000e+00	0.00000000e+00	1.00000000e+02	3.89217445e+00	9.90921388e+00	1.00918769e+01	9.90921388e-01	1.00918769e+00	-1.76243055e+04	1.00000000e+02
1.00000000e-01	8.40769225e-02	9.93587341e+01	3.86721526e+00	9.85460855e+00	1.01474786e+01	9.85460855e-01	1.01474786e+00	-2.82576644e+04	8.70576373e+01
2.00000000e-01	1.68153845e-01	9.87200456e+01	3.84235639e+00	9.84571168e+00	1.01567221e+01	9.84571168e-01	1.01567221e+00	-3.00079451e+04	7.68715638e+01
3.00000000e-01	2.52230767e-01	9.80840928e+01	3.81760400e+00	9.84488112e+00	1.01576108e+01	9.84488112e-01	1.01576108e+00	-3.01738264e+04	6.85207345e+01
4.00000000e-01	3.36307690e-01	9.74508903e+01	3.79295865e+00	9.84517245e+00	1.01573160e+01	9.84517245e-01	1.01573160e+00	-3.01172720e+04	6.14862309e+01
5.00000000e-01	4.20384612e-01	9.68204330e+01	3.76842016e+00	9.84559110e+00	1.01568846e+01	9.84559110e-01	1.01568846e+00	-3.00352528e+04	5.54461690e+01
6.00000000e-01	5.04461535e-01	9.61927137e+01	3.74398823e+00	9.84602129e+00	1.01564405e+01	9.84602129e-01	1.01564405e+00	-2.99509043e+04	5.01866549e+01
7.00000000e-01	5.88538457e-01	9.55677247e+01	3.71966256e+00	9.84645167e+00	1.01559963e+01	9.84645167e-01	1.01559963e+00	-2.98665146e+04	4.55579535e+01
8.00000000e-01	6.72615380e-01	9.49454585e+01	3.69544288e+00	9.84688128e+00	1.01555529e+01	9.84688128e-01	1.01555529e+00	-2.97822791e+04	4.14508515e+01
9.00000000e-01	7.56692302e-01	9.43259075e+01	3.67132887e+00	9.84731005e+00	1.01551103e+01	9.84731005e-01	1.01551103e+00	-2.96982124e+04	3.77829914e+01
1.00000000e+00	8.40769225e-01	9.37090642e+01	3.64732025e+00	9.84773797e+00	1.01546687e+01	9.84773797e-01	1.01546687e+00	-2.96143152e+04	3.44905241e+01
1.10000000e+00	9.24846147e-01	9.30949211e+01	3.62341673e+00	9.84816505e+00	1.01542280e+01	9.84816505e-01	1.01542280e+00	-2.95305873e+04	3.15227780e+01
1.20000000e+00	1.00892307e+00	9.24834707e+01	3.59961802e+00	9.84859128e+00	1.01537882e+01	9.84859128e-01	1.01537882e+00	-2.94470284e+04	2.88387272e+01
1.30000000e+00	1.09299999e+00	9.18747056e+01	3.57592382e+00	9.84901668e+00	1.01533493e+01	9.84901668e-01	1.01533493e+00	-2.93636384e+04	2.64045776e+01
1.40000000e+00	1.17707691e+00	9.12686181e+01	3.55233384e+00	9.84944123e+00	1.01529114e+01	9.84944123e-01	1.01529114e+00	-2.92804169e+04	2.41920729e+01
1.50000000e+00	1.26115384e+00	9.06652010e+01	3.52884779e+00	9.84986494e+00	1.01524743e+01	9.84986494e-01	1.01524743e+00	-2.91973636e+04	2.21772778e+01
1.60000000e+00	1.34523076e+00	9.00644467e+01	3.50546538e+00	9.85028782e+00	1.01520381e+01	9.85028782e-01	1.01520381e+00	-2.91144784e+04	2.03396868e+01
1.70000000e+00	1.42930768e+00	8.94663478e+01	3.48218633e+00	9.85070986e+00	1.01516029e+01	9.85070986e-01	1.01516029e+00	-2.90317609e+04	1.86615585e+01
1.80000000e+00	1.51338460e+00	8.88708970e+01	3.45901035e+00	9.85113106e+00	1.01511685e+01	9.85113106e-01	1.01511685e+00	-2.89492109e+04	1.71274116e+01
1.90000000e+00	1.59746153e+00	8.82780867e+01	3.43593714e+00	9.85155143e+00	1.01507350e+01	9.85155143e-01	1.01507350e+00	-2.88668282e+04	1.57236358e+01
2.00000000e+00	1.68153845e+00	8.76879097e+01	3.41296642e+00	9.85197097e+00	1.01503025e+01	9.85197097e-01	1.01503025e+00	-2.87846124e+04	1.44381886e+01
2.10000000e+00	1.76561537e+00	8.71003586e+01	3.39009790e+00	9.85238967e+00	1.01498708e+01	9.85238967e-01	1.01498708e+00	-2.87025633e+04	1.32603556e+01
2.20000000e+00	1.84969229e+00	8.65154260e+01	3.36733131e+00	9.85280754e+00	1.01494400e+01	9.85280754e-01	1.01494400e+00	-2.86206807e+04	1.21805577e+01
2.30000000e+00	1.93376922e+00	8.59331046e+01	3.34466634e+00	9.85322458e+00	1.01490101e+01	9.85322458e-01	1.01490101e+00	-2.85389643e+04	1.11901960e+01
2.40000000e+00	2.01784614e+00	8.53533870e+01	3.32210272e+00	9.85364080e+00	1.01485811e+01	9.85364080e-01	1.01485811e+00	-2.84574138e+04	1.02815237e+01
2.50000000e+00	2.10192306e+00	8.47762660e+01	3.29964016e+00	9.85405619e+00	1.01481530e+01	9.85405619e-01	1.01481530e+00	-2.83760290e+04	9.44754093e+00
2.60000000e+00	2.18599998e+00	8.42017342e+01	3.27727839e+00	9.85447075e+00	1.01477258e+01	9.85447075e-01	1.01477258e+00	-2.82948096e+04	8.68190590e+00
2.70000000e+00	2.27007691e+00	8.36297844e+01	3.25501710e+00	9.85488448e+00	1.01472995e+01	9.85488448e-01	1.01472995e+00	-2.82137554e+04	7.97886054e+00
2.80000000e+00	2.35415383e+00	8.30604094e+01	3.23285603e+00	9.85529740e+00	1.01468740e+01	9.85529740e-01	1.01468740e+00	-2.81328661e+04	7.33316685e+00
2.90000000e+00	2.43823075e+00	8.24936018e+01	3.21079489e+00	9.85570949e+00	1.01464494e+01	9.85570949e-01	1.01464494e+00	-2.80521415e+04	6.74005227e+00
3.00000000e+00	2.52230767e+00	8.19293544e+01	3.18883340e+00	9.85612075e+00	1.01460258e+01	9.85612075e-01	1.01460258e+00	-2.79715812e+04	6.19516235e+00
3.10000000e+00	2.60638460e+00	8.13676601e+01	3.16697128e+00	9.85653120e+00	1.01456030e+01	9.85653120e-01	1.01456030e+00	-2.78911851e+04	5.69451955e+00
3.20000000e+00	2.69046152e+00	8.08085116e+01	3.14520824e+00	9.85694083e+00	1.01451810e+01	9.85694083e-01	1.01451810e+00	-2.78109529e+04	5.23448697e+00
3.30000000e+00	2.77453844e+00	8.02519016e+01	3.12354401e+00	9.85734965e+00	1.01447600e+01	9.85734965e-01	1.01447600e+00	-2.77308843e+04	4.81173646e+00
3.40000000e+00	2.85861536e+00	7.96978232e+01	3.10197831e+00	9.85775764e+00	1.01443398e+01	9.85775764e-01	1.01443398e+00	-2.76509791e+04	4.42322017e+00
3.50000000e+00	2.94269229e+00	7.91462689e+01	3.08051086e+00	9.85816482e+00	1.01439206e+01	9.85816482e-01	1.01439206e+00	-2.75712370e+04	4.06614534e+00
3.60000000e+00	3.02676921e+00	7.85972319e+01	3.05914138e+00	9.85857119e+00	1.01435021e+01	9.85857119e-01	1.01435021e+00	-2.74916578e+04	3.73795159e+00
3.70000000e+00	3.11084613e+00	7.80507048e+01	3.03786959e+00	9.85897674e+00	1.01430846e+01	9.85897674e-01	1.01430846e+00	-2.74122412e+04	3.43629058e+00
3.80000000e+00	3.19492305e+00	7.75066805e+01	3.01669522e+00	9.85938148e+00	1.01426679e+01	9.85938148e-01	1.01426679e+00	-2.73329869e+04	3.15900770e+00
3.90000000e+00	3.27899998e+00	7.69651521e+01	2.99561798e+00	9.85978542e+00	1.01422521e+01	9.85978542e-01	1.01422521e+00	-2.72538948e+04	2.90412542e+00
4.00000000e+00	3.36307690e+00	7.64261123e+01	2.97463762e+00	9.86018854e+00	1.01418372e+01	9.86018854e-01	1.01418372e+00	-2.71749645e+04	2.66982829e+00
4.10000000e+00	3.44715382e+00	7.58895541e+01	2.95375384e+00	9.86059085e+00	1.01414231e+01	9.86059085e-01	1.01414231e+00	-2.70961958e+04	2.45444929e+00
4.20000000e+00	3.53123074e+00	7.53554705e+01	2.93296637e+00	9.86099236e+00	1.01410099e+01	9.86099236e-01	1.01410099e+00	-2.70175885e+04	2.25645740e+00
4.30000000e+00	3.61530767e+00	7.48238543e+01	2.91227494e+00	9.86139306e+00	1.01405976e+01	9.86139306e-01	1.01405976e+00	-2.69391422e+04	2.07444628e+00
4.40000000e+00	3.69938459e+00	7.42946986e+01	2.89167928e+00	9.86179296e+00	1.01401861e+01	9.86179296e-01	1.01401861e+00	-2.68608568e+04	1.90712395e+00
4.50000000e+00	3.78346151e+00	7.37679963e+01	2.87117910e+00	9.86219205e+00	1.01397755e+01	9.86219205e-01	1.01397755e+00	-2.67827320e+04	1.75330334e+00
4.60000000e+00	3.86753843e+00	7.32437404e+01	2.85077415e+00	9.86259034e+00	1.01393658e+01	9.86259034e-01	1.01393658e+00	-2.67047676e+04	1.61189369e+00
4.70000000e+00	3.95161536e+00	7.27219240e+01	2.83046414e+00	9.86298783e+00	1.01389569e+01	9.86298783e-01	1.01389569e+00	-2.66269632e+04	1.48189263e+00
4.80000000e+00	4.03569228e+00	7.22025400e+01	2.81024881e+00	9.86338452e+00	1.01385488e+01	9.86338452e-01	1.01385488e+00	-2.65493187e+04	1.36237899e+00
4.90000000e+00	4.11976920e+00	7.16855815e+01	2.79012789e+00	9.86378041e+00	1.01381416e+01	9.86378041e-01	1.01381416e+00	-2.64718337e+04	1.25250612e+00
5.00000000e+00	4.20384612e+00	7.11710415e+01	2.77010109e+00	9.86417550e+00	1.01377353e+01	9.86417550e-01	1.01377353e+00	-2.63945082e+04	1.15149587e+00
5.10000000e+00	4.28792305e+00	7.06589132e+01	2.75016817e+00	9.86456980e+00	1.01373298e+01	9.86456980e-01	1.01373298e+00	-2.63173417e+04	1.05863300e+00
5.20000000e+00	4.37199997e+00	7.01491895e+01	2.73032883e+00	9.86496330e+00	1.01369252e+01	9.86496330e-01	1.01369252e+00	-2.62403340e+04	9.73260072e-01
5.30000000e+00	4.45607689e+00	6.96418636e+01	2.71058282e+00	9.86535601e+00	1.01365214e+01	9.86535601e-01	1.01365214e+00	-2.61634849e+04	8.94772759e-01
5.40000000e+00	4.54015381e+00	6.91369286e+01	2.69092987e+00	9.86574792e+00	1.01361185e+01	9.86574792e-01	1.01361185e+00	-2.60867942e+04	8.22615544e-01
5.50000000e+00	4.62423074e+00	6.86343775e+01	2.67136971e+00	9.86613905e+00	1.01357164e+01	9.86613905e-01	1.01357164e+00	-2.60102616e+04	7.56277766e-01
5.60000000e+00	4.70830766e+00	6.81342036e+01	2.65190206e+00	9.86652938e+00	1.01353152e+01	9.86652938e-01	1.01353152e+00	-2.59338868e+04	6.95289988e-01
5.70000000e+00	4.79238458e+00	6.76364000e+01	2.63252668e+00	9.86691892e+00	1.01349148e+01	9.86691892e-01	1.01349148e+00	-2.58576697e+04	6.39220665e-01
5.80000000e+00	4.87646150e+00	6.71409598e+01	2.61324328e+00	9.86730768e+00	1.01345152e+01	9.86730768e-01	1.01345152e+00	-2.57816099e+04	5.87673079e-01
5.90000000e+00	4.96053843e+00	6.66478762e+01	2.59405161e+00	9.86769565e+00	1.01341165e+01	9.86769565e-01	1.01341165e+00	-2.57057072e+04	5.40282524e-01
6.00000000e+00	5.04461535e+00	6.61571425e+01	2.57495140e+00	9.86808283e+00	1.01337187e+01	9.86808283e-01	1.01337187e+00	-2.56299613e+04	4.96713722e-01
6.10000000e+00	5.12869227e+00	6.56687517e+01	2.55594238e+00	9.86846923e+00	1.01333216e+01	9.86846923e-01	1.01333216e+00	-2.55543721e+04	4.56658442e-01
6.20000000e+00	5.21276919e+00	6.51826972e+01	2.53702428e+00	9.86885484e+00	1.01329254e+01	9.86885484e-01	1.01329254e+00	-2.54789392e+04	4.19833321e-01
6.30000000e+00	5.29684612e+00	6.46989721e+01	2.51819686e+00	9.86923967e+00	1.01325301e+01	9.86923967e-01	1.01325301e+00	-2.54036625e+04	3.85977854e-01
6.40000000e+00	5.38092304e+00	6.42175697e+01	2.49945984e+00	9.86962372e+00	1.01321356e+01	9.86962372e-01	1.01321356e+00	-2.53285417e+04	3.54852548e-01
6.50000000e+00	5.46499996e+00	6.37384832e+01	2.48081296e+00	9.87000699e+00	1.01317419e+01	9.87000699e-01	1.01317419e+00	-2.52535764e+04	3.26237227e-01
6.60000000e+00	5.54907688e+00	6.32617060e+01	2.46225596e+00	9.87038948e+00	1.01313490e+01	9.87038948e-01	1.01313490e+00	-2.51787666e+04	2.99929475e-01
6.70000000e+00	5.63315381e+00	6.27872313e+01	2.44378858e+00	9.87077119e+00	1.01309570e+01	9.87077119e-01	1.01309570e+00	-2.51041119e+04	2.75743201e-01
6.80000000e+00	5.71723073e+00	6.23150524e+01	2.42541055e+00	9.87115213e+00	1.01305658e+01	9.87115213e-01	1.01305658e+00	-2.50296121e+04	2.53507323e-01
6.90000000e+00	5.80130765e+00	6.18451627e+01	2.40712162e+00	9.87153229e+00	1.01301754e+01	9.87153229e-01	1.01301754e+00	-2.49552670e+04	2.33064554e-01
7.00000000e+00	5.88538457e+00	6.13775554e+01	2.38892153e+00	9.87191168e+00	1.01297859e+01	9.87191168e-01	1.01297859e+00	-2.48810763e+04	2.14270296e-01
7.10000000e+00	5.96946150e+00	6.09122238e+01	2.37081001e+00	9.87229029e+00	1.01293971e+01	9.87229029e-01	1.01293971e+00	-2.48070397e+04	1.96991610e-01
7.20000000e+00	6.05353842e+00	6.04491614e+01	2.35278682e+00	9.87266813e+00	1.01290092e+01	9.87266813e-01	1.01290092e+00	-2.47331571e+04	1.81106277e-01
7.30000000e+00	6.13761534e+00	5.99883615e+01	2.33485168e+00	9.87304521e+00	1.01286222e+01	9.87304521e-01	1.01286222e+00	-2.46594282e+04	1.66501937e-01
7.40000000e+00	6.22169226e+00	5.95298176e+01	2.31700435e+00	9.87342151e+00	1.01282359e+01	9.87342151e-01	1.01282359e+00	-2.45858527e+04	1.53075289e-01
7.50000000e+00	6.30576919e+00	5.90735228e+01	2.29924456e+00	9.87379704e+00	1.01278505e+01	9.87379704e-01	1.01278505e+00	-2.45124304e+04	1.40731363e-01
7.60000000e+00	6.38984611e+00	5.86194708e+01	2.28157207e+00	9.87417180e+00	1.01274659e+01	9.87417180e-01	1.01274659e+00	-2.44391610e+04	1.29382849e-01
7.70000000e+00	6.47392303e+00	5.81676549e+01	2.26398660e+00	9.87454580e+00	1.01270821e+01	9.87454580e-01	1.01270821e+00	-2.43660444e+04	1.18949475e-01
7.80000000e+00	6.55799995e+00	5.77180685e+01	2.24648792e+00	9.87491903e+00	1.01266991e+01	9.87491903e-01	1.01266991e+00	-2.42930802e+04	1.09357445e-01
7.90000000e+00	6.64207688e+00	5.72707052e+01	2.22907575e+00	9.87529150e+00	1.01263169e+01	9.87529150e-01	1.01263169e+00	-2.42202683e+04	1.00538914e-01
8.00000000e+00	6.72615380e+00	5.68255583e+01	2.21174986e+00	9.87566321e+00	1.01259355e+01	9.87566321e-01	1.01259355e+00	-2.41476084e+04	9.24315047e-02
8.10000000e+00	6.81023072e+00	5.63826213e+01	2.19450998e+00	9.87603415e+00	1.01255550e+01	9.87603415e-01	1.01255550e+00	-2.40751002e+04	8.49778740e-02
8.20000000e+00	6.89430764e+00	5.59418877e+01	2.17735586e+00	9.87640434e+00	1.01251752e+01	9.87640434e-01	1.01251752e+00	-2.40027436e+04	7.81253008e-02
8.30000000e+00	6.97838457e+00	5.55033510e+01	2.16028725e+00	9.87677376e+00	1.01247963e+01	9.87677376e-01	1.01247963e+00	-2.39305382e+04	7.18253161e-02
8.40000000e+00	7.06246149e+00	5.50670048e+01	2.14330389e+00	9.87714243e+00	1.01244182e+01	9.87714243e-01	1.01244182e+00	-2.38584838e+04	6.60333593e-02
8.50000000e+00	7.14653841e+00	5.46328425e+01	2.12640554e+00	9.87751034e+00	1.01240409e+01	9.87751034e-01	1.01240409e+00	-2.37865803e+04	6.07084632e-02
8.60000000e+00	7.23061533e+00	5.42008577e+01	2.10959194e+00	9.87787749e+00	1.01236644e+01	9.87787749e-01	1.01236644e+00	-2.37148273e+04	5.58129641e-02
8.70000000e+00	7.31469226e+00	5.37710440e+01	2.09286284e+00	9.87824389e+00	1.01232886e+01	9.87824389e-01	1.01232886e+00	-2.36432246e+04	5.13122357e-02
8.80000000e+00	7.39876918e+00	5.33433949e+01	2.07621799e+00	9.87860953e+00	1.01229137e+01	9.87860953e-01	1.01229137e+00	-2.35717720e+04	4.71744438e-02
8.90000000e+00	7.48284610e+00	5.29179040e+01	2.05965714e+00	9.87897442e+00	1.01225396e+01	9.87897442e-01	1.01225396e+00	-2.35004693e+04	4.33703214e-02
9.00000000e+00	7.56692302e+00	5.24945649e+01	2.04318004e+00	9.87933856e+00	1.01221663e+01	9.87933856e-01	1.01221663e+00	-2.34293161e+04	3.98729614e-02
9.10000000e+00	7.65099995e+00	5.20733712e+01	2.02678645e+00	9.87970195e+00	1.01217938e+01	9.87970195e-01	1.01217938e+00	-2.33583124e+04	3.66576268e-02
9.20000000e+00	7.73507687e+00	5.16543166e+01	2.01047611e+00	9.88006459e+00	1.01214221e+01	9.88006459e-01	1.01214221e+00	-2.32874577e+04	3.37015752e-02
9.30000000e+00	7.81915379e+00	5.12373945e+01	1.99424878e+00	9.88042648e+00	1.01210512e+01	9.88042648e-01	1.01210512e+00	-2.32167520e+04	3.09838980e-02
9.40000000e+00	7.90323071e+00	5.08225988e+01	1.97810421e+00	9.88078763e+00	1.01206810e+01	9.88078763e-01	1.01206810e+00	-2.31461949e+04	2.84853728e-02
9.50000000e+00	7.98730764e+00	5.04099231e+01	1.96204215e+00	9.88114803e+00	1.01203117e+01	9.88114803e-01	1.01203117e+00	-2.30757862e+04	2.61883275e-02
9.60000000e+00	8.07138456e+00	4.99993609e+01	1.94606235e+00	9.88150768e+00	1.01199432e+01	9.88150768e-01	1.01199432e+00	-2.30055257e+04	2.40765146e-02
9.70000000e+00	8.15546148e+00	4.95909062e+01	1.93016458e+00	9.88186659e+00	1.01195754e+01	9.88186659e-01	1.01195754e+00	-2.29354132e+04	2.21349973e-02
9.80000000e+00	8.23953840e+00	4.91845524e+01	1.91434858e+00	9.88222476e+00	1.01192084e+01	9.88222476e-01	1.01192084e+00	-2.28654484e+04	2.03500429e-02
9.90000000e+00	8.32361533e+00	4.87802933e+01	1.89861411e+00	9.88258218e+00	1.01188422e+01	9.88258218e-01	1.01188422e+00	-2.27956311e+04	1.87090262e-02
1.00000000e+01	8.40769225e+00	4.83781227e+01	1.88296093e+00	9.88293887e+00	1.01184769e+01	9.88293887e-01	1.01184769e+00	-2.27259610e+04	1.72003403e-02
1.01000000e+01	8.49176917e+00	4.79780343e+01	1.86738879e+00	9.88329481e+00	1.01181122e+01	9.88329481e-01	1.01181122e+00	-2.26564379e+04	1.58133140e-02
1.02000000e+01	8.57584609e+00	4.75800219e+01	1.85189745e+00	9.88365002e+00	1.01177484e+01	9.88365002e-01	1.01177484e+00	-2.25870617e+04	1.45381368e-02
1.03000000e+01	8.65992302e+00	4.71840791e+01	1.83648667e+00	9.88400449e+00	1.01173854e+01	9.88400449e-01	1.01173854e+00	-2.25178319e+04	1.33657892e-02
1.04000000e+01	8.74399994e+00	4.67901999e+01	1.82115620e+00	9.88435823e+00	1.01170231e+01	9.88435823e-01	1.01170231e+00	-2.24487485e+04	1.22879791e-02
1.05000000e+01	8.82807686e+00	4.63983779e+01	1.80590581e+00	9.88471123e+00	1.01166616e+01	9.88471123e-01	1.01166616e+00	-2.23798111e+04	1.12970830e-02
1.06000000e+01	8.91215378e+00	4.60086070e+01	1.79073525e+00	9.88506349e+00	1.01163009e+01	9.88506349e-01	1.01163009e+00	-2.23110196e+04	1.03860923e-02
1.07000000e+01	8.99623071e+00	4.56208810e+01	1.77564427e+00	9.88541503e+00	1.01159410e+01	9.88541503e-01	1.01159410e+00	-2.22423738e+04	9.54856333e-03
1.08000000e+01	9.08030763e+00	4.52351937e+01	1.76063265e+00	9.88576583e+00	1.01155818e+01	9.88576583e-01	1.01155818e+00	-2.21738733e+04	8.77857228e-03
1.09000000e+01	9.16438455e+00	4.48515389e+01	1.74570014e+00	9.88611590e+00	1.01152234e+01	9.88611590e-01	1.01152234e+00	-2.21055179e+04	8.07067289e-03
1.10000000e+01	9.24846147e+00	4.44699106e+01	1.73084650e+00	9.88646524e+00	1.01148658e+01	9.88646524e-01	1.01148658e+00	-2.20373075e+04	7.41985814e-03
1.11000000e+01	9.33253840e+00	4.40903025e+01	1.71607149e+00	9.88681386e+00	1.01145090e+01	9.88681386e-01	1.01145090e+00	-2.19692417e+04	6.82152474e-03
1.12000000e+01	9.41661532e+00	4.37127086e+01	1.70137488e+00	9.88716174e+00	1.01141529e+01	9.88716174e-01	1.01141529e+00	-2.19013204e+04	6.27144062e-03
1.13000000e+01	9.50069224e+00	4.33371228e+01	1.68675642e+00	9.88750891e+00	1.01137976e+01	9.88750891e-01	1.01137976e+00	-2.18335434e+04	5.76571500e-03
1.14000000e+01	9.58476916e+00	4.29635389e+01	1.67221588e+00	9.88785534e+00	1.01134431e+01	9.88785534e-01	1.01134431e+00	-2.17659103e+04	5.30077082e-03
1.15000000e+01	9.66884609e+00	4.25919509e+01	1.65775303e+00	9.88820105e+00	1.01130893e+01	9.88820105e-01	1.01130893e+00	-2.16984210e+04	4.87331949e-03
1.16000000e+01	9.75292301e+00	4.22223527e+01	1.64336762e+00	9.88854604e+00	1.01127363e+01	9.88854604e-01	1.01127363e+00	-2.16310753e+04	4.48033760e-03
1.17000000e+01	9.83699993e+00	4.18547382e+01	1.62905943e+00	9.88889031e+00	1.01123841e+01	9.88889031e-01	1.01123841e+00	-2.15638728e+04	4.11904557e-03
1.18000000e+01	9.92107685e+00	4.14891015e+01	1.61482821e+00	9.88923386e+00	1.01120326e+01	9.88923386e-01	1.01120326e+00	-2.14968134e+04	3.78688794e-03
1.19000000e+01	1.00051538e+01	4.11254364e+01	1.60067373e+00	9.88957669e+00	1.01116819e+01	9.88957669e-01	1.01116819e+00	-2.14298969e+04	3.48151531e-03
1.20000000e+01	1.00892307e+01	4.07637369e+01	1.58659575e+00	9.88991880e+00	1.01113320e+01	9.88991880e-01	1.01113320e+00	-2.13631230e+04	3.20076778e-03
1.21000000e+01	1.01733076e+01	4.04039971e+01	1.57259405e+00	9.89026019e+00	1.01109828e+01	9.89026019e-01	1.01109828e+00	-2.12964915e+04	2.94265957e-03
1.22000000e+01	1.02573845e+01	4.00462109e+01	1.55866839e+00	9.89060087e+00	1.01106343e+01	9.89060087e-01	1.01106343e+00	-2.12300021e+04	2.70536508e-03
1.23000000e+01	1.03414615e+01	3.96903724e+01	1.54481854e+00	9.89094083e+00	1.01102867e+01	9.89094083e-01	1.01102867e+00	-2.11636547e+04	2.48720588e-03
1.24000000e+01	1.04255384e+01	3.93364756e+01	1.53104425e+00	9.89128007e+00	1.01099397e+01	9.89128007e-01	1.01099397e+00	-2.10974490e+04	2.28663893e-03
1.25000000e+01	1.05096153e+01	3.89845146e+01	1.51734532e+00	9.89161861e+00	1.01095936e+01	9.89161861e-01	1.01095936e+00	-2.10313848e+04	2.10224558e-03
1.26000000e+01	1.05936922e+01	3.86344833e+01	1.50372149e+00	9.89195643e+00	1.01092481e+01	9.89195643e-01	1.01092481e+00	-2.09654618e+04	1.93272162e-03
1.27000000e+01	1.06777692e+01	3.82863759e+01	1.49017254e+00	9.89229354e+00	1.01089035e+01	9.89229354e-01	1.01089035e+00	-2.08996799e+04	1.77686798e-03
1.28000000e+01	1.07618461e+01	3.79401864e+01	1.47669824e+00	9.89262995e+00	1.01085595e+01	9.89262995e-01	1.01085595e+00	-2.08340388e+04	1.63358230e-03
1.29000000e+01	1.08459230e+01	3.75959090e+01	1.46329836e+00	9.89296564e+00	1.01082164e+01	9.89296564e-01	1.01082164e+00	-2.07685382e+04	1.50185109e-03
1.30000000e+01	1.09299999e+01	3.72535377e+01	1.44997267e+00	9.89330062e+00	1.01078739e+01	9.89330062e-01	1.01078739e+00	-2.07031780e+04	1.38074262e-03
1.31000000e+01	1.10140768e+01	3.69130666e+01	1.43672095e+00	9.89363490e+00	1.01075323e+01	9.89363490e-01	1.01075323e+00	-2.06379579e+04	1.26940027e-03
1.32000000e+01	1.10981538e+01	3.65744900e+01	1.42354295e+00	9.89396848e+00	1.01071913e+01	9.89396848e-01	1.01071913e+00	-2.05728777e+04	1.16703651e-03
1.33000000e+01	1.11822307e+01	3.62378019e+01	1.41043846e+00	9.89430135e+00	1.01068511e+01	9.89430135e-01	1.01068511e+00	-2.05079372e+04	1.07292731e-03
1.34000000e+01	1.12663076e+01	3.59029964e+01	1.39740725e+00	9.89463352e+00	1.01065117e+01	9.89463352e-01	1.01065117e+00	-2.04431362e+04	9.86407027e-04
1.35000000e+01	1.13503845e+01	3.55700678e+01	1.38444909e+00	9.89496498e+00	1.01061730e+01	9.89496498e-01	1.01061730e+00	-2.03784743e+04	9.06863691e-04
1.36000000e+01	1.14344615e+01	3.52390103e+01	1.37156375e+00	9.89529574e+00	1.01058350e+01	9.89529574e-01	1.01058350e+00	-2.03139515e+04	8.33734687e-04
1.37000000e+01	1.15185384e+01	3.49098179e+01	1.35875101e+00	9.89562581e+00	1.01054978e+01	9.89562581e-01	1.01054978e+00	-2.02495675e+04	7.66502767e-04
1.38000000e+01	1.16026153e+01	3.45824850e+01	1.34601065e+00	9.89595517e+00	1.01051613e+01	9.89595517e-01	1.01051613e+00	-2.01853220e+04	7.04692393e-04
1.39000000e+01	1.16866922e+01	3.42570057e+01	1.33334242e+00	9.89628384e+00	1.01048255e+01	9.89628384e-01	1.01048255e+00	-2.01212148e+04	6.47866374e-04
1.40000000e+01	1.17707691e+01	3.39333743e+01	1.32074613e+00	9.89661181e+00	1.01044905e+01	9.89661181e-01	1.01044905e+00	-2.00572458e+04	5.95622776e-04
1.41000000e+01	1.18548461e+01	3.36115850e+01	1.30822153e+00	9.89693908e+00	1.01041562e+01	9.89693908e-01	1.01041562e+00	-1.99934146e+04	5.47592073e-04
1.42000000e+01	1.19389230e+01	3.32916321e+01	1.29576840e+00	9.89726566e+00	1.01038227e+01	9.89726566e-01	1.01038227e+00	-1.99297211e+04	5.03434541e-04
1.43000000e+01	1.20229999e+01	3.29735098e+01	1.28338652e+00	9.89759155e+00	1.01034898e+01	9.89759155e-01	1.01034898e+00	-1.98661651e+04	4.62837848e-04
1.44000000e+01	1.21070768e+01	3.26572124e+01	1.27107568e+00	9.89791675e+00	1.01031577e+01	9.89791675e-01	1.01031577e+00	-1.98027462e+04	4.25514851e-04
1.45000000e+01	1.21911538e+01	3.23427342e+01	1.25883564e+00	9.89824125e+00	1.01028264e+01	9.89824125e-01	1.01028264e+00	-1.97394644e+04	3.91201561e-04
1.46000000e+01	1.22752307e+01	3.20300695e+01	1.24666618e+00	9.89856506e+00	1.01024957e+01	9.89856506e-01	1.01024957e+00	-1.96763194e+04	3.59655276e-04
1.47000000e+01	1.23593076e+01	3.17192126e+01	1.23456709e+00	9.89888818e+00	1.01021658e+01	9.89888818e-01	1.01021658e+00	-1.96133109e+04	3.30652866e-04
1.48000000e+01	1.24433845e+01	3.14101578e+01	1.22253814e+00	9.89921062e+00	1.01018366e+01	9.89921062e-01	1.01018366e+00	-1.95504387e+04	3.03989196e-04
1.49000000e+01	1.25274615e+01	3.11028995e+01	1.21057911e+00	9.89953236e+00	1.01015082e+01	9.89953236e-01	1.01015082e+00	-1.94877027e+04	2.79475669e-04
1.50000000e+01	1.26115384e+01	3.07974320e+01	1.19868978e+00	9.89985343e+00	1.01011804e+01	9.89985343e-01	1.01011804e+00	-1.94251025e+04	2.56938901e-04
1.51000000e+01	1.26956153e+01	3.04937496e+01	1.18686993e+00	9.90017380e+00	1.01008534e+01	9.90017380e-01	1.01008534e+00	-1.93626381e+04	2.36219485e-04
1.52000000e+01	1.27796922e+01	3.01918469e+01	1.17511935e+00	9.90049349e+00	1.01005271e+01	9.90049349e-01	1.01005271e+00	-1.93003091e+04	2.17170872e-04
1.53000000e+01	1.28637691e+01	2.98917180e+01	1.16343781e+00	9.90081250e+00	1.01002015e+01	9.90081250e-01	1.01002015e+00	-1.92381153e+04	1.99658328e-04
1.54000000e+01	1.29478461e+01	2.95933575e+01	1.15182510e+00	9.90113083e+00	1.00998767e+01	9.90113083e-01	1.00998767e+00	-1.91760566e+04	1.83557987e-04
1.55000000e+01	1.30319230e+01	2.92967598e+01	1.14028100e+00	9.90144848e+00	1.00995525e+01	9.90144848e-01	1.00995525e+00	-1.91141326e+04	1.68755969e-04
1.56000000e+01	1.31159999e+01	2.90019192e+01	1.12880529e+00	9.90176544e+00	1.00992291e+01	9.90176544e-01	1.00992291e+00	-1.90523433e+04	1.55147578e-04
1.57000000e+01	1.32000768e+01	2.87088302e+01	1.11739775e+00	9.90208173e+00	1.00989063e+01	9.90208173e-01	1.00989063e+00	-1.89906883e+04	1.42636560e-04
1.58000000e+01	1.32841538e+01	2.84174872e+01	1.10605818e+00	9.90239734e+00	1.00985843e+01	9.90239734e-01	1.00985843e+00	-1.89291674e+04	1.31134424e-04
1.59000000e+01	1.33682307e+01	2.81278848e+01	1.09478634e+00	9.90271228e+00	1.00982630e+01	9.90271228e-01	1.00982630e+00	-1.88677805e+04	1.20559814e-04
1.60000000e+01	1.34523076e+01	2.78400173e+01	1.08358204e+00	9.90302653e+00	1.00979425e+01	9.90302653e-01	1.00979425e+00	-1.88065273e+04	1.10837935e-04
1.61000000e+01	1.35363845e+01	2.75538792e+01	1.07244505e+00	9.90334012e+00	1.00976226e+01	9.90334012e-01	1.00976226e+00	-1.87454076e+04	1.01900023e-04
1.62000000e+01	1.36204614e+01	2.72694651e+01	1.06137515e+00	9.90365303e+00	1.00973034e+01	9.90365303e-01	1.00973034e+00	-1.86844212e+04	9.36828597e-05
1.63000000e+01	1.37045384e+01	2.69867694e+01	1.05037214e+00	9.90396526e+00	1.00969849e+01	9.90396526e-01	1.00969849e+00	-1.86235678e+04	8.61283240e-05
1.64000000e+01	1.37886153e+01	2.67057867e+01	1.03943581e+00	9.90427683e+00	1.00966672e+01	9.90427683e-01	1.00966672e+00	-1.85628473e+04	7.91829819e-05
1.65000000e+01	1.38726922e+01	2.64265114e+01	1.02856593e+00	9.90458773e+00	1.00963501e+01	9.90458773e-01	1.00963501e+00	-1.85022594e+04	7.27977085e-05
1.66000000e+01	1.39567691e+01	2.61489382e+01	1.01776229e+00	9.90489795e+00	1.00960338e+01	9.90489795e-01	1.00960338e+00	-1.84418040e+04	6.69273402e-05
1.67000000e+01	1.40408461e+01	2.58730615e+01	1.00702469e+00	9.90520751e+00	1.00957181e+01	9.90520751e-01	1.00957181e+00	-1.83814807e+04	6.15303552e-05
1.68000000e+01	1.41249230e+01	2.55988760e+01	9.96352911e-01	9.90551640e+00	1.00954032e+01	9.90551640e-01	1.00954032e+00	-1.83212894e+04	5.65685802e-05
1.69000000e+01	1.42089999e+01	2.53263762e+01	9.85746743e-01	9.90582462e+00	1.00950889e+01	9.90582462e-01	1.00950889e+00	-1.82612299e+04	5.20069201e-05
1.70000000e+01	1.42930768e+01	2.50555567e+01	9.75205974e-01	9.90613218e+00	1.00947754e+01	9.90613218e-01	1.00947754e+00	-1.82013020e+04	4.78131098e-05
1.71000000e+01	1.43771537e+01	2.47864120e+01	9.64730395e-01	9.90643908e+00	1.00944625e+01	9.90643908e-01	1.00944625e+00	-1.81415054e+04	4.39574862e-05
1.72000000e+01	1.44612307e+01	2.45189369e+01	9.54319796e-01	9.90674531e+00	1.00941504e+01	9.90674531e-01	1.00941504e+00	-1.80818399e+04	4.04127779e-05
1.73000000e+01	1.45453076e+01	2.42531258e+01	9.43973967e-01	9.90705088e+00	1.00938389e+01	9.90705088e-01	1.00938389e+00	-1.80223053e+04	3.71539131e-05
1.74000000e+01	1.46293845e+01	2.39889736e+01	9.33692700e-01	9.90735579e+00	1.00935281e+01	9.90735579e-01	1.00935281e+00	-1.79629015e+04	3.41578414e-05
1.75000000e+01	1.47134614e+01	2.37264747e+01	9.23475785e-01	9.90766004e+00	1.00932181e+01	9.90766004e-01	1.00932181e+00	-1.79036281e+04	3.14033713e-05
1.76000000e+01	1.47975384e+01	2.34656238e+01	9.13323015e-01	9.90796363e+00	1.00929087e+01	9.90796363e-01	1.00929087e+00	-1.78444850e+04	2.88710202e-05
1.77000000e+01	1.48816153e+01	2.32064157e+01	9.03234183e-01	9.90826656e+00	1.00926000e+01	9.90826656e-01	1.00926000e+00	-1.77854720e+04	2.65428765e-05
1.78000000e+01	1.49656922e+01	2.29488450e+01	8.93209080e-01	9.90856883e+00	1.00922920e+01	9.90856883e-01	1.00922920e+00	-1.77265888e+04	2.44024731e-05
1.79000000e+01	1.50497691e+01	2.26929063e+01	8.83247501e-01	9.90887045e+00	1.00919847e+01	9.90887045e-01	1.00919847e+00	-1.76678352e+04	2.24346707e-05
1.80000000e+01	1.51338460e+01	2.24385944e+01	8.73349239e-01	9.90917141e+00	1.00916780e+01	9.90917141e-01	1.00916780e+00	-1.76092111e+04	2.06255509e-05
1.81000000e+01	1.52179230e+01	2.21859040e+01	8.63514088e-01	9.90947172e+00	1.00913721e+01	9.90947172e-01	1.00913721e+00	-1.75507162e+04	1.89623175e-05
1.82000000e+01	1.53019999e+01	2.19348299e+01	8.53741844e-01	9.90977138e+00	1.00910668e+01	9.90977138e-01	1.00910668e+00	-1.74923503e+04	1.74332063e-05
1.83000000e+01	1.53860768e+01	2.16853666e+01	8.44032300e-01	9.91007038e+00	1.00907622e+01	9.91007038e-01	1.00907622e+00	-1.74341132e+04	1.60274019e-05
1.84000000e+01	1.54701537e+01	2.14375091e+01	8.34385253e-01	9.91036874e+00	1.00904583e+01	9.91036874e-01	1.00904583e+00	-1.73760047e+04	1.47349607e-05
1.85000000e+01	1.55542307e+01	2.11912521e+01	8.24800498e-01	9.91066644e+00	1.00901551e+01	9.91066644e-01	1.00901551e+00	-1.73180246e+04	1.35467414e-05
1.86000000e+01	1.56383076e+01	2.09465902e+01	8.15277832e-01	9.91096350e+00	1.00898526e+01	9.91096350e-01	1.00898526e+00	-1.72601726e+04	1.24543394e-05
1.87000000e+01	1.57223845e+01	2.07035184e+01	8.05817052e-01	9.91125990e+00	1.00895507e+01	9.91125990e-01	1.00895507e+00	-1.72024486e+04	1.14500281e-05
1.88000000e+01	1.58064614e+01	2.04620313e+01	7.96417955e-01	9.91155566e+00	1.00892495e+01	9.91155566e-01	1.00892495e+00	-1.71448523e+04	1.05267039e-05
1.89000000e+01	1.58905384e+01	2.02221239e+01	7.87080339e-01	9.91185078e+00	1.00889490e+01	9.91185078e-01	1.00889490e+00	-1.70873836e+04	9.67783615e-06
1.90000000e+01	1.59746153e+01	1.99837908e+01	7.77804001e-01	9.91214525e+00	1.00886492e+01	9.91214525e-01	1.00886492e+00	-1.70300422e+04	8.89742061e-06
1.91000000e+01	1.60586922e+01	1.97470270e+01	7.68588741e-01	9.91243908e+00	1.00883500e+01	9.91243908e-01	1.00883500e+00	-1.69728279e+04	8.17993736e-06
1.92000000e+01	1.61427691e+01	1.95118273e+01	7.59434357e-01	9.91273226e+00	1.00880516e+01	9.91273226e-01	1.00880516e+00	-1.69157405e+04	7.52031158e-06
1.93000000e+01	1.62268460e+01	1.92781865e+01	7.50340650e-01	9.91302480e+00	1.00877537e+01	9.91302480e-01	1.00877537e+00	-1.68587798e+04	6.91387767e-06
1.94000000e+01	1.63109230e+01	1.90460995e+01	7.41307418e-01	9.91331670e+00	1.00874566e+01	9.91331670e-01	1.00874566e+00	-1.68019456e+04	6.35634627e-06
1.95000000e+01	1.63949999e+01	1.88155611e+01	7.32334463e-01	9.91360796e+00	1.00871601e+01	9.91360796e-01	1.00871601e+00	-1.67452377e+04	5.84377390e-06
1.96000000e+01	1.64790768e+01	1.85865663e+01	7.23421585e-01	9.91389859e+00	1.00868643e+01	9.91389859e-01	1.00868643e+00	-1.66886559e+04	5.37253509e-06
1.97000000e+01	1.65631537e+01	1.83591099e+01	7.14568584e-01	9.91418857e+00	1.00865692e+01	9.91418857e-01	1.00865692e+00	-1.66322000e+04	4.93929673e-06
1.98000000e+01	1.66472307e+01	1.81331868e+01	7.05775264e-01	9.91447792e+00	1.00862747e+01	9.91447792e-01	1.00862747e+00	-1.65758697e+04	4.54099448e-06
1.99000000e+01	1.67313076e+01	1.79087920e+01	6.97041426e-01	9.91476663e+00	1.00859809e+01	9.91476663e-01	1.00859809e+00	-1.65196648e+04	4.17481111e-06
2.00000000e+01	1.68153845e+01	1.76859203e+01	6.88366872e-01	9.91505471e+00	1.00856877e+01	9.91505471e-01	1.00856877e+00	-1.64635853e+04	3.83815657e-06
2.01000000e+01	1.68994614e+01	1.74645668e+01	6.79751405e-01	9.91534215e+00	1.00853953e+01	9.91534215e-01	1.00853953e+00	-1.64076307e+04	3.52864967e-06
2.02000000e+01	1.69835383e+01	1.72447263e+01	6.71194829e-01	9.91562897e+00	1.00851034e+01	9.91562897e-01	1.00851034e+00	-1.63518010e+04	3.24410125e-06
2.03000000e+01	1.70676153e+01	1.70263938e+01	6.62696948e-01	9.91591514e+00	1.00848123e+01	9.91591514e-01	1.00848123e+00	-1.62960960e+04	2.98249865e-06
2.04000000e+01	1.71516922e+01	1.68095643e+01	6.54257565e-01	9.91620069e+00	1.00845218e+01	9.91620069e-01	1.00845218e+00	-1.62405154e+04	2.74199155e-06
2.05000000e+01	1.72357691e+01	1.65942327e+01	6.45876486e-01	9.91648561e+00	1.00842319e+01	9.91648561e-01	1.00842319e+00	-1.61850590e+04	2.52087882e-06
2.06000000e+01	1.73198460e+01	1.63803941e+01	6.37553515e-01	9.91676990e+00	1.00839427e+01	9.91676990e-01	1.00839427e+00	-1.61297266e+04	2.31759650e-06
2.07000000e+01	1.74039230e+01	1.61680435e+01	6.29288459e-01	9.91705357e+00	1.00836542e+01	9.91705357e-01	1.00836542e+00	-1.60745180e+04	2.13070675e-06
2.08000000e+01	1.74879999e+01	1.59571759e+01	6.21081122e-01	9.91733660e+00	1.00833663e+01	9.91733660e-01	1.00833663e+00	-1.60194331e+04	1.95888770e-06
2.09000000e+01	1.75720768e+01	1.57477862e+01	6.12931312e-01	9.91761901e+00	1.00830791e+01	9.91761901e-01	1.00830791e+00	-1.59644715e+04	1.80092404e-06
2.10000000e+01	1.76561537e+01	1.55398696e+01	6.04838834e-01	9.91790080e+00	1.00827925e+01	9.91790080e-01	1.00827925e+00	-1.59096332e+04	1.65569849e-06
2.11000000e+01	1.77402306e+01	1.53334211e+01	5.96803497e-01	9.91818196e+00	1.00825066e+01	9.91818196e-01	1.00825066e+00	-1.58549179e+04	1.52218384e-06
2.12000000e+01	1.78243076e+01	1.51284357e+01	5.88825108e-01	9.91846250e+00	1.00822213e+01	9.91846250e-01	1.00822213e+00	-1.58003253e+04	1.39943575e-06
2.13000000e+01	1.79083845e+01	1.49249085e+01	5.80903475e-01	9.91874242e+00	1.00819367e+01	9.91874242e-01	1.00819367e+00	-1.57458554e+04	1.28658600e-06
2.14000000e+01	1.79924614e+01	1.47228346e+01	5.73038406e-01	9.91902171e+00	1.00816527e+01	9.91902171e-01	1.00816527e+00	-1.56915078e+04	1.18283639e-06
2.15000000e+01	1.80765383e+01	1.45222091e+01	5.65229711e-01	9.91930039e+00	1.00813694e+01	9.91930039e-01	1.00813694e+00	-1.56372825e+04	1.08745310e-06
2.16000000e+01	1.81606153e+01	1.43230270e+01	5.57477198e-01	9.91957845e+00	1.00810867e+01	9.91957845e-01	1.00810867e+00	-1.55831791e+04	9.99761460e-07
2.17000000e+01	1.82446922e+01	1.41252836e+01	5.49780678e-01	9.91985589e+00	1.00808047e+01	9.91985589e-01	1.00808047e+00	-1.55291975e+04	9.19141229e-07
2.18000000e+01	1.83287691e+01	1.39289738e+01	5.42139960e-01	9.92013271e+00	1.00805233e+01	9.92013271e-01	1.00805233e+00	-1.54753375e+04	8.45022171e-07
2.19000000e+01	1.84128460e+01	1.37340929e+01	5.34554855e-01	9.92040892e+00	1.00802425e+01	9.92040892e-01	1.00802425e+00	-1.54215989e+04	7.76880034e-07
2.20000000e+01	1.84969229e+01	1.35406360e+01	5.27025175e-01	9.92068451e+00	1.00799624e+01	9.92068451e-01	1.00799624e+00	-1.53679815e+04	7.14232843e-07
2.21000000e+01	1.85809999e+01	1.33485982e+01	5.19550730e-01	9.92095949e+00	1.00796829e+01	9.92095949e-01	1.00796829e+00	-1.53144850e+04	6.56637488e-07
2.22000000e+01	1.86650768e+01	1.31579748e+01	5.12131332e-01	9.92123385e+00	1.00794041e+01	9.92123385e-01	1.00794041e+00	-1.52611094e+04	6.03686592e-07
2.23000000e+01	1.87491537e+01	1.29687608e+01	5.04766795e-01	9.92150760e+00	1.00791259e+01	9.92150760e-01	1.00791259e+00	-1.52078543e+04	5.55005627e-07
2.24000000e+01	1.88332306e+01	1.27809515e+01	4.97456929e-01	9.92178075e+00	1.00788483e+01	9.92178075e-01	1.00788483e+00	-1.51547196e+04	5.10250270e-07
2.25000000e+01	1.89173076e+01	1.25945421e+01	4.90201548e-01	9.92205328e+00	1.00785714e+01	9.92205328e-01	1.00785714e+00	-1.51017050e+04	4.69103960e-07
2.26000000e+01	1.90013845e+01	1.24095277e+01	4.83000467e-01	9.92232520e+00	1.00782951e+01	9.92232520e-01	1.00782951e+00	-1.50488105e+04	4.31275667e-07
2.27000000e+01	1.90854614e+01	1.22259037e+01	4.75853498e-01	9.92259652e+00	1.00780195e+01	9.92259652e-01	1.00780195e+00	-1.49960358e+04	3.96497828e-07
2.28000000e+01	1.91695383e+01	1.20436651e+01	4.68760456e-01	9.92286722e+00	1.00777445e+01	9.92286722e-01	1.00777445e+00	-1.49433806e+04	3.64524455e-07
2.29000000e+01	1.92536153e+01	1.18628073e+01	4.61721156e-01	9.92313733e+00	1.00774701e+01	9.92313733e-01	1.00774701e+00	-1.48908448e+04	3.35129397e-07
2.30000000e+01	1.93376922e+01	1.16833256e+01	4.54735413e-01	9.92340682e+00	1.00771963e+01	9.92340682e-01	1.00771963e+00	-1.48384282e+04	3.08104742e-07
2.31000000e+01	1.94217691e+01	1.15052151e+01	4.47803043e-01	9.92367571e+00	1.00769232e+01	9.92367571e-01	1.00769232e+00	-1.47861306e+04	2.83259340e-07
2.32000000e+01	1.95058460e+01	1.13284712e+01	4.40923860e-01	9.92394400e+00	1.00766507e+01	9.92394400e-01	1.00766507e+00	-1.47339518e+04	2.60417458e-07
2.33000000e+01	1.95899229e+01	1.11530891e+01	4.34097683e-01	9.92421169e+00	1.00763788e+01	9.92421169e-01	1.00763788e+00	-1.46818916e+04	2.39417533e-07
2.34000000e+01	1.96739999e+01	1.09790641e+01	4.27324327e-01	9.92447878e+00	1.00761075e+01	9.92447878e-01	1.00761075e+00	-1.46299498e+04	2.20111031e-07
2.35000000e+01	1.97580768e+01	1.08063915e+01	4.20603610e-01	9.92474526e+00	1.00758369e+01	9.92474526e-01	1.00758369e+00	-1.45781261e+04	2.02361395e-07
2.36000000e+01	1.98421537e+01	1.06350667e+01	4.13935349e-01	9.92501115e+00	1.00755669e+01	9.92501115e-01	1.00755669e+00	-1.45264205e+04	1.86043080e-07
2.37000000e+01	1.99262306e+01	1.04650849e+01	4.07319362e-01	9.92527643e+00	1.00752975e+01	9.92527643e-01	1.00752975e+00	-1.44748327e+04	1.71040665e-07
2.38000000e+01	2.00103076e+01	1.02964416e+01	4.00755468e-01	9.92554112e+00	1.00750287e+01	9.92554112e-01	1.00750287e+00	-1.44233625e+04	1.57248037e-07
2.39000000e+01	2.00943845e+01	1.01291320e+01	3.94243486e-01	9.92580522e+00	1.00747606e+01	9.92580522e-01	1.00747606e+00	-1.43720097e+04	1.44567640e-07
2.40000000e+01	2.01784614e+01	9.96315143e+00	3.87783234e-01	9.92606871e+00	1.00744931e+01	9.92606871e-01	1.00744931e+00	-1.43207742e+04	1.32909782e-07
2.41000000e+01	2.02625383e+01	9.79849536e+00	3.81374533e-01	9.92633162e+00	1.00742262e+01	9.92633162e-01	1.00742262e+00	-1.42696556e+04	1.22192009e-07
2.42000000e+01	2.03466152e+01	9.63515913e+00	3.75017202e-01	9.92659393e+00	1.00739599e+01	9.92659393e-01	1.00739599e+00	-1.42186539e+04	1.12338510e-07
2.43000000e+01	2.04306922e+01	9.47313813e+00	3.68711062e-01	9.92685564e+00	1.00736942e+01	9.92685564e-01	1.00736942e+00	-1.41677688e+04	1.03279593e-07
2.44000000e+01	2.05147691e+01	9.31242774e+00	3.62455933e-01	9.92711677e+00	1.00734292e+01	9.92711677e-01	1.00734292e+00	-1.41170002e+04	9.49511815e-08
2.45000000e+01	2.05988460e+01	9.15302338e+00	3.56251637e-01	9.92737730e+00	1.00731647e+01	9.92737730e-01	1.00731647e+00	-1.40663478e+04	8.72943689e-08
2.46000000e+01	2.06829229e+01	8.99492046e+00	3.50097996e-01	9.92763724e+00	1.00729009e+01	9.92763724e-01	1.00729009e+00	-1.40158114e+04	8.02549976e-08
2.47000000e+01	2.07669999e+01	8.83811442e+00	3.43994831e-01	9.92789660e+00	1.00726377e+01	9.92789660e-01	1.00726377e+00	-1.39653909e+04	7.37832774e-08
2.48000000e+01	2.08510768e+01	8.68260068e+00	3.37941965e-01	9.92815537e+00	1.00723751e+01	9.92815537e-01	1.00723751e+00	-1.39150861e+04	6.78334333e-08
2.49000000e+01	2.09351537e+01	8.52837470e+00	3.31939221e-01	9.92841355e+00	1.00721131e+01	9.92841355e-01	1.00721131e+00	-1.38648967e+04	6.23633815e-08
2.50000000e+01	2.10192306e+01	8.37543193e+00	3.25986422e-01	9.92867114e+00	1.00718517e+01	9.92867114e-01	1.00718517e+00	-1.38148226e+04	5.73344317e-08
2.51000000e+01	2.11033075e+01	8.22376784e+00	3.20083391e-01	9.92892815e+00	1.00715909e+01	9.92892815e-01	1.00715909e+00	-1.37648636e+04	5.27110137e-08
2.52000000e+01	2.11873845e+01	8.07337792e+00	3.14229953e-01	9.92918457e+00	1.00713307e+01	9.92918457e-01	1.00713307e+00	-1.37150195e+04	4.84604257e-08
2.53000000e+01	2.12714614e+01	7.92425765e+00	3.08425931e-01	9.92944042e+00	1.00710712e+01	9.92944042e-01	1.00710712e+00	-1.36652901e+04	4.45526029e-08
2.54000000e+01	2.13555383e+01	7.77640252e+00	3.02671152e-01	9.92969568e+00	1.00708122e+01	9.92969568e-01	1.00708122e+00	-1.36156751e+04	4.09599048e-08
2.55000000e+01	2.14396152e+01	7.62980805e+00	2.96965439e-01	9.92995035e+00	1.00705538e+01	9.92995035e-01	1.00705538e+00	-1.35661745e+04	3.76569199e-08
2.56000000e+01	2.15236922e+01	7.48446976e+00	2.91308619e-01	9.93020445e+00	1.00702961e+01	9.93020445e-01	1.00702961e+00	-1.35167880e+04	3.46202860e-08
2.57000000e+01	2.16077691e+01	7.34038317e+00	2.85700518e-01	9.93045797e+00	1.00700389e+01	9.93045797e-01	1.00700389e+00	-1.34675155e+04	3.18285246e-08
2.58000000e+01	2.16918460e+01	7.19754382e+00	2.80140962e-01	9.93071091e+00	1.00697824e+01	9.93071091e-01	1.00697824e+00	-1.34183567e+04	2.92618894e-08
2.59000000e+01	2.17759229e+01	7.05594727e+00	2.74629777e-01	9.93096327e+00	1.00695264e+01	9.93096327e-01	1.00695264e+00	-1.33693114e+04	2.69022262e-08
2.60000000e+01	2.18599998e+01	6.91558908e+00	2.69166791e-01	9.93121505e+00	1.00692711e+01	9.93121505e-01	1.00692711e+00	-1.33203795e+04	2.47328451e-08
2.61000000e+01	2.19440768e+01	6.77646480e+00	2.63751832e-01	9.93146626e+00	1.00690163e+01	9.93146626e-01	1.00690163e+00	-1.32715607e+04	2.27384017e-08
2.62000000e+01	2.20281537e+01	6.63857003e+00	2.58384727e-01	9.93171690e+00	1.00687621e+01	9.93171690e-01	1.00687621e+00	-1.32228550e+04	2.09047891e-08
2.63000000e+01	2.21122306e+01	6.50190035e+00	2.53065304e-01	9.93196696e+00	1.00685086e+01	9.93196696e-01	1.00685086e+00	-1.31742620e+04	1.92190381e-08
2.64000000e+01	2.21963075e+01	6.36645137e+00	2.47793393e-01	9.93221645e+00	1.00682556e+01	9.93221645e-01	1.00682556e+00	-1.31257816e+04	1.76692251e-08
2.65000000e+01	2.22803845e+01	6.23221868e+00	2.42568823e-01	9.93246536e+00	1.00680032e+01	9.93246536e-01	1.00680032e+00	-1.30774136e+04	1.62443882e-08
2.66000000e+01	2.23644614e+01	6.09919791e+00	2.37391423e-01	9.93271371e+00	1.00677514e+01	9.93271371e-01	1.00677514e+00	-1.30291578e+04	1.49344494e-08
2.67000000e+01	2.24485383e+01	5.96738469e+00	2.32261022e-01	9.93296148e+00	1.00675002e+01	9.93296148e-01	1.00675002e+00	-1.29810141e+04	1.37301434e-08
2.68000000e+01	2.25326152e+01	5.83677466e+00	2.27177452e-01	9.93320869e+00	1.00672496e+01	9.93320869e-01	1.00672496e+00	-1.29329822e+04	1.26229520e-08
2.69000000e+01	2.26166921e+01	5.70736347e+00	2.22140543e-01	9.93345532e+00	1.00669996e+01	9.93345532e-01	1.00669996e+00	-1.28850620e+04	1.16050438e-08
2.70000000e+01	2.27007691e+01	5.57914677e+00	2.17150125e-01	9.93370139e+00	1.00667501e+01	9.93370139e-01	1.00667501e+00	-1.28372532e+04	1.06692193e-08
2.71000000e+01	2.27848460e+01	5.45212024e+00	2.12206031e-01	9.93394690e+00	1.00665013e+01	9.93394690e-01	1.00665013e+00	-1.27895557e+04	9.80885916e-09
2.72000000e+01	2.28689229e+01	5.32627956e+00	2.07308092e-01	9.93419183e+00	1.00662530e+01	9.93419183e-01	1.00662530e+00	-1.27419692e+04	9.01787799e-09
2.73000000e+01	2.29529998e+01	5.20162041e+00	2.02456140e-01	9.93443621e+00	1.00660054e+01	9.93443621e-01	1.00660054e+00	-1.26944937e+04	8.29068113e-09
2.74000000e+01	2.30370768e+01	5.07813849e+00	1.97650009e-01	9.93468002e+00	1.00657583e+01	9.93468002e-01	1.00657583e+00	-1.26471289e+04	7.62212503e-09
2.75000000e+01	2.31211537e+01	4.95582951e+00	1.92889530e-01	9.93492326e+00	1.00655118e+01	9.93492326e-01	1.00655118e+00	-1.25998746e+04	7.00748093e-09
2.76000000e+01	2.32052306e+01	4.83468918e+00	1.88174537e-01	9.93516595e+00	1.00652658e+01	9.93516595e-01	1.00652658e+00	-1.25527307e+04	6.44240141e-09
2.77000000e+01	2.32893075e+01	4.71471325e+00	1.83504864e-01	9.93540807e+00	1.00650205e+01	9.93540807e-01	1.00650205e+00	-1.25056969e+04	5.92288960e-09
2.78000000e+01	2.33733845e+01	4.59589743e+00	1.78880346e-01	9.93564964e+00	1.00647757e+01	9.93564964e-01	1.00647757e+00	-1.24587731e+04	5.44527095e-09
2.79000000e+01	2.34574614e+01	4.47823749e+00	1.74300815e-01	9.93589064e+00	1.00645315e+01	9.93589064e-01	1.00645315e+00	-1.24119590e+04	5.00616720e-09
2.80000000e+01	2.35415383e+01	4.36172918e+00	1.69766109e-01	9.93613109e+00	1.00642879e+01	9.93613109e-01	1.00642879e+00	-1.23652546e+04	4.60247255e-09
2.81000000e+01	2.36256152e+01	4.24636826e+00	1.65276060e-01	9.93637098e+00	1.00640449e+01	9.93637098e-01	1.00640449e+00	-1.23186595e+04	4.23133162e-09
2.82000000e+01	2.37096921e+01	4.13215051e+00	1.60830506e-01	9.93661031e+00	1.00638024e+01	9.93661031e-01	1.00638024e+00	-1.22721737e+04	3.89011930e-09
2.83000000e+01	2.37937691e+01	4.01907172e+00	1.56429282e-01	9.93684909e+00	1.00635605e+01	9.93684909e-01	1.00635605e+00	-1.22257969e+04	3.57642216e-09
2.84000000e+01	2.38778460e+01	3.90712768e+00	1.52072225e-01	9.93708731e+00	1.00633192e+01	9.93708731e-01	1.00633192e+00	-1.21795290e+04	3.28802138e-09
2.85000000e+01	2.39619229e+01	3.79631420e+00	1.47759171e-01	9.93732498e+00	1.00630785e+01	9.93732498e-01	1.00630785e+00	-1.21333697e+04	3.02287709e-09
2.86000000e+01	2.40459998e+01	3.68662710e+00	1.43489958e-01	9.93756209e+00	1.00628383e+01	9.93756209e-01	1.00628383e+00	-1.20873190e+04	2.77911390e-09
2.87000000e+01	2.41300768e+01	3.57806219e+00	1.39264422e-01	9.93779866e+00	1.00625987e+01	9.93779866e-01	1.00625987e+00	-1.20413765e+04	2.55500764e-09
2.88000000e+01	2.42141537e+01	3.47061532e+00	1.35082403e-01	9.93803467e+00	1.00623597e+01	9.93803467e-01	1.00623597e+00	-1.19955421e+04	2.34897319e-09
2.89000000e+01	2.42982306e+01	3.36428232e+00	1.30943737e-01	9.93827014e+00	1.00621212e+01	9.93827014e-01	1.00621212e+00	-1.19498157e+04	2.15955324e-09
2.90000000e+01	2.43823075e+01	3.25905906e+00	1.26848264e-01	9.93850505e+00	1.00618834e+01	9.93850505e-01	1.00618834e+00	-1.19041971e+04	1.98540802e-09
2.91000000e+01	2.44663844e+01	3.15494139e+00	1.22795823e-01	9.93873942e+00	1.00616460e+01	9.93873942e-01	1.00616460e+00	-1.18586859e+04	1.82530578e-09
2.92000000e+01	2.45504614e+01	3.05192518e+00	1.18786252e-01	9.93897324e+00	1.00614093e+01	9.93897324e-01	1.00614093e+00	-1.18132822e+04	1.67811410e-09
2.93000000e+01	2.46345383e+01	2.95000633e+00	1.14819392e-01	9.93920651e+00	1.00611731e+01	9.93920651e-01	1.00611731e+00	-1.17679857e+04	1.54279187e-09
2.94000000e+01	2.47186152e+01	2.84918071e+00	1.10895084e-01	9.93943924e+00	1.00609375e+01	9.93943924e-01	1.00609375e+00	-1.17227962e+04	1.41838196e-09
2.95000000e+01	2.48026921e+01	2.74944424e+00	1.07013166e-01	9.93967142e+00	1.00607024e+01	9.93967142e-01	1.00607024e+00	-1.16777136e+04	1.30400439e-09
2.96000000e+01	2.48867691e+01	2.65079281e+00	1.03173481e-01	9.93990306e+00	1.00604679e+01	9.93990306e-01	1.00604679e+00	-1.16327376e+04	1.19885018e-09
2.97000000e+01	2.49708460e+01	2.55322236e+00	9.93758685e-02	9.94013415e+00	1.00602339e+01	9.94013415e-01	1.00602339e+00	-1.15878680e+04	1.10217554e-09
2.98000000e+01	2.50549229e+01	2.45672881e+00	9.56201712e-02	9.94036471e+00	1.00600006e+01	9.94036471e-01	1.00600006e+00	-1.15431048e+04	1.01329669e-09
2.99000000e+01	2.51389998e+01	2.36130811e+00	9.19062308e-02	9.94059472e+00	1.00597677e+01	9.94059472e-01	1.00597677e+00	-1.14984477e+04	9.31584987e-10
3.00000000e+01	2.52230767e+01	2.26695619e+00	8.82338895e-02	9.94082419e+00	1.00595355e+01	9.94082419e-01	1.00595355e+00	-1.14538965e+04	8.56462471e-10
3.01000000e+01	2.53071537e+01	2.17366902e+00	8.46029900e-02	9.94105313e+00	1.00593038e+01	9.94105313e-01	1.00593038e+00	-1.14094510e+04	7.87397794e-10
3.02000000e+01	2.53912306e+01	2.08144256e+00	8.10133754e-02	9.94128152e+00	1.00590726e+01	9.94128152e-01	1.00590726e+00	-1.13651111e+04	7.23902457e-10
3.03000000e+01	2.54753075e+01	1.99027279e+00	7.74648890e-02	9.94150938e+00	1.00588420e+01	9.94150938e-01	1.00588420e+00	-1.13208766e+04	6.65527349e-10
3.04000000e+01	2.55593844e+01	1.90015570e+00	7.39573746e-02	9.94173670e+00	1.00586120e+01	9.94173670e-01	1.00586120e+00	-1.12767474e+04	6.11859579e-10
3.05000000e+01	2.56434614e+01	1.81108728e+00	7.04906763e-02	9.94196349e+00	1.00583825e+01	9.94196349e-01	1.00583825e+00	-1.12327231e+04	5.62519549e-10
3.06000000e+01	2.57275383e+01	1.72306354e+00	6.70646387e-02	9.94218974e+00	1.00581535e+01	9.94218974e-01	1.00581535e+00	-1.11888037e+04	5.17158273e-10
3.07000000e+01	2.58116152e+01	1.63608048e+00	6.36791065e-02	9.94241545e+00	1.00579251e+01	9.94241545e-01	1.00579251e+00	-1.11449890e+04	4.75454906e-10
3.08000000e+01	2.58956921e+01	1.55013414e+00	6.03339250e-02	9.94264064e+00	1.00576973e+01	9.94264064e-01	1.00576973e+00	-1.11012788e+04	4.37114476e-10
3.09000000e+01	2.59797690e+01	1.46522055e+00	5.70289397e-02	9.94286529e+00	1.00574700e+01	9.94286529e-01	1.00574700e+00	-1.10576728e+04	4.01865798e-10
3.10000000e+01	2.60638460e+01	1.38133574e+00	5.37639967e-02	9.94308941e+00	1.00572432e+01	9.94308941e-01	1.00572432e+00	-1.10141710e+04	3.69459555e-10
3.11000000e+01	2.61479229e+01	1.29847577e+00	5.05389421e-02	9.94331300e+00	1.00570171e+01	9.94331300e-01	1.00570171e+00	-1.09707732e+04	3.39666533e-10
3.12000000e+01	2.62319998e+01	1.21663670e+00	4.73536226e-02	9.94353606e+00	1.00567914e+01	9.94353606e-01	1.00567914e+00	-1.09274791e+04	3.12276006e-10
3.13000000e+01	2.63160767e+01	1.13581459e+00	4.42078853e-02	9.94375859e+00	1.00565663e+01	9.94375859e-01	1.00565663e+00	-1.08842887e+04	2.87094235e-10
3.14000000e+01	2.64001537e+01	1.05600553e+00	4.11015776e-02	9.94398060e+00	1.00563417e+01	9.94398060e-01	1.00563417e+00	-1.08412017e+04	2.63943109e-10
3.15000000e+01	2.64842306e+01	9.77205609e-01	3.80345470e-02	9.94420207e+00	1.00561177e+01	9.94420207e-01	1.00561177e+00	-1.07982179e+04	2.42658878e-10
3.16000000e+01	2.65683075e+01	8.99410915e-01	3.50066418e-02	9.94442302e+00	1.00558942e+01	9.94442302e-01	1.00558942e+00	-1.07553372e+04	2.23090996e-10
3.17000000e+01	2.66523844e+01	8.22617558e-01	3.20177104e-02	9.94464345e+00	1.00556713e+01	9.94464345e-01	1.00556713e+00	-1.07125593e+04	2.05101057e-10
3.18000000e+01	2.67364614e+01	7.46821652e-01	2.90676015e-02	9.94486335e+00	1.00554489e+01	9.94486335e-01	1.00554489e+00	-1.06698842e+04	1.88561817e-10
3.19000000e+01	2.68205383e+01	6.72019322e-01	2.61561644e-02	9.94508273e+00	1.00552271e+01	9.94508273e-01	1.00552271e+00	-1.06273116e+04	1.73356293e-10
3.20000000e+01	2.69046152e+01	5.98206702e-01	2.32832484e-02	9.94530159e+00	1.00550057e+01	9.94530159e-01	1.00550057e+00	-1.05848414e+04	1.59376934e-10
3.21000000e+01	2.69886921e+01	5.25379934e-01	2.04487036e-02	9.94551992e+00	1.00547850e+01	9.94551992e-01	1.00547850e+00	-1.05424734e+04	1.46524863e-10
3.22000000e+01	2.70727690e+01	4.53535169e-01	1.76523800e-02	9.94573773e+00	1.00545647e+01	9.94573773e-01	1.00545647e+00	-1.05002074e+04	1.34709176e-10
3.23000000e+01	2.71568460e+01	3.82668569e-01	1.48941283e-02	9.94595503e+00	1.00543450e+01	9.94595503e-01	1.00543450e+00	-1.04580432e+04	1.23846300e-10
3.24000000e+01	2.72409229e+01	3.12776301e-01	1.21737993e-02	9.94617180e+00	1.00541258e+01	9.94617180e-01	1.00541258e+00	-1.04159807e+04	1.13859401e-10
3.25000000e+01	2.73249998e+01	2.43854547e-01	9.49124436e-03	9.94638806e+00	1.00539072e+01	9.94638806e-01	1.00539072e+00	-1.03740196e+04	1.04677839e-10
3.26000000e+01	2.74090767e+01	1.75899492e-01	6.84631509e-03	9.94660380e+00	1.00536891e+01	9.94660380e-01	1.00536891e+00	-1.03321599e+04	9.62366743e-11
3.27000000e+01	2.74931537e+01	1.08907334e-01	4.23886343e-03	9.94681902e+00	1.00534715e+01	9.94681902e-01	1.00534715e+00	-1.02904013e+04	8.84762003e-11
3.28000000e+01	2.75772306e+01	4.28742785e-02	1.66874171e-03	9.94703373e+00	1.00532545e+01	9.94703373e-01	1.00532545e+00	-1.02487437e+04	8.13415267e-11
3.29000000e+01	2.76613075e+01	-2.22034602e-02	-8.64197404e-04	9.94724792e+00	1.00530380e+01	9.94724792e-01	1.00530380e+00	-1.02071869e+04	7.47821894e-11
3.30000000e+01	2.77453844e+01	-8.63296583e-02	-3.36010090e-03	9.94746160e+00	1.00528220e+01	9.94746160e-01	1.00528220e+00	-1.01657306e+04	6.87517936e-11
3.31000000e+01	2.78294613e+01	-1.49508083e-01	-5.81911542e-03	9.94767476e+00	1.00526065e+01	9.94767476e-01	1.00526065e+00	-1.01243748e+04	6.32076857e-11
3.32000000e+01	2.79135383e+01	-2.11742494e-01	-8.24138724e-03	9.94788742e+00	1.00523916e+01	9.94788742e-01	1.00523916e+00	-1.00831193e+04	5.81106517e-11
3.33000000e+01	2.79976152e+01	-2.73036640e-01	-1.06270623e-02	9.94809956e+00	1.00521772e+01	9.94809956e-01	1.00521772e+00	-1.00419639e+04	5.34246397e-11
3.34000000e+01	2.80816921e+01	-3.33394261e-01	-1.29762862e-02	9.94831119e+00	1.00519633e+01	9.94831119e-01	1.00519633e+00	-1.00009084e+04	4.91165053e-11
3.35000000e+01	2.81657690e+01	-3.92819091e-01	-1.52892043e-02	9.94852231e+00	1.00517499e+01	9.94852231e-01	1.00517499e+00	-9.95995261e+03	4.51557765e-11
3.36000000e+01	2.82498460e+01	-4.51314851e-01	-1.75659613e-02	9.94873292e+00	1.00515371e+01	9.94873292e-01	1.00515371e+00	-9.91909642e+03	4.15144388e-11
3.37000000e+01	2.83339229e+01	-5.08885256e-01	-1.98067019e-02	9.94894303e+00	1.00513248e+01	9.94894303e-01	1.00513248e+00	-9.87833964e+03	3.81667366e-11
3.38000000e+01	2.84179998e+01	-5.65534012e-01	-2.20115703e-02	9.94915263e+00	1.00511130e+01	9.94915263e-01	1.00511130e+00	-9.83768209e+03	3.50889914e-11
3.39000000e+01	2.85020767e+01	-6.21264815e-01	-2.41807104e-02	9.94936172e+00	1.00509018e+01	9.94936172e-01	1.00509018e+00	-9.79712359e+03	3.22594338e-11
3.40000000e+01	2.85861536e+01	-6.76081352e-01	-2.63142657e-02	9.94957031e+00	1.00506910e+01	9.94957031e-01	1.00506910e+00	-9.75666399e+03	2.96580503e-11
3.41000000e+01	2.86702306e+01	-7.29987303e-01	-2.84123793e-02	9.94977839e+00	1.00504808e+01	9.94977839e-01	1.00504808e+00	-9.71630310e+03	2.72664410e-11
3.42000000e+01	2.87543075e+01	-7.82986338e-01	-3.04751942e-02	9.94998597e+00	1.00502711e+01	9.94998597e-01	1.00502711e+00	-9.67604076e+03	2.50676897e-11
3.43000000e+01	2.88383844e+01	-8.35082118e-01	-3.25028528e-02	9.95019305e+00	1.00500619e+01	9.95019305e-01	1.00500619e+00	-9.63587679e+03	2.30462446e-11
3.44000000e+01	2.89224613e+01	-8.86278296e-01	-3.44954974e-02	9.95039962e+00	1.00498532e+01	9.95039962e-01	1.00498532e+00	-9.59581102e+03	2.11878078e-11
3.45000000e+01	2.90065383e+01	-9.36578516e-01	-3.64532697e-02	9.95060569e+00	1.00496450e+01	9.95060569e-01	1.00496450e+00	-9.55584329e+03	1.94792342e-11
3.46000000e+01	2.90906152e+01	-9.85986414e-01	-3.83763113e-02	9.95081127e+00	1.00494374e+01	9.95081127e-01	1.00494374e+00	-9.51597342e+03	1.79084392e-11
3.47000000e+01	2.91746921e+01	-1.03450561e+00	-4.02647632e-02	9.95101634e+00	1.00492302e+01	9.95101634e-01	1.00492302e+00	-9.47620125e+03	1.64643122e-11
3.48000000e+01	2.92587690e+01	-1.08213974e+00	-4.21187663e-02	9.95122092e+00	1.00490236e+01	9.95122092e-01	1.00490236e+00	-9.43652660e+03	1.51366389e-11
3.49000000e+01	2.93428459e+01	-1.12889239e+00	-4.39384612e-02	9.95142499e+00	1.00488175e+01	9.95142499e-01	1.00488175e+00	-9.39694930e+03	1.39160284e-11
3.50000000e+01	2.94269229e+01	-1.17476717e+00	-4.57239878e-02	9.95162857e+00	1.00486119e+01	9.95162857e-01	1.00486119e+00	-9.35746919e+03	1.27938473e-11
3.51000000e+01	2.95109998e+01	-1.21976768e+00	-4.74754861e-02	9.95183166e+00	1.00484068e+01	9.95183166e-01	1.00484068e+00	-9.31808609e+03	1.17621583e-11
3.52000000e+01	2.95950767e+01	-1.26389750e+00	-4.91930954e-02	9.95203425e+00	1.00482022e+01	9.95203425e-01	1.00482022e+00	-9.27879985e+03	1.08136641e-11
3.53000000e+01	2.96791536e+01	-1.30716019e+00	-5.08769550e-02	9.95223634e+00	1.00479982e+01	9.95223634e-01	1.00479982e+00	-9.23961028e+03	9.94165601e-12
3.54000000e+01	2.97632306e+01	-1.34955933e+00	-5.25272036e-02	9.95243795e+00	1.00477946e+01	9.95243795e-01	1.00477946e+00	-9.20051722e+03	9.13996618e-12
3.55000000e+01	2.98473075e+01	-1.39109848e+00	-5.41439796e-02	9.95263906e+00	1.00475915e+01	9.95263906e-01	1.00475915e+00	-9.16152050e+03	8.40292419e-12
3.56000000e+01	2.99313844e+01	-1.43178118e+00	-5.57274213e-02	9.95283967e+00	1.00473890e+01	9.95283967e-01	1.00473890e+00	-9.12261996e+03	7.72531687e-12
3.57000000e+01	3.00154613e+01	-1.47161098e+00	-5.72776664e-02	9.95303980e+00	1.00471869e+01	9.95303980e-01	1.00471869e+00	-9.08381542e+03	7.10235144e-12
3.58000000e+01	3.00995383e+01	-1.51059140e+00	-5.87948524e-02	9.95323944e+00	1.00469854e+01	9.95323944e-01	1.00469854e+00	-9.04510673e+03	6.52962161e-12
3.59000000e+01	3.01836152e+01	-1.54872597e+00	-6.02791164e-02	9.95343858e+00	1.00467843e+01	9.95343858e-01	1.00467843e+00	-9.00649370e+03	6.00307641e-12
3.60000000e+01	3.02676921e+01	-1.58601820e+00	-6.17305952e-02	9.95363724e+00	1.00465838e+01	9.95363724e-01	1.00465838e+00	-8.96797619e+03	5.51899153e-12
3.61000000e+01	3.03517690e+01	-1.62247161e+00	-6.31494253e-02	9.95383541e+00	1.00463837e+01	9.95383541e-01	1.00463837e+00	-8.92955401e+03	5.07394300e-12
3.62000000e+01	3.04358459e+01	-1.65808968e+00	-6.45357428e-02	9.95403310e+00	1.00461842e+01	9.95403310e-01	1.00461842e+00	-8.89122700e+03	4.66478295e-12
3.63000000e+01	3.05199229e+01	-1.69287591e+00	-6.58896836e-02	9.95423029e+00	1.00459851e+01	9.95423029e-01	1.00459851e+00	-8.85299499e+03	4.28861734e-12
3.64000000e+01	3.06039998e+01	-1.72683378e+00	-6.72113831e-02	9.95442701e+00	1.00457866e+01	9.95442701e-01	1.00457866e+00	-8.81485783e+03	3.94278553e-12
3.65000000e+01	3.06880767e+01	-1.75996676e+00	-6.85009765e-02	9.95462323e+00	1.00455885e+01	9.95462323e-01	1.00455885e+00	-8.77681534e+03	3.62484141e-12
3.66000000e+01	3.07721536e+01	-1.79227831e+00	-6.97585985e-02	9.95481898e+00	1.00453910e+01	9.95481898e-01	1.00453910e+00	-8.73886736e+03	3.33253613e-12
3.67000000e+01	3.08562306e+01	-1.82377190e+00	-7.09843838e-02	9.95501424e+00	1.00451939e+01	9.95501424e-01	1.00451939e+00	-8.70101372e+03	3.06380220e-12
3.68000000e+01	3.09403075e+01	-1.85445096e+00	-7.21784665e-02	9.95520902e+00	1.00449973e+01	9.95520902e-01	1.00449973e+00	-8.66325426e+03	2.81673882e-12
3.69000000e+01	3.10243844e+01	-1.88431894e+00	-7.33409805e-02	9.95540332e+00	1.00448012e+01	9.95540332e-01	1.00448012e+00	-8.62558881e+03	2.58959851e-12
3.70000000e+01	3.11084613e+01	-1.91337927e+00	-7.44720591e-02	9.95559714e+00	1.00446057e+01	9.95559714e-01	1.00446057e+00	-8.58801720e+03	2.38077467e-12
3.71000000e+01	3.11925382e+01	-1.94163537e+00	-7.55718358e-02	9.95579048e+00	1.00444106e+01	9.95579048e-01	1.00444106e+00	-8.55053928e+03	2.18879027e-12
3.72000000e+01	3.12766152e+01	-1.96909065e+00	-7.66404432e-02	9.95598334e+00	1.00442160e+01	9.95598334e-01	1.00442160e+00	-8.51315488e+03	2.01228739e-12
3.73000000e+01	3.13606921e+01	-1.99574852e+00	-7.76780141e-02	9.95617572e+00	1.00440219e+01	9.95617572e-01	1.00440219e+00	-8.47586384e+03	1.85001761e-12
3.74000000e+01	3.14447690e+01	-2.02161238e+00	-7.86846805e-02	9.95636763e+00	1.00438282e+01	9.95636763e-01	1.00438282e+00	-8.43866598e+03	1.70083318e-12
3.75000000e+01	3.15288459e+01	-2.04668561e+00	-7.96605745e-02	9.95655906e+00	1.00436351e+01	9.95655906e-01	1.00436351e+00	-8.40156115e+03	1.56367890e-12
3.76000000e+01	3.16129229e+01	-2.07097160e+00	-8.06058275e-02	9.95675001e+00	1.00434425e+01	9.95675001e-01	1.00434425e+00	-8.36454919e+03	1.43758467e-12
3.77000000e+01	3.16969998e+01	-2.09447372e+00	-8.15205709e-02	9.95694049e+00	1.00432503e+01	9.95694049e-01	1.00432503e+00	-8.32762993e+03	1.32165861e-12
3.78000000e+01	3.17810767e+01	-2.11719533e+00	-8.24049356e-02	9.95713050e+00	1.00430586e+01	9.95713050e-01	1.00430586e+00	-8.29080320e+03	1.21508076e-12
3.79000000e+01	3.18651536e+01	-2.13913979e+00	-8.32590522e-02	9.95732003e+00	1.00428674e+01	9.95732003e-01	1.00428674e+00	-8.25406885e+03	1.11709730e-12
3.80000000e+01	3.19492305e+01	-2.16031044e+00	-8.40830510e-02	9.95750910e+00	1.00426767e+01	9.95750910e-01	1.00426767e+00	-8.21742671e+03	1.02701517e-12
3.81000000e+01	3.20333075e+01	-2.18071063e+00	-8.48770620e-02	9.95769769e+00	1.00424865e+01	9.95769769e-01	1.00424865e+00	-8.18087662e+03	9.44197214e-13
3.82000000e+01	3.21173844e+01	-2.20034369e+00	-8.56412148e-02	9.95788581e+00	1.00422968e+01	9.95788581e-01	1.00422968e+00	-8.14441842e+03	8.68057654e-13
3.83000000e+01	3.22014613e+01	-2.21921294e+00	-8.63756389e-02	9.95807346e+00	1.00421075e+01	9.95807346e-01	1.00421075e+00	-8.10805195e+03	7.98057949e-13
3.84000000e+01	3.22855382e+01	-2.23732169e+00	-8.70804631e-02	9.95826064e+00	1.00419187e+01	9.95826064e-01	1.00419187e+00	-8.07177703e+03	7.33702982e-13
3.85000000e+01	3.23696152e+01	-2.25467325e+00	-8.77558162e-02	9.95844735e+00	1.00417304e+01	9.95844735e-01	1.00417304e+00	-8.03559353e+03	6.74537565e-13
3.86000000e+01	3.24536921e+01	-2.27127093e+00	-8.84018267e-02	9.95863360e+00	1.00415426e+01	9.95863360e-01	1.00415426e+00	-7.99950126e+03	6.20143216e-13
3.87000000e+01	3.25377690e+01	-2.28711800e+00	-8.90186226e-02	9.95881938e+00	1.00413552e+01	9.95881938e-01	1.00413552e+00	-7.96350007e+03	5.70135198e-13
3.88000000e+01	3.26218459e+01	-2.30221776e+00	-8.96063315e-02	9.95900469e+00	1.00411684e+01	9.95900469e-01	1.00411684e+00	-7.92758981e+03	5.24159800e-13
3.89000000e+01	3.27059228e+01	-2.31657348e+00	-9.01650811e-02	9.95918954e+00	1.00409820e+01	9.95918954e-01	1.00409820e+00	-7.89177030e+03	4.81891834e-13
3.90000000e+01	3.27899998e+01	-2.33018842e+00	-9.06949984e-02	9.95937392e+00	1.00407961e+01	9.95937392e-01	1.00407961e+00	-7.85604139e+03	4.43032333e-13
3.91000000e+01	3.28740767e+01	-2.34306585e+00	-9.11962102e-02	9.95955785e+00	1.00406106e+01	9.95955785e-01	1.00406106e+00	-7.82040293e+03	4.07306443e-13
3.92000000e+01	3.29581536e+01	-2.35520900e+00	-9.16688431e-02	9.95974131e+00	1.00404256e+01	9.95974131e-01	1.00404256e+00	-7.78485474e+03	3.74461468e-13
3.93000000e+01	3.30422305e+01	-2.36662114e+00	-9.21130232e-02	9.95992430e+00	1.00402411e+01	9.95992430e-01	1.00402411e+00	-7.74939667e+03	3.44265096e-13
3.94000000e+01	3.31263075e+01	-2.37730548e+00	-9.25288763e-02	9.96010684e+00	1.00400571e+01	9.96010684e-01	1.00400571e+00	-7.71402855e+03	3.16503742e-13
3.95000000e+01	3.32103844e+01	-2.38726525e+00	-9.29165282e-02	9.96028892e+00	1.00398736e+01	9.96028892e-01	1.00398736e+00	-7.67875024e+03	2.90981049e-13
3.96000000e+01	3.32944613e+01	-2.39650368e+00	-9.32761039e-02	9.96047054e+00	1.00396905e+01	9.96047054e-01	1.00396905e+00	-7.64356157e+03	2.67516493e-13
3.97000000e+01	3.33785382e+01	-2.40502397e+00	-9.36077285e-02	9.96065169e+00	1.00395079e+01	9.96065169e-01	1.00395079e+00	-7.60846239e+03	2.45944106e-13
3.98000000e+01	3.34626152e+01	-2.41282933e+00	-9.39115267e-02	9.96083240e+00	1.00393257e+01	9.96083240e-01	1.00393257e+00	-7.57345252e+03	2.26111304e-13
3.99000000e+01	3.35466921e+01	-2.41992295e+00	-9.41876226e-02	9.96101264e+00	1.00391440e+01	9.96101264e-01	1.00391440e+00	-7.53853183e+03	2.07877809e-13
4.00000000e+01	3.36307690e+01	-2.42630801e+00	-9.44361403e-02	9.96119243e+00	1.00389628e+01	9.96119243e-01	1.00389628e+00	-7.50370014e+03	1.91114654e-13
4.01000000e+01	3.37148459e+01	-2.43198769e+00	-9.46572036e-02	9.96137176e+00	1.00387820e+01	9.96137176e-01	1.00387820e+00	-7.46895729e+03	1.75703270e-13
4.02000000e+01	3.37989228e+01	-2.43696517e+00	-9.48509359e-02	9.96155064e+00	1.00386018e+01	9.96155064e-01	1.00386018e+00	-7.43430315e+03	1.61534652e-13
4.03000000e+01	3.38829998e+01	-2.44124361e+00	-9.50174601e-02	9.96172907e+00	1.00384219e+01	9.96172907e-01	1.00384219e+00	-7.39973753e+03	1.48508584e-13
4.04000000e+01	3.39670767e+01	-2.44482616e+00	-9.51568992e-02	9.96190704e+00	1.00382426e+01	9.96190704e-01	1.00382426e+00	-7.36526029e+03	1.36532931e-13
4.05000000e+01	3.40511536e+01	-2.44771597e+00	-9.52693755e-02	9.96208456e+00	1.00380637e+01	9.96208456e-01	1.00380637e+00	-7.33087127e+03	1.25522989e-13
4.06000000e+01	3.41352305e+01	-2.44991617e+00	-9.53550113e-02	9.96226163e+00	1.00378852e+01	9.96226163e-01	1.00378852e+00	-7.29657031e+03	1.15400882e-13
4.07000000e+01	3.42193075e+01	-2.45142991e+00	-9.54139284e-02	9.96243824e+00	1.00377073e+01	9.96243824e-01	1.00377073e+00	-7.26235726e+03	1.06095016e-13
4.08000000e+01	3.43033844e+01	-2.45226029e+00	-9.54462484e-02	9.96261441e+00	1.00375298e+01	9.96261441e-01	1.00375298e+00	-7.22823196e+03	9.75395708e-14
4.09000000e+01	3.43874613e+01	-2.45241044e+00	-9.54520926e-02	9.96279013e+00	1.00373527e+01	9.96279013e-01	1.00373527e+00	-7.19419425e+03	8.96740319e-14
4.10000000e+01	3.44715382e+01	-2.45188347e+00	-9.54315818e-02	9.96296540e+00	1.00371761e+01	9.96296540e-01	1.00371761e+00	-7.16024398e+03	8.24427658e-14
4.11000000e+01	3.45556151e+01	-2.45068247e+00	-9.53848368e-02	9.96314023e+00	1.00370000e+01	9.96314023e-01	1.00370000e+00	-7.12638099e+03	7.57946252e-14
4.12000000e+01	3.46396921e+01	-2.44881053e+00	-9.53119778e-02	9.96331460e+00	1.00368243e+01	9.96331460e-01	1.00368243e+00	-7.09260513e+03	6.96825871e-14
4.13000000e+01	3.47237690e+01	-2.44627075e+00	-9.52131250e-02	9.96348853e+00	1.00366490e+01	9.96348853e-01	1.00366490e+00	-7.05891623e+03	6.40634205e-14
4.14000000e+01	3.48078459e+01	-2.44306619e+00	-9.50883981e-02	9.96366202e+00	1.00364743e+01	9.96366202e-01	1.00364743e+00	-7.02531416e+03	5.88973804e-14
4.15000000e+01	3.48919228e+01	-2.43919993e+00	-9.49379165e-02	9.96383506e+00	1.00362999e+01	9.96383506e-01	1.00362999e+00	-6.99179874e+03	5.41479271e-14
4.16000000e+01	3.49759998e+01	-2.43467503e+00	-9.47617993e-02	9.96400766e+00	1.00361261e+01	9.96400766e-01	1.00361261e+00	-6.95836982e+03	4.97814672e-14
4.17000000e+01	3.50600767e+01	-2.42949453e+00	-9.45601655e-02	9.96417982e+00	1.00359527e+01	9.96417982e-01	1.00359527e+00	-6.92502726e+03	4.57671163e-14
4.18000000e+01	3.51441536e+01	-2.42366150e+00	-9.43331335e-02	9.96435153e+00	1.00357797e+01	9.96435153e-01	1.00357797e+00	-6.89177089e+03	4.20764804e-14
4.19000000e+01	3.52282305e+01	-2.41717895e+00	-9.40808216e-02	9.96452280e+00	1.00356072e+01	9.96452280e-01	1.00356072e+00	-6.85860057e+03	3.86834555e-14
4.20000000e+01	3.53123074e+01	-2.41004993e+00	-9.38033477e-02	9.96469363e+00	1.00354351e+01	9.96469363e-01	1.00354351e+00	-6.82551613e+03	3.55640423e-14
4.21000000e+01	3.53963844e+01	-2.40227746e+00	-9.35008294e-02	9.96486402e+00	1.00352635e+01	9.96486402e-01	1.00352635e+00	-6.79251743e+03	3.26961769e-14
4.22000000e+01	3.54804613e+01	-2.39386455e+00	-9.31733842e-02	9.96503398e+00	1.00350923e+01	9.96503398e-01	1.00350923e+00	-6.75960431e+03	3.00595747e-14
4.23000000e+01	3.55645382e+01	-2.38481420e+00	-9.28211291e-02	9.96520349e+00	1.00349216e+01	9.96520349e-01	1.00349216e+00	-6.72677662e+03	2.76355866e-14
4.24000000e+01	3.56486151e+01	-2.37512943e+00	-9.24441808e-02	9.96537257e+00	1.00347513e+01	9.96537257e-01	1.00347513e+00	-6.69403420e+03	2.54070677e-14
4.25000000e+01	3.57326921e+01	-2.36481322e+00	-9.20426558e-02	9.96554121e+00	1.00345815e+01	9.96554121e-01	1.00345815e+00	-6.66137690e+03	2.33582553e-14
4.26000000e+01	3.58167690e+01	-2.35386855e+00	-9.16166703e-02	9.96570941e+00	1.00344121e+01	9.96570941e-01	1.00344121e+00	-6.62880457e+03	2.14746581e-14
4.27000000e+01	3.59008459e+01	-2.34229841e+00	-9.11663401e-02	9.96587718e+00	1.00342432e+01	9.96587718e-01	1.00342432e+00	-6.59631706e+03	1.97429531e-14
4.28000000e+01	3.59849228e+01	-2.33010575e+00	-9.06917808e-02	9.96604452e+00	1.00340747e+01	9.96604452e-01	1.00340747e+00	-6.56391421e+03	1.81508919e-14
4.29000000e+01	3.60689997e+01	-2.31729355e+00	-9.01931076e-02	9.96621142e+00	1.00339066e+01	9.96621142e-01	1.00339066e+00	-6.53159588e+03	1.66872137e-14
4.30000000e+01	3.61530767e+01	-2.30386476e+00	-8.96704357e-02	9.96637789e+00	1.00337390e+01	9.96637789e-01	1.00337390e+00	-6.49936190e+03	1.53415657e-14
4.31000000e+01	3.62371536e+01	-2.28982233e+00	-8.91238796e-02	9.96654393e+00	1.00335719e+01	9.96654393e-01	1.00335719e+00	-6.46721213e+03	1.41044300e-14
4.32000000e+01	3.63212305e+01	-2.27516919e+00	-8.85535537e-02	9.96670953e+00	1.00334051e+01	9.96670953e-01	1.00334051e+00	-6.43514642e+03	1.29670563e-14
4.33000000e+01	3.64053074e+01	-2.25990827e+00	-8.79595723e-02	9.96687471e+00	1.00332388e+01	9.96687471e-01	1.00332388e+00	-6.40316462e+03	1.19213998e-14
4.34000000e+01	3.64893844e+01	-2.24404251e+00	-8.73420490e-02	9.96703945e+00	1.00330730e+01	9.96703945e-01	1.00330730e+00	-6.37126657e+03	1.09600645e-14
4.35000000e+01	3.65734613e+01	-2.22757481e+00	-8.67010975e-02	9.96720377e+00	1.00329076e+01	9.96720377e-01	1.00329076e+00	-6.33945213e+03	1.00762507e-14
4.36000000e+01	3.66575382e+01	-2.21050809e+00	-8.60368309e-02	9.96736766e+00	1.00327426e+01	9.96736766e-01	1.00327426e+00	-6.30772114e+03	9.26370726e-15
4.37000000e+01	3.67416151e+01	-2.19284524e+00	-8.53493623e-02	9.96753112e+00	1.00325780e+01	9.96753112e-01	1.00325780e+00	-6.27607345e+03	8.51668685e-15
4.38000000e+01	3.68256921e+01	-2.17458917e+00	-8.46388042e-02	9.96769415e+00	1.00324139e+01	9.96769415e-01	1.00324139e+00	-6.24450891e+03	7.82990577e-15
4.39000000e+01	3.69097690e+01	-2.15574276e+00	-8.39052691e-02	9.96785676e+00	1.00322503e+01	9.96785676e-01	1.00322503e+00	-6.21302738e+03	7.19850635e-15
4.40000000e+01	3.69938459e+01	-2.13630890e+00	-8.31488690e-02	9.96801894e+00	1.00320870e+01	9.96801894e-01	1.00320870e+00	-6.18162870e+03	6.61802264e-15
4.41000000e+01	3.70779228e+01	-2.11629044e+00	-8.23697157e-02	9.96818070e+00	1.00319242e+01	9.96818070e-01	1.00319242e+00	-6.15031273e+03	6.08434883e-15
4.42000000e+01	3.71619997e+01	-2.09569026e+00	-8.15679208e-02	9.96834203e+00	1.00317618e+01	9.96834203e-01	1.00317618e+00	-6.11907931e+03	5.59371018e-15
4.43000000e+01	3.72460767e+01	-2.07451121e+00	-8.07435954e-02	9.96850295e+00	1.00315999e+01	9.96850295e-01	1.00315999e+00	-6.08792829e+03	5.14263638e-15
4.44000000e+01	3.73301536e+01	-2.05275615e+00	-7.98968505e-02	9.96866344e+00	1.00314384e+01	9.96866344e-01	1.00314384e+00	-6.05685953e+03	4.72793693e-15
4.45000000e+01	3.74142305e+01	-2.03042792e+00	-7.90277968e-02	9.96882350e+00	1.00312773e+01	9.96882350e-01	1.00312773e+00	-6.02587288e+03	4.34667862e-15
4.46000000e+01	3.74983074e+01	-2.00752935e+00	-7.81365445e-02	9.96898315e+00	1.00311166e+01	9.96898315e-01	1.00311166e+00	-5.99496819e+03	3.99616478e-15
4.47000000e+01	3.75823844e+01	-1.98406327e+00	-7.72232038e-02	9.96914238e+00	1.00309564e+01	9.96914238e-01	1.00309564e+00	-5.96414530e+03	3.67391618e-15
4.48000000e+01	3.76664613e+01	-1.96003251e+00	-7.62878846e-02	9.96930118e+00	1.00307966e+01	9.96930118e-01	1.00307966e+00	-5.93340408e+03	3.37765354e-15
4.49000000e+01	3.77505382e+01	-1.93543987e+00	-7.53306962e-02	9.96945957e+00	1.00306372e+01	9.96945957e-01	1.00306372e+00	-5.90274438e+03	3.10528136e-15
4.50000000e+01	3.78346151e+01	-1.91028817e+00	-7.43517479e-02	9.96961754e+00	1.00304783e+01	9.96961754e-01	1.00304783e+00	-5.87216604e+03	2.85487313e-15
4.51000000e+01	3.79186920e+01	-1.88458019e+00	-7.33511487e-02	9.96977510e+00	1.00303197e+01	9.96977510e-01	1.00303197e+00	-5.84166892e+03	2.62465769e-15
4.52000000e+01	3.80027690e+01	-1.85831874e+00	-7.23290072e-02	9.96993224e+00	1.00301616e+01	9.96993224e-01	1.00301616e+00	-5.81125287e+03	2.41300669e-15
4.53000000e+01	3.80868459e+01	-1.83150660e+00	-7.12854318e-02	9.97008896e+00	1.00300039e+01	9.97008896e-01	1.00300039e+00	-5.78091774e+03	2.21842312e-15
4.54000000e+01	3.81709228e+01	-1.80414654e+00	-7.02205307e-02	9.97024527e+00	1.00298467e+01	9.97024527e-01	1.00298467e+00	-5.75066339e+03	2.03953067e-15
4.55000000e+01	3.82549997e+01	-1.77624134e+00	-6.91344116e-02	9.97040116e+00	1.00296899e+01	9.97040116e-01	1.00296899e+00	-5.72048968e+03	1.87506400e-15
4.56000000e+01	3.83390767e+01	-1.74779376e+00	-6.80271820e-02	9.97055664e+00	1.00295334e+01	9.97055664e-01	1.00295334e+00	-5.69039645e+03	1.72385984e-15
4.57000000e+01	3.84231536e+01	-1.71880655e+00	-6.68989494e-02	9.97071171e+00	1.00293774e+01	9.97071171e-01	1.00293774e+00	-5.66038355e+03	1.58484870e-15
4.58000000e+01	3.85072305e+01	-1.68928246e+00	-6.57498205e-02	9.97086636e+00	1.00292219e+01	9.97086636e-01	1.00292219e+00	-5.63045085e+03	1.45704735e-15
4.59000000e+01	3.85913074e+01	-1.65922424e+00	-6.45799021e-02	9.97102061e+00	1.00290667e+01	9.97102061e-01	1.00290667e+00	-5.60059820e+03	1.33955183e-15
4.60000000e+01	3.86753843e+01	-1.62863462e+00	-6.33893007e-02	9.97117444e+00	1.00289120e+01	9.97117444e-01	1.00289120e+00	-5.57082544e+03	1.23153109e-15
4.61000000e+01	3.87594613e+01	-1.59751633e+00	-6.21781224e-02	9.97132787e+00	1.00287577e+01	9.97132787e-01	1.00287577e+00	-5.54113244e+03	1.13222108e-15
4.62000000e+01	3.88435382e+01	-1.56587208e+00	-6.09464731e-02	9.97148088e+00	1.00286038e+01	9.97148088e-01	1.00286038e+00	-5.51151905e+03	1.04091937e-15
4.63000000e+01	3.89276151e+01	-1.53370459e+00	-5.96944583e-02	9.97163349e+00	1.00284503e+01	9.97163349e-01	1.00284503e+00	-5.48198512e+03	9.56980191e-16
4.64000000e+01	3.90116920e+01	-1.50101657e+00	-5.84221834e-02	9.97178569e+00	1.00282972e+01	9.97178569e-01	1.00282972e+00	-5.45253052e+03	8.79809819e-16
4.65000000e+01	3.90957690e+01	-1.46781071e+00	-5.71297534e-02	9.97193748e+00	1.00281445e+01	9.97193748e-01	1.00281445e+00	-5.42315509e+03	8.08862425e-16
4.66000000e+01	3.91798459e+01	-1.43408970e+00	-5.58172731e-02	9.97208887e+00	1.00279923e+01	9.97208887e-01	1.00279923e+00	-5.39385868e+03	7.43636191e-16
4.67000000e+01	3.92639228e+01	-1.39985624e+00	-5.44848469e-02	9.97223985e+00	1.00278404e+01	9.97223985e-01	1.00278404e+00	-5.36464117e+03	6.83669765e-16
4.68000000e+01	3.93479997e+01	-1.36511299e+00	-5.31325792e-02	9.97239043e+00	1.00276890e+01	9.97239043e-01	1.00276890e+00	-5.33550239e+03	6.28539001e-16
4.69000000e+01	3.94320766e+01	-1.32986264e+00	-5.17605738e-02	9.97254060e+00	1.00275380e+01	9.97254060e-01	1.00275380e+00	-5.30644222e+03	5.77853951e-16
4.70000000e+01	3.95161536e+01	-1.29410783e+00	-5.03689344e-02	9.97269037e+00	1.00273874e+01	9.97269037e-01	1.00273874e+00	-5.27746050e+03	5.31256117e-16
4.71000000e+01	3.96002305e+01	-1.25785123e+00	-4.89577644e-02	9.97283974e+00	1.00272372e+01	9.97283974e-01	1.00272372e+00	-5.24855708e+03	4.88415907e-16
4.72000000e+01	3.96843074e+01	-1.22109550e+00	-4.75271669e-02	9.97298871e+00	1.00270874e+01	9.97298871e-01	1.00270874e+00	-5.21973184e+03	4.49030309e-16
4.73000000e+01	3.97683843e+01	-1.18384326e+00	-4.60772448e-02	9.97313727e+00	1.00269380e+01	9.97313727e-01	1.00269380e+00	-5.19098462e+03	4.12820745e-16
4.74000000e+01	3.98524613e+01	-1.14609716e+00	-4.46081007e-02	9.97328544e+00	1.00267891e+01	9.97328544e-01	1.00267891e+00	-5.16231528e+03	3.79531100e-16
4.75000000e+01	3.99365382e+01	-1.10785982e+00	-4.31198369e-02	9.97343320e+00	1.00266405e+01	9.97343320e-01	1.00266405e+00	-5.13372368e+03	3.48925915e-16
4.76000000e+01	4.00206151e+01	-1.06913387e+00	-4.16125554e-02	9.97358057e+00	1.00264923e+01	9.97358057e-01	1.00264923e+00	-5.10520968e+03	3.20788716e-16
4.77000000e+01	4.01046920e+01	-1.02992192e+00	-4.00863579e-02	9.97372754e+00	1.00263446e+01	9.97372754e-01	1.00263446e+00	-5.07677313e+03	2.94920485e-16
4.78000000e+01	4.01887690e+01	-9.90226584e-01	-3.85413461e-02	9.97387411e+00	1.00261972e+01	9.97387411e-01	1.00261972e+00	-5.04841389e+03	2.71138254e-16
4.79000000e+01	4.02728459e+01	-9.50050456e-01	-3.69776211e-02	9.97402028e+00	1.00260503e+01	9.97402028e-01	1.00260503e+00	-5.02013182e+03	2.49273810e-16
4.80000000e+01	4.03569228e+01	-9.09396132e-01	-3.53952839e-02	9.97416606e+00	1.00259037e+01	9.97416606e-01	1.00259037e+00	-4.99192678e+03	2.29172503e-16
4.81000000e+01	4.04409997e+01	-8.68266199e-01	-3.37944352e-02	9.97431144e+00	1.00257576e+01	9.97431144e-01	1.00257576e+00	-4.96379863e+03	2.10692155e-16
4.82000000e+01	4.05250766e+01	-8.26663238e-01	-3.21751754e-02	9.97445643e+00	1.00256118e+01	9.97445643e-01	1.00256118e+00	-4.93574722e+03	1.93702052e-16
4.83000000e+01	4.06091536e+01	-7.84589823e-01	-3.05376046e-02	9.97460103e+00	1.00254665e+01	9.97460103e-01	1.00254665e+00	-4.90777241e+03	1.78082022e-16
4.84000000e+01	4.06932305e+01	-7.42048519e-01	-2.88818229e-02	9.97474523e+00	1.00253216e+01	9.97474523e-01	1.00253216e+00	-4.87987407e+03	1.63721583e-16
4.85000000e+01	4.07773074e+01	-6.99041887e-01	-2.72079297e-02	9.97488904e+00	1.00251770e+01	9.97488904e-01	1.00251770e+00	-4.85205205e+03	1.50519162e-16
4.86000000e+01	4.08613843e+01	-6.55572479e-01	-2.55160245e-02	9.97503246e+00	1.00250329e+01	9.97503246e-01	1.00250329e+00	-4.82430621e+03	1.38381377e-16
4.87000000e+01	4.09454613e+01	-6.11642842e-01	-2.38062064e-02	9.97517548e+00	1.00248891e+01	9.97517548e-01	1.00248891e+00	-4.79663642e+03	1.27222377e-16
4.88000000e+01	4.10295382e+01	-5.67255515e-01	-2.20785742e-02	9.97531812e+00	1.00247458e+01	9.97531812e-01	1.00247458e+00	-4.76904252e+03	1.16963232e-16
4.89000000e+01	4.11136151e+01	-5.22413030e-01	-2.03332265e-02	9.97546037e+00	1.00246028e+01	9.97546037e-01	1.00246028e+00	-4.74152438e+03	1.07531379e-16
4.90000000e+01	4.11976920e+01	-4.77117914e-01	-1.85702615e-02	9.97560223e+00	1.00244602e+01	9.97560223e-01	1.00244602e+00	-4.71408187e+03	9.88601065e-17
4.91000000e+01	4.12817689e+01	-4.31372684e-01	-1.67897774e-02	9.97574370e+00	1.00243181e+01	9.97574370e-01	1.00243181e+00	-4.68671483e+03	9.08880802e-17
4.92000000e+01	4.13658459e+01	-3.85179855e-01	-1.49918719e-02	9.97588478e+00	1.00241763e+01	9.97588478e-01	1.00241763e+00	-4.65942304e+03	8.35589140e-17
4.93000000e+01	4.14499228e+01	-3.38541930e-01	-1.31766425e-02	9.97602548e+00	1.00240349e+01	9.97602548e-01	1.00240349e+00	-4.63220498e+03	7.68207678e-17
4.94000000e+01	4.15339997e+01	-2.91461409e-01	-1.13441865e-02	9.97616591e+00	1.00238938e+01	9.97616591e-01	1.00238938e+00	-4.60504115e+03	7.06259821e-17
4.95000000e+01	4.16180766e+01	-2.43940786e-01	-9.49460095e-03	9.97630729e+00	1.00237517e+01	9.97630729e-01	1.00237517e+00	-4.57769214e+03	6.49307406e-17
4.96000000e+01	4.17021536e+01	-1.95982571e-01	-7.62798355e-03	9.97646278e+00	1.00235954e+01	9.97646278e-01	1.00235954e+00	-4.54760970e+03	5.96947603e-17
4.97000000e+01	4.17862305e+01	-1.47589511e-01	-5.74444125e-03	9.97674861e+00	1.00233080e+01	9.97674861e-01	1.00233080e+00	-4.49229777e+03	5.48810067e-17
4.98000000e+01	4.18703074e+01	-9.87666075e-02	-3.84416866e-03	9.97796217e+00	1.00220888e+01	9.97796217e-01	1.00220888e+00	-4.25757291e+03	5.04554316e-17
4.99000000e+01	4.19543843e+01	-4.95352238e-02	-1.92799732e-03	9.98377562e+00	1.00162575e+01	9.98377562e-01	1.00162575e+00	-3.13402302e+03	4.63867326e-17
5.00000000e+01	4.20384612e+01	0.00000000e+00	0.00000000e+00	1.00000000e+01	1.00000000e+01	1.00000000e+00	1.00000000e+00	0.00000000e+00	4.26461312e-17
