# 1D PNP Solver Results
# Debye length: 1.18939 nm
# Surface potential: 100 mV
# Bulk concentration: 10 mol/m^3
# Thermal voltage: 25.6926 mV
# Grid: non-uniform with stretching factor 1
#
# Columns:
# 1: x [nm]
# 2: x/lambda_D [-]
# 3: phi [mV]
# 4: phi_normalized = e*phi/(kB*T) [-]
# 5: c+ [mol/m^3]
# 6: c- [mol/m^3]
# 7: c+/c0 [-]
# 8: c-/c0 [-]
# 9: rho [C/m^3]
# 10: phi_GC [mV] (Gouy-Chapman analytical)
0.00000000e+00	0.00000000e+00	1.00000000e+02	3.89217445e+00	1.00000000e-09	7.21854644e+05	1.00000000e-10	7.21854644e+04	-6.96483850e+10	1.00000000e+02
1.00000000e-01	8.40769225e-02	-2.21802599e+05	-8.63294409e+03	1.00000000e-09	4.67424123e+03	1.00000000e-10	4.67424123e+02	-4.50995717e+08	8.70576373e+01
2.00000000e-01	1.68153845e-01	-4.43677603e+05	-1.72687063e+04	2.44262458e-05	1.00000000e-09	2.44262458e-06	1.00000000e-10	2.35667795e+00	7.68715638e+01
3.00000000e-01	2.52230767e-01	-6.65552606e+05	-2.59044685e+04	1.00000000e-09	1.00000000e-09	1.00000000e-10	1.00000000e-10	0.00000000e+00	6.85207345e+01
4.00000000e-01	3.36307690e-01	-8.87427610e+05	-3.45402307e+04	1.00000000e-09	7.21774557e+05	1.00000000e-10	7.21774557e+04	-6.96406578e+10	6.14862309e+01
5.00000000e-01	4.20384612e-01	-1.10641541e+06	-4.30636177e+04	2.68535608e-05	1.79437506e+04	2.68535608e-06	1.79437506e+03	-1.73130873e+09	5.54461690e+01
6.00000000e-01	5.04461535e-01	-1.32528805e+06	-5.15825229e+04	2.88017876e-05	1.00000000e-09	2.88017876e-06	1.00000000e-10	2.77885356e+00	5.01866549e+01
7.00000000e-01	5.88538457e-01	-1.54416070e+06	-6.01014281e+04	1.00000000e-09	1.00000000e-09	1.00000000e-10	1.00000000e-10	0.00000000e+00	4.55579535e+01
8.00000000e-01	6.72615380e-01	-1.76303334e+06	-6.86203332e+04	1.00000000e-09	7.21782373e+05	1.00000000e-10	7.21782373e+04	-6.96414120e+10	4.14508515e+01
9.00000000e-01	7.56692302e-01	-1.97902190e+06	-7.70269847e+04	5.70074463e-05	3.15808075e+04	5.70074463e-06	3.15808075e+03	-3.04708470e+09	3.77829914e+01
1.00000000e+00	8.40769225e-01	-2.19480559e+06	-8.54256622e+04	3.46572898e-05	1.00000000e-09	3.46572898e-06	1.00000000e-10	3.34382363e+00	3.44905241e+01
1.10000000e+00	9.24846147e-01	-2.41058927e+06	-9.38243398e+04	1.00000000e-09	1.00000000e-09	1.00000000e-10	1.00000000e-10	0.00000000e+00	3.15227780e+01
1.20000000e+00	1.00892307e+00	-2.62637296e+06	-1.02223017e+05	1.00000000e-09	7.21881815e+05	1.00000000e-10	7.21881815e+04	-6.96510067e+10	2.88387272e+01
1.30000000e+00	1.09299999e+00	-2.83927704e+06	-1.10509616e+05	8.88776803e-05	4.56098872e+04	8.88776803e-06	4.56098872e+03	-4.40068510e+09	2.64045776e+01
1.40000000e+00	1.17707691e+00	-3.05188431e+06	-1.18784661e+05	4.35533976e-05	1.00000000e-09	4.35533976e-06	1.00000000e-10	4.20216755e+00	2.41920729e+01
1.50000000e+00	1.26115384e+00	-3.26449159e+06	-1.27059707e+05	1.00000000e-09	1.00000000e-09	1.00000000e-10	1.00000000e-10	0.00000000e+00	2.21772778e+01
1.60000000e+00	1.34523076e+00	-3.47709886e+06	-1.35334753e+05	1.00000000e-09	7.22076679e+05	1.00000000e-10	7.22076679e+04	-6.96698082e+10	2.03396868e+01
1.70000000e+00	1.42930768e+00	-3.68683240e+06	-1.43497949e+05	1.18232243e-04	6.00572651e+04	1.18232243e-05	6.00572651e+03	-5.79464516e+09	1.86615585e+01
1.80000000e+00	1.51338460e+00	-3.89617488e+06	-1.51645923e+05	5.44611313e-05	1.00000000e-09	5.44611313e-06	1.00000000e-10	5.25460385e+00	1.71274116e+01
1.90000000e+00	1.59746153e+00	-4.10551737e+06	-1.59793898e+05	1.00000000e-09	1.00000000e-09	1.00000000e-10	1.00000000e-10	0.00000000e+00	1.57236358e+01
2.00000000e+00	1.68153845e+00	-4.31485986e+06	-1.67941873e+05	1.00000000e-09	7.22370920e+05	1.00000000e-10	7.22370920e+04	-6.96981981e+10	1.44381886e+01
2.10000000e+00	1.76561537e+00	-4.52133594e+06	-1.75978282e+05	1.45989514e-04	7.49512308e+04	1.45989514e-05	7.49512308e+03	-7.23169438e+09	1.32603556e+01
2.20000000e+00	1.84969229e+00	-4.72732433e+06	-1.83995710e+05	6.66583241e-05	1.00000000e-09	6.66583241e-06	1.00000000e-10	6.43145405e+00	1.21805577e+01
2.30000000e+00	1.93376922e+00	-4.93331272e+06	-1.92013137e+05	1.00000000e-09	1.00000000e-09	1.00000000e-10	1.00000000e-10	0.00000000e+00	1.11901960e+01
2.40000000e+00	2.01784614e+00	-5.13930111e+06	-2.00030565e+05	1.00000000e-09	7.22768684e+05	1.00000000e-10	7.22768684e+04	-6.97365765e+10	1.02815237e+01
2.50000000e+00	2.10192306e+00	-5.34243197e+06	-2.07936772e+05	1.71821865e-04	9.03223534e+04	1.71821865e-05	9.03223534e+03	-8.71478225e+09	9.44754093e+00
2.60000000e+00	2.18599998e+00	-5.54497606e+06	-2.15820142e+05	8.11876477e-05	1.00000000e-09	8.11876477e-06	1.00000000e-10	7.83332067e+00	8.68190590e+00
2.70000000e+00	2.27007691e+00	-5.74752015e+06	-2.23703511e+05	1.00000000e-09	1.00000000e-09	1.00000000e-10	1.00000000e-10	0.00000000e+00	7.97886054e+00
2.80000000e+00	2.35415383e+00	-5.95006424e+06	-2.31586880e+05	1.00000000e-09	7.23274160e+05	1.00000000e-10	7.23274160e+04	-6.97853475e+10	7.33316685e+00
2.90000000e+00	2.43823075e+00	-6.14976129e+06	-2.39359438e+05	1.94247819e-04	1.06203616e+05	1.94247819e-05	1.06203616e+04	-1.02470911e+10	6.74005227e+00
3.00000000e+00	2.52230767e+00	-6.34876992e+06	-2.47105201e+05	9.76868371e-05	1.00000000e-09	9.76868371e-06	1.00000000e-10	9.42525044e+00	6.19516235e+00
3.10000000e+00	2.60638460e+00	-6.54777856e+06	-2.54850964e+05	1.00000000e-09	1.00000000e-09	1.00000000e-10	1.00000000e-10	0.00000000e+00	5.69451955e+00
3.20000000e+00	2.69046152e+00	-6.74678719e+06	-2.62596727e+05	1.00000000e-09	7.23891671e+05	1.00000000e-10	7.23891671e+04	-6.98449283e+10	5.23448697e+00
3.30000000e+00	2.77453844e+00	-6.94296091e+06	-2.70232150e+05	2.12537293e-04	1.22630696e+05	2.12537293e-05	1.22630696e+04	-1.18320634e+10	4.81173646e+00
3.40000000e+00	2.85861536e+00	-7.13834189e+06	-2.77836719e+05	1.15788499e-04	1.00000000e-09	1.15788499e-05	1.00000000e-10	1.11717953e+01	4.42322017e+00
3.50000000e+00	2.94269229e+00	-7.33372288e+06	-2.85441288e+05	1.00000000e-09	1.00000000e-09	1.00000000e-10	1.00000000e-10	0.00000000e+00	4.06614534e+00
3.60000000e+00	3.02676921e+00	-7.52910387e+06	-2.93045857e+05	1.00000000e-09	7.24625885e+05	1.00000000e-10	7.24625885e+04	-6.99157692e+10	3.73795159e+00
3.70000000e+00	3.11084613e+00	-7.72166377e+06	-3.00540624e+05	2.28139522e-04	1.39642308e+05	2.28139522e-05	1.39642308e+04	-1.34734344e+10	3.43629058e+00
3.80000000e+00	3.19492305e+00	-7.91332382e+06	-3.08000368e+05	1.35782334e-04	1.00000000e-09	1.35782334e-05	1.00000000e-10	1.31009071e+01	3.15900770e+00
3.90000000e+00	3.27899998e+00	-8.10498387e+06	-3.15460111e+05	1.00000000e-09	1.00000000e-09	1.00000000e-10	1.00000000e-10	0.00000000e+00	2.90412542e+00
4.00000000e+00	3.36307690e+00	-8.29664392e+06	-3.22919855e+05	1.00000000e-09	7.25481781e+05	1.00000000e-10	7.25481781e+04	-6.99983506e+10	2.66982829e+00
4.10000000e+00	3.44715382e+00	-8.48549855e+06	-3.30270407e+05	2.41793616e-04	1.57280574e+05	2.41793616e-05	1.57280574e+04	-1.51752684e+10	2.45444929e+00
4.20000000e+00	3.53123074e+00	-8.67334326e+06	-3.37581650e+05	1.58312178e-04	1.00000000e-09	1.58312178e-05	1.00000000e-10	1.52747066e+01	2.25645740e+00
4.30000000e+00	3.61530767e+00	-8.86118797e+06	-3.44892894e+05	1.00000000e-09	1.00000000e-09	1.00000000e-10	1.00000000e-10	0.00000000e+00	2.07444628e+00
4.40000000e+00	3.69938459e+00	-9.04903268e+06	-3.52204138e+05	1.00000000e-09	7.26464609e+05	1.00000000e-10	7.26464609e+04	-7.00931790e+10	1.90712395e+00
4.50000000e+00	3.78346151e+00	-9.23408958e+06	-3.59406875e+05	2.53751647e-04	1.75591401e+05	2.53751647e-05	1.75591401e+04	-1.69419947e+10	1.75330334e+00
4.60000000e+00	3.86753843e+00	-9.41802342e+06	-3.66565901e+05	1.85098010e-04	1.00000000e-09	1.85098010e-05	1.00000000e-10	1.78591465e+01	1.61189369e+00
4.70000000e+00	3.95161536e+00	-9.60195725e+06	-3.73724927e+05	1.00000000e-09	1.00000000e-09	1.00000000e-10	1.00000000e-10	0.00000000e+00	1.48189263e+00
4.80000000e+00	4.03569228e+00	-9.78589108e+06	-3.80883952e+05	1.00000000e-09	7.27579852e+05	1.00000000e-10	7.27579852e+04	-7.02007837e+10	1.36237899e+00
4.90000000e+00	4.11976920e+00	-9.96705671e+06	-3.87935235e+05	2.63438549e-04	1.94624911e+05	2.63438549e-05	1.94624911e+04	-1.87784491e+10	1.25250612e+00
5.00000000e+00	4.20384612e+00	-1.01469829e+07	-3.94938276e+05	2.17357025e-04	1.00000000e-09	2.17357025e-05	1.00000000e-10	2.09716683e+01	1.15149587e+00
5.10000000e+00	4.28792305e+00	-1.03269091e+07	-4.01941317e+05	1.00000000e-09	1.00000000e-09	1.00000000e-10	1.00000000e-10	0.00000000e+00	1.05863300e+00
5.20000000e+00	4.37199997e+00	-1.05068353e+07	-4.08944358e+05	1.00000000e-09	7.28833303e+05	1.00000000e-10	7.28833303e+04	-7.03217233e+10	9.73260072e-01
5.30000000e+00	4.45607689e+00	-1.06840150e+07	-4.15840500e+05	2.70120463e-04	2.14435976e+05	2.70120463e-05	2.14435976e+04	-2.06899263e+10	8.94772759e-01
5.40000000e+00	4.54015381e+00	-1.08598354e+07	-4.22683739e+05	2.58003765e-04	1.00000000e-09	2.58003765e-05	1.00000000e-10	2.48934824e+01	8.22615544e-01
5.50000000e+00	4.62423074e+00	-1.10356559e+07	-4.29526978e+05	1.00000000e-09	1.00000000e-09	1.00000000e-10	1.00000000e-10	0.00000000e+00	7.56277766e-01
5.60000000e+00	4.70830766e+00	-1.12114763e+07	-4.36370217e+05	1.00000000e-09	7.30231202e+05	1.00000000e-10	7.30231202e+04	-7.04566000e+10	6.95289988e-01
5.70000000e+00	4.79238458e+00	-1.13845741e+07	-4.43107485e+05	2.71968912e-04	2.35084861e+05	2.71968912e-05	2.35084861e+04	-2.26822409e+10	6.39220665e-01
5.80000000e+00	4.87646150e+00	-1.15561893e+07	-4.49787047e+05	3.11382381e-04	1.00000000e-09	3.11382381e-05	1.00000000e-10	3.00437359e+01	5.87673079e-01
5.90000000e+00	4.96053843e+00	-1.17278045e+07	-4.56466609e+05	1.00000000e-09	1.00000000e-09	1.00000000e-10	1.00000000e-10	0.00000000e+00	5.40282524e-01
6.00000000e+00	5.04461535e+00	-1.18994196e+07	-4.63146171e+05	1.00000000e-09	7.31780367e+05	1.00000000e-10	7.31780367e+04	-7.06060718e+10	4.96713722e-01
6.10000000e+00	5.12869227e+00	-1.20683383e+07	-4.69720781e+05	2.62443254e-04	2.56637963e+05	2.62443254e-05	2.56637963e+04	-2.47617991e+10	4.56658442e-01
6.20000000e+00	5.21276919e+00	-1.22356471e+07	-4.76232731e+05	3.84151262e-04	1.00000000e-09	3.84151262e-05	1.00000000e-10	3.70648656e+01	4.19833321e-01
6.30000000e+00	5.29684612e+00	-1.24029559e+07	-4.82744680e+05	1.00000000e-09	1.00000000e-09	1.00000000e-10	1.00000000e-10	0.00000000e+00	3.85977854e-01
6.40000000e+00	5.38092304e+00	-1.25702647e+07	-4.89256630e+05	1.00000000e-09	7.33488253e+05	1.00000000e-10	7.33488253e+04	-7.07708577e+10	3.54852548e-01
6.50000000e+00	5.46499996e+00	-1.27349057e+07	-4.95664745e+05	2.23649803e-04	2.79168660e+05	2.23649803e-05	2.79168660e+04	-2.69356808e+10	3.26237227e-01
6.60000000e+00	5.54907688e+00	-1.28978054e+07	-5.02005085e+05	4.87690764e-04	1.00000000e-09	4.87690764e-05	1.00000000e-10	4.70549088e+01	2.99929475e-01
6.70000000e+00	5.63315381e+00	-1.30607051e+07	-5.08345425e+05	1.00000000e-09	1.00000000e-09	1.00000000e-10	1.00000000e-10	0.00000000e+00	2.75743201e-01
6.80000000e+00	5.71723073e+00	-1.32236048e+07	-5.14685766e+05	1.00000000e-09	7.35362925e+05	1.00000000e-10	7.35362925e+04	-7.09517360e+10	2.53507323e-01
6.90000000e+00	5.80130765e+00	-1.33838681e+07	-5.20923496e+05	9.02506608e-05	3.02758253e+05	9.02506608e-06	3.02758253e+04	-2.92117306e+10	2.33064554e-01
7.00000000e+00	5.88538457e+00	-1.35422545e+07	-5.27088168e+05	6.28584117e-04	1.00000000e-09	6.28584117e-05	1.00000000e-10	6.06490508e+01	2.14270296e-01
7.10000000e+00	5.96946150e+00	-1.37006408e+07	-5.33252841e+05	1.00000000e-09	1.00000000e-09	1.00000000e-10	1.00000000e-10	0.00000000e+00	1.96991610e-01
7.20000000e+00	6.05353842e+00	-1.38590271e+07	-5.39417513e+05	1.00000000e-09	7.37412948e+05	1.00000000e-10	7.37412948e+04	-7.11495332e+10	1.81106277e-01
7.30000000e+00	6.13761534e+00	-1.40148118e+07	-5.45480923e+05	1.00000000e-09	3.27497019e+05	1.00000000e-10	3.27497019e+04	-3.15986586e+10	1.66501937e-01
7.40000000e+00	6.22169226e+00	-1.41685791e+07	-5.51465814e+05	2.48861555e-04	1.00000000e-09	2.48861555e-05	1.00000000e-10	2.40113933e+01	1.53075289e-01
7.50000000e+00	6.30576919e+00	-1.43223463e+07	-5.57450705e+05	1.00000000e-09	1.00000000e-09	1.00000000e-10	1.00000000e-10	0.00000000e+00	1.40731363e-01
7.60000000e+00	6.38984611e+00	-1.44761136e+07	-5.63435595e+05	1.00000000e-09	7.39647118e+05	1.00000000e-10	7.39647118e+04	-7.13650978e+10	1.29382849e-01
7.70000000e+00	6.47392303e+00	-1.46273174e+07	-5.69320712e+05	7.00404638e-05	3.53485329e+05	7.00404638e-06	3.53485329e+04	-3.41061493e+10	1.18949475e-01
7.80000000e+00	6.55799995e+00	-1.47763589e+07	-5.75121664e+05	2.64129271e-04	1.00000000e-09	2.64129271e-05	1.00000000e-10	2.54845040e+01	1.09357445e-01
7.90000000e+00	6.64207688e+00	-1.49254003e+07	-5.80922615e+05	1.00000000e-09	1.00000000e-09	1.00000000e-10	1.00000000e-10	0.00000000e+00	1.00538914e-01
8.00000000e+00	6.72615380e+00	-1.50744417e+07	-5.86723567e+05	1.00000000e-09	7.42073975e+05	1.00000000e-10	7.42073975e+04	-7.15992539e+10	9.24315047e-02
8.10000000e+00	6.81023072e+00	-1.52209621e+07	-5.92426399e+05	1.00000000e-09	3.80834803e+05	1.00000000e-10	3.80834803e+04	-3.67449724e+10	8.49778740e-02
8.20000000e+00	6.89430764e+00	-1.53651702e+07	-5.98039229e+05	1.71201471e-04	1.00000000e-09	1.71201471e-05	1.00000000e-10	1.65183343e+01	7.81253008e-02
8.30000000e+00	6.97838457e+00	-1.55093783e+07	-6.03652060e+05	5.90810914e-06	1.00000000e-09	5.90810914e-07	1.00000000e-10	5.69949388e-01	7.18253161e-02
8.40000000e+00	7.06246149e+00	-1.56535864e+07	-6.09264891e+05	1.00000000e-09	7.44700971e+05	1.00000000e-10	7.44700971e+04	-7.18527205e+10	6.60333593e-02
8.50000000e+00	7.14653841e+00	-1.57953211e+07	-6.14781452e+05	1.00000000e-09	4.09669434e+05	1.00000000e-10	4.09669434e+04	-3.95270914e+10	6.07084632e-02
8.60000000e+00	7.23061533e+00	-1.59345886e+07	-6.20201986e+05	1.15381241e-04	1.00000000e-09	1.15381241e-05	1.00000000e-10	1.11325009e+01	5.58129641e-02
8.70000000e+00	7.31469226e+00	-1.60738561e+07	-6.25622521e+05	6.44370655e-05	1.00000000e-09	6.44370655e-06	1.00000000e-10	6.21713518e+00	5.13122357e-02
8.80000000e+00	7.39876918e+00	-1.62131236e+07	-6.31043056e+05	1.00000000e-09	7.47533150e+05	1.00000000e-10	7.47533150e+04	-7.21259843e+10	4.71744438e-02
8.90000000e+00	7.48284610e+00	-1.63499713e+07	-6.36369406e+05	1.00000000e-09	4.40126544e+05	1.00000000e-10	4.40126544e+04	-4.24657558e+10	4.33703214e-02
9.00000000e+00	7.56692302e+00	-1.64841923e+07	-6.41593520e+05	1.00000000e-09	1.00000000e-09	1.00000000e-10	1.00000000e-10	0.00000000e+00	3.98729614e-02
9.10000000e+00	7.65099995e+00	-1.66184133e+07	-6.46817635e+05	1.00000000e-09	1.00000000e-09	1.00000000e-10	1.00000000e-10	0.00000000e+00	3.66576268e-02
9.20000000e+00	7.73507687e+00	-1.67526342e+07	-6.52041749e+05	1.00000000e-09	7.50571120e+05	1.00000000e-10	7.50571120e+04	-7.24191038e+10	3.37015752e-02
9.30000000e+00	7.81915379e+00	-1.68844962e+07	-6.57174046e+05	2.56938595e-06	4.72357357e+05	2.56938595e-07	4.72357357e+04	-4.55755565e+10	3.09838980e-02
9.40000000e+00	7.90323071e+00	-1.70135676e+07	-6.62197730e+05	4.72003825e-05	1.00000000e-09	4.72003825e-06	1.00000000e-10	4.55404810e+00	2.84853728e-02
9.50000000e+00	7.98730764e+00	-1.71426389e+07	-6.67221413e+05	1.00000000e-09	1.00000000e-09	1.00000000e-10	1.00000000e-10	0.00000000e+00	2.61883275e-02
9.60000000e+00	8.07138456e+00	-1.72717103e+07	-6.72245096e+05	1.00000000e-09	7.53807972e+05	1.00000000e-10	7.53807972e+04	-7.27314125e+10	2.40765146e-02
9.70000000e+00	8.15546148e+00	-1.73984922e+07	-6.77179670e+05	3.55157654e-07	5.06526872e+05	3.55157654e-08	5.06526872e+04	-4.88724135e+10	2.21349973e-02
9.80000000e+00	8.23953840e+00	-1.75223160e+07	-6.81999108e+05	3.70033698e-05	1.00000000e-09	3.70033698e-06	1.00000000e-10	3.57018594e+00	2.03500429e-02
9.90000000e+00	8.32361533e+00	-1.76461398e+07	-6.86818545e+05	4.14647468e-06	1.00000000e-09	4.14647468e-07	1.00000000e-10	3.99977501e-01	1.87090262e-02
1.00000000e+01	8.40769225e+00	-1.77699636e+07	-6.91637983e+05	3.58308659e-08	7.57224718e+05	3.58308659e-09	7.57224718e+04	-7.30610784e+10	1.72003403e-02
1.01000000e+01	8.49176917e+00	-1.78915781e+07	-6.96371432e+05	1.00000000e-09	5.42812500e+05	1.00000000e-10	5.42812500e+04	-5.23734444e+10	1.58133140e-02
1.02000000e+01	8.57584609e+00	-1.80100642e+07	-7.00983118e+05	1.00000000e-09	1.00000000e-09	1.00000000e-10	1.00000000e-10	0.00000000e+00	1.45381368e-02
1.03000000e+01	8.65992302e+00	-1.81285503e+07	-7.05594804e+05	4.64059574e-08	1.00000000e-09	4.64059574e-09	1.00000000e-10	4.38100888e-03	1.33657892e-02
1.04000000e+01	8.74399994e+00	-1.82470364e+07	-7.10206490e+05	1.61492464e-08	7.60783648e+05	1.61492464e-09	7.60783648e+04	-7.34044629e+10	1.22879791e-02
1.05000000e+01	8.82807686e+00	-1.83634061e+07	-7.14735802e+05	1.00000000e-09	5.81400702e+05	1.00000000e-10	5.81400702e+04	-5.60966398e+10	1.12970830e-02
1.06000000e+01	8.91215378e+00	-1.84764761e+07	-7.19136681e+05	1.00000000e-09	1.00000000e-09	1.00000000e-10	1.00000000e-10	0.00000000e+00	1.03860923e-02
1.07000000e+01	8.99623071e+00	-1.85895460e+07	-7.23537561e+05	2.45834224e-08	1.00000000e-09	2.45834224e-09	1.00000000e-10	2.27545434e-03	9.54856333e-03
1.08000000e+01	9.08030763e+00	-1.87026160e+07	-7.27938441e+05	1.47587596e-08	7.64418789e+05	1.47587596e-09	7.64418789e+04	-7.37552008e+10	8.77857228e-03
1.09000000e+01	9.16438455e+00	-1.88136776e+07	-7.32261153e+05	1.00000000e-09	6.22480436e+05	1.00000000e-10	6.22480436e+04	-6.00602316e+10	8.07067289e-03
1.10000000e+01	9.24846147e+00	-1.89212691e+07	-7.36448803e+05	1.00000000e-09	1.00000000e-09	1.00000000e-10	1.00000000e-10	0.00000000e+00	7.41985814e-03
1.11000000e+01	9.33253840e+00	-1.90288607e+07	-7.40636453e+05	1.43751763e-09	1.00000000e-09	1.43751763e-10	1.00000000e-10	4.22140334e-05	6.82152474e-03
1.12000000e+01	9.41661532e+00	-1.91364522e+07	-7.44824102e+05	1.00000000e-09	7.68022388e+05	1.00000000e-10	7.68022388e+04	-7.41028952e+10	6.27144062e-03
1.13000000e+01	9.50069224e+00	-1.92421610e+07	-7.48938475e+05	1.00000000e-09	6.66233679e+05	1.00000000e-10	6.66233679e+04	-6.42817777e+10	5.76571500e-03
1.14000000e+01	9.58476916e+00	-1.93442332e+07	-7.52911302e+05	1.00000000e-09	1.00000000e-09	1.00000000e-10	1.00000000e-10	0.00000000e+00	5.30077082e-03
1.15000000e+01	9.66884609e+00	-1.94463054e+07	-7.56884130e+05	1.00000000e-09	1.00000000e-09	1.00000000e-10	1.00000000e-10	0.00000000e+00	4.87331949e-03
1.16000000e+01	9.75292301e+00	-1.95483776e+07	-7.60856958e+05	1.00000000e-09	7.71426585e+05	1.00000000e-10	7.71426585e+04	-7.44313502e+10	4.48033760e-03
1.17000000e+01	9.83699993e+00	-1.96487127e+07	-7.64762176e+05	1.00000000e-09	7.12819399e+05	1.00000000e-10	7.12819399e+04	-6.87766165e+10	4.11904557e-03
1.18000000e+01	9.92107685e+00	-1.97452521e+07	-7.68519656e+05	1.00000000e-09	1.00000000e-09	1.00000000e-10	1.00000000e-10	0.00000000e+00	3.78688794e-03
1.19000000e+01	1.00051538e+01	-1.98417914e+07	-7.72277136e+05	1.00000000e-09	1.00000000e-09	1.00000000e-10	1.00000000e-10	0.00000000e+00	3.48151531e-03
1.20000000e+01	1.00892307e+01	-1.99383308e+07	-7.76034615e+05	1.00000000e-09	7.74378565e+05	1.00000000e-10	7.74378565e+04	-7.47161731e+10	3.20076778e-03
1.21000000e+01	1.01733076e+01	-2.00333011e+07	-7.79731028e+05	1.00000000e-09	7.62348864e+05	1.00000000e-10	7.62348864e+04	-7.35554834e+10	2.94265957e-03
1.22000000e+01	1.02573845e+01	-2.01243275e+07	-7.83273932e+05	1.00000000e-09	1.00000000e-09	1.00000000e-10	1.00000000e-10	0.00000000e+00	2.70536508e-03
1.23000000e+01	1.03414615e+01	-2.02153538e+07	-7.86816837e+05	1.00000000e-09	1.00000000e-09	1.00000000e-10	1.00000000e-10	0.00000000e+00	2.48720588e-03
1.24000000e+01	1.04255384e+01	-2.03063802e+07	-7.90359742e+05	1.00000000e-09	7.76518260e+05	1.00000000e-10	7.76518260e+04	-7.49226222e+10	2.28663893e-03
1.25000000e+01	1.05096153e+01	-2.03960317e+07	-7.93849134e+05	1.00000000e-09	8.14843402e+05	1.00000000e-10	8.14843402e+04	-7.86204362e+10	2.10224558e-03
1.26000000e+01	1.05936922e+01	-2.04815891e+07	-7.97179179e+05	1.00000000e-09	1.00000000e-09	1.00000000e-10	1.00000000e-10	0.00000000e+00	1.93272162e-03
1.27000000e+01	1.06777692e+01	-2.05671466e+07	-8.00509223e+05	1.00000000e-09	1.00000000e-09	1.00000000e-10	1.00000000e-10	0.00000000e+00	1.77686798e-03
1.28000000e+01	1.07618461e+01	-2.06527040e+07	-8.03839268e+05	1.00000000e-09	7.77551475e+05	1.00000000e-10	7.77551475e+04	-7.50223123e+10	1.63358230e-03
1.29000000e+01	1.08459230e+01	-2.07371135e+07	-8.07124635e+05	1.00000000e-09	8.70178083e+05	1.00000000e-10	8.70178083e+04	-8.39594213e+10	1.50185109e-03
1.30000000e+01	1.09299999e+01	-2.08172634e+07	-8.10244206e+05	1.00000000e-09	1.00000000e-09	1.00000000e-10	1.00000000e-10	0.00000000e+00	1.38074262e-03
1.31000000e+01	1.10140768e+01	-2.08974132e+07	-8.13363777e+05	1.00000000e-09	1.00000000e-09	1.00000000e-10	1.00000000e-10	0.00000000e+00	1.26940027e-03
1.32000000e+01	1.10981538e+01	-2.09775630e+07	-8.16483347e+05	1.00000000e-09	7.77296177e+05	1.00000000e-10	7.77296177e+04	-7.49976798e+10	1.16703651e-03
1.33000000e+01	1.11822307e+01	-2.10568345e+07	-8.19568734e+05	1.00000000e-09	9.28001024e+05	1.00000000e-10	9.28001024e+04	-8.95384870e+10	1.07292731e-03
1.34000000e+01	1.12663076e+01	-2.11316622e+07	-8.22481158e+05	1.00000000e-09	1.00000000e-09	1.00000000e-10	1.00000000e-10	0.00000000e+00	9.86407027e-04
1.35000000e+01	1.13503845e+01	-2.12064899e+07	-8.25393583e+05	1.00000000e-09	1.00000000e-09	1.00000000e-10	1.00000000e-10	0.00000000e+00	9.06863691e-04
1.36000000e+01	1.14344615e+01	-2.12813176e+07	-8.28306007e+05	1.00000000e-09	7.75580459e+05	1.00000000e-10	7.75580459e+04	-7.48321382e+10	8.33734687e-04
1.37000000e+01	1.15185384e+01	-2.13555925e+07	-8.31196917e+05	1.00000000e-09	9.87593383e+05	1.00000000e-10	9.87593383e+04	-9.52882756e+10	7.66502767e-04
1.38000000e+01	1.16026153e+01	-2.14252181e+07	-8.33906865e+05	1.00000000e-09	1.00000000e-09	1.00000000e-10	1.00000000e-10	0.00000000e+00	7.04692393e-04
1.39000000e+01	1.16866922e+01	-2.14948437e+07	-8.36616813e+05	1.00000000e-09	1.00000000e-09	1.00000000e-10	1.00000000e-10	0.00000000e+00	6.47866374e-04
1.40000000e+01	1.17707691e+01	-2.15644692e+07	-8.39326762e+05	1.00000000e-09	7.72274925e+05	1.00000000e-10	7.72274925e+04	-7.45132026e+10	5.95622776e-04
1.41000000e+01	1.18548461e+01	-2.16339416e+07	-8.42030747e+05	1.00000000e-09	1.04765709e+06	1.00000000e-10	1.04765709e+05	-1.01083542e+11	5.47592073e-04
1.42000000e+01	1.19389230e+01	-2.16985351e+07	-8.44544837e+05	1.00000000e-09	1.00000000e-09	1.00000000e-10	1.00000000e-10	0.00000000e+00	5.03434541e-04
1.43000000e+01	1.20229999e+01	-2.17631252e+07	-8.47058798e+05	1.00000000e-09	1.00000000e-09	1.00000000e-10	1.00000000e-10	0.00000000e+00	4.62837848e-04
1.44000000e+01	1.21070768e+01	-2.18277153e+07	-8.49572759e+05	1.00000000e-09	7.67347386e+05	1.00000000e-10	7.67347386e+04	-7.40377674e+10	4.25514851e-04
1.45000000e+01	1.21911538e+01	-2.18923055e+07	-8.52086719e+05	1.00000000e-09	1.11048102e+06	1.00000000e-10	1.11048102e+05	-1.07145130e+11	3.91201561e-04
1.46000000e+01	1.22752307e+01	-2.19517616e+07	-8.54400857e+05	1.00000000e-09	1.00000000e-09	1.00000000e-10	1.00000000e-10	0.00000000e+00	3.59655276e-04
1.47000000e+01	1.23593076e+01	-2.20106444e+07	-8.56692677e+05	1.00000000e-09	1.00000000e-09	1.00000000e-10	1.00000000e-10	0.00000000e+00	3.30652866e-04
1.48000000e+01	1.24433845e+01	-2.20695272e+07	-8.58984497e+05	1.00000000e-09	7.59462098e+05	1.00000000e-10	7.59462098e+04	-7.32769527e+10	3.03989196e-04
1.49000000e+01	1.25274615e+01	-2.21284099e+07	-8.61276317e+05	1.00000000e-09	1.19253345e+06	1.00000000e-10	1.19253345e+05	-1.15061986e+11	2.79475669e-04
1.50000000e+01	1.26115384e+01	-2.21818801e+07	-8.63357470e+05	1.00000000e-09	1.00000000e-09	1.00000000e-10	1.00000000e-10	0.00000000e+00	2.56938901e-04
1.51000000e+01	1.26956153e+01	-2.22340452e+07	-8.65387824e+05	1.00000000e-09	1.00000000e-09	1.00000000e-10	1.00000000e-10	0.00000000e+00	2.36219485e-04
1.52000000e+01	1.27796922e+01	-2.22862102e+07	-8.67418179e+05	1.00000000e-09	7.45164964e+05	1.00000000e-10	7.45164964e+04	-7.18974890e+10	2.17170872e-04
1.53000000e+01	1.28637691e+01	-2.23383752e+07	-8.69448533e+05	1.00000000e-09	1.30593026e+06	1.00000000e-10	1.30593026e+05	-1.26003114e+11	1.99658328e-04
1.54000000e+01	1.29478461e+01	-2.23848359e+07	-8.71256865e+05	1.00000000e-09	1.00000000e-09	1.00000000e-10	1.00000000e-10	0.00000000e+00	1.83557987e-04
1.55000000e+01	1.30319230e+01	-2.24290392e+07	-8.72977333e+05	1.00000000e-09	1.00000000e-09	1.00000000e-10	1.00000000e-10	0.00000000e+00	1.68755969e-04
1.56000000e+01	1.31159999e+01	-2.24732424e+07	-8.74697800e+05	1.00000000e-09	7.15852314e+05	1.00000000e-10	7.15852314e+04	-6.90692483e+10	1.55147578e-04
1.57000000e+01	1.32000768e+01	-2.25174457e+07	-8.76418267e+05	1.00000000e-09	1.47513260e+06	1.00000000e-10	1.47513260e+05	-1.42328659e+11	1.42636560e-04
1.58000000e+01	1.32841538e+01	-2.25556706e+07	-8.77906049e+05	1.00000000e-09	1.00000000e-09	1.00000000e-10	1.00000000e-10	0.00000000e+00	1.31134424e-04
1.59000000e+01	1.33682307e+01	-2.25903881e+07	-8.79257316e+05	1.00000000e-09	1.00000000e-09	1.00000000e-10	1.00000000e-10	0.00000000e+00	1.20559814e-04
1.60000000e+01	1.34523076e+01	-2.26251057e+07	-8.80608582e+05	1.00000000e-09	6.46365756e+05	1.00000000e-10	6.46365756e+04	-6.23648147e+10	1.10837935e-04
1.61000000e+01	1.35363845e+01	-2.26598232e+07	-8.81959848e+05	1.00000000e-09	1.75777842e+06	1.00000000e-10	1.75777842e+05	-1.69599835e+11	1.01900023e-04
1.62000000e+01	1.36204614e+01	-2.26883856e+07	-8.83071549e+05	1.00000000e-09	1.00000000e-09	1.00000000e-10	1.00000000e-10	0.00000000e+00	9.36828597e-05
1.63000000e+01	1.37045384e+01	-2.27118082e+07	-8.83983194e+05	1.00000000e-09	1.00000000e-09	1.00000000e-10	1.00000000e-10	0.00000000e+00	8.61283240e-05
1.64000000e+01	1.37886153e+01	-2.27352307e+07	-8.84894840e+05	1.00000000e-09	4.38287173e+05	1.00000000e-10	4.38287173e+04	-4.22882834e+10	7.91829819e-05
1.65000000e+01	1.38726922e+01	-2.27586532e+07	-8.85806485e+05	1.00000000e-09	2.32919956e+06	1.00000000e-10	2.32919956e+05	-2.24733594e+11	7.27977085e-05
1.66000000e+01	1.39567691e+01	-2.27760343e+07	-8.86482987e+05	1.00000000e-09	1.00000000e-09	1.00000000e-10	1.00000000e-10	0.00000000e+00	6.69273402e-05
1.67000000e+01	1.40408461e+01	-2.27862249e+07	-8.86879625e+05	1.00000000e-09	1.00000000e-09	1.00000000e-10	1.00000000e-10	0.00000000e+00	6.15303552e-05
1.68000000e+01	1.41249230e+01	-2.27964156e+07	-8.87276263e+05	1.00000000e-09	1.00000000e-09	1.00000000e-10	1.00000000e-10	0.00000000e+00	5.65685802e-05
1.69000000e+01	1.42089999e+01	-2.28066063e+07	-8.87672902e+05	1.00000000e-09	4.07535254e+06	1.00000000e-10	4.07535254e+05	-3.93211743e+11	5.20069201e-05
1.70000000e+01	1.42930768e+01	-2.28116052e+07	-8.87867470e+05	1.00000000e-09	3.28713579e+06	1.00000000e-10	3.28713579e+05	-3.17160389e+11	4.78131098e-05
1.71000000e+01	1.43771537e+01	-2.28071643e+07	-8.87694623e+05	1.00000000e-09	1.00000000e-09	1.00000000e-10	1.00000000e-10	0.00000000e+00	4.39574862e-05
1.72000000e+01	1.44612307e+01	-2.28027234e+07	-8.87521775e+05	6.19284842e+00	1.00000000e-09	6.19284842e-01	1.00000000e-10	5.97519037e+05	4.04127779e-05
1.73000000e+01	1.45453076e+01	-2.27982825e+07	-8.87348928e+05	7.55424305e+02	5.19938422e+04	7.55424305e+01	5.19938422e+03	-4.94375577e+09	3.71539131e-05
1.74000000e+01	1.46293845e+01	-2.27912635e+07	-8.87075734e+05	2.72598061e+02	1.17127040e+05	2.72598061e+01	1.17127040e+04	-1.12747396e+10	3.41578414e-05
1.75000000e+01	1.47134614e+01	-2.27725125e+07	-8.86345913e+05	1.00000000e-09	1.00000000e-09	1.00000000e-10	1.00000000e-10	0.00000000e+00	3.14033713e-05
1.76000000e+01	1.47975384e+01	-2.27537615e+07	-8.85616093e+05	1.00000000e-09	1.00000000e-09	1.00000000e-10	1.00000000e-10	0.00000000e+00	2.88710202e-05
1.77000000e+01	1.48816153e+01	-2.27350106e+07	-8.84886272e+05	2.03467130e+02	1.00000000e-09	2.03467130e+01	1.00000000e-10	1.96315936e+07	2.65428765e-05
1.78000000e+01	1.49656922e+01	-2.27162596e+07	-8.84156451e+05	3.34105398e+02	6.52674695e+04	3.34105398e+01	6.52674695e+03	-6.26511720e+09	2.44024731e-05
1.79000000e+01	1.50497691e+01	-2.26854929e+07	-8.82958958e+05	1.00000000e-09	6.58774167e+04	1.00000000e-10	6.58774167e+03	-6.35620443e+09	2.24346707e-05
1.80000000e+01	1.51338460e+01	-2.26352703e+07	-8.81004209e+05	1.00000000e-09	2.38669218e+04	1.00000000e-10	2.38669218e+03	-2.30280788e+09	2.06255509e-05
1.81000000e+01	1.52179230e+01	-2.25755572e+07	-8.78680070e+05	7.18117061e+01	1.07210735e+04	7.18117061e+00	1.07210735e+03	-1.02749756e+09	1.89623175e-05
1.82000000e+01	1.53019999e+01	-2.25110392e+07	-8.76168918e+05	1.96842380e+02	5.87812888e+03	1.96842380e+01	5.87812888e+02	-5.48160815e+08	1.74332063e-05
1.83000000e+01	1.53860768e+01	-2.24437322e+07	-8.73549209e+05	1.00000000e-09	1.95962566e+03	1.00000000e-10	1.95962566e+02	-1.89075132e+08	1.60274019e-05
1.84000000e+01	1.54701537e+01	-2.23754788e+07	-8.70892667e+05	1.00000000e-09	1.00000000e-09	1.00000000e-10	1.00000000e-10	0.00000000e+00	1.47349607e-05
1.85000000e+01	1.55542307e+01	-2.23072314e+07	-8.68236361e+05	4.01888308e+01	1.00000000e-09	4.01888308e+00	1.00000000e-10	3.87763268e+06	1.35467414e-05
1.86000000e+01	1.56383076e+01	-2.22389841e+07	-8.65580055e+05	2.41437310e+02	4.31529080e+02	2.41437310e+01	4.31529080e+01	-1.83410676e+07	1.24543394e-05
1.87000000e+01	1.57223845e+01	-2.21705243e+07	-8.62915481e+05	1.00000000e-09	1.13581266e+03	1.00000000e-10	1.13581266e+02	-1.09589261e+08	1.14500281e-05
1.88000000e+01	1.58064614e+01	-2.21015023e+07	-8.60229024e+05	1.00000000e-09	1.00000000e-09	1.00000000e-10	1.00000000e-10	0.00000000e+00	1.05267039e-05
1.89000000e+01	1.58905384e+01	-2.20324861e+07	-8.57542795e+05	1.00000000e-09	1.00000000e-09	1.00000000e-10	1.00000000e-10	0.00000000e+00	9.67783615e-06
1.90000000e+01	1.59746153e+01	-2.19634722e+07	-8.54856655e+05	2.31287630e+02	1.00000000e-09	2.31287630e+01	1.00000000e-10	2.23158638e+07	8.89742061e-06
1.91000000e+01	1.60586922e+01	-2.18944584e+07	-8.52170515e+05	1.06701843e+01	7.89467861e+02	1.06701843e+00	7.89467861e+01	-7.51425525e+07	8.17993736e-06
1.92000000e+01	1.61427691e+01	-2.18250511e+07	-8.49469062e+05	1.00000000e-09	2.84962581e+02	1.00000000e-10	2.84962581e+01	-2.74947093e+07	7.52031158e-06
1.93000000e+01	1.62268460e+01	-2.17555040e+07	-8.46762170e+05	1.00000000e-09	1.00000000e-09	1.00000000e-10	1.00000000e-10	0.00000000e+00	6.91387767e-06
1.94000000e+01	1.63109230e+01	-2.16859610e+07	-8.44055432e+05	2.12269927e+02	1.00000000e-09	2.12269927e+01	1.00000000e-10	2.04809344e+07	6.35634627e-06
1.95000000e+01	1.63949999e+01	-2.16164179e+07	-8.41348695e+05	3.83037987e+01	3.67886059e+02	3.83037987e+00	3.67886059e+01	-3.17998539e+07	5.84377390e-06
1.96000000e+01	1.64790768e+01	-2.15466904e+07	-8.38634780e+05	1.00000000e-09	4.50002642e+02	1.00000000e-10	4.50002642e+01	-4.34186544e+07	5.37253509e-06
1.97000000e+01	1.65631537e+01	-2.14767377e+07	-8.35912096e+05	1.00000000e-09	1.00000000e-09	1.00000000e-10	1.00000000e-10	0.00000000e+00	4.93929673e-06
1.98000000e+01	1.66472307e+01	-2.14067887e+07	-8.33189559e+05	1.93294627e+02	1.00000000e-09	1.93294627e+01	1.00000000e-10	1.86500962e+07	4.54099448e-06
1.99000000e+01	1.67313076e+01	-2.13368397e+07	-8.30467021e+05	5.69758947e+01	1.00000000e-09	5.69758947e+00	1.00000000e-10	5.49733812e+06	4.17481111e-06
2.00000000e+01	1.68153845e+01	-2.12668906e+07	-8.27744484e+05	1.00000000e-09	3.75098522e+02	1.00000000e-10	3.75098522e+01	-3.61915055e+07	3.83815657e-06
2.01000000e+01	1.68994614e+01	-2.11967525e+07	-8.25014585e+05	1.00000000e-09	2.89606583e+02	1.00000000e-10	2.89606583e+01	-2.79427873e+07	3.52864967e-06
2.02000000e+01	1.69835383e+01	-2.11264713e+07	-8.22279117e+05	1.75375168e+02	1.00000000e-09	1.75375168e+01	1.00000000e-10	1.69211313e+07	3.24410125e-06
2.03000000e+01	1.70676153e+01	-2.10561904e+07	-8.19543664e+05	6.86268965e+01	1.00000000e-09	6.86268965e+00	1.00000000e-10	6.62148890e+06	2.98249865e-06
2.04000000e+01	1.71516922e+01	-2.09859096e+07	-8.16808211e+05	1.00000000e-09	1.00000000e-09	1.00000000e-10	1.00000000e-10	0.00000000e+00	2.74199155e-06
2.05000000e+01	1.72357691e+01	-2.09156287e+07	-8.14072757e+05	1.00000000e-09	1.90730091e+02	1.00000000e-10	1.90730091e+01	-1.84026562e+07	2.52087882e-06
2.06000000e+01	1.73198460e+01	-2.08452545e+07	-8.11333668e+05	1.57293699e+02	5.04142053e+02	1.57293699e+01	5.04142053e+01	-3.34657787e+07	2.31759650e-06
2.07000000e+01	1.74039230e+01	-2.07746254e+07	-8.08584661e+05	7.64509811e+01	3.31321032e+02	7.64509811e+00	3.31321032e+01	-2.45912215e+07	2.13070675e-06
2.08000000e+01	1.74879999e+01	-2.07038276e+07	-8.05829089e+05	1.00000000e-09	9.02436978e+01	1.00000000e-10	9.02436978e+00	-8.70719315e+06	1.95888770e-06
2.09000000e+01	1.75720768e+01	-2.06329839e+07	-8.03071728e+05	1.00000000e-09	4.12494772e+01	1.00000000e-10	4.12494772e+00	-3.97996951e+06	1.80092404e-06
2.10000000e+01	1.76561537e+01	-2.05621215e+07	-8.00313638e+05	1.41907335e+02	6.92655050e+01	1.41907335e+01	6.92655050e+00	7.00887110e+06	1.65569849e-06
2.11000000e+01	1.77402306e+01	-2.04912248e+07	-7.97554217e+05	8.24565093e+01	3.10781625e+01	8.24565093e+00	3.10781625e+00	4.95725686e+06	1.52218384e-06
2.12000000e+01	1.78243076e+01	-2.04203124e+07	-7.94794180e+05	1.00000000e-09	1.00000000e-09	1.00000000e-10	1.00000000e-10	0.00000000e+00	1.39943575e-06
2.13000000e+01	1.79083845e+01	-2.03493999e+07	-7.92034142e+05	1.00000000e-09	1.00000000e-09	1.00000000e-10	1.00000000e-10	0.00000000e+00	1.28658600e-06
2.14000000e+01	1.79924614e+01	-2.02784894e+07	-7.89274185e+05	1.27520750e+02	2.72745876e+01	1.27520750e+01	2.72745876e+00	9.67228427e+06	1.18283639e-06
2.15000000e+01	1.80765383e+01	-2.02075665e+07	-7.86513740e+05	8.65516969e+01	1.76591272e+01	8.65516969e+00	1.76591272e+00	6.64712247e+06	1.08745310e-06
2.16000000e+01	1.81606153e+01	-2.01366345e+07	-7.83752943e+05	1.00000000e-09	1.00000000e-09	1.00000000e-10	1.00000000e-10	0.00000000e+00	9.99761460e-07
2.17000000e+01	1.82446922e+01	-2.00657025e+07	-7.80992147e+05	1.00000000e-09	1.00000000e-09	1.00000000e-10	1.00000000e-10	0.00000000e+00	9.19141229e-07
2.18000000e+01	1.83287691e+01	-1.99947725e+07	-7.78231425e+05	1.13515083e+02	1.63064067e+01	1.13515083e+01	1.63064067e+00	9.37921143e+06	8.45022171e-07
2.19000000e+01	1.84128460e+01	-1.99238357e+07	-7.75470442e+05	8.86502104e+01	1.31502154e+01	8.86502104e+00	1.31502154e+00	7.28464209e+06	7.76880034e-07
2.20000000e+01	1.84969229e+01	-1.98528922e+07	-7.72709198e+05	1.00000000e-09	1.00000000e-09	1.00000000e-10	1.00000000e-10	0.00000000e+00	7.14232843e-07
2.21000000e+01	1.85809999e+01	-1.97819487e+07	-7.69947954e+05	1.00000000e-09	1.00000000e-09	1.00000000e-10	1.00000000e-10	0.00000000e+00	6.56637488e-07
2.22000000e+01	1.86650768e+01	-1.97110069e+07	-7.67186775e+05	1.00288589e+02	1.12399469e+01	1.00288589e+01	1.12399469e+00	8.59188783e+06	6.03686592e-07
2.23000000e+01	1.87491537e+01	-1.96400612e+07	-7.64425444e+05	8.88821721e+01	1.15528659e+01	8.88821721e+00	1.15528659e+00	7.46114379e+06	5.55005627e-07
2.24000000e+01	1.88332306e+01	-1.95691096e+07	-7.61663884e+05	1.00000000e-09	1.00000000e-09	1.00000000e-10	1.00000000e-10	0.00000000e+00	5.10250270e-07
2.25000000e+01	1.89173076e+01	-1.94981580e+07	-7.58902324e+05	1.00000000e-09	1.00000000e-09	1.00000000e-10	1.00000000e-10	0.00000000e+00	4.69103960e-07
2.26000000e+01	1.90013845e+01	-1.94272078e+07	-7.56140819e+05	8.80699240e+01	7.64261124e+00	8.80699240e+00	7.64261124e-01	7.76005599e+06	4.31275667e-07
2.27000000e+01	1.90854614e+01	-1.93562558e+07	-7.53379241e+05	8.74869291e+01	1.11876387e+01	8.74869291e+00	1.11876387e+00	7.36176238e+06	3.96497828e-07
2.28000000e+01	1.91695383e+01	-1.92852980e+07	-7.50617441e+05	1.00000000e-09	1.00000000e-09	1.00000000e-10	1.00000000e-10	0.00000000e+00	3.64524455e-07
2.29000000e+01	1.92536153e+01	-1.92143402e+07	-7.47855641e+05	1.00000000e-09	1.00000000e-09	1.00000000e-10	1.00000000e-10	0.00000000e+00	3.35129397e-07
2.30000000e+01	1.93376922e+01	-1.91433836e+07	-7.45093885e+05	7.70252353e+01	4.16097211e+00	7.70252353e+00	4.16097211e-01	7.03033263e+06	3.08104742e-07
2.31000000e+01	1.94217691e+01	-1.90724270e+07	-7.42332132e+05	8.47263804e+01	1.12140171e+01	8.47263804e+00	1.12140171e+00	7.09286479e+06	2.83259340e-07
2.32000000e+01	1.95058460e+01	-1.90014647e+07	-7.39570155e+05	1.00000000e-09	1.00000000e-09	1.00000000e-10	1.00000000e-10	0.00000000e+00	2.60417458e-07
2.33000000e+01	1.95899229e+01	-1.89305024e+07	-7.36808178e+05	1.00000000e-09	1.00000000e-09	1.00000000e-10	1.00000000e-10	0.00000000e+00	2.39417533e-07
2.34000000e+01	1.96739999e+01	-1.88595410e+07	-7.34046235e+05	6.72776346e+01	8.21401368e-01	6.72776346e+00	8.21401368e-02	6.41205174e+06	2.20111031e-07
2.35000000e+01	1.97580768e+01	-1.87885814e+07	-7.31284364e+05	8.08414065e+01	1.09085464e+01	8.08414065e+00	1.09085464e+00	6.74749523e+06	2.02361395e-07
2.36000000e+01	1.98421537e+01	-1.87176162e+07	-7.28522277e+05	1.00000000e-09	1.66235062e-01	1.00000000e-10	1.66235062e-02	-1.60392450e+04	1.86043080e-07
2.37000000e+01	1.99262306e+01	-1.86466510e+07	-7.25760186e+05	1.00000000e-09	1.00000000e-09	1.00000000e-10	1.00000000e-10	0.00000000e+00	1.71040665e-07
2.38000000e+01	2.00103076e+01	-1.85756864e+07	-7.22998118e+05	5.89198031e+01	1.00000000e-09	5.89198031e+00	1.00000000e-10	5.68489677e+06	1.57248037e-07
2.39000000e+01	2.00943845e+01	-1.85047240e+07	-7.20236141e+05	7.60691214e+01	9.20424280e+00	7.60691214e+00	9.20424280e-01	6.45148002e+06	1.44567640e-07
2.40000000e+01	2.01784614e+01	-1.84337570e+07	-7.17473980e+05	1.00000000e-09	2.99778695e+00	1.00000000e-10	2.99778695e-01	-2.89242470e+05	1.32909782e-07
2.41000000e+01	2.02625383e+01	-1.83627885e+07	-7.14711760e+05	1.00000000e-09	1.00000000e-09	1.00000000e-10	1.00000000e-10	0.00000000e+00	1.22192009e-07
2.42000000e+01	2.03466152e+01	-1.82918202e+07	-7.11949553e+05	5.20213992e+01	1.00000000e-09	5.20213992e+00	1.00000000e-10	5.01930198e+06	1.12338510e-07
2.43000000e+01	2.04306922e+01	-1.82208543e+07	-7.09187437e+05	7.06389920e+01	6.91230851e+00	7.06389920e+00	6.91230851e-01	6.14869023e+06	1.03279593e-07
2.44000000e+01	2.05147691e+01	-1.81498849e+07	-7.06425184e+05	1.00000000e-09	5.09498324e+00	1.00000000e-10	5.09498324e-01	-4.91591150e+05	9.49511815e-08
2.45000000e+01	2.05988460e+01	-1.80789129e+07	-7.03662830e+05	1.00000000e-09	1.00000000e-09	1.00000000e-10	1.00000000e-10	0.00000000e+00	8.72943689e-08
2.46000000e+01	2.06829229e+01	-1.80079410e+07	-7.00900477e+05	4.66217678e+01	1.00000000e-09	4.66217678e+00	1.00000000e-10	4.49831675e+06	8.02549976e-08
2.47000000e+01	2.07669999e+01	-1.79369714e+07	-6.98138216e+05	6.47778419e+01	3.98452423e+00	6.47778419e+00	3.98452423e-01	5.86566345e+06	7.37832774e-08
2.48000000e+01	2.08510768e+01	-1.78659998e+07	-6.95375879e+05	1.00000000e-09	5.64389192e+00	1.00000000e-10	5.64389192e-01	-5.44552787e+05	6.78334333e-08
2.49000000e+01	2.09351537e+01	-1.77950253e+07	-6.92613429e+05	1.00000000e-09	1.00000000e-09	1.00000000e-10	1.00000000e-10	0.00000000e+00	6.23633815e-08
2.50000000e+01	2.10192306e+01	-1.77240509e+07	-6.89850980e+05	4.21946578e+01	1.00000000e-09	4.21946578e+00	1.00000000e-10	4.07116557e+06	5.73344317e-08
2.51000000e+01	2.11033075e+01	-1.76530787e+07	-6.87088620e+05	5.86989829e+01	9.73860875e-01	5.86989829e+00	9.73860875e-02	5.56962757e+06	5.27110137e-08
2.52000000e+01	2.11873845e+01	-1.75821064e+07	-6.84326255e+05	1.00000000e-09	6.00891440e+00	1.00000000e-10	6.00891440e-01	-5.79772102e+05	4.84604257e-08
2.53000000e+01	2.12714614e+01	-1.75111311e+07	-6.81563770e+05	1.00000000e-09	1.00000000e-09	1.00000000e-10	1.00000000e-10	0.00000000e+00	4.45526029e-08
2.54000000e+01	2.13555383e+01	-1.74401557e+07	-6.78801285e+05	3.92776428e+01	1.00000000e-09	3.92776428e+00	1.00000000e-10	3.78971641e+06	4.09599048e-08
2.55000000e+01	2.14396152e+01	-1.73691826e+07	-6.76038888e+05	5.26254345e+01	1.00000000e-09	5.26254345e+00	1.00000000e-10	5.07758253e+06	3.76569199e-08
2.56000000e+01	2.15236922e+01	-1.72982101e+07	-6.73276515e+05	1.00000000e-09	3.73833956e+00	1.00000000e-10	3.73833956e-01	-3.60694934e+05	3.46202860e-08
2.57000000e+01	2.16077691e+01	-1.72272357e+07	-6.70514067e+05	1.00000000e-09	1.03331904e+00	1.00000000e-10	1.03331904e-01	-9.97001302e+04	3.18285246e-08
2.58000000e+01	2.16918460e+01	-1.71562608e+07	-6.67751599e+05	3.78336669e+01	1.00000000e-09	3.78336669e+00	1.00000000e-10	3.65039391e+06	2.92618894e-08
2.59000000e+01	2.17759229e+01	-1.70852880e+07	-6.64989216e+05	4.67714131e+01	1.00000000e-09	4.67714131e+00	1.00000000e-10	4.51275533e+06	2.69022262e-08
2.60000000e+01	2.18599998e+01	-1.70143161e+07	-6.62226865e+05	1.00000000e-09	2.72173743e-01	1.00000000e-10	2.72173743e-02	-2.62607739e+04	2.47328451e-08
2.61000000e+01	2.19440768e+01	-1.69433441e+07	-6.59464510e+05	1.00000000e-09	1.44018507e+00	1.00000000e-10	1.44018507e-01	-1.38956735e+05	2.27384017e-08
2.62000000e+01	2.20281537e+01	-1.68723713e+07	-6.56702126e+05	3.78156833e+01	6.14618613e-01	3.78156833e+00	6.14618613e-02	3.58935708e+06	2.09047891e-08
2.63000000e+01	2.21122306e+01	-1.68014003e+07	-6.53939809e+05	4.13559882e+01	1.00000000e-09	4.13559882e+00	1.00000000e-10	3.99024625e+06	1.92190381e-08
2.64000000e+01	2.21963075e+01	-1.67304304e+07	-6.51177536e+05	1.00000000e-09	1.00000000e-09	1.00000000e-10	1.00000000e-10	0.00000000e+00	1.76692251e-08
2.65000000e+01	2.22803845e+01	-1.66594604e+07	-6.48415262e+05	1.00000000e-09	1.00000000e-09	1.00000000e-10	1.00000000e-10	0.00000000e+00	1.62443882e-08
2.66000000e+01	2.23644614e+01	-1.65884905e+07	-6.45652989e+05	3.91483561e+01	5.54191800e-01	3.91483561e+00	5.54191800e-02	3.72377076e+06	1.49344494e-08
2.67000000e+01	2.24485383e+01	-1.65175222e+07	-6.42890779e+05	3.65842819e+01	6.67510779e-01	3.65842819e+00	6.67510779e-02	3.46544159e+06	1.37301434e-08
2.68000000e+01	2.25326152e+01	-1.64465549e+07	-6.40128608e+05	1.00000000e-09	2.26513848e-01	1.00000000e-10	2.26513848e-02	-2.18552638e+04	1.26229520e-08
2.69000000e+01	2.26166921e+01	-1.63755875e+07	-6.37366432e+05	1.00000000e-09	1.00000000e-09	1.00000000e-10	1.00000000e-10	0.00000000e+00	1.16050438e-08
2.70000000e+01	2.27007691e+01	-1.63046201e+07	-6.34604256e+05	4.17220944e+01	1.00000000e-09	4.17220944e+00	1.00000000e-10	4.02557014e+06	1.06692193e-08
2.71000000e+01	2.27848460e+01	-1.62336544e+07	-6.31842148e+05	3.26555659e+01	1.00000000e-09	3.26555659e+00	1.00000000e-10	3.15078313e+06	9.80885916e-09
2.72000000e+01	2.28689229e+01	-1.61626903e+07	-6.29080100e+05	1.00000000e-09	1.00000000e-09	1.00000000e-10	1.00000000e-10	0.00000000e+00	9.01787799e-09
2.73000000e+01	2.29529998e+01	-1.60917261e+07	-6.26318052e+05	1.00000000e-09	3.36300734e-01	1.00000000e-10	3.36300734e-02	-3.24480879e+04	8.29068113e-09
2.74000000e+01	2.30370768e+01	-1.60207618e+07	-6.23555998e+05	4.53992656e+01	4.69104404e-01	4.53992656e+00	4.69104404e-02	4.33510152e+06	7.62212503e-09
2.75000000e+01	2.31211537e+01	-1.59497988e+07	-6.20793995e+05	2.97459575e+01	3.57646786e-01	2.97459575e+00	3.57646786e-02	2.83554092e+06	7.00748093e-09
2.76000000e+01	2.32052306e+01	-1.58788374e+07	-6.18032051e+05	1.00000000e-09	2.25026185e-01	1.00000000e-10	2.25026185e-02	-2.17117261e+04	6.44240141e-09
2.77000000e+01	2.32893075e+01	-1.58078758e+07	-6.15270103e+05	1.00000000e-09	1.47136914e-01	1.00000000e-10	1.47136914e-02	-1.41965539e+04	5.92288960e-09
2.78000000e+01	2.33733845e+01	-1.57369142e+07	-6.12508152e+05	5.00156991e+01	9.75667204e-02	5.00156991e+00	9.75667204e-03	4.81636758e+06	5.44527095e-09
2.79000000e+01	2.34574614e+01	-1.56659538e+07	-6.09746252e+05	2.80093611e+01	6.17577608e-02	2.80093611e+00	6.17577608e-03	2.69653379e+06	5.00616720e-09
2.80000000e+01	2.35415383e+01	-1.55949953e+07	-6.06984424e+05	1.00000000e-09	1.91379604e-02	1.00000000e-10	1.91379604e-03	-1.84653237e+03	4.60247255e-09
2.81000000e+01	2.36256152e+01	-1.55240368e+07	-6.04222595e+05	1.00000000e-09	5.52039712e-03	1.00000000e-10	5.52039712e-04	-5.32637253e+02	4.23133162e-09
2.82000000e+01	2.37096921e+01	-1.54530783e+07	-6.01460767e+05	5.53865685e+01	4.77332471e-03	5.53865685e+00	4.77332471e-04	5.34353090e+06	3.89011930e-09
2.83000000e+01	2.37937691e+01	-1.53821209e+07	-5.98698981e+05	2.75724750e+01	1.50197397e-02	2.75724750e+00	1.50197397e-03	2.65889022e+06	3.57642216e-09
2.84000000e+01	2.38778460e+01	-1.53111656e+07	-5.95937274e+05	1.00000000e-09	1.55111227e-02	1.00000000e-10	1.55111227e-03	-1.49659573e+03	3.28802138e-09
2.85000000e+01	2.39619229e+01	-1.52402102e+07	-5.93175566e+05	1.00000000e-09	9.01115665e-08	1.00000000e-10	9.01115665e-09	-8.59795909e-03	3.02287709e-09
2.86000000e+01	2.40459998e+01	-1.51692548e+07	-5.90413859e+05	6.13097043e+01	1.00000000e-09	6.13097043e+00	1.00000000e-10	5.91548718e+06	2.77911390e-09
2.87000000e+01	2.41300768e+01	-1.50983003e+07	-5.87652185e+05	2.85352325e+01	8.99351217e-08	2.85352325e+00	8.99351217e-09	2.75323137e+06	2.55500764e-09
2.88000000e+01	2.42141537e+01	-1.50273479e+07	-5.84890594e+05	1.00000000e-09	1.53742938e-02	1.00000000e-10	1.53742938e-03	-1.48339375e+03	2.34897319e-09
2.89000000e+01	2.42982306e+01	-1.49563955e+07	-5.82129003e+05	1.00000000e-09	5.33815980e-03	1.00000000e-10	5.33815980e-04	-5.15054025e+02	2.15955324e-09
2.90000000e+01	2.43823075e+01	-1.48854431e+07	-5.79367411e+05	6.75678680e+01	1.00000000e-09	6.75678680e+00	1.00000000e-10	6.51930819e+06	1.98540802e-09
2.91000000e+01	2.44663844e+01	-1.48144913e+07	-5.76605844e+05	3.09678994e+01	1.00000000e-09	3.09678994e+00	1.00000000e-10	2.98794806e+06	1.82530578e-09
2.92000000e+01	2.45504614e+01	-1.47435417e+07	-5.73844362e+05	1.00000000e-09	7.02450115e-03	1.00000000e-10	7.02450115e-04	-6.77761230e+02	1.67811410e-09
2.93000000e+01	2.46345383e+01	-1.46725921e+07	-5.71082879e+05	1.00000000e-09	1.00945610e-02	1.00000000e-10	1.00945610e-03	-9.73976977e+02	1.54279187e-09
2.94000000e+01	2.47186152e+01	-1.46016425e+07	-5.68321397e+05	7.39332337e+01	1.00000000e-09	7.39332337e+00	1.00000000e-10	7.13347261e+06	1.41838196e-09
2.95000000e+01	2.48026921e+01	-1.45306932e+07	-5.65559928e+05	3.49092402e+01	1.00000000e-09	3.49092402e+00	1.00000000e-10	3.36822964e+06	1.30400439e-09
2.96000000e+01	2.48867691e+01	-1.44597462e+07	-5.62798547e+05	1.00000000e-09	1.00000000e-09	1.00000000e-10	1.00000000e-10	0.00000000e+00	1.19885018e-09
2.97000000e+01	2.49708460e+01	-1.43887992e+07	-5.60037165e+05	1.00000000e-09	8.90888196e-03	1.00000000e-10	8.90888196e-04	-8.59576339e+02	1.10217554e-09
2.98000000e+01	2.50549229e+01	-1.43178521e+07	-5.57275783e+05	8.01719962e+01	4.14997980e-03	8.01719962e+00	4.14997980e-04	7.73502127e+06	1.01329669e-09
2.99000000e+01	2.51389998e+01	-1.42469052e+07	-5.54514405e+05	4.03654021e+01	1.00000000e-09	4.03654021e+00	1.00000000e-10	3.89466923e+06	9.31584987e-10
3.00000000e+01	2.52230767e+01	-1.41759605e+07	-5.51753114e+05	1.00000000e-09	1.00000000e-09	1.00000000e-10	1.00000000e-10	0.00000000e+00	8.56462471e-10
3.01000000e+01	2.53071537e+01	-1.41050159e+07	-5.48991824e+05	1.00000000e-09	2.58138399e-03	1.00000000e-10	2.58138399e-04	-2.49065595e+02	7.87397794e-10
3.02000000e+01	2.53912306e+01	-1.40340712e+07	-5.46230534e+05	8.60434363e+01	6.87075712e-03	8.60434363e+00	6.87075712e-04	8.30126660e+06	7.23902457e-10
3.03000000e+01	2.54753075e+01	-1.39631265e+07	-5.43469243e+05	4.67685394e+01	2.21746629e-04	4.67685394e+00	2.21746629e-05	4.51245666e+06	6.65527349e-10
3.04000000e+01	2.55593844e+01	-1.38921841e+07	-5.40708039e+05	1.00000000e-09	1.00000000e-09	1.00000000e-10	1.00000000e-10	0.00000000e+00	6.11859579e-10
3.05000000e+01	2.56434614e+01	-1.38212419e+07	-5.37946847e+05	1.00000000e-09	1.00000000e-09	1.00000000e-10	1.00000000e-10	0.00000000e+00	5.62519549e-10
3.06000000e+01	2.57275383e+01	-1.37502998e+07	-5.35185654e+05	9.13189023e+01	3.40383794e-03	9.13189023e+00	3.40383794e-04	8.81060620e+06	5.17158273e-10
3.07000000e+01	2.58116152e+01	-1.36793576e+07	-5.32424461e+05	5.46145240e+01	4.27479637e-03	5.46145240e+00	4.27479637e-04	5.26908803e+06	4.75454906e-10
3.08000000e+01	2.58956921e+01	-1.36084176e+07	-5.29663352e+05	1.00000000e-09	1.00000000e-09	1.00000000e-10	1.00000000e-10	0.00000000e+00	4.37114476e-10
3.09000000e+01	2.59797690e+01	-1.35374781e+07	-5.26902265e+05	1.00000000e-09	1.00000000e-09	1.00000000e-10	1.00000000e-10	0.00000000e+00	4.01865798e-10
3.10000000e+01	2.60638460e+01	-1.34665387e+07	-5.24141177e+05	9.57705490e+01	1.00000000e-09	9.57705490e+00	1.00000000e-10	9.24045322e+06	3.69459555e-10
3.11000000e+01	2.61479229e+01	-1.33955992e+07	-5.21380090e+05	6.38217738e+01	1.29542988e-03	6.38217738e+00	1.29542988e-04	6.15774005e+06	3.39666533e-10
3.12000000e+01	2.62319998e+01	-1.33246618e+07	-5.18619083e+05	1.00000000e-09	3.13215899e-03	1.00000000e-10	3.13215899e-04	-3.02207304e+02	3.12276006e-10
3.13000000e+01	2.63160767e+01	-1.32537252e+07	-5.15858108e+05	1.00000000e-09	1.04730107e-03	1.00000000e-10	1.04730107e-04	-1.01049096e+02	2.87094235e-10
3.14000000e+01	2.64001537e+01	-1.31827887e+07	-5.13097132e+05	9.91799415e+01	1.00000000e-09	9.91799415e+00	1.00000000e-10	9.56940960e+06	2.63943109e-10
3.15000000e+01	2.64842306e+01	-1.31118521e+07	-5.10336156e+05	7.42780766e+01	1.00000000e-09	7.42780766e+00	1.00000000e-10	7.16674489e+06	2.42658878e-10
3.16000000e+01	2.65683075e+01	-1.30409174e+07	-5.07575257e+05	1.00000000e-09	1.00000000e-09	1.00000000e-10	1.00000000e-10	0.00000000e+00	2.23090996e-10
3.17000000e+01	2.66523844e+01	-1.29699838e+07	-5.04814397e+05	1.00000000e-09	2.36097465e-03	1.00000000e-10	2.36097465e-04	-2.27799327e+02	2.05101057e-10
3.18000000e+01	2.67364614e+01	-1.28990502e+07	-5.02053538e+05	1.01342436e+02	3.69026099e-03	1.01342436e+01	3.69026099e-04	9.77770252e+06	1.88561817e-10
3.19000000e+01	2.68205383e+01	-1.28281167e+07	-4.99292679e+05	8.58410622e+01	2.79023589e-04	8.58410622e+00	2.79023589e-05	8.28237648e+06	1.73356293e-10
3.20000000e+01	2.69046152e+01	-1.27571849e+07	-4.96531890e+05	1.00000000e-09	1.00000000e-09	1.00000000e-10	1.00000000e-10	0.00000000e+00	1.59376934e-10
3.21000000e+01	2.69886921e+01	-1.26862543e+07	-4.93771150e+05	1.00000000e-09	1.00000000e-09	1.00000000e-10	1.00000000e-10	0.00000000e+00	1.46524863e-10
3.22000000e+01	2.70727690e+01	-1.26153238e+07	-4.91010410e+05	1.02072020e+02	1.00000000e-09	1.02072020e+01	1.00000000e-10	9.84845278e+06	1.34709176e-10
3.23000000e+01	2.71568460e+01	-1.25443933e+07	-4.88249670e+05	9.83402331e+01	4.08218565e-03	9.83402331e+00	4.08218565e-04	9.48799618e+06	1.23846300e-10
3.24000000e+01	2.72409229e+01	-1.24734644e+07	-4.85488995e+05	1.00000000e-09	3.73875654e-03	1.00000000e-10	3.73875654e-04	-3.60735070e+02	1.13859401e-10
3.25000000e+01	2.73249998e+01	-1.24025370e+07	-4.82728375e+05	1.00000000e-09	4.93606101e-04	1.00000000e-10	4.93606101e-05	-4.76256521e+01	1.04677839e-10
3.26000000e+01	2.74090767e+01	-1.23316095e+07	-4.79967756e+05	1.01205483e+02	1.00000000e-09	1.01205483e+01	1.00000000e-10	9.76484468e+06	9.62366743e-11
3.27000000e+01	2.74931537e+01	-1.22606821e+07	-4.77207137e+05	1.11577844e+02	1.00000000e-09	1.11577844e+01	1.00000000e-10	1.07656254e+07	8.84762003e-11
3.28000000e+01	2.75772306e+01	-1.21897561e+07	-4.74446574e+05	1.00000000e-09	1.00000000e-09	1.00000000e-10	1.00000000e-10	0.00000000e+00	8.13415267e-11
3.29000000e+01	2.76613075e+01	-1.21188318e+07	-4.71686075e+05	1.00000000e-09	1.32997439e-03	1.00000000e-10	1.32997439e-04	-1.28322924e+02	7.47821894e-11
3.30000000e+01	2.77453844e+01	-1.20479074e+07	-4.68925575e+05	9.86056930e+01	3.31221735e-03	9.86056930e+00	3.31221735e-04	9.51368346e+06	6.87517936e-11
3.31000000e+01	2.78294613e+01	-1.19769831e+07	-4.66165076e+05	1.25335043e+02	2.62642288e-03	1.25335043e+01	2.62642288e-04	1.20927398e+07	6.32076857e-11
3.32000000e+01	2.79135383e+01	-1.19060600e+07	-4.63404625e+05	1.00000000e-09	1.51812393e-04	1.00000000e-10	1.51812393e-05	-1.46475727e+01	5.81106517e-11
3.33000000e+01	2.79976152e+01	-1.18351387e+07	-4.60644243e+05	1.00000000e-09	1.00000000e-09	1.00000000e-10	1.00000000e-10	0.00000000e+00	5.34246397e-11
3.34000000e+01	2.80816921e+01	-1.17642173e+07	-4.57883862e+05	9.41643604e+01	1.00000000e-09	9.41643604e+00	1.00000000e-10	9.08547959e+06	4.91165053e-11
3.35000000e+01	2.81657690e+01	-1.16932960e+07	-4.55123480e+05	1.39377328e+02	1.00000000e-09	1.39377328e+01	1.00000000e-10	1.34478678e+07	4.51557765e-11
3.36000000e+01	2.82498460e+01	-1.16223757e+07	-4.52363138e+05	1.00000000e-09	9.10168393e-04	1.00000000e-10	9.10168393e-05	-8.78178032e+01	4.15144388e-11
3.37000000e+01	2.83339229e+01	-1.15514573e+07	-4.49602870e+05	1.00000000e-09	3.10138799e-03	1.00000000e-10	3.10138799e-04	-2.99238353e+02	3.81667366e-11
3.38000000e+01	2.84179998e+01	-1.14805389e+07	-4.46842602e+05	8.78038601e+01	2.72363340e-03	8.78038601e+00	2.72363340e-04	8.47152181e+06	3.50889914e-11
3.39000000e+01	2.85020767e+01	-1.14096205e+07	-4.44082333e+05	1.53456957e+02	4.99378163e-04	1.53456957e+01	4.99378163e-05	1.48062973e+07	3.22594338e-11
3.40000000e+01	2.85861536e+01	-1.13387029e+07	-4.41322096e+05	1.00000000e-09	1.00000000e-09	1.00000000e-10	1.00000000e-10	0.00000000e+00	2.96580503e-11
3.41000000e+01	2.86702306e+01	-1.12677872e+07	-4.38561936e+05	1.00000000e-09	1.00000000e-09	1.00000000e-10	1.00000000e-10	0.00000000e+00	2.72664410e-11
3.42000000e+01	2.87543075e+01	-1.11968716e+07	-4.35801775e+05	7.94786048e+01	1.00000000e-09	7.94786048e+00	1.00000000e-10	7.66851959e+06	2.50676897e-11
3.43000000e+01	2.88383844e+01	-1.11259560e+07	-4.33041615e+05	1.67317010e+02	1.00000000e-09	1.67317010e+01	1.00000000e-10	1.61436373e+07	2.30462446e-11
3.44000000e+01	2.89224613e+01	-1.10550409e+07	-4.30281476e+05	1.00000000e-09	1.00000000e-09	1.00000000e-10	1.00000000e-10	0.00000000e+00	2.11878078e-11
3.45000000e+01	2.90065383e+01	-1.09841278e+07	-4.27521417e+05	1.00000000e-09	1.00000000e-09	1.00000000e-10	1.00000000e-10	0.00000000e+00	1.94792342e-11
3.46000000e+01	2.90906152e+01	-1.09132148e+07	-4.24761357e+05	6.91759962e+01	8.90293359e-04	6.91759962e+00	8.90293359e-05	6.67438307e+06	1.79084392e-11
3.47000000e+01	2.91746921e+01	-1.08423017e+07	-4.22001298e+05	1.80695481e+02	1.02214115e-03	1.80695481e+01	1.02214115e-04	1.74343649e+07	1.64643122e-11
3.48000000e+01	2.92587690e+01	-1.07713890e+07	-4.19241250e+05	1.00000000e-09	5.43564834e-04	1.00000000e-10	5.43564834e-05	-5.24459371e+01	1.51366389e-11
3.49000000e+01	2.93428459e+01	-1.07004783e+07	-4.16481283e+05	1.00000000e-09	5.27646431e-04	1.00000000e-10	5.27646431e-05	-5.09100447e+01	1.39160284e-11
3.50000000e+01	2.94269229e+01	-1.06295676e+07	-4.13721316e+05	5.69168380e+01	9.38536066e-04	5.69168380e+00	9.38536066e-05	5.49154947e+06	1.27938473e-11
3.51000000e+01	2.95109998e+01	-1.05586570e+07	-4.10961348e+05	1.93329352e+02	1.11036017e-03	1.93329352e+01	1.11036017e-04	1.86533396e+07	1.17621583e-11
3.52000000e+01	2.95950767e+01	-1.04877463e+07	-4.08201383e+05	1.00000000e-09	1.21520648e-04	1.00000000e-10	1.21520648e-05	-1.17248636e+01	1.08136641e-11
3.53000000e+01	2.96791536e+01	-1.04168378e+07	-4.05441499e+05	1.00000000e-09	2.34504440e-05	1.00000000e-10	2.34504440e-06	-2.26252739e+00	9.94165601e-12
3.54000000e+01	2.97632306e+01	-1.03459293e+07	-4.02681617e+05	4.24924095e+01	9.41301886e-05	4.24924095e+00	9.41301886e-06	4.09988516e+06	9.13996618e-12
3.55000000e+01	2.98473075e+01	-1.02750208e+07	-3.99921735e+05	2.04949107e+02	8.32207489e-04	2.04949107e+01	8.32207489e-05	1.97745024e+07	8.40292419e-12
3.56000000e+01	2.99313844e+01	-1.02041123e+07	-3.97161853e+05	1.00000000e-09	2.32940867e-04	1.00000000e-10	2.32940867e-05	-2.24752805e+01	7.72531687e-12
3.57000000e+01	3.00154613e+01	-1.01332059e+07	-3.94402050e+05	1.00000000e-09	1.00000000e-09	1.00000000e-10	1.00000000e-10	0.00000000e+00	7.10235144e-12
3.58000000e+01	3.00995383e+01	-1.00622997e+07	-3.91642260e+05	2.60459261e+01	1.00000000e-09	2.60459261e+00	1.00000000e-10	2.51304983e+06	6.52962161e-12
3.59000000e+01	3.01836152e+01	-9.99139362e+06	-3.88882470e+05	2.15313130e+02	3.21738632e-04	2.15313130e+01	3.21738632e-05	2.07745278e+07	6.00307641e-12
3.60000000e+01	3.02676921e+01	-9.92048749e+06	-3.86122679e+05	1.00000000e-09	3.85352824e-04	1.00000000e-10	3.85352824e-05	-3.71807987e+01	5.51899153e-12
3.61000000e+01	3.03517690e+01	-9.84958334e+06	-3.83362966e+05	1.00000000e-09	1.00000000e-09	1.00000000e-10	1.00000000e-10	0.00000000e+00	5.07394300e-12
3.62000000e+01	3.04358459e+01	-9.77867974e+06	-3.80603274e+05	7.91609935e+00	1.00000000e-09	7.91609935e-01	1.00000000e-10	7.63787475e+05	4.66478295e-12
3.63000000e+01	3.05199229e+01	-9.70777615e+06	-3.77843583e+05	2.24179156e+02	1.00000000e-09	2.24179156e+01	1.00000000e-10	2.16300003e+07	4.28861734e-12
3.64000000e+01	3.06039998e+01	-9.63687255e+06	-3.75083891e+05	2.07241578e-01	1.75876503e-04	2.07241578e-02	1.75876503e-05	1.99788030e+04	3.94278553e-12
3.65000000e+01	3.06880767e+01	-9.56597085e+06	-3.72324273e+05	1.00000000e-09	1.64749912e-04	1.00000000e-10	1.64749912e-05	-1.58958535e+01	3.62484141e-12
3.66000000e+01	3.07721536e+01	-9.49506994e+06	-3.69564686e+05	1.00000000e-09	1.00000000e-09	1.00000000e-10	1.00000000e-10	0.00000000e+00	3.33253613e-12
3.67000000e+01	3.08562306e+01	-9.42416903e+06	-3.66805099e+05	2.31319270e+02	1.00000000e-09	2.31319270e+01	1.00000000e-10	2.23189166e+07	3.06380220e-12
3.68000000e+01	3.09403075e+01	-9.35326812e+06	-3.64045512e+05	2.01237537e+01	1.00000000e-09	2.01237537e+00	1.00000000e-10	1.94164706e+06	2.81673882e-12
3.69000000e+01	3.10243844e+01	-9.28236899e+06	-3.61285994e+05	1.00000000e-09	3.00777158e-05	1.00000000e-10	3.00777158e-06	-2.90196191e+00	2.58959851e-12
3.70000000e+01	3.11084613e+01	-9.21147086e+06	-3.58526515e+05	1.00000000e-09	1.96402532e-04	1.00000000e-10	1.96402532e-05	-1.89498670e+01	2.38077467e-12
3.71000000e+01	3.11925382e+01	-9.14057273e+06	-3.55767037e+05	2.36523421e+02	8.19894701e-05	2.36523421e+01	8.19894701e-06	2.28210329e+07	2.18879027e-12
3.72000000e+01	3.12766152e+01	-9.06967461e+06	-3.53007558e+05	4.13133410e+01	1.00000000e-09	4.13133410e+00	1.00000000e-10	3.98613142e+06	2.01228739e-12
3.73000000e+01	3.13606921e+01	-8.99877812e+06	-3.50248143e+05	1.00000000e-09	1.00000000e-09	1.00000000e-10	1.00000000e-10	0.00000000e+00	1.85001761e-12
3.74000000e+01	3.14447690e+01	-8.92788285e+06	-3.47488775e+05	1.00000000e-09	5.29404567e-05	1.00000000e-10	5.29404567e-06	-5.10788106e+00	1.70083318e-12
3.75000000e+01	3.15288459e+01	-8.85698757e+06	-3.44729407e+05	2.39602759e+02	3.39603587e-04	2.39602759e+01	3.39603587e-05	2.31181190e+07	1.56367890e-12
3.76000000e+01	3.16129229e+01	-8.78609229e+06	-3.41970039e+05	6.35580325e+01	6.02927822e-05	6.35580325e+00	6.02927822e-06	6.13241206e+06	1.43758467e-12
3.77000000e+01	3.16969998e+01	-8.71519849e+06	-3.39210729e+05	1.00000000e-09	1.00000000e-09	1.00000000e-10	1.00000000e-10	0.00000000e+00	1.32165861e-12
3.78000000e+01	3.17810767e+01	-8.64430608e+06	-3.36451473e+05	1.00000000e-09	1.00000000e-09	1.00000000e-10	1.00000000e-10	0.00000000e+00	1.21508076e-12
3.79000000e+01	3.18651536e+01	-8.57341367e+06	-3.33692216e+05	2.40392824e+02	1.35110459e-04	2.40392824e+01	1.35110459e-05	2.31943685e+07	1.11709730e-12
3.80000000e+01	3.19492305e+01	-8.50252126e+06	-3.30932960e+05	8.66164787e+01	3.08591313e-04	8.66164787e+00	3.08591313e-05	8.35718994e+06	1.02701517e-12
3.81000000e+01	3.20333075e+01	-8.43163014e+06	-3.28173754e+05	1.00000000e-09	1.05523548e-05	1.00000000e-10	1.05523548e-06	-1.01805097e+00	9.44197214e-13
3.82000000e+01	3.21173844e+01	-8.36074057e+06	-3.25414608e+05	1.00000000e-09	1.00000000e-09	1.00000000e-10	1.00000000e-10	0.00000000e+00	8.68057654e-13
3.83000000e+01	3.22014613e+01	-8.28985100e+06	-3.22655463e+05	2.38756782e+02	1.00000000e-09	2.38756782e+01	1.00000000e-10	2.30365274e+07	7.98057949e-13
3.84000000e+01	3.22855382e+01	-8.21896144e+06	-3.19896317e+05	1.10226846e+02	2.71678293e-05	1.10226846e+01	2.71678293e-06	1.06352712e+07	7.33702982e-13
3.85000000e+01	3.23696152e+01	-8.14807296e+06	-3.17137214e+05	1.00000000e-09	1.47326610e-04	1.00000000e-10	1.47326610e-05	-1.42147604e+01	6.74537565e-13
3.86000000e+01	3.24536921e+01	-8.07718617e+06	-3.14378176e+05	1.00000000e-09	1.01542228e-04	1.00000000e-10	1.01542228e-05	-9.79723915e+00	6.20143216e-13
3.87000000e+01	3.25377690e+01	-8.00629938e+06	-3.11619139e+05	2.34587720e+02	1.00000000e-09	2.34587720e+01	1.00000000e-10	2.26342740e+07	5.70135198e-13
3.88000000e+01	3.26218459e+01	-7.93541259e+06	-3.08860101e+05	1.34110026e+02	1.00000000e-09	1.34110026e+01	1.00000000e-10	1.29396504e+07	5.24159800e-13
3.89000000e+01	3.27059228e+01	-7.86452668e+06	-3.06101098e+05	1.00000000e-09	1.00000000e-09	1.00000000e-10	1.00000000e-10	0.00000000e+00	4.81891834e-13
3.90000000e+01	3.27899998e+01	-7.79364256e+06	-3.03342164e+05	1.00000000e-09	1.00000000e-09	1.00000000e-10	1.00000000e-10	0.00000000e+00	4.43032333e-13
3.91000000e+01	3.28740767e+01	-7.72275843e+06	-3.00583231e+05	2.27810780e+02	1.74441272e-04	2.27810780e+01	1.74441272e-05	2.19803819e+07	4.07306443e-13
3.92000000e+01	3.29581536e+01	-7.65187431e+06	-2.97824297e+05	1.57973259e+02	2.28656682e-04	1.57973259e+01	2.28656682e-05	1.52420803e+07	3.74461468e-13
3.93000000e+01	3.30422305e+01	-7.58099084e+06	-2.95065389e+05	1.00000000e-09	1.00000000e-09	1.00000000e-10	1.00000000e-10	0.00000000e+00	3.44265096e-13
3.94000000e+01	3.31263075e+01	-7.51010924e+06	-2.92306553e+05	1.00000000e-09	1.00000000e-09	1.00000000e-10	1.00000000e-10	0.00000000e+00	3.16503742e-13
3.95000000e+01	3.32103844e+01	-7.43922764e+06	-2.89547717e+05	2.18384997e+02	1.00000000e-09	2.18384997e+01	1.00000000e-10	2.10709490e+07	2.90981049e-13
3.96000000e+01	3.32944613e+01	-7.36834604e+06	-2.86788882e+05	1.81512749e+02	1.00000000e-09	1.81512749e+01	1.00000000e-10	1.75133178e+07	2.67516493e-13
3.97000000e+01	3.33785382e+01	-7.29746485e+06	-2.84030062e+05	1.00000000e-09	8.68868866e-05	1.00000000e-10	8.68868866e-06	-8.38321362e+00	2.45944106e-13
3.98000000e+01	3.34626152e+01	-7.22658559e+06	-2.81271318e+05	1.00000000e-09	1.56422622e-04	1.00000000e-10	1.56422622e-05	-1.50923922e+01	2.26111304e-13
3.99000000e+01	3.35466921e+01	-7.15570632e+06	-2.78512573e+05	2.06304685e+02	1.19101138e-04	2.06304685e+01	1.19101138e-05	1.99053645e+07	2.07877809e-13
4.00000000e+01	3.36307690e+01	-7.08482706e+06	-2.75753829e+05	2.04419174e+02	1.18155122e-05	2.04419174e+01	1.18155122e-06	1.97234508e+07	1.91114654e-13
4.01000000e+01	3.37148459e+01	-7.01394796e+06	-2.72995090e+05	1.00000000e-09	1.00000000e-09	1.00000000e-10	1.00000000e-10	0.00000000e+00	1.75703270e-13
4.02000000e+01	3.37989228e+01	-6.94307081e+06	-2.70236428e+05	1.00000000e-09	1.00000000e-09	1.00000000e-10	1.00000000e-10	0.00000000e+00	1.61534652e-13
4.03000000e+01	3.38829998e+01	-6.87219366e+06	-2.67477766e+05	1.91600678e+02	1.00000000e-09	1.91600678e+01	1.00000000e-10	1.84866550e+07	1.48508584e-13
4.04000000e+01	3.39670767e+01	-6.80131651e+06	-2.64719103e+05	2.26381296e+02	1.00000000e-09	2.26381296e+01	1.00000000e-10	2.18424745e+07	1.36532931e-13
4.05000000e+01	3.40511536e+01	-6.73043936e+06	-2.61960441e+05	1.00000000e-09	1.00000000e-09	1.00000000e-10	1.00000000e-10	0.00000000e+00	1.25522989e-13
4.06000000e+01	3.41352305e+01	-6.65956415e+06	-2.59201854e+05	1.00000000e-09	1.00000000e-09	1.00000000e-10	1.00000000e-10	0.00000000e+00	1.15400882e-13
4.07000000e+01	3.42193075e+01	-6.58868913e+06	-2.56443275e+05	1.73894150e+02	9.98449832e-05	1.73894150e+01	9.98449832e-06	1.67782252e+07	1.06095016e-13
4.08000000e+01	3.43033844e+01	-6.51781411e+06	-2.53684696e+05	2.47085804e+02	1.83753670e-04	2.47085804e+01	1.83753670e-05	2.38401382e+07	9.75395708e-14
4.09000000e+01	3.43874613e+01	-6.44693909e+06	-2.50926116e+05	1.00000000e-09	1.45774985e-04	1.00000000e-10	1.45774985e-05	-1.40650514e+01	8.96740319e-14
4.10000000e+01	3.44715382e+01	-6.37606598e+06	-2.48167611e+05	1.00000000e-09	8.08299515e-05	1.00000000e-10	8.08299515e-06	-7.79880823e+00	8.24427658e-14
4.11000000e+01	3.45556151e+01	-6.30519330e+06	-2.45409123e+05	1.53745868e+02	6.94970046e-05	1.53745868e+01	6.94970046e-06	1.48342144e+07	7.57946252e-14
4.12000000e+01	3.46396921e+01	-6.23432062e+06	-2.42650634e+05	2.66238272e+02	9.88415338e-05	2.66238272e+01	9.88415338e-06	2.56880786e+07	6.96825871e-14
4.13000000e+01	3.47237690e+01	-6.16344794e+06	-2.39892146e+05	1.00000000e-09	7.75723003e-05	1.00000000e-10	7.75723003e-06	-7.48449267e+00	6.40634205e-14
4.14000000e+01	3.48078459e+01	-6.09257710e+06	-2.37133729e+05	1.00000000e-09	2.44672183e-05	1.00000000e-10	2.44672183e-06	-2.36063120e+00	5.88973804e-14
4.15000000e+01	3.48919228e+01	-6.02170693e+06	-2.34375338e+05	1.31303616e+02	1.95940005e-05	1.31303616e+01	1.95940005e-06	1.26688711e+07	5.41479271e-14
4.16000000e+01	3.49759998e+01	-5.95083675e+06	-2.31616948e+05	2.83547598e+02	5.14487113e-05	2.83547598e+01	5.14487113e-06	2.73581792e+07	4.97814672e-14
4.17000000e+01	3.50600767e+01	-5.87996658e+06	-2.28858557e+05	1.00000000e-09	5.50183853e-05	1.00000000e-10	5.50183853e-06	-5.30837069e+00	4.57671163e-14
4.18000000e+01	3.51441536e+01	-5.80909814e+06	-2.26100234e+05	1.00000000e-09	7.78802299e-06	1.00000000e-10	7.78802299e-07	-7.51333499e-01	4.20764804e-14
4.19000000e+01	3.52282305e+01	-5.73823060e+06	-2.23341945e+05	1.06750885e+02	4.99174983e-06	1.06750885e+01	4.99174983e-07	1.02998941e+07	3.86834555e-14
4.20000000e+01	3.53123074e+01	-5.66736306e+06	-2.20583657e+05	2.98738231e+02	2.99531881e-05	2.98738231e+01	2.99531881e-06	2.88238545e+07	3.55640423e-14
4.21000000e+01	3.53963844e+01	-5.59649552e+06	-2.17825369e+05	1.00000000e-09	4.83032285e-05	1.00000000e-10	4.83032285e-06	-4.66045655e+00	3.26961769e-14
4.22000000e+01	3.54804613e+01	-5.52562959e+06	-2.15067143e+05	1.00000000e-09	9.05502963e-07	1.00000000e-10	9.05502963e-08	-8.72712688e-02	3.00595747e-14
4.23000000e+01	3.55645382e+01	-5.45476477e+06	-2.12308961e+05	8.03053149e+01	3.04546762e-07	8.03053149e+00	3.04546762e-08	7.74828495e+06	2.76355866e-14
4.24000000e+01	3.56486151e+01	-5.38389994e+06	-2.09550778e+05	3.11554712e+02	1.52035270e-05	3.11554712e+01	1.52035270e-06	3.00604584e+07	2.54070677e-14
4.25000000e+01	3.57326921e+01	-5.31303512e+06	-2.06792595e+05	1.00000000e-09	4.19349624e-05	1.00000000e-10	4.19349624e-06	-4.04601229e+00	2.33582553e-14
4.26000000e+01	3.58167690e+01	-5.24217175e+06	-2.04034469e+05	1.00000000e-09	1.00000000e-09	1.00000000e-10	1.00000000e-10	0.00000000e+00	2.14746581e-14
4.27000000e+01	3.59008459e+01	-5.17130968e+06	-2.01276394e+05	5.22164492e+01	1.00000000e-09	5.22164492e+00	1.00000000e-10	5.03812144e+06	1.97429531e-14
4.28000000e+01	3.59849228e+01	-5.10044762e+06	-1.98518319e+05	3.21766005e+02	5.30082299e-06	3.21766005e+01	5.30082299e-07	3.10456994e+07	1.81508919e-14
4.29000000e+01	3.60689997e+01	-5.02958555e+06	-1.95760244e+05	1.00000000e-09	3.55790320e-05	1.00000000e-10	3.55790320e-06	-3.43275823e+00	1.66872137e-14
4.30000000e+01	3.61530767e+01	-4.95872476e+06	-1.93002218e+05	1.00000000e-09	1.00000000e-09	1.00000000e-10	1.00000000e-10	0.00000000e+00	1.53415657e-14
4.31000000e+01	3.62371536e+01	-4.88786545e+06	-1.90244250e+05	2.27628749e+01	1.00000000e-09	2.27628749e+00	1.00000000e-10	2.19628354e+06	1.41044300e-14
4.32000000e+01	3.63212305e+01	-4.81700613e+06	-1.87486282e+05	3.29169509e+02	1.00000000e-09	3.29169509e+01	1.00000000e-10	3.17600294e+07	1.29670563e-14
4.33000000e+01	3.64053074e+01	-4.74614682e+06	-1.84728314e+05	1.00000000e-09	3.03582559e-05	1.00000000e-10	3.03582559e-06	-2.92902991e+00	1.19213998e-14
4.34000000e+01	3.64893844e+01	-4.67528858e+06	-1.81970388e+05	1.00000000e-09	3.12684636e-06	1.00000000e-10	3.12684636e-07	-3.01598324e-01	1.09600645e-14
4.35000000e+01	3.65734613e+01	-4.60443196e+06	-1.79212524e+05	1.00000000e-09	1.00000000e-09	1.00000000e-10	1.00000000e-10	0.00000000e+00	1.00762507e-14
4.36000000e+01	3.66575382e+01	-4.53357535e+06	-1.76454661e+05	3.33594898e+02	1.00000000e-09	3.33594898e+01	1.00000000e-10	3.21870146e+07	9.26370726e-15
4.37000000e+01	3.67416151e+01	-4.46271873e+06	-1.73696798e+05	1.98473150e+01	2.52226737e-05	1.98473150e+00	2.52226737e-06	1.91497234e+06	8.51668685e-15
4.38000000e+01	3.68256921e+01	-4.39186298e+06	-1.70938969e+05	1.00000000e-09	7.11464717e-06	1.00000000e-10	7.11464717e-07	-6.86362610e-01	7.82990577e-15
4.39000000e+01	3.69097690e+01	-4.32100897e+06	-1.68181207e+05	1.00000000e-09	1.00000000e-09	1.00000000e-10	1.00000000e-10	0.00000000e+00	7.19850635e-15
4.40000000e+01	3.69938459e+01	-4.25015496e+06	-1.65423445e+05	3.34907082e+02	1.00000000e-09	3.34907082e+01	1.00000000e-10	3.23136211e+07	6.61802264e-15
4.41000000e+01	3.70779228e+01	-4.17930095e+06	-1.62665684e+05	5.11438516e+01	2.02740798e-05	5.11438516e+00	2.02740798e-06	4.93462955e+06	6.08434883e-15
4.42000000e+01	3.71619997e+01	-4.10844756e+06	-1.59907946e+05	1.00000000e-09	9.78388105e-06	1.00000000e-10	9.78388105e-07	-9.43904527e-01	5.59371018e-15
4.43000000e+01	3.72460767e+01	-4.03759602e+06	-1.57150281e+05	1.00000000e-09	1.00000000e-09	1.00000000e-10	1.00000000e-10	0.00000000e+00	5.14263638e-15
4.44000000e+01	3.73301536e+01	-3.96674447e+06	-1.54392615e+05	3.33008880e+02	1.00000000e-09	3.33008880e+01	1.00000000e-10	3.21304724e+07	4.72793693e-15
4.45000000e+01	3.74142305e+01	-3.89589292e+06	-1.51634949e+05	8.27147762e+01	1.57544001e-05	8.27147762e+00	1.57544001e-06	7.98076113e+06	4.34667862e-15
4.46000000e+01	3.74983074e+01	-3.82504176e+06	-1.48877298e+05	1.00000000e-09	1.14316898e-05	1.00000000e-10	1.14316898e-06	-1.10289390e+00	3.99616478e-15
4.47000000e+01	3.75823844e+01	-3.75419250e+06	-1.46119721e+05	1.00000000e-09	1.00000000e-09	1.00000000e-10	1.00000000e-10	0.00000000e+00	3.67391618e-15
4.48000000e+01	3.76664613e+01	-3.68334323e+06	-1.43362144e+05	3.27843197e+02	1.00000000e-09	3.27843197e+01	1.00000000e-10	3.16320597e+07	3.37765354e-15
4.49000000e+01	3.77505382e+01	-3.61249397e+06	-1.40604567e+05	1.14201241e+02	1.17446451e-05	1.14201241e+01	1.17446451e-06	1.10187435e+07	3.10528136e-15
4.50000000e+01	3.78346151e+01	-3.54164484e+06	-1.37846995e+05	1.00000000e-09	1.23057242e-05	1.00000000e-10	1.23057242e-06	-1.18722540e+00	2.85487313e-15
4.51000000e+01	3.79186920e+01	-3.47079763e+06	-1.35089499e+05	1.00000000e-09	1.00000000e-09	1.00000000e-10	1.00000000e-10	0.00000000e+00	2.62465769e-15
4.52000000e+01	3.80027690e+01	-3.39995043e+06	-1.32332002e+05	3.19394688e+02	1.00000000e-09	3.19394688e+01	1.00000000e-10	3.08169025e+07	2.41300669e-15
4.53000000e+01	3.80868459e+01	-3.32910323e+06	-1.29574505e+05	1.45237518e+02	8.20968243e-06	1.45237518e+01	8.20968243e-07	1.40132894e+07	2.21842312e-15
4.54000000e+01	3.81709228e+01	-3.25825602e+06	-1.26817008e+05	1.00000000e-09	1.25798435e-05	1.00000000e-10	1.25798435e-06	-1.21367389e+00	2.03953067e-15
4.55000000e+01	3.82549997e+01	-3.18741074e+06	-1.24059587e+05	1.00000000e-09	1.00000000e-09	1.00000000e-10	1.00000000e-10	0.00000000e+00	1.87506400e-15
4.56000000e+01	3.83390767e+01	-3.11656569e+06	-1.21302174e+05	3.07248616e+02	1.00000000e-09	3.07248616e+01	1.00000000e-10	2.96449848e+07	1.72385984e-15
4.57000000e+01	3.84231536e+01	-3.04572064e+06	-1.18544761e+05	1.75457428e+02	5.14512746e-06	1.75457428e+01	5.14512746e-07	1.69290678e+07	1.58484870e-15
4.58000000e+01	3.85072305e+01	-2.97487559e+06	-1.15787348e+05	1.00000000e-09	1.23756388e-05	1.00000000e-10	1.23756388e-06	-1.19397114e+00	1.45704735e-15
4.59000000e+01	3.85913074e+01	-2.90403243e+06	-1.13030008e+05	1.00000000e-09	1.00000000e-09	1.00000000e-10	1.00000000e-10	0.00000000e+00	1.33955183e-15
4.60000000e+01	3.86753843e+01	-2.83318975e+06	-1.10272688e+05	2.91927958e+02	1.00000000e-09	2.91927958e+01	1.00000000e-10	2.81667660e+07	1.23153109e-15
4.61000000e+01	3.87594613e+01	-2.76234707e+06	-1.07515367e+05	2.04494562e+02	2.49123599e-06	2.04494562e+01	2.49123599e-07	1.97307255e+07	1.13222108e-15
4.62000000e+01	3.88435382e+01	-2.69150439e+06	-1.04758046e+05	1.00000000e-09	1.18815409e-05	1.00000000e-10	1.18815409e-06	-1.14629793e+00	1.04091937e-15
4.63000000e+01	3.89276151e+01	-2.62066352e+06	-1.02000796e+05	1.00000000e-09	1.00000000e-09	1.00000000e-10	1.00000000e-10	0.00000000e+00	9.56980191e-16
4.64000000e+01	3.90116920e+01	-2.54982339e+06	-9.92435743e+04	2.73554193e+02	1.00000000e-09	2.73554193e+01	1.00000000e-10	2.63939671e+07	8.79809819e-16
4.65000000e+01	3.90957690e+01	-2.47898325e+06	-9.64863526e+04	2.31993244e+02	1.92063948e-07	2.31993244e+01	1.92063948e-08	2.23839451e+07	8.08862425e-16
4.66000000e+01	3.91798459e+01	-2.40814311e+06	-9.37291309e+04	1.00000000e-09	1.11804658e-05	1.00000000e-10	1.11804658e-06	-1.07865447e+00	7.43636191e-16
4.67000000e+01	3.92639228e+01	-2.33730469e+06	-9.09719759e+04	1.00000000e-09	5.43317010e-07	1.00000000e-10	5.43317010e-08	-5.23256368e-02	6.83669765e-16
4.68000000e+01	3.93479997e+01	-2.26646723e+06	-8.82148583e+04	2.52291194e+02	1.00000000e-09	2.52291194e+01	1.00000000e-10	2.43423996e+07	6.28539001e-16
4.69000000e+01	3.94320766e+01	-2.19562976e+06	-8.54577407e+04	2.57611746e+02	1.00000000e-09	2.57611746e+01	1.00000000e-10	2.48557548e+07	5.77853951e-16
4.70000000e+01	3.95161536e+01	-2.12479230e+06	-8.27006231e+04	1.00000000e-09	1.02110903e-05	1.00000000e-10	1.02110903e-06	-9.85123953e-01	5.31256117e-16
4.71000000e+01	3.96002305e+01	-2.05395642e+06	-7.99435671e+04	1.00000000e-09	2.37327974e-06	1.00000000e-10	2.37327974e-07	-2.28890198e-01	4.88415907e-16
4.72000000e+01	3.96843074e+01	-1.98312172e+06	-7.71865570e+04	2.28343714e+02	1.00000000e-09	2.28343714e+01	1.00000000e-10	2.20318191e+07	4.49030309e-16
4.73000000e+01	3.97683843e+01	-1.91228702e+06	-7.44295469e+04	2.81027597e+02	1.00000000e-09	2.81027597e+01	1.00000000e-10	2.71150411e+07	4.12820745e-16
4.74000000e+01	3.98524613e+01	-1.84145232e+06	-7.16725369e+04	1.00000000e-09	8.98821512e-06	1.00000000e-10	8.98821512e-07	-8.67134436e-01	3.79531100e-16
4.75000000e+01	3.99365382e+01	-1.77061904e+06	-6.89155820e+04	1.00000000e-09	3.87681396e-06	1.00000000e-10	3.87681396e-07	-3.73959197e-01	3.48925915e-16
4.76000000e+01	4.00206151e+01	-1.69978714e+06	-6.61586809e+04	2.01955196e+02	1.00000000e-09	2.01955196e+01	1.00000000e-10	1.94857141e+07	3.20788716e-16
4.77000000e+01	4.01046920e+01	-1.62895524e+06	-6.34017798e+04	3.01942762e+02	1.00000000e-09	3.01942762e+01	1.00000000e-10	2.91330477e+07	2.94920485e-16
4.78000000e+01	4.01887690e+01	-1.55812335e+06	-6.06448787e+04	1.00000000e-09	7.61314427e-06	1.00000000e-10	7.61314427e-07	-7.34460268e-01	2.71138254e-16
4.79000000e+01	4.02728459e+01	-1.48729268e+06	-5.78880256e+04	1.00000000e-09	5.05349074e-06	1.00000000e-10	5.05349074e-07	-4.87491247e-01	2.49273810e-16
4.80000000e+01	4.03569228e+01	-1.41646357e+06	-5.51312331e+04	1.73404848e+02	1.00000000e-09	1.73404848e+01	1.00000000e-10	1.67310244e+07	2.29172503e-16
4.81000000e+01	4.04409997e+01	-1.34563446e+06	-5.23744405e+04	3.20088533e+02	1.00000000e-09	3.20088533e+01	1.00000000e-10	3.08838484e+07	2.10692155e-16
4.82000000e+01	4.05250766e+01	-1.27480535e+06	-4.96176480e+04	1.00000000e-09	6.16097032e-06	1.00000000e-10	6.16097032e-07	-5.94346782e-01	1.93702052e-16
4.83000000e+01	4.06091536e+01	-1.20397726e+06	-4.68608952e+04	1.00000000e-09	5.91978436e-06	1.00000000e-10	5.91978436e-07	-5.71075874e-01	1.78082022e-16
4.84000000e+01	4.06932305e+01	-1.13315088e+06	-4.41042089e+04	1.43004106e+02	1.00000000e-09	1.43004106e+01	1.00000000e-10	1.37977987e+07	1.63721583e-16
4.85000000e+01	4.07773074e+01	-1.06232450e+06	-4.13475226e+04	3.35230190e+02	1.00000000e-09	3.35230190e+01	1.00000000e-10	3.23447962e+07	1.50519162e-16
4.86000000e+01	4.08613843e+01	-9.91498114e+05	-3.85908363e+04	1.00000000e-09	4.68856996e-06	1.00000000e-10	4.68856996e-07	-4.52281745e-01	1.38381377e-16
4.87000000e+01	4.09454613e+01	-9.20672524e+05	-3.58341808e+04	1.00000000e-09	6.50561024e-06	1.00000000e-10	6.50561024e-07	-6.27599479e-01	1.27222377e-16
4.88000000e+01	4.10295382e+01	-8.49848763e+05	-3.30775964e+04	1.11092412e+02	1.00000000e-09	1.11092412e+01	1.00000000e-10	1.07187882e+07	1.16963232e-16
4.89000000e+01	4.11136151e+01	-7.79025002e+05	-3.03210121e+04	3.47171090e+02	1.00000000e-09	3.47171090e+01	1.00000000e-10	3.34969180e+07	1.07531379e-16
4.90000000e+01	4.11976920e+01	-7.08201241e+05	-2.75644278e+04	1.00000000e-09	3.23591239e-06	1.00000000e-10	3.23591239e-07	-3.12121596e-01	9.88601065e-17
4.91000000e+01	4.12817689e+01	-6.37378025e+05	-2.48078647e+04	1.00000000e-09	6.84341048e-06	1.00000000e-10	6.84341048e-07	-6.60192248e-01	9.08880802e-17
4.92000000e+01	4.13658459e+01	-5.66556728e+05	-2.20513762e+04	7.80323220e+01	1.00000000e-09	7.80323220e+00	1.00000000e-10	7.52897451e+06	8.35589140e-17
4.93000000e+01	4.14499228e+01	-4.95735431e+05	-1.92948878e+04	3.55756259e+02	1.00000000e-09	3.55756259e+01	1.00000000e-10	3.43252608e+07	7.68207678e-17
4.94000000e+01	4.15339997e+01	-4.24914134e+05	-1.65383994e+04	1.00000000e-09	1.82807570e-06	1.00000000e-10	1.82807570e-07	-1.76286006e-01	7.06259821e-17
4.95000000e+01	4.16180766e+01	-3.54093125e+05	-1.37819221e+04	1.00000000e-09	6.96576409e-06	1.00000000e-10	6.96576409e-07	-6.71997576e-01	6.49307406e-17
4.96000000e+01	4.17021536e+01	-2.83274091e+05	-1.10255218e+04	4.42041168e+01	1.00000000e-09	4.42041168e+00	1.00000000e-10	4.26504889e+06	5.96947603e-17
4.97000000e+01	4.17862305e+01	-2.12455057e+05	-8.26912145e+03	3.60875266e+02	1.00000000e-09	3.60875266e+01	1.00000000e-10	3.48191699e+07	5.48810067e-17
4.98000000e+01	4.18703074e+01	-1.41636023e+05	-5.51272110e+03	1.00000000e-09	4.78322151e-07	1.00000000e-10	4.78322151e-08	-4.60545863e-02	5.04554316e-17
4.99000000e+01	4.19543843e+01	-7.08170134e+04	-2.75632170e+03	1.00000000e-09	6.89953005e-06	1.00000000e-10	6.89953005e-07	-6.65606963e-01	4.63867326e-17
5.00000000e+01	4.20384612e+01	0.00000000e+00	0.00000000e+00	1.00000000e+01	1.00000000e+01	1.00000000e+00	1.00000000e+00	0.00000000e+00	4.26461312e-17
