# 1D PNP Solver Results
# Debye length: 1.18939 nm
# Surface potential: 100 mV
# Bulk concentration: 10 mol/m^3
# Thermal voltage: 25.6926 mV
# Grid: non-uniform with stretching factor 1
#
# Columns:
# 1: x [nm]
# 2: x/lambda_D [-]
# 3: phi [mV]
# 4: phi_normalized = e*phi/(kB*T) [-]
# 5: c+ [mol/m^3]
# 6: c- [mol/m^3]
# 7: c+/c0 [-]
# 8: c-/c0 [-]
# 9: rho [C/m^3]
# 10: phi_GC [mV] (Gouy-Chapman analytical)
0.00000000e+00	0.00000000e+00	1.00000000e+02	3.89217445e+00	1.00000000e-09	1.00000000e-09	1.00000000e-10	1.00000000e-10	0.00000000e+00	1.00000000e+02
1.00000000e-01	8.40769225e-02	5.96154713e+04	2.32033814e+03	1.00000000e-09	1.00000000e-09	1.00000000e-10	1.00000000e-10	0.00000000e+00	8.70576373e+01
2.00000000e-01	1.68153845e-01	1.18976520e+05	4.63077372e+03	1.72284849e+05	2.96882436e+02	1.72284849e+04	2.96882436e+01	1.65943161e+10	7.68715638e+01
3.00000000e-01	2.52230767e-01	1.78464976e+05	6.94616820e+03	1.97898635e+04	2.26377712e+01	1.97898635e+03	2.26377712e+00	1.90724734e+09	6.85207345e+01
4.00000000e-01	3.36307690e-01	2.37963158e+05	9.26194124e+03	1.00000000e-09	1.00000000e-09	1.00000000e-10	1.00000000e-10	0.00000000e+00	6.14862309e+01
5.00000000e-01	4.20384612e-01	2.96497957e+05	1.15402177e+04	1.00000000e-09	1.00000000e-09	1.00000000e-10	1.00000000e-10	0.00000000e+00	5.54461690e+01
6.00000000e-01	5.04461535e-01	3.54629510e+05	1.38027992e+04	1.69201115e+05	2.70214491e+02	1.69201115e+04	2.70214491e+01	1.62993540e+10	5.01866549e+01
7.00000000e-01	5.88538457e-01	4.12874663e+05	1.60698022e+04	3.96960709e+04	4.35529201e+01	3.96960709e+03	4.35529201e+00	3.82588637e+09	4.55579535e+01
8.00000000e-01	6.72615380e-01	4.71138148e+05	1.83375186e+04	1.00000000e-09	1.00000000e-09	1.00000000e-10	1.00000000e-10	0.00000000e+00	4.14508515e+01
9.00000000e-01	7.56692302e-01	5.28562941e+05	2.05725918e+04	1.00000000e-09	1.00000000e-09	1.00000000e-10	1.00000000e-10	0.00000000e+00	3.77829914e+01
1.00000000e+00	8.40769225e-01	5.85409740e+05	2.27851683e+04	1.63877152e+05	2.44511339e+02	1.63877152e+04	2.44511339e+01	1.57881497e+10	3.44905241e+01
1.10000000e+00	9.24846147e-01	6.42357102e+05	2.50016590e+04	5.91994737e+04	6.29787379e+01	5.91994737e+03	6.29787379e+00	5.70580436e+09	3.15227780e+01
1.20000000e+00	1.00892307e+00	6.99330394e+05	2.72191589e+04	1.00000000e-09	1.00000000e-09	1.00000000e-10	1.00000000e-10	0.00000000e+00	2.88387272e+01
1.30000000e+00	1.09299999e+00	7.55616959e+05	2.94099302e+04	1.00000000e-09	1.00000000e-09	1.00000000e-10	1.00000000e-10	0.00000000e+00	2.64045776e+01
1.40000000e+00	1.17707691e+00	8.11212571e+05	3.15738084e+04	1.56350612e+05	2.19057843e+02	1.56350612e+04	2.19057843e+01	1.50644049e+10	2.41920729e+01
1.50000000e+00	1.26115384e+00	8.66896331e+05	3.37411175e+04	7.78307734e+04	8.09691935e+01	7.78307734e+03	8.09691935e+00	7.50171568e+09	2.21772778e+01
1.60000000e+00	1.34523076e+00	9.22612707e+05	3.59096961e+04	1.00000000e-09	1.00000000e-09	1.00000000e-10	1.00000000e-10	0.00000000e+00	2.03396868e+01
1.70000000e+00	1.42930768e+00	9.77801834e+05	3.80577532e+04	1.00000000e-09	1.00000000e-09	1.00000000e-10	1.00000000e-10	0.00000000e+00	1.86615585e+01
1.80000000e+00	1.51338460e+00	1.03223517e+06	4.01763935e+04	1.46689700e+05	1.93354923e+02	1.46689700e+04	1.93354923e+01	1.41347485e+10	1.71274116e+01
1.90000000e+00	1.59746153e+00	1.08674471e+06	4.22980000e+04	9.51751556e+04	9.74533598e+01	9.51751556e+03	9.74533598e+00	9.17360368e+09	1.57236358e+01
2.00000000e+00	1.68153845e+00	1.14129270e+06	4.44211030e+04	1.00000000e-09	1.00000000e-09	1.00000000e-10	1.00000000e-10	0.00000000e+00	1.44381886e+01
2.10000000e+00	1.76561537e+00	1.19546821e+06	4.65297082e+04	1.00000000e-09	1.00000000e-09	1.00000000e-10	1.00000000e-10	0.00000000e+00	1.32603556e+01
2.20000000e+00	1.84969229e+00	1.24885867e+06	4.86077581e+04	1.35003369e+05	1.67034495e+02	1.35003369e+04	1.67034495e+01	1.30097285e+10	1.21805577e+01
2.30000000e+00	1.93376922e+00	1.30231373e+06	5.06883221e+04	1.10876523e+05	1.12258110e+02	1.10876523e+04	1.12258110e+01	1.06871269e+10	1.11901960e+01
2.40000000e+00	2.01784614e+00	1.35581224e+06	5.27705775e+04	1.00000000e-09	1.00000000e-09	1.00000000e-10	1.00000000e-10	0.00000000e+00	1.02815237e+01
2.50000000e+00	2.10192306e+00	1.40908145e+06	5.48439081e+04	1.00000000e-09	1.00000000e-09	1.00000000e-10	1.00000000e-10	0.00000000e+00	9.44754093e+00
2.60000000e+00	2.18599998e+00	1.46156149e+06	5.68865228e+04	1.21445628e+05	1.39792649e+02	1.21445628e+04	1.39792649e+01	1.17042338e+10	8.68190590e+00
2.70000000e+00	2.27007691e+00	1.51409468e+06	5.89312064e+04	1.24640342e+05	1.25098473e+02	1.24640342e+04	1.25098473e+01	1.20138946e+10	7.97886054e+00
2.80000000e+00	2.35415383e+00	1.56667549e+06	6.09777432e+04	1.00000000e-09	1.00000000e-09	1.00000000e-10	1.00000000e-10	0.00000000e+00	7.33316685e+00
2.90000000e+00	2.43823075e+00	1.61915536e+06	6.30203512e+04	1.00000000e-09	1.00000000e-09	1.00000000e-10	1.00000000e-10	0.00000000e+00	6.74005227e+00
3.00000000e+00	2.52230767e+00	1.67085883e+06	6.50327405e+04	1.06214388e+05	1.11337287e+02	1.06214388e+04	1.11337287e+01	1.02373881e+10	6.19516235e+00
3.10000000e+00	2.60638460e+00	1.72260402e+06	6.70467535e+04	1.36234420e+05	1.35526522e+02	1.36234420e+04	1.35526522e+01	1.31315470e+10	5.69451955e+00
3.20000000e+00	2.69046152e+00	1.77440004e+06	6.90627449e+04	1.00000000e-09	1.00000000e-09	1.00000000e-10	1.00000000e-10	0.00000000e+00	5.23448697e+00
3.30000000e+00	2.77453844e+00	1.82619605e+06	7.10787362e+04	1.00000000e-09	1.00000000e-09	1.00000000e-10	1.00000000e-10	0.00000000e+00	4.81173646e+00
3.40000000e+00	2.85861536e+00	1.87723911e+06	7.30654209e+04	8.95390016e+04	8.14196071e+01	8.95390016e+03	8.14196071e+00	8.63134451e+09	4.42322017e+00
3.50000000e+00	2.94269229e+00	1.92824805e+06	7.50507778e+04	1.45410806e+05	1.43021013e+02	1.45410806e+04	1.43021013e+01	1.40162105e+10	4.06614534e+00
3.60000000e+00	3.02676921e+00	1.97930988e+06	7.70381935e+04	1.00000000e-09	1.00000000e-09	1.00000000e-10	1.00000000e-10	0.00000000e+00	3.73795159e+00
3.70000000e+00	3.11084613e+00	2.03037172e+06	7.90256092e+04	1.00000000e-09	1.00000000e-09	1.00000000e-10	1.00000000e-10	0.00000000e+00	3.43629058e+00
3.80000000e+00	3.19492305e+00	2.08071012e+06	8.09848677e+04	7.16112736e+04	4.97390343e+01	7.16112736e+03	4.97390343e+00	6.90463843e+09	3.15900770e+00
3.90000000e+00	3.27899998e+00	2.13091024e+06	8.29387441e+04	1.52738792e+05	1.46673270e+02	1.52738792e+04	1.46673270e+01	1.47229013e+10	2.90412542e+00
4.00000000e+00	3.36307690e+00	2.18116377e+06	8.48946991e+04	1.00000000e-09	1.00000000e-09	1.00000000e-10	1.00000000e-10	0.00000000e+00	2.66982829e+00
4.10000000e+00	3.44715382e+00	2.23141730e+06	8.68506542e+04	1.00000000e-09	1.00000000e-09	1.00000000e-10	1.00000000e-10	0.00000000e+00	2.45444929e+00
4.20000000e+00	3.53123074e+00	2.28097982e+06	8.87797138e+04	5.25834027e+04	1.56352235e+01	5.25834027e+03	1.56352235e+00	5.07201851e+09	2.25645740e+00
4.30000000e+00	3.61530767e+00	2.33031223e+06	9.06998173e+04	1.58111219e+05	1.44071879e+02	1.58111219e+04	1.44071879e+01	1.52415127e+10	2.07444628e+00
4.40000000e+00	3.69938459e+00	2.37969622e+06	9.26219284e+04	1.00000000e-09	1.00000000e-09	1.00000000e-10	1.00000000e-10	0.00000000e+00	1.90712395e+00
4.50000000e+00	3.78346151e+00	2.42908021e+06	9.45440394e+04	1.00000000e-09	1.00000000e-09	1.00000000e-10	1.00000000e-10	0.00000000e+00	1.75330334e+00
4.60000000e+00	3.86753843e+00	2.47780638e+06	9.64405470e+04	3.26225470e+04	1.00000000e-09	3.26225470e+03	1.00000000e-10	3.14759728e+09	1.61189369e+00
4.70000000e+00	3.95161536e+00	2.52622806e+06	9.83252032e+04	1.61376668e+05	1.29598131e+02	1.61376668e+04	1.29598131e+01	1.55579771e+10	1.48189263e+00
4.80000000e+00	4.03569228e+00	2.57469530e+06	1.00211633e+05	1.00000000e-09	3.09319939e+01	1.00000000e-10	3.09319939e+00	-2.98448371e+06	1.36237899e+00
4.90000000e+00	4.11976920e+00	2.62317342e+06	1.02098486e+05	1.00000000e-09	1.00000000e-09	1.00000000e-10	1.00000000e-10	0.00000000e+00	1.25250612e+00
5.00000000e+00	4.20384612e+00	2.67103573e+06	1.03961370e+05	1.19771841e+04	1.00000000e-09	1.19771841e+03	1.00000000e-10	1.15562258e+09	1.15149587e+00
5.10000000e+00	4.28792305e+00	2.71853353e+06	1.05810068e+05	1.62338925e+05	9.22287335e+01	1.62338925e+04	9.22287335e+00	1.56544264e+10	1.05863300e+00
5.20000000e+00	4.37199997e+00	2.76606315e+06	1.07660003e+05	1.00000000e-09	6.11228384e+01	1.00000000e-10	6.11228384e+00	-5.89745736e+06	9.73260072e-01
5.30000000e+00	4.45607689e+00	2.81361386e+06	1.09510760e+05	1.00000000e-09	1.00000000e-09	1.00000000e-10	1.00000000e-10	0.00000000e+00	8.94772759e-01
5.40000000e+00	4.54015381e+00	2.86060014e+06	1.11339548e+05	1.00000000e-09	1.00000000e-09	1.00000000e-10	1.00000000e-10	0.00000000e+00	8.22615544e-01
5.50000000e+00	4.62423074e+00	2.90716801e+06	1.13152050e+05	1.60857609e+05	1.35185357e+01	1.60857609e+04	1.35185357e+00	1.55190955e+10	7.56277766e-01
5.60000000e+00	4.70830766e+00	2.95374044e+06	1.14964731e+05	1.79220422e+04	5.49790919e+01	1.79220422e+03	5.49790919e+00	1.72390952e+09	6.95289988e-01
5.70000000e+00	4.79238458e+00	3.00033148e+06	1.16778135e+05	1.00000000e-09	1.23494440e+01	1.00000000e-10	1.23494440e+00	-1.19154021e+06	6.39220665e-01
5.80000000e+00	4.87646150e+00	3.04641641e+06	1.18571841e+05	1.00000000e-09	1.00000000e-09	1.00000000e-10	1.00000000e-10	0.00000000e+00	5.87673079e-01
5.90000000e+00	4.96053843e+00	3.09202990e+06	1.20347198e+05	1.56833690e+05	1.00000000e-09	1.56833690e+04	1.00000000e-10	1.51321507e+10	5.40282524e-01
6.00000000e+00	5.04461535e+00	3.13764339e+06	1.22122554e+05	3.89947117e+04	1.00000000e-09	3.89947117e+03	1.00000000e-10	3.76241771e+09	4.96713722e-01
6.10000000e+00	5.12869227e+00	3.18325688e+06	1.23897911e+05	1.00000000e-09	1.00000000e-09	1.00000000e-10	1.00000000e-10	0.00000000e+00	4.56658442e-01
6.20000000e+00	5.21276919e+00	3.22841118e+06	1.25655395e+05	1.00000000e-09	1.00000000e-09	1.00000000e-10	1.00000000e-10	0.00000000e+00	4.19833321e-01
6.30000000e+00	5.29684612e+00	3.27304423e+06	1.27392591e+05	1.50199341e+05	1.03972637e+02	1.50199341e+04	1.03972637e+01	1.44820015e+10	3.85977854e-01
6.40000000e+00	5.38092304e+00	3.31771104e+06	1.29131101e+05	5.96682022e+04	1.00000000e-09	5.96682022e+03	1.00000000e-10	5.75710630e+09	3.54852548e-01
6.50000000e+00	5.46499996e+00	3.36237784e+06	1.30869611e+05	1.00000000e-09	1.00000000e-09	1.00000000e-10	1.00000000e-10	0.00000000e+00	3.26237227e-01
6.60000000e+00	5.54907688e+00	3.40678959e+06	1.32598194e+05	1.00000000e-09	3.54698663e+01	1.00000000e-10	3.54698663e+00	-3.42232183e+06	2.99929475e-01
6.70000000e+00	5.63315381e+00	3.45061249e+06	1.34303858e+05	1.40752714e+05	5.84906088e+01	1.40752714e+04	5.84906088e+00	1.35749288e+10	2.75743201e-01
6.80000000e+00	5.71723073e+00	3.49445405e+06	1.36010248e+05	7.83450671e+04	1.00000000e-09	7.83450671e+03	1.00000000e-10	7.55914982e+09	2.53507323e-01
6.90000000e+00	5.80130765e+00	3.53829560e+06	1.37716637e+05	1.00000000e-09	1.00000000e-09	1.00000000e-10	1.00000000e-10	0.00000000e+00	2.33064554e-01
7.00000000e+00	5.88538457e+00	3.58195454e+06	1.39415919e+05	1.00000000e-09	6.44050060e+00	1.00000000e-10	6.44050060e-01	-6.21413839e+05	2.14270296e-01
7.10000000e+00	5.96946150e+00	3.62507341e+06	1.41094181e+05	1.29074083e+05	4.84106429e+01	1.29074083e+04	4.84106429e+00	1.24490849e+10	1.96991610e-01
7.20000000e+00	6.05353842e+00	3.66820747e+06	1.42773034e+05	9.55263329e+04	1.00000000e-09	9.55263329e+03	1.00000000e-10	9.21688996e+09	1.81106277e-01
7.30000000e+00	6.13761534e+00	3.71134153e+06	1.44451887e+05	1.00000000e-09	1.00000000e-09	1.00000000e-10	1.00000000e-10	0.00000000e+00	1.66501937e-01
7.40000000e+00	6.22169226e+00	3.75430022e+06	1.46123914e+05	1.00000000e-09	1.00000000e-09	1.00000000e-10	1.00000000e-10	0.00000000e+00	1.53075289e-01
7.50000000e+00	6.30576919e+00	3.79674605e+06	1.47775980e+05	1.15133928e+05	9.65230126e+00	1.15133928e+04	9.65230126e-01	1.11078039e+10	1.40731363e-01
7.60000000e+00	6.38984611e+00	3.83919485e+06	1.49428161e+05	1.11411890e+05	1.00000000e-09	1.11411890e+04	1.00000000e-10	1.07496132e+10	1.29382849e-01
7.70000000e+00	6.47392303e+00	3.88164366e+06	1.51080343e+05	1.00000000e-09	1.00000000e-09	1.00000000e-10	1.00000000e-10	0.00000000e+00	1.18949475e-01
7.80000000e+00	6.55799995e+00	3.92391093e+06	1.52725459e+05	1.00000000e-09	1.00329417e+00	1.00000000e-10	1.00329417e-01	-9.68031715e+04	1.09357445e-01
7.90000000e+00	6.64207688e+00	3.96566166e+06	1.54350470e+05	9.88634177e+04	1.03808246e+01	9.88634177e+03	1.03808246e+00	9.53786809e+09	1.00538914e-01
8.00000000e+00	6.72615380e+00	4.00741555e+06	1.55975604e+05	1.25768578e+05	1.00000000e-09	1.25768578e+04	1.00000000e-10	1.21348231e+10	9.24315047e-02
8.10000000e+00	6.81023072e+00	4.04916944e+06	1.57600738e+05	1.00000000e-09	1.00000000e-09	1.00000000e-10	1.00000000e-10	0.00000000e+00	8.49778740e-02
8.20000000e+00	6.89430764e+00	4.09072308e+06	1.59218078e+05	1.00000000e-09	1.00000000e-09	1.00000000e-10	1.00000000e-10	0.00000000e+00	7.81253008e-02
8.30000000e+00	6.97838457e+00	4.13173258e+06	1.60814240e+05	8.02236510e+04	1.05824599e+00	8.02236510e+03	1.05824599e-01	7.74030351e+09	7.18253161e-02
8.40000000e+00	7.06246149e+00	4.17274239e+06	1.62410413e+05	1.38397318e+05	4.80381399e-01	1.38397318e+04	4.80381399e-02	1.33532648e+10	6.60333593e-02
8.50000000e+00	7.14653841e+00	4.21375235e+06	1.64006592e+05	1.00000000e-09	1.37114768e-01	1.00000000e-10	1.37114768e-02	-1.32295639e+04	6.07084632e-02
8.60000000e+00	7.23061533e+00	4.25455807e+06	1.65594822e+05	1.00000000e-09	1.51953991e-01	1.00000000e-10	1.51953991e-02	-1.46613312e+04	5.58129641e-02
8.70000000e+00	7.31469226e+00	4.29476068e+06	1.67159578e+05	5.91141179e+04	3.67742114e-01	5.91141179e+03	3.67742114e-02	5.70360982e+09	5.13122357e-02
8.80000000e+00	7.39876918e+00	4.33496339e+06	1.68724338e+05	1.48788987e+05	3.92667760e-02	1.48788987e+04	3.92667760e-03	1.43559511e+10	4.71744438e-02
8.90000000e+00	7.48284610e+00	4.37516612e+06	1.70289098e+05	1.00000000e-09	1.00000000e-09	1.00000000e-10	1.00000000e-10	0.00000000e+00	4.33703214e-02
9.00000000e+00	7.56692302e+00	4.41518796e+06	1.71846818e+05	1.00000000e-09	1.00000000e-09	1.00000000e-10	1.00000000e-10	0.00000000e+00	3.98729614e-02
9.10000000e+00	7.65099995e+00	4.45451404e+06	1.73377457e+05	3.54212268e+04	1.36672907e-02	3.54212268e+03	1.36672907e-03	3.41762752e+09	3.66576268e-02
9.20000000e+00	7.73507687e+00	4.49384014e+06	1.74908098e+05	1.56238870e+05	1.00000000e-09	1.56238870e+04	1.00000000e-10	1.50747593e+10	3.37015752e-02
9.30000000e+00	7.81915379e+00	4.53316623e+06	1.76438738e+05	1.00000000e-09	1.00000000e-09	1.00000000e-10	1.00000000e-10	0.00000000e+00	3.09838980e-02
9.40000000e+00	7.90323071e+00	4.57237903e+06	1.77964968e+05	1.00000000e-09	1.19710001e-02	1.00000000e-10	1.19710001e-03	-1.15502582e+03	2.84853728e-02
9.50000000e+00	7.98730764e+00	4.61078337e+06	1.79459732e+05	9.14075134e+03	1.36901850e-02	9.14075134e+02	1.36901850e-03	8.81947108e+08	2.61883275e-02
9.60000000e+00	8.07138456e+00	4.64918772e+06	1.80954497e+05	1.59771197e+05	1.00000000e-09	1.59771197e+04	1.00000000e-10	1.54155770e+10	2.40765146e-02
9.70000000e+00	8.15546148e+00	4.68759207e+06	1.82449261e+05	1.54797144e+03	1.00000000e-09	1.54797144e+02	1.00000000e-10	1.49356539e+08	2.21349973e-02
9.80000000e+00	8.23953840e+00	4.72599641e+06	1.83944025e+05	1.00000000e-09	1.00000000e-09	1.00000000e-10	1.00000000e-10	0.00000000e+00	2.03500429e-02
9.90000000e+00	8.32361533e+00	4.76348309e+06	1.85403072e+05	1.00000000e-09	1.00000000e-09	1.00000000e-10	1.00000000e-10	0.00000000e+00	1.87090262e-02
1.00000000e+01	8.40769225e+00	4.80088323e+06	1.86858750e+05	1.58045913e+05	1.00000000e-09	1.58045913e+04	1.00000000e-10	1.52491124e+10	1.72003403e-02
1.01000000e+01	8.49176917e+00	4.83828337e+06	1.88314429e+05	3.03123743e+04	5.24613310e-03	3.03123743e+03	5.24613310e-04	2.92469900e+09	1.58133140e-02
1.02000000e+01	8.57584609e+00	4.87568350e+06	1.89770108e+05	1.00000000e-09	1.29426386e-03	1.00000000e-10	1.29426386e-04	-1.24877382e+02	1.45381368e-02
1.03000000e+01	8.65992302e+00	4.91208857e+06	1.91187056e+05	1.00000000e-09	1.00000000e-09	1.00000000e-10	1.00000000e-10	0.00000000e+00	1.33657892e-02
1.04000000e+01	8.74399994e+00	4.94820395e+06	1.92592730e+05	1.51396609e+05	1.00000000e-09	1.51396609e+04	1.00000000e-10	1.46075521e+10	1.22879791e-02
1.05000000e+01	8.82807686e+00	4.98431934e+06	1.93998404e+05	6.06517117e+04	1.31359138e-03	6.06517117e+03	1.31359138e-04	5.85200042e+09	1.12970830e-02
1.06000000e+01	8.91215378e+00	5.02043472e+06	1.95404078e+05	1.00000000e-09	9.25168288e-04	1.00000000e-10	9.25168288e-05	-8.92650730e+01	1.03860923e-02
1.07000000e+01	8.99623071e+00	5.05554119e+06	1.96770482e+05	1.00000000e-09	3.23220974e-06	1.00000000e-10	3.23220974e-07	-3.11764345e-01	9.54856333e-03
1.08000000e+01	9.08030763e+00	5.09010830e+06	1.98115895e+05	1.38920178e+05	1.00000000e-09	1.38920178e+04	1.00000000e-10	1.34037595e+10	8.77857228e-03
1.09000000e+01	9.16438455e+00	5.12467541e+06	1.99461307e+05	9.16154252e+04	1.00000000e-09	9.16154252e+03	1.00000000e-10	8.83954473e+09	8.07067289e-03
1.10000000e+01	9.24846147e+00	5.15924251e+06	2.00806719e+05	1.00000000e-09	1.00000000e-09	1.00000000e-10	1.00000000e-10	0.00000000e+00	7.41985814e-03
1.11000000e+01	9.33253840e+00	5.19287822e+06	2.02115879e+05	1.00000000e-09	5.74025704e-07	1.00000000e-10	5.74025704e-08	-5.52885753e-02	6.82152474e-03
1.12000000e+01	9.41661532e+00	5.22570178e+06	2.03393429e+05	1.19606206e+05	4.68025808e-08	1.19606206e+04	4.68025808e-09	1.15402446e+10	6.27144062e-03
1.13000000e+01	9.50069224e+00	5.25852534e+06	2.04670980e+05	1.21440330e+05	1.00000000e-09	1.21440330e+04	1.00000000e-10	1.17172105e+10	5.76571500e-03
1.14000000e+01	9.58476916e+00	5.29134891e+06	2.05948530e+05	1.00000000e-09	1.00000000e-09	1.00000000e-10	1.00000000e-10	0.00000000e+00	5.30077082e-03
1.15000000e+01	9.66884609e+00	5.32342593e+06	2.07197024e+05	1.00000000e-09	3.66323694e-07	1.00000000e-10	3.66323694e-08	-3.52483780e-02	4.87331949e-03
1.16000000e+01	9.75292301e+00	5.35443136e+06	2.08403809e+05	9.25535965e+04	1.11692551e-07	9.25535965e+03	1.11692551e-08	8.93006450e+09	4.48033760e-03
1.17000000e+01	9.83699993e+00	5.38543679e+06	2.09610595e+05	1.47339492e+05	1.00000000e-09	1.47339492e+04	1.00000000e-10	1.42160998e+10	4.11904557e-03
1.18000000e+01	9.92107685e+00	5.41644222e+06	2.10817380e+05	1.00000000e-09	1.00000000e-09	1.00000000e-10	1.00000000e-10	0.00000000e+00	3.78688794e-03
1.19000000e+01	1.00051538e+01	5.44696955e+06	2.12005557e+05	1.00000000e-09	2.87984575e-09	1.00000000e-10	2.87984575e-10	-1.81377541e-04	3.48151531e-03
1.20000000e+01	1.00892307e+01	5.47622206e+06	2.13144116e+05	5.73890436e+04	1.16909280e-09	5.73890436e+03	1.16909280e-10	5.53720093e+09	3.20076778e-03
1.21000000e+01	1.01733076e+01	5.50547456e+06	2.14282674e+05	1.65880518e+05	1.00000000e-09	1.65880518e+04	1.00000000e-10	1.60050369e+10	2.94265957e-03
1.22000000e+01	1.02573845e+01	5.53472706e+06	2.15421232e+05	1.00000000e-09	1.00000000e-09	1.00000000e-10	1.00000000e-10	0.00000000e+00	2.70536508e-03
1.23000000e+01	1.03414615e+01	5.56384355e+06	2.16554497e+05	1.00000000e-09	1.00000000e-09	1.00000000e-10	1.00000000e-10	0.00000000e+00	2.48720588e-03
1.24000000e+01	1.04255384e+01	5.59158528e+06	2.17634254e+05	1.50141507e+04	1.00000000e-09	1.50141507e+03	1.00000000e-10	1.44864532e+09	2.28663893e-03
1.25000000e+01	1.05096153e+01	5.61932291e+06	2.18713851e+05	1.73129741e+05	1.00000000e-09	1.73129741e+04	1.00000000e-10	1.67044806e+10	2.10224558e-03
1.26000000e+01	1.05936922e+01	5.64706054e+06	2.19793447e+05	1.02236732e+03	1.00000000e-09	1.02236732e+02	1.00000000e-10	9.86434505e+07	1.93272162e-03
1.27000000e+01	1.06777692e+01	5.67479817e+06	2.20873044e+05	1.00000000e-09	1.00000000e-09	1.00000000e-10	1.00000000e-10	0.00000000e+00	1.77686798e-03
1.28000000e+01	1.07618461e+01	5.70120206e+06	2.21900730e+05	1.00000000e-09	1.00000000e-09	1.00000000e-10	1.00000000e-10	0.00000000e+00	1.63358230e-03
1.29000000e+01	1.08459230e+01	5.72721654e+06	2.22913259e+05	1.68209643e+05	1.00000000e-09	1.68209643e+04	1.00000000e-10	1.62297633e+10	1.50185109e-03
1.30000000e+01	1.09299999e+01	5.75323103e+06	2.23925788e+05	4.88157134e+04	1.00000000e-09	4.88157134e+03	1.00000000e-10	4.71000032e+09	1.38074262e-03
1.31000000e+01	1.10140768e+01	5.77924552e+06	2.24938317e+05	1.00000000e-09	1.00000000e-09	1.00000000e-10	1.00000000e-10	0.00000000e+00	1.26940027e-03
1.32000000e+01	1.10981538e+01	5.80407620e+06	2.25904771e+05	1.00000000e-09	1.00000000e-09	1.00000000e-10	1.00000000e-10	0.00000000e+00	1.16703651e-03
1.33000000e+01	1.11822307e+01	5.82815182e+06	2.26841836e+05	1.50938078e+05	1.00000000e-09	1.50938078e+04	1.00000000e-10	1.45633105e+10	1.07292731e-03
1.34000000e+01	1.12663076e+01	5.85222744e+06	2.27778901e+05	9.76451879e+04	1.00000000e-09	9.76451879e+03	1.00000000e-10	9.42132838e+09	9.86407027e-04
1.35000000e+01	1.13503845e+01	5.87630306e+06	2.28715966e+05	1.00000000e-09	1.00000000e-09	1.00000000e-10	1.00000000e-10	0.00000000e+00	9.06863691e-04
1.36000000e+01	1.14344615e+01	5.89945338e+06	2.29617017e+05	1.00000000e-09	1.00000000e-09	1.00000000e-10	1.00000000e-10	0.00000000e+00	8.33734687e-04
1.37000000e+01	1.15185384e+01	5.92156425e+06	2.30477611e+05	1.18897030e+05	1.00000000e-09	1.18897030e+04	1.00000000e-10	1.14718194e+10	7.66502767e-04
1.38000000e+01	1.16026153e+01	5.94367512e+06	2.31338205e+05	1.42266894e+05	1.00000000e-09	1.42266894e+04	1.00000000e-10	1.37266685e+10	7.04692393e-04
1.39000000e+01	1.16866922e+01	5.96578600e+06	2.32198798e+05	1.00000000e-09	1.00000000e-09	1.00000000e-10	1.00000000e-10	0.00000000e+00	6.47866374e-04
1.40000000e+01	1.17707691e+01	5.98731392e+06	2.33036703e+05	1.00000000e-09	1.00000000e-09	1.00000000e-10	1.00000000e-10	0.00000000e+00	5.95622776e-04
1.41000000e+01	1.18548461e+01	6.00765799e+06	2.33828529e+05	7.08945999e+04	1.00000000e-09	7.08945999e+03	1.00000000e-10	6.84028902e+09	5.47592073e-04
1.42000000e+01	1.19389230e+01	6.02800205e+06	2.34620356e+05	1.74950782e+05	1.00000000e-09	1.74950782e+04	1.00000000e-10	1.68801843e+10	5.03434541e-04
1.43000000e+01	1.20229999e+01	6.04834611e+06	2.35412182e+05	1.00000000e-09	1.00000000e-09	1.00000000e-10	1.00000000e-10	0.00000000e+00	4.62837848e-04
1.44000000e+01	1.21070768e+01	6.06848567e+06	2.36196049e+05	1.00000000e-09	1.00000000e-09	1.00000000e-10	1.00000000e-10	0.00000000e+00	4.25514851e-04
1.45000000e+01	1.21911538e+01	6.08741117e+06	2.36932662e+05	8.55366893e+03	1.00000000e-09	8.55366893e+02	1.00000000e-10	8.25303588e+08	3.91201561e-04
1.46000000e+01	1.22752307e+01	6.10633666e+06	2.37669275e+05	1.86986919e+05	1.00000000e-09	1.86986919e+04	1.00000000e-10	1.80414950e+10	3.59655276e-04
1.47000000e+01	1.23593076e+01	6.12526215e+06	2.38405889e+05	1.68310119e+04	1.00000000e-09	1.68310119e+03	1.00000000e-10	1.62394577e+09	3.30652866e-04
1.48000000e+01	1.24433845e+01	6.14418765e+06	2.39142502e+05	1.00000000e-09	1.00000000e-09	1.00000000e-10	1.00000000e-10	0.00000000e+00	3.03989196e-04
1.49000000e+01	1.25274615e+01	6.16198322e+06	2.39835136e+05	1.00000000e-09	1.00000000e-09	1.00000000e-10	1.00000000e-10	0.00000000e+00	2.79475669e-04
1.50000000e+01	1.26115384e+01	6.17948104e+06	2.40516182e+05	1.73849007e+05	1.00000000e-09	1.73849007e+04	1.00000000e-10	1.67738792e+10	2.56938901e-04
1.51000000e+01	1.26956153e+01	6.19697887e+06	2.41197228e+05	8.80575179e+04	1.00000000e-09	8.80575179e+03	1.00000000e-10	8.49625886e+09	2.36219485e-04
1.52000000e+01	1.27796922e+01	6.21447669e+06	2.41878274e+05	1.00000000e-09	1.00000000e-09	1.00000000e-10	1.00000000e-10	0.00000000e+00	2.17170872e-04
1.53000000e+01	1.28637691e+01	6.23102160e+06	2.42522231e+05	1.00000000e-09	1.00000000e-09	1.00000000e-10	1.00000000e-10	0.00000000e+00	1.99658328e-04
1.54000000e+01	1.29478461e+01	6.24703576e+06	2.43145530e+05	1.35310635e+05	1.00000000e-09	1.35310635e+04	1.00000000e-10	1.30554915e+10	1.83557987e-04
1.55000000e+01	1.30319230e+01	6.26304992e+06	2.43768829e+05	1.56122612e+05	1.00000000e-09	1.56122612e+04	1.00000000e-10	1.50635421e+10	1.68755969e-04
1.56000000e+01	1.31159999e+01	6.27906407e+06	2.44392128e+05	1.00000000e-09	1.00000000e-09	1.00000000e-10	1.00000000e-10	0.00000000e+00	1.55147578e-04
1.57000000e+01	1.32000768e+01	6.29434733e+06	2.44986978e+05	1.00000000e-09	1.00000000e-09	1.00000000e-10	1.00000000e-10	0.00000000e+00	1.42636560e-04
1.58000000e+01	1.32841538e+01	6.30894491e+06	2.45555142e+05	6.77159392e+04	1.00000000e-09	6.77159392e+03	1.00000000e-10	6.53359488e+09	1.31134424e-04
1.59000000e+01	1.33682307e+01	6.32354249e+06	2.46123305e+05	2.07574381e+05	1.00000000e-09	2.07574381e+04	1.00000000e-10	2.00278831e+10	1.20559814e-04
1.60000000e+01	1.34523076e+01	6.33814007e+06	2.46691469e+05	1.00000000e-09	1.00000000e-09	1.00000000e-10	1.00000000e-10	0.00000000e+00	1.10837935e-04
1.61000000e+01	1.35363845e+01	6.35225526e+06	2.47240856e+05	1.00000000e-09	1.00000000e-09	1.00000000e-10	1.00000000e-10	0.00000000e+00	1.01900023e-04
1.62000000e+01	1.36204614e+01	6.36558839e+06	2.47759805e+05	1.00000000e-09	1.00000000e-09	1.00000000e-10	1.00000000e-10	0.00000000e+00	9.36828597e-05
1.63000000e+01	1.37045384e+01	6.37892152e+06	2.48278754e+05	2.24635810e+05	1.00000000e-09	2.24635810e+04	1.00000000e-10	2.16740607e+10	8.61283240e-05
1.64000000e+01	1.37886153e+01	6.39225466e+06	2.48797702e+05	7.11941008e+04	1.00000000e-09	7.11941008e+03	1.00000000e-10	6.86918646e+09	7.91829819e-05
1.65000000e+01	1.38726922e+01	6.40530672e+06	2.49305711e+05	1.00000000e-09	1.00000000e-09	1.00000000e-10	1.00000000e-10	0.00000000e+00	7.27977085e-05
1.66000000e+01	1.39567691e+01	6.41748487e+06	2.49779706e+05	1.00000000e-09	1.00000000e-09	1.00000000e-10	1.00000000e-10	0.00000000e+00	6.69273402e-05
1.67000000e+01	1.40408461e+01	6.42966302e+06	2.50253701e+05	1.91309370e+05	1.00000000e-09	1.91309370e+04	1.00000000e-10	1.84585481e+10	6.15303552e-05
1.68000000e+01	1.41249230e+01	6.44184118e+06	2.50727696e+05	1.83708408e+05	1.00000000e-09	1.83708408e+04	1.00000000e-10	1.77251667e+10	5.65685802e-05
1.69000000e+01	1.42089999e+01	6.45393086e+06	2.51198248e+05	1.00000000e-09	1.00000000e-09	1.00000000e-10	1.00000000e-10	0.00000000e+00	5.20069201e-05
1.70000000e+01	1.42930768e+01	6.46507505e+06	2.51631999e+05	1.00000000e-09	1.00000000e-09	1.00000000e-10	1.00000000e-10	0.00000000e+00	4.78131098e-05
1.71000000e+01	1.43771537e+01	6.47621924e+06	2.52065751e+05	9.59803023e+04	1.00000000e-09	9.59803023e+03	1.00000000e-10	9.26069134e+09	4.39574862e-05
1.72000000e+01	1.44612307e+01	6.48736344e+06	2.52499502e+05	2.81331441e+05	1.00000000e-09	2.81331441e+04	1.00000000e-10	2.71443575e+10	4.04127779e-05
1.73000000e+01	1.45453076e+01	6.49850763e+06	2.52933254e+05	1.00000000e-09	1.00000000e-09	1.00000000e-10	1.00000000e-10	0.00000000e+00	3.71539131e-05
1.74000000e+01	1.46293845e+01	6.50861467e+06	2.53326637e+05	1.00000000e-09	1.00000000e-09	1.00000000e-10	1.00000000e-10	0.00000000e+00	3.41578414e-05
1.75000000e+01	1.47134614e+01	6.51833114e+06	2.53704819e+05	1.00000000e-09	1.00000000e-09	1.00000000e-10	1.00000000e-10	0.00000000e+00	3.14033713e-05
1.76000000e+01	1.47975384e+01	6.52804761e+06	2.54083001e+05	3.28424776e+05	1.00000000e-09	3.28424776e+04	1.00000000e-10	3.16881736e+10	2.88710202e-05
1.77000000e+01	1.48816153e+01	6.53776408e+06	2.54461183e+05	1.57637946e+05	1.00000000e-09	1.57637946e+04	1.00000000e-10	1.52097495e+10	2.65428765e-05
1.78000000e+01	1.49656922e+01	6.54648196e+06	2.54800498e+05	1.00000000e-09	1.00000000e-09	1.00000000e-10	1.00000000e-10	0.00000000e+00	2.44024731e-05
1.79000000e+01	1.50497691e+01	6.55428228e+06	2.55104100e+05	1.00000000e-09	1.00000000e-09	1.00000000e-10	1.00000000e-10	0.00000000e+00	2.24346707e-05
1.80000000e+01	1.51338460e+01	6.56208260e+06	2.55407702e+05	2.44814315e+05	1.00000000e-09	2.44814315e+04	1.00000000e-10	2.36209905e+10	2.06255509e-05
1.81000000e+01	1.52179230e+01	6.56988293e+06	2.55711305e+05	4.06037749e+05	1.00000000e-09	4.06037749e+04	1.00000000e-10	3.91766870e+10	1.89623175e-05
1.82000000e+01	1.53019999e+01	6.57710602e+06	2.55992440e+05	1.00000000e-09	1.00000000e-09	1.00000000e-10	1.00000000e-10	0.00000000e+00	1.74332063e-05
1.83000000e+01	1.53860768e+01	6.58286146e+06	2.56216452e+05	1.00000000e-09	1.00000000e-09	1.00000000e-10	1.00000000e-10	0.00000000e+00	1.60274019e-05
1.84000000e+01	1.54701537e+01	6.58861690e+06	2.56440463e+05	1.00000000e-09	1.00000000e-09	1.00000000e-10	1.00000000e-10	0.00000000e+00	1.47349607e-05
1.85000000e+01	1.55542307e+01	6.59437233e+06	2.56664475e+05	5.80399433e+05	1.00000000e-09	5.80399433e+04	1.00000000e-10	5.60000320e+10	1.35467414e-05
1.86000000e+01	1.56383076e+01	6.60012777e+06	2.56888487e+05	4.04628030e+05	1.00000000e-09	4.04628030e+04	1.00000000e-10	3.90406699e+10	1.24543394e-05
1.87000000e+01	1.57223845e+01	6.60426303e+06	2.57049438e+05	1.00000000e-09	1.00000000e-09	1.00000000e-10	1.00000000e-10	0.00000000e+00	1.14500281e-05
1.88000000e+01	1.58064614e+01	6.60759059e+06	2.57178953e+05	1.00000000e-09	1.00000000e-09	1.00000000e-10	1.00000000e-10	0.00000000e+00	1.05267039e-05
1.89000000e+01	1.58905384e+01	6.61091814e+06	2.57308467e+05	1.00000000e-09	1.00000000e-09	1.00000000e-10	1.00000000e-10	0.00000000e+00	9.67783615e-06
1.90000000e+01	1.59746153e+01	6.61424570e+06	2.57437981e+05	9.54048363e+05	1.00000000e-09	9.54048363e+04	1.00000000e-10	9.20516731e+10	8.89742061e-06
1.91000000e+01	1.60586922e+01	6.61662204e+06	2.57530472e+05	1.15884853e+06	1.00000000e-09	1.15884853e+05	1.00000000e-10	1.11811885e+11	8.17993736e-06
1.92000000e+01	1.61427691e+01	6.61730762e+06	2.57557156e+05	3.38214097e+05	1.00000000e-09	3.38214097e+04	1.00000000e-10	3.26326994e+10	7.52031158e-06
1.93000000e+01	1.62268460e+01	6.61799320e+06	2.57583840e+05	1.08628021e+05	1.00000000e-09	1.08628021e+04	1.00000000e-10	1.04810107e+10	6.91387767e-06
1.94000000e+01	1.63109230e+01	6.61867878e+06	2.57610524e+05	6.88755850e+04	1.00000000e-09	6.88755850e+03	1.00000000e-10	6.64548369e+09	6.35634627e-06
1.95000000e+01	1.63949999e+01	6.61936436e+06	2.57637209e+05	1.49487148e+05	1.77313204e+02	1.49487148e+04	1.77313204e+01	1.44062090e+10	5.84377390e-06
1.96000000e+01	1.64790768e+01	6.61829363e+06	2.57595534e+05	4.49025382e+04	5.38998116e+02	4.49025382e+03	5.38998116e+01	4.28043090e+09	5.37253509e-06
1.97000000e+01	1.65631537e+01	6.61633423e+06	2.57519270e+05	1.00000000e-09	6.09865215e+02	1.00000000e-10	6.09865215e+01	-5.88430478e+07	4.93929673e-06
1.98000000e+01	1.66472307e+01	6.61437483e+06	2.57443007e+05	1.00000000e-09	2.60686542e+02	1.00000000e-10	2.60686542e+01	-2.51524275e+07	4.54099448e-06
1.99000000e+01	1.67313076e+01	6.61241543e+06	2.57366744e+05	3.13405434e+04	1.00000000e-09	3.13405434e+03	1.00000000e-10	3.02390274e+09	4.17481111e-06
2.00000000e+01	1.68153845e+01	6.60964781e+06	2.57259023e+05	5.08895671e+04	1.00000000e-09	5.08895671e+03	1.00000000e-10	4.91009679e+09	3.83815657e-06
2.01000000e+01	1.68994614e+01	6.60510275e+06	2.57082121e+05	1.00000000e-09	1.00000000e-09	1.00000000e-10	1.00000000e-10	0.00000000e+00	3.52864967e-06
2.02000000e+01	1.69835383e+01	6.60055769e+06	2.56905220e+05	1.00000000e-09	3.87164357e+02	1.00000000e-10	3.87164357e+01	-3.73556816e+07	3.24410125e-06
2.03000000e+01	1.70676153e+01	6.59601262e+06	2.56728318e+05	1.00000000e-09	3.00628643e+02	1.00000000e-10	3.00628643e+01	-2.90062544e+07	2.98249865e-06
2.04000000e+01	1.71516922e+01	6.59146756e+06	2.56551416e+05	3.03626535e+04	1.00000000e-09	3.03626535e+03	1.00000000e-10	2.92955070e+09	2.74199155e-06
2.05000000e+01	1.72357691e+01	6.58552085e+06	2.56319960e+05	2.46374167e+04	1.00000000e-09	2.46374167e+03	1.00000000e-10	2.37714933e+09	2.52087882e-06
2.06000000e+01	1.73198460e+01	6.57819459e+06	2.56034809e+05	1.00000000e-09	6.28289222e+01	1.00000000e-10	6.28289222e+00	-6.06206942e+06	2.31759650e-06
2.07000000e+01	1.74039230e+01	6.57086833e+06	2.55749658e+05	1.00000000e-09	3.45653948e+02	1.00000000e-10	3.45653948e+01	-3.33505359e+07	2.13070675e-06
2.08000000e+01	1.74879999e+01	6.56354207e+06	2.55464508e+05	1.00000000e-09	5.83890501e+01	1.00000000e-10	5.83890501e+00	-5.63368689e+06	1.95888770e-06
2.09000000e+01	1.75720768e+01	6.55621582e+06	2.55179357e+05	2.16938298e+04	1.00000000e-09	2.16938298e+03	1.00000000e-10	2.09313637e+09	1.80092404e-06
2.10000000e+01	1.76561537e+01	6.54745940e+06	2.54838542e+05	1.49955700e+04	1.00000000e-09	1.49955700e+03	1.00000000e-10	1.44685256e+09	1.65569849e-06
2.11000000e+01	1.77402306e+01	6.53757904e+06	2.54453981e+05	1.00000000e-09	2.50672585e+02	1.00000000e-10	2.50672585e+01	-2.41862277e+07	1.52218384e-06
2.12000000e+01	1.78243076e+01	6.52769868e+06	2.54069420e+05	1.00000000e-09	2.09448375e+02	1.00000000e-10	2.09448375e+01	-2.02086961e+07	1.39943575e-06
2.13000000e+01	1.79083845e+01	6.51781831e+06	2.53684859e+05	1.00000000e-09	1.00000000e-09	1.00000000e-10	1.00000000e-10	0.00000000e+00	1.28658600e-06
2.14000000e+01	1.79924614e+01	6.50793795e+06	2.53300298e+05	1.04116574e+04	1.00000000e-09	1.04116574e+03	1.00000000e-10	1.00457222e+09	1.18283639e-06
2.15000000e+01	1.80765383e+01	6.49720446e+06	2.52882532e+05	1.50241715e+04	1.18264872e+02	1.50241715e+03	1.18264872e+01	1.43820135e+09	1.08745310e-06
2.16000000e+01	1.81606153e+01	6.48512300e+06	2.52412301e+05	2.67104469e+03	2.56558767e+02	2.67104469e+02	2.56558767e+01	2.32962476e+08	9.99761460e-07
2.17000000e+01	1.82446922e+01	6.47278677e+06	2.51932153e+05	1.00000000e-09	1.00000000e-09	1.00000000e-10	1.00000000e-10	0.00000000e+00	9.19141229e-07
2.18000000e+01	1.83287691e+01	6.46045054e+06	2.51452005e+05	1.00000000e-09	1.00000000e-09	1.00000000e-10	1.00000000e-10	0.00000000e+00	8.45022171e-07
2.19000000e+01	1.84128460e+01	6.44811431e+06	2.50971858e+05	1.00000000e-09	6.24957186e+00	1.00000000e-10	6.24957186e-01	-6.02992016e+05	7.76880034e-07
2.20000000e+01	1.84969229e+01	6.43577808e+06	2.50491710e+05	1.00000000e-09	2.70854089e+02	1.00000000e-10	2.70854089e+01	-2.61334468e+07	7.14232843e-07
2.21000000e+01	1.85809999e+01	6.42344185e+06	2.50011563e+05	1.10743634e+04	5.01610154e+01	1.10743634e+03	5.01610154e+00	1.06367383e+09	6.56637488e-07
2.22000000e+01	1.86650768e+01	6.40999589e+06	2.49488222e+05	2.12900672e+04	1.00000000e-09	2.12900672e+03	1.00000000e-10	2.05417920e+09	6.03686592e-07
2.23000000e+01	1.87491537e+01	6.39415261e+06	2.48871574e+05	1.51134281e+04	1.00000000e-09	1.51134281e+03	1.00000000e-10	1.45822413e+09	5.55005627e-07
2.24000000e+01	1.88332306e+01	6.37637619e+06	2.48179685e+05	4.41990829e+03	2.01181033e+02	4.41990829e+02	2.01181033e+01	4.07045301e+08	5.10250270e-07
2.25000000e+01	1.89173076e+01	6.35799478e+06	2.47464248e+05	1.69355712e+03	1.06758736e+02	1.69355712e+02	1.06758736e+01	1.53102769e+08	4.69103960e-07
2.26000000e+01	1.90013845e+01	6.33937651e+06	2.46739593e+05	1.72754323e+03	1.00000000e-09	1.72754323e+02	1.00000000e-10	1.66682583e+08	4.31275667e-07
2.27000000e+01	1.90854614e+01	6.32051370e+06	2.46005419e+05	4.42536479e+03	1.00000000e-09	4.42536479e+02	1.00000000e-10	4.26982792e+08	3.96497828e-07
2.28000000e+01	1.91695383e+01	6.30101061e+06	2.45246325e+05	3.98987663e+03	1.60671106e+02	3.98987663e+02	1.60671106e+01	3.69462167e+08	3.64524455e-07
2.29000000e+01	1.92536153e+01	6.28091284e+06	2.44464085e+05	6.26311075e-06	1.47097711e+02	6.26311075e-07	1.47097711e+01	-1.41927709e+07	3.35129397e-07
2.30000000e+01	1.93376922e+01	6.26081506e+06	2.43681844e+05	1.00000000e-09	1.00000000e-09	1.00000000e-10	1.00000000e-10	0.00000000e+00	3.08104742e-07
2.31000000e+01	1.94217691e+01	6.24071730e+06	2.42899604e+05	3.12917987e-06	1.00000000e-09	3.12917987e-07	1.00000000e-10	3.01823474e-01	2.83259340e-07
2.32000000e+01	1.95058460e+01	6.22061959e+06	2.42117366e+05	1.95214416e+03	1.19956416e+02	1.95214416e+02	1.19956416e+01	1.76779243e+08	2.60417458e-07
2.33000000e+01	1.95899229e+01	6.20022507e+06	2.41323576e+05	2.52804204e+03	1.73942412e+02	2.52804204e+02	1.73942412e+01	2.27136084e+08	2.39417533e-07
2.34000000e+01	1.96739999e+01	6.17944044e+06	2.40514602e+05	1.32439310e+02	1.00000000e-09	1.32439310e+01	1.00000000e-10	1.27784508e+07	2.20111031e-07
2.35000000e+01	1.97580768e+01	6.15863618e+06	2.39704864e+05	1.00000000e-09	1.00000000e-09	1.00000000e-10	1.00000000e-10	0.00000000e+00	2.02361395e-07
2.36000000e+01	1.98421537e+01	6.13783264e+06	2.38895154e+05	1.00000000e-09	7.24537513e+01	1.00000000e-10	7.24537513e+00	-6.99072425e+06	1.86043080e-07
2.37000000e+01	1.99262306e+01	6.11702911e+06	2.38085444e+05	9.30309412e+02	2.09810495e+02	9.30309412e+01	2.09810495e+01	6.95175774e+07	1.71040665e-07
2.38000000e+01	2.00103076e+01	6.09607985e+06	2.37270062e+05	1.86131200e+03	1.00000000e-09	1.86131200e+02	1.00000000e-10	1.79589306e+08	1.57248037e-07
2.39000000e+01	2.00943845e+01	6.07483610e+06	2.36443219e+05	3.80445625e+02	1.00000000e-09	3.80445625e+01	1.00000000e-10	3.67074225e+07	1.44567640e-07
2.40000000e+01	2.01784614e+01	6.05353169e+06	2.35614014e+05	1.00000000e-09	2.04605646e+01	1.00000000e-10	2.04605646e+00	-1.97414437e+06	1.32909782e-07
2.41000000e+01	2.02625383e+01	6.03222790e+06	2.34784833e+05	1.00000000e-09	2.06784054e+02	1.00000000e-10	2.06784054e+01	-1.99516281e+07	1.22192009e-07
2.42000000e+01	2.03466152e+01	6.01092482e+06	2.33955680e+05	3.09395676e+02	1.00000000e-09	3.09395676e+01	1.00000000e-10	2.98521445e+07	1.12338510e-07
2.43000000e+01	2.04306922e+01	5.98957229e+06	2.33124602e+05	1.30098545e+03	1.00000000e-09	1.30098545e+02	1.00000000e-10	1.25526014e+08	1.03279593e-07
2.44000000e+01	2.05147691e+01	5.96801061e+06	2.32285384e+05	6.07044562e+02	1.00000000e-09	6.07044562e+01	1.00000000e-10	5.85708961e+07	9.49511815e-08
2.45000000e+01	2.05988460e+01	5.94635069e+06	2.31442342e+05	1.00000000e-09	2.03652040e+02	1.00000000e-10	2.03652040e+01	-1.96494347e+07	8.72943689e-08
2.46000000e+01	2.06829229e+01	5.92469119e+06	2.30599317e+05	1.00000000e-09	3.81630767e+01	1.00000000e-10	3.81630767e+00	-3.68217713e+06	8.02549976e-08
2.47000000e+01	2.07669999e+01	5.90303233e+06	2.29756316e+05	1.00000000e-09	1.00000000e-09	1.00000000e-10	1.00000000e-10	0.00000000e+00	7.37832774e-08
2.48000000e+01	2.08510768e+01	5.88137347e+06	2.28913315e+05	7.74016126e+02	1.00000000e-09	7.74016126e+01	1.00000000e-10	7.46812029e+07	6.78334333e-08
2.49000000e+01	2.09351537e+01	5.85958873e+06	2.28065415e+05	7.87733004e+02	1.98817511e+02	7.87733004e+01	1.98817511e+01	5.68217069e+07	6.23633815e-08
2.50000000e+01	2.10192306e+01	5.83767517e+06	2.27212501e+05	1.00000000e-09	8.57092990e+01	1.00000000e-10	8.57092990e+00	-8.26969018e+06	5.73344317e-08
2.51000000e+01	2.11033075e+01	5.81576210e+06	2.26359607e+05	1.00000000e-09	1.00000000e-09	1.00000000e-10	1.00000000e-10	0.00000000e+00	5.27110137e-08
2.52000000e+01	2.11873845e+01	5.79384950e+06	2.25506730e+05	1.00000000e-09	1.00000000e-09	1.00000000e-10	1.00000000e-10	0.00000000e+00	4.84604257e-08
2.53000000e+01	2.12714614e+01	5.77193690e+06	2.24653853e+05	1.93303233e+02	1.81656474e+02	1.93303233e+01	1.81656474e+01	1.12374139e+06	4.45526029e-08
2.54000000e+01	2.13555383e+01	5.74999258e+06	2.23799742e+05	8.46551946e+02	1.35728778e+02	8.46551946e+01	1.35728778e+01	6.85840094e+07	4.09599048e-08
2.55000000e+01	2.14396152e+01	5.72790887e+06	2.22940206e+05	4.90859898e+02	1.00000000e-09	4.90859898e+01	1.00000000e-10	4.73607802e+07	3.76569199e-08
2.56000000e+01	2.15236922e+01	5.70574447e+06	2.22077528e+05	1.00000000e-09	1.00000000e-09	1.00000000e-10	1.00000000e-10	0.00000000e+00	3.46202860e-08
2.57000000e+01	2.16077691e+01	5.68358021e+06	2.21214857e+05	1.00000000e-09	1.44574854e+02	1.00000000e-10	1.44574854e+01	-1.39493528e+07	3.18285246e-08
2.58000000e+01	2.16918460e+01	5.66141596e+06	2.20352185e+05	1.00000000e-09	1.77932467e+02	1.00000000e-10	1.77932467e+01	-1.71678732e+07	2.92618894e-08
2.59000000e+01	2.17759229e+01	5.63925170e+06	2.19489514e+05	5.65107432e+02	1.00000000e-09	5.65107432e+01	1.00000000e-10	5.45245782e+07	2.69022262e-08
2.60000000e+01	2.18599998e+01	5.61699397e+06	2.18623204e+05	7.69422614e+02	1.00000000e-09	7.69422614e+01	1.00000000e-10	7.42379964e+07	2.47328451e-08
2.61000000e+01	2.19440768e+01	5.59460824e+06	2.17751913e+05	1.08646281e+02	9.56074765e+01	1.08646281e+01	9.56074765e+00	1.25805339e+06	2.27384017e-08
2.62000000e+01	2.20281537e+01	5.57220433e+06	2.16879913e+05	1.00000000e-09	2.07073183e+02	1.00000000e-10	2.07073183e+01	-1.99795248e+07	2.09047891e-08
2.63000000e+01	2.21122306e+01	5.54980041e+06	2.16007914e+05	1.00000000e-09	1.00000000e-09	1.00000000e-10	1.00000000e-10	0.00000000e+00	1.92190381e-08
2.64000000e+01	2.21963075e+01	5.52739660e+06	2.15135918e+05	1.00000000e-09	1.00000000e-09	1.00000000e-10	1.00000000e-10	0.00000000e+00	1.76692251e-08
2.65000000e+01	2.22803845e+01	5.50499327e+06	2.14263941e+05	5.50625355e+02	4.09023698e+01	5.50625355e+01	4.09023698e+00	4.91807915e+07	1.62443882e-08
2.66000000e+01	2.23644614e+01	5.48249759e+06	2.13388370e+05	5.65011401e+02	2.19879626e+02	5.65011401e+01	2.19879626e+01	3.33001539e+07	1.49344494e-08
2.67000000e+01	2.24485383e+01	5.45990674e+06	2.12509095e+05	7.07761277e+01	1.00000000e-09	7.07761277e+00	1.00000000e-10	6.82885818e+06	1.37301434e-08
2.68000000e+01	2.25326152e+01	5.43730395e+06	2.11629355e+05	1.00000000e-09	1.00000000e-09	1.00000000e-10	1.00000000e-10	0.00000000e+00	1.26229520e-08
2.69000000e+01	2.26166921e+01	5.41470156e+06	2.10749631e+05	1.00000000e-09	1.00000000e-09	1.00000000e-10	1.00000000e-10	0.00000000e+00	1.16050438e-08
2.70000000e+01	2.27007691e+01	5.39209940e+06	2.09869915e+05	1.00000000e-09	2.17064833e+02	1.00000000e-10	2.17064833e+01	-2.09435725e+07	1.06692193e-08
2.71000000e+01	2.27848460e+01	5.36949723e+06	2.08990199e+05	2.80114216e+02	3.91780645e+01	2.80114216e+01	3.91780645e+00	2.32468046e+07	9.80885916e-09
2.72000000e+01	2.28689229e+01	5.34684772e+06	2.08108641e+05	5.92494026e+02	1.00000000e-09	5.92494026e+01	1.00000000e-10	5.71669829e+07	9.01787799e-09
2.73000000e+01	2.29529998e+01	5.32409803e+06	2.07223183e+05	3.69988294e+02	1.00000000e-09	3.69988294e+01	1.00000000e-10	3.56984434e+07	8.29068113e-09
2.74000000e+01	2.30370768e+01	5.30128573e+06	2.06335289e+05	1.00000000e-09	1.99945603e+02	1.00000000e-10	1.99945603e+01	-1.92918179e+07	7.62212503e-09
2.75000000e+01	2.31211537e+01	5.27847343e+06	2.05447394e+05	1.00000000e-09	8.88305066e+01	1.00000000e-10	8.88305066e+00	-8.57084093e+06	7.00748093e-09
2.76000000e+01	2.32052306e+01	5.25566113e+06	2.04559500e+05	1.00000000e-09	1.00000000e-09	1.00000000e-10	1.00000000e-10	0.00000000e+00	6.44240141e-09
2.77000000e+01	2.32893075e+01	5.23284895e+06	2.03671610e+05	1.00000000e-09	1.00000000e-09	1.00000000e-10	1.00000000e-10	0.00000000e+00	5.92288960e-09
2.78000000e+01	2.33733845e+01	5.21003717e+06	2.02783735e+05	4.45920239e+02	1.72457776e+02	4.45920239e+01	1.72457776e+01	2.63851166e+07	5.44527095e-09
2.79000000e+01	2.34574614e+01	5.18714930e+06	2.01892900e+05	5.56123453e+02	1.30687363e+02	5.56123453e+01	1.30687363e+01	4.10483424e+07	5.00616720e-09
2.80000000e+01	2.35415383e+01	5.16416623e+06	2.00998359e+05	3.22605401e+02	1.00000000e-09	3.22605401e+01	1.00000000e-10	3.11266893e+07	4.60247255e-09
2.81000000e+01	2.36256152e+01	5.14112775e+06	2.00101661e+05	1.00000000e-09	1.00000000e-09	1.00000000e-10	1.00000000e-10	0.00000000e+00	4.23133162e-09
2.82000000e+01	2.37096921e+01	5.11808963e+06	1.99204977e+05	1.00000000e-09	1.36250024e+02	1.00000000e-10	1.36250024e+01	-1.31461288e+07	3.89011930e-09
2.83000000e+01	2.37937691e+01	5.09505159e+06	1.98308296e+05	1.00000000e-09	1.62117587e+02	1.00000000e-10	1.62117587e+01	-1.56419692e+07	3.57642216e-09
2.84000000e+01	2.38778460e+01	5.07201354e+06	1.97411615e+05	1.00000000e-09	1.00000000e-09	1.00000000e-10	1.00000000e-10	0.00000000e+00	3.28802138e-09
2.85000000e+01	2.39619229e+01	5.04897550e+06	1.96514934e+05	1.00000000e-09	1.00000000e-09	1.00000000e-10	1.00000000e-10	0.00000000e+00	3.02287709e-09
2.86000000e+01	2.40459998e+01	5.02593778e+06	1.95618266e+05	3.20302069e+02	9.46436947e+01	3.20302069e+01	9.46436947e+00	2.17727232e+07	2.77911390e-09
2.87000000e+01	2.41300768e+01	5.00284511e+06	1.94719459e+05	5.59003858e+02	1.83140696e+02	5.59003858e+01	1.83140696e+01	3.62652821e+07	2.55500764e-09
2.88000000e+01	2.42141537e+01	4.97965593e+06	1.93816896e+05	5.25005610e+02	1.00000000e-09	5.25005610e+01	1.00000000e-10	5.06553406e+07	2.34897319e-09
2.89000000e+01	2.42982306e+01	4.95637575e+06	1.92910790e+05	3.36319289e+02	1.00000000e-09	3.36319289e+01	1.00000000e-10	3.24498783e+07	2.15955324e-09
2.90000000e+01	2.43823075e+01	4.93303733e+06	1.92002418e+05	6.47395575e+01	4.99590470e+01	6.47395575e+00	4.99590470e+00	1.42610247e+06	1.98540802e-09
2.91000000e+01	2.44663844e+01	4.90968787e+06	1.91093617e+05	1.00000000e-09	1.93221472e+02	1.00000000e-10	1.93221472e+01	-1.86430379e+07	1.82530578e-09
2.92000000e+01	2.45504614e+01	4.88633841e+06	1.90184815e+05	1.00000000e-09	1.00000000e-09	1.00000000e-10	1.00000000e-10	0.00000000e+00	1.67811410e-09
2.93000000e+01	2.46345383e+01	4.86298895e+06	1.89276013e+05	1.00000000e-09	1.00000000e-09	1.00000000e-10	1.00000000e-10	0.00000000e+00	1.54279187e-09
2.94000000e+01	2.47186152e+01	4.83963966e+06	1.88367218e+05	1.00000000e-09	4.99573140e+00	1.00000000e-10	4.99573140e-01	-4.82014804e+05	1.41838196e-09
2.95000000e+01	2.48026921e+01	4.81629065e+06	1.87458434e+05	1.00000000e-09	1.93602432e+02	1.00000000e-10	1.93602432e+01	-1.86797949e+07	1.30400439e-09
2.96000000e+01	2.48867691e+01	4.79294163e+06	1.86549650e+05	1.00000000e-09	1.63077206e+01	1.00000000e-10	1.63077206e+00	-1.57345584e+06	1.19885018e-09
2.97000000e+01	2.49708460e+01	4.76959262e+06	1.85640865e+05	1.00000000e-09	1.00000000e-09	1.00000000e-10	1.00000000e-10	0.00000000e+00	1.10217554e-09
2.98000000e+01	2.50549229e+01	4.74624371e+06	1.84732085e+05	1.00000000e-09	1.00000000e-09	1.00000000e-10	1.00000000e-10	0.00000000e+00	1.01329669e-09
2.99000000e+01	2.51389998e+01	4.72289511e+06	1.83823317e+05	1.00000000e-09	1.83867286e+02	1.00000000e-10	1.83867286e+01	-1.77404962e+07	9.31584987e-10
3.00000000e+01	2.52230767e+01	4.69954650e+06	1.82914548e+05	1.00000000e-09	5.89035719e+01	1.00000000e-10	5.89035719e+00	-5.68333070e+06	8.56462471e-10
3.01000000e+01	2.53071537e+01	4.67619790e+06	1.82005780e+05	1.00000000e-09	1.00000000e-09	1.00000000e-10	1.00000000e-10	0.00000000e+00	7.87397794e-10
3.02000000e+01	2.53912306e+01	4.65284932e+06	1.81097012e+05	1.00000000e-09	1.00000000e-09	1.00000000e-10	1.00000000e-10	0.00000000e+00	7.23902457e-10
3.03000000e+01	2.54753075e+01	4.62950106e+06	1.80188257e+05	1.00000000e-09	1.64891634e+02	1.00000000e-10	1.64891634e+01	-1.59096241e+07	6.65527349e-10
3.04000000e+01	2.55593844e+01	4.60615281e+06	1.79279503e+05	1.00726548e+01	9.67934039e+01	1.00726548e+00	9.67934039e+00	-8.36728028e+06	6.11859579e-10
3.05000000e+01	2.56434614e+01	4.58280280e+06	1.78370680e+05	2.08979140e+01	1.00000000e-09	2.08979140e+00	1.00000000e-10	2.01634217e+06	5.62519549e-10
3.06000000e+01	2.57275383e+01	4.55944916e+06	1.77461715e+05	1.47231700e+01	1.00000000e-09	1.47231700e+00	1.00000000e-10	1.42056995e+06	5.17158273e-10
3.07000000e+01	2.58116152e+01	4.53609326e+06	1.76552663e+05	1.24452641e+01	1.37971096e+02	1.24452641e+00	1.37971096e+01	-1.21114016e+07	4.75454906e-10
3.08000000e+01	2.58956921e+01	4.51273528e+06	1.75643529e+05	1.34404784e+01	1.27877083e+02	1.34404784e+00	1.27877083e+01	-1.10414538e+07	4.37114476e-10
3.09000000e+01	2.59797690e+01	4.48937495e+06	1.74734305e+05	1.70847338e+01	1.00000000e-09	1.70847338e+00	1.00000000e-10	1.64842622e+06	4.01865798e-10
3.10000000e+01	2.60638460e+01	4.46601165e+06	1.73824964e+05	1.11948120e+01	1.00000000e-09	1.11948120e+00	1.00000000e-10	1.08013515e+06	3.69459555e-10
3.11000000e+01	2.61479229e+01	4.44264668e+06	1.72915559e+05	6.71160282e+00	1.04914193e+02	6.71160282e-01	1.04914193e+01	-9.47510949e+06	3.39666533e-10
3.12000000e+01	2.62319998e+01	4.41928070e+06	1.72006114e+05	4.31953999e+00	1.51141312e+02	4.31953999e-01	1.51141312e+01	-1.41661475e+07	3.12276006e-10
3.13000000e+01	2.63160767e+01	4.39591396e+06	1.71096640e+05	3.26985788e+00	1.00000000e-09	3.26985788e-01	1.00000000e-10	3.15493324e+05	2.87094235e-10
3.14000000e+01	2.64001537e+01	4.37254665e+06	1.70187144e+05	3.23455965e+00	1.00000000e-09	3.23455965e-01	1.00000000e-10	3.12087562e+05	2.63943109e-10
3.15000000e+01	2.64842306e+01	4.34917902e+06	1.69277635e+05	4.20116182e+00	6.76947758e+01	4.20116182e-01	6.76947758e+00	-6.12620243e+06	2.42658878e-10
3.16000000e+01	2.65683075e+01	4.32581088e+06	1.68368106e+05	6.29150051e+00	1.65682462e+02	6.29150051e-01	1.65682462e+01	-1.53788898e+07	2.23090996e-10
3.17000000e+01	2.66523844e+01	4.30244163e+06	1.67458534e+05	6.39119963e+00	1.00000000e-09	6.39119963e-01	1.00000000e-10	6.16657018e+05	2.05101057e-10
3.18000000e+01	2.67364614e+01	4.27907128e+06	1.66548919e+05	8.54244566e+00	1.00000000e-09	8.54244566e-01	1.00000000e-10	8.24220706e+05	1.88561817e-10
3.19000000e+01	2.68205383e+01	4.25569961e+06	1.65639253e+05	1.34261397e+01	2.84156125e+01	1.34261397e+00	2.84156125e+00	-1.44626426e+06	1.73356293e-10
3.20000000e+01	2.69046152e+01	4.23232588e+06	1.64729506e+05	2.25819733e+01	1.71047220e+02	2.25819733e+00	1.71047220e+01	-1.43247187e+07	1.59376934e-10
3.21000000e+01	2.69886921e+01	4.20894820e+06	1.63819606e+05	2.25867563e+01	1.00000000e-09	2.25867563e+00	1.00000000e-10	2.17929068e+06	1.46524863e-10
3.22000000e+01	2.70727690e+01	4.18556659e+06	1.62909553e+05	1.62059602e+01	1.00000000e-09	1.62059602e+00	1.00000000e-10	1.56363745e+06	1.34709176e-10
3.23000000e+01	2.71568460e+01	4.16218227e+06	1.61999395e+05	1.65548887e+01	1.00000000e-09	1.65548887e+00	1.00000000e-10	1.59730394e+06	1.23846300e-10
3.24000000e+01	2.72409229e+01	4.13879536e+06	1.61089135e+05	2.37236738e+01	1.67326152e+02	2.37236738e+00	1.67326152e+01	-1.38555328e+07	1.13859401e-10
3.25000000e+01	2.73249998e+01	4.11540431e+06	1.60178715e+05	3.37398037e+01	2.91284750e+01	3.37398037e+00	2.91284750e+00	4.44925580e+05	1.04677839e-10
3.26000000e+01	2.74090767e+01	4.09200737e+06	1.59268065e+05	2.09098325e+01	1.00000000e-09	2.09098325e+00	1.00000000e-10	2.01749213e+06	9.62366743e-11
3.27000000e+01	2.74931537e+01	4.06860683e+06	1.58357276e+05	1.63499160e+01	1.00000000e-09	1.63499160e+00	1.00000000e-10	1.57752708e+06	8.84762003e-11
3.28000000e+01	2.75772306e+01	4.04520375e+06	1.57446387e+05	2.10613211e+01	1.55111957e+02	2.10613211e+00	1.55111957e+01	-1.29339201e+07	8.13415267e-11
3.29000000e+01	2.76613075e+01	4.02179700e+06	1.56535355e+05	3.76022211e+01	6.47601295e+01	3.76022211e+00	6.47601295e+00	-2.62033980e+06	7.47821894e-11
3.30000000e+01	2.77453844e+01	3.99838368e+06	1.55624068e+05	3.85078921e+01	1.00000000e-09	3.85078921e+00	1.00000000e-10	3.71544675e+06	6.87517936e-11
3.31000000e+01	2.78294613e+01	3.97496363e+06	1.54712519e+05	1.76583268e+01	1.00000000e-09	1.76583268e+00	1.00000000e-10	1.70376953e+06	6.32076857e-11
3.32000000e+01	2.79135383e+01	3.95154081e+06	1.53800862e+05	1.24061555e+01	1.35393370e+02	1.24061555e+00	1.35393370e+01	-1.18664623e+07	5.81106517e-11
3.33000000e+01	2.79976152e+01	3.92811587e+06	1.52889122e+05	1.80212404e+01	9.51361027e+01	1.80212404e+00	9.51361027e+00	-7.44045310e+06	5.34246397e-11
3.34000000e+01	2.80816921e+01	3.90468779e+06	1.51977260e+05	3.92897144e+01	1.00000000e-09	3.92897144e+00	1.00000000e-10	3.79088114e+06	4.91165053e-11
3.35000000e+01	2.81657690e+01	3.88125284e+06	1.51065131e+05	2.48946163e+01	1.00000000e-09	2.48946163e+00	1.00000000e-10	2.40196532e+06	4.51557765e-11
3.36000000e+01	2.82498460e+01	3.85781383e+06	1.50152844e+05	1.12565210e+01	1.09554272e+02	1.12565210e+00	1.09554272e+01	-9.48429111e+06	4.15144388e-11
3.37000000e+01	2.83339229e+01	3.83437297e+06	1.49240485e+05	1.21436100e+01	1.19335516e+02	1.21436100e+00	1.19335516e+01	-1.03424466e+07	3.81667366e-11
3.38000000e+01	2.84179998e+01	3.81092999e+06	1.48328043e+05	2.85886543e+01	1.00000000e-09	2.85886543e+00	1.00000000e-10	2.75838580e+06	3.50889914e-11
3.39000000e+01	2.85020767e+01	3.78748201e+06	1.47415407e+05	3.75406864e+01	1.00000000e-09	3.75406864e+00	1.00000000e-10	3.62212559e+06	3.22594338e-11
3.40000000e+01	2.85861536e+01	3.76402772e+06	1.46502525e+05	1.07150066e+01	7.91648304e+01	1.07150066e+00	7.91648304e+00	-6.60440398e+06	2.96580503e-11
3.41000000e+01	2.86702306e+01	3.74057173e+06	1.45589577e+05	5.12676212e+00	1.36379069e+02	5.12676212e-01	1.36379069e+01	-1.26639224e+07	2.72664410e-11
3.42000000e+01	2.87543075e+01	3.71711485e+06	1.44676594e+05	9.64283784e+00	1.00000000e-09	9.64283784e-01	1.00000000e-10	9.30392411e+05	2.50676897e-11
3.43000000e+01	2.88383844e+01	3.69365628e+06	1.43763546e+05	3.30645759e+01	1.00000000e-09	3.30645759e+00	1.00000000e-10	3.19024659e+06	2.30462446e-11
3.44000000e+01	2.89224613e+01	3.67019214e+06	1.42850281e+05	2.57856365e+01	4.59837147e+01	2.57856365e+00	4.59837147e+00	-1.94881829e+06	2.11878078e-11
3.45000000e+01	2.90065383e+01	3.64672371e+06	1.41936848e+05	5.74791234e+00	1.45673028e+02	5.74791234e-01	1.45673028e+01	-1.35007212e+07	1.94792342e-11
3.46000000e+01	2.90906152e+01	3.62325428e+06	1.41023377e+05	3.48680262e+00	1.00000000e-09	3.48680262e-01	1.00000000e-10	3.36425309e+05	1.79084392e-11
3.47000000e+01	2.91746921e+01	3.59978423e+06	1.40109882e+05	1.19661356e+01	1.00000000e-09	1.19661356e+00	1.00000000e-10	1.15455657e+06	1.64643122e-11
3.48000000e+01	2.92587690e+01	3.57631225e+06	1.39196312e+05	3.13534932e+01	1.18441247e+01	3.13534932e+00	1.18441247e+00	1.88236790e+06	1.51366389e-11
3.49000000e+01	2.93428459e+01	3.55283505e+06	1.38282538e+05	9.88250053e+00	1.47040730e+02	9.88250053e-01	1.47040730e+01	-1.32337573e+07	1.39160284e-11
3.50000000e+01	2.94269229e+01	3.52935611e+06	1.37368697e+05	1.92689645e+00	4.24715227e+00	1.92689645e-01	4.24715227e-01	-2.23870654e+05	1.27938473e-11
3.51000000e+01	2.95109998e+01	3.50587684e+06	1.36454843e+05	3.20892671e+00	1.00000000e-09	3.20892671e-01	1.00000000e-10	3.09614359e+05	1.17621583e-11
3.52000000e+01	2.95950767e+01	3.48239710e+06	1.35540970e+05	1.98308113e+01	1.00000000e-09	1.98308113e+00	1.00000000e-10	1.91338241e+06	1.08136641e-11
3.53000000e+01	2.96791536e+01	3.45891418e+06	1.34626974e+05	2.49313208e+01	1.40741709e+02	2.49313208e+00	1.40741709e+01	-1.11740037e+07	9.94165601e-12
3.54000000e+01	2.97632306e+01	3.43542689e+06	1.33712808e+05	2.44245944e+00	3.68396124e+01	2.44245944e-01	3.68396124e+00	-3.31882072e+06	9.13996618e-12
3.55000000e+01	2.98473075e+01	3.41193918e+06	1.32798625e+05	4.42748207e-01	1.00000000e-09	4.42748207e-02	1.00000000e-10	4.27187077e+04	8.40292419e-12
3.56000000e+01	2.99313844e+01	3.38845142e+06	1.31884440e+05	2.14841736e+00	1.00000000e-09	2.14841736e-01	1.00000000e-10	2.07290763e+05	7.72531687e-12
3.57000000e+01	3.00154613e+01	3.36496358e+06	1.30970253e+05	2.17964504e+01	1.27419572e+02	2.17964504e+00	1.27419572e+01	-1.01910819e+07	7.10235144e-12
3.58000000e+01	3.00995383e+01	3.34147192e+06	1.30055916e+05	1.52522391e+01	6.61198916e+01	1.52522391e+00	6.61198916e+00	-4.90798235e+06	6.52962161e-12
3.59000000e+01	3.01836152e+01	3.31797760e+06	1.29141476e+05	7.90901347e-01	1.00000000e-09	7.90901347e-02	1.00000000e-10	7.63103790e+04	6.00307641e-12
3.60000000e+01	3.02676921e+01	3.29448313e+06	1.28227031e+05	2.37164356e-01	1.00000000e-09	2.37164356e-02	1.00000000e-10	2.28828816e+04	5.51899153e-12
3.61000000e+01	3.03517690e+01	3.27098892e+06	1.27312595e+05	3.84754554e+00	1.07979247e+02	3.84754554e-01	1.07979247e+01	-1.00471818e+07	5.07394300e-12
3.62000000e+01	3.04358459e+01	3.24749409e+06	1.26398135e+05	1.92906234e+01	9.03148324e+01	1.92906234e+00	9.03148324e+00	-6.85279439e+06	4.66478295e-12
3.63000000e+01	3.05199229e+01	3.22399589e+06	1.25483544e+05	5.88377582e+00	1.00000000e-09	5.88377582e-01	1.00000000e-10	5.67698064e+05	4.28861734e-12
3.64000000e+01	3.06039998e+01	3.20049665e+06	1.24568913e+05	1.11543999e-01	1.00000000e-09	1.11543999e-02	1.00000000e-10	1.07623597e+04	3.94278553e-12
3.65000000e+01	3.06880767e+01	3.17699767e+06	1.23654292e+05	1.39843819e-01	8.37209582e+01	1.39843819e-02	8.37209582e+00	-8.06435158e+06	3.62484141e-12
3.66000000e+01	3.07721536e+01	3.15349879e+06	1.22739674e+05	7.43317990e+00	1.08713790e+02	7.43317990e-01	1.08713790e+01	-9.77209333e+06	3.33253613e-12
3.67000000e+01	3.08562306e+01	3.12999861e+06	1.21825006e+05	1.43749426e+01	1.00000000e-09	1.43749426e+00	1.00000000e-10	1.38697111e+06	3.06380220e-12
3.68000000e+01	3.09403075e+01	3.10649591e+06	1.20910240e+05	3.13506198e-01	1.00000000e-09	3.13506198e-02	1.00000000e-10	3.02487496e+04	2.81673882e-12
3.69000000e+01	3.10243844e+01	3.08299340e+06	1.19995481e+05	1.34648782e-03	5.61262323e+01	1.34648782e-04	5.61262323e+00	-5.41522825e+06	2.58959851e-12
3.70000000e+01	3.11084613e+01	3.05949106e+06	1.19080729e+05	2.78029689e-02	1.20562224e+02	2.78029689e-03	1.20562224e+01	-1.16298036e+07	2.38077467e-12
3.71000000e+01	3.11925382e+01	3.03598872e+06	1.18165977e+05	7.04251435e+00	1.00000000e-09	7.04251435e-01	1.00000000e-10	6.79499336e+05	2.18879027e-12
3.72000000e+01	3.12766152e+01	3.01248515e+06	1.17251177e+05	9.73119581e+00	1.00000000e-09	9.73119581e-01	1.00000000e-10	9.38917659e+05	2.01228739e-12
3.73000000e+01	3.13606921e+01	2.98898008e+06	1.16336319e+05	6.88251631e-03	2.67782178e+01	6.88251631e-04	2.67782178e+00	-2.58304117e+06	1.85001761e-12
3.74000000e+01	3.14447690e+01	2.96547523e+06	1.15421469e+05	7.35824850e-06	1.25497662e+02	7.35824850e-07	1.25497662e+01	-1.21086829e+07	1.70083318e-12
3.75000000e+01	3.15288459e+01	2.94197038e+06	1.14506619e+05	3.51412038e-03	1.00000000e-09	3.51412038e-04	1.00000000e-10	3.39060976e+02	1.56367890e-12
3.76000000e+01	3.16129229e+01	2.91846552e+06	1.13591769e+05	4.96343488e+00	1.00000000e-09	4.96343488e-01	1.00000000e-10	4.78898663e+05	1.43758467e-12
3.77000000e+01	3.16969998e+01	2.89495996e+06	1.12676892e+05	8.03776128e+00	1.00000000e-09	8.03776128e-01	1.00000000e-10	7.75526067e+05	1.32165861e-12
3.78000000e+01	3.17810767e+01	2.87145324e+06	1.11761969e+05	1.16795917e-03	1.23512761e+02	1.16795917e-04	1.23512761e+01	-1.19170571e+07	1.21508076e-12
3.79000000e+01	3.18651536e+01	2.84794653e+06	1.10847047e+05	2.56642829e-07	1.61918715e+01	2.56642829e-08	1.61918715e+00	-1.56227808e+06	1.11709730e-12
3.80000000e+01	3.19492305e+01	2.82443981e+06	1.09932125e+05	5.97203779e-04	1.00000000e-09	5.97203779e-05	1.00000000e-10	5.76213085e+01	1.02701517e-12
3.81000000e+01	3.20333075e+01	2.80093320e+06	1.09017206e+05	4.10636169e+00	1.00000000e-09	4.10636169e-01	1.00000000e-10	3.96203671e+05	9.44197214e-13
3.82000000e+01	3.21173844e+01	2.77742614e+06	1.08102271e+05	8.70062739e+00	1.14982201e+02	8.70062739e-01	1.14982201e+01	-1.02546129e+07	8.68057654e-13
3.83000000e+01	3.22014613e+01	2.75391757e+06	1.07187276e+05	5.49698501e-01	4.32597289e+01	5.49698501e-02	4.32597289e+00	-4.12089147e+06	7.98057949e-13
3.84000000e+01	3.22855382e+01	2.73040889e+06	1.06272277e+05	1.32757797e-05	1.00000000e-09	1.32757797e-06	1.00000000e-10	1.28082153e+00	7.33702982e-13
3.85000000e+01	3.23696152e+01	2.70690026e+06	1.05357280e+05	1.43836518e-04	1.00000000e-09	1.43836518e-05	1.00000000e-10	1.38780177e+01	6.74537565e-13
3.86000000e+01	3.24536921e+01	2.68339191e+06	1.04442294e+05	5.95451781e+00	1.00622667e+02	5.95451781e-01	1.00622667e+01	-9.13408784e+06	6.20143216e-13
3.87000000e+01	3.25377690e+01	2.65988253e+06	1.03527268e+05	1.11026511e+01	6.67677686e+01	1.11026511e+00	6.67677686e+00	-5.37086735e+06	5.70135198e-13
3.88000000e+01	3.26218459e+01	2.63637120e+06	1.02612166e+05	2.21528557e-05	1.00000000e-09	2.21528557e-06	1.00000000e-10	2.13732915e+00	5.24159800e-13
3.89000000e+01	3.27059228e+01	2.61285987e+06	1.01697064e+05	1.00000000e-09	1.00000000e-09	1.00000000e-10	1.00000000e-10	0.00000000e+00	4.81891834e-13
3.90000000e+01	3.27899998e+01	2.58934883e+06	1.00781973e+05	1.96147630e-05	8.13959562e+01	1.96147630e-06	8.13959562e+00	-7.85351398e+06	4.43032333e-13
3.91000000e+01	3.28740767e+01	2.56583784e+06	9.98668849e+04	9.81586661e+00	8.52018183e+01	9.81586661e-01	8.52018183e+00	-7.27363858e+06	4.07306443e-13
3.92000000e+01	3.29581536e+01	2.54232514e+06	9.89517293e+04	1.20187339e+01	1.00000000e-09	1.20187339e+00	1.00000000e-10	1.15963153e+06	3.74461468e-13
3.93000000e+01	3.30422305e+01	2.51881032e+06	9.80364918e+04	7.44182712e-07	1.00000000e-09	7.44182712e-08	1.00000000e-10	7.17062308e-02	3.44265096e-13
3.94000000e+01	3.31263075e+01	2.49529579e+06	9.71212651e+04	1.00000000e-09	5.85830773e+01	1.00000000e-10	5.85830773e+00	-5.65240767e+06	3.16503742e-13
3.95000000e+01	3.32103844e+01	2.47178137e+06	9.62060428e+04	8.65150308e-07	9.80982629e+01	8.65150308e-08	9.80982629e+00	-9.46504339e+06	2.90981049e-13
3.96000000e+01	3.32944613e+01	2.44826694e+06	9.52908205e+04	1.39464595e+01	1.00000000e-09	1.39464595e+00	1.00000000e-10	1.34562877e+06	2.67516493e-13
3.97000000e+01	3.33785382e+01	2.42475008e+06	9.43755030e+04	1.01491512e+01	1.00000000e-09	1.01491512e+00	1.00000000e-10	9.79244228e+05	2.45944106e-13
3.98000000e+01	3.34626152e+01	2.40123168e+06	9.34601260e+04	9.66680344e-09	3.35777366e+01	9.66680344e-10	3.35777366e+00	-3.23975907e+06	2.26111304e-13
3.99000000e+01	3.35466921e+01	2.37771345e+06	9.25447555e+04	1.64441619e-09	1.04964893e+02	1.64441619e-10	1.04964893e+01	-1.01275726e+07	2.07877809e-13
4.00000000e+01	3.36307690e+01	2.35419522e+06	9.16293850e+04	1.72337439e+00	1.00000000e-09	1.72337439e-01	1.00000000e-10	1.66280350e+05	1.91114654e-13
4.01000000e+01	3.37148459e+01	2.33067669e+06	9.07140027e+04	1.59886522e+01	1.00000000e-09	1.59886522e+00	1.00000000e-10	1.54267042e+06	1.75703270e-13
4.02000000e+01	3.37989228e+01	2.30715557e+06	8.97985196e+04	5.07834798e+00	7.83928991e+00	5.07834798e-01	7.83928991e-01	-2.66390399e+05	1.61534652e-13
4.03000000e+01	3.38829998e+01	2.28363377e+06	8.88830101e+04	1.00000000e-09	1.05657111e+02	1.00000000e-10	1.05657111e+01	-1.01943615e+07	1.48508584e-13
4.04000000e+01	3.39670767e+01	2.26011197e+06	8.79675006e+04	1.00000000e-09	3.70150939e+00	1.00000000e-10	3.70150939e-01	-3.57141363e+05	1.36532931e-13
4.05000000e+01	3.40511536e+01	2.23659017e+06	8.70519912e+04	7.06666667e+00	1.00000000e-09	7.06666667e-01	1.00000000e-10	6.81829680e+05	1.25522989e-13
4.06000000e+01	3.41352305e+01	2.21306730e+06	8.61364398e+04	1.53263306e+01	1.00000000e-09	1.53263306e+00	1.00000000e-10	1.47876610e+06	1.15400882e-13
4.07000000e+01	3.42193075e+01	2.18954198e+06	8.52207937e+04	1.00000000e-09	1.00350450e+02	1.00000000e-10	1.00350450e+01	-9.68234645e+06	1.06095016e-13
4.08000000e+01	3.43033844e+01	2.16601667e+06	8.43051475e+04	1.00000000e-09	2.81299198e+01	1.00000000e-10	2.81299198e+00	-2.71412465e+06	9.75395708e-14
4.09000000e+01	3.43874613e+01	2.14249136e+06	8.33895013e+04	1.00000000e-09	1.00000000e-09	1.00000000e-10	1.00000000e-10	0.00000000e+00	8.96740319e-14
4.10000000e+01	3.44715382e+01	2.11896616e+06	8.24738594e+04	1.07334523e+01	1.00000000e-09	1.07334523e+00	1.00000000e-10	1.03562071e+06	8.24427658e-14
4.11000000e+01	3.45556151e+01	2.09543935e+06	8.15581550e+04	1.17906795e+01	8.95686404e+01	1.17906795e+00	8.95686404e+00	-7.50443239e+06	7.57946252e-14
4.12000000e+01	3.46396921e+01	2.07191047e+06	8.06423701e+04	1.00000000e-09	4.98510310e+01	1.00000000e-10	4.98510310e+00	-4.80989328e+06	6.96825871e-14
4.13000000e+01	3.47237690e+01	2.04838160e+06	7.97265852e+04	1.00000000e-09	1.00000000e-09	1.00000000e-10	1.00000000e-10	0.00000000e+00	6.40634205e-14
4.14000000e+01	3.48078459e+01	2.02485277e+06	7.88108023e+04	1.00000000e-09	1.00000000e-09	1.00000000e-10	1.00000000e-10	0.00000000e+00	5.88973804e-14
4.15000000e+01	3.48919228e+01	2.00132424e+06	7.78950307e+04	1.21792903e+01	7.41264313e+01	1.21792903e+00	7.41264313e+00	-5.97699048e+06	5.41479271e-14
4.16000000e+01	3.49759998e+01	1.97779357e+06	7.69791759e+04	7.49730777e+00	6.77396633e+01	7.49730777e-01	6.77396633e+00	-5.81250368e+06	4.97814672e-14
4.17000000e+01	3.50600767e+01	1.95426158e+06	7.60632699e+04	1.00000000e-09	1.00000000e-09	1.00000000e-10	1.00000000e-10	0.00000000e+00	4.57671163e-14
4.18000000e+01	3.51441536e+01	1.93072959e+06	7.51473640e+04	1.00000000e-09	1.00000000e-09	1.00000000e-10	1.00000000e-10	0.00000000e+00	4.20764804e-14
4.19000000e+01	3.52282305e+01	1.90719790e+06	7.42314693e+04	1.26922897e+00	5.50420839e+01	1.26922897e-01	5.50420839e+00	-5.18829177e+06	3.86834555e-14
4.20000000e+01	3.53123074e+01	1.88366602e+06	7.33155675e+04	1.06913925e+01	8.05576349e+01	1.06913925e+00	8.05576349e+00	-6.74106760e+06	3.55640423e-14
4.21000000e+01	3.53963844e+01	1.86013226e+06	7.23995927e+04	3.28408744e+00	1.00000000e-09	3.28408744e-01	1.00000000e-10	3.16866267e+05	3.26961769e-14
4.22000000e+01	3.54804613e+01	1.83659793e+06	7.14835955e+04	1.00000000e-09	1.00000000e-09	1.00000000e-10	1.00000000e-10	0.00000000e+00	3.00595747e-14
4.23000000e+01	3.55645382e+01	1.81306388e+06	7.05676092e+04	1.00000000e-09	3.35428662e+01	1.00000000e-10	3.35428662e+00	-3.23639459e+06	2.76355866e-14
4.24000000e+01	3.56486151e+01	1.78952993e+06	6.96516267e+04	3.69496948e+00	8.80863490e+01	3.69496948e-01	8.80863490e+00	-8.14253028e+06	2.54070677e-14
4.25000000e+01	3.57326921e+01	1.76599533e+06	6.87356189e+04	7.95403521e+00	1.00000000e-09	7.95403521e-01	1.00000000e-10	7.67447729e+05	2.33582553e-14
4.26000000e+01	3.58167690e+01	1.74245933e+06	6.78195568e+04	6.15021721e-01	1.00000000e-09	6.15021721e-02	1.00000000e-10	5.93405749e+04	2.14746581e-14
4.27000000e+01	3.59008459e+01	1.71892348e+06	6.69035005e+04	1.00000000e-09	1.09558923e+01	1.00000000e-10	1.09558923e+00	-1.05708291e+06	1.97429531e-14
4.28000000e+01	3.59849228e+01	1.69538778e+06	6.59874501e+04	1.00000000e-09	9.00619107e+01	1.00000000e-10	9.00619107e+00	-8.68965336e+06	1.81508919e-14
4.29000000e+01	3.60689997e+01	1.67185208e+06	6.50713996e+04	2.97578852e+00	1.00000000e-09	2.97578852e-01	1.00000000e-10	2.87119943e+05	1.66872137e-14
4.30000000e+01	3.61530767e+01	1.64831586e+06	6.41553289e+04	4.81977452e+00	1.00000000e-09	4.81977452e-01	1.00000000e-10	4.65037545e+05	1.53415657e-14
4.31000000e+01	3.62371536e+01	1.62477902e+06	6.32392338e+04	1.00000000e-09	1.00000000e-09	1.00000000e-10	1.00000000e-10	0.00000000e+00	1.41044300e-14
4.32000000e+01	3.63212305e+01	1.60124237e+06	6.23231464e+04	1.00000000e-09	8.65732860e+01	1.00000000e-10	8.65732860e+00	-8.35305226e+06	1.29670563e-14
4.33000000e+01	3.64053074e+01	1.57770572e+06	6.14070589e+04	1.00000000e-09	2.08101784e+01	1.00000000e-10	2.08101784e+00	-2.00787698e+06	1.19213998e-14
4.34000000e+01	3.64893844e+01	1.55416907e+06	6.04909715e+04	4.41068281e-01	1.00000000e-09	4.41068281e-02	1.00000000e-10	4.25566195e+04	1.09600645e-14
4.35000000e+01	3.65734613e+01	1.53063251e+06	5.95748876e+04	3.52406558e+00	1.00000000e-09	3.52406558e-01	1.00000000e-10	3.40020638e+05	1.00762507e-14
4.36000000e+01	3.66575382e+01	1.50709556e+06	5.86587884e+04	1.56040473e+00	7.80948314e+01	1.56040473e-01	7.80948314e+00	-7.38444957e+06	9.26370726e-15
4.37000000e+01	3.67416151e+01	1.48355834e+06	5.77426786e+04	1.00000000e-09	4.05635764e+01	1.00000000e-10	4.05635764e+00	-3.91379014e+06	8.51668685e-15
4.38000000e+01	3.68256921e+01	1.46002111e+06	5.68265687e+04	1.00000000e-09	1.00000000e-09	1.00000000e-10	1.00000000e-10	0.00000000e+00	7.82990577e-15
4.39000000e+01	3.69097690e+01	1.43648398e+06	5.59104623e+04	1.00000000e-09	1.00000000e-09	1.00000000e-10	1.00000000e-10	0.00000000e+00	7.19850635e-15
4.40000000e+01	3.69938459e+01	1.41294705e+06	5.49943642e+04	4.26145880e+00	6.56627718e+01	4.26145880e-01	6.56627718e+00	-5.92432608e+06	6.61802264e-15
4.41000000e+01	3.70779228e+01	1.38940938e+06	5.40782371e+04	4.84745510e+00	5.68213298e+01	4.84745510e-01	5.68213298e+00	-5.01471656e+06	6.08434883e-15
4.42000000e+01	3.71619997e+01	1.36587086e+06	5.31620768e+04	1.00000000e-09	1.00000000e-09	1.00000000e-10	1.00000000e-10	0.00000000e+00	5.59371018e-15
4.43000000e+01	3.72460767e+01	1.34233234e+06	5.22459165e+04	1.00000000e-09	1.00000000e-09	1.00000000e-10	1.00000000e-10	0.00000000e+00	5.14263638e-15
4.44000000e+01	3.73301536e+01	1.31879396e+06	5.13297616e+04	1.00000000e-09	5.08911844e+01	1.00000000e-10	5.08911844e+00	-4.91025283e+06	4.72793693e-15
4.45000000e+01	3.74142305e+01	1.29525558e+06	5.04136067e+04	8.10686499e+00	6.88661398e+01	8.10686499e-01	6.88661398e+00	-5.86237881e+06	4.34667862e-15
4.46000000e+01	3.74983074e+01	1.27171577e+06	4.94973964e+04	7.29301580e+00	1.00000000e-09	7.29301580e-01	1.00000000e-10	7.03669052e+05	3.99616478e-15
4.47000000e+01	3.75823844e+01	1.24817469e+06	4.85811363e+04	1.00000000e-09	1.00000000e-09	1.00000000e-10	1.00000000e-10	0.00000000e+00	3.67391618e-15
4.48000000e+01	3.76664613e+01	1.22463370e+06	4.76648802e+04	1.00000000e-09	3.41145164e+01	1.00000000e-10	3.41145164e+00	-3.29155045e+06	3.37765354e-15
4.49000000e+01	3.77505382e+01	1.20109272e+06	4.67486240e+04	1.00000000e-09	7.73192043e+01	1.00000000e-10	7.73192043e+00	-7.46016910e+06	3.10528136e-15
4.50000000e+01	3.78346151e+01	1.17755174e+06	4.58323679e+04	1.23943445e+01	1.00000000e-09	1.23943445e+00	1.00000000e-10	1.19587245e+06	2.85487313e-15
4.51000000e+01	3.79186920e+01	1.15400858e+06	4.49160271e+04	4.80213924e+00	1.00000000e-09	4.80213924e-01	1.00000000e-10	4.63336000e+05	2.62465769e-15
4.52000000e+01	3.80027690e+01	1.13046490e+06	4.39996661e+04	1.00000000e-09	1.30388404e+01	1.00000000e-10	1.30388404e+00	-1.25805684e+06	2.41300669e-15
4.53000000e+01	3.80868459e+01	1.10692126e+06	4.30833065e+04	1.00000000e-09	8.11272617e+01	1.00000000e-10	8.11272617e+00	-7.82759079e+06	2.21842312e-15
4.54000000e+01	3.81709228e+01	1.08337762e+06	4.21669468e+04	4.95910955e+00	1.00000000e-09	4.95910955e-01	1.00000000e-10	4.78481332e+05	2.03953067e-15
4.55000000e+01	3.82549997e+01	1.05983310e+06	4.12505533e+04	1.38636106e+01	1.00000000e-09	1.38636106e+00	1.00000000e-10	1.33763507e+06	1.87506400e-15
4.56000000e+01	3.83390767e+01	1.03628647e+06	4.03340772e+04	1.00000000e-09	1.00000000e-09	1.00000000e-10	1.00000000e-10	0.00000000e+00	1.72385984e-15
4.57000000e+01	3.84231536e+01	1.01273992e+06	3.94176046e+04	1.00000000e-09	7.96114942e+01	1.00000000e-10	7.96114942e+00	-7.68134146e+06	1.58484870e-15
4.58000000e+01	3.85072305e+01	9.89193378e+05	3.85011319e+04	1.00000000e-09	1.71688916e+01	1.00000000e-10	1.71688916e+00	-1.65654621e+06	1.45704735e-15
4.59000000e+01	3.85913074e+01	9.65646832e+05	3.75846593e+04	8.92812615e+00	1.00000000e-09	8.92812615e-01	1.00000000e-10	8.61433217e+05	1.33955183e-15
4.60000000e+01	3.86753843e+01	9.42098967e+05	3.66681353e+04	9.40001226e+00	1.00000000e-09	9.40001226e-01	1.00000000e-10	9.06963304e+05	1.23153109e-15
4.61000000e+01	3.87594613e+01	9.18549758e+05	3.57515590e+04	1.00000000e-09	7.09237169e+01	1.00000000e-10	7.09237169e+00	-6.84309838e+06	1.13222108e-15
4.62000000e+01	3.88435382e+01	8.95000550e+05	3.48349827e+04	1.00000000e-09	3.63737254e+01	1.00000000e-10	3.63737254e+00	-3.50953098e+06	1.04091937e-15
4.63000000e+01	3.89276151e+01	8.71451341e+05	3.39184064e+04	1.00000000e-09	1.00000000e-09	1.00000000e-10	1.00000000e-10	0.00000000e+00	9.56980191e-16
4.64000000e+01	3.90116920e+01	8.47902316e+05	3.30018373e+04	8.49631383e+00	1.00000000e-09	8.49631383e-01	1.00000000e-10	8.19769662e+05	8.79809819e-16
4.65000000e+01	3.90957690e+01	8.24352147e+05	3.20852236e+04	3.86663575e+00	5.77697040e+01	3.86663575e-01	5.77697040e+00	-5.20085544e+06	8.08862425e-16
4.66000000e+01	3.91798459e+01	8.00801299e+05	3.11685836e+04	1.00000000e-09	5.21810008e+01	1.00000000e-10	5.21810008e+00	-5.03470119e+06	7.43636191e-16
4.67000000e+01	3.92639228e+01	7.77250451e+05	3.02519435e+04	1.00000000e-09	1.00000000e-09	1.00000000e-10	1.00000000e-10	0.00000000e+00	6.83669765e-16
4.68000000e+01	3.93479997e+01	7.53699680e+05	2.93353064e+04	9.59234718e-01	1.00000000e-09	9.59234718e-02	1.00000000e-10	9.25520803e+04	6.28539001e-16
4.69000000e+01	3.94320766e+01	7.30149279e+05	2.84186837e+04	3.67518128e+00	3.91961968e+01	3.67518128e-01	3.91961968e+00	-3.42725698e+06	5.77853951e-16
4.70000000e+01	3.95161536e+01	7.06598232e+05	2.75020359e+04	1.80259984e-01	6.30577857e+01	1.80259984e-02	6.30577857e+00	-6.06675895e+06	5.31256117e-16
4.71000000e+01	3.96002305e+01	6.83047154e+05	2.65853868e+04	1.00000000e-09	1.00000000e-09	1.00000000e-10	1.00000000e-10	0.00000000e+00	4.88415907e-16
4.72000000e+01	3.96843074e+01	6.59496076e+05	2.56687378e+04	1.00000000e-09	1.00000000e-09	1.00000000e-10	1.00000000e-10	0.00000000e+00	4.49030309e-16
4.73000000e+01	3.97683843e+01	6.35945475e+05	2.47521073e+04	1.00000000e-09	1.93302422e+01	1.00000000e-10	1.93302422e+00	-1.86508483e+06	4.12820745e-16
4.74000000e+01	3.98524613e+01	6.12394873e+05	2.38354768e+04	1.00000000e-09	6.86921791e+01	1.00000000e-10	6.86921791e+00	-6.62778772e+06	3.79531100e-16
4.75000000e+01	3.99365382e+01	5.88844271e+05	2.29188463e+04	1.31231464e-01	1.00000000e-09	1.31231464e-02	1.00000000e-10	1.26619113e+04	3.48925915e-16
4.76000000e+01	4.00206151e+01	5.65293647e+05	2.20022149e+04	2.42462413e+00	1.00000000e-09	2.42462413e-01	1.00000000e-10	2.33940664e+05	3.20788716e-16
4.77000000e+01	4.01046920e+01	5.41743211e+05	2.10855908e+04	1.29703344e-01	1.00000000e-09	1.29703344e-02	1.00000000e-10	1.25144701e+04	2.94920485e-16
4.78000000e+01	4.01887690e+01	5.18192828e+05	2.01689688e+04	1.00000000e-09	6.87305910e+01	1.00000000e-10	6.87305910e+00	-6.63149390e+06	2.71138254e-16
4.79000000e+01	4.02728459e+01	4.94642444e+05	1.92523468e+04	1.00000000e-09	1.06789409e+01	1.00000000e-10	1.06789409e+00	-1.03036116e+06	2.49273810e-16
4.80000000e+01	4.03569228e+01	4.71092061e+05	1.83357248e+04	3.81885011e+00	1.00000000e-09	3.81885011e-01	1.00000000e-10	3.68463021e+05	2.29172503e-16
4.81000000e+01	4.04409997e+01	4.47541452e+05	1.74190941e+04	7.74593352e+00	1.00000000e-09	7.74593352e-01	1.00000000e-10	7.47368969e+05	2.10692155e-16
4.82000000e+01	4.05250766e+01	4.23989567e+05	1.65024136e+04	1.00000000e-09	6.40100178e+01	1.00000000e-10	6.40100178e+00	-6.17602783e+06	1.93702052e-16
4.83000000e+01	4.06091536e+01	4.00437681e+05	1.55857331e+04	1.00000000e-09	3.03748206e+01	1.00000000e-10	3.03748206e+00	-2.93072465e+06	1.78082022e-16
4.84000000e+01	4.06932305e+01	3.76885795e+05	1.46690526e+04	1.00000000e-09	1.00000000e-09	1.00000000e-10	1.00000000e-10	0.00000000e+00	1.63721583e-16
4.85000000e+01	4.07773074e+01	3.53334365e+05	1.37523899e+04	8.42742344e+00	1.00000000e-09	8.42742344e-01	1.00000000e-10	8.13122749e+05	1.50519162e-16
4.86000000e+01	4.08613843e+01	3.29781633e+05	1.28356765e+04	8.91294573e+00	5.39295055e+01	8.91294573e-01	5.39295055e+00	-4.34343772e+06	1.38381377e-16
4.87000000e+01	4.09454613e+01	3.06227336e+05	1.19189021e+04	1.00000000e-09	4.83493807e+01	1.00000000e-10	4.83493807e+00	-4.66500606e+06	1.27222377e-16
4.88000000e+01	4.10295382e+01	2.82673039e+05	1.10021278e+04	1.00000000e-09	1.00000000e-09	1.00000000e-10	1.00000000e-10	0.00000000e+00	1.16963232e-16
4.89000000e+01	4.11136151e+01	2.59119088e+05	1.00853670e+04	1.00000000e-09	1.00000000e-09	1.00000000e-10	1.00000000e-10	0.00000000e+00	1.07531379e-16
4.90000000e+01	4.11976920e+01	2.35565536e+05	9.16862161e+03	1.10208284e+01	3.75683997e+01	1.10208284e+00	3.75683997e+00	-2.56145123e+06	9.88601065e-17
4.91000000e+01	4.12817689e+01	2.12010049e+05	8.25180094e+03	6.13590983e+00	6.19177513e+01	6.13590983e-01	6.19177513e+00	-5.38212951e+06	9.08880802e-17
4.92000000e+01	4.13658459e+01	1.88453484e+05	7.33493835e+03	1.00000000e-09	1.00000000e-09	1.00000000e-10	1.00000000e-10	0.00000000e+00	8.35589140e-17
4.93000000e+01	4.14499228e+01	1.64897182e+05	6.41808598e+03	1.00000000e-09	1.00000000e-09	1.00000000e-10	1.00000000e-10	0.00000000e+00	7.68207678e-17
4.94000000e+01	4.15339997e+01	1.41341224e+05	5.50124701e+03	1.00000000e-09	1.92133133e+01	1.00000000e-10	1.92133133e+00	-1.85380292e+06	7.06259821e-17
4.95000000e+01	4.16180766e+01	1.17785266e+05	4.58440805e+03	7.01905976e+00	7.05316112e+01	7.01905976e-01	7.05316112e+00	-6.12802962e+06	6.49307406e-17
4.96000000e+01	4.17021536e+01	9.42280763e+04	3.66752111e+03	2.58055098e+00	1.00000000e-09	2.58055098e-01	1.00000000e-10	2.48985319e+05	5.96947603e-17
4.97000000e+01	4.17862305e+01	7.06707401e+04	2.75062849e+03	1.00000000e-09	1.00000000e-09	1.00000000e-10	1.00000000e-10	0.00000000e+00	5.48810067e-17
4.98000000e+01	4.18703074e+01	4.71138268e+04	1.83375233e+03	1.00000000e-09	1.00000000e-09	1.00000000e-10	1.00000000e-10	0.00000000e+00	5.04554316e-17
4.99000000e+01	4.19543843e+01	2.35569134e+04	9.16876164e+02	1.00000000e-09	7.52824811e+01	1.00000000e-10	7.52824811e+00	-7.26365519e+06	4.63867326e-17
5.00000000e+01	4.20384612e+01	0.00000000e+00	0.00000000e+00	1.00000000e+01	1.00000000e+01	1.00000000e+00	1.00000000e+00	0.00000000e+00	4.26461312e-17
