# 1D PNP Solver Results
# Debye length: 1.18939 nm
# Surface potential: 100 mV
# Bulk concentration: 10 mol/m^3
# Thermal voltage: 25.6926 mV
# Grid: non-uniform with stretching factor 1
#
# Columns:
# 1: x [nm]
# 2: x/lambda_D [-]
# 3: phi [mV]
# 4: phi_normalized = e*phi/(kB*T) [-]
# 5: c+ [mol/m^3]
# 6: c- [mol/m^3]
# 7: c+/c0 [-]
# 8: c-/c0 [-]
# 9: rho [C/m^3]
# 10: phi_GC [mV] (Gouy-Chapman analytical)
0.00000000e+00	0.00000000e+00	1.00000000e+02	3.89217445e+00	2.11343091e+05	1.00000000e-09	2.11343091e+04	1.00000000e-10	2.03915084e+10	1.00000000e+02
1.00000000e-01	8.40769225e-02	4.49597672e+04	1.74991257e+03	1.21042739e+04	1.00000000e-09	1.21042739e+03	1.00000000e-10	1.16788489e+09	8.70576373e+01
2.00000000e-01	1.68153845e-01	8.98195343e+04	3.49593297e+03	1.00000000e-09	1.00000000e-09	1.00000000e-10	1.00000000e-10	0.00000000e+00	7.68715638e+01
3.00000000e-01	2.52230767e-01	1.34496654e+05	5.23484439e+03	1.00000000e-09	1.00000000e-09	1.00000000e-10	1.00000000e-10	0.00000000e+00	6.85207345e+01
4.00000000e-01	3.36307690e-01	1.79062986e+05	6.96944378e+03	2.09004449e+05	1.00000000e-09	2.09004449e+04	1.00000000e-10	2.01658637e+10	6.14862309e+01
5.00000000e-01	4.20384612e-01	2.23629318e+05	8.70404317e+03	3.74734580e+04	1.00000000e-09	3.74734580e+03	1.00000000e-10	3.61563904e+09	5.54461690e+01
6.00000000e-01	5.04461535e-01	2.68195650e+05	1.04386426e+04	1.00000000e-09	1.00000000e-09	1.00000000e-10	1.00000000e-10	0.00000000e+00	5.01866549e+01
7.00000000e-01	5.88538457e-01	3.12598899e+05	1.21668945e+04	1.00000000e-09	1.00000000e-09	1.00000000e-10	1.00000000e-10	0.00000000e+00	4.55579535e+01
8.00000000e-01	6.72615380e-01	3.56774411e+05	1.38862825e+04	2.03507871e+05	1.00000000e-09	2.03507871e+04	1.00000000e-10	1.96355245e+10	4.14508515e+01
9.00000000e-01	7.56692302e-01	4.00949923e+05	1.56056705e+04	6.24546856e+04	1.00000000e-09	6.24546856e+03	1.00000000e-10	6.02596108e+09	3.77829914e+01
1.00000000e+00	8.40769225e-01	4.45125435e+05	1.73250585e+04	1.00000000e-09	1.00000000e-09	1.00000000e-10	1.00000000e-10	0.00000000e+00	3.44905241e+01
1.10000000e+00	9.24846147e-01	4.89172934e+05	1.90394640e+04	1.00000000e-09	1.00000000e-09	1.00000000e-10	1.00000000e-10	0.00000000e+00	3.15227780e+01
1.20000000e+00	1.00892307e+00	5.32870750e+05	2.07402592e+04	1.94794294e+05	1.00000000e-09	1.94794294e+04	1.00000000e-10	1.87947922e+10	2.88387272e+01
1.30000000e+00	1.09299999e+00	5.76568565e+05	2.24410544e+04	8.65701777e+04	1.00000000e-09	8.65701777e+03	1.00000000e-10	8.35275234e+09	2.64045776e+01
1.40000000e+00	1.17707691e+00	6.20266380e+05	2.41418496e+04	1.00000000e-09	1.00000000e-09	1.00000000e-10	1.00000000e-10	0.00000000e+00	2.41920729e+01
1.50000000e+00	1.26115384e+00	6.63888556e+05	2.58397008e+04	1.00000000e-09	1.00000000e-09	1.00000000e-10	1.00000000e-10	0.00000000e+00	2.21772778e+01
1.60000000e+00	1.34523076e+00	7.07035681e+05	2.75190621e+04	1.82819490e+05	1.00000000e-09	1.82819490e+04	1.00000000e-10	1.76393992e+10	2.03396868e+01
1.70000000e+00	1.42930768e+00	7.50182805e+05	2.91984235e+04	1.09270327e+05	1.00000000e-09	1.09270327e+04	1.00000000e-10	1.05429838e+10	1.86615585e+01
1.80000000e+00	1.51338460e+00	7.93329930e+05	3.08777848e+04	1.00000000e-09	1.00000000e-09	1.00000000e-10	1.00000000e-10	0.00000000e+00	1.71274116e+01
1.90000000e+00	1.59746153e+00	8.36472888e+05	3.25569840e+04	1.00000000e-09	1.00000000e-09	1.00000000e-10	1.00000000e-10	0.00000000e+00	1.57236358e+01
2.00000000e+00	1.68153845e+00	8.79014074e+05	3.42127612e+04	1.67568929e+05	1.00000000e-09	1.67568929e+04	1.00000000e-10	1.61679437e+10	1.44381886e+01
2.10000000e+00	1.76561537e+00	9.21518774e+05	3.58671183e+04	1.29796934e+05	1.00000000e-09	1.29796934e+04	1.00000000e-10	1.25235003e+10	1.32603556e+01
2.20000000e+00	1.84969229e+00	9.64023474e+05	3.75214754e+04	1.00000000e-09	1.00000000e-09	1.00000000e-10	1.00000000e-10	0.00000000e+00	1.21805577e+01
2.30000000e+00	1.93376922e+00	1.00652817e+06	3.91758324e+04	1.00000000e-09	1.00000000e-09	1.00000000e-10	1.00000000e-10	0.00000000e+00	1.11901960e+01
2.40000000e+00	2.01784614e+00	1.04830561e+06	4.08018829e+04	1.49002293e+05	1.00000000e-09	1.49002293e+04	1.00000000e-10	1.43765357e+10	1.02815237e+01
2.50000000e+00	2.10192306e+00	1.08994369e+06	4.24225099e+04	1.48165598e+05	1.00000000e-09	1.48165598e+04	1.00000000e-10	1.42958069e+10	9.44754093e+00
2.60000000e+00	2.18599998e+00	1.13158178e+06	4.40431369e+04	1.00000000e-09	1.00000000e-09	1.00000000e-10	1.00000000e-10	0.00000000e+00	8.68190590e+00
2.70000000e+00	2.27007691e+00	1.17321987e+06	4.56637640e+04	1.00000000e-09	1.00000000e-09	1.00000000e-10	1.00000000e-10	0.00000000e+00	7.97886054e+00
2.80000000e+00	2.35415383e+00	1.21400965e+06	4.72513734e+04	1.27008200e+05	1.00000000e-09	1.27008200e+04	1.00000000e-10	1.22544283e+10	7.33316685e+00
2.90000000e+00	2.43823075e+00	1.25453423e+06	4.88286607e+04	1.64022455e+05	1.00000000e-09	1.64022455e+04	1.00000000e-10	1.58257610e+10	6.74005227e+00
3.00000000e+00	2.52230767e+00	1.29505881e+06	5.04059480e+04	1.00000000e-09	1.00000000e-09	1.00000000e-10	1.00000000e-10	0.00000000e+00	6.19516235e+00
3.10000000e+00	2.60638460e+00	1.33558339e+06	5.19832353e+04	1.00000000e-09	1.00000000e-09	1.00000000e-10	1.00000000e-10	0.00000000e+00	5.69451955e+00
3.20000000e+00	2.69046152e+00	1.37514709e+06	5.35231236e+04	1.01438128e+05	1.00000000e-09	1.01438128e+04	1.00000000e-10	9.78729149e+09	5.23448697e+00
3.30000000e+00	2.77453844e+00	1.41429566e+06	5.50468544e+04	1.76890227e+05	1.00000000e-09	1.76890227e+04	1.00000000e-10	1.70673123e+10	4.81173646e+00
3.40000000e+00	2.85861536e+00	1.45344423e+06	5.65705851e+04	1.00000000e-09	1.00000000e-09	1.00000000e-10	1.00000000e-10	0.00000000e+00	4.42322017e+00
3.50000000e+00	2.94269229e+00	1.49259281e+06	5.80943159e+04	1.00000000e-09	1.00000000e-09	1.00000000e-10	1.00000000e-10	0.00000000e+00	4.06614534e+00
3.60000000e+00	3.02676921e+00	1.53068130e+06	5.95767865e+04	7.21249639e+04	1.00000000e-09	7.21249639e+03	1.00000000e-10	6.95900110e+09	3.73795159e+00
3.70000000e+00	3.11084613e+00	1.56818019e+06	6.10363087e+04	1.86152684e+05	1.00000000e-09	1.86152684e+04	1.00000000e-10	1.79610035e+10	3.43629058e+00
3.80000000e+00	3.19492305e+00	1.60567908e+06	6.24958309e+04	1.00000000e-09	1.00000000e-09	1.00000000e-10	1.00000000e-10	0.00000000e+00	3.15900770e+00
3.90000000e+00	3.27899998e+00	1.64317797e+06	6.39553530e+04	1.00000000e-09	1.00000000e-09	1.00000000e-10	1.00000000e-10	0.00000000e+00	2.90412542e+00
4.00000000e+00	3.36307690e+00	1.67953686e+06	6.53705046e+04	3.89194876e+04	1.00000000e-09	3.89194876e+03	1.00000000e-10	3.75515968e+09	2.66982829e+00
4.10000000e+00	3.44715382e+00	1.71510750e+06	6.67549758e+04	1.90977196e+05	1.00000000e-09	1.90977196e+04	1.00000000e-10	1.84264982e+10	2.45444929e+00
4.20000000e+00	3.53123074e+00	1.75067813e+06	6.81394469e+04	1.00000000e-09	1.00000000e-09	1.00000000e-10	1.00000000e-10	0.00000000e+00	2.25645740e+00
4.30000000e+00	3.61530767e+00	1.78624877e+06	6.95239181e+04	1.00000000e-09	1.00000000e-09	1.00000000e-10	1.00000000e-10	0.00000000e+00	2.07444628e+00
4.40000000e+00	3.69938459e+00	1.82062586e+06	7.08619346e+04	1.76578404e+03	1.00000000e-09	1.76578404e+02	1.00000000e-10	1.70372259e+08	1.90712395e+00
4.50000000e+00	3.78346151e+00	1.85399347e+06	7.21606600e+04	1.90201007e+05	1.00000000e-09	1.90201007e+04	1.00000000e-10	1.83516074e+10	1.75330334e+00
4.60000000e+00	3.86753843e+00	1.88736107e+06	7.34593854e+04	1.28794213e+04	1.00000000e-09	1.28794213e+03	1.00000000e-10	1.24267524e+09	1.61189369e+00
4.70000000e+00	3.95161536e+00	1.92072868e+06	7.47581109e+04	1.00000000e-09	1.00000000e-09	1.00000000e-10	1.00000000e-10	0.00000000e+00	1.48189263e+00
4.80000000e+00	4.03569228e+00	1.95288391e+06	7.60096485e+04	1.00000000e-09	1.00000000e-09	1.00000000e-10	1.00000000e-10	0.00000000e+00	1.36237899e+00
4.90000000e+00	4.11976920e+00	1.98378922e+06	7.72125373e+04	1.82164273e+05	1.00000000e-09	1.82164273e+04	1.00000000e-10	1.75761804e+10	1.25250612e+00
5.00000000e+00	4.20384612e+00	2.01469454e+06	7.84154260e+04	5.42945558e+04	1.00000000e-09	5.42945558e+03	1.00000000e-10	5.23862825e+09	1.15149587e+00
5.10000000e+00	4.28792305e+00	2.04559985e+06	7.96183147e+04	1.00000000e-09	1.00000000e-09	1.00000000e-10	1.00000000e-10	0.00000000e+00	1.05863300e+00
5.20000000e+00	4.37199997e+00	2.07531834e+06	8.07750103e+04	1.00000000e-09	1.00000000e-09	1.00000000e-10	1.00000000e-10	0.00000000e+00	9.73260072e-01
5.30000000e+00	4.45607689e+00	2.10353314e+06	8.18731794e+04	1.64470878e+05	1.00000000e-09	1.64470878e+04	1.00000000e-10	1.58690273e+10	8.94772759e-01
5.40000000e+00	4.54015381e+00	2.13174794e+06	8.29713485e+04	9.80969495e+04	1.00000000e-09	9.80969495e+03	1.00000000e-10	9.46491675e+09	8.22615544e-01
5.50000000e+00	4.62423074e+00	2.15996273e+06	8.40695176e+04	1.00000000e-09	1.00000000e-09	1.00000000e-10	1.00000000e-10	0.00000000e+00	7.56277766e-01
5.60000000e+00	4.70830766e+00	2.18707166e+06	8.51246443e+04	1.00000000e-09	1.00000000e-09	1.00000000e-10	1.00000000e-10	0.00000000e+00	6.95289988e-01
5.70000000e+00	4.79238458e+00	2.21241906e+06	8.61112094e+04	1.33672108e+05	1.00000000e-09	1.33672108e+04	1.00000000e-10	1.28973978e+10	6.39220665e-01
5.80000000e+00	4.87646150e+00	2.23776646e+06	8.70977744e+04	1.41930768e+05	1.00000000e-09	1.41930768e+04	1.00000000e-10	1.36942373e+10	5.87673079e-01
5.90000000e+00	4.96053843e+00	2.26311386e+06	8.80843395e+04	1.00000000e-09	1.00000000e-09	1.00000000e-10	1.00000000e-10	0.00000000e+00	5.40282524e-01
6.00000000e+00	5.04461535e+00	2.28750383e+06	8.90336395e+04	1.00000000e-09	1.00000000e-09	1.00000000e-10	1.00000000e-10	0.00000000e+00	4.96713722e-01
6.10000000e+00	5.12869227e+00	2.30988452e+06	8.99047351e+04	8.49439280e+04	1.00000000e-09	8.49439280e+03	1.00000000e-10	8.19584311e+09	4.56658442e-01
6.20000000e+00	5.21276919e+00	2.33226521e+06	9.07758307e+04	1.80925779e+05	1.00000000e-09	1.80925779e+04	1.00000000e-10	1.74566839e+10	4.19833321e-01
6.30000000e+00	5.29684612e+00	2.35464590e+06	9.16469263e+04	1.00000000e-09	1.00000000e-09	1.00000000e-10	1.00000000e-10	0.00000000e+00	3.85977854e-01
6.40000000e+00	5.38092304e+00	2.37629768e+06	9.24896512e+04	1.00000000e-09	1.00000000e-09	1.00000000e-10	1.00000000e-10	0.00000000e+00	3.54852548e-01
6.50000000e+00	5.46499996e+00	2.39572332e+06	9.32457308e+04	1.21031574e+04	1.00000000e-09	1.21031574e+03	1.00000000e-10	1.16777716e+09	3.26237227e-01
6.60000000e+00	5.54907688e+00	2.41514895e+06	9.40018104e+04	2.05757422e+05	1.00000000e-09	2.05757422e+04	1.00000000e-10	1.98525732e+10	2.99929475e-01
6.70000000e+00	5.63315381e+00	2.43457458e+06	9.47578899e+04	1.51105683e+04	1.00000000e-09	1.51105683e+03	1.00000000e-10	1.45794820e+09	2.75743201e-01
6.80000000e+00	5.71723073e+00	2.45359301e+06	9.54981203e+04	1.00000000e-09	1.00000000e-09	1.00000000e-10	1.00000000e-10	0.00000000e+00	2.53507323e-01
6.90000000e+00	5.80130765e+00	2.47022264e+06	9.61453745e+04	1.00000000e-09	1.00000000e-09	1.00000000e-10	1.00000000e-10	0.00000000e+00	2.33064554e-01
7.00000000e+00	5.88538457e+00	2.48685227e+06	9.67926286e+04	2.00117981e+05	1.00000000e-09	2.00117981e+04	1.00000000e-10	1.93084499e+10	2.14270296e-01
7.10000000e+00	5.96946150e+00	2.50348190e+06	9.74398828e+04	1.21931434e+05	1.00000000e-09	1.21931434e+04	1.00000000e-10	1.17645949e+10	1.96991610e-01
7.20000000e+00	6.05353842e+00	2.52011153e+06	9.80871370e+04	1.00000000e-09	1.00000000e-09	1.00000000e-10	1.00000000e-10	0.00000000e+00	1.81106277e-01
7.30000000e+00	6.13761534e+00	2.53427702e+06	9.86384828e+04	1.00000000e-09	1.00000000e-09	1.00000000e-10	1.00000000e-10	0.00000000e+00	1.66501937e-01
7.40000000e+00	6.22169226e+00	2.54830619e+06	9.91845225e+04	1.39042642e+05	1.00000000e-09	1.39042642e+04	1.00000000e-10	1.34155755e+10	1.53075289e-01
7.50000000e+00	6.30576919e+00	2.56233536e+06	9.97305622e+04	2.50701388e+05	1.00000000e-09	2.50701388e+04	1.00000000e-10	2.41890067e+10	1.40731363e-01
7.60000000e+00	6.38984611e+00	2.57636453e+06	1.00276602e+05	1.00000000e-09	1.00000000e-09	1.00000000e-10	1.00000000e-10	0.00000000e+00	1.29382849e-01
7.70000000e+00	6.47392303e+00	2.58799322e+06	1.00729211e+05	1.00000000e-09	1.00000000e-09	1.00000000e-10	1.00000000e-10	0.00000000e+00	1.18949475e-01
7.80000000e+00	6.55799995e+00	2.59886294e+06	1.01152279e+05	1.00000000e-09	1.00000000e-09	1.00000000e-10	1.00000000e-10	0.00000000e+00	1.09357445e-01
7.90000000e+00	6.64207688e+00	2.60973266e+06	1.01575348e+05	3.79002706e+05	1.00000000e-09	3.79002706e+04	1.00000000e-10	3.65682020e+10	1.00538914e-01
8.00000000e+00	6.72615380e+00	2.62060237e+06	1.01998416e+05	9.98657157e+04	1.00000000e-09	9.98657157e+03	1.00000000e-10	9.63557674e+09	9.24315047e-02
8.10000000e+00	6.81023072e+00	2.62935314e+06	1.02339011e+05	1.00000000e-09	1.00000000e-09	1.00000000e-10	1.00000000e-10	0.00000000e+00	8.49778740e-02
8.20000000e+00	6.89430764e+00	2.63659209e+06	1.02620764e+05	1.00000000e-09	1.00000000e-09	1.00000000e-10	1.00000000e-10	0.00000000e+00	7.81253008e-02
8.30000000e+00	6.97838457e+00	2.64383104e+06	1.02902516e+05	3.81906384e+05	1.00000000e-09	3.81906384e+04	1.00000000e-10	3.68483643e+10	7.18253161e-02
8.40000000e+00	7.06246149e+00	2.65106999e+06	1.03184269e+05	4.96354256e+05	1.00000000e-09	4.96354256e+04	1.00000000e-10	4.78909053e+10	6.60333593e-02
8.50000000e+00	7.14653841e+00	2.65681999e+06	1.03408069e+05	1.00000000e-09	1.00000000e-09	1.00000000e-10	1.00000000e-10	0.00000000e+00	6.07084632e-02
8.60000000e+00	7.23061533e+00	2.66023360e+06	1.03540933e+05	1.00000000e-09	1.00000000e-09	1.00000000e-10	1.00000000e-10	0.00000000e+00	5.58129641e-02
8.70000000e+00	7.31469226e+00	2.66364722e+06	1.03673796e+05	1.00000000e-09	1.00000000e-09	1.00000000e-10	1.00000000e-10	0.00000000e+00	5.13122357e-02
8.80000000e+00	7.39876918e+00	2.66706083e+06	1.03806660e+05	8.04910309e+05	1.00000000e-09	8.04910309e+04	1.00000000e-10	7.76620385e+10	4.71744438e-02
8.90000000e+00	7.48284610e+00	2.67020382e+06	1.03928991e+05	1.31891619e+06	8.04615659e-06	1.31891619e+05	8.04615659e-07	1.27256066e+11	4.33703214e-02
9.00000000e+00	7.56692302e+00	2.67045326e+06	1.03938699e+05	1.61011477e+05	3.16466712e+00	1.61011477e+04	3.16466712e-01	1.55349405e+10	3.98729614e-02
9.10000000e+00	7.65099995e+00	2.67033597e+06	1.03934134e+05	7.08041117e+01	7.52955955e+01	7.08041117e+00	7.52955955e+00	-4.33362306e+05	3.66576268e-02
9.20000000e+00	7.73507687e+00	2.67021868e+06	1.03929569e+05	4.44977780e+01	1.63062078e+03	4.44977780e+00	1.63062078e+02	-1.53037604e+08	3.37015752e-02
9.30000000e+00	7.81915379e+00	2.67010139e+06	1.03925004e+05	1.01146948e+05	3.53063821e+04	1.01146948e+04	3.53063821e+03	6.35264886e+09	3.09838980e-02
9.40000000e+00	7.90323071e+00	2.66842331e+06	1.03859690e+05	9.77218397e+04	5.39671116e+04	9.77218397e+03	5.39671116e+03	4.22168947e+09	2.84853728e-02
9.50000000e+00	7.98730764e+00	2.66361880e+06	1.03672690e+05	2.34276433e+04	1.65256255e+04	2.34276433e+03	1.65256255e+03	6.65943482e+08	2.61883275e-02
9.60000000e+00	8.07138456e+00	2.65771794e+06	1.03443019e+05	1.23028361e+04	1.00000000e-09	1.23028361e+03	1.00000000e-10	1.18704323e+09	2.40765146e-02
9.70000000e+00	8.15546148e+00	2.65116753e+06	1.03188065e+05	2.23631452e+03	1.00000000e-09	2.23631452e+02	1.00000000e-10	2.15771549e+08	2.21349973e-02
9.80000000e+00	8.23953840e+00	2.64449273e+06	1.02928270e+05	1.00000000e-09	2.48165413e+04	1.00000000e-10	2.48165413e+03	-2.39443223e+09	2.03500429e-02
9.90000000e+00	8.32361533e+00	2.63781793e+06	1.02668475e+05	1.00000000e-09	3.90602261e+04	1.00000000e-10	3.90602261e+03	-3.76873889e+09	1.87090262e-02
1.00000000e+01	8.40769225e+00	2.63114312e+06	1.02408680e+05	1.77669779e+03	1.00000000e-09	1.77669779e+02	1.00000000e-10	1.71425276e+08	1.72003403e-02
1.01000000e+01	8.49176917e+00	2.62436988e+06	1.02145054e+05	1.17533135e+03	1.00000000e-09	1.17533135e+02	1.00000000e-10	1.13402236e+08	1.58133140e-02
1.02000000e+01	8.57584609e+00	2.61753332e+06	1.01878963e+05	1.00000000e-09	1.00000000e-09	1.00000000e-10	1.00000000e-10	0.00000000e+00	1.45381368e-02
1.03000000e+01	8.65992302e+00	2.61069676e+06	1.01612872e+05	1.00000000e-09	3.99006948e+04	1.00000000e-10	3.99006948e+03	-3.84983179e+09	1.33657892e-02
1.04000000e+01	8.74399994e+00	2.60386020e+06	1.01346781e+05	2.47534873e+02	2.13591825e+04	2.47534873e+01	2.13591825e+03	-2.03696433e+09	1.22879791e-02
1.05000000e+01	8.82807686e+00	2.59700941e+06	1.01080137e+05	1.94785842e-01	1.00000000e-09	1.94785842e-02	1.00000000e-10	1.87939765e+04	1.12970830e-02
1.06000000e+01	8.91215378e+00	2.59016201e+06	1.00813624e+05	7.78263601e-04	1.00000000e-09	7.78263601e-05	1.00000000e-10	7.50909256e+01	1.03860923e-02
1.07000000e+01	8.99623071e+00	2.58331832e+06	1.00547256e+05	7.59172127e-01	1.91158103e+04	7.59172127e-02	1.91158103e+03	-1.84432206e+09	9.54856333e-03
1.08000000e+01	9.08030763e+00	2.57647458e+06	1.00280885e+05	8.17013141e+02	4.06210994e+04	8.17013141e+01	4.06210994e+03	-3.84051048e+09	8.77857228e-03
1.09000000e+01	9.16438455e+00	2.56958376e+06	1.00012683e+05	1.00000000e-09	1.00000000e-09	1.00000000e-10	1.00000000e-10	0.00000000e+00	8.07067289e-03
1.10000000e+01	9.24846147e+00	2.56269294e+06	9.97444798e+04	1.00000000e-09	1.00000000e-09	1.00000000e-10	1.00000000e-10	0.00000000e+00	7.41985814e-03
1.11000000e+01	9.33253840e+00	2.55580693e+06	9.94764642e+04	1.49415145e+01	1.00000000e-09	1.49415145e+00	1.00000000e-10	1.44163699e+06	6.82152474e-03
1.12000000e+01	9.41661532e+00	2.54892262e+06	9.92085151e+04	3.42111972e+02	3.74619577e+04	3.42111972e+01	3.74619577e+03	-3.58152064e+09	6.27144062e-03
1.13000000e+01	9.50069224e+00	2.54201854e+06	9.89397961e+04	3.37496226e+01	2.59521998e+04	3.37496226e+00	2.59521998e+03	-2.50075027e+09	5.76571500e-03
1.14000000e+01	9.58476916e+00	2.53511250e+06	9.86710011e+04	1.57126828e-01	1.00000000e-09	1.57126828e-02	1.00000000e-10	1.51604341e+04	5.30077082e-03
1.15000000e+01	9.66884609e+00	2.52820874e+06	9.84022947e+04	1.00000000e-09	1.00000000e-09	1.00000000e-10	1.00000000e-10	0.00000000e+00	4.87331949e-03
1.16000000e+01	9.75292301e+00	2.52131090e+06	9.81338186e+04	1.00000000e-09	1.40199746e+04	1.00000000e-10	1.40199746e+03	-1.35272190e+09	4.48033760e-03
1.17000000e+01	9.83699993e+00	2.51441305e+06	9.78653424e+04	2.89702052e-01	4.16210473e+04	2.89702052e-02	4.16210473e+03	-4.01579262e+09	4.11904557e-03
1.18000000e+01	9.92107685e+00	2.50751519e+06	9.75968655e+04	1.07286463e-01	1.48271830e+03	1.07286463e-02	1.48271830e+02	-1.43050216e+08	3.78688794e-03
1.19000000e+01	1.00051538e+01	2.50061732e+06	9.73283885e+04	1.00000000e-09	1.00000000e-09	1.00000000e-10	1.00000000e-10	0.00000000e+00	3.48151531e-03
1.20000000e+01	1.00892307e+01	2.49372538e+06	9.70601422e+04	1.00000000e-09	1.00000000e-09	1.00000000e-10	1.00000000e-10	0.00000000e+00	3.20076778e-03
1.21000000e+01	1.01733076e+01	2.48683855e+06	9.67920947e+04	7.78536320e-03	3.45331501e+04	7.78536320e-04	3.45331501e+03	-3.33194171e+09	2.94265957e-03
1.22000000e+01	1.02573845e+01	2.47995172e+06	9.65240473e+04	6.09563658e-05	2.99207070e+04	6.09563658e-06	2.99207070e+03	-2.88690934e+09	2.70536508e-03
1.23000000e+01	1.03414615e+01	2.47306489e+06	9.62559999e+04	1.77489535e-09	1.00000000e-09	1.77489535e-10	1.00000000e-10	7.47660348e-05	2.48720588e-03
1.24000000e+01	1.04255384e+01	2.46618009e+06	9.59880313e+04	6.48145868e-09	1.00000000e-09	6.48145868e-10	1.00000000e-10	5.28880361e-04	2.28663893e-03
1.25000000e+01	1.05096153e+01	2.45930350e+06	9.57203824e+04	2.18042857e-04	8.58855146e+03	2.18042857e-05	8.58855146e+02	-8.28669219e+08	2.10224558e-03
1.26000000e+01	1.05936922e+01	2.45242700e+06	9.54527371e+04	2.76757764e-04	4.19399629e+04	2.76757764e-05	4.19399629e+03	-4.04659123e+09	1.93272162e-03
1.27000000e+01	1.06777692e+01	2.44555050e+06	9.51850917e+04	9.18634330e-05	7.08142449e+03	9.18634330e-06	7.08142449e+02	-6.83253585e+08	1.77686798e-03
1.28000000e+01	1.07618461e+01	2.43867400e+06	9.49174464e+04	6.33318291e-06	1.00000000e-09	6.33318291e-07	1.00000000e-10	6.10962771e-01	1.63358230e-03
1.29000000e+01	1.08459230e+01	2.43180486e+06	9.46500875e+04	2.34816538e-06	1.00000000e-09	2.34816538e-07	1.00000000e-10	2.26467031e-01	1.50185109e-03
1.30000000e+01	1.09299999e+01	2.42494153e+06	9.43829545e+04	2.21440513e-05	3.08189986e+04	2.21440513e-06	3.08189986e+03	-2.97358131e+09	1.38074262e-03
1.31000000e+01	1.10140768e+01	2.41807819e+06	9.41158216e+04	6.14706555e-06	3.36262246e+04	6.14706555e-07	3.36262246e+03	-3.24443744e+09	1.26940027e-03
1.32000000e+01	1.10981538e+01	2.41121486e+06	9.38486887e+04	1.00000000e-09	1.00000000e-09	1.00000000e-10	1.00000000e-10	0.00000000e+00	1.16703651e-03
1.33000000e+01	1.11822307e+01	2.40435429e+06	9.35816635e+04	1.00000000e-09	1.00000000e-09	1.00000000e-10	1.00000000e-10	0.00000000e+00	1.07292731e-03
1.34000000e+01	1.12663076e+01	2.39750274e+06	9.33149890e+04	8.10672951e-06	2.66555801e+03	8.10672951e-07	2.66555801e+02	-2.57187249e+08	9.86407027e-04
1.35000000e+01	1.13503845e+01	2.39065118e+06	9.30483145e+04	3.38672447e-06	4.15810584e+04	3.38672447e-07	4.15810584e+03	-4.01196223e+09	9.06863691e-04
1.36000000e+01	1.14344615e+01	2.38379962e+06	9.27816399e+04	1.00000000e-09	1.29268782e+04	1.00000000e-10	1.29268782e+03	-1.24725414e+09	8.33734687e-04
1.37000000e+01	1.15185384e+01	2.37694807e+06	9.25149654e+04	1.00000000e-09	1.00000000e-09	1.00000000e-10	1.00000000e-10	0.00000000e+00	7.66502767e-04
1.38000000e+01	1.16026153e+01	2.37010451e+06	9.22486021e+04	4.47844739e-06	1.00000000e-09	4.47844739e-07	1.00000000e-10	4.32007999e-01	7.04692393e-04
1.39000000e+01	1.16866922e+01	2.36326564e+06	9.19824215e+04	2.37347669e-06	2.63972517e+04	2.37347669e-07	2.63972517e+03	-2.54694760e+09	6.47866374e-04
1.40000000e+01	1.17707691e+01	2.35642678e+06	9.17162410e+04	1.00000000e-09	3.69804194e+04	1.00000000e-10	3.69804194e+03	-3.56806805e+09	5.95622776e-04
1.41000000e+01	1.18548461e+01	2.34958792e+06	9.14500605e+04	1.00000000e-09	1.00000000e-09	1.00000000e-10	1.00000000e-10	0.00000000e+00	5.47592073e-04
1.42000000e+01	1.19389230e+01	2.34275238e+06	9.11840094e+04	2.75198600e-06	1.00000000e-09	2.75198600e-07	1.00000000e-10	2.65429798e-01	5.03434541e-04
1.43000000e+01	1.20229999e+01	2.33592401e+06	9.09182373e+04	1.77193583e-06	1.00000000e-09	1.77193583e-07	1.00000000e-10	1.70869332e-01	4.62837848e-04
1.44000000e+01	1.21070768e+01	2.32909564e+06	9.06524652e+04	1.00000000e-09	4.05112487e+04	1.00000000e-10	4.05112487e+03	-3.90874129e+09	4.25514851e-04
1.45000000e+01	1.21911538e+01	2.32226726e+06	9.03866931e+04	1.00000000e-09	1.87637377e+04	1.00000000e-10	1.87637377e+03	-1.81042547e+09	3.91201561e-04
1.46000000e+01	1.22752307e+01	2.31543889e+06	9.01209210e+04	1.57750818e-06	1.00000000e-09	1.57750818e-07	1.00000000e-10	1.52109916e-01	3.59655276e-04
1.47000000e+01	1.23593076e+01	2.30861637e+06	8.98553764e+04	1.08282300e-06	1.00000000e-09	1.08282300e-07	1.00000000e-10	1.04380052e-01	3.30652866e-04
1.48000000e+01	1.24433845e+01	2.30179669e+06	8.95899428e+04	1.00000000e-09	2.14345232e+04	1.00000000e-10	2.14345232e+03	-2.06811709e+09	3.03989196e-04
1.49000000e+01	1.25274615e+01	2.29497702e+06	8.93245091e+04	1.00000000e-09	3.96947009e+04	1.00000000e-10	3.96947009e+03	-3.82995640e+09	2.79475669e-04
1.50000000e+01	1.26115384e+01	2.28815734e+06	8.90590755e+04	3.90079667e-07	1.00000000e-09	3.90079667e-08	1.00000000e-10	3.75404809e-02	2.56938901e-04
1.51000000e+01	1.26956153e+01	2.28133988e+06	8.87937279e+04	1.00000000e-09	1.00000000e-09	1.00000000e-10	1.00000000e-10	0.00000000e+00	2.36219485e-04
1.52000000e+01	1.27796922e+01	2.27452646e+06	8.85285376e+04	1.00000000e-09	1.00000000e-09	1.00000000e-10	1.00000000e-10	0.00000000e+00	2.17170872e-04
1.53000000e+01	1.28637691e+01	2.26771304e+06	8.82633473e+04	6.46430772e-07	3.86164379e+04	6.46430772e-08	3.86164379e+03	-3.72591983e+09	1.99658328e-04
1.54000000e+01	1.29478461e+01	2.26089961e+06	8.79981571e+04	2.61632357e-06	2.41746435e+04	2.61632357e-07	2.41746435e+03	-2.33249851e+09	1.83557987e-04
1.55000000e+01	1.30319230e+01	2.25408619e+06	8.77329668e+04	1.00000000e-09	1.00000000e-09	1.00000000e-10	1.00000000e-10	0.00000000e+00	1.68755969e-04
1.56000000e+01	1.31159999e+01	2.24727493e+06	8.74678608e+04	1.00000000e-09	1.00000000e-09	1.00000000e-10	1.00000000e-10	0.00000000e+00	1.55147578e-04
1.57000000e+01	1.32000768e+01	2.24046541e+06	8.72028222e+04	4.37535634e-07	1.60794355e+04	4.37535634e-08	1.60794355e+03	-1.55142967e+09	1.42636560e-04
1.58000000e+01	1.32841538e+01	2.23365588e+06	8.69377836e+04	7.92575451e-07	4.14668491e+04	7.92575451e-08	4.14668491e+03	-4.00094271e+09	1.31134424e-04
1.59000000e+01	1.33682307e+01	2.22684636e+06	8.66727450e+04	1.00000000e-09	1.00000000e-09	1.00000000e-10	1.00000000e-10	0.00000000e+00	1.20559814e-04
1.60000000e+01	1.34523076e+01	2.22003683e+06	8.64077064e+04	1.00000000e-09	1.00000000e-09	1.00000000e-10	1.00000000e-10	0.00000000e+00	1.10837935e-04
1.61000000e+01	1.35363845e+01	2.21322844e+06	8.61427117e+04	2.26110610e-07	1.00000000e-09	2.26110610e-08	1.00000000e-10	2.17198720e-02	1.01900023e-04
1.62000000e+01	1.36204614e+01	2.20642126e+06	8.58777645e+04	4.94852348e-07	3.58039089e+04	4.94852348e-08	3.58039089e+03	-3.45455204e+09	9.36828597e-05
1.63000000e+01	1.37045384e+01	2.19961408e+06	8.56128173e+04	1.00000000e-09	2.88364607e+04	1.00000000e-10	2.88364607e+03	-2.78229549e+09	8.61283240e-05
1.64000000e+01	1.37886153e+01	2.19280690e+06	8.53478700e+04	1.00000000e-09	1.00000000e-09	1.00000000e-10	1.00000000e-10	0.00000000e+00	7.91829819e-05
1.65000000e+01	1.38726922e+01	2.18599973e+06	8.50829228e+04	1.30852656e-07	1.00000000e-09	1.30852656e-08	1.00000000e-10	1.25288766e-02	7.27977085e-05
1.66000000e+01	1.39567691e+01	2.17919413e+06	8.48180373e+04	4.73798787e-07	1.04227453e+04	4.73798787e-08	1.04227453e+03	-1.00564204e+09	6.69273402e-05
1.67000000e+01	1.40408461e+01	2.17239061e+06	8.45532321e+04	2.35395157e-08	4.21038933e+04	2.35395157e-09	4.21038933e+03	-4.06240813e+09	6.15303552e-05
1.68000000e+01	1.41249230e+01	2.16558708e+06	8.42884269e+04	1.00000000e-09	5.47720493e+03	1.00000000e-10	5.47720493e+02	-5.28469937e+08	5.65685802e-05
1.69000000e+01	1.42089999e+01	2.15878355e+06	8.40236217e+04	1.00000000e-09	1.00000000e-09	1.00000000e-10	1.00000000e-10	0.00000000e+00	5.20069201e-05
1.70000000e+01	1.42930768e+01	2.15198002e+06	8.37588165e+04	3.18880697e-08	1.00000000e-09	3.18880697e-09	1.00000000e-10	2.98024566e-03	4.78131098e-05
1.71000000e+01	1.43771537e+01	2.14517965e+06	8.34941344e+04	6.37397204e-09	3.21411274e+04	6.37397204e-10	3.21411274e+03	-3.10114735e+09	4.39574862e-05
1.72000000e+01	1.44612307e+01	2.13838133e+06	8.32295316e+04	1.00000000e-09	3.26643739e+04	1.00000000e-10	3.26643739e+03	-3.15163296e+09	4.04127779e-05
1.73000000e+01	1.45453076e+01	2.13158300e+06	8.29649288e+04	1.00000000e-09	1.00000000e-09	1.00000000e-10	1.00000000e-10	0.00000000e+00	3.71539131e-05
1.74000000e+01	1.46293845e+01	2.12478467e+06	8.27003260e+04	1.34902223e-08	1.00000000e-09	1.34902223e-09	1.00000000e-10	1.20512325e-03	3.41578414e-05
1.75000000e+01	1.47134614e+01	2.11798782e+06	8.24357807e+04	4.49516226e-09	4.56378481e+03	4.49516226e-10	4.56378481e+02	-4.40338293e+08	3.14033713e-05
1.76000000e+01	1.47975384e+01	2.11119537e+06	8.21714066e+04	1.00000000e-09	4.17149478e+04	1.00000000e-10	4.17149478e+03	-4.02488059e+09	2.88710202e-05
1.77000000e+01	1.48816153e+01	2.10440296e+06	8.19070343e+04	1.00000000e-09	1.12132164e+04	1.00000000e-10	1.12132164e+03	-1.08191091e+09	2.65428765e-05
1.78000000e+01	1.49656922e+01	2.09761055e+06	8.16426619e+04	8.25737906e-09	1.00000000e-09	8.25737906e-10	1.00000000e-10	7.00230629e-04	2.44024731e-05
1.79000000e+01	1.50497691e+01	2.09081814e+06	8.13782896e+04	4.21628221e-09	1.00000000e-09	4.21628221e-10	1.00000000e-10	3.10324057e-04	2.24346707e-05
1.80000000e+01	1.51338460e+01	2.08402982e+06	8.11140761e+04	1.00000000e-09	2.77171280e+04	1.00000000e-10	2.77171280e+03	-2.67429630e+09	2.06255509e-05
1.81000000e+01	1.52179230e+01	2.07724532e+06	8.08500118e+04	1.00000000e-09	3.57385938e+04	1.00000000e-10	3.57385938e+03	-3.44825009e+09	1.89623175e-05
1.82000000e+01	1.53019999e+01	2.07046083e+06	8.05859475e+04	5.64154229e-09	1.00000000e-09	5.64154229e-10	1.00000000e-10	4.47840749e-04	1.74332063e-05
1.83000000e+01	1.53860768e+01	2.06367634e+06	8.03218831e+04	5.06168991e-09	1.00000000e-09	5.06168991e-10	1.00000000e-10	3.91893500e-04	1.60274019e-05
1.84000000e+01	1.54701537e+01	2.05689257e+06	8.00578471e+04	1.00000000e-09	1.00000000e-09	1.00000000e-10	1.00000000e-10	0.00000000e+00	1.47349607e-05
1.85000000e+01	1.55542307e+01	2.05011440e+06	7.97940290e+04	1.00000000e-09	4.03733772e+04	1.00000000e-10	4.03733772e+03	-3.89543870e+09	1.35467414e-05
1.86000000e+01	1.56383076e+01	2.04333770e+06	7.95302679e+04	3.66128960e-09	1.66613697e+04	3.66128960e-10	1.66613697e+03	-1.60757779e+09	1.24543394e-05
1.87000000e+01	1.57223845e+01	2.03656100e+06	7.92665068e+04	1.09084200e-08	1.00000000e-09	1.09084200e-09	1.00000000e-10	9.56017192e-04	1.14500281e-05
1.88000000e+01	1.58064614e+01	2.02978430e+06	7.90027457e+04	1.00000000e-09	1.00000000e-09	1.00000000e-10	1.00000000e-10	0.00000000e+00	1.05267039e-05
1.89000000e+01	1.58905384e+01	2.02301147e+06	7.87391355e+04	1.00000000e-09	2.26956253e+04	1.00000000e-10	2.26956253e+03	-2.18979495e+09	9.67783615e-06
1.90000000e+01	1.59746153e+01	2.01624401e+06	7.84757340e+04	1.00000000e-09	3.79887360e+04	1.00000000e-10	3.79887360e+03	-3.66535581e+09	8.89742061e-06
1.91000000e+01	1.60586922e+01	2.00947654e+06	7.82123326e+04	1.00000000e-09	1.00000000e-09	1.00000000e-10	1.00000000e-10	0.00000000e+00	8.17993736e-06
1.92000000e+01	1.61427691e+01	2.00270908e+06	7.79489311e+04	1.00000000e-09	1.00000000e-09	1.00000000e-10	1.00000000e-10	0.00000000e+00	7.52031158e-06
1.93000000e+01	1.62268460e+01	1.99594162e+06	7.76855297e+04	1.00000000e-09	1.00000000e-09	1.00000000e-10	1.00000000e-10	0.00000000e+00	6.91387767e-06
1.94000000e+01	1.63109230e+01	1.98918046e+06	7.74223735e+04	1.00000000e-09	3.81145043e+04	1.00000000e-10	3.81145043e+03	-3.67749061e+09	6.35634627e-06
1.95000000e+01	1.63949999e+01	1.98242242e+06	7.71593390e+04	1.00000000e-09	2.17043810e+04	1.00000000e-10	2.17043810e+03	-2.09415441e+09	5.84377390e-06
1.96000000e+01	1.64790768e+01	1.97566439e+06	7.68963045e+04	1.00000000e-09	1.00000000e-09	1.00000000e-10	1.00000000e-10	0.00000000e+00	5.37253509e-06
1.97000000e+01	1.65631537e+01	1.96890635e+06	7.66332699e+04	1.00000000e-09	1.00000000e-09	1.00000000e-10	1.00000000e-10	0.00000000e+00	4.93929673e-06
1.98000000e+01	1.66472307e+01	1.96215165e+06	7.63703651e+04	1.00000000e-09	1.71641825e+04	1.00000000e-10	1.71641825e+03	-1.65609185e+09	4.54099448e-06
1.99000000e+01	1.67313076e+01	1.95540382e+06	7.61077281e+04	1.00000000e-09	3.93381438e+04	1.00000000e-10	3.93381438e+03	-3.79555387e+09	4.17481111e-06
2.00000000e+01	1.68153845e+01	1.94865600e+06	7.58450910e+04	1.00000000e-09	1.00000000e-09	1.00000000e-10	1.00000000e-10	0.00000000e+00	3.83815657e-06
2.01000000e+01	1.68994614e+01	1.94190818e+06	7.55824540e+04	1.00000000e-09	1.00000000e-09	1.00000000e-10	1.00000000e-10	0.00000000e+00	3.52864967e-06
2.02000000e+01	1.69835383e+01	1.93516036e+06	7.53198170e+04	1.00000000e-09	1.00000000e-09	1.00000000e-10	1.00000000e-10	0.00000000e+00	3.24410125e-06
2.03000000e+01	1.70676153e+01	1.92841941e+06	7.50574478e+04	1.00000000e-09	3.49263083e+04	1.00000000e-10	3.49263083e+03	-3.36987646e+09	2.98249865e-06
2.04000000e+01	1.71516922e+01	1.92168289e+06	7.47952504e+04	1.00000000e-09	2.62527165e+04	1.00000000e-10	2.62527165e+03	-2.53300207e+09	2.74199155e-06
2.05000000e+01	1.72357691e+01	1.91494636e+06	7.45330531e+04	1.00000000e-09	1.00000000e-09	1.00000000e-10	1.00000000e-10	0.00000000e+00	2.52087882e-06
2.06000000e+01	1.73198460e+01	1.90820984e+06	7.42708558e+04	1.00000000e-09	1.00000000e-09	1.00000000e-10	1.00000000e-10	0.00000000e+00	2.31759650e-06
2.07000000e+01	1.74039230e+01	1.90147625e+06	7.40087726e+04	1.00000000e-09	1.11589116e+04	1.00000000e-10	1.11589116e+03	-1.07667129e+09	2.13070675e-06
2.08000000e+01	1.74879999e+01	1.89475056e+06	7.37469972e+04	1.00000000e-09	3.97268010e+04	1.00000000e-10	3.97268010e+03	-3.83305359e+09	1.95888770e-06
2.09000000e+01	1.75720768e+01	1.88802488e+06	7.34852218e+04	1.00000000e-09	4.01699767e+03	1.00000000e-10	4.01699767e+02	-3.87581354e+08	1.80092404e-06
2.10000000e+01	1.76561537e+01	1.88129919e+06	7.32234464e+04	1.00000000e-09	1.00000000e-09	1.00000000e-10	1.00000000e-10	0.00000000e+00	1.65569849e-06
2.11000000e+01	1.77402306e+01	1.87457350e+06	7.29616709e+04	1.00000000e-09	1.00000000e-09	1.00000000e-10	1.00000000e-10	0.00000000e+00	1.52218384e-06
2.12000000e+01	1.78243076e+01	1.86785485e+06	7.27001694e+04	1.00000000e-09	3.08206163e+04	1.00000000e-10	3.08206163e+03	-2.97373740e+09	1.39943575e-06
2.13000000e+01	1.79083845e+01	1.86114097e+06	7.24388533e+04	1.00000000e-09	3.02135240e+04	1.00000000e-10	3.02135240e+03	-2.91516190e+09	1.28658600e-06
2.14000000e+01	1.79924614e+01	1.85442709e+06	7.21775372e+04	1.00000000e-09	1.00000000e-09	1.00000000e-10	1.00000000e-10	0.00000000e+00	1.18283639e-06
2.15000000e+01	1.80765383e+01	1.84771320e+06	7.19162211e+04	1.00000000e-09	1.00000000e-09	1.00000000e-10	1.00000000e-10	0.00000000e+00	1.08745310e-06
2.16000000e+01	1.81606153e+01	1.84100195e+06	7.16550075e+04	1.00000000e-09	4.76712102e+03	1.00000000e-10	4.76712102e+02	-4.59957255e+08	9.99761460e-07
2.17000000e+01	1.82446922e+01	1.83429819e+06	7.13940856e+04	1.00000000e-09	3.91360716e+04	1.00000000e-10	3.91360716e+03	-3.77605687e+09	9.19141229e-07
2.18000000e+01	1.83287691e+01	1.82759444e+06	7.11331637e+04	1.00000000e-09	1.02320320e+04	1.00000000e-10	1.02320320e+03	-9.87241001e+08	8.45022171e-07
2.19000000e+01	1.84128460e+01	1.82089068e+06	7.08722419e+04	1.00000000e-09	1.00000000e-09	1.00000000e-10	1.00000000e-10	0.00000000e+00	7.76880034e-07
2.20000000e+01	1.84969229e+01	1.81418693e+06	7.06113200e+04	1.00000000e-09	1.00000000e-09	1.00000000e-10	1.00000000e-10	0.00000000e+00	7.14232843e-07
2.21000000e+01	1.85809999e+01	1.80748949e+06	7.03506441e+04	1.00000000e-09	2.58782596e+04	1.00000000e-10	2.58782596e+03	-2.49687247e+09	6.56637488e-07
2.22000000e+01	1.86650768e+01	1.80079615e+06	7.00901276e+04	1.00000000e-09	3.35030163e+04	1.00000000e-10	3.35030163e+03	-3.23254966e+09	6.03686592e-07
2.23000000e+01	1.87491537e+01	1.79410281e+06	6.98296112e+04	1.00000000e-09	1.00000000e-09	1.00000000e-10	1.00000000e-10	0.00000000e+00	5.55005627e-07
2.24000000e+01	1.88332306e+01	1.78740947e+06	6.95690948e+04	1.00000000e-09	1.00000000e-09	1.00000000e-10	1.00000000e-10	0.00000000e+00	5.10250270e-07
2.25000000e+01	1.89173076e+01	1.78071820e+06	6.93086588e+04	1.00000000e-09	1.00000000e-09	1.00000000e-10	1.00000000e-10	0.00000000e+00	4.69103960e-07
2.26000000e+01	1.90013845e+01	1.77403257e+06	6.90484424e+04	1.00000000e-09	3.75834998e+04	1.00000000e-10	3.75834998e+03	-3.62625646e+09	4.31275667e-07
2.27000000e+01	1.90854614e+01	1.76734694e+06	6.87882260e+04	1.00000000e-09	1.62914455e+04	1.00000000e-10	1.62914455e+03	-1.57188553e+09	3.96497828e-07
2.28000000e+01	1.91695383e+01	1.76066131e+06	6.85280096e+04	1.00000000e-09	1.00000000e-09	1.00000000e-10	1.00000000e-10	0.00000000e+00	3.64524455e-07
2.29000000e+01	1.92536153e+01	1.75397568e+06	6.82677932e+04	1.00000000e-09	1.00000000e-09	1.00000000e-10	1.00000000e-10	0.00000000e+00	3.35129397e-07
2.30000000e+01	1.93376922e+01	1.74729398e+06	6.80077297e+04	1.00000000e-09	2.02818175e+04	1.00000000e-10	2.02818175e+03	-1.95689789e+09	3.08104742e-07
2.31000000e+01	1.94217691e+01	1.74061488e+06	6.77477677e+04	1.00000000e-09	3.60312028e+04	1.00000000e-10	3.60312028e+03	-3.47648257e+09	2.83259340e-07
2.32000000e+01	1.95058460e+01	1.73393578e+06	6.74878056e+04	1.00000000e-09	1.00000000e-09	1.00000000e-10	1.00000000e-10	0.00000000e+00	2.60417458e-07
2.33000000e+01	1.95899229e+01	1.72725669e+06	6.72278435e+04	1.00000000e-09	1.00000000e-09	1.00000000e-10	1.00000000e-10	0.00000000e+00	2.39417533e-07
2.34000000e+01	1.96739999e+01	1.72057839e+06	6.69679126e+04	1.00000000e-09	1.00000000e-09	1.00000000e-10	1.00000000e-10	0.00000000e+00	2.20111031e-07
2.35000000e+01	1.97580768e+01	1.71390276e+06	6.67080854e+04	1.00000000e-09	3.51617972e+04	1.00000000e-10	3.51617972e+03	-3.39259768e+09	2.02361395e-07
2.36000000e+01	1.98421537e+01	1.70722745e+06	6.64482708e+04	1.00000000e-09	2.19438786e+04	1.00000000e-10	2.19438786e+03	-2.11726242e+09	1.86043080e-07
2.37000000e+01	1.99262306e+01	1.70055215e+06	6.61884562e+04	1.00000000e-09	1.00000000e-09	1.00000000e-10	1.00000000e-10	0.00000000e+00	1.71040665e-07
2.38000000e+01	2.00103076e+01	1.69387684e+06	6.59286415e+04	1.00000000e-09	1.00000000e-09	1.00000000e-10	1.00000000e-10	0.00000000e+00	1.57248037e-07
2.39000000e+01	2.00943845e+01	1.68720199e+06	6.56688447e+04	1.00000000e-09	1.42937167e+04	1.00000000e-10	1.42937167e+03	-1.37913400e+09	1.44567640e-07
2.40000000e+01	2.01784614e+01	1.68052826e+06	6.54090917e+04	1.00000000e-09	3.76871450e+04	1.00000000e-10	3.76871450e+03	-3.63625670e+09	1.32909782e-07
2.41000000e+01	2.02625383e+01	1.67385455e+06	6.51493392e+04	1.00000000e-09	2.14469030e+02	1.00000000e-10	2.14469030e+01	-2.06931156e+07	1.22192009e-07
2.42000000e+01	2.03466152e+01	1.66718084e+06	6.48895867e+04	1.00000000e-09	1.00000000e-09	1.00000000e-10	1.00000000e-10	0.00000000e+00	1.12338510e-07
2.43000000e+01	2.04306922e+01	1.66050713e+06	6.46298342e+04	1.00000000e-09	1.00000000e-09	1.00000000e-10	1.00000000e-10	0.00000000e+00	1.03279593e-07
2.44000000e+01	2.05147691e+01	1.65383342e+06	6.43700817e+04	1.00000000e-09	3.19485976e+04	1.00000000e-10	3.19485976e+03	-3.08257105e+09	9.49511815e-08
2.45000000e+01	2.05988460e+01	1.64716115e+06	6.41103855e+04	1.00000000e-09	2.69357599e+04	1.00000000e-10	2.69357599e+03	-2.59890574e+09	8.72943689e-08
2.46000000e+01	2.06829229e+01	1.64049010e+06	6.38507365e+04	1.00000000e-09	1.00000000e-09	1.00000000e-10	1.00000000e-10	0.00000000e+00	8.02549976e-08
2.47000000e+01	2.07669999e+01	1.63381905e+06	6.35910875e+04	1.00000000e-09	1.00000000e-09	1.00000000e-10	1.00000000e-10	0.00000000e+00	7.37832774e-08
2.48000000e+01	2.08510768e+01	1.62714800e+06	6.33314386e+04	1.00000000e-09	8.04944786e+03	1.00000000e-10	8.04944786e+02	-7.76653651e+08	6.78334333e-08
2.49000000e+01	2.09351537e+01	1.62047722e+06	6.30718004e+04	1.00000000e-09	3.83569427e+04	1.00000000e-10	3.83569427e+03	-3.70088236e+09	6.23633815e-08
2.50000000e+01	2.10192306e+01	1.61380981e+06	6.28122933e+04	1.00000000e-09	6.58439055e+03	1.00000000e-10	6.58439055e+02	-6.35297109e+08	5.73344317e-08
2.51000000e+01	2.11033075e+01	1.60714343e+06	6.25528260e+04	1.00000000e-09	1.00000000e-09	1.00000000e-10	1.00000000e-10	0.00000000e+00	5.27110137e-08
2.52000000e+01	2.11873845e+01	1.60047705e+06	6.22933587e+04	1.00000000e-09	1.00000000e-09	1.00000000e-10	1.00000000e-10	0.00000000e+00	4.84604257e-08
2.53000000e+01	2.12714614e+01	1.59381066e+06	6.20338914e+04	1.00000000e-09	2.80031635e+04	1.00000000e-10	2.80031635e+03	-2.70189453e+09	4.45526029e-08
2.54000000e+01	2.13555383e+01	1.58714735e+06	6.17745438e+04	1.00000000e-09	3.10846669e+04	1.00000000e-10	3.10846669e+03	-2.99921441e+09	4.09599048e-08
2.55000000e+01	2.14396152e+01	1.58048829e+06	6.15153613e+04	1.00000000e-09	1.00000000e-09	1.00000000e-10	1.00000000e-10	0.00000000e+00	3.76569199e-08
2.56000000e+01	2.15236922e+01	1.57382922e+06	6.12561788e+04	1.00000000e-09	1.00000000e-09	1.00000000e-10	1.00000000e-10	0.00000000e+00	3.46202860e-08
2.57000000e+01	2.16077691e+01	1.56717015e+06	6.09969962e+04	1.00000000e-09	1.80168994e+03	1.00000000e-10	1.80168994e+02	-1.73836652e+08	3.18285246e-08
2.58000000e+01	2.16918460e+01	1.56051108e+06	6.07378137e+04	1.00000000e-09	3.80332372e+04	1.00000000e-10	3.80332372e+03	-3.66964952e+09	2.92618894e-08
2.59000000e+01	2.17759229e+01	1.55385785e+06	6.04788582e+04	1.00000000e-09	1.26358356e+04	1.00000000e-10	1.26358356e+03	-1.21917279e+09	2.69022262e-08
2.60000000e+01	2.18599998e+01	1.54720637e+06	6.02199708e+04	1.00000000e-09	1.00000000e-09	1.00000000e-10	1.00000000e-10	0.00000000e+00	2.47328451e-08
2.61000000e+01	2.19440768e+01	1.54055488e+06	5.99610835e+04	1.00000000e-09	1.00000000e-09	1.00000000e-10	1.00000000e-10	0.00000000e+00	2.27384017e-08
2.62000000e+01	2.20281537e+01	1.53390340e+06	5.97021961e+04	1.00000000e-09	2.33969713e+04	1.00000000e-10	2.33969713e+03	-2.25746455e+09	2.09047891e-08
2.63000000e+01	2.21122306e+01	1.52725603e+06	5.94434691e+04	1.00000000e-09	3.43576509e+04	1.00000000e-10	3.43576509e+03	-3.31500936e+09	1.92190381e-08
2.64000000e+01	2.21963075e+01	1.52061443e+06	5.91849662e+04	1.00000000e-09	1.00000000e-09	1.00000000e-10	1.00000000e-10	0.00000000e+00	1.76692251e-08
2.65000000e+01	2.22803845e+01	1.51397282e+06	5.89264633e+04	1.00000000e-09	1.00000000e-09	1.00000000e-10	1.00000000e-10	0.00000000e+00	1.62443882e-08
2.66000000e+01	2.23644614e+01	1.50733121e+06	5.86679603e+04	1.00000000e-09	1.00000000e-09	1.00000000e-10	1.00000000e-10	0.00000000e+00	1.49344494e-08
2.67000000e+01	2.24485383e+01	1.50068961e+06	5.84094574e+04	1.00000000e-09	3.66399417e+04	1.00000000e-10	3.66399417e+03	-3.53521695e+09	1.37301434e-08
2.68000000e+01	2.25326152e+01	1.49405466e+06	5.81512136e+04	1.00000000e-09	1.83803475e+04	1.00000000e-10	1.83803475e+03	-1.77343394e+09	1.26229520e-08
2.69000000e+01	2.26166921e+01	1.48742234e+06	5.78930721e+04	1.00000000e-09	1.00000000e-09	1.00000000e-10	1.00000000e-10	0.00000000e+00	1.16050438e-08
2.70000000e+01	2.27007691e+01	1.48079002e+06	5.76349306e+04	1.00000000e-09	1.00000000e-09	1.00000000e-10	1.00000000e-10	0.00000000e+00	1.06692193e-08
2.71000000e+01	2.27848460e+01	1.47415770e+06	5.73767892e+04	1.00000000e-09	1.80771568e+04	1.00000000e-10	1.80771568e+03	-1.74418048e+09	9.80885916e-09
2.72000000e+01	2.28689229e+01	1.46752908e+06	5.71187921e+04	1.00000000e-09	3.67299922e+04	1.00000000e-10	3.67299922e+03	-3.54390550e+09	9.01787799e-09
2.73000000e+01	2.29529998e+01	1.46090702e+06	5.68610496e+04	1.00000000e-09	1.00000000e-09	1.00000000e-10	1.00000000e-10	0.00000000e+00	8.29068113e-09
2.74000000e+01	2.30370768e+01	1.45428495e+06	5.66033071e+04	1.00000000e-09	1.00000000e-09	1.00000000e-10	1.00000000e-10	0.00000000e+00	7.62212503e-09
2.75000000e+01	2.31211537e+01	1.44766288e+06	5.63455647e+04	1.00000000e-09	1.00000000e-09	1.00000000e-10	1.00000000e-10	0.00000000e+00	7.00748093e-09
2.76000000e+01	2.32052306e+01	1.44104081e+06	5.60878222e+04	1.00000000e-09	3.41601123e+04	1.00000000e-10	3.41601123e+03	-3.29594978e+09	6.44240141e-09
2.77000000e+01	2.32893075e+01	1.43442519e+06	5.58303309e+04	1.00000000e-09	2.37485320e+04	1.00000000e-10	2.37485320e+03	-2.29138499e+09	5.92288960e-09
2.78000000e+01	2.33733845e+01	1.42781359e+06	5.55729957e+04	1.00000000e-09	1.00000000e-09	1.00000000e-10	1.00000000e-10	0.00000000e+00	5.44527095e-09
2.79000000e+01	2.34574614e+01	1.42120198e+06	5.53156604e+04	1.00000000e-09	1.00000000e-09	1.00000000e-10	1.00000000e-10	0.00000000e+00	5.00616720e-09
2.80000000e+01	2.35415383e+01	1.41459038e+06	5.50583251e+04	1.00000000e-09	1.21011725e+04	1.00000000e-10	1.21011725e+03	-1.16758564e+09	4.60247255e-09
2.81000000e+01	2.36256152e+01	1.40798130e+06	5.48010885e+04	1.00000000e-09	3.81202375e+04	1.00000000e-10	3.81202375e+03	-3.67804378e+09	4.23133162e-09
2.82000000e+01	2.37096921e+01	1.40137950e+06	5.45441347e+04	1.00000000e-09	2.40947907e+03	1.00000000e-10	2.40947907e+02	-2.32479388e+08	3.89011930e-09
2.83000000e+01	2.37937691e+01	1.39477769e+06	5.42871809e+04	1.00000000e-09	1.00000000e-09	1.00000000e-10	1.00000000e-10	0.00000000e+00	3.57642216e-09
2.84000000e+01	2.38778460e+01	1.38817589e+06	5.40302272e+04	1.00000000e-09	1.00000000e-09	1.00000000e-10	1.00000000e-10	0.00000000e+00	3.28802138e-09
2.85000000e+01	2.39619229e+01	1.38157408e+06	5.37732734e+04	1.00000000e-09	3.06132567e+04	1.00000000e-10	3.06132567e+03	-2.95373024e+09	3.02287709e-09
2.86000000e+01	2.40459998e+01	1.37497849e+06	5.35165614e+04	1.00000000e-09	2.85545080e+04	1.00000000e-10	2.85545080e+03	-2.75509119e+09	2.77911390e-09
2.87000000e+01	2.41300768e+01	1.36838789e+06	5.32600437e+04	1.00000000e-09	1.00000000e-09	1.00000000e-10	1.00000000e-10	0.00000000e+00	2.55500764e-09
2.88000000e+01	2.42141537e+01	1.36179728e+06	5.30035259e+04	1.00000000e-09	1.00000000e-09	1.00000000e-10	1.00000000e-10	0.00000000e+00	2.34897319e-09
2.89000000e+01	2.42982306e+01	1.35520668e+06	5.27470081e+04	1.00000000e-09	5.59067509e+03	1.00000000e-10	5.59067509e+02	-5.39418143e+08	2.15955324e-09
2.90000000e+01	2.43823075e+01	1.34861788e+06	5.24905606e+04	1.00000000e-09	3.83541375e+04	1.00000000e-10	3.83541375e+03	-3.70061170e+09	1.98540802e-09
2.91000000e+01	2.44663844e+01	1.34203641e+06	5.22343981e+04	1.00000000e-09	9.06101350e+03	1.00000000e-10	9.06101350e+02	-8.74254897e+08	1.82530578e-09
2.92000000e+01	2.45504614e+01	1.33545511e+06	5.19782427e+04	1.00000000e-09	1.00000000e-09	1.00000000e-10	1.00000000e-10	0.00000000e+00	1.67811410e-09
2.93000000e+01	2.46345383e+01	1.32887382e+06	5.17220874e+04	1.00000000e-09	1.00000000e-09	1.00000000e-10	1.00000000e-10	0.00000000e+00	1.54279187e-09
2.94000000e+01	2.47186152e+01	1.32229253e+06	5.14659321e+04	1.00000000e-09	2.59810438e+04	1.00000000e-10	2.59810438e+03	-2.50678964e+09	1.41838196e-09
2.95000000e+01	2.48026921e+01	1.31571709e+06	5.12100043e+04	1.00000000e-09	3.25769884e+04	1.00000000e-10	3.25769884e+03	-3.14320155e+09	1.30400439e-09
2.96000000e+01	2.48867691e+01	1.30914603e+06	5.09542473e+04	1.00000000e-09	1.00000000e-09	1.00000000e-10	1.00000000e-10	0.00000000e+00	1.19885018e-09
2.97000000e+01	2.49708460e+01	1.30257497e+06	5.06984904e+04	1.00000000e-09	1.00000000e-09	1.00000000e-10	1.00000000e-10	0.00000000e+00	1.10217554e-09
2.98000000e+01	2.50549229e+01	1.29600392e+06	5.04427334e+04	1.00000000e-09	1.00000000e-09	1.00000000e-10	1.00000000e-10	0.00000000e+00	1.01329669e-09
2.99000000e+01	2.51389998e+01	1.28943440e+06	5.01870363e+04	1.00000000e-09	3.72529663e+04	1.00000000e-10	3.72529663e+03	-3.59436483e+09	9.31584987e-10
3.00000000e+01	2.52230767e+01	1.28287036e+06	4.99315525e+04	1.00000000e-09	1.56899953e+04	1.00000000e-10	1.56899953e+03	-1.51385441e+09	8.56462471e-10
3.01000000e+01	2.53071537e+01	1.27630638e+06	4.96760707e+04	1.00000000e-09	1.00000000e-09	1.00000000e-10	1.00000000e-10	0.00000000e+00	7.87397794e-10
3.02000000e+01	2.53912306e+01	1.26974239e+06	4.94205889e+04	1.00000000e-09	1.00000000e-09	1.00000000e-10	1.00000000e-10	0.00000000e+00	7.23902457e-10
3.03000000e+01	2.54753075e+01	1.26317840e+06	4.91651071e+04	1.00000000e-09	2.02058825e+04	1.00000000e-10	2.02058825e+03	-1.94957128e+09	6.65527349e-10
3.04000000e+01	2.55593844e+01	1.25661783e+06	4.89097582e+04	1.00000000e-09	3.56488484e+04	1.00000000e-10	3.56488484e+03	-3.43959098e+09	6.11859579e-10
3.05000000e+01	2.56434614e+01	1.25005988e+06	4.86545112e+04	1.00000000e-09	1.00000000e-09	1.00000000e-10	1.00000000e-10	0.00000000e+00	5.62519549e-10
3.06000000e+01	2.57275383e+01	1.24350193e+06	4.83992642e+04	1.00000000e-09	1.00000000e-09	1.00000000e-10	1.00000000e-10	0.00000000e+00	5.17158273e-10
3.07000000e+01	2.58116152e+01	1.23694397e+06	4.81440172e+04	1.00000000e-09	1.00000000e-09	1.00000000e-10	1.00000000e-10	0.00000000e+00	4.75454906e-10
3.08000000e+01	2.58956921e+01	1.23038625e+06	4.78887793e+04	1.00000000e-09	3.47695261e+04	1.00000000e-10	3.47695261e+03	-3.35474927e+09	4.37114476e-10
3.09000000e+01	2.59797690e+01	1.22383077e+06	4.76336285e+04	1.00000000e-09	2.21157259e+04	1.00000000e-10	2.21157259e+03	-2.13384316e+09	4.01865798e-10
3.10000000e+01	2.60638460e+01	1.21727600e+06	4.73785056e+04	1.00000000e-09	1.00000000e-09	1.00000000e-10	1.00000000e-10	0.00000000e+00	3.69459555e-10
3.11000000e+01	2.61479229e+01	1.21072124e+06	4.71233826e+04	1.00000000e-09	1.00000000e-09	1.00000000e-10	1.00000000e-10	0.00000000e+00	3.39666533e-10
3.12000000e+01	2.62319998e+01	1.20416647e+06	4.68682597e+04	1.00000000e-09	1.34515537e+04	1.00000000e-10	1.34515537e+03	-1.29787763e+09	3.12276006e-10
3.13000000e+01	2.63160767e+01	1.19761170e+06	4.66131368e+04	1.00000000e-09	3.76326436e+04	1.00000000e-10	3.76326436e+03	-3.63099812e+09	2.87094235e-10
3.14000000e+01	2.64001537e+01	1.19105820e+06	4.63580630e+04	1.00000000e-09	1.24491911e+03	1.00000000e-10	1.24491911e+02	-1.20116434e+08	2.63943109e-10
3.15000000e+01	2.64842306e+01	1.18450540e+06	4.61030165e+04	1.00000000e-09	1.00000000e-09	1.00000000e-10	1.00000000e-10	0.00000000e+00	2.42658878e-10
3.16000000e+01	2.65683075e+01	1.17795260e+06	4.58479700e+04	1.00000000e-09	1.00000000e-09	1.00000000e-10	1.00000000e-10	0.00000000e+00	2.23090996e-10
3.17000000e+01	2.66523844e+01	1.17139980e+06	4.55929235e+04	1.00000000e-09	3.09751164e+04	1.00000000e-10	3.09751164e+03	-2.98864439e+09	2.05101057e-10
3.18000000e+01	2.67364614e+01	1.16484699e+06	4.53378770e+04	1.00000000e-09	2.79670546e+04	1.00000000e-10	2.79670546e+03	-2.69841055e+09	1.88561817e-10
3.19000000e+01	2.68205383e+01	1.15829617e+06	4.50829077e+04	1.00000000e-09	1.00000000e-09	1.00000000e-10	1.00000000e-10	0.00000000e+00	1.73356293e-10
3.20000000e+01	2.69046152e+01	1.15174684e+06	4.48279962e+04	1.00000000e-09	1.00000000e-09	1.00000000e-10	1.00000000e-10	0.00000000e+00	1.59376934e-10
3.21000000e+01	2.69886921e+01	1.14519751e+06	4.45730847e+04	1.00000000e-09	6.00888378e+03	1.00000000e-10	6.00888378e+02	-5.79769148e+08	1.46524863e-10
3.22000000e+01	2.70727690e+01	1.13864817e+06	4.43181732e+04	1.00000000e-09	3.82804657e+04	1.00000000e-10	3.82804657e+03	-3.69350345e+09	1.34709176e-10
3.23000000e+01	2.71568460e+01	1.13209949e+06	4.40632870e+04	1.00000000e-09	8.98107066e+03	1.00000000e-10	8.98107066e+02	-8.66541585e+08	1.23846300e-10
3.24000000e+01	2.72409229e+01	1.12555428e+06	4.38085360e+04	1.00000000e-09	1.00000000e-09	1.00000000e-10	1.00000000e-10	0.00000000e+00	1.13859401e-10
3.25000000e+01	2.73249998e+01	1.11900977e+06	4.35538124e+04	1.00000000e-09	1.00000000e-09	1.00000000e-10	1.00000000e-10	0.00000000e+00	1.04677839e-10
3.26000000e+01	2.74090767e+01	1.11246526e+06	4.32990888e+04	1.00000000e-09	2.60045213e+04	1.00000000e-10	2.60045213e+03	-2.50905487e+09	9.62366743e-11
3.27000000e+01	2.74931537e+01	1.10592076e+06	4.30443651e+04	1.00000000e-09	3.29325342e+04	1.00000000e-10	3.29325342e+03	-3.17750650e+09	8.84762003e-11
3.28000000e+01	2.75772306e+01	1.09937914e+06	4.27897540e+04	1.00000000e-09	1.00000000e-09	1.00000000e-10	1.00000000e-10	0.00000000e+00	8.13415267e-11
3.29000000e+01	2.76613075e+01	1.09284122e+06	4.25352866e+04	1.00000000e-09	1.00000000e-09	1.00000000e-10	1.00000000e-10	0.00000000e+00	7.47821894e-11
3.30000000e+01	2.77453844e+01	1.08630329e+06	4.22808191e+04	1.00000000e-09	1.00000000e-09	1.00000000e-10	1.00000000e-10	0.00000000e+00	6.87517936e-11
3.31000000e+01	2.78294613e+01	1.07976537e+06	4.20263517e+04	1.00000000e-09	3.75757948e+04	1.00000000e-10	3.75757948e+03	-3.62551304e+09	6.32076857e-11
3.32000000e+01	2.79135383e+01	1.07322744e+06	4.17718842e+04	1.00000000e-09	1.66112156e+04	1.00000000e-10	1.66112156e+03	-1.60273866e+09	5.81106517e-11
3.33000000e+01	2.79976152e+01	1.06669424e+06	4.15176007e+04	1.00000000e-09	1.00000000e-09	1.00000000e-10	1.00000000e-10	0.00000000e+00	5.34246397e-11
3.34000000e+01	2.80816921e+01	1.06016340e+06	4.12634089e+04	1.00000000e-09	1.00000000e-09	1.00000000e-10	1.00000000e-10	0.00000000e+00	4.91165053e-11
3.35000000e+01	2.81657690e+01	1.05363256e+06	4.10092171e+04	1.00000000e-09	1.98573666e+04	1.00000000e-10	1.98573666e+03	-1.91594461e+09	4.51557765e-11
3.36000000e+01	2.82498460e+01	1.04710171e+06	4.07550253e+04	1.00000000e-09	3.68349650e+04	1.00000000e-10	3.68349650e+03	-3.55403384e+09	4.15144388e-11
3.37000000e+01	2.83339229e+01	1.04057326e+06	4.05009265e+04	1.00000000e-09	1.00000000e-09	1.00000000e-10	1.00000000e-10	0.00000000e+00	3.81667366e-11
3.38000000e+01	2.84179998e+01	1.03405023e+06	4.02470387e+04	1.00000000e-09	1.00000000e-09	1.00000000e-10	1.00000000e-10	0.00000000e+00	3.50889914e-11
3.39000000e+01	2.85020767e+01	1.02752719e+06	3.99931509e+04	1.00000000e-09	1.00000000e-09	1.00000000e-10	1.00000000e-10	0.00000000e+00	3.22594338e-11
3.40000000e+01	2.85861536e+01	1.02100416e+06	3.97392631e+04	1.00000000e-09	3.53210970e+04	1.00000000e-10	3.53210970e+03	-3.40796777e+09	2.96580503e-11
3.41000000e+01	2.86702306e+01	1.01448113e+06	3.94853753e+04	1.00000000e-09	2.39021304e+04	1.00000000e-10	2.39021304e+03	-2.30620499e+09	2.72664410e-11
3.42000000e+01	2.87543075e+01	1.00796346e+06	3.92316962e+04	1.00000000e-09	1.00000000e-09	1.00000000e-10	1.00000000e-10	0.00000000e+00	2.50676897e-11
3.43000000e+01	2.88383844e+01	1.00145033e+06	3.89781940e+04	1.00000000e-09	1.00000000e-09	1.00000000e-10	1.00000000e-10	0.00000000e+00	2.30462446e-11
3.44000000e+01	2.89224613e+01	9.94937211e+05	3.87246919e+04	1.00000000e-09	1.25765383e+04	1.00000000e-10	1.25765383e+03	-1.21345148e+09	2.11878078e-11
3.45000000e+01	2.90065383e+01	9.88424088e+05	3.84711898e+04	1.00000000e-09	3.93972287e+04	1.00000000e-10	3.93972287e+03	-3.80125469e+09	1.94792342e-11
3.46000000e+01	2.90906152e+01	9.81912524e+05	3.82177484e+04	1.00000000e-09	2.89761182e+03	1.00000000e-10	2.89761182e+02	-2.79577038e+08	1.79084392e-11
3.47000000e+01	2.91746921e+01	9.75408380e+05	3.79645957e+04	1.00000000e-09	1.00000000e-09	1.00000000e-10	1.00000000e-10	0.00000000e+00	1.64643122e-11
3.48000000e+01	2.92587690e+01	9.68904779e+05	3.77114643e+04	1.00000000e-09	1.00000000e-09	1.00000000e-10	1.00000000e-10	0.00000000e+00	1.51366389e-11
3.49000000e+01	2.93428459e+01	9.62401179e+05	3.74583328e+04	1.00000000e-09	3.14388670e+04	1.00000000e-10	3.14388670e+03	-3.03338953e+09	1.39160284e-11
3.50000000e+01	2.94269229e+01	9.55897579e+05	3.72052013e+04	1.00000000e-09	3.05985061e+04	1.00000000e-10	3.05985061e+03	-2.95230703e+09	1.27938473e-11
3.51000000e+01	2.95109998e+01	9.49400354e+05	3.69523180e+04	1.00000000e-09	1.00000000e-09	1.00000000e-10	1.00000000e-10	0.00000000e+00	1.17621583e-11
3.52000000e+01	2.95950767e+01	9.42909035e+05	3.66996646e+04	1.00000000e-09	1.00000000e-09	1.00000000e-10	1.00000000e-10	0.00000000e+00	1.08136641e-11
3.53000000e+01	2.96791536e+01	9.36417717e+05	3.64470111e+04	1.00000000e-09	4.34580965e+03	1.00000000e-10	4.34580965e+02	-4.19306888e+08	9.94165601e-12
3.54000000e+01	2.97632306e+01	9.29926398e+05	3.61943577e+04	1.00000000e-09	4.03803056e+04	1.00000000e-10	4.03803056e+03	-3.89610720e+09	9.13996618e-12
3.55000000e+01	2.98473075e+01	9.23436844e+05	3.59417729e+04	1.00000000e-09	1.15629337e+04	1.00000000e-10	1.15629337e+03	-1.11565350e+09	8.40292419e-12
3.56000000e+01	2.99313844e+01	9.16955844e+05	3.56895211e+04	1.00000000e-09	1.00000000e-09	1.00000000e-10	1.00000000e-10	0.00000000e+00	7.72531687e-12
3.57000000e+01	3.00154613e+01	9.10475045e+05	3.54372771e+04	1.00000000e-09	1.00000000e-09	1.00000000e-10	1.00000000e-10	0.00000000e+00	7.10235144e-12
3.58000000e+01	3.00995383e+01	9.03994247e+05	3.51850331e+04	1.00000000e-09	2.59424612e+04	1.00000000e-10	2.59424612e+03	-2.50306699e+09	6.52962161e-12
3.59000000e+01	3.01836152e+01	8.97513449e+05	3.49327891e+04	1.00000000e-09	3.62171432e+04	1.00000000e-10	3.62171432e+03	-3.49442309e+09	6.00307641e-12
3.60000000e+01	3.02676921e+01	8.91039479e+05	3.46808109e+04	1.00000000e-09	1.00000000e-09	1.00000000e-10	1.00000000e-10	0.00000000e+00	5.51899153e-12
3.61000000e+01	3.03517690e+01	8.84570543e+05	3.44290286e+04	1.00000000e-09	1.00000000e-09	1.00000000e-10	1.00000000e-10	0.00000000e+00	5.07394300e-12
3.62000000e+01	3.04358459e+01	8.78101607e+05	3.41772464e+04	1.00000000e-09	1.00000000e-09	1.00000000e-10	1.00000000e-10	0.00000000e+00	4.66478295e-12
3.63000000e+01	3.05199229e+01	8.71632671e+05	3.39254641e+04	1.00000000e-09	3.94168228e+04	1.00000000e-10	3.94168228e+03	-3.80314524e+09	4.28861734e-12
3.64000000e+01	3.06039998e+01	8.65165652e+05	3.36737565e+04	1.00000000e-09	2.00414434e+04	1.00000000e-10	2.00414434e+03	-1.93370533e+09	3.94278553e-12
3.65000000e+01	3.06880767e+01	8.58705148e+05	3.34223023e+04	1.00000000e-09	1.00000000e-09	1.00000000e-10	1.00000000e-10	0.00000000e+00	3.62484141e-12
3.66000000e+01	3.07721536e+01	8.52244725e+05	3.31708514e+04	1.00000000e-09	1.00000000e-09	1.00000000e-10	1.00000000e-10	0.00000000e+00	3.33253613e-12
3.67000000e+01	3.08562306e+01	8.45784303e+05	3.29194005e+04	1.00000000e-09	1.87747675e+04	1.00000000e-10	1.87747675e+03	-1.81148968e+09	3.06380220e-12
3.68000000e+01	3.09403075e+01	8.39323880e+05	3.26679496e+04	1.00000000e-09	4.01471896e+04	1.00000000e-10	4.01471896e+03	-3.87361492e+09	2.81673882e-12
3.69000000e+01	3.10243844e+01	8.32867645e+05	3.24166617e+04	1.00000000e-09	1.00000000e-09	1.00000000e-10	1.00000000e-10	0.00000000e+00	2.58959851e-12
3.70000000e+01	3.11084613e+01	8.26415014e+05	3.21655140e+04	1.00000000e-09	1.00000000e-09	1.00000000e-10	1.00000000e-10	0.00000000e+00	2.38077467e-12
3.71000000e+01	3.11925382e+01	8.19962382e+05	3.19143663e+04	1.00000000e-09	1.00000000e-09	1.00000000e-10	1.00000000e-10	0.00000000e+00	2.18879027e-12
3.72000000e+01	3.12766152e+01	8.13509750e+05	3.16632186e+04	1.00000000e-09	3.61291922e+04	1.00000000e-10	3.61291922e+03	-3.48593711e+09	2.01228739e-12
3.73000000e+01	3.13606921e+01	8.07057156e+05	3.14120724e+04	1.00000000e-09	2.79222821e+04	1.00000000e-10	2.79222821e+03	-2.69409066e+09	1.85001761e-12
3.74000000e+01	3.14447690e+01	8.00608248e+05	3.11610697e+04	1.00000000e-09	1.00000000e-09	1.00000000e-10	1.00000000e-10	0.00000000e+00	1.70083318e-12
3.75000000e+01	3.15288459e+01	7.94160888e+05	3.09101272e+04	1.00000000e-09	1.00000000e-09	1.00000000e-10	1.00000000e-10	0.00000000e+00	1.56367890e-12
3.76000000e+01	3.16129229e+01	7.87713528e+05	3.06591847e+04	1.00000000e-09	1.00308598e+04	1.00000000e-10	1.00308598e+03	-9.67830838e+08	1.43758467e-12
3.77000000e+01	3.16969998e+01	7.81266168e+05	3.04082422e+04	1.00000000e-09	4.20312705e+04	1.00000000e-10	4.20312705e+03	-4.05540109e+09	1.32165861e-12
3.78000000e+01	3.17810767e+01	7.74819704e+05	3.01573345e+04	1.00000000e-09	6.68014257e+03	1.00000000e-10	6.68014257e+02	-6.44535774e+08	1.21508076e-12
3.79000000e+01	3.18651536e+01	7.68376611e+05	2.99065581e+04	1.00000000e-09	1.00000000e-09	1.00000000e-10	1.00000000e-10	0.00000000e+00	1.11709730e-12
3.80000000e+01	3.19492305e+01	7.61934073e+05	2.96558033e+04	1.00000000e-09	1.00000000e-09	1.00000000e-10	1.00000000e-10	0.00000000e+00	1.02701517e-12
3.81000000e+01	3.20333075e+01	7.55491535e+05	2.94050485e+04	1.00000000e-09	3.05756220e+04	1.00000000e-10	3.05756220e+03	-2.95009904e+09	9.44197214e-13
3.82000000e+01	3.21173844e+01	7.49048997e+05	2.91542937e+04	1.00000000e-09	3.46659140e+04	1.00000000e-10	3.46659140e+03	-3.34475222e+09	8.68057654e-13
3.83000000e+01	3.22014613e+01	7.42608571e+05	2.89036211e+04	1.00000000e-09	1.00000000e-09	1.00000000e-10	1.00000000e-10	0.00000000e+00	7.98057949e-13
3.84000000e+01	3.22855382e+01	7.36171429e+05	2.86530763e+04	1.00000000e-09	1.00000000e-09	1.00000000e-10	1.00000000e-10	0.00000000e+00	7.33702982e-13
3.85000000e+01	3.23696152e+01	7.29734287e+05	2.84025315e+04	1.00000000e-09	2.64219739e+02	1.00000000e-10	2.64219739e+01	-2.54933293e+07	6.74537565e-13
3.86000000e+01	3.24536921e+01	7.23297145e+05	2.81519867e+04	1.00000000e-09	4.16584499e+04	1.00000000e-10	4.16584499e+03	-4.01942937e+09	6.20143216e-13
3.87000000e+01	3.25377690e+01	7.16860003e+05	2.79014419e+04	1.00000000e-09	1.63629264e+04	1.00000000e-10	1.63629264e+03	-1.57878239e+09	5.70135198e-13
3.88000000e+01	3.26218459e+01	7.10426157e+05	2.76510254e+04	1.00000000e-09	1.00000000e-09	1.00000000e-10	1.00000000e-10	0.00000000e+00	5.24159800e-13
3.89000000e+01	3.27059228e+01	7.03994457e+05	2.74006924e+04	1.00000000e-09	1.00000000e-09	1.00000000e-10	1.00000000e-10	0.00000000e+00	4.81891834e-13
3.90000000e+01	3.27899998e+01	6.97562756e+05	2.71503594e+04	1.00000000e-09	2.30826609e+04	1.00000000e-10	2.30826609e+03	-2.22713820e+09	4.43032333e-13
3.91000000e+01	3.28740767e+01	6.91131056e+05	2.69000264e+04	1.00000000e-09	3.97809499e+04	1.00000000e-10	3.97809499e+03	-3.83827816e+09	4.07306443e-13
3.92000000e+01	3.29581536e+01	6.84700345e+05	2.66497319e+04	1.00000000e-09	1.00000000e-09	1.00000000e-10	1.00000000e-10	0.00000000e+00	3.74461468e-13
3.93000000e+01	3.30422305e+01	6.78272656e+05	2.63995550e+04	1.00000000e-09	1.00000000e-09	1.00000000e-10	1.00000000e-10	0.00000000e+00	3.44265096e-13
3.94000000e+01	3.31263075e+01	6.71845278e+05	2.61493903e+04	1.00000000e-09	1.00000000e-09	1.00000000e-10	1.00000000e-10	0.00000000e+00	3.16503742e-13
3.95000000e+01	3.32103844e+01	6.65417901e+05	2.58992255e+04	1.00000000e-09	3.88692747e+04	1.00000000e-10	3.88692747e+03	-3.75031488e+09	2.90981049e-13
3.96000000e+01	3.32944613e+01	6.58990524e+05	2.56490608e+04	1.00000000e-09	2.54335180e+04	1.00000000e-10	2.54335180e+03	-2.45396143e+09	2.67516493e-13
3.97000000e+01	3.33785382e+01	6.52564341e+05	2.53989426e+04	1.00000000e-09	1.00000000e-09	1.00000000e-10	1.00000000e-10	0.00000000e+00	2.45944106e-13
3.98000000e+01	3.34626152e+01	6.46140167e+05	2.51489025e+04	1.00000000e-09	1.00000000e-09	1.00000000e-10	1.00000000e-10	0.00000000e+00	2.26111304e-13
3.99000000e+01	3.35466921e+01	6.39715993e+05	2.48988624e+04	1.00000000e-09	1.39499972e+04	1.00000000e-10	1.39499972e+03	-1.34597012e+09	2.07877809e-13
4.00000000e+01	3.36307690e+01	6.33291819e+05	2.46488224e+04	1.00000000e-09	4.26113709e+04	1.00000000e-10	4.26113709e+03	-4.11137227e+09	1.91114654e-13
4.01000000e+01	3.37148459e+01	6.26867644e+05	2.43987823e+04	1.00000000e-09	3.09181976e+03	1.00000000e-10	3.09181976e+02	-2.98315256e+08	1.75703270e-13
4.02000000e+01	3.37989228e+01	6.20444199e+05	2.41487706e+04	1.00000000e-09	1.00000000e-09	1.00000000e-10	1.00000000e-10	0.00000000e+00	1.61534652e-13
4.03000000e+01	3.38829998e+01	6.14023039e+05	2.38988478e+04	1.00000000e-09	1.00000000e-09	1.00000000e-10	1.00000000e-10	0.00000000e+00	1.48508584e-13
4.04000000e+01	3.39670767e+01	6.07602133e+05	2.36489350e+04	1.00000000e-09	3.34939779e+04	1.00000000e-10	3.34939779e+03	-3.23167758e+09	1.36532931e-13
4.05000000e+01	3.40511536e+01	6.01181227e+05	2.33990221e+04	1.00000000e-09	3.31656271e+04	1.00000000e-10	3.31656271e+03	-3.19999655e+09	1.25522989e-13
4.06000000e+01	3.41352305e+01	5.94760322e+05	2.31491093e+04	1.00000000e-09	1.00000000e-09	1.00000000e-10	1.00000000e-10	0.00000000e+00	1.15400882e-13
4.07000000e+01	3.42193075e+01	5.88341756e+05	2.28992875e+04	1.00000000e-09	1.00000000e-09	1.00000000e-10	1.00000000e-10	0.00000000e+00	1.06095016e-13
4.08000000e+01	3.43033844e+01	5.81927284e+05	2.26496251e+04	1.00000000e-09	3.48274046e+03	1.00000000e-10	3.48274046e+02	-3.36033370e+08	9.75395708e-14
4.09000000e+01	3.43874613e+01	5.75512811e+05	2.23999626e+04	1.00000000e-09	4.27708769e+04	1.00000000e-10	4.27708769e+03	-4.12676227e+09	8.96740319e-14
4.10000000e+01	3.44715382e+01	5.69098339e+05	2.21503001e+04	1.00000000e-09	1.36487406e+04	1.00000000e-10	1.36487406e+03	-1.31690327e+09	8.24427658e-14
4.11000000e+01	3.45556151e+01	5.62683866e+05	2.19006377e+04	1.00000000e-09	1.00000000e-09	1.00000000e-10	1.00000000e-10	0.00000000e+00	7.57946252e-14
4.12000000e+01	3.46396921e+01	5.56275779e+05	2.16512238e+04	1.00000000e-09	1.00000000e-09	1.00000000e-10	1.00000000e-10	0.00000000e+00	6.96825871e-14
4.13000000e+01	3.47237690e+01	5.49870708e+05	2.14019272e+04	1.00000000e-09	2.55953621e+04	1.00000000e-10	2.55953621e+03	-2.46957701e+09	6.40634205e-14
4.14000000e+01	3.48078459e+01	5.43465637e+05	2.11526306e+04	1.00000000e-09	3.91679690e+04	1.00000000e-10	3.91679690e+03	-3.77913450e+09	5.88973804e-14
4.15000000e+01	3.48919228e+01	5.37060565e+05	2.09033341e+04	1.00000000e-09	1.00000000e-09	1.00000000e-10	1.00000000e-10	0.00000000e+00	5.41479271e-14
4.16000000e+01	3.49759998e+01	5.30660358e+05	2.06542269e+04	1.00000000e-09	1.00000000e-09	1.00000000e-10	1.00000000e-10	0.00000000e+00	4.97814672e-14
4.17000000e+01	3.50600767e+01	5.24268453e+05	2.04054428e+04	1.00000000e-09	1.00000000e-09	1.00000000e-10	1.00000000e-10	0.00000000e+00	4.57671163e-14
4.18000000e+01	3.51441536e+01	5.17876548e+05	2.01566587e+04	1.00000000e-09	4.02019820e+04	1.00000000e-10	4.02019820e+03	-3.87890158e+09	4.20764804e-14
4.19000000e+01	3.52282305e+01	5.11484642e+05	1.99078746e+04	1.00000000e-09	2.40670754e+04	1.00000000e-10	2.40670754e+03	-2.32211976e+09	3.86834555e-14
4.20000000e+01	3.53123074e+01	5.05092737e+05	1.96590905e+04	1.00000000e-09	1.00000000e-09	1.00000000e-10	1.00000000e-10	0.00000000e+00	3.55640423e-14
4.21000000e+01	3.53963844e+01	4.98710724e+05	1.94106914e+04	1.00000000e-09	1.00000000e-09	1.00000000e-10	1.00000000e-10	0.00000000e+00	3.26961769e-14
4.22000000e+01	3.54804613e+01	4.92330710e+05	1.91623701e+04	1.00000000e-09	1.56162919e+04	1.00000000e-10	1.56162919e+03	-1.50674311e+09	3.00595747e-14
4.23000000e+01	3.55645382e+01	4.85950696e+05	1.89140488e+04	1.00000000e-09	4.31216079e+04	1.00000000e-10	4.31216079e+03	-4.16060266e+09	2.76355866e-14
4.24000000e+01	3.56486151e+01	4.79570681e+05	1.86657275e+04	1.00000000e-09	1.74895609e+03	1.00000000e-10	1.74895609e+02	-1.68748609e+08	2.54070677e-14
4.25000000e+01	3.57326921e+01	4.73197754e+05	1.84176821e+04	1.00000000e-09	1.00000000e-09	1.00000000e-10	1.00000000e-10	0.00000000e+00	2.33582553e-14
4.26000000e+01	3.58167690e+01	4.66831943e+05	1.81699136e+04	1.00000000e-09	1.00000000e-09	1.00000000e-10	1.00000000e-10	0.00000000e+00	2.14746581e-14
4.27000000e+01	3.59008459e+01	4.60466132e+05	1.79221451e+04	1.00000000e-09	3.49762780e+04	1.00000000e-10	3.49762780e+03	-3.37469780e+09	1.97429531e-14
4.28000000e+01	3.59849228e+01	4.54100321e+05	1.76743767e+04	1.00000000e-09	3.34494700e+04	1.00000000e-10	3.34494700e+03	-3.22738322e+09	1.81508919e-14
4.29000000e+01	3.60689997e+01	4.47735812e+05	1.74266589e+04	1.00000000e-09	1.00000000e-09	1.00000000e-10	1.00000000e-10	0.00000000e+00	1.66872137e-14
4.30000000e+01	3.61530767e+01	4.41379765e+05	1.71792704e+04	1.00000000e-09	1.00000000e-09	1.00000000e-10	1.00000000e-10	0.00000000e+00	1.53415657e-14
4.31000000e+01	3.62371536e+01	4.35024303e+05	1.69319048e+04	1.00000000e-09	4.30201648e+03	1.00000000e-10	4.30201648e+02	-4.15081489e+08	1.41044300e-14
4.32000000e+01	3.63212305e+01	4.28668841e+05	1.66845391e+04	1.00000000e-09	4.43160692e+04	1.00000000e-10	4.43160692e+03	-4.27585065e+09	1.29670563e-14
4.33000000e+01	3.64053074e+01	4.22313379e+05	1.64371734e+04	1.00000000e-09	1.36131896e+04	1.00000000e-10	1.36131896e+03	-1.31347312e+09	1.19213998e-14
4.34000000e+01	3.64893844e+01	4.15963464e+05	1.61900237e+04	1.00000000e-09	1.00000000e-09	1.00000000e-10	1.00000000e-10	0.00000000e+00	1.09600645e-14
4.35000000e+01	3.65734613e+01	4.09618242e+05	1.59430566e+04	1.00000000e-09	1.00000000e-09	1.00000000e-10	1.00000000e-10	0.00000000e+00	1.00762507e-14
4.36000000e+01	3.66575382e+01	4.03273020e+05	1.56960895e+04	1.00000000e-09	2.70833055e+04	1.00000000e-10	2.70833055e+03	-2.61314173e+09	9.26370726e-15
4.37000000e+01	3.67416151e+01	3.96927799e+05	1.54491224e+04	1.00000000e-09	4.06284776e+04	1.00000000e-10	4.06284776e+03	-3.92005216e+09	8.51668685e-15
4.38000000e+01	3.68256921e+01	3.90583156e+05	1.52021778e+04	1.00000000e-09	1.00000000e-09	1.00000000e-10	1.00000000e-10	0.00000000e+00	7.82990577e-15
4.39000000e+01	3.69097690e+01	3.84243303e+05	1.49554197e+04	1.00000000e-09	1.00000000e-09	1.00000000e-10	1.00000000e-10	0.00000000e+00	7.19850635e-15
4.40000000e+01	3.69938459e+01	3.77904956e+05	1.47087201e+04	1.00000000e-09	1.00000000e-09	1.00000000e-10	1.00000000e-10	0.00000000e+00	6.61802264e-15
4.41000000e+01	3.70779228e+01	3.71566609e+05	1.44620206e+04	1.00000000e-09	4.20614847e+04	1.00000000e-10	4.20614847e+03	-4.05831632e+09	6.08434883e-15
4.42000000e+01	3.71619997e+01	3.65228262e+05	1.42153211e+04	1.00000000e-09	2.47741343e+04	1.00000000e-10	2.47741343e+03	-2.39034058e+09	5.59371018e-15
4.43000000e+01	3.72460767e+01	3.58891295e+05	1.39686753e+04	1.00000000e-09	1.00000000e-09	1.00000000e-10	1.00000000e-10	0.00000000e+00	5.14263638e-15
4.44000000e+01	3.73301536e+01	3.52558171e+05	1.37221790e+04	1.00000000e-09	1.00000000e-09	1.00000000e-10	1.00000000e-10	0.00000000e+00	4.72793693e-15
4.45000000e+01	3.74142305e+01	3.46225341e+05	1.34756943e+04	1.00000000e-09	1.66681301e+04	1.00000000e-10	1.66681301e+03	-1.60823007e+09	4.34667862e-15
4.46000000e+01	3.74983074e+01	3.39892511e+05	1.32292095e+04	1.00000000e-09	4.47407757e+04	1.00000000e-10	4.47407757e+03	-4.31682860e+09	3.99616478e-15
4.47000000e+01	3.75823844e+01	3.33559682e+05	1.29827247e+04	1.00000000e-09	1.48340658e+03	1.00000000e-10	1.48340658e+02	-1.43126976e+08	3.67391618e-15
4.48000000e+01	3.76664613e+01	3.27229228e+05	1.27363324e+04	1.00000000e-09	1.00000000e-09	1.00000000e-10	1.00000000e-10	0.00000000e+00	3.37765354e-15
4.49000000e+01	3.77505382e+01	3.20902632e+05	1.24900902e+04	1.00000000e-09	1.00000000e-09	1.00000000e-10	1.00000000e-10	0.00000000e+00	3.10528136e-15
4.50000000e+01	3.78346151e+01	3.14576036e+05	1.22438481e+04	1.00000000e-09	3.62891896e+04	1.00000000e-10	3.62891896e+03	-3.50137451e+09	2.85487313e-15
4.51000000e+01	3.79186920e+01	3.08249440e+05	1.19976059e+04	1.00000000e-09	3.43688987e+04	1.00000000e-10	3.43688987e+03	-3.31609461e+09	2.62465769e-15
4.52000000e+01	3.80027690e+01	3.01922844e+05	1.17513638e+04	1.00000000e-09	1.00000000e-09	1.00000000e-10	1.00000000e-10	0.00000000e+00	2.41300669e-15
4.53000000e+01	3.80868459e+01	2.95600404e+05	1.15052834e+04	1.00000000e-09	1.00000000e-09	1.00000000e-10	1.00000000e-10	0.00000000e+00	2.21842312e-15
4.54000000e+01	3.81709228e+01	2.89281153e+05	1.12593271e+04	1.00000000e-09	4.45228464e+03	1.00000000e-10	4.45228464e+02	-4.29580162e+08	2.03953067e-15
4.55000000e+01	3.82549997e+01	2.82961901e+05	1.10133708e+04	1.00000000e-09	4.54626994e+04	1.00000000e-10	4.54626994e+03	-4.38648365e+09	1.87506400e-15
4.56000000e+01	3.83390767e+01	2.76642650e+05	1.07674145e+04	1.00000000e-09	1.40317715e+04	1.00000000e-10	1.40317715e+03	-1.35386014e+09	1.72385984e-15
4.57000000e+01	3.84231536e+01	2.70324631e+05	1.05215062e+04	1.00000000e-09	1.00000000e-09	1.00000000e-10	1.00000000e-10	0.00000000e+00	1.58484870e-15
4.58000000e+01	3.85072305e+01	2.64011590e+05	1.02757917e+04	1.00000000e-09	1.00000000e-09	1.00000000e-10	1.00000000e-10	0.00000000e+00	1.45704735e-15
4.59000000e+01	3.85913074e+01	2.57698917e+05	1.00300914e+04	1.00000000e-09	2.74044638e+04	1.00000000e-10	2.74044638e+03	-2.64412879e+09	1.33955183e-15
4.60000000e+01	3.86753843e+01	2.51386243e+05	9.78439113e+03	1.00000000e-09	4.16255883e+04	1.00000000e-10	4.16255883e+03	-4.01625871e+09	1.23153109e-15
4.61000000e+01	3.87594613e+01	2.45073570e+05	9.53869086e+03	1.00000000e-09	1.00000000e-09	1.00000000e-10	1.00000000e-10	0.00000000e+00	1.13222108e-15
4.62000000e+01	3.88435382e+01	2.38764297e+05	9.29312297e+03	1.00000000e-09	1.00000000e-09	1.00000000e-10	1.00000000e-10	0.00000000e+00	1.04091937e-15
4.63000000e+01	3.89276151e+01	2.32458180e+05	9.04767789e+03	1.00000000e-09	1.00000000e-09	1.00000000e-10	1.00000000e-10	0.00000000e+00	9.56980191e-16
4.64000000e+01	3.90116920e+01	2.26152063e+05	8.80223280e+03	1.00000000e-09	4.26226255e+04	1.00000000e-10	4.26226255e+03	-4.11245817e+09	8.79809819e-16
4.65000000e+01	3.90957690e+01	2.19845945e+05	8.55678771e+03	1.00000000e-09	2.58053159e+04	1.00000000e-10	2.58053159e+03	-2.48983447e+09	8.08862425e-16
4.66000000e+01	3.91798459e+01	2.13539828e+05	8.31134262e+03	1.00000000e-09	1.00000000e-09	1.00000000e-10	1.00000000e-10	0.00000000e+00	7.43636191e-16
4.67000000e+01	3.92639228e+01	2.07236609e+05	8.06601036e+03	1.00000000e-09	1.00000000e-09	1.00000000e-10	1.00000000e-10	0.00000000e+00	6.83669765e-16
4.68000000e+01	3.93479997e+01	2.00934731e+05	7.82073028e+03	1.00000000e-09	1.61410229e+04	1.00000000e-10	1.61410229e+03	-1.55737195e+09	6.28539001e-16
4.69000000e+01	3.94320766e+01	1.94632854e+05	7.57545020e+03	1.00000000e-09	4.56158839e+04	1.00000000e-10	4.56158839e+03	-4.40126370e+09	5.77853951e-16
4.70000000e+01	3.95161536e+01	1.88330976e+05	7.33017012e+03	1.00000000e-09	2.45644489e+03	1.00000000e-10	2.45644489e+02	-2.37010901e+08	5.31256117e-16
4.71000000e+01	3.96002305e+01	1.82029098e+05	7.08489003e+03	1.00000000e-09	1.00000000e-09	1.00000000e-10	1.00000000e-10	0.00000000e+00	4.88415907e-16
4.72000000e+01	3.96843074e+01	1.75729624e+05	6.83970352e+03	1.00000000e-09	1.00000000e-09	1.00000000e-10	1.00000000e-10	0.00000000e+00	4.49030309e-16
4.73000000e+01	3.97683843e+01	1.69431345e+05	6.59456353e+03	1.00000000e-09	3.60999535e+04	1.00000000e-10	3.60999535e+03	-3.48311600e+09	4.12820745e-16
4.74000000e+01	3.98524613e+01	1.63133066e+05	6.34942353e+03	1.00000000e-09	3.54877225e+04	1.00000000e-10	3.54877225e+03	-3.42404469e+09	3.79531100e-16
4.75000000e+01	3.99365382e+01	1.56834788e+05	6.10428353e+03	1.00000000e-09	1.00000000e-09	1.00000000e-10	1.00000000e-10	0.00000000e+00	3.48925915e-16
4.76000000e+01	4.00206151e+01	1.50536509e+05	5.85914354e+03	1.00000000e-09	1.00000000e-09	1.00000000e-10	1.00000000e-10	0.00000000e+00	3.20788716e-16
4.77000000e+01	4.01046920e+01	1.44241720e+05	5.61413936e+03	1.00000000e-09	3.39376460e+03	1.00000000e-10	3.39376460e+02	-3.27448504e+08	2.94920485e-16
4.78000000e+01	4.01887690e+01	1.37948508e+05	5.36919657e+03	1.00000000e-09	4.56342941e+04	1.00000000e-10	4.56342941e+03	-4.40304002e+09	2.71138254e-16
4.79000000e+01	4.02728459e+01	1.31655296e+05	5.12425379e+03	1.00000000e-09	1.52368291e+04	1.00000000e-10	1.52368291e+03	-1.47013051e+09	2.49273810e-16
4.80000000e+01	4.03569228e+01	1.25362084e+05	4.87931101e+03	1.00000000e-09	1.00000000e-09	1.00000000e-10	1.00000000e-10	0.00000000e+00	2.29172503e-16
4.81000000e+01	4.04409997e+01	1.19071131e+05	4.63445614e+03	1.00000000e-09	1.00000000e-09	1.00000000e-10	1.00000000e-10	0.00000000e+00	2.10692155e-16
4.82000000e+01	4.05250766e+01	1.12785513e+05	4.38980893e+03	1.00000000e-09	2.63555982e+04	1.00000000e-10	2.63555982e+03	-2.54292865e+09	1.93702052e-16
4.83000000e+01	4.06091536e+01	1.06499896e+05	4.14516173e+03	1.00000000e-09	4.22135434e+04	1.00000000e-10	4.22135434e+03	-4.07298775e+09	1.78082022e-16
4.84000000e+01	4.06932305e+01	1.00214278e+05	3.90051452e+03	1.00000000e-09	1.00000000e-09	1.00000000e-10	1.00000000e-10	0.00000000e+00	1.63721583e-16
4.85000000e+01	4.07773074e+01	9.39286602e+04	3.65586731e+03	1.00000000e-09	1.00000000e-09	1.00000000e-10	1.00000000e-10	0.00000000e+00	1.50519162e-16
4.86000000e+01	4.08613843e+01	8.76491789e+04	3.41145895e+03	1.00000000e-09	1.00000000e-09	1.00000000e-10	1.00000000e-10	0.00000000e+00	1.38381377e-16
4.87000000e+01	4.09454613e+01	8.13742705e+04	3.16722856e+03	1.00000000e-09	4.16824123e+04	1.00000000e-10	4.16824123e+03	-4.02174139e+09	1.27222377e-16
4.88000000e+01	4.10295382e+01	7.50993621e+04	2.92299818e+03	1.00000000e-09	2.70274413e+04	1.00000000e-10	2.70274413e+03	-2.60775165e+09	1.16963232e-16
4.89000000e+01	4.11136151e+01	6.88244536e+04	2.67876780e+03	1.00000000e-09	1.00000000e-09	1.00000000e-10	1.00000000e-10	0.00000000e+00	1.07531379e-16
4.90000000e+01	4.11976920e+01	6.25521681e+04	2.43463950e+03	1.00000000e-09	1.00000000e-09	1.00000000e-10	1.00000000e-10	0.00000000e+00	9.88601065e-17
4.91000000e+01	4.12817689e+01	5.62881122e+04	2.19083152e+03	1.00000000e-09	1.40020609e+04	1.00000000e-10	1.40020609e+03	-1.35099350e+09	9.08880802e-17
4.92000000e+01	4.13658459e+01	5.00240563e+04	1.94702354e+03	1.00000000e-09	4.54410882e+04	1.00000000e-10	4.54410882e+03	-4.38439848e+09	8.35589140e-17
4.93000000e+01	4.14499228e+01	4.37600005e+04	1.70321556e+03	1.00000000e-09	4.63600325e+03	1.00000000e-10	4.63600325e+02	-4.47306314e+08	7.68207678e-17
4.94000000e+01	4.15339997e+01	3.74959446e+04	1.45940758e+03	1.00000000e-09	1.00000000e-09	1.00000000e-10	1.00000000e-10	0.00000000e+00	7.06259821e-17
4.95000000e+01	4.16180766e+01	3.12394364e+04	1.21589336e+03	1.00000000e-09	1.00000000e-09	1.00000000e-10	1.00000000e-10	0.00000000e+00	6.49307406e-17
4.96000000e+01	4.17021536e+01	2.49887048e+04	9.72603983e+02	1.00000000e-09	3.39210708e+04	1.00000000e-10	3.39210708e+03	-3.27288578e+09	5.96947603e-17
4.97000000e+01	4.17862305e+01	1.87379732e+04	7.29314605e+02	1.00000000e-09	3.68052873e+04	1.00000000e-10	3.68052873e+03	-3.55117037e+09	5.48810067e-17
4.98000000e+01	4.18703074e+01	1.24872416e+04	4.86025227e+02	1.00000000e-09	1.00000000e-09	1.00000000e-10	1.00000000e-10	0.00000000e+00	5.04554316e-17
4.99000000e+01	4.19543843e+01	6.23899620e+03	2.42832616e+02	1.00000000e-09	1.00000000e-09	1.00000000e-10	1.00000000e-10	0.00000000e+00	4.63867326e-17
5.00000000e+01	4.20384612e+01	0.00000000e+00	0.00000000e+00	1.00000000e+01	1.00000000e+01	1.00000000e+00	1.00000000e+00	0.00000000e+00	4.26461312e-17
