# 1D PNP Solver Results
# Debye length: 1.18939 nm
# Surface potential: 100 mV
# Bulk concentration: 10 mol/m^3
# Thermal voltage: 25.6926 mV
# Grid: non-uniform with stretching factor 1
#
# Columns:
# 1: x [nm]
# 2: x/lambda_D [-]
# 3: phi [mV]
# 4: phi_normalized = e*phi/(kB*T) [-]
# 5: c+ [mol/m^3]
# 6: c- [mol/m^3]
# 7: c+/c0 [-]
# 8: c-/c0 [-]
# 9: rho [C/m^3]
# 10: phi_GC [mV] (Gouy-Chapman analytical)
0.00000000e+00	0.00000000e+00	1.00000000e+02	3.89217445e+00	1.00000000e-09	1.00000000e-09	1.00000000e-10	1.00000000e-10	0.00000000e+00	1.00000000e+02
1.00000000e-01	8.40769225e-02	-2.16898550e+05	-8.44206994e+03	1.00000000e-09	1.00000000e-09	1.00000000e-10	1.00000000e-10	0.00000000e+00	8.70576373e+01
2.00000000e-01	1.68153845e-01	-4.33897100e+05	-1.68880321e+04	1.00000000e-09	6.40005025e+05	1.00000000e-10	6.40005025e+04	-6.17510974e+10	7.68715638e+01
3.00000000e-01	2.52230767e-01	-6.50895650e+05	-2.53339942e+04	1.00000000e-09	2.07269525e+04	1.00000000e-10	2.07269525e+03	-1.99984689e+09	6.85207345e+01
4.00000000e-01	3.36307690e-01	-8.67894200e+05	-3.37799563e+04	1.00000000e-09	1.00000000e-09	1.00000000e-10	1.00000000e-10	0.00000000e+00	6.14862309e+01
5.00000000e-01	4.20384612e-01	-1.08061924e+06	-4.20595859e+04	1.00000000e-09	1.00000000e-09	1.00000000e-10	1.00000000e-10	0.00000000e+00	5.54461690e+01
6.00000000e-01	5.04461535e-01	-1.29328216e+06	-5.03367977e+04	1.00000000e-09	6.39446389e+05	1.00000000e-10	6.39446389e+04	-6.16971972e+10	5.01866549e+01
7.00000000e-01	5.88538457e-01	-1.50594508e+06	-5.86140095e+04	1.00000000e-09	4.22794884e+04	1.00000000e-10	4.22794884e+03	-4.07935048e+09	4.55579535e+01
8.00000000e-01	6.72615380e-01	-1.71860800e+06	-6.68912214e+04	1.00000000e-09	1.00000000e-09	1.00000000e-10	1.00000000e-10	0.00000000e+00	4.14508515e+01
9.00000000e-01	7.56692302e-01	-1.92699003e+06	-7.50018136e+04	1.00000000e-09	1.00000000e-09	1.00000000e-10	1.00000000e-10	0.00000000e+00	3.77829914e+01
1.00000000e+00	8.40769225e-01	-2.13524006e+06	-8.31072680e+04	1.00000000e-09	6.38460026e+05	1.00000000e-10	6.38460026e+04	-6.16020277e+10	3.44905241e+01
1.10000000e+00	9.24846147e-01	-2.34349009e+06	-9.12127223e+04	1.00000000e-09	6.47150902e+04	1.00000000e-10	6.47150902e+03	-6.24405697e+09	3.15227780e+01
1.20000000e+00	1.00892307e+00	-2.55174011e+06	-9.93181767e+04	1.00000000e-09	1.00000000e-09	1.00000000e-10	1.00000000e-10	0.00000000e+00	2.88387272e+01
1.30000000e+00	1.09299999e+00	-2.75569553e+06	-1.07256477e+05	1.00000000e-09	1.00000000e-09	1.00000000e-10	1.00000000e-10	0.00000000e+00	2.64045776e+01
1.40000000e+00	1.17707691e+00	-2.95944385e+06	-1.15186717e+05	1.00000000e-09	6.37012536e+05	1.00000000e-10	6.37012536e+04	-6.14623661e+10	2.41920729e+01
1.50000000e+00	1.26115384e+00	-3.16319216e+06	-1.23116957e+05	1.00000000e-09	8.81007014e+04	1.00000000e-10	8.81007014e+03	-8.50042543e+09	2.21772778e+01
1.60000000e+00	1.34523076e+00	-3.36694048e+06	-1.31047197e+05	1.00000000e-09	1.00000000e-09	1.00000000e-10	1.00000000e-10	0.00000000e+00	2.03396868e+01
1.70000000e+00	1.42930768e+00	-3.56637346e+06	-1.38809477e+05	1.00000000e-09	1.00000000e-09	1.00000000e-10	1.00000000e-10	0.00000000e+00	1.86615585e+01
1.80000000e+00	1.51338460e+00	-3.76551806e+06	-1.46560532e+05	1.00000000e-09	6.35066850e+05	1.00000000e-10	6.35066850e+04	-6.12746359e+10	1.71274116e+01
1.90000000e+00	1.59746153e+00	-3.96466265e+06	-1.54311587e+05	1.00000000e-09	1.12514525e+05	1.00000000e-10	1.12514525e+04	-1.08560013e+10	1.57236358e+01
2.00000000e+00	1.68153845e+00	-4.16380724e+06	-1.62062642e+05	1.00000000e-09	1.00000000e-09	1.00000000e-10	1.00000000e-10	0.00000000e+00	1.44381886e+01
2.10000000e+00	1.76561537e+00	-4.35860802e+06	-1.69644628e+05	1.00000000e-09	1.00000000e-09	1.00000000e-10	1.00000000e-10	0.00000000e+00	1.32603556e+01
2.20000000e+00	1.84969229e+00	-4.55303178e+06	-1.77211940e+05	1.00000000e-09	6.32581464e+05	1.00000000e-10	6.32581464e+04	-6.10348327e+10	1.21805577e+01
2.30000000e+00	1.93376922e+00	-4.74745554e+06	-1.84779252e+05	1.00000000e-09	1.38048661e+05	1.00000000e-10	1.38048661e+04	-1.33196709e+10	1.11901960e+01
2.40000000e+00	2.01784614e+00	-4.94187930e+06	-1.92346564e+05	1.00000000e-09	1.00000000e-09	1.00000000e-10	1.00000000e-10	0.00000000e+00	1.02815237e+01
2.50000000e+00	2.10192306e+00	-5.13192211e+06	-1.99743361e+05	1.00000000e-09	1.00000000e-09	1.00000000e-10	1.00000000e-10	0.00000000e+00	9.44754093e+00
2.60000000e+00	2.18599998e+00	-5.32149058e+06	-2.07121697e+05	1.00000000e-09	6.29509432e+05	1.00000000e-10	6.29509432e+04	-6.07384266e+10	8.68190590e+00
2.70000000e+00	2.27007691e+00	-5.51105904e+06	-2.14500032e+05	1.00000000e-09	1.64812515e+05	1.00000000e-10	1.64812515e+04	-1.59019902e+10	7.97886054e+00
2.80000000e+00	2.35415383e+00	-5.70062751e+06	-2.21878367e+05	1.00000000e-09	1.00000000e-09	1.00000000e-10	1.00000000e-10	0.00000000e+00	7.33316685e+00
2.90000000e+00	2.43823075e+00	-5.88576819e+06	-2.29084366e+05	1.00000000e-09	1.00000000e-09	1.00000000e-10	1.00000000e-10	0.00000000e+00	6.74005227e+00
3.00000000e+00	2.52230767e+00	-6.07032685e+06	-2.36267711e+05	1.00000000e-09	6.25797023e+05	1.00000000e-10	6.25797023e+04	-6.03802336e+10	6.19516235e+00
3.10000000e+00	2.60638460e+00	-6.25488551e+06	-2.43451056e+05	1.00000000e-09	1.92937258e+05	1.00000000e-10	1.92937258e+04	-1.86156154e+10	5.69451955e+00
3.20000000e+00	2.69046152e+00	-6.43944416e+06	-2.50634400e+05	1.00000000e-09	1.00000000e-09	1.00000000e-10	1.00000000e-10	0.00000000e+00	5.23448697e+00
3.30000000e+00	2.77453844e+00	-6.61951730e+06	-2.57643161e+05	1.00000000e-09	1.00000000e-09	1.00000000e-10	1.00000000e-10	0.00000000e+00	4.81173646e+00
3.40000000e+00	2.85861536e+00	-6.79888836e+06	-2.64624596e+05	1.00000000e-09	6.21381928e+05	1.00000000e-10	6.21381928e+04	-5.99542417e+10	4.42322017e+00
3.50000000e+00	2.94269229e+00	-6.97825942e+06	-2.71606030e+05	1.00000000e-09	2.22581747e+05	1.00000000e-10	2.22581747e+04	-2.14758738e+10	4.06614534e+00
3.60000000e+00	3.02676921e+00	-7.15763049e+06	-2.78587465e+05	1.00000000e-09	1.00000000e-09	1.00000000e-10	1.00000000e-10	0.00000000e+00	3.73795159e+00
3.70000000e+00	3.11084613e+00	-7.33244590e+06	-2.85391586e+05	1.00000000e-09	1.00000000e-09	1.00000000e-10	1.00000000e-10	0.00000000e+00	3.43629058e+00
3.80000000e+00	3.19492305e+00	-7.50642439e+06	-2.92163132e+05	1.00000000e-09	6.16190789e+05	1.00000000e-10	6.16190789e+04	-5.94533730e+10	3.15900770e+00
3.90000000e+00	3.27899998e+00	-7.68040288e+06	-2.98934679e+05	1.00000000e-09	2.53940508e+05	1.00000000e-10	2.53940508e+04	-2.45015343e+10	2.90412542e+00
4.00000000e+00	3.36307690e+00	-7.85438138e+06	-3.05706225e+05	1.00000000e-09	1.00000000e-09	1.00000000e-10	1.00000000e-10	0.00000000e+00	2.66982829e+00
4.10000000e+00	3.44715382e+00	-8.02371992e+06	-3.12297177e+05	1.00000000e-09	1.00000000e-09	1.00000000e-10	1.00000000e-10	0.00000000e+00	2.45444929e+00
4.20000000e+00	3.53123074e+00	-8.19206889e+06	-3.18849612e+05	1.00000000e-09	6.10135755e+05	1.00000000e-10	6.10135755e+04	-5.88691509e+10	2.25645740e+00
4.30000000e+00	3.61530767e+00	-8.36041786e+06	-3.25402048e+05	1.00000000e-09	2.87254684e+05	1.00000000e-10	2.87254684e+04	-2.77158636e+10	2.07444628e+00
4.40000000e+00	3.69938459e+00	-8.52876683e+06	-3.31954483e+05	1.00000000e-09	1.00000000e-09	1.00000000e-10	1.00000000e-10	0.00000000e+00	1.90712395e+00
4.50000000e+00	3.78346151e+00	-8.69237519e+06	-3.38322406e+05	1.00000000e-09	1.00000000e-09	1.00000000e-10	1.00000000e-10	0.00000000e+00	1.75330334e+00
4.60000000e+00	3.86753843e+00	-8.85481977e+06	-3.44645033e+05	1.00000000e-09	6.03109555e+05	1.00000000e-10	6.03109555e+04	-5.81912257e+10	1.61189369e+00
4.70000000e+00	3.95161536e+00	-9.01726436e+06	-3.50967659e+05	1.00000000e-09	3.22827368e+05	1.00000000e-10	3.22827368e+04	-3.11481058e+10	1.48189263e+00
4.80000000e+00	4.03569228e+00	-9.17970894e+06	-3.57290286e+05	1.00000000e-09	1.00000000e-09	1.00000000e-10	1.00000000e-10	0.00000000e+00	1.36237899e+00
4.90000000e+00	4.11976920e+00	-9.33729322e+06	-3.63423741e+05	1.00000000e-09	1.00000000e-09	1.00000000e-10	1.00000000e-10	0.00000000e+00	1.25250612e+00
5.00000000e+00	4.20384612e+00	-9.49351320e+06	-3.69504095e+05	1.00000000e-09	5.94978295e+05	1.00000000e-10	5.94978295e+04	-5.74066784e+10	1.15149587e+00
5.10000000e+00	4.28792305e+00	-9.64973318e+06	-3.75584449e+05	1.00000000e-09	3.61045535e+05	1.00000000e-10	3.61045535e+04	-3.48355983e+10	1.05863300e+00
5.20000000e+00	4.37199997e+00	-9.80595316e+06	-3.81664803e+05	1.00000000e-09	1.00000000e-09	1.00000000e-10	1.00000000e-10	0.00000000e+00	9.73260072e-01
5.30000000e+00	4.45607689e+00	-9.95717070e+06	-3.87550454e+05	1.00000000e-09	1.00000000e-09	1.00000000e-10	1.00000000e-10	0.00000000e+00	8.94772759e-01
5.40000000e+00	4.54015381e+00	-1.01067911e+07	-3.93373940e+05	1.00000000e-09	5.85570586e+05	1.00000000e-10	5.85570586e+04	-5.64989725e+10	8.22615544e-01
5.50000000e+00	4.62423074e+00	-1.02564115e+07	-3.99197426e+05	1.00000000e-09	4.02412268e+05	1.00000000e-10	4.02412268e+04	-3.88268813e+10	7.56277766e-01
5.60000000e+00	4.70830766e+00	-1.04060318e+07	-4.05020912e+05	1.00000000e-09	1.00000000e-09	1.00000000e-10	1.00000000e-10	0.00000000e+00	6.95289988e-01
5.70000000e+00	4.79238458e+00	-1.05504809e+07	-4.10643121e+05	1.00000000e-09	1.00000000e-09	1.00000000e-10	1.00000000e-10	0.00000000e+00	6.39220665e-01
5.80000000e+00	4.87646150e+00	-1.06930597e+07	-4.16192537e+05	1.00000000e-09	5.74660588e+05	1.00000000e-10	5.74660588e+04	-5.54463177e+10	5.87673079e-01
5.90000000e+00	4.96053843e+00	-1.08356385e+07	-4.21741952e+05	1.00000000e-09	4.47595486e+05	1.00000000e-10	4.47595486e+04	-4.31863991e+10	5.40282524e-01
6.00000000e+00	5.04461535e+00	-1.09782173e+07	-4.27291368e+05	1.00000000e-09	1.00000000e-09	1.00000000e-10	1.00000000e-10	0.00000000e+00	4.96713722e-01
6.10000000e+00	5.12869227e+00	-1.11154234e+07	-4.32631671e+05	1.00000000e-09	1.00000000e-09	1.00000000e-10	1.00000000e-10	0.00000000e+00	4.56658442e-01
6.20000000e+00	5.21276919e+00	-1.12504357e+07	-4.37886585e+05	1.00000000e-09	5.61940488e+05	1.00000000e-10	5.61940488e+04	-5.42190147e+10	4.19833321e-01
6.30000000e+00	5.29684612e+00	-1.13854480e+07	-4.43141499e+05	1.00000000e-09	4.97504238e+05	1.00000000e-10	4.97504238e+04	-4.80018616e+10	3.85977854e-01
6.40000000e+00	5.38092304e+00	-1.15204603e+07	-4.48396413e+05	1.00000000e-09	1.00000000e-09	1.00000000e-10	1.00000000e-10	0.00000000e+00	3.54852548e-01
6.50000000e+00	5.46499996e+00	-1.16498589e+07	-4.53432830e+05	1.00000000e-09	1.00000000e-09	1.00000000e-10	1.00000000e-10	0.00000000e+00	3.26237227e-01
6.60000000e+00	5.54907688e+00	-1.17766754e+07	-4.58368751e+05	1.00000000e-09	5.46973636e+05	1.00000000e-10	5.46973636e+04	-5.27749329e+10	2.99929475e-01
6.70000000e+00	5.63315381e+00	-1.19034919e+07	-4.63304671e+05	1.00000000e-09	5.53413083e+05	1.00000000e-10	5.53413083e+04	-5.33962451e+10	2.75743201e-01
6.80000000e+00	5.71723073e+00	-1.20303084e+07	-4.68240592e+05	1.00000000e-09	1.00000000e-09	1.00000000e-10	1.00000000e-10	0.00000000e+00	2.53507323e-01
6.90000000e+00	5.80130765e+00	-1.21512202e+07	-4.72946688e+05	1.00000000e-09	1.00000000e-09	1.00000000e-10	1.00000000e-10	0.00000000e+00	2.33064554e-01
7.00000000e+00	5.88538457e+00	-1.22690782e+07	-4.77533928e+05	1.00000000e-09	5.29109971e+05	1.00000000e-10	5.29109971e+04	-5.10513513e+10	2.14270296e-01
7.10000000e+00	5.96946150e+00	-1.23869362e+07	-4.82121167e+05	1.00000000e-09	6.17174939e+05	1.00000000e-10	6.17174939e+04	-5.95483289e+10	1.96991610e-01
7.20000000e+00	6.05353842e+00	-1.25047942e+07	-4.86708406e+05	1.00000000e-09	1.00000000e-09	1.00000000e-10	1.00000000e-10	0.00000000e+00	1.81106277e-01
7.30000000e+00	6.13761534e+00	-1.26163926e+07	-4.91052008e+05	1.00000000e-09	1.00000000e-09	1.00000000e-10	1.00000000e-10	0.00000000e+00	1.66501937e-01
7.40000000e+00	6.22169226e+00	-1.27243550e+07	-4.95254095e+05	1.00000000e-09	5.07322073e+05	1.00000000e-10	5.07322073e+04	-4.89491387e+10	1.53075289e-01
7.50000000e+00	6.30576919e+00	-1.28323175e+07	-4.99456182e+05	1.00000000e-09	6.91607451e+05	1.00000000e-10	6.91607451e+04	-6.67299746e+10	1.40731363e-01
7.60000000e+00	6.38984611e+00	-1.29402799e+07	-5.03658269e+05	1.00000000e-09	1.00000000e-09	1.00000000e-10	1.00000000e-10	0.00000000e+00	1.29382849e-01
7.70000000e+00	6.47392303e+00	-1.30415441e+07	-5.07599646e+05	1.00000000e-09	1.00000000e-09	1.00000000e-10	1.00000000e-10	0.00000000e+00	1.18949475e-01
7.80000000e+00	6.55799995e+00	-1.31384413e+07	-5.11371054e+05	1.00000000e-09	4.79856902e+05	1.00000000e-10	4.79856902e+04	-4.62991526e+10	1.09357445e-01
7.90000000e+00	6.64207688e+00	-1.32353385e+07	-5.15142463e+05	1.00000000e-09	7.81247748e+05	1.00000000e-10	7.81247748e+04	-7.53789485e+10	1.00538914e-01
8.00000000e+00	6.72615380e+00	-1.33322357e+07	-5.18913871e+05	1.00000000e-09	1.00000000e-09	1.00000000e-10	1.00000000e-10	0.00000000e+00	9.24315047e-02
8.10000000e+00	6.81023072e+00	-1.34218832e+07	-5.22403108e+05	1.00000000e-09	1.00000000e-09	1.00000000e-10	1.00000000e-10	0.00000000e+00	8.49778740e-02
8.20000000e+00	6.89430764e+00	-1.35062273e+07	-5.25685928e+05	1.00000000e-09	4.43401499e+05	1.00000000e-10	4.43401499e+04	-4.27817409e+10	7.81253008e-02
8.30000000e+00	6.97838457e+00	-1.35905714e+07	-5.28968747e+05	1.00000000e-09	8.93972077e+05	1.00000000e-10	8.93972077e+04	-8.62551928e+10	7.18253161e-02
8.40000000e+00	7.06246149e+00	-1.36749155e+07	-5.32251566e+05	1.00000000e-09	1.00000000e-09	1.00000000e-10	1.00000000e-10	0.00000000e+00	6.60333593e-02
8.50000000e+00	7.14653841e+00	-1.37513026e+07	-5.35224686e+05	1.00000000e-09	1.00000000e-09	1.00000000e-10	1.00000000e-10	0.00000000e+00	6.07084632e-02
8.60000000e+00	7.23061533e+00	-1.38211605e+07	-5.37943677e+05	1.00000000e-09	3.90720603e+05	1.00000000e-10	3.90720603e+04	-3.76988071e+10	5.58129641e-02
8.70000000e+00	7.31469226e+00	-1.38910184e+07	-5.40662668e+05	1.00000000e-09	1.04493322e+06	1.00000000e-10	1.04493322e+05	-1.00820729e+11	5.13122357e-02
8.80000000e+00	7.39876918e+00	-1.39608763e+07	-5.43381659e+05	1.00000000e-09	1.00000000e-09	1.00000000e-10	1.00000000e-10	0.00000000e+00	4.71744438e-02
8.90000000e+00	7.48284610e+00	-1.40218501e+07	-5.45754866e+05	1.00000000e-09	1.00000000e-09	1.00000000e-10	1.00000000e-10	0.00000000e+00	4.33703214e-02
9.00000000e+00	7.56692302e+00	-1.40746581e+07	-5.47810247e+05	1.00000000e-09	3.02040939e+05	1.00000000e-10	3.02040939e+04	-2.91425203e+10	3.98729614e-02
9.10000000e+00	7.65099995e+00	-1.41274662e+07	-5.49865628e+05	1.00000000e-09	1.26794656e+06	1.00000000e-10	1.26794656e+05	-1.22338245e+11	3.66576268e-02
9.20000000e+00	7.73507687e+00	-1.41802742e+07	-5.51921010e+05	1.00000000e-09	1.00000000e-09	1.00000000e-10	1.00000000e-10	0.00000000e+00	3.37015752e-02
9.30000000e+00	7.81915379e+00	-1.42229655e+07	-5.53582630e+05	1.00000000e-09	1.00000000e-09	1.00000000e-10	1.00000000e-10	0.00000000e+00	3.09838980e-02
9.40000000e+00	7.90323071e+00	-1.42551972e+07	-5.54837142e+05	1.00000000e-09	9.50155270e+04	1.00000000e-10	9.50155270e+03	-9.16760468e+09	2.84853728e-02
9.50000000e+00	7.98730764e+00	-1.42874288e+07	-5.56091654e+05	1.00000000e-09	1.65750250e+06	1.00000000e-10	1.65750250e+05	-1.59924679e+11	2.61883275e-02
9.60000000e+00	8.07138456e+00	-1.43196605e+07	-5.57346165e+05	1.00000000e-09	3.71077775e+04	1.00000000e-10	3.71077775e+03	-3.58035623e+09	2.40765146e-02
9.70000000e+00	8.15546148e+00	-1.43403897e+07	-5.58152986e+05	1.00000000e-09	1.00000000e-09	1.00000000e-10	1.00000000e-10	0.00000000e+00	2.21349973e-02
9.80000000e+00	8.23953840e+00	-1.43461051e+07	-5.58375436e+05	1.00000000e-09	1.00000000e-09	1.00000000e-10	1.00000000e-10	0.00000000e+00	2.03500429e-02
9.90000000e+00	8.32361533e+00	-1.43518204e+07	-5.58597886e+05	1.00000000e-09	1.78337946e+06	1.00000000e-10	1.78337946e+05	-1.72069959e+11	1.87090262e-02
1.00000000e+01	8.40769225e+00	-1.43575357e+07	-5.58820335e+05	2.25266939e+03	2.90660395e+06	2.25266939e+02	2.90660395e+05	-2.80227298e+11	1.72003403e-02
1.01000000e+01	8.49176917e+00	-1.43558808e+07	-5.58755926e+05	1.12774223e+04	2.36783766e+05	1.12774223e+03	2.36783766e+04	-2.17580544e+10	1.58133140e-02
1.02000000e+01	8.57584609e+00	-1.43240590e+07	-5.57517366e+05	7.93380148e+02	3.05245698e+04	7.93380148e+01	3.05245698e+03	-2.86862371e+09	1.45381368e-02
1.03000000e+01	8.65992302e+00	-1.42845074e+07	-5.55977946e+05	1.00000000e-09	1.00000000e-09	1.00000000e-10	1.00000000e-10	0.00000000e+00	1.33657892e-02
1.04000000e+01	8.74399994e+00	-1.42451836e+07	-5.54447395e+05	1.00000000e-09	1.00000000e-09	1.00000000e-10	1.00000000e-10	0.00000000e+00	1.22879791e-02
1.05000000e+01	8.82807686e+00	-1.42058597e+07	-5.52916843e+05	1.05881784e+04	1.66366842e+03	1.05881784e+03	1.66366842e+02	8.61084305e+08	1.12970830e-02
1.06000000e+01	8.91215378e+00	-1.41660555e+07	-5.51367594e+05	3.78806997e+03	3.65273467e+03	3.78806997e+02	3.65273467e+02	1.30578709e+07	1.03860923e-02
1.07000000e+01	8.99623071e+00	-1.41251765e+07	-5.49776510e+05	1.00000000e-09	6.90687238e+02	1.00000000e-10	6.90687238e+01	-6.66411875e+07	9.54856333e-03
1.08000000e+01	9.08030763e+00	-1.40841938e+07	-5.48181393e+05	1.00000000e-09	1.00000000e-09	1.00000000e-10	1.00000000e-10	0.00000000e+00	8.77857228e-03
1.09000000e+01	9.16438455e+00	-1.40432597e+07	-5.46588164e+05	9.42696021e+03	1.00000000e-09	9.42696021e+02	1.00000000e-10	9.09563387e+08	8.07067289e-03
1.10000000e+01	9.24846147e+00	-1.40023255e+07	-5.44994936e+05	5.70898057e+03	2.64014555e+02	5.70898057e+02	2.64014555e+01	5.25359354e+08	7.41985814e-03
1.11000000e+01	9.33253840e+00	-1.39613125e+07	-5.43398638e+05	1.00000000e-09	1.00000000e-09	1.00000000e-10	1.00000000e-10	0.00000000e+00	6.82152474e-03
1.12000000e+01	9.41661532e+00	-1.39203835e+07	-5.41805611e+05	1.00000000e-09	1.00000000e-09	1.00000000e-10	1.00000000e-10	0.00000000e+00	6.27144062e-03
1.13000000e+01	9.50069224e+00	-1.38795238e+07	-5.40215279e+05	8.15514182e+03	4.05205446e+01	8.15514182e+02	4.05205446e+00	7.82941929e+08	5.76571500e-03
1.14000000e+01	9.58476916e+00	-1.38386520e+07	-5.38624477e+05	7.38041038e+03	1.50380776e+02	7.38041038e+02	1.50380776e+01	6.97591808e+08	5.30077082e-03
1.15000000e+01	9.66884609e+00	-1.37977353e+07	-5.37031929e+05	1.00000000e-09	4.16522962e+01	1.00000000e-10	4.16522962e+00	-4.01883563e+06	4.87331949e-03
1.16000000e+01	9.75292301e+00	-1.37568730e+07	-5.35441496e+05	1.00000000e-09	1.00000000e-09	1.00000000e-10	1.00000000e-10	0.00000000e+00	4.48033760e-03
1.17000000e+01	9.83699993e+00	-1.37161013e+07	-5.33854589e+05	6.54587519e+03	1.00000000e-09	6.54587519e+02	1.00000000e-10	6.31580942e+08	4.11904557e-03
1.18000000e+01	9.92107685e+00	-1.36753295e+07	-5.32267682e+05	8.74784785e+03	1.00000000e-09	8.74784785e+02	1.00000000e-10	8.44039005e+08	3.78688794e-03
1.19000000e+01	1.00051538e+01	-1.36345578e+07	-5.30680775e+05	1.00000000e-09	1.00000000e-09	1.00000000e-10	1.00000000e-10	0.00000000e+00	3.48151531e-03
1.20000000e+01	1.00892307e+01	-1.35938310e+07	-5.29095618e+05	1.00000000e-09	1.00000000e-09	1.00000000e-10	1.00000000e-10	0.00000000e+00	3.20076778e-03
1.21000000e+01	1.01733076e+01	-1.35532079e+07	-5.27514496e+05	4.69024884e+03	2.06944476e+01	4.69024884e+02	2.06944476e+00	4.50543506e+08	2.94265957e-03
1.22000000e+01	1.02573845e+01	-1.35125787e+07	-5.25933135e+05	9.74307895e+03	1.00000000e-09	9.74307895e+02	1.00000000e-10	9.40064208e+08	2.70536508e-03
1.23000000e+01	1.03414615e+01	-1.34719495e+07	-5.24351775e+05	1.00000000e-09	1.00000000e-09	1.00000000e-10	1.00000000e-10	0.00000000e+00	2.48720588e-03
1.24000000e+01	1.04255384e+01	-1.34313408e+07	-5.22771214e+05	1.00000000e-09	1.55020785e+00	1.00000000e-10	1.55020785e-01	-1.49572320e+05	2.28663893e-03
1.25000000e+01	1.05096153e+01	-1.33908420e+07	-5.21194931e+05	2.67019728e+03	9.44942916e+00	2.67019728e+02	9.44942916e-01	2.56723140e+08	2.10224558e-03
1.26000000e+01	1.05936922e+01	-1.33503404e+07	-5.19618539e+05	1.03175294e+04	1.00000000e-09	1.03175294e+03	1.00000000e-10	9.95490250e+08	1.93272162e-03
1.27000000e+01	1.06777692e+01	-1.33098389e+07	-5.18042148e+05	1.00000000e-09	1.00000000e-09	1.00000000e-10	1.00000000e-10	0.00000000e+00	1.77686798e-03
1.28000000e+01	1.07618461e+01	-1.32693373e+07	-5.16465756e+05	1.00000000e-09	2.53062570e-01	1.00000000e-10	2.53062570e-02	-2.44168261e+04	1.63358230e-03
1.29000000e+01	1.08459230e+01	-1.32289469e+07	-5.14893691e+05	5.77637495e+02	5.79844260e+00	5.77637495e+01	5.79844260e-01	5.51740809e+07	1.50185109e-03
1.30000000e+01	1.09299999e+01	-1.31885717e+07	-5.13322220e+05	1.03672661e+04	1.00000000e-09	1.03672661e+03	1.00000000e-10	1.00028911e+09	1.38074262e-03
1.31000000e+01	1.10140768e+01	-1.31481966e+07	-5.11750748e+05	8.20796068e+01	1.00000000e-09	8.20796068e+00	1.00000000e-10	7.91947813e+06	1.26940027e-03
1.32000000e+01	1.10981538e+01	-1.31078214e+07	-5.10179277e+05	1.00000000e-09	1.00000000e-09	1.00000000e-10	1.00000000e-10	0.00000000e+00	1.16703651e-03
1.33000000e+01	1.11822307e+01	-1.30675517e+07	-5.08611909e+05	1.00000000e-09	4.18396823e+00	1.00000000e-10	4.18396823e-01	-4.03691565e+05	1.07292731e-03
1.34000000e+01	1.12663076e+01	-1.30273227e+07	-5.07046127e+05	9.98277371e+03	1.67923443e-01	9.98277371e+02	1.67923443e-02	9.63175035e+08	9.86407027e-04
1.35000000e+01	1.13503845e+01	-1.29870937e+07	-5.05480342e+05	2.12183351e+03	1.00000000e-09	2.12183351e+02	1.00000000e-10	2.04725811e+08	9.06863691e-04
1.36000000e+01	1.14344615e+01	-1.29468646e+07	-5.03914558e+05	1.00000000e-09	1.00000000e-09	1.00000000e-10	1.00000000e-10	0.00000000e+00	8.33734687e-04
1.37000000e+01	1.15185384e+01	-1.29067295e+07	-5.02352429e+05	1.00000000e-09	3.19699546e+00	1.00000000e-10	3.19699546e-01	-3.08463169e+05	7.66502767e-04
1.38000000e+01	1.16026153e+01	-1.28666580e+07	-5.00792773e+05	9.18826091e+03	1.57907904e-01	9.18826091e+02	1.57907904e-02	8.86517170e+08	7.04692393e-04
1.39000000e+01	1.16866922e+01	-1.28265863e+07	-4.99233116e+05	4.00833404e+03	1.00000000e-09	4.00833404e+02	1.00000000e-10	3.86745442e+08	6.47866374e-04
1.40000000e+01	1.17707691e+01	-1.27865147e+07	-4.97673459e+05	1.00000000e-09	1.00000000e-09	1.00000000e-10	1.00000000e-10	0.00000000e+00	5.95622776e-04
1.41000000e+01	1.18548461e+01	-1.27465205e+07	-4.96116814e+05	1.00000000e-09	2.47674612e+00	1.00000000e-10	2.47674612e-01	-2.38969671e+05	5.47592073e-04
1.42000000e+01	1.19389230e+01	-1.27066089e+07	-4.94563384e+05	8.02825106e+03	1.00000000e-09	8.02825106e+02	1.00000000e-10	7.74608469e+08	5.03434541e-04
1.43000000e+01	1.20229999e+01	-1.26666973e+07	-4.93009955e+05	5.65405220e+03	1.00000000e-09	5.65405220e+02	1.00000000e-10	5.45533104e+08	4.62837848e-04
1.44000000e+01	1.21070768e+01	-1.26267857e+07	-4.91456525e+05	1.00000000e-09	5.95940330e-01	1.00000000e-10	5.95940330e-02	-5.74995006e+04	4.25514851e-04
1.45000000e+01	1.21911538e+01	-1.25869307e+07	-4.89905302e+05	1.00000000e-09	1.73994451e+00	1.00000000e-10	1.73994451e-01	-1.67879123e+05	3.91201561e-04
1.46000000e+01	1.22752307e+01	-1.25471727e+07	-4.88357852e+05	6.56572792e+03	8.53033611e-02	6.56572792e+02	8.53033611e-03	6.33488208e+08	3.59655276e-04
1.47000000e+01	1.23593076e+01	-1.25074147e+07	-4.86810400e+05	6.98416004e+03	1.00000000e-09	6.98416004e+02	1.00000000e-10	6.73869001e+08	3.30652866e-04
1.48000000e+01	1.24433845e+01	-1.24676567e+07	-4.85262948e+05	1.00000000e-09	1.00000000e-09	1.00000000e-10	1.00000000e-10	0.00000000e+00	3.03989196e-04
1.49000000e+01	1.25274615e+01	-1.24279323e+07	-4.83716805e+05	1.00000000e-09	1.35973370e-02	1.00000000e-10	1.35973370e-03	-1.31194348e+03	2.79475669e-04
1.50000000e+01	1.26115384e+01	-1.23883138e+07	-4.82174786e+05	4.87965453e+03	1.76949512e-02	4.87965453e+02	1.76949512e-03	4.70813381e+08	2.56938901e-04
1.51000000e+01	1.26956153e+01	-1.23486954e+07	-4.80632766e+05	7.94144390e+03	1.00000000e-09	7.94144390e+02	1.00000000e-10	7.66232852e+08	2.36219485e-04
1.52000000e+01	1.27796922e+01	-1.23090769e+07	-4.79090747e+05	1.00000000e-09	1.00000000e-09	1.00000000e-10	1.00000000e-10	0.00000000e+00	2.17170872e-04
1.53000000e+01	1.28637691e+01	-1.22694674e+07	-4.77549076e+05	1.00000000e-09	3.21071152e-03	1.00000000e-10	3.21071152e-04	-3.09786471e+02	1.99658328e-04
1.54000000e+01	1.29478461e+01	-1.22299664e+07	-4.76011628e+05	3.06051086e+03	1.18020509e-02	3.06051086e+02	1.18020509e-03	2.95293268e+08	1.83557987e-04
1.55000000e+01	1.30319230e+01	-1.21904678e+07	-4.74474272e+05	8.47282172e+03	1.00000000e-09	8.47282172e+02	1.00000000e-10	8.17503017e+08	1.68755969e-04
1.56000000e+01	1.31159999e+01	-1.21509691e+07	-4.72936917e+05	1.00000000e-09	1.00000000e-09	1.00000000e-10	1.00000000e-10	0.00000000e+00	1.55147578e-04
1.57000000e+01	1.32000768e+01	-1.21114705e+07	-4.71399561e+05	1.00000000e-09	1.00000000e-09	1.00000000e-10	1.00000000e-10	0.00000000e+00	1.42636560e-04
1.58000000e+01	1.32841538e+01	-1.20720771e+07	-4.69866300e+05	1.19725953e+03	1.18027250e-02	1.19725953e+02	1.18027250e-03	1.15516844e+08	1.31134424e-04
1.59000000e+01	1.33682307e+01	-1.20327104e+07	-4.68334079e+05	8.52804080e+03	4.82512208e-03	8.52804080e+02	4.82512208e-04	8.22830384e+08	1.20559814e-04
1.60000000e+01	1.34523076e+01	-1.19933437e+07	-4.66801858e+05	1.00000000e-09	1.00000000e-09	1.00000000e-10	1.00000000e-10	0.00000000e+00	1.10837935e-04
1.61000000e+01	1.35363845e+01	-1.19539770e+07	-4.65269637e+05	1.00000000e-09	1.00000000e-09	1.00000000e-10	1.00000000e-10	0.00000000e+00	1.01900023e-04
1.62000000e+01	1.36204614e+01	-1.19147067e+07	-4.63741171e+05	1.00000000e-09	2.63546890e-04	1.00000000e-10	2.63546890e-05	-2.54283128e+01	9.36828597e-05
1.63000000e+01	1.37045384e+01	-1.18754855e+07	-4.62214614e+05	8.18643763e+03	1.00000000e-09	8.18643763e+02	1.00000000e-10	7.89871153e+08	8.61283240e-05
1.64000000e+01	1.37886153e+01	-1.18362644e+07	-4.60688058e+05	1.14979786e+03	1.00000000e-09	1.14979786e+02	1.00000000e-10	1.10938628e+08	7.91829819e-05
1.65000000e+01	1.38726922e+01	-1.17970432e+07	-4.59161502e+05	1.00000000e-09	4.11353376e-04	1.00000000e-10	4.11353376e-05	-3.96894707e+01	7.27977085e-05
1.66000000e+01	1.39567691e+01	-1.17579050e+07	-4.57638173e+05	1.00000000e-09	3.11235923e-04	1.00000000e-10	3.11235923e-05	-3.00296049e+01	6.69273402e-05
1.67000000e+01	1.40408461e+01	-1.17188350e+07	-4.56117501e+05	7.48086055e+03	1.00000000e-09	7.48086055e+02	1.00000000e-10	7.21793315e+08	6.15303552e-05
1.68000000e+01	1.41249230e+01	-1.16797650e+07	-4.54596829e+05	2.77614602e+03	1.00000000e-09	2.77614602e+02	1.00000000e-10	2.67857371e+08	5.65685802e-05
1.69000000e+01	1.42089999e+01	-1.16406950e+07	-4.53076157e+05	1.00000000e-09	1.00000000e-09	1.00000000e-10	1.00000000e-10	0.00000000e+00	5.20069201e-05
1.70000000e+01	1.42930768e+01	-1.16016905e+07	-4.51558032e+05	1.00000000e-09	1.00000000e-09	1.00000000e-10	1.00000000e-10	0.00000000e+00	4.78131098e-05
1.71000000e+01	1.43771537e+01	-1.15627690e+07	-4.50043142e+05	6.46320735e+03	1.94228688e-04	6.46320735e+02	1.94228688e-05	6.23604689e+08	4.39574862e-05
1.72000000e+01	1.44612307e+01	-1.15238476e+07	-4.48528252e+05	4.16304510e+03	1.69003801e-04	4.16304510e+02	1.69003801e-05	4.01672772e+08	4.04127779e-05
1.73000000e+01	1.45453076e+01	-1.14849262e+07	-4.47013362e+05	1.00000000e-09	5.85062774e-05	1.00000000e-10	5.85062774e-06	-5.64490112e+00	3.71539131e-05
1.74000000e+01	1.46293845e+01	-1.14460499e+07	-4.45500230e+05	1.00000000e-09	6.68594703e-06	1.00000000e-10	6.68594703e-07	-6.44999334e-01	3.41578414e-05
1.75000000e+01	1.47134614e+01	-1.14072666e+07	-4.43990717e+05	5.19986112e+03	2.27325316e-06	5.19986112e+02	2.27325316e-07	5.01710327e+08	3.14033713e-05
1.76000000e+01	1.47975384e+01	-1.13684833e+07	-4.42481204e+05	5.24999261e+03	1.26938469e-05	5.24999261e+02	1.26938469e-06	5.06547280e+08	2.88710202e-05
1.77000000e+01	1.48816153e+01	-1.13297001e+07	-4.40971691e+05	1.00000000e-09	5.02548934e-06	1.00000000e-10	5.02548934e-07	-4.84789523e-01	2.65428765e-05
1.78000000e+01	1.49656922e+01	-1.12909400e+07	-4.39463083e+05	1.00000000e-09	1.00000000e-09	1.00000000e-10	1.00000000e-10	0.00000000e+00	2.44024731e-05
1.79000000e+01	1.50497691e+01	-1.12522778e+07	-4.37958281e+05	3.76716190e+03	1.00000000e-09	3.76716190e+02	1.00000000e-10	3.63475867e+08	2.24346707e-05
1.80000000e+01	1.51338460e+01	-1.12136155e+07	-4.36453478e+05	5.99488563e+03	5.43763445e-06	5.99488563e+02	5.43763445e-07	5.78418531e+08	2.06255509e-05
1.81000000e+01	1.52179230e+01	-1.11749533e+07	-4.34948676e+05	1.00000000e-09	3.27580862e-06	1.00000000e-10	3.27580862e-07	-3.15970997e-01	1.89623175e-05
1.82000000e+01	1.53019999e+01	-1.11362920e+07	-4.33443913e+05	1.00000000e-09	1.00000000e-09	1.00000000e-10	1.00000000e-10	0.00000000e+00	1.74332063e-05
1.83000000e+01	1.53860768e+01	-1.10977282e+07	-4.31942940e+05	2.24814431e+03	1.00000000e-09	2.24814431e+02	1.00000000e-10	2.16912950e+08	1.60274019e-05
1.84000000e+01	1.54701537e+01	-1.10591736e+07	-4.30442327e+05	6.30961906e+03	2.97685740e-06	6.30961906e+02	2.97685740e-07	6.08785690e+08	1.47349607e-05
1.85000000e+01	1.55542307e+01	-1.10206190e+07	-4.28941715e+05	1.00000000e-09	2.53558349e-06	1.00000000e-10	2.53558349e-07	-2.44550130e-01	1.35467414e-05
1.86000000e+01	1.56383076e+01	-1.09820644e+07	-4.27441103e+05	1.00000000e-09	1.00000000e-09	1.00000000e-10	1.00000000e-10	0.00000000e+00	1.24543394e-05
1.87000000e+01	1.57223845e+01	-1.09436018e+07	-4.25944074e+05	7.25290875e+02	1.00000000e-09	7.25290875e+01	1.00000000e-10	6.99799309e+07	1.14500281e-05
1.88000000e+01	1.58064614e+01	-1.09051693e+07	-4.24448215e+05	6.26352025e+03	1.75523688e-06	6.26352025e+02	1.75523688e-07	6.04337831e+08	1.05267039e-05
1.89000000e+01	1.58905384e+01	-1.08667369e+07	-4.22952356e+05	1.00000000e-09	2.09176724e-06	1.00000000e-10	2.09176724e-07	-2.01728371e-01	9.67783615e-06
1.90000000e+01	1.59746153e+01	-1.08283044e+07	-4.21456498e+05	1.00000000e-09	1.00000000e-09	1.00000000e-10	1.00000000e-10	0.00000000e+00	8.89742061e-06
1.91000000e+01	1.60586922e+01	-1.07899543e+07	-4.19963845e+05	1.00000000e-09	1.00000000e-09	1.00000000e-10	1.00000000e-10	0.00000000e+00	8.17993736e-06
1.92000000e+01	1.61427691e+01	-1.07516525e+07	-4.18473070e+05	5.88701734e+03	9.94056133e-07	5.88701734e+02	9.94056133e-08	5.68010823e+08	7.52031158e-06
1.93000000e+01	1.62268460e+01	-1.07133506e+07	-4.16982296e+05	1.11632791e+03	1.75450003e-06	1.11632791e+02	1.75450003e-07	1.07709269e+08	6.91387767e-06
1.94000000e+01	1.63109230e+01	-1.06750488e+07	-4.15491522e+05	1.00000000e-09	1.00000000e-09	1.00000000e-10	1.00000000e-10	0.00000000e+00	6.35634627e-06
1.95000000e+01	1.63949999e+01	-1.06368160e+07	-4.14003434e+05	1.00000000e-09	1.00000000e-09	1.00000000e-10	1.00000000e-10	0.00000000e+00	5.84377390e-06
1.96000000e+01	1.64790768e+01	-1.05986462e+07	-4.12517798e+05	5.21896496e+03	4.54919444e-07	5.21896496e+02	4.54919444e-08	5.03553567e+08	5.37253509e-06
1.97000000e+01	1.65631537e+01	-1.05604763e+07	-4.11032162e+05	2.37104256e+03	1.43755093e-06	2.37104256e+02	1.43755093e-07	2.28770829e+08	4.93929673e-06
1.98000000e+01	1.66472307e+01	-1.05223065e+07	-4.09546525e+05	1.00000000e-09	1.00000000e-09	1.00000000e-10	1.00000000e-10	0.00000000e+00	4.54099448e-06
1.99000000e+01	1.67313076e+01	-1.04841896e+07	-4.08062951e+05	1.00000000e-09	1.00000000e-09	1.00000000e-10	1.00000000e-10	0.00000000e+00	4.17481111e-06
2.00000000e+01	1.68153845e+01	-1.04461466e+07	-4.06582250e+05	4.31017677e+03	5.15410680e-08	4.31017677e+02	5.15410680e-09	4.15868837e+08	3.83815657e-06
2.01000000e+01	1.68994614e+01	-1.04081036e+07	-4.05101548e+05	3.39964535e+03	1.07393997e-06	3.39964535e+02	1.07393997e-07	3.28015911e+08	3.52864967e-06
2.02000000e+01	1.69835383e+01	-1.03700606e+07	-4.03620847e+05	1.00000000e-09	8.50575709e-08	1.00000000e-10	8.50575709e-09	-8.11032264e-03	3.24410125e-06
2.03000000e+01	1.70676153e+01	-1.03320527e+07	-4.02141516e+05	1.00000000e-09	1.00000000e-09	1.00000000e-10	1.00000000e-10	0.00000000e+00	2.98249865e-06
2.04000000e+01	1.71516922e+01	-1.02941254e+07	-4.00665318e+05	3.22180121e+03	1.00000000e-09	3.22180121e+02	1.00000000e-10	3.10856560e+08	2.74199155e-06
2.05000000e+01	1.72357691e+01	-1.02561981e+07	-3.99189120e+05	4.15890560e+03	5.70227952e-07	4.15890560e+02	5.70227952e-08	4.01273388e+08	2.52087882e-06
2.06000000e+01	1.73198460e+01	-1.02182707e+07	-3.97712923e+05	1.00000000e-09	2.98265991e-07	1.00000000e-10	2.98265991e-08	-2.86818079e-02	2.31759650e-06
2.07000000e+01	1.74039230e+01	-1.01803601e+07	-3.96237376e+05	1.00000000e-09	1.00000000e-09	1.00000000e-10	1.00000000e-10	0.00000000e+00	2.13070675e-06
2.08000000e+01	1.74879999e+01	-1.01425325e+07	-3.94765057e+05	2.02175194e+03	1.00000000e-09	2.02175194e+02	1.00000000e-10	1.95069408e+08	1.95888770e-06
2.09000000e+01	1.75720768e+01	-1.01047048e+07	-3.93292738e+05	4.62229551e+03	1.00000000e-09	4.62229551e+02	1.00000000e-10	4.45983718e+08	1.80092404e-06
2.10000000e+01	1.76561537e+01	-1.00668771e+07	-3.91820420e+05	1.00000000e-09	2.48795370e-07	1.00000000e-10	2.48795370e-08	-2.39086186e-02	1.65569849e-06
2.11000000e+01	1.77402306e+01	-1.00290495e+07	-3.90348101e+05	1.00000000e-09	2.27848065e-07	1.00000000e-10	2.27848065e-08	-2.18875109e-02	1.52218384e-06
2.12000000e+01	1.78243076e+01	-9.99130303e+06	-3.88878944e+05	7.79972467e+02	1.00000000e-09	7.79972467e+01	1.00000000e-10	7.52559025e+07	1.39943575e-06
2.13000000e+01	1.79083845e+01	-9.95356666e+06	-3.87410178e+05	4.71729138e+03	1.00000000e-09	4.71729138e+02	1.00000000e-10	4.55149426e+08	1.28658600e-06
2.14000000e+01	1.79924614e+01	-9.91583029e+06	-3.85941413e+05	1.00000000e-09	1.00000000e-09	1.00000000e-10	1.00000000e-10	0.00000000e+00	1.18283639e-06
2.15000000e+01	1.80765383e+01	-9.87809392e+06	-3.84472648e+05	1.00000000e-09	1.22585031e-06	1.00000000e-10	1.22585031e-07	-1.18180089e-01	1.08745310e-06
2.16000000e+01	1.81606153e+01	-9.84043340e+06	-3.83006835e+05	1.00000000e-09	7.83071072e-07	1.00000000e-10	7.83071072e-08	-7.54583871e-02	9.99761460e-07
2.17000000e+01	1.82446922e+01	-9.80279899e+06	-3.81542037e+05	4.52598616e+03	1.00000000e-09	4.52598616e+02	1.00000000e-10	4.36691278e+08	9.19141229e-07
2.18000000e+01	1.83287691e+01	-9.76516457e+06	-3.80077240e+05	7.43105029e+02	1.00000000e-09	7.43105029e+01	1.00000000e-10	7.16987356e+07	8.45022171e-07
2.19000000e+01	1.84128460e+01	-9.72753015e+06	-3.78612443e+05	1.00000000e-09	6.34202284e-08	1.00000000e-10	6.34202284e-09	-6.02263646e-03	7.76880034e-07
2.20000000e+01	1.84969229e+01	-9.68996307e+06	-3.77150267e+05	1.00000000e-09	4.39324631e-06	1.00000000e-10	4.39324631e-07	-4.23787344e-01	7.14232843e-07
2.21000000e+01	1.85809999e+01	-9.65243586e+06	-3.75689642e+05	4.07268595e+03	2.02261067e-06	4.07268595e+02	2.02261067e-07	3.92954456e+08	6.56637488e-07
2.22000000e+01	1.86650768e+01	-9.61490866e+06	-3.74229018e+05	1.83641387e+03	1.00000000e-09	1.83641387e+02	1.00000000e-10	1.77187002e+08	6.03686592e-07
2.23000000e+01	1.87491537e+01	-9.57738145e+06	-3.72768394e+05	1.00000000e-09	1.00000000e-09	1.00000000e-10	1.00000000e-10	0.00000000e+00	5.55005627e-07
2.24000000e+01	1.88332306e+01	-9.53991058e+06	-3.71309962e+05	1.00000000e-09	2.09872976e-07	1.00000000e-10	2.09872976e-08	-2.01531785e-02	5.10250270e-07
2.25000000e+01	1.89173076e+01	-9.50249064e+06	-3.69853513e+05	3.39316111e+03	8.81854447e-07	3.39316111e+02	8.81854447e-08	3.27390277e+08	4.69103960e-07
2.26000000e+01	1.90013845e+01	-9.46507071e+06	-3.68397064e+05	2.76812407e+03	4.66430248e-07	2.76812407e+02	4.66430248e-08	2.67083370e+08	4.31275667e-07
2.27000000e+01	1.90854614e+01	-9.42765077e+06	-3.66940614e+05	1.00000000e-09	2.69783097e-07	1.00000000e-10	2.69783097e-08	-2.59336264e-02	3.96497828e-07
2.28000000e+01	1.91695383e+01	-9.39027444e+06	-3.65485862e+05	1.00000000e-09	1.39110691e-07	1.00000000e-10	1.39110691e-08	-1.33256559e-02	3.64524455e-07
2.29000000e+01	1.92536153e+01	-9.35295707e+06	-3.64033405e+05	2.53240697e+03	2.51379150e-08	2.53240697e+02	2.51379150e-09	2.44340128e+08	3.35129397e-07
2.30000000e+01	1.93376922e+01	-9.31563970e+06	-3.62580948e+05	3.49595928e+03	1.00000000e-09	3.49595928e+02	1.00000000e-10	3.37308792e+08	3.08104742e-07
2.31000000e+01	1.94217691e+01	-9.27832233e+06	-3.61128491e+05	1.00000000e-09	1.00000000e-09	1.00000000e-10	1.00000000e-10	0.00000000e+00	2.83259340e-07
2.32000000e+01	1.95058460e+01	-9.24103486e+06	-3.59677198e+05	1.00000000e-09	1.27183084e-08	1.00000000e-10	1.27183084e-09	-1.13064487e-03	2.60417458e-07
2.33000000e+01	1.95899229e+01	-9.20381128e+06	-3.58228391e+05	1.54203762e+03	1.05350967e-08	1.54203762e+02	1.05350967e-09	1.48784012e+08	2.39417533e-07
2.34000000e+01	1.96739999e+01	-9.16658769e+06	-3.56779584e+05	3.98996264e+03	1.00000000e-09	3.98996264e+02	1.00000000e-10	3.84972870e+08	2.20111031e-07
2.35000000e+01	1.97580768e+01	-9.12936411e+06	-3.55330777e+05	1.00000000e-09	1.00000000e-09	1.00000000e-10	1.00000000e-10	0.00000000e+00	2.02361395e-07
2.36000000e+01	1.98421537e+01	-9.09215644e+06	-3.53882590e+05	1.00000000e-09	6.59811567e-09	1.00000000e-10	6.59811567e-10	-5.40136049e-04	1.86043080e-07
2.37000000e+01	1.99262306e+01	-9.05501452e+06	-3.52436962e+05	4.77468627e+02	6.71201828e-09	4.77468627e+01	6.71201828e-10	4.60687190e+07	1.71040665e-07
2.38000000e+01	2.00103076e+01	-9.01787260e+06	-3.50991333e+05	4.23320064e+03	1.00000000e-09	4.23320064e+02	1.00000000e-10	4.08441770e+08	1.57248037e-07
2.39000000e+01	2.00943845e+01	-8.98073069e+06	-3.49545705e+05	1.00000000e-09	1.00000000e-09	1.00000000e-10	1.00000000e-10	0.00000000e+00	1.44567640e-07
2.40000000e+01	2.01784614e+01	-8.94359077e+06	-3.48100155e+05	1.00000000e-09	4.32240602e-09	1.00000000e-10	4.32240602e-10	-3.20563448e-04	1.32909782e-07
2.41000000e+01	2.02625383e+01	-8.90651563e+06	-3.46657126e+05	1.00000000e-09	4.95424598e-09	1.00000000e-10	4.95424598e-10	-3.81526736e-04	1.22192009e-07
2.42000000e+01	2.03466152e+01	-8.86944455e+06	-3.45214255e+05	4.18903487e+03	1.00000000e-09	4.18903487e+02	1.00000000e-10	4.04180421e+08	1.12338510e-07
2.43000000e+01	2.04306922e+01	-8.83237346e+06	-3.43771383e+05	8.95099555e+02	1.00000000e-09	8.95099555e+01	1.00000000e-10	8.63639779e+07	1.03279593e-07
2.44000000e+01	2.05147691e+01	-8.79530238e+06	-3.42328512e+05	1.00000000e-09	3.12850323e-09	1.00000000e-10	3.12850323e-10	-2.05369341e-04	9.49511815e-08
2.45000000e+01	2.05988460e+01	-8.75829262e+06	-3.40888028e+05	1.00000000e-09	3.96385288e-09	1.00000000e-10	3.96385288e-10	-2.85968329e-04	8.72943689e-08
2.46000000e+01	2.06829229e+01	-8.72129899e+06	-3.39448171e+05	3.89075033e+03	1.00000000e-09	3.89075033e+02	1.00000000e-10	3.75400338e+08	8.02549976e-08
2.47000000e+01	2.07669999e+01	-8.68430536e+06	-3.38008314e+05	1.92213712e+03	1.00000000e-09	1.92213712e+02	1.00000000e-10	1.85458038e+08	7.37832774e-08
2.48000000e+01	2.08510768e+01	-8.64731173e+06	-3.36568458e+05	1.00000000e-09	2.38273727e-09	1.00000000e-10	2.38273727e-10	-1.33413865e-04	6.78334333e-08
2.49000000e+01	2.09351537e+01	-8.61037387e+06	-3.35130772e+05	1.00000000e-09	3.33566798e-09	1.00000000e-10	3.33566798e-10	-2.25357701e-04	6.23633815e-08
2.50000000e+01	2.10192306e+01	-8.57346272e+06	-3.33694125e+05	3.37332405e+03	1.00000000e-09	3.37332405e+02	1.00000000e-10	3.25476292e+08	5.73344317e-08
2.51000000e+01	2.11033075e+01	-8.53655156e+06	-3.32257479e+05	2.84836517e+03	1.00000000e-09	2.84836517e+02	1.00000000e-10	2.74825460e+08	5.27110137e-08
2.52000000e+01	2.11873845e+01	-8.49964041e+06	-3.30820832e+05	1.00000000e-09	1.86178593e-09	1.00000000e-10	1.86178593e-10	-8.31497014e-05	4.84604257e-08
2.53000000e+01	2.12714614e+01	-8.46277781e+06	-3.29386076e+05	1.00000000e-09	2.90810215e-09	1.00000000e-10	2.90810215e-10	-1.84103870e-04	4.45526029e-08
2.54000000e+01	2.13555383e+01	-8.42595078e+06	-3.27952703e+05	2.66446022e+03	1.00000000e-09	2.66446022e+02	1.00000000e-10	2.57081329e+08	4.09599048e-08
2.55000000e+01	2.14396152e+01	-8.38912375e+06	-3.26519331e+05	3.63194704e+03	1.00000000e-09	3.63194704e+02	1.00000000e-10	3.50429616e+08	3.76569199e-08
2.56000000e+01	2.15236922e+01	-8.35229672e+06	-3.25085959e+05	1.00000000e-09	1.46647693e-09	1.00000000e-10	1.46647693e-10	-4.50081819e-05	3.46202860e-08
2.57000000e+01	2.16077691e+01	-8.31550979e+06	-3.23654148e+05	1.00000000e-09	2.60510473e-09	1.00000000e-10	2.60510473e-10	-1.54869063e-04	3.18285246e-08
2.58000000e+01	2.16918460e+01	-8.27876544e+06	-3.22223993e+05	1.79849913e+03	1.00000000e-09	1.79849913e+02	1.00000000e-10	1.73528786e+08	2.92618894e-08
2.59000000e+01	2.17759229e+01	-8.24202109e+06	-3.20793839e+05	4.23854077e+03	1.00000000e-09	4.23854077e+02	1.00000000e-10	4.08957014e+08	2.69022262e-08
2.60000000e+01	2.18599998e+01	-8.20527674e+06	-3.19363685e+05	1.00000000e-09	1.14582953e-09	1.00000000e-10	1.14582953e-10	-1.40704103e-05	2.47328451e-08
2.61000000e+01	2.19440768e+01	-8.16856292e+06	-3.17934719e+05	1.00000000e-09	2.38785375e-09	1.00000000e-10	2.38785375e-10	-1.33907530e-04	2.27384017e-08
2.62000000e+01	2.20281537e+01	-8.13189675e+06	-3.16507608e+05	8.15250429e+02	1.00000000e-09	8.15250429e+01	1.00000000e-10	7.86597084e+07	2.09047891e-08
2.63000000e+01	2.21122306e+01	-8.09523059e+06	-3.15080497e+05	4.63959569e+03	1.00000000e-09	4.63959569e+02	1.00000000e-10	4.47652931e+08	1.92190381e-08
2.64000000e+01	2.21963075e+01	-8.05856442e+06	-3.13653386e+05	1.00000000e-09	1.00000000e-09	1.00000000e-10	1.00000000e-10	0.00000000e+00	1.76692251e-08
2.65000000e+01	2.22803845e+01	-8.02191881e+06	-3.12227074e+05	1.00000000e-09	2.23587078e-09	1.00000000e-10	2.23587078e-10	-1.19243403e-04	1.62443882e-08
2.66000000e+01	2.23644614e+01	-7.98532409e+06	-3.10802744e+05	1.00000000e-09	1.00000000e-09	1.00000000e-10	1.00000000e-10	0.00000000e+00	1.49344494e-08
2.67000000e+01	2.24485383e+01	-7.94872937e+06	-3.09378414e+05	4.81824563e+03	1.00000000e-09	4.81824563e+02	1.00000000e-10	4.64890030e+08	1.37301434e-08
2.68000000e+01	2.25326152e+01	-7.91213465e+06	-3.07954083e+05	5.80391293e+02	1.00000000e-09	5.80391293e+01	1.00000000e-10	5.59992467e+07	1.26229520e-08
2.69000000e+01	2.26166921e+01	-7.87555043e+06	-3.06530162e+05	1.00000000e-09	2.13994277e-09	1.00000000e-10	2.13994277e-10	-1.09987757e-04	1.16050438e-08
2.70000000e+01	2.27007691e+01	-7.83901858e+06	-3.05108278e+05	1.00000000e-09	1.00000000e-09	1.00000000e-10	1.00000000e-10	0.00000000e+00	1.06692193e-08
2.71000000e+01	2.27848460e+01	-7.80248673e+06	-3.03686395e+05	4.76662921e+03	1.00000000e-09	4.76662921e+02	1.00000000e-10	4.59909802e+08	9.80885916e-09
2.72000000e+01	2.28689229e+01	-7.76595487e+06	-3.02264511e+05	1.66382388e+03	1.00000000e-09	1.66382388e+02	1.00000000e-10	1.60534599e+08	9.01787799e-09
2.73000000e+01	2.29529998e+01	-7.72942365e+06	-3.00842653e+05	1.00000000e-09	2.10166375e-09	1.00000000e-10	2.10166375e-10	-1.06294393e-04	8.29068113e-09
2.74000000e+01	2.30370768e+01	-7.69294464e+06	-2.99422826e+05	1.00000000e-09	1.00000000e-09	1.00000000e-10	1.00000000e-10	0.00000000e+00	7.62212503e-09
2.75000000e+01	2.31211537e+01	-7.65646882e+06	-2.98003123e+05	4.46129029e+03	1.00000000e-09	4.46129029e+02	1.00000000e-10	4.30449075e+08	7.00748093e-09
2.76000000e+01	2.32052306e+01	-7.61999300e+06	-2.96583421e+05	2.71315302e+03	1.00000000e-09	2.71315302e+02	1.00000000e-10	2.61779470e+08	6.44240141e-09
2.77000000e+01	2.32893075e+01	-7.58351718e+06	-2.95163718e+05	1.00000000e-09	2.13952684e-09	1.00000000e-10	2.13952684e-10	-1.09947626e-04	5.92288960e-09
2.78000000e+01	2.33733845e+01	-7.54709188e+06	-2.93745982e+05	1.00000000e-09	1.00000000e-09	1.00000000e-10	1.00000000e-10	0.00000000e+00	5.44527095e-09
2.79000000e+01	2.34574614e+01	-7.51067895e+06	-2.92328727e+05	3.93484620e+03	1.00000000e-09	3.93484620e+02	1.00000000e-10	3.79654943e+08	5.00616720e-09
2.80000000e+01	2.35415383e+01	-7.47426602e+06	-2.90911472e+05	3.68813883e+03	1.00000000e-09	3.68813883e+02	1.00000000e-10	3.55851300e+08	4.60247255e-09
2.81000000e+01	2.36256152e+01	-7.43785309e+06	-2.89494218e+05	1.00000000e-09	2.30999727e-09	1.00000000e-10	2.30999727e-10	-1.26395521e-04	4.23133162e-09
2.82000000e+01	2.37096921e+01	-7.40148741e+06	-2.88078802e+05	1.00000000e-09	1.00000000e-09	1.00000000e-10	1.00000000e-10	0.00000000e+00	3.89011930e-09
2.83000000e+01	2.37937691e+01	-7.36514270e+06	-2.86664202e+05	3.20806342e+03	1.00000000e-09	3.20806342e+02	1.00000000e-10	3.09531064e+08	3.57642216e-09
2.84000000e+01	2.38778460e+01	-7.32879800e+06	-2.85249603e+05	4.54691379e+03	1.00000000e-09	4.54691379e+02	1.00000000e-10	4.38710487e+08	3.28802138e-09
2.85000000e+01	2.39619229e+01	-7.29245329e+06	-2.83835004e+05	1.00000000e-09	2.97554120e-09	1.00000000e-10	2.97554120e-10	-1.90610748e-04	3.02287709e-09
2.86000000e+01	2.40459998e+01	-7.25615117e+06	-2.82422062e+05	1.00000000e-09	1.00000000e-09	1.00000000e-10	1.00000000e-10	0.00000000e+00	2.77911390e-09
2.87000000e+01	2.41300768e+01	-7.21987793e+06	-2.81010244e+05	2.30328485e+03	1.00000000e-09	2.30328485e+02	1.00000000e-10	2.22233204e+08	2.55500764e-09
2.88000000e+01	2.42141537e+01	-7.18360468e+06	-2.79598426e+05	5.25160913e+03	1.00000000e-09	5.25160913e+02	1.00000000e-10	5.06703251e+08	2.34897319e-09
2.89000000e+01	2.42982306e+01	-7.14733144e+06	-2.78186608e+05	1.00000000e-09	1.00000000e-09	1.00000000e-10	1.00000000e-10	0.00000000e+00	2.15955324e-09
2.90000000e+01	2.43823075e+01	-7.11109496e+06	-2.76776221e+05	1.00000000e-09	1.00000000e-09	1.00000000e-10	1.00000000e-10	0.00000000e+00	1.98540802e-09
2.91000000e+01	2.44663844e+01	-7.07489442e+06	-2.75367233e+05	1.24912782e+03	1.00000000e-09	1.24912782e+02	1.00000000e-10	1.20522513e+08	1.82530578e-09
2.92000000e+01	2.45504614e+01	-7.03869388e+06	-2.73958245e+05	5.76956399e+03	1.00000000e-09	5.76956399e+02	1.00000000e-10	5.56678298e+08	1.67811410e-09
2.93000000e+01	2.46345383e+01	-7.00249334e+06	-2.72549257e+05	1.00000000e-09	1.00000000e-09	1.00000000e-10	1.00000000e-10	0.00000000e+00	1.54279187e-09
2.94000000e+01	2.47186152e+01	-6.96632267e+06	-2.71141431e+05	1.00000000e-09	1.00000000e-09	1.00000000e-10	1.00000000e-10	0.00000000e+00	1.41838196e-09
2.95000000e+01	2.48026921e+01	-6.93019402e+06	-2.69735241e+05	8.00565504e+01	1.00000000e-09	8.00565504e+00	1.00000000e-10	7.72428286e+06	1.30400439e-09
2.96000000e+01	2.48867691e+01	-6.89406537e+06	-2.68329051e+05	6.07326334e+03	1.00000000e-09	6.07326334e+02	1.00000000e-10	5.85980830e+08	1.19885018e-09
2.97000000e+01	2.49708460e+01	-6.85793671e+06	-2.66922861e+05	3.51838326e+02	1.00000000e-09	3.51838326e+01	1.00000000e-10	3.39472377e+07	1.10217554e-09
2.98000000e+01	2.50549229e+01	-6.82183005e+06	-2.65517526e+05	1.00000000e-09	1.00000000e-09	1.00000000e-10	1.00000000e-10	0.00000000e+00	1.01329669e-09
2.99000000e+01	2.51389998e+01	-6.78577033e+06	-2.64114019e+05	1.00000000e-09	1.00000000e-09	1.00000000e-10	1.00000000e-10	0.00000000e+00	9.31584987e-10
3.00000000e+01	2.52230767e+01	-6.74971061e+06	-2.62710512e+05	6.14128863e+03	1.00000000e-09	6.14128863e+02	1.00000000e-10	5.92544273e+08	8.56462471e-10
3.01000000e+01	2.53071537e+01	-6.71365089e+06	-2.61307005e+05	1.60167512e+03	1.00000000e-09	1.60167512e+02	1.00000000e-10	1.54538156e+08	7.87397794e-10
3.02000000e+01	2.53912306e+01	-6.67760443e+06	-2.59904013e+05	1.00000000e-09	1.00000000e-09	1.00000000e-10	1.00000000e-10	0.00000000e+00	7.23902457e-10
3.03000000e+01	2.54753075e+01	-6.64160838e+06	-2.58502985e+05	1.00000000e-09	1.00000000e-09	1.00000000e-10	1.00000000e-10	0.00000000e+00	6.65527349e-10
3.04000000e+01	2.55593844e+01	-6.60561234e+06	-2.57101956e+05	5.95938226e+03	1.00000000e-09	5.95938226e+02	1.00000000e-10	5.74992976e+08	6.11859579e-10
3.05000000e+01	2.56434614e+01	-6.56961630e+06	-2.55700927e+05	2.86337865e+03	1.00000000e-09	2.86337865e+02	1.00000000e-10	2.76274040e+08	5.62519549e-10
3.06000000e+01	2.57275383e+01	-6.53362404e+06	-2.54300046e+05	1.00000000e-09	1.00000000e-09	1.00000000e-10	1.00000000e-10	0.00000000e+00	5.17158273e-10
3.07000000e+01	2.58116152e+01	-6.49768400e+06	-2.52901197e+05	1.00000000e-09	1.00000000e-09	1.00000000e-10	1.00000000e-10	0.00000000e+00	4.75454906e-10
3.08000000e+01	2.58956921e+01	-6.46174436e+06	-2.51502363e+05	5.51839546e+03	1.00000000e-09	5.51839546e+02	1.00000000e-10	5.32444219e+08	4.37114476e-10
3.09000000e+01	2.59797690e+01	-6.42580472e+06	-2.50103529e+05	4.08670616e+03	1.00000000e-09	4.08670616e+02	1.00000000e-10	3.94307201e+08	4.01865798e-10
3.10000000e+01	2.60638460e+01	-6.38986507e+06	-2.48704696e+05	1.00000000e-09	1.00000000e-09	1.00000000e-10	1.00000000e-10	0.00000000e+00	3.69459555e-10
3.11000000e+01	2.61479229e+01	-6.35397775e+06	-2.47307898e+05	1.00000000e-09	1.00000000e-09	1.00000000e-10	1.00000000e-10	0.00000000e+00	3.39666533e-10
3.12000000e+01	2.62319998e+01	-6.31810111e+06	-2.45911517e+05	4.79410026e+03	1.00000000e-09	4.79410026e+02	1.00000000e-10	4.62560356e+08	3.12276006e-10
3.13000000e+01	2.63160767e+01	-6.28222448e+06	-2.44515136e+05	5.22263146e+03	1.00000000e-09	5.22263146e+02	1.00000000e-10	5.03907331e+08	2.87094235e-10
3.14000000e+01	2.64001537e+01	-6.24634784e+06	-2.43118755e+05	1.00000000e-09	1.00000000e-09	1.00000000e-10	1.00000000e-10	0.00000000e+00	2.63943109e-10
3.15000000e+01	2.64842306e+01	-6.21052176e+06	-2.41724341e+05	1.00000000e-09	1.00000000e-09	1.00000000e-10	1.00000000e-10	0.00000000e+00	2.42658878e-10
3.16000000e+01	2.65683075e+01	-6.17471681e+06	-2.40330750e+05	3.82909976e+03	1.00000000e-09	3.82909976e+02	1.00000000e-10	3.69451962e+08	2.23090996e-10
3.17000000e+01	2.66523844e+01	-6.13891185e+06	-2.38937159e+05	6.22102849e+03	1.00000000e-09	6.22102849e+02	1.00000000e-10	6.00238000e+08	2.05101057e-10
3.18000000e+01	2.67364614e+01	-6.10310690e+06	-2.37543567e+05	1.00000000e-09	1.00000000e-09	1.00000000e-10	1.00000000e-10	0.00000000e+00	1.88561817e-10
3.19000000e+01	2.68205383e+01	-6.06734875e+06	-2.36151798e+05	1.00000000e-09	1.00000000e-09	1.00000000e-10	1.00000000e-10	0.00000000e+00	1.73356293e-10
3.20000000e+01	2.69046152e+01	-6.03162192e+06	-2.34761247e+05	2.64553913e+03	1.00000000e-09	2.64553913e+02	1.00000000e-10	2.55255722e+08	1.59376934e-10
3.21000000e+01	2.69886921e+01	-5.99589509e+06	-2.33370697e+05	7.03281625e+03	1.00000000e-09	7.03281625e+02	1.00000000e-10	6.78563611e+08	1.46524863e-10
3.22000000e+01	2.70727690e+01	-5.96016827e+06	-2.31980146e+05	1.00000000e-09	1.00000000e-09	1.00000000e-10	1.00000000e-10	0.00000000e+00	1.34709176e-10
3.23000000e+01	2.71568460e+01	-5.92448244e+06	-2.30591192e+05	1.00000000e-09	1.00000000e-09	1.00000000e-10	1.00000000e-10	0.00000000e+00	1.23846300e-10
3.24000000e+01	2.72409229e+01	-5.88883736e+06	-2.29203823e+05	1.27673753e+03	1.00000000e-09	1.27673753e+02	1.00000000e-10	1.23186445e+08	1.13859401e-10
3.25000000e+01	2.73249998e+01	-5.85319229e+06	-2.27816455e+05	7.61203894e+03	1.00000000e-09	7.61203894e+02	1.00000000e-10	7.34450106e+08	1.04677839e-10
3.26000000e+01	2.74090767e+01	-5.81754721e+06	-2.26429086e+05	1.00000000e-09	1.00000000e-09	1.00000000e-10	1.00000000e-10	0.00000000e+00	9.62366743e-11
3.27000000e+01	2.74931537e+01	-5.78193529e+06	-2.25043008e+05	1.00000000e-09	1.00000000e-09	1.00000000e-10	1.00000000e-10	0.00000000e+00	8.84762003e-11
3.28000000e+01	2.75772306e+01	-5.74637227e+06	-2.23658833e+05	1.00000000e-09	1.00000000e-09	1.00000000e-10	1.00000000e-10	0.00000000e+00	8.13415267e-11
3.29000000e+01	2.76613075e+01	-5.71080925e+06	-2.22274659e+05	7.91816397e+03	1.00000000e-09	7.91816397e+02	1.00000000e-10	7.63986681e+08	7.47821894e-11
3.30000000e+01	2.77453844e+01	-5.67524624e+06	-2.20890484e+05	8.05350785e+02	1.00000000e-09	8.05350785e+01	1.00000000e-10	7.77045380e+07	6.87517936e-11
3.31000000e+01	2.78294613e+01	-5.63970662e+06	-2.19507220e+05	1.00000000e-09	1.00000000e-09	1.00000000e-10	1.00000000e-10	0.00000000e+00	6.32076857e-11
3.32000000e+01	2.79135383e+01	-5.60422248e+06	-2.18126116e+05	1.00000000e-09	1.00000000e-09	1.00000000e-10	1.00000000e-10	0.00000000e+00	5.81106517e-11
3.33000000e+01	2.79976152e+01	-5.56873834e+06	-2.16745011e+05	7.91883589e+03	1.00000000e-09	7.91883589e+02	1.00000000e-10	7.64051511e+08	5.34246397e-11
3.34000000e+01	2.80816921e+01	-5.53325420e+06	-2.15363906e+05	2.40525268e+03	1.00000000e-09	2.40525268e+02	1.00000000e-10	2.32071604e+08	4.91165053e-11
3.35000000e+01	2.81657690e+01	-5.49778208e+06	-2.13983269e+05	1.00000000e-09	1.00000000e-09	1.00000000e-10	1.00000000e-10	0.00000000e+00	4.51557765e-11
3.36000000e+01	2.82498460e+01	-5.46236993e+06	-2.12604967e+05	1.00000000e-09	1.00000000e-09	1.00000000e-10	1.00000000e-10	0.00000000e+00	4.15144388e-11
3.37000000e+01	2.83339229e+01	-5.42695779e+06	-2.11226665e+05	7.59230087e+03	1.00000000e-09	7.59230087e+02	1.00000000e-10	7.32545671e+08	3.81667366e-11
3.38000000e+01	2.84179998e+01	-5.39154565e+06	-2.09848362e+05	4.00843202e+03	1.00000000e-09	4.00843202e+02	1.00000000e-10	3.86754895e+08	3.50889914e-11
3.39000000e+01	2.85020767e+01	-5.35613350e+06	-2.08470060e+05	1.00000000e-09	1.00000000e-09	1.00000000e-10	1.00000000e-10	0.00000000e+00	3.22594338e-11
3.40000000e+01	2.85861536e+01	-5.32078338e+06	-2.07094171e+05	1.00000000e-09	1.00000000e-09	1.00000000e-10	1.00000000e-10	0.00000000e+00	2.96580503e-11
3.41000000e+01	2.86702306e+01	-5.28544036e+06	-2.05718559e+05	6.87950827e+03	1.00000000e-09	6.87950827e+02	1.00000000e-10	6.63771641e+08	2.72664410e-11
3.42000000e+01	2.87543075e+01	-5.25009734e+06	-2.04342947e+05	5.54262222e+03	1.00000000e-09	5.54262222e+02	1.00000000e-10	5.34781746e+08	2.50676897e-11
3.43000000e+01	2.88383844e+01	-5.21475432e+06	-2.02967335e+05	1.00000000e-09	1.00000000e-09	1.00000000e-10	1.00000000e-10	0.00000000e+00	2.30462446e-11
3.44000000e+01	2.89224613e+01	-5.17947256e+06	-2.01594108e+05	1.00000000e-09	1.00000000e-09	1.00000000e-10	1.00000000e-10	0.00000000e+00	2.11878078e-11
3.45000000e+01	2.90065383e+01	-5.14421157e+06	-2.00221688e+05	5.83906752e+03	1.00000000e-09	5.83906752e+02	1.00000000e-10	5.63384369e+08	1.94792342e-11
3.46000000e+01	2.90906152e+01	-5.10895057e+06	-1.98849269e+05	6.94058386e+03	1.00000000e-09	6.94058386e+02	1.00000000e-10	6.69664539e+08	1.79084392e-11
3.47000000e+01	2.91746921e+01	-5.07368958e+06	-1.97476849e+05	1.00000000e-09	1.00000000e-09	1.00000000e-10	1.00000000e-10	0.00000000e+00	1.64643122e-11
3.48000000e+01	2.92587690e+01	-5.03848606e+06	-1.96106667e+05	1.00000000e-09	1.00000000e-09	1.00000000e-10	1.00000000e-10	0.00000000e+00	1.51366389e-11
3.49000000e+01	2.93428459e+01	-5.00331666e+06	-1.94737813e+05	4.49403986e+03	1.00000000e-09	4.49403986e+02	1.00000000e-10	4.33608929e+08	1.39160284e-11
3.50000000e+01	2.94269229e+01	-4.96814725e+06	-1.93368958e+05	8.13141055e+03	1.00000000e-09	8.13141055e+02	1.00000000e-10	7.84561847e+08	1.27938473e-11
3.51000000e+01	2.95109998e+01	-4.93297785e+06	-1.92000104e+05	1.00000000e-09	1.00000000e-09	1.00000000e-10	1.00000000e-10	0.00000000e+00	1.17621583e-11
3.52000000e+01	2.95950767e+01	-4.89785907e+06	-1.90633219e+05	1.00000000e-09	1.00000000e-09	1.00000000e-10	1.00000000e-10	0.00000000e+00	1.08136641e-11
3.53000000e+01	2.96791536e+01	-4.86278686e+06	-1.89268148e+05	2.88226850e+03	1.00000000e-09	2.88226850e+02	1.00000000e-10	2.78096634e+08	9.94165601e-12
3.54000000e+01	2.97632306e+01	-4.82771464e+06	-1.87903076e+05	9.04744815e+03	1.00000000e-09	9.04744815e+02	1.00000000e-10	8.72946040e+08	9.13996618e-12
3.55000000e+01	2.98473075e+01	-4.79264242e+06	-1.86538004e+05	1.00000000e-09	1.00000000e-09	1.00000000e-10	1.00000000e-10	0.00000000e+00	8.40292419e-12
3.56000000e+01	2.99313844e+01	-4.75761102e+06	-1.85174520e+05	1.00000000e-09	1.00000000e-09	1.00000000e-10	1.00000000e-10	0.00000000e+00	7.72531687e-12
3.57000000e+01	3.00154613e+01	-4.72263699e+06	-1.83813270e+05	1.05740393e+03	1.00000000e-09	1.05740393e+02	1.00000000e-10	1.02023969e+08	7.10235144e-12
3.58000000e+01	3.00995383e+01	-4.68766296e+06	-1.82452020e+05	9.62810165e+03	1.00000000e-09	9.62810165e+02	1.00000000e-10	9.28970586e+08	6.52962161e-12
3.59000000e+01	3.01836152e+01	-4.65268893e+06	-1.81090770e+05	1.00000000e-09	1.00000000e-09	1.00000000e-10	1.00000000e-10	0.00000000e+00	6.00307641e-12
3.60000000e+01	3.02676921e+01	-4.61774326e+06	-1.79730623e+05	1.00000000e-09	1.00000000e-09	1.00000000e-10	1.00000000e-10	0.00000000e+00	5.51899153e-12
3.61000000e+01	3.03517690e+01	-4.58286344e+06	-1.78373040e+05	1.00000000e-09	1.00000000e-09	1.00000000e-10	1.00000000e-10	0.00000000e+00	5.07394300e-12
3.62000000e+01	3.04358459e+01	-4.54798361e+06	-1.77015456e+05	9.82406037e+03	1.00000000e-09	9.82406037e+02	1.00000000e-10	9.47877727e+08	4.66478295e-12
3.63000000e+01	3.05199229e+01	-4.51310378e+06	-1.75657872e+05	1.63556322e+03	1.00000000e-09	1.63556322e+02	1.00000000e-10	1.57807861e+08	4.28861734e-12
3.64000000e+01	3.06039998e+01	-4.47823769e+06	-1.74300823e+05	1.00000000e-09	1.00000000e-09	1.00000000e-10	1.00000000e-10	0.00000000e+00	3.94278553e-12
3.65000000e+01	3.06880767e+01	-4.44344293e+06	-1.72946550e+05	1.00000000e-09	1.00000000e-09	1.00000000e-10	1.00000000e-10	0.00000000e+00	3.62484141e-12
3.66000000e+01	3.07721536e+01	-4.40864817e+06	-1.71592278e+05	9.60147913e+03	1.00000000e-09	9.60147913e+02	1.00000000e-10	9.26401903e+08	3.33253613e-12
3.67000000e+01	3.08562306e+01	-4.37385341e+06	-1.70238005e+05	3.65296573e+03	1.00000000e-09	3.65296573e+02	1.00000000e-10	3.52457611e+08	3.06380220e-12
3.68000000e+01	3.09403075e+01	-4.33905866e+06	-1.68883732e+05	1.00000000e-09	1.00000000e-09	1.00000000e-10	1.00000000e-10	0.00000000e+00	2.81673882e-12
3.69000000e+01	3.10243844e+01	-4.30433722e+06	-1.67532313e+05	1.00000000e-09	1.00000000e-09	1.00000000e-10	1.00000000e-10	0.00000000e+00	2.58959851e-12
3.70000000e+01	3.11084613e+01	-4.26962649e+06	-1.66181311e+05	8.88104300e+03	1.00000000e-09	8.88104300e+02	1.00000000e-10	8.56890384e+08	2.38077467e-12
3.71000000e+01	3.11925382e+01	-4.23491576e+06	-1.64830309e+05	5.60601617e+03	1.00000000e-09	5.60601617e+02	1.00000000e-10	5.40898332e+08	2.18879027e-12
3.72000000e+01	3.12766152e+01	-4.20020503e+06	-1.63479307e+05	1.00000000e-09	1.00000000e-09	1.00000000e-10	1.00000000e-10	0.00000000e+00	2.01228739e-12
3.73000000e+01	3.13606921e+01	-4.16556579e+06	-1.62131087e+05	1.00000000e-09	1.00000000e-09	1.00000000e-10	1.00000000e-10	0.00000000e+00	1.85001761e-12
3.74000000e+01	3.14447690e+01	-4.13095406e+06	-1.60783939e+05	7.74088518e+03	1.00000000e-09	7.74088518e+02	1.00000000e-10	7.46881878e+08	1.70083318e-12
3.75000000e+01	3.15288459e+01	-4.09634234e+06	-1.59436790e+05	7.40400422e+03	1.00000000e-09	7.40400422e+02	1.00000000e-10	7.14377806e+08	1.56367890e-12
3.76000000e+01	3.16129229e+01	-4.06173062e+06	-1.58089641e+05	1.00000000e-09	1.00000000e-09	1.00000000e-10	1.00000000e-10	0.00000000e+00	1.43758467e-12
3.77000000e+01	3.16969998e+01	-4.02718458e+06	-1.56745049e+05	1.00000000e-09	1.00000000e-09	1.00000000e-10	1.00000000e-10	0.00000000e+00	1.32165861e-12
3.78000000e+01	3.17810767e+01	-3.99268221e+06	-1.55402157e+05	6.20999988e+03	1.00000000e-09	6.20999988e+02	1.00000000e-10	5.99173901e+08	1.21508076e-12
3.79000000e+01	3.18651536e+01	-3.95817984e+06	-1.54059265e+05	8.95330542e+03	1.00000000e-09	8.95330542e+02	1.00000000e-10	8.63862647e+08	1.11709730e-12
3.80000000e+01	3.19492305e+01	-3.92367748e+06	-1.52716372e+05	1.00000000e-09	1.00000000e-09	1.00000000e-10	1.00000000e-10	0.00000000e+00	1.02701517e-12
3.81000000e+01	3.20333075e+01	-3.88923113e+06	-1.51375660e+05	1.00000000e-09	1.00000000e-09	1.00000000e-10	1.00000000e-10	0.00000000e+00	9.44197214e-13
3.82000000e+01	3.21173844e+01	-3.85484298e+06	-1.50037214e+05	4.33859600e+03	1.00000000e-09	4.33859600e+02	1.00000000e-10	4.18610876e+08	8.68057654e-13
3.83000000e+01	3.22014613e+01	-3.82045483e+06	-1.48698767e+05	1.01656341e+04	1.00000000e-09	1.01656341e+03	1.00000000e-10	9.80834587e+08	7.98057949e-13
3.84000000e+01	3.22855382e+01	-3.78606668e+06	-1.47360320e+05	1.00000000e-09	1.00000000e-09	1.00000000e-10	1.00000000e-10	0.00000000e+00	7.33702982e-13
3.85000000e+01	3.23696152e+01	-3.75172136e+06	-1.46023540e+05	1.00000000e-09	1.00000000e-09	1.00000000e-10	1.00000000e-10	0.00000000e+00	6.74537565e-13
3.86000000e+01	3.24536921e+01	-3.71744621e+06	-1.44689492e+05	2.19769735e+03	1.00000000e-09	2.19769735e+02	1.00000000e-10	2.12045559e+08	6.20143216e-13
3.87000000e+01	3.25377690e+01	-3.68317106e+06	-1.43355443e+05	1.09636446e+04	1.00000000e-09	1.09636446e+03	1.00000000e-10	1.05783089e+09	5.70135198e-13
3.88000000e+01	3.26218459e+01	-3.64889592e+06	-1.42021395e+05	1.00000000e-09	1.00000000e-09	1.00000000e-10	1.00000000e-10	0.00000000e+00	5.24159800e-13
3.89000000e+01	3.27059228e+01	-3.61464733e+06	-1.40688380e+05	1.00000000e-09	1.00000000e-09	1.00000000e-10	1.00000000e-10	0.00000000e+00	4.81891834e-13
3.90000000e+01	3.27899998e+01	-3.58047750e+06	-1.39358430e+05	1.00000000e-09	1.00000000e-09	1.00000000e-10	1.00000000e-10	0.00000000e+00	4.43032333e-13
3.91000000e+01	3.28740767e+01	-3.54630767e+06	-1.38028481e+05	1.12855699e+04	1.00000000e-09	1.12855699e+03	1.00000000e-10	1.08889196e+09	4.07306443e-13
3.92000000e+01	3.29581536e+01	-3.51213784e+06	-1.36698532e+05	9.70935896e+02	1.00000000e-09	9.70935896e+01	1.00000000e-10	9.36810724e+07	3.74461468e-13
3.93000000e+01	3.30422305e+01	-3.47797608e+06	-1.35368896e+05	1.00000000e-09	1.00000000e-09	1.00000000e-10	1.00000000e-10	0.00000000e+00	3.44265096e-13
3.94000000e+01	3.31263075e+01	-3.44389763e+06	-1.34042504e+05	1.00000000e-09	1.00000000e-09	1.00000000e-10	1.00000000e-10	0.00000000e+00	3.16503742e-13
3.95000000e+01	3.32103844e+01	-3.40982039e+06	-1.32716158e+05	1.10827145e+04	1.00000000e-09	1.10827145e+03	1.00000000e-10	1.06931939e+09	2.90981049e-13
3.96000000e+01	3.32944613e+01	-3.37574314e+06	-1.31389812e+05	3.35120111e+03	1.00000000e-09	3.35120111e+02	1.00000000e-10	3.23341752e+08	2.67516493e-13
3.97000000e+01	3.33785382e+01	-3.34166590e+06	-1.30063466e+05	1.00000000e-09	1.00000000e-09	1.00000000e-10	1.00000000e-10	0.00000000e+00	2.45944106e-13
3.98000000e+01	3.34626152e+01	-3.30767205e+06	-1.28740366e+05	1.00000000e-09	1.00000000e-09	1.00000000e-10	1.00000000e-10	0.00000000e+00	2.26111304e-13
3.99000000e+01	3.35466921e+01	-3.27369911e+06	-1.27418080e+05	1.02941080e+04	1.00000000e-09	1.02941080e+03	1.00000000e-10	9.93230433e+08	2.07877809e-13
4.00000000e+01	3.36307690e+01	-3.23972617e+06	-1.26095794e+05	5.65051792e+03	1.00000000e-09	5.65051792e+02	1.00000000e-10	5.45192098e+08	1.91114654e-13
4.01000000e+01	3.37148459e+01	-3.20575323e+06	-1.24773508e+05	1.00000000e-09	1.00000000e-09	1.00000000e-10	1.00000000e-10	0.00000000e+00	1.75703270e-13
4.02000000e+01	3.37989228e+01	-3.17185905e+06	-1.23454287e+05	1.00000000e-09	1.00000000e-09	1.00000000e-10	1.00000000e-10	0.00000000e+00	1.61534652e-13
4.03000000e+01	3.38829998e+01	-3.13800508e+06	-1.22136632e+05	9.00597677e+03	1.00000000e-09	9.00597677e+02	1.00000000e-10	8.68944660e+08	1.48508584e-13
4.04000000e+01	3.39670767e+01	-3.10415111e+06	-1.20818977e+05	7.75254164e+03	1.00000000e-09	7.75254164e+02	1.00000000e-10	7.48006555e+08	1.36532931e-13
4.05000000e+01	3.40511536e+01	-3.07029715e+06	-1.19501321e+05	1.00000000e-09	1.00000000e-09	1.00000000e-10	1.00000000e-10	0.00000000e+00	1.25522989e-13
4.06000000e+01	3.41352305e+01	-3.03651268e+06	-1.18186371e+05	1.00000000e-09	1.00000000e-09	1.00000000e-10	1.00000000e-10	0.00000000e+00	1.15400882e-13
4.07000000e+01	3.42193075e+01	-3.00278618e+06	-1.16873676e+05	7.26099568e+03	1.00000000e-09	7.26099568e+02	1.00000000e-10	7.00579580e+08	1.06095016e-13
4.08000000e+01	3.43033844e+01	-2.96905967e+06	-1.15560982e+05	9.54385882e+03	1.00000000e-09	9.54385882e+02	1.00000000e-10	9.20842388e+08	9.75395708e-14
4.09000000e+01	3.43874613e+01	-2.93533317e+06	-1.14248288e+05	1.00000000e-09	1.00000000e-09	1.00000000e-10	1.00000000e-10	0.00000000e+00	8.96740319e-14
4.10000000e+01	3.44715382e+01	-2.90166263e+06	-1.12937771e+05	1.00000000e-09	1.00000000e-09	1.00000000e-10	1.00000000e-10	0.00000000e+00	8.24427658e-14
4.11000000e+01	3.45556151e+01	-2.86806514e+06	-1.11630099e+05	5.12782402e+03	1.00000000e-09	5.12782402e+02	1.00000000e-10	4.94759804e+08	7.57946252e-14
4.12000000e+01	3.46396921e+01	-2.83446765e+06	-1.10322426e+05	1.09206995e+04	1.00000000e-09	1.09206995e+03	1.00000000e-10	1.05368732e+09	6.96825871e-14
4.13000000e+01	3.47237690e+01	-2.80087016e+06	-1.09014753e+05	1.00000000e-09	1.00000000e-09	1.00000000e-10	1.00000000e-10	0.00000000e+00	6.40634205e-14
4.14000000e+01	3.48078459e+01	-2.76731127e+06	-1.07708582e+05	1.00000000e-09	1.00000000e-09	1.00000000e-10	1.00000000e-10	0.00000000e+00	5.88973804e-14
4.15000000e+01	3.48919228e+01	-2.73383687e+06	-1.06405700e+05	2.69993376e+03	1.00000000e-09	2.69993376e+02	1.00000000e-10	2.60504005e+08	5.41479271e-14
4.16000000e+01	3.49759998e+01	-2.70036248e+06	-1.05102819e+05	1.17944692e+04	1.00000000e-09	1.17944692e+03	1.00000000e-10	1.13799328e+09	4.97814672e-14
4.17000000e+01	3.50600767e+01	-2.66688809e+06	-1.03799937e+05	1.00000000e-09	1.00000000e-09	1.00000000e-10	1.00000000e-10	0.00000000e+00	4.57671163e-14
4.18000000e+01	3.51441536e+01	-2.63343215e+06	-1.02497773e+05	1.00000000e-09	1.00000000e-09	1.00000000e-10	1.00000000e-10	0.00000000e+00	4.20764804e-14
4.19000000e+01	3.52282305e+01	-2.60006774e+06	-1.01199172e+05	9.21403607e+01	1.00000000e-09	9.21403607e+00	1.00000000e-10	8.89019331e+06	3.86834555e-14
4.20000000e+01	3.53123074e+01	-2.56670332e+06	-9.99005707e+04	1.21019629e+04	1.00000000e-09	1.21019629e+03	1.00000000e-10	1.16766191e+09	3.55640423e-14
4.21000000e+01	3.53963844e+01	-2.53333890e+06	-9.86019694e+04	8.39782513e+02	1.00000000e-09	8.39782513e+01	1.00000000e-10	8.10266946e+07	3.26961769e-14
4.22000000e+01	3.54804613e+01	-2.49997448e+06	-9.73033681e+04	1.00000000e-09	1.00000000e-09	1.00000000e-10	1.00000000e-10	0.00000000e+00	3.00595747e-14
4.23000000e+01	3.55645382e+01	-2.46670359e+06	-9.60084071e+04	1.00000000e-09	1.00000000e-09	1.00000000e-10	1.00000000e-10	0.00000000e+00	2.76355866e-14
4.24000000e+01	3.56486151e+01	-2.43344654e+06	-9.47139844e+04	1.17263194e+04	1.00000000e-09	1.17263194e+03	1.00000000e-10	1.13141782e+09	2.54070677e-14
4.25000000e+01	3.57326921e+01	-2.40018948e+06	-9.34195617e+04	3.47295489e+03	1.00000000e-09	3.47295489e+02	1.00000000e-10	3.35089206e+08	2.33582553e-14
4.26000000e+01	3.58167690e+01	-2.36693242e+06	-9.21251390e+04	1.00000000e-09	1.00000000e-09	1.00000000e-10	1.00000000e-10	0.00000000e+00	2.14746581e-14
4.27000000e+01	3.59008459e+01	-2.33376561e+06	-9.08342289e+04	1.00000000e-09	1.00000000e-09	1.00000000e-10	1.00000000e-10	0.00000000e+00	1.97429531e-14
4.28000000e+01	3.59849228e+01	-2.30063456e+06	-8.95447107e+04	1.07664116e+04	1.00000000e-09	1.07664116e+03	1.00000000e-10	1.03880080e+09	1.81508919e-14
4.29000000e+01	3.60689997e+01	-2.26750352e+06	-8.82551925e+04	5.97476903e+03	1.00000000e-09	5.97476903e+02	1.00000000e-10	5.76477574e+08	1.66872137e-14
4.30000000e+01	3.61530767e+01	-2.23437247e+06	-8.69656743e+04	1.00000000e-09	1.00000000e-09	1.00000000e-10	1.00000000e-10	0.00000000e+00	1.53415657e-14
4.31000000e+01	3.62371536e+01	-2.20132312e+06	-8.56793359e+04	1.00000000e-09	1.00000000e-09	1.00000000e-10	1.00000000e-10	0.00000000e+00	1.41044300e-14
4.32000000e+01	3.63212305e+01	-2.16833005e+06	-8.43951880e+04	9.25477930e+03	1.00000000e-09	9.25477930e+02	1.00000000e-10	8.92950455e+08	1.29670563e-14
4.33000000e+01	3.64053074e+01	-2.13533697e+06	-8.31110401e+04	8.21059787e+03	1.00000000e-09	8.21059787e+02	1.00000000e-10	7.92202262e+08	1.19213998e-14
4.34000000e+01	3.64893844e+01	-2.10234390e+06	-8.18268922e+04	1.00000000e-09	1.00000000e-09	1.00000000e-10	1.00000000e-10	0.00000000e+00	1.09600645e-14
4.35000000e+01	3.65734613e+01	-2.06941906e+06	-8.05453999e+04	1.00000000e-09	1.00000000e-09	1.00000000e-10	1.00000000e-10	0.00000000e+00	1.00762507e-14
4.36000000e+01	3.66575382e+01	-2.03656836e+06	-7.92667932e+04	7.25440363e+03	1.00000000e-09	7.25440363e+02	1.00000000e-10	6.99943543e+08	9.26370726e-15
4.37000000e+01	3.67416151e+01	-2.00371765e+06	-7.79881864e+04	1.00535667e+04	1.00000000e-09	1.00535667e+03	1.00000000e-10	9.70021719e+08	8.51668685e-15
4.38000000e+01	3.68256921e+01	-1.97086695e+06	-7.67095797e+04	1.00000000e-09	1.00000000e-09	1.00000000e-10	1.00000000e-10	0.00000000e+00	7.82990577e-15
4.39000000e+01	3.69097690e+01	-1.93806658e+06	-7.54329320e+04	1.00000000e-09	1.00000000e-09	1.00000000e-10	1.00000000e-10	0.00000000e+00	7.19850635e-15
4.40000000e+01	3.69938459e+01	-1.90535442e+06	-7.41597179e+04	4.85786103e+03	1.00000000e-09	4.85786103e+02	1.00000000e-10	4.68712335e+08	6.61802264e-15
4.41000000e+01	3.70779228e+01	-1.87264226e+06	-7.28865037e+04	1.13913555e+04	1.00000000e-09	1.13913555e+03	1.00000000e-10	1.09909871e+09	6.08434883e-15
4.42000000e+01	3.71619997e+01	-1.83993011e+06	-7.16132895e+04	1.00000000e-09	1.00000000e-09	1.00000000e-10	1.00000000e-10	0.00000000e+00	5.59371018e-15
4.43000000e+01	3.72460767e+01	-1.80724709e+06	-7.03412093e+04	1.00000000e-09	1.00000000e-09	1.00000000e-10	1.00000000e-10	0.00000000e+00	5.14263638e-15
4.44000000e+01	3.73301536e+01	-1.77466166e+06	-6.90729278e+04	2.18420811e+03	1.00000000e-09	2.18420811e+02	1.00000000e-10	2.10744045e+08	4.72793693e-15
4.45000000e+01	3.74142305e+01	-1.74207624e+06	-6.78046462e+04	1.21374961e+04	1.00000000e-09	1.21374961e+03	1.00000000e-10	1.17109034e+09	4.34667862e-15
4.46000000e+01	3.74983074e+01	-1.70949081e+06	-6.65363647e+04	1.00000000e-09	1.00000000e-09	1.00000000e-10	1.00000000e-10	0.00000000e+00	3.99616478e-15
4.47000000e+01	3.75823844e+01	-1.67691118e+06	-6.52683084e+04	1.00000000e-09	1.00000000e-09	1.00000000e-10	1.00000000e-10	0.00000000e+00	3.67391618e-15
4.48000000e+01	3.76664613e+01	-1.64443315e+06	-6.40042068e+04	1.00000000e-09	1.00000000e-09	1.00000000e-10	1.00000000e-10	0.00000000e+00	3.37765354e-15
4.49000000e+01	3.77505382e+01	-1.61196076e+06	-6.27403248e+04	1.21901000e+04	1.00000000e-09	1.21901000e+03	1.00000000e-10	1.17616584e+09	3.10528136e-15
4.50000000e+01	3.78346151e+01	-1.57948837e+06	-6.14764429e+04	1.59055509e+03	1.00000000e-09	1.59055509e+02	1.00000000e-10	1.53465236e+08	2.85487313e-15
4.51000000e+01	3.79186920e+01	-1.54701599e+06	-6.02125610e+04	1.00000000e-09	1.00000000e-09	1.00000000e-10	1.00000000e-10	0.00000000e+00	2.62465769e-15
4.52000000e+01	3.80027690e+01	-1.51464348e+06	-5.89525666e+04	1.00000000e-09	1.00000000e-09	1.00000000e-10	1.00000000e-10	0.00000000e+00	2.41300669e-15
4.53000000e+01	3.80868459e+01	-1.48230062e+06	-5.76937260e+04	1.15438383e+04	1.00000000e-09	1.15438383e+03	1.00000000e-10	1.11381108e+09	2.21842312e-15
4.54000000e+01	3.81709228e+01	-1.44995776e+06	-5.64348854e+04	4.34289821e+03	1.00000000e-09	4.34289821e+02	1.00000000e-10	4.19025976e+08	2.03953067e-15
4.55000000e+01	3.82549997e+01	-1.41761490e+06	-5.51760448e+04	1.00000000e-09	1.00000000e-09	1.00000000e-10	1.00000000e-10	0.00000000e+00	1.87506400e-15
4.56000000e+01	3.83390767e+01	-1.38536443e+06	-5.39208004e+04	1.00000000e-09	1.00000000e-09	1.00000000e-10	1.00000000e-10	0.00000000e+00	1.72385984e-15
4.57000000e+01	3.84231536e+01	-1.35316640e+06	-5.26675967e+04	1.02729466e+04	1.00000000e-09	1.02729466e+03	1.00000000e-10	9.91188663e+08	1.58484870e-15
4.58000000e+01	3.85072305e+01	-1.32096836e+06	-5.14143931e+04	6.87780617e+03	1.00000000e-09	6.87780617e+02	1.00000000e-10	6.63607412e+08	1.45704735e-15
4.59000000e+01	3.85913074e+01	-1.28877033e+06	-5.01611894e+04	1.00000000e-09	1.00000000e-09	1.00000000e-10	1.00000000e-10	0.00000000e+00	1.33955183e-15
4.60000000e+01	3.86753843e+01	-1.25665177e+06	-4.89110790e+04	1.00000000e-09	1.00000000e-09	1.00000000e-10	1.00000000e-10	0.00000000e+00	1.23153109e-15
4.61000000e+01	3.87594613e+01	-1.22460585e+06	-4.76637959e+04	8.43354125e+03	1.00000000e-09	8.43354125e+02	1.00000000e-10	8.13713029e+08	1.13222108e-15
4.62000000e+01	3.88435382e+01	-1.19255993e+06	-4.64165128e+04	9.04890044e+03	1.00000000e-09	9.04890044e+02	1.00000000e-10	8.73086165e+08	1.04091937e-15
4.63000000e+01	3.89276151e+01	-1.16051401e+06	-4.51692298e+04	1.00000000e-09	1.00000000e-09	1.00000000e-10	1.00000000e-10	0.00000000e+00	9.56980191e-16
4.64000000e+01	3.90116920e+01	-1.12852974e+06	-4.39243460e+04	1.00000000e-09	1.00000000e-09	1.00000000e-10	1.00000000e-10	0.00000000e+00	8.79809819e-16
4.65000000e+01	3.90957690e+01	-1.09663451e+06	-4.26829284e+04	6.11549409e+03	1.00000000e-09	6.11549409e+02	1.00000000e-10	5.90055478e+08	8.08862425e-16
4.66000000e+01	3.91798459e+01	-1.06473929e+06	-4.14415108e+04	1.07234411e+04	1.00000000e-09	1.07234411e+03	1.00000000e-10	1.03465477e+09	7.43636191e-16
4.67000000e+01	3.92639228e+01	-1.03284407e+06	-4.02000931e+04	1.00000000e-09	1.00000000e-09	1.00000000e-10	1.00000000e-10	0.00000000e+00	6.83669765e-16
4.68000000e+01	3.93479997e+01	-1.00098889e+06	-3.89602340e+04	1.00000000e-09	1.00000000e-09	1.00000000e-10	1.00000000e-10	0.00000000e+00	6.28539001e-16
4.69000000e+01	3.94320766e+01	-9.69234358e+05	-3.77242920e+04	3.43985397e+03	1.00000000e-09	3.43985397e+02	1.00000000e-10	3.31895453e+08	5.77853951e-16
4.70000000e+01	3.95161536e+01	-9.37479822e+05	-3.64883501e+04	1.17944486e+04	1.00000000e-09	1.17944486e+03	1.00000000e-10	1.13799129e+09	5.31256117e-16
4.71000000e+01	3.96002305e+01	-9.05725285e+05	-3.52524081e+04	1.00000000e-09	1.00000000e-09	1.00000000e-10	1.00000000e-10	0.00000000e+00	4.88415907e-16
4.72000000e+01	3.96843074e+01	-8.73986612e+05	-3.40170836e+04	1.00000000e-09	1.00000000e-09	1.00000000e-10	1.00000000e-10	0.00000000e+00	4.49030309e-16
4.73000000e+01	3.97683843e+01	-8.42354593e+05	-3.27859102e+04	5.53697571e+02	1.00000000e-09	5.53697571e+01	1.00000000e-10	5.34236940e+07	4.12820745e-16
4.74000000e+01	3.98524613e+01	-8.10722574e+05	-3.15547369e+04	1.21879332e+04	1.00000000e-09	1.21879332e+03	1.00000000e-10	1.17595678e+09	3.79531100e-16
4.75000000e+01	3.99365382e+01	-7.79090555e+05	-3.03235635e+04	4.36246954e+02	1.00000000e-09	4.36246954e+01	1.00000000e-10	4.20914322e+07	3.48925915e-16
4.76000000e+01	4.00206151e+01	-7.47458537e+05	-2.90923902e+04	1.00000000e-09	1.00000000e-09	1.00000000e-10	1.00000000e-10	0.00000000e+00	3.20788716e-16
4.77000000e+01	4.01046920e+01	-7.15933176e+05	-2.78653681e+04	1.00000000e-09	1.00000000e-09	1.00000000e-10	1.00000000e-10	0.00000000e+00	2.94920485e-16
4.78000000e+01	4.01887690e+01	-6.84429391e+05	-2.66391859e+04	1.17725185e+04	1.00000000e-09	1.17725185e+03	1.00000000e-10	1.13587536e+09	2.71138254e-16
4.79000000e+01	4.02728459e+01	-6.52925606e+05	-2.54130036e+04	3.34543884e+03	1.00000000e-09	3.34543884e+02	1.00000000e-10	3.22785777e+08	2.49273810e-16
4.80000000e+01	4.03569228e+01	-6.21421822e+05	-2.41868214e+04	1.00000000e-09	1.00000000e-09	1.00000000e-10	1.00000000e-10	0.00000000e+00	2.29172503e-16
4.81000000e+01	4.04409997e+01	-5.90018608e+05	-2.29645535e+04	1.00000000e-09	1.00000000e-09	1.00000000e-10	1.00000000e-10	0.00000000e+00	2.10692155e-16
4.82000000e+01	4.05250766e+01	-5.58661397e+05	-2.17440762e+04	1.06751740e+04	1.00000000e-09	1.06751740e+03	1.00000000e-10	1.02999771e+09	1.93702052e-16
4.83000000e+01	4.06091536e+01	-5.27304186e+05	-2.05235988e+04	6.07777753e+03	1.00000000e-09	6.07777753e+02	1.00000000e-10	5.86416383e+08	1.78082022e-16
4.84000000e+01	4.06932305e+01	-4.95946975e+05	-1.93031214e+04	1.00000000e-09	1.00000000e-09	1.00000000e-10	1.00000000e-10	0.00000000e+00	1.63721583e-16
4.85000000e+01	4.07773074e+01	-4.64678293e+05	-1.80860898e+04	1.00000000e-09	1.00000000e-09	1.00000000e-10	1.00000000e-10	0.00000000e+00	1.50519162e-16
4.86000000e+01	4.08613843e+01	-4.33477627e+05	-1.68717054e+04	8.94587830e+03	1.00000000e-09	8.94587830e+02	1.00000000e-10	8.63146039e+08	1.38381377e-16
4.87000000e+01	4.09454613e+01	-4.02276961e+05	-1.56573211e+04	8.46890847e+03	1.00000000e-09	8.46890847e+02	1.00000000e-10	8.17125446e+08	1.27222377e-16
4.88000000e+01	4.10295382e+01	-3.71076295e+05	-1.44429367e+04	1.00000000e-09	1.00000000e-09	1.00000000e-10	1.00000000e-10	0.00000000e+00	1.16963232e-16
4.89000000e+01	4.11136151e+01	-3.39947005e+05	-1.32313305e+04	1.00000000e-09	1.00000000e-09	1.00000000e-10	1.00000000e-10	0.00000000e+00	1.07531379e-16
4.90000000e+01	4.11976920e+01	-3.08904036e+05	-1.20230840e+04	6.67212783e+03	1.00000000e-09	6.67212783e+02	1.00000000e-10	6.43762470e+08	9.88601065e-17
4.91000000e+01	4.12817689e+01	-2.77861067e+05	-1.08148375e+04	1.03700563e+04	1.00000000e-09	1.03700563e+03	1.00000000e-10	1.00055833e+09	9.08880802e-17
4.92000000e+01	4.13658459e+01	-2.46818098e+05	-9.60659096e+03	1.00000000e-09	1.00000000e-09	1.00000000e-10	1.00000000e-10	0.00000000e+00	8.35589140e-17
4.93000000e+01	4.14499228e+01	-2.15825204e+05	-8.40029344e+03	1.00000000e-09	1.00000000e-09	1.00000000e-10	1.00000000e-10	0.00000000e+00	7.68207678e-17
4.94000000e+01	4.15339997e+01	-1.84932122e+05	-7.19788079e+03	3.97659671e+03	1.00000000e-09	3.97659671e+02	1.00000000e-10	3.83683255e+08	7.06259821e-17
4.95000000e+01	4.16180766e+01	-1.54039040e+05	-5.99546814e+03	1.16566091e+04	1.00000000e-09	1.16566091e+03	1.00000000e-10	1.12469180e+09	6.49307406e-17
4.96000000e+01	4.17021536e+01	-1.23145957e+05	-4.79305549e+03	1.00000000e-09	1.00000000e-09	1.00000000e-10	1.00000000e-10	0.00000000e+00	5.96947603e-17
4.97000000e+01	4.17862305e+01	-9.22787180e+04	-3.59164868e+03	1.00000000e-09	1.00000000e-09	1.00000000e-10	1.00000000e-10	0.00000000e+00	5.48810067e-17
4.98000000e+01	4.18703074e+01	-6.15191453e+04	-2.39443246e+03	1.01221243e+03	1.00000000e-09	1.01221243e+02	1.00000000e-10	9.76636525e+07	5.04554316e-17
4.99000000e+01	4.19543843e+01	-3.07595727e+04	-1.19721623e+03	1.22380931e+04	1.00000000e-09	1.22380931e+03	1.00000000e-10	1.18079648e+09	4.63867326e-17
5.00000000e+01	4.20384612e+01	0.00000000e+00	0.00000000e+00	1.00000000e+01	1.00000000e+01	1.00000000e+00	1.00000000e+00	0.00000000e+00	4.26461312e-17
