# 1D PNP Solver Results
# Debye length: 1.18939 nm
# Surface potential: 100 mV
# Bulk concentration: 10 mol/m^3
# Thermal voltage: 25.6926 mV
# Grid: non-uniform with stretching factor 1
#
# Columns:
# 1: x [nm]
# 2: x/lambda_D [-]
# 3: phi [mV]
# 4: phi_normalized = e*phi/(kB*T) [-]
# 5: c+ [mol/m^3]
# 6: c- [mol/m^3]
# 7: c+/c0 [-]
# 8: c-/c0 [-]
# 9: rho [C/m^3]
# 10: phi_GC [mV] (Gouy-Chapman analytical)
0.00000000e+00	0.00000000e+00	1.00000000e+02	3.89217445e+00	1.25568637e-08	1.93393494e+05	1.25568637e-09	1.93393494e+04	-1.86596355e+10	1.00000000e+02
1.00000000e-01	8.40769225e-02	-1.80506325e+05	-7.02562107e+03	1.00000000e-09	1.00000000e-09	1.00000000e-10	1.00000000e-10	0.00000000e+00	8.70576373e+01
2.00000000e-01	1.68153845e-01	-3.61097075e+05	-1.40545281e+04	1.00000000e-09	1.00000000e-09	1.00000000e-10	1.00000000e-10	0.00000000e+00	7.68715638e+01
3.00000000e-01	2.52230767e-01	-5.41687826e+05	-2.10834352e+04	1.00000000e-09	1.00000000e-09	1.00000000e-10	1.00000000e-10	0.00000000e+00	6.85207345e+01
4.00000000e-01	3.36307690e-01	-7.22278576e+05	-2.81123422e+04	1.00000000e-09	1.93464128e+05	1.00000000e-10	1.93464128e+04	-1.86664506e+10	6.14862309e+01
5.00000000e-01	4.20384612e-01	-8.99571761e+05	-3.50129022e+04	1.00000000e-09	1.00000000e-09	1.00000000e-10	1.00000000e-10	0.00000000e+00	5.54461690e+01
6.00000000e-01	5.04461535e-01	-1.07678214e+06	-4.19102392e+04	1.00000000e-09	1.00000000e-09	1.00000000e-10	1.00000000e-10	0.00000000e+00	5.01866549e+01
7.00000000e-01	5.88538457e-01	-1.25399251e+06	-4.88075761e+04	1.00000000e-09	1.00000000e-09	1.00000000e-10	1.00000000e-10	0.00000000e+00	4.55579535e+01
8.00000000e-01	6.72615380e-01	-1.43120289e+06	-5.57049130e+04	1.00000000e-09	1.93707350e+05	1.00000000e-10	1.93707350e+04	-1.86899180e+10	4.14508515e+01
9.00000000e-01	7.56692302e-01	-1.60511632e+06	-6.24739273e+04	1.00000000e-09	1.00000000e-09	1.00000000e-10	1.00000000e-10	0.00000000e+00	3.77829914e+01
1.00000000e+00	8.40769225e-01	-1.77887782e+06	-6.92370281e+04	1.00000000e-09	1.00000000e-09	1.00000000e-10	1.00000000e-10	0.00000000e+00	3.44905241e+01
1.10000000e+00	9.24846147e-01	-1.95263932e+06	-7.60001289e+04	1.00000000e-09	1.00000000e-09	1.00000000e-10	1.00000000e-10	0.00000000e+00	3.15227780e+01
1.20000000e+00	1.00892307e+00	-2.12640083e+06	-8.27632296e+04	1.00000000e-09	1.94134748e+05	1.00000000e-10	1.94134748e+04	-1.87311557e+10	2.88387272e+01
1.30000000e+00	1.09299999e+00	-2.29686648e+06	-8.93980502e+04	1.00000000e-09	1.00000000e-09	1.00000000e-10	1.00000000e-10	0.00000000e+00	2.64045776e+01
1.40000000e+00	1.17707691e+00	-2.46710909e+06	-9.60241897e+04	1.00000000e-09	1.00000000e-09	1.00000000e-10	1.00000000e-10	0.00000000e+00	2.41920729e+01
1.50000000e+00	1.26115384e+00	-2.63735171e+06	-1.02650329e+05	1.02624576e-09	1.00000000e-09	1.02624576e-10	1.00000000e-10	2.53233110e-06	2.21772778e+01
1.60000000e+00	1.34523076e+00	-2.80759432e+06	-1.09276469e+05	1.00000000e-09	1.94759095e+05	1.00000000e-10	1.94759095e+04	-1.87913960e+10	2.03396868e+01
1.70000000e+00	1.42930768e+00	-2.97454267e+06	-1.15774390e+05	1.00000000e-09	1.00000000e-09	1.00000000e-10	1.00000000e-10	0.00000000e+00	1.86615585e+01
1.80000000e+00	1.51338460e+00	-3.14119479e+06	-1.22260781e+05	1.00000000e-09	1.00000000e-09	1.00000000e-10	1.00000000e-10	0.00000000e+00	1.71274116e+01
1.90000000e+00	1.59746153e+00	-3.30784691e+06	-1.28747172e+05	1.35789895e-09	1.00000000e-09	1.35789895e-10	1.00000000e-10	3.45319991e-05	1.57236358e+01
2.00000000e+00	1.68153845e+00	-3.47449904e+06	-1.35233564e+05	1.30054297e-09	1.95594504e+05	1.30054297e-10	1.95594504e+04	-1.88720006e+10	1.44381886e+01
2.10000000e+00	1.76561537e+00	-3.63785899e+06	-1.41591818e+05	1.00000000e-09	1.00000000e-09	1.00000000e-10	1.00000000e-10	0.00000000e+00	1.32603556e+01
2.20000000e+00	1.84969229e+00	-3.80084736e+06	-1.47935610e+05	1.00000000e-09	1.00000000e-09	1.00000000e-10	1.00000000e-10	0.00000000e+00	1.21805577e+01
2.30000000e+00	1.93376922e+00	-3.96383572e+06	-1.54279401e+05	1.67425368e-09	1.00000000e-09	1.67425368e-10	1.00000000e-10	6.50555900e-05	1.11901960e+01
2.40000000e+00	2.01784614e+00	-4.12682409e+06	-1.60623193e+05	1.96041720e-09	1.96656608e+05	1.96041720e-10	1.96656608e+04	-1.89744781e+10	1.02815237e+01
2.50000000e+00	2.10192306e+00	-4.28652295e+06	-1.66838951e+05	1.00000000e-09	1.00000000e-09	1.00000000e-10	1.00000000e-10	0.00000000e+00	9.44754093e+00
2.60000000e+00	2.18599998e+00	-4.44577254e+06	-1.73037223e+05	1.00000000e-09	1.00000000e-09	1.00000000e-10	1.00000000e-10	0.00000000e+00	8.68190590e+00
2.70000000e+00	2.27007691e+00	-4.60502214e+06	-1.79235495e+05	1.91492887e-09	1.00000000e-09	1.91492887e-10	1.00000000e-10	8.82772159e-05	7.97886054e+00
2.80000000e+00	2.35415383e+00	-4.76427173e+06	-1.85433767e+05	2.88876074e-09	1.97962778e+05	2.88876074e-10	1.97962778e+04	-1.91005044e+10	7.33316685e+00
2.90000000e+00	2.43823075e+00	-4.92023507e+06	-1.91504132e+05	1.00000000e-09	4.11271593e+02	1.00000000e-10	4.11271593e+01	-3.96816762e+07	6.74005227e+00
3.00000000e+00	2.52230767e+00	-5.07566905e+06	-1.97553894e+05	1.00000000e-09	1.00000000e-09	1.00000000e-10	1.00000000e-10	0.00000000e+00	6.19516235e+00
3.10000000e+00	2.60638460e+00	-5.23110304e+06	-2.03603656e+05	1.97734833e-09	1.00000000e-09	1.97734833e-10	1.00000000e-10	9.42997787e-05	5.69451955e+00
3.20000000e+00	2.69046152e+00	-5.38653703e+06	-2.09653418e+05	4.16224368e-09	1.99532368e+05	4.16224368e-10	1.99532368e+04	-1.92519468e+10	5.23448697e+00
3.30000000e+00	2.77453844e+00	-5.53868863e+06	-2.15575424e+05	1.00000000e-09	1.05620345e+03	1.00000000e-10	1.05620345e+02	-1.01908141e+08	4.81173646e+00
3.40000000e+00	2.85861536e+00	-5.69022825e+06	-2.21473610e+05	1.00000000e-09	1.00000000e-09	1.00000000e-10	1.00000000e-10	0.00000000e+00	4.42322017e+00
3.50000000e+00	2.94269229e+00	-5.84176787e+06	-2.27371797e+05	1.69413904e-09	1.00000000e-09	1.69413904e-10	1.00000000e-10	6.69742355e-05	4.06614534e+00
3.60000000e+00	3.02676921e+00	-5.99330750e+06	-2.33269983e+05	5.86596163e-09	2.01387007e+05	5.86596163e-10	2.01387007e+04	-1.94308923e+10	3.73795159e+00
3.70000000e+00	3.11084613e+00	-6.14156928e+06	-2.39040590e+05	1.00000000e-09	1.80551551e+03	1.00000000e-10	1.80551551e+02	-1.74205764e+08	3.43629058e+00
3.80000000e+00	3.19492305e+00	-6.28913378e+06	-2.44784058e+05	1.00000000e-09	1.00000000e-09	1.00000000e-10	1.00000000e-10	0.00000000e+00	3.15900770e+00
3.90000000e+00	3.27899998e+00	-6.43669828e+06	-2.50527526e+05	1.00000000e-09	1.00000000e-09	1.00000000e-10	1.00000000e-10	0.00000000e+00	2.90412542e+00
4.00000000e+00	3.36307690e+00	-6.58426278e+06	-2.56270993e+05	8.07749350e-09	2.03550945e+05	8.07749350e-10	2.03550945e+04	-1.96396805e+10	2.66982829e+00
4.10000000e+00	3.44715382e+00	-6.72855471e+06	-2.61887087e+05	1.00000000e-09	2.68011604e+03	1.00000000e-10	2.68011604e+02	-2.58591887e+08	2.45444929e+00
4.20000000e+00	3.53123074e+00	-6.87206122e+06	-2.67472611e+05	1.00000000e-09	1.00000000e-09	1.00000000e-10	1.00000000e-10	0.00000000e+00	2.25645740e+00
4.30000000e+00	3.61530767e+00	-7.01556773e+06	-2.73058135e+05	1.00000000e-09	1.00000000e-09	1.00000000e-10	1.00000000e-10	0.00000000e+00	2.07444628e+00
4.40000000e+00	3.69938459e+00	-7.15907423e+06	-2.78643658e+05	1.07707163e-08	2.06051462e+05	1.07707163e-09	2.06051462e+04	-1.98809438e+10	1.90712395e+00
4.50000000e+00	3.78346151e+00	-7.29931424e+06	-2.84102044e+05	2.25785037e-09	3.70450780e+03	2.25785037e-10	3.70450780e+02	-3.57430665e+08	1.75330334e+00
4.60000000e+00	3.86753843e+00	-7.43867769e+06	-2.89526312e+05	1.00000000e-09	1.00000000e-09	1.00000000e-10	1.00000000e-10	0.00000000e+00	1.61189369e+00
4.70000000e+00	3.95161536e+00	-7.57804114e+06	-2.94950581e+05	1.00000000e-09	1.00000000e-09	1.00000000e-10	1.00000000e-10	0.00000000e+00	1.48189263e+00
4.80000000e+00	4.03569228e+00	-7.71740459e+06	-3.00374849e+05	1.35313212e-08	2.08919360e+05	1.35313212e-09	2.08919360e+04	-2.01576538e+10	1.36237899e+00
4.90000000e+00	4.11976920e+00	-7.85350844e+06	-3.05672249e+05	6.28067978e-09	4.90753758e+03	6.28067978e-10	4.90753758e+02	-4.73505393e+08	1.25250612e+00
5.00000000e+00	4.20384612e+00	-7.98864146e+06	-3.10931862e+05	1.00000000e-09	1.00000000e-09	1.00000000e-10	1.00000000e-10	0.00000000e+00	1.15149587e+00
5.10000000e+00	4.28792305e+00	-8.12377449e+06	-3.16191475e+05	1.00000000e-09	1.00000000e-09	1.00000000e-10	1.00000000e-10	0.00000000e+00	1.05863300e+00
5.20000000e+00	4.37199997e+00	-8.25890751e+06	-3.21451088e+05	1.55091652e-08	2.12189540e+05	1.55091652e-09	2.12189540e+04	-2.04731783e+10	9.73260072e-01
5.30000000e+00	4.45607689e+00	-8.39078877e+06	-3.26584137e+05	1.20647192e-08	6.32333485e+03	1.20647192e-09	6.32333485e+02	-6.10109063e+08	8.94772759e-01
5.40000000e+00	4.54015381e+00	-8.52160160e+06	-3.31675600e+05	1.00000000e-09	1.00000000e-09	1.00000000e-10	1.00000000e-10	0.00000000e+00	8.22615544e-01
5.50000000e+00	4.62423074e+00	-8.65241443e+06	-3.36767064e+05	1.00000000e-09	1.00000000e-09	1.00000000e-10	1.00000000e-10	0.00000000e+00	7.56277766e-01
5.60000000e+00	4.70830766e+00	-8.78322725e+06	-3.41858527e+05	1.49548230e-08	2.15901711e+05	1.49548230e-09	2.15901711e+04	-2.08313483e+10	6.95289988e-01
5.70000000e+00	4.79238458e+00	-8.91079714e+06	-3.46823770e+05	2.04445136e-08	7.99249627e+03	2.04445136e-09	7.99249627e+02	-7.71158657e+08	6.39220665e-01
5.80000000e+00	4.87646150e+00	-9.03719750e+06	-3.51743492e+05	1.00000000e-09	1.00000000e-09	1.00000000e-10	1.00000000e-10	0.00000000e+00	5.87673079e-01
5.90000000e+00	4.96053843e+00	-9.16359786e+06	-3.56663214e+05	1.00000000e-09	1.00000000e-09	1.00000000e-10	1.00000000e-10	0.00000000e+00	5.40282524e-01
6.00000000e+00	5.04461535e+00	-9.28999821e+06	-3.61582937e+05	7.18053754e-09	2.20101236e+05	7.18053754e-10	2.20101236e+04	-2.12365409e+10	4.96713722e-01
6.10000000e+00	5.12869227e+00	-9.41316556e+06	-3.66376825e+05	3.17887826e-08	9.96359339e+03	3.17887826e-09	9.96359339e+02	-9.61340618e+08	4.56658442e-01
6.20000000e+00	5.21276919e+00	-9.53505856e+06	-3.71121113e+05	1.00000000e-09	1.00000000e-09	1.00000000e-10	1.00000000e-10	0.00000000e+00	4.19833321e-01
6.30000000e+00	5.29684612e+00	-9.65695156e+06	-3.75865401e+05	1.00000000e-09	1.00000000e-09	1.00000000e-10	1.00000000e-10	0.00000000e+00	3.85977854e-01
6.40000000e+00	5.38092304e+00	-9.77884456e+06	-3.80609689e+05	1.00000000e-09	2.24840164e+05	1.00000000e-10	2.24840164e+04	-2.16937779e+10	3.54852548e-01
6.50000000e+00	5.46499996e+00	-9.89751569e+06	-3.85228577e+05	3.48048129e-08	1.22951093e+04	3.48048129e-09	1.22951093e+03	-1.18629771e+09	3.26237227e-01
6.60000000e+00	5.54907688e+00	-1.00148038e+07	-3.89793633e+05	5.76015346e-08	1.00000000e-09	5.76015346e-09	1.00000000e-10	5.46121787e-03	2.99929475e-01
6.70000000e+00	5.63315381e+00	-1.01320918e+07	-3.94358689e+05	2.80100045e-08	1.00000000e-09	2.80100045e-09	1.00000000e-10	2.60606926e-03	2.75743201e-01
6.80000000e+00	5.71723073e+00	-1.02493799e+07	-3.98923745e+05	1.52002515e-08	2.30178486e+05	1.52002515e-09	2.30178486e+04	-2.22088477e+10	2.53507323e-01
6.90000000e+00	5.80130765e+00	-1.03634585e+07	-4.03363885e+05	1.04478253e-08	1.50579514e+04	1.04478253e-09	1.50579514e+03	-1.45287145e+09	2.33064554e-01
7.00000000e+00	5.88538457e+00	-1.04760413e+07	-4.07745803e+05	4.32307248e-09	1.00000000e-09	4.32307248e-10	1.00000000e-10	3.20627752e-04	2.14270296e-01
7.10000000e+00	5.96946150e+00	-1.05886241e+07	-4.12127720e+05	1.00000000e-09	1.00000000e-09	1.00000000e-10	1.00000000e-10	0.00000000e+00	1.96991610e-01
7.20000000e+00	6.05353842e+00	-1.07012068e+07	-4.16509637e+05	1.00000000e-09	2.36185685e+05	1.00000000e-10	2.36185685e+04	-2.27884542e+10	1.81106277e-01
7.30000000e+00	6.13761534e+00	-1.08105941e+07	-4.20767182e+05	1.48468363e-09	1.83387466e+04	1.48468363e-10	1.83387466e+03	-1.76942005e+09	1.66501937e-01
7.40000000e+00	6.22169226e+00	-1.09183684e+07	-4.24961943e+05	2.61477016e-09	1.00000000e-09	2.61477016e-10	1.00000000e-10	1.55801635e-04	1.53075289e-01
7.50000000e+00	6.30576919e+00	-1.10261426e+07	-4.29156704e+05	1.00000000e-09	1.00000000e-09	1.00000000e-10	1.00000000e-10	0.00000000e+00	1.40731363e-01
7.60000000e+00	6.38984611e+00	-1.11339168e+07	-4.33351465e+05	1.00000000e-09	2.42942627e+05	1.00000000e-10	2.42942627e+04	-2.34404000e+10	1.29382849e-01
7.70000000e+00	6.47392303e+00	-1.12385112e+07	-4.37422461e+05	1.00000000e-09	2.22442142e+04	1.00000000e-10	2.22442142e+03	-2.14624040e+09	1.18949475e-01
7.80000000e+00	6.55799995e+00	-1.13413708e+07	-4.41425935e+05	2.18456007e-09	1.00000000e-09	2.18456007e-10	1.00000000e-10	1.14292672e-04	1.09357445e-01
7.90000000e+00	6.64207688e+00	-1.14442303e+07	-4.45429408e+05	1.00000000e-09	1.00000000e-09	1.00000000e-10	1.00000000e-10	0.00000000e+00	1.00538914e-01
8.00000000e+00	6.72615380e+00	-1.15470899e+07	-4.49432882e+05	1.00000000e-09	2.50543914e+05	1.00000000e-10	2.50543914e+04	-2.41738127e+10	9.24315047e-02
8.10000000e+00	6.81023072e+00	-1.16467871e+07	-4.53313270e+05	1.00000000e-09	2.69070456e+04	1.00000000e-10	2.69070456e+03	-2.59613523e+09	8.49778740e-02
8.20000000e+00	6.89430764e+00	-1.17446229e+07	-4.57121212e+05	2.03940263e-09	1.00000000e-09	2.03940263e-10	1.00000000e-10	1.00287108e-04	7.81253008e-02
8.30000000e+00	6.97838457e+00	-1.18424587e+07	-4.60929153e+05	1.00000000e-09	1.00000000e-09	1.00000000e-10	1.00000000e-10	0.00000000e+00	7.18253161e-02
8.40000000e+00	7.06246149e+00	-1.19402946e+07	-4.64737095e+05	1.00000000e-09	2.59100789e+05	1.00000000e-10	2.59100789e+04	-2.49994257e+10	6.60333593e-02
8.50000000e+00	7.14653841e+00	-1.20349876e+07	-4.68422712e+05	1.00000000e-09	3.24939201e+04	1.00000000e-10	3.24939201e+03	-3.13518668e+09	6.07084632e-02
8.60000000e+00	7.23061533e+00	-1.21276877e+07	-4.72030764e+05	1.85658563e-09	1.00000000e-09	1.85658563e-10	1.00000000e-10	8.26479494e-05	5.58129641e-02
8.70000000e+00	7.31469226e+00	-1.22203879e+07	-4.75638816e+05	1.00000000e-09	1.00000000e-09	1.00000000e-10	1.00000000e-10	0.00000000e+00	5.13122357e-02
8.80000000e+00	7.39876918e+00	-1.23130881e+07	-4.79246867e+05	1.00000000e-09	2.68744733e+05	1.00000000e-10	2.68744733e+04	-2.59299248e+10	4.71744438e-02
8.90000000e+00	7.48284610e+00	-1.24026673e+07	-4.82733448e+05	1.00000000e-09	3.92166106e+04	1.00000000e-10	3.92166106e+03	-3.78382770e+09	4.33703214e-02
9.00000000e+00	7.56692302e+00	-1.24901170e+07	-4.86137144e+05	1.55530626e-09	1.00000000e-09	1.55530626e-10	1.00000000e-10	5.35789093e-05	3.98729614e-02
9.10000000e+00	7.65099995e+00	-1.25775668e+07	-4.89540840e+05	1.26191158e-09	1.00000000e-09	1.26191158e-10	1.00000000e-10	2.52706262e-05	3.66576268e-02
9.20000000e+00	7.73507687e+00	-1.26650165e+07	-4.92944535e+05	1.00000000e-09	2.79631902e+05	1.00000000e-10	2.79631902e+04	-2.69803770e+10	3.37015752e-02
9.30000000e+00	7.81915379e+00	-1.27493699e+07	-4.96227719e+05	1.00000000e-09	4.73476374e+04	1.00000000e-10	4.73476374e+03	-4.56835252e+09	3.09838980e-02
9.40000000e+00	7.90323071e+00	-1.28314518e+07	-4.99422489e+05	1.03851962e-09	1.00000000e-09	1.03851962e-10	1.00000000e-10	3.71657792e-06	2.84853728e-02
9.50000000e+00	7.98730764e+00	-1.29135337e+07	-5.02617259e+05	1.66711861e-09	1.00000000e-09	1.66711861e-10	1.00000000e-10	6.43671609e-05	2.61883275e-02
9.60000000e+00	8.07138456e+00	-1.29956156e+07	-5.05812030e+05	1.00000000e-09	2.91948538e+05	1.00000000e-10	2.91948538e+04	-2.81687517e+10	2.40765146e-02
9.70000000e+00	8.15546148e+00	-1.30746290e+07	-5.08887368e+05	1.00000000e-09	5.72427727e+04	1.00000000e-10	5.72427727e+03	-5.52308793e+09	2.21349973e-02
9.80000000e+00	8.23953840e+00	-1.31512233e+07	-5.11868554e+05	1.00000000e-09	1.00000000e-09	1.00000000e-10	1.00000000e-10	0.00000000e+00	2.03500429e-02
9.90000000e+00	8.32361533e+00	-1.32278177e+07	-5.14849740e+05	2.22001177e-09	1.00000000e-09	2.22001177e-10	1.00000000e-10	1.17713241e-04	1.87090262e-02
1.00000000e+01	8.40769225e+00	-1.33044121e+07	-5.17830927e+05	1.00000000e-09	3.05917401e+05	1.00000000e-10	3.05917401e+04	-2.95165420e+10	1.72003403e-02
1.01000000e+01	8.49176917e+00	-1.33779693e+07	-5.20693902e+05	1.00000000e-09	6.93741118e+04	1.00000000e-10	6.93741118e+03	-6.69358422e+09	1.58133140e-02
1.02000000e+01	8.57584609e+00	-1.34489546e+07	-5.23456774e+05	1.00000000e-09	1.00000000e-09	1.00000000e-10	1.00000000e-10	0.00000000e+00	1.45381368e-02
1.03000000e+01	8.65992302e+00	-1.35199399e+07	-5.26219645e+05	1.00000000e-09	1.00000000e-09	1.00000000e-10	1.00000000e-10	0.00000000e+00	1.33657892e-02
1.04000000e+01	8.74399994e+00	-1.35909252e+07	-5.28982517e+05	1.00000000e-09	3.21805019e+05	1.00000000e-10	3.21805019e+04	-3.10494642e+10	1.22879791e-02
1.05000000e+01	8.82807686e+00	-1.36589089e+07	-5.31628563e+05	1.00000000e-09	8.43799094e+04	1.00000000e-10	8.43799094e+03	-8.14142358e+09	1.12970830e-02
1.06000000e+01	8.91215378e+00	-1.37241625e+07	-5.34168347e+05	1.00000000e-09	1.00000000e-09	1.00000000e-10	1.00000000e-10	0.00000000e+00	1.03860923e-02
1.07000000e+01	8.99623071e+00	-1.37894161e+07	-5.36708131e+05	1.00000000e-09	1.00000000e-09	1.00000000e-10	1.00000000e-10	0.00000000e+00	9.54856333e-03
1.08000000e+01	9.08030763e+00	-1.38546697e+07	-5.39247915e+05	1.00000000e-09	3.39928822e+05	1.00000000e-10	3.39928822e+04	-3.27981453e+10	8.77857228e-03
1.09000000e+01	9.16438455e+00	-1.39169623e+07	-5.41672452e+05	1.00000000e-09	1.03141864e+05	1.00000000e-10	1.03141864e+04	-9.95167698e+09	8.07067289e-03
1.10000000e+01	9.24846147e+00	-1.39763616e+07	-5.43984374e+05	1.00000000e-09	1.00000000e-09	1.00000000e-10	1.00000000e-10	0.00000000e+00	7.41985814e-03
1.11000000e+01	9.33253840e+00	-1.40357608e+07	-5.46296296e+05	1.00000000e-09	1.00000000e-09	1.00000000e-10	1.00000000e-10	0.00000000e+00	6.82152474e-03
1.12000000e+01	9.41661532e+00	-1.40951600e+07	-5.48608218e+05	1.00000000e-09	3.60661383e+05	1.00000000e-10	3.60661383e+04	-3.47985333e+10	6.27144062e-03
1.13000000e+01	9.50069224e+00	-1.41516447e+07	-5.50806698e+05	1.00000000e-09	1.26909030e+05	1.00000000e-10	1.26909030e+04	-1.22448599e+10	5.76571500e-03
1.14000000e+01	9.58476916e+00	-1.42050684e+07	-5.52886042e+05	1.00000000e-09	1.00000000e-09	1.00000000e-10	1.00000000e-10	0.00000000e+00	5.30077082e-03
1.15000000e+01	9.66884609e+00	-1.42584921e+07	-5.54965386e+05	1.00000000e-09	1.00000000e-09	1.00000000e-10	1.00000000e-10	0.00000000e+00	4.87331949e-03
1.16000000e+01	9.75292301e+00	-1.43119158e+07	-5.57044729e+05	1.00000000e-09	3.84424244e+05	1.00000000e-10	3.84424244e+04	-3.70913009e+10	4.48033760e-03
1.17000000e+01	9.83699993e+00	-1.43624783e+07	-5.59012711e+05	1.00000000e-09	1.57504416e+05	1.00000000e-10	1.57504416e+04	-1.51968659e+10	4.11904557e-03
1.18000000e+01	9.92107685e+00	-1.44098090e+07	-5.60854904e+05	1.00000000e-09	1.00000000e-09	1.00000000e-10	1.00000000e-10	0.00000000e+00	3.78688794e-03
1.19000000e+01	1.00051538e+01	-1.44571397e+07	-5.62697097e+05	1.00000000e-09	1.00000000e-09	1.00000000e-10	1.00000000e-10	0.00000000e+00	3.48151531e-03
1.20000000e+01	1.00892307e+01	-1.45044704e+07	-5.64539289e+05	1.00000000e-09	4.11651168e+05	1.00000000e-10	4.11651168e+04	-3.97182997e+10	3.20076778e-03
1.21000000e+01	1.01733076e+01	-1.45490018e+07	-5.66272529e+05	1.00000000e-09	1.97685883e+05	1.00000000e-10	1.97685883e+04	-1.90737880e+10	2.94265957e-03
1.22000000e+01	1.02573845e+01	-1.45901287e+07	-5.67873263e+05	1.00000000e-09	1.00000000e-09	1.00000000e-10	1.00000000e-10	0.00000000e+00	2.70536508e-03
1.23000000e+01	1.03414615e+01	-1.46312557e+07	-5.69473997e+05	1.00000000e-09	1.00000000e-09	1.00000000e-10	1.00000000e-10	0.00000000e+00	2.48720588e-03
1.24000000e+01	1.04255384e+01	-1.46723827e+07	-5.71074731e+05	1.00000000e-09	4.42665190e+05	1.00000000e-10	4.42665190e+04	-4.27106979e+10	2.28663893e-03
1.25000000e+01	1.05096153e+01	-1.47107826e+07	-5.72569320e+05	1.00000000e-09	2.51813307e+05	1.00000000e-10	2.51813307e+04	-2.42962906e+10	2.10224558e-03
1.26000000e+01	1.05936922e+01	-1.47456063e+07	-5.73924722e+05	1.00000000e-09	1.00000000e-09	1.00000000e-10	1.00000000e-10	0.00000000e+00	1.93272162e-03
1.27000000e+01	1.06777692e+01	-1.47804301e+07	-5.75280123e+05	1.00000000e-09	1.00000000e-09	1.00000000e-10	1.00000000e-10	0.00000000e+00	1.77686798e-03
1.28000000e+01	1.07618461e+01	-1.48152538e+07	-5.76635525e+05	1.00000000e-09	4.77306174e+05	1.00000000e-10	4.77306174e+04	-4.60530447e+10	1.63358230e-03
1.29000000e+01	1.08459230e+01	-1.48474352e+07	-5.77888079e+05	1.00000000e-09	3.27171636e+05	1.00000000e-10	3.27171636e+04	-3.15672639e+10	1.50185109e-03
1.30000000e+01	1.09299999e+01	-1.48758735e+07	-5.78994949e+05	1.00000000e-09	1.00000000e-09	1.00000000e-10	1.00000000e-10	0.00000000e+00	1.38074262e-03
1.31000000e+01	1.10140768e+01	-1.49043119e+07	-5.80101819e+05	1.00000000e-09	1.00000000e-09	1.00000000e-10	1.00000000e-10	0.00000000e+00	1.26940027e-03
1.32000000e+01	1.10981538e+01	-1.49327502e+07	-5.81208689e+05	1.00000000e-09	5.13778994e+05	1.00000000e-10	5.13778994e+04	-4.95721369e+10	1.16703651e-03
1.33000000e+01	1.11822307e+01	-1.49586463e+07	-5.82216610e+05	1.00000000e-09	4.36839558e+05	1.00000000e-10	4.36839558e+04	-4.21486099e+10	1.07292731e-03
1.34000000e+01	1.12663076e+01	-1.49806429e+07	-5.83072757e+05	1.00000000e-09	1.00000000e-09	1.00000000e-10	1.00000000e-10	0.00000000e+00	9.86407027e-04
1.35000000e+01	1.13503845e+01	-1.50026396e+07	-5.83928904e+05	1.00000000e-09	1.00000000e-09	1.00000000e-10	1.00000000e-10	0.00000000e+00	9.06863691e-04
1.36000000e+01	1.14344615e+01	-1.50246362e+07	-5.84785050e+05	1.00000000e-09	5.44728029e+05	1.00000000e-10	5.44728029e+04	-5.25582648e+10	8.33734687e-04
1.37000000e+01	1.15185384e+01	-1.50442098e+07	-5.85546888e+05	1.00000000e-09	6.06675175e+05	1.00000000e-10	6.06675175e+04	-5.85352558e+10	7.66502767e-04
1.38000000e+01	1.16026153e+01	-1.50597461e+07	-5.86151591e+05	1.00000000e-09	1.00000000e-09	1.00000000e-10	1.00000000e-10	0.00000000e+00	7.04692393e-04
1.39000000e+01	1.16866922e+01	-1.50752825e+07	-5.86756293e+05	1.00000000e-09	1.00000000e-09	1.00000000e-10	1.00000000e-10	0.00000000e+00	6.47866374e-04
1.40000000e+01	1.17707691e+01	-1.50908188e+07	-5.87360995e+05	1.00000000e-09	5.41112062e+05	1.00000000e-10	5.41112062e+04	-5.22093770e+10	5.95622776e-04
1.41000000e+01	1.18548461e+01	-1.51040749e+07	-5.87876943e+05	1.00000000e-09	8.95062772e+05	1.00000000e-10	8.95062772e+04	-8.63604288e+10	5.47592073e-04
1.42000000e+01	1.19389230e+01	-1.51131865e+07	-5.88231582e+05	1.00000000e-09	1.00000000e-09	1.00000000e-10	1.00000000e-10	0.00000000e+00	5.03434541e-04
1.43000000e+01	1.20229999e+01	-1.51222981e+07	-5.88586222e+05	1.00000000e-09	1.00000000e-09	1.00000000e-10	1.00000000e-10	0.00000000e+00	4.62837848e-04
1.44000000e+01	1.21070768e+01	-1.51314097e+07	-5.88940861e+05	1.00000000e-09	3.58394616e+05	1.00000000e-10	3.58394616e+04	-3.45798235e+10	4.25514851e-04
1.45000000e+01	1.21911538e+01	-1.51384126e+07	-5.89213427e+05	1.00000000e-09	1.45431522e+06	1.00000000e-10	1.45431522e+05	-1.40320087e+11	3.91201561e-04
1.46000000e+01	1.22752307e+01	-1.51411873e+07	-5.89321424e+05	1.00000000e-09	1.09619828e+04	1.00000000e-10	1.09619828e+03	-1.05767056e+09	3.59655276e-04
1.47000000e+01	1.23593076e+01	-1.51439620e+07	-5.89429421e+05	1.00000000e-09	1.00000000e-09	1.00000000e-10	1.00000000e-10	0.00000000e+00	3.30652866e-04
1.48000000e+01	1.24433845e+01	-1.51467367e+07	-5.89537417e+05	1.00000000e-09	1.00000000e-09	1.00000000e-10	1.00000000e-10	0.00000000e+00	3.03989196e-04
1.49000000e+01	1.25274615e+01	-1.51476140e+07	-5.89571561e+05	1.00000000e-09	7.33819797e+03	1.00000000e-10	7.33819797e+02	-7.08028469e+08	2.79475669e-04
1.50000000e+01	1.26115384e+01	-1.51441547e+07	-5.89436919e+05	1.00000000e-09	1.00000000e-09	1.00000000e-10	1.00000000e-10	0.00000000e+00	2.56938901e-04
1.51000000e+01	1.26956153e+01	-1.51406954e+07	-5.89302278e+05	9.96952154e+00	1.00000000e-09	9.96952154e-01	1.00000000e-10	9.61912596e+05	2.36219485e-04
1.52000000e+01	1.27796922e+01	-1.51372361e+07	-5.89167636e+05	4.56017175e+01	4.14292871e+04	4.56017175e+00	4.14292871e+03	-3.99291862e+09	2.17170872e-04
1.53000000e+01	1.28637691e+01	-1.51321492e+07	-5.88969643e+05	1.62524181e+01	7.36785811e+04	1.62524181e+00	7.36785811e+03	-7.10733425e+09	1.99658328e-04
1.54000000e+01	1.29478461e+01	-1.51225753e+07	-5.88597010e+05	1.00000000e-09	1.00000000e-09	1.00000000e-10	1.00000000e-10	0.00000000e+00	1.83557987e-04
1.55000000e+01	1.30319230e+01	-1.51130013e+07	-5.88224377e+05	1.00000000e-09	1.00000000e-09	1.00000000e-10	1.00000000e-10	0.00000000e+00	1.68755969e-04
1.56000000e+01	1.31159999e+01	-1.51034274e+07	-5.87851744e+05	1.40758631e+01	1.55919098e+04	1.40758631e+00	1.55919098e+03	-1.50303248e+09	1.55147578e-04
1.57000000e+01	1.32000768e+01	-1.50925869e+07	-5.87429812e+05	2.23984067e+01	4.60764512e+04	2.23984067e+00	4.60764512e+03	-4.44354058e+09	1.42636560e-04
1.58000000e+01	1.32841538e+01	-1.50770288e+07	-5.86824264e+05	1.00000000e-09	1.00000000e-09	1.00000000e-10	1.00000000e-10	0.00000000e+00	1.31134424e-04
1.59000000e+01	1.33682307e+01	-1.50614707e+07	-5.86218716e+05	1.00000000e-09	1.00000000e-09	1.00000000e-10	1.00000000e-10	0.00000000e+00	1.20559814e-04
1.60000000e+01	1.34523076e+01	-1.50459127e+07	-5.85613168e+05	2.24340542e+00	6.20434237e+03	2.24340542e-01	6.20434237e+02	-5.98411578e+08	1.10837935e-04
1.61000000e+01	1.35363845e+01	-1.50295993e+07	-5.84978224e+05	2.26768735e+01	3.59850287e+04	2.26768735e+00	3.59850287e+03	-3.46983946e+09	1.01900023e-04
1.62000000e+01	1.36204614e+01	-1.50081572e+07	-5.84143658e+05	1.01040642e+00	1.00000000e-09	1.01040642e-01	1.00000000e-10	9.74893990e+04	9.36828597e-05
1.63000000e+01	1.37045384e+01	-1.49867150e+07	-5.83309092e+05	1.00000000e-09	1.00000000e-09	1.00000000e-10	1.00000000e-10	0.00000000e+00	8.61283240e-05
1.64000000e+01	1.37886153e+01	-1.49652728e+07	-5.82474526e+05	1.00000000e-09	1.00000000e-09	1.00000000e-10	1.00000000e-10	0.00000000e+00	7.91829819e-05
1.65000000e+01	1.38726922e+01	-1.49438307e+07	-5.81639959e+05	2.21108896e+01	3.34549085e+04	2.21108896e+00	3.34549085e+03	-3.22577458e+09	7.27977085e-05
1.66000000e+01	1.39567691e+01	-1.49162931e+07	-5.80568149e+05	4.95415891e+00	1.90252438e+03	4.95415891e-01	1.90252438e+02	-1.83087693e+08	6.69273402e-05
1.67000000e+01	1.40408461e+01	-1.48883653e+07	-5.79481149e+05	1.00000000e-09	1.00000000e-09	1.00000000e-10	1.00000000e-10	0.00000000e+00	6.15303552e-05
1.68000000e+01	1.41249230e+01	-1.48604374e+07	-5.78394149e+05	1.00000000e-09	1.00000000e-09	1.00000000e-10	1.00000000e-10	0.00000000e+00	5.65685802e-05
1.69000000e+01	1.42089999e+01	-1.48325096e+07	-5.77307149e+05	2.07097354e+01	4.43571302e+04	2.07097354e+00	4.43571302e+03	-4.27781425e+09	5.20069201e-05
1.70000000e+01	1.42930768e+01	-1.47937189e+07	-5.75797348e+05	6.35233461e+00	1.05298185e+04	6.35233461e-01	1.05298185e+03	-1.01536013e+09	4.78131098e-05
1.71000000e+01	1.43771537e+01	-1.47518300e+07	-5.74166956e+05	1.00000000e-09	1.00000000e-09	1.00000000e-10	1.00000000e-10	0.00000000e+00	4.39574862e-05
1.72000000e+01	1.44612307e+01	-1.47099410e+07	-5.72536565e+05	1.00000000e-09	1.00000000e-09	1.00000000e-10	1.00000000e-10	0.00000000e+00	4.04127779e-05
1.73000000e+01	1.45453076e+01	-1.46680520e+07	-5.70906173e+05	1.83280287e+01	2.78043889e+03	1.83280287e+00	2.78043889e+02	-2.66503184e+08	3.71539131e-05
1.74000000e+01	1.46293845e+01	-1.46253061e+07	-5.69242426e+05	8.45586982e+00	1.00000000e-09	8.45586982e-01	1.00000000e-10	8.15867407e+05	3.41578414e-05
1.75000000e+01	1.47134614e+01	-1.45825602e+07	-5.67578683e+05	1.00000000e-09	1.00000000e-09	1.00000000e-10	1.00000000e-10	0.00000000e+00	3.14033713e-05
1.76000000e+01	1.47975384e+01	-1.45398148e+07	-5.65914958e+05	1.00000000e-09	2.12711813e+03	1.00000000e-10	2.12711813e+02	-2.05235699e+08	2.88710202e-05
1.77000000e+01	1.48816153e+01	-1.44964024e+07	-5.64225269e+05	1.76254125e+01	2.85598315e+03	1.76254125e+00	2.85598315e+02	-2.73859889e+08	2.65428765e-05
1.78000000e+01	1.49656922e+01	-1.44520783e+07	-5.62500099e+05	1.32213815e+01	1.47020052e+03	1.32213815e+00	1.47020052e+02	-1.40577116e+08	2.44024731e-05
1.79000000e+01	1.50497691e+01	-1.44072778e+07	-5.60756386e+05	1.00000000e-09	2.02964909e+02	1.00000000e-10	2.02964909e+01	-1.95831366e+07	2.24346707e-05
1.80000000e+01	1.51338460e+01	-1.43624113e+07	-5.59010104e+05	1.00000000e-09	1.00000000e-09	1.00000000e-10	1.00000000e-10	0.00000000e+00	2.06255509e-05
1.81000000e+01	1.52179230e+01	-1.43175449e+07	-5.57263823e+05	1.60267908e+01	1.00000000e-09	1.60267908e+00	1.00000000e-10	1.54635023e+06	1.89623175e-05
1.82000000e+01	1.53019999e+01	-1.42726784e+07	-5.55517541e+05	1.61943656e+01	7.23327779e+00	1.61943656e+00	7.23327779e-01	8.64613532e+05	1.74332063e-05
1.83000000e+01	1.53860768e+01	-1.42278096e+07	-5.53771169e+05	1.00000000e-09	1.59015249e+01	1.00000000e-10	1.59015249e+00	-1.53426391e+06	1.60274019e-05
1.84000000e+01	1.54701537e+01	-1.41829357e+07	-5.52024601e+05	1.00000000e-09	1.00000000e-09	1.00000000e-10	1.00000000e-10	0.00000000e+00	1.47349607e-05
1.85000000e+01	1.55542307e+01	-1.41380619e+07	-5.50278033e+05	1.42343255e+01	1.00000000e-09	1.42343255e+00	1.00000000e-10	1.37340363e+06	1.35467414e-05
1.86000000e+01	1.56383076e+01	-1.40931881e+07	-5.48531466e+05	1.89858485e+01	3.05264862e+00	1.89858485e+00	3.05264862e-01	1.53732008e+06	1.24543394e-05
1.87000000e+01	1.57223845e+01	-1.40483133e+07	-5.46784860e+05	1.00000000e-09	1.00193676e+01	1.00000000e-10	1.00193676e+00	-9.66722015e+05	1.14500281e-05
1.88000000e+01	1.58064614e+01	-1.40034354e+07	-5.45038134e+05	1.00000000e-09	1.00000000e-09	1.00000000e-10	1.00000000e-10	0.00000000e+00	1.05267039e-05
1.89000000e+01	1.58905384e+01	-1.39585575e+07	-5.43291409e+05	1.20986227e+01	1.00000000e-09	1.20986227e+00	1.00000000e-10	1.16733963e+06	9.67783615e-06
1.90000000e+01	1.59746153e+01	-1.39136796e+07	-5.41544683e+05	2.15448937e+01	1.61046322e+00	2.15448937e+00	1.61046322e-01	1.92338014e+06	8.89742061e-06
1.91000000e+01	1.60586922e+01	-1.38688012e+07	-5.39797937e+05	1.00000000e-09	7.62779155e+00	1.00000000e-10	7.62779155e-01	-7.35970001e+05	8.17993736e-06
1.92000000e+01	1.61427691e+01	-1.38239205e+07	-5.38051101e+05	1.00000000e-09	1.00000000e-09	1.00000000e-10	1.00000000e-10	0.00000000e+00	7.52031158e-06
1.93000000e+01	1.62268460e+01	-1.37790398e+07	-5.36304266e+05	9.64772849e+00	1.00000000e-09	9.64772849e-01	1.00000000e-10	9.30864288e+05	6.91387767e-06
1.94000000e+01	1.63109230e+01	-1.37341591e+07	-5.34557430e+05	2.38349039e+01	7.79114806e-01	2.38349039e+00	7.79114806e-02	2.22454546e+06	6.35634627e-06
1.95000000e+01	1.63949999e+01	-1.36892781e+07	-5.32810585e+05	1.00000000e-09	6.45066527e+00	1.00000000e-10	6.45066527e-01	-6.22394581e+05	5.84377390e-06
1.96000000e+01	1.64790768e+01	-1.36443952e+07	-5.31063665e+05	1.00000000e-09	1.00000000e-09	1.00000000e-10	1.00000000e-10	0.00000000e+00	5.37253509e-06
1.97000000e+01	1.65631537e+01	-1.35995123e+07	-5.29316745e+05	6.91294814e+00	1.00000000e-09	6.91294814e-01	1.00000000e-10	6.66998097e+05	4.93929673e-06
1.98000000e+01	1.66472307e+01	-1.35546295e+07	-5.27569825e+05	2.58227122e+01	5.39679378e-02	2.58227122e+00	5.39679378e-03	2.48630585e+06	4.54099448e-06
1.99000000e+01	1.67313076e+01	-1.35097466e+07	-5.25822904e+05	1.00000000e-09	5.95686637e+00	1.00000000e-10	5.95686637e-01	-5.74750230e+05	4.17481111e-06
2.00000000e+01	1.68153845e+01	-1.34648619e+07	-5.24075915e+05	1.00000000e-09	1.00000000e-09	1.00000000e-10	1.00000000e-10	0.00000000e+00	3.83815657e-06
2.01000000e+01	1.68994614e+01	-1.34199773e+07	-5.22328926e+05	3.92925806e+00	1.00000000e-09	3.92925806e-01	1.00000000e-10	3.79115768e+05	3.52864967e-06
2.02000000e+01	1.69835383e+01	-1.33750926e+07	-5.20581937e+05	2.74784501e+01	1.00000000e-09	2.74784501e+00	1.00000000e-10	2.65126738e+06	3.24410125e-06
2.03000000e+01	1.70676153e+01	-1.33302079e+07	-5.18834948e+05	1.00000000e-09	6.06508806e+00	1.00000000e-10	6.06508806e-01	-5.85192036e+05	2.98249865e-06
2.04000000e+01	1.71516922e+01	-1.32853215e+07	-5.17087889e+05	1.00000000e-09	5.47744305e+00	1.00000000e-10	5.47744305e-01	-5.28492912e+05	2.74199155e-06
2.05000000e+01	1.72357691e+01	-1.32404332e+07	-5.15340760e+05	7.35019747e-01	3.94265678e+00	7.35019747e-02	3.94265678e-01	-3.09489925e+05	2.52087882e-06
2.06000000e+01	1.73198460e+01	-1.31955437e+07	-5.13593581e+05	2.87752086e+01	2.02946462e+00	2.87752086e+00	2.02946462e-01	2.58057199e+06	2.31759650e-06
2.07000000e+01	1.74039230e+01	-1.31506535e+07	-5.11846376e+05	9.11919462e-01	5.97462011e-01	9.11919462e-02	5.97462011e-02	3.03405316e+04	2.13070675e-06
2.08000000e+01	1.74879999e+01	-1.31057633e+07	-5.10099171e+05	1.00000000e-09	1.00000000e-09	1.00000000e-10	1.00000000e-10	0.00000000e+00	1.95888770e-06
2.09000000e+01	1.75720768e+01	-1.30608731e+07	-5.08351966e+05	1.00000000e-09	1.00000000e-09	1.00000000e-10	1.00000000e-10	0.00000000e+00	1.80092404e-06
2.10000000e+01	1.76561537e+01	-1.30159829e+07	-5.06604761e+05	2.96917042e+01	2.04644293e-01	2.96917042e+00	2.04644293e-02	2.84506877e+06	1.65569849e-06
2.11000000e+01	1.77402306e+01	-1.29710926e+07	-5.04857553e+05	4.34294475e+00	2.64985292e-01	4.34294475e-01	2.64985292e-02	3.93463273e+05	1.52218384e-06
2.12000000e+01	1.78243076e+01	-1.29262024e+07	-5.03110349e+05	1.00000000e-09	1.00000000e-09	1.00000000e-10	1.00000000e-10	0.00000000e+00	1.39943575e-06
2.13000000e+01	1.79083845e+01	-1.28813123e+07	-5.01363145e+05	1.00000000e-09	1.00000000e-09	1.00000000e-10	1.00000000e-10	0.00000000e+00	1.28658600e-06
2.14000000e+01	1.79924614e+01	-1.28364221e+07	-4.99615941e+05	3.02113858e+01	1.02011349e-01	3.02113858e+00	1.02011349e-02	2.90511300e+06	1.18283639e-06
2.15000000e+01	1.80765383e+01	-1.27915319e+07	-4.97868736e+05	7.87747396e+00	1.84028687e-01	7.87747396e-01	1.84028687e-02	7.42304623e+05	1.08745310e-06
2.16000000e+01	1.81606153e+01	-1.27466418e+07	-4.96121535e+05	1.00000000e-09	1.00000000e-09	1.00000000e-10	1.00000000e-10	0.00000000e+00	9.99761460e-07
2.17000000e+01	1.82446922e+01	-1.27017517e+07	-4.94374335e+05	1.00000000e-09	1.00000000e-09	1.00000000e-10	1.00000000e-10	0.00000000e+00	9.19141229e-07
2.18000000e+01	1.83287691e+01	-1.26568616e+07	-4.92627135e+05	3.03224436e+01	6.19739897e-02	3.03224436e+00	6.19739897e-03	2.91969146e+06	8.45022171e-07
2.19000000e+01	1.84128460e+01	-1.26119716e+07	-4.90879934e+05	1.14688971e+01	1.50988452e-01	1.14688971e+00	1.50988452e-02	1.09201217e+06	7.76880034e-07
2.20000000e+01	1.84969229e+01	-1.25670816e+07	-4.89132739e+05	1.00000000e-09	1.00000000e-09	1.00000000e-10	1.00000000e-10	0.00000000e+00	7.14232843e-07
2.21000000e+01	1.85809999e+01	-1.25221916e+07	-4.87385543e+05	1.00000000e-09	1.00000000e-09	1.00000000e-10	1.00000000e-10	0.00000000e+00	6.56637488e-07
2.22000000e+01	1.86650768e+01	-1.24773017e+07	-4.85638348e+05	3.00185656e+01	3.45296837e-02	3.00185656e+00	3.45296837e-03	2.89301966e+06	6.03686592e-07
2.23000000e+01	1.87491537e+01	-1.24324117e+07	-4.83891153e+05	1.50696648e+01	1.38099971e-01	1.50696648e+00	1.38099971e-02	1.44067699e+06	5.55005627e-07
2.24000000e+01	1.88332306e+01	-1.23875219e+07	-4.82143962e+05	1.00000000e-09	1.00000000e-09	1.00000000e-10	1.00000000e-10	0.00000000e+00	5.10250270e-07
2.25000000e+01	1.89173076e+01	-1.23426321e+07	-4.80396773e+05	1.00000000e-09	1.00000000e-09	1.00000000e-10	1.00000000e-10	0.00000000e+00	4.69103960e-07
2.26000000e+01	1.90013845e+01	-1.22977423e+07	-4.78649583e+05	2.92989631e+01	1.00000000e-09	2.92989631e+00	1.00000000e-10	2.82692018e+06	4.31275667e-07
2.27000000e+01	1.90854614e+01	-1.22528525e+07	-4.76902394e+05	1.86319467e+01	8.06096815e-02	1.86319467e+00	8.06096815e-03	1.78993191e+06	3.96497828e-07
2.28000000e+01	1.91695383e+01	-1.22079628e+07	-4.75155210e+05	1.00000000e-09	1.31896946e-01	1.00000000e-10	1.31896946e-02	-1.27261206e+04	3.64524455e-07
2.29000000e+01	1.92536153e+01	-1.21630732e+07	-4.73408026e+05	1.00000000e-09	1.60704436e-02	1.00000000e-10	1.60704436e-03	-1.55056199e+03	3.35129397e-07
2.30000000e+01	1.93376922e+01	-1.21181835e+07	-4.71660842e+05	2.81683747e+01	1.00000000e-09	2.81683747e+00	1.00000000e-10	2.71783499e+06	3.08104742e-07
2.31000000e+01	1.94217691e+01	-1.20732938e+07	-4.69913657e+05	2.21082485e+01	1.00000000e-09	2.21082485e+00	1.00000000e-10	2.13312170e+06	2.83259340e-07
2.32000000e+01	1.95058460e+01	-1.20284043e+07	-4.68166480e+05	1.00000000e-09	1.23119369e-04	1.00000000e-10	1.23119369e-05	-1.18791167e+01	2.60417458e-07
2.33000000e+01	1.95899229e+01	-1.19835149e+07	-4.66419304e+05	1.00000000e-09	5.00327525e-03	1.00000000e-10	5.00327525e-04	-4.82742577e+02	2.39417533e-07
2.34000000e+01	1.96739999e+01	-1.19386254e+07	-4.64672127e+05	2.66369298e+01	1.74318783e-04	2.66369298e+00	1.74318783e-05	2.57005620e+06	2.20111031e-07
2.35000000e+01	1.97580768e+01	-1.18937359e+07	-4.62924951e+05	2.54521188e+01	1.00000000e-09	2.54521188e+00	1.00000000e-10	2.45575614e+06	2.02361395e-07
2.36000000e+01	1.98421537e+01	-1.18488466e+07	-4.61177781e+05	1.00000000e-09	1.00000000e-09	1.00000000e-10	1.00000000e-10	0.00000000e+00	1.86043080e-07
2.37000000e+01	1.99262306e+01	-1.18039574e+07	-4.59430613e+05	1.00000000e-09	2.97073978e-03	1.00000000e-10	2.97073978e-04	-2.86632718e+02	1.71040665e-07
2.38000000e+01	2.00103076e+01	-1.17590681e+07	-4.57683445e+05	2.47201443e+01	4.47783980e-04	2.47201443e+00	4.47783980e-05	2.38508813e+06	1.57248037e-07
2.39000000e+01	2.00943845e+01	-1.17141789e+07	-4.55936277e+05	2.86186735e+01	1.00000000e-09	2.86186735e+00	1.00000000e-10	2.76128221e+06	1.44567640e-07
2.40000000e+01	2.01784614e+01	-1.16692898e+07	-4.54189116e+05	1.00000000e-09	1.00000000e-09	1.00000000e-10	1.00000000e-10	0.00000000e+00	1.32909782e-07
2.41000000e+01	2.02625383e+01	-1.16244008e+07	-4.52441956e+05	1.00000000e-09	1.97774789e-03	1.00000000e-10	1.97774789e-04	-1.90823565e+02	1.22192009e-07
2.42000000e+01	2.03466152e+01	-1.15795117e+07	-4.50694797e+05	2.24386021e+01	5.82380704e-04	2.24386021e+00	5.82380704e-05	2.16493978e+06	1.12338510e-07
2.43000000e+01	2.04306922e+01	-1.15346227e+07	-4.48947637e+05	3.15652586e+01	1.00000000e-09	3.15652586e+00	1.00000000e-10	3.04558446e+06	1.03279593e-07
2.44000000e+01	2.05147691e+01	-1.14897338e+07	-4.47200484e+05	1.00000000e-09	1.00000000e-09	1.00000000e-10	1.00000000e-10	0.00000000e+00	9.49511815e-08
2.45000000e+01	2.05988460e+01	-1.14448450e+07	-4.45453333e+05	1.00000000e-09	1.39683996e-03	1.00000000e-10	1.39683996e-04	-1.34774471e+02	8.72943689e-08
2.46000000e+01	2.06829229e+01	-1.13999562e+07	-4.43706182e+05	1.98176998e+01	6.57549062e-04	1.98176998e+00	6.57549062e-05	1.91205391e+06	8.02549976e-08
2.47000000e+01	2.07669999e+01	-1.13550674e+07	-4.41959031e+05	3.42519883e+01	1.00000000e-09	3.42519883e+00	1.00000000e-10	3.30481446e+06	7.37832774e-08
2.48000000e+01	2.08510768e+01	-1.13101787e+07	-4.40211887e+05	1.00000000e-09	1.00000000e-09	1.00000000e-10	1.00000000e-10	0.00000000e+00	6.78334333e-08
2.49000000e+01	2.09351537e+01	-1.12652901e+07	-4.38464744e+05	1.00000000e-09	1.02374496e-03	1.00000000e-10	1.02374496e-04	-9.87762765e+01	6.23633815e-08
2.50000000e+01	2.10192306e+01	-1.12204015e+07	-4.36717602e+05	1.68873129e+01	7.00787998e-04	1.68873129e+00	7.00787998e-05	1.62931038e+06	5.73344317e-08
2.51000000e+01	2.11033075e+01	-1.11755129e+07	-4.34970459e+05	3.66422634e+01	1.00000000e-09	3.66422634e+00	1.00000000e-10	3.53544095e+06	5.27110137e-08
2.52000000e+01	2.11873845e+01	-1.11306245e+07	-4.33223324e+05	1.00000000e-09	1.00000000e-09	1.00000000e-10	1.00000000e-10	0.00000000e+00	4.84604257e-08
2.53000000e+01	2.12714614e+01	-1.10857362e+07	-4.31476190e+05	1.00000000e-09	7.54182583e-04	1.00000000e-10	7.54182583e-05	-7.27674605e+01	4.45526029e-08
2.54000000e+01	2.13555383e+01	-1.10408478e+07	-4.29729057e+05	1.36814029e+01	7.16426489e-04	1.36814029e+00	7.16426489e-05	1.31998558e+06	4.09599048e-08
2.55000000e+01	2.14396152e+01	-1.09959594e+07	-4.27981923e+05	3.87032423e+01	1.00000000e-09	3.87032423e+00	1.00000000e-10	3.73429519e+06	3.76569199e-08
2.56000000e+01	2.15236922e+01	-1.09510712e+07	-4.26234796e+05	1.00000000e-09	1.00000000e-09	1.00000000e-10	1.00000000e-10	0.00000000e+00	3.46202860e-08
2.57000000e+01	2.16077691e+01	-1.09061831e+07	-4.24487671e+05	1.00000000e-09	5.37467662e-04	1.00000000e-10	5.37467662e-05	-5.18576494e+01	3.18285246e-08
2.58000000e+01	2.16918460e+01	-1.08612949e+07	-4.22740547e+05	1.02375739e+01	7.17923016e-04	1.02375739e+00	7.17923016e-05	9.87706448e+05	2.92618894e-08
2.59000000e+01	2.17759229e+01	-1.08164068e+07	-4.20993422e+05	4.04062710e+01	1.00000000e-09	4.04062710e+00	1.00000000e-10	3.89861248e+06	2.69022262e-08
2.60000000e+01	2.18599998e+01	-1.07715188e+07	-4.19246304e+05	1.00000000e-09	1.00000000e-09	1.00000000e-10	1.00000000e-10	0.00000000e+00	2.47328451e-08
2.61000000e+01	2.19440768e+01	-1.07266309e+07	-4.17499188e+05	1.00000000e-09	3.37734178e-04	1.00000000e-10	3.37734178e-05	-3.25862979e+01	2.27384017e-08
2.62000000e+01	2.20281537e+01	-1.06817430e+07	-4.15752073e+05	6.59658129e+00	7.47359171e-04	6.59658129e-01	7.47359171e-05	6.36401227e+05	2.09047891e-08
2.63000000e+01	2.21122306e+01	-1.06368551e+07	-4.14004957e+05	4.17272544e+01	1.00000000e-09	4.17272544e+00	1.00000000e-10	4.02606800e+06	1.92190381e-08
2.64000000e+01	2.21963075e+01	-1.05919674e+07	-4.12257848e+05	1.00000000e-09	1.00000000e-09	1.00000000e-10	1.00000000e-10	0.00000000e+00	1.76692251e-08
2.65000000e+01	2.22803845e+01	-1.05470797e+07	-4.10510742e+05	1.00000000e-09	1.23070659e-04	1.00000000e-10	1.23070659e-05	-1.18744169e+01	1.62443882e-08
2.66000000e+01	2.23644614e+01	-1.05021920e+07	-4.08763635e+05	2.80180021e+00	7.98292528e-04	2.80180021e-01	7.98292528e-05	2.70255600e+05	1.49344494e-08
2.67000000e+01	2.24485383e+01	-1.04573044e+07	-4.07016529e+05	4.26469679e+01	1.99214454e-06	4.26469679e+00	1.99214454e-07	4.11480667e+06	1.37301434e-08
2.68000000e+01	2.25326152e+01	-1.04124169e+07	-4.05269429e+05	1.00000000e-09	1.00000000e-09	1.00000000e-10	1.00000000e-10	0.00000000e+00	1.26229520e-08
2.69000000e+01	2.26166921e+01	-1.03675294e+07	-4.03522332e+05	1.00000000e-09	1.00000000e-09	1.00000000e-10	1.00000000e-10	0.00000000e+00	1.16050438e-08
2.70000000e+01	2.27007691e+01	-1.03226420e+07	-4.01775235e+05	1.00000000e-09	8.19611779e-04	1.00000000e-10	8.19611779e-05	-7.90804182e+01	1.06692193e-08
2.71000000e+01	2.27848460e+01	-1.02777546e+07	-4.00028138e+05	4.31513051e+01	2.54993197e-04	4.31513051e+00	2.54993197e-05	4.16344340e+06	9.80885916e-09
2.72000000e+01	2.28689229e+01	-1.02328673e+07	-3.98281047e+05	2.57480212e+00	1.00000000e-09	2.57480212e-01	1.00000000e-10	2.48430637e+05	9.01787799e-09
2.73000000e+01	2.29529998e+01	-1.01879801e+07	-3.96533959e+05	1.00000000e-09	1.00000000e-09	1.00000000e-10	1.00000000e-10	0.00000000e+00	8.29068113e-09
2.74000000e+01	2.30370768e+01	-1.01430929e+07	-3.94786871e+05	1.00000000e-09	6.77932008e-04	1.00000000e-10	6.77932008e-05	-6.54103984e+01	7.62212503e-09
2.75000000e+01	2.31211537e+01	-1.00982057e+07	-3.93039783e+05	4.32314680e+01	6.33484675e-04	4.32314680e+00	6.33484675e-05	4.17114142e+06	7.00748093e-09
2.76000000e+01	2.32052306e+01	-1.00533187e+07	-3.91292701e+05	6.55985010e+00	1.00000000e-09	6.55985010e-01	1.00000000e-10	6.32929316e+05	6.44240141e-09
2.77000000e+01	2.32893075e+01	-1.00084317e+07	-3.89545623e+05	1.00000000e-09	1.00000000e-09	1.00000000e-10	1.00000000e-10	0.00000000e+00	5.92288960e-09
2.78000000e+01	2.33733845e+01	-9.96354479e+06	-3.87798545e+05	1.00000000e-09	1.82407620e-04	1.00000000e-10	1.82407620e-05	-1.75995633e+01	5.44527095e-09
2.79000000e+01	2.34574614e+01	-9.91865784e+06	-3.86051466e+05	4.28840702e+01	1.15644099e-03	4.28840702e+00	1.15644099e-04	4.13757217e+06	5.00616720e-09
2.80000000e+01	2.35415383e+01	-9.87377105e+06	-3.84304394e+05	1.05350544e+01	5.36626949e-04	1.05350544e+00	5.36626949e-05	1.01642644e+06	4.60247255e-09
2.81000000e+01	2.36256152e+01	-9.82888434e+06	-3.82557325e+05	1.00000000e-09	1.00000000e-09	1.00000000e-10	1.00000000e-10	0.00000000e+00	4.23133162e-09
2.82000000e+01	2.37096921e+01	-9.78399763e+06	-3.80810256e+05	1.00000000e-09	1.00000000e-09	1.00000000e-10	1.00000000e-10	0.00000000e+00	3.89011930e-09
2.83000000e+01	2.37937691e+01	-9.73911093e+06	-3.79063187e+05	4.21111770e+01	1.00000000e-09	4.21111770e+00	1.00000000e-10	4.06311090e+06	3.57642216e-09
2.84000000e+01	2.38778460e+01	-9.69422437e+06	-3.77316124e+05	1.44525572e+01	1.00000000e-09	1.44525572e+00	1.00000000e-10	1.39445978e+06	3.28802138e-09
2.85000000e+01	2.39619229e+01	-9.64933791e+06	-3.75569065e+05	1.00000000e-09	1.00000000e-09	1.00000000e-10	1.00000000e-10	0.00000000e+00	3.02287709e-09
2.86000000e+01	2.40459998e+01	-9.60445145e+06	-3.73822005e+05	1.00000000e-09	1.00000000e-09	1.00000000e-10	1.00000000e-10	0.00000000e+00	2.77911390e-09
2.87000000e+01	2.41300768e+01	-9.55956499e+06	-3.72074946e+05	4.09202782e+01	9.51547785e-06	4.09202782e+00	9.51547785e-07	3.94820571e+06	2.55500764e-09
2.88000000e+01	2.42141537e+01	-9.51467868e+06	-3.70327892e+05	1.82651970e+01	4.28524981e-06	1.82651970e+00	4.28524981e-07	1.76232318e+06	2.34897319e-09
2.89000000e+01	2.42982306e+01	-9.46979246e+06	-3.68580843e+05	1.00000000e-09	1.00000000e-09	1.00000000e-10	1.00000000e-10	0.00000000e+00	2.15955324e-09
2.90000000e+01	2.43823075e+01	-9.42490625e+06	-3.66833793e+05	1.00000000e-09	1.00000000e-09	1.00000000e-10	1.00000000e-10	0.00000000e+00	1.98540802e-09
2.91000000e+01	2.44663844e+01	-9.38002003e+06	-3.65086743e+05	3.93241868e+01	1.06368520e-06	3.93241868e+00	1.06368520e-07	3.79420712e+06	1.82530578e-09
2.92000000e+01	2.45504614e+01	-9.33513396e+06	-3.63339699e+05	2.19271194e+01	4.74246449e-06	2.19271194e+00	4.74246449e-07	2.11564494e+06	1.67811410e-09
2.93000000e+01	2.46345383e+01	-9.29024800e+06	-3.61592659e+05	1.00000000e-09	1.18103113e-06	1.00000000e-10	1.18103113e-07	-1.13855695e-01	1.54279187e-09
2.94000000e+01	2.47186152e+01	-9.24536203e+06	-3.59845619e+05	1.00000000e-09	1.00000000e-09	1.00000000e-10	1.00000000e-10	0.00000000e+00	1.41838196e-09
2.95000000e+01	2.48026921e+01	-9.20047606e+06	-3.58098579e+05	3.73408726e+01	1.00000000e-09	3.73408726e+00	1.00000000e-10	3.60284649e+06	1.30400439e-09
2.96000000e+01	2.48867691e+01	-9.15559024e+06	-3.56351544e+05	2.53943707e+01	1.47062938e-06	2.53943707e+00	1.47062938e-07	2.45018415e+06	1.19885018e-09
2.97000000e+01	2.49708460e+01	-9.11070452e+06	-3.54604513e+05	1.00000000e-09	3.04638063e-06	1.00000000e-10	3.04638063e-07	-2.93834561e-01	1.10217554e-09
2.98000000e+01	2.50549229e+01	-9.06581880e+06	-3.52857483e+05	1.00000000e-09	5.07269147e-07	1.00000000e-10	5.07269147e-08	-4.88475468e-02	1.01329669e-09
2.99000000e+01	2.51389998e+01	-9.02093308e+06	-3.51110453e+05	3.49932267e+01	1.00000000e-09	3.49932267e+00	1.00000000e-10	3.37633310e+06	9.31584987e-10
3.00000000e+01	2.52230767e+01	-8.97604750e+06	-3.49363427e+05	2.86254655e+01	1.00000000e-09	2.86254655e+00	1.00000000e-10	2.76193754e+06	8.56462471e-10
3.01000000e+01	2.53071537e+01	-8.93116203e+06	-3.47616407e+05	1.00000000e-09	1.08416407e-06	1.00000000e-10	1.08416407e-07	-1.04509445e-01	7.87397794e-10
3.02000000e+01	2.53912306e+01	-8.88627656e+06	-3.45869386e+05	1.00000000e-09	2.32654431e-06	1.00000000e-10	2.32654431e-07	-2.24380915e-01	7.23902457e-10
3.03000000e+01	2.54753075e+01	-8.84139109e+06	-3.44122365e+05	3.23087625e+01	6.23782726e-07	3.23087625e+00	6.23782726e-08	3.11732162e+06	6.65527349e-10
3.04000000e+01	2.55593844e+01	-8.79650576e+06	-3.42375350e+05	3.15819226e+01	1.00000000e-09	3.15819226e+00	1.00000000e-10	3.04719229e+06	6.11859579e-10
3.05000000e+01	2.56434614e+01	-8.75162054e+06	-3.40628339e+05	1.00000000e-09	1.00000000e-09	1.00000000e-10	1.00000000e-10	0.00000000e+00	5.62519549e-10
3.06000000e+01	2.57275383e+01	-8.70673532e+06	-3.38881327e+05	1.00000000e-09	4.95372608e-08	1.00000000e-10	4.95372608e-09	-4.68313373e-03	5.17158273e-10
3.07000000e+01	2.58116152e+01	-8.66185010e+06	-3.37134316e+05	2.93192562e+01	1.83877797e-06	2.93192562e+00	1.83877797e-07	2.82887800e+06	4.75454906e-10
3.08000000e+01	2.58956921e+01	-8.61696501e+06	-3.35387310e+05	3.42287607e+01	1.33194134e-06	3.42287607e+00	1.33194134e-07	3.30257322e+06	4.37114476e-10
3.09000000e+01	2.59797690e+01	-8.57208004e+06	-3.33640309e+05	1.00000000e-09	1.00000000e-09	1.00000000e-10	1.00000000e-10	0.00000000e+00	4.01865798e-10
3.10000000e+01	2.60638460e+01	-8.52719507e+06	-3.31893308e+05	1.00000000e-09	1.00000000e-09	1.00000000e-10	1.00000000e-10	0.00000000e+00	3.69459555e-10
3.11000000e+01	2.61479229e+01	-8.48231010e+06	-3.30146306e+05	2.60603328e+01	1.00000000e-09	2.60603328e+00	1.00000000e-10	2.51443987e+06	3.39666533e-10
3.12000000e+01	2.62319998e+01	-8.43742525e+06	-3.28399310e+05	3.65349483e+01	5.41471048e-07	3.65349483e+00	5.41471048e-08	3.52508657e+06	3.12276006e-10
3.13000000e+01	2.63160767e+01	-8.39254053e+06	-3.26652318e+05	1.00000000e-09	1.87491327e-06	1.00000000e-10	1.87491327e-07	-1.80805144e-01	2.87094235e-10
3.14000000e+01	2.64001537e+01	-8.34765581e+06	-3.24905326e+05	1.00000000e-09	1.27681770e-06	1.00000000e-10	1.27681770e-07	-1.23097694e-01	2.63943109e-10
3.15000000e+01	2.64842306e+01	-8.30277109e+06	-3.23158335e+05	2.25710016e+01	1.00000000e-09	2.25710016e+00	1.00000000e-10	2.17777059e+06	2.42658878e-10
3.16000000e+01	2.65683075e+01	-8.25788649e+06	-3.21411348e+05	3.84738015e+01	1.00000000e-09	3.84738015e+00	1.00000000e-10	3.71215751e+06	2.23090996e-10
3.17000000e+01	2.66523844e+01	-8.21300201e+06	-3.19664366e+05	1.00000000e-09	1.00000000e-09	1.00000000e-10	1.00000000e-10	0.00000000e+00	2.05101057e-10
3.18000000e+01	2.67364614e+01	-8.16811754e+06	-3.17917384e+05	1.00000000e-09	1.00000000e-09	1.00000000e-10	1.00000000e-10	0.00000000e+00	1.88561817e-10
3.19000000e+01	2.68205383e+01	-8.12323306e+06	-3.16170402e+05	1.88931484e+01	8.52239947e-07	1.88931484e+00	8.52239947e-08	1.82291161e+06	1.73356293e-10
3.20000000e+01	2.69046152e+01	-8.07834871e+06	-3.14423424e+05	4.00233251e+01	1.83008687e-06	4.00233251e+00	1.83008687e-07	3.86166364e+06	1.59376934e-10
3.21000000e+01	2.69886921e+01	-8.03346448e+06	-3.12676452e+05	1.00000000e-09	1.98203333e-06	1.00000000e-10	1.98203333e-07	-1.91140659e-01	1.46524863e-10
3.22000000e+01	2.70727690e+01	-7.98858026e+06	-3.10929480e+05	1.00000000e-09	1.52304229e-06	1.00000000e-10	1.52304229e-07	-1.46854756e-01	1.34709176e-10
3.23000000e+01	2.71568460e+01	-7.94369603e+06	-3.09182507e+05	1.50709903e+01	8.61500479e-07	1.50709903e+00	8.61500479e-08	1.45412942e+06	1.23846300e-10
3.24000000e+01	2.72409229e+01	-7.89881192e+06	-3.07435539e+05	4.11664923e+01	4.82548794e-07	4.11664923e+00	4.82548794e-08	3.97196263e+06	1.13859401e-10
3.25000000e+01	2.73249998e+01	-7.85392794e+06	-3.05688577e+05	1.00000000e-09	2.90716821e-07	1.00000000e-10	2.90716821e-08	-2.79534237e-02	1.04677839e-10
3.26000000e+01	2.74090767e+01	-7.80904396e+06	-3.03941614e+05	1.00000000e-09	2.01701815e-07	1.00000000e-10	2.01701815e-08	-1.93647812e-02	9.62366743e-11
3.27000000e+01	2.74931537e+01	-7.76415998e+06	-3.02194651e+05	1.11505010e+01	1.01034553e-07	1.11505010e+00	1.01034553e-08	1.07585978e+06	8.84762003e-11
3.28000000e+01	2.75772306e+01	-7.71927611e+06	-3.00447692e+05	4.18914589e+01	2.68890608e-08	4.18914589e+00	2.68890608e-09	4.04191133e+06	8.13415267e-11
3.29000000e+01	2.76613075e+01	-7.67439238e+06	-2.98700739e+05	1.00000000e-09	1.53260408e-08	1.00000000e-10	1.53260408e-09	-1.38225280e-03	7.47821894e-11
3.30000000e+01	2.77453844e+01	-7.62950864e+06	-2.96953786e+05	1.00000000e-09	3.91437711e-08	1.00000000e-10	3.91437711e-09	-3.68031442e-03	6.87517936e-11
3.31000000e+01	2.78294613e+01	-7.58462491e+06	-2.95206833e+05	7.17881350e+00	5.35587707e-08	7.17881350e-01	5.35587707e-09	6.92650200e+05	6.32076857e-11
3.32000000e+01	2.79135383e+01	-7.53974128e+06	-2.93459884e+05	4.21917105e+01	2.28240808e-09	4.21917105e+00	2.28240808e-10	4.07088120e+06	5.81106517e-11
3.33000000e+01	2.79976152e+01	-7.49485779e+06	-2.91712940e+05	1.00000000e-09	1.00000000e-09	1.00000000e-10	1.00000000e-10	0.00000000e+00	5.34246397e-11
3.34000000e+01	2.80816921e+01	-7.44997430e+06	-2.89965996e+05	1.00000000e-09	4.04400070e-09	1.00000000e-10	4.04400070e-10	-2.93701418e-04	4.91165053e-11
3.35000000e+01	2.81657690e+01	-7.40509080e+06	-2.88219052e+05	3.20360814e+00	4.67194003e-08	3.20360814e-01	4.67194003e-09	3.09101191e+05	4.51557765e-11
3.36000000e+01	2.82498460e+01	-7.36020741e+06	-2.86472112e+05	4.20661390e+01	7.84315322e-09	4.20661390e+00	7.84315322e-10	4.05876539e+06	4.15144388e-11
3.37000000e+01	2.83339229e+01	-7.31532416e+06	-2.84725178e+05	1.00000000e-09	1.00000000e-09	1.00000000e-10	1.00000000e-10	0.00000000e+00	3.81667366e-11
3.38000000e+01	2.84179998e+01	-7.27044091e+06	-2.82978244e+05	1.00000000e-09	1.00000000e-09	1.00000000e-10	1.00000000e-10	0.00000000e+00	3.50889914e-11
3.39000000e+01	2.85020767e+01	-7.22555767e+06	-2.81231309e+05	1.00000000e-09	3.15473051e-08	1.00000000e-10	3.15473051e-09	-2.94736687e-03	3.22594338e-11
3.40000000e+01	2.85861536e+01	-7.18067451e+06	-2.79484379e+05	4.15190496e+01	2.08216848e-08	4.15190496e+00	2.08216848e-09	4.00597928e+06	2.96580503e-11
3.41000000e+01	2.86702306e+01	-7.13579150e+06	-2.77737454e+05	2.19811576e+00	1.00000000e-09	2.19811576e-01	1.00000000e-10	2.12085929e+05	2.72664410e-11
3.42000000e+01	2.87543075e+01	-7.09090849e+06	-2.75990529e+05	1.00000000e-09	1.00000000e-09	1.00000000e-10	1.00000000e-10	0.00000000e+00	2.50676897e-11
3.43000000e+01	2.88383844e+01	-7.04602548e+06	-2.74243603e+05	1.00000000e-09	1.41373192e-08	1.00000000e-10	1.41373192e-09	-1.26755861e-03	2.30462446e-11
3.44000000e+01	2.89224613e+01	-7.00114256e+06	-2.72496682e+05	4.05600961e+01	2.50900841e-08	4.05600961e+00	2.50900841e-09	3.91345434e+06	2.11878078e-11
3.45000000e+01	2.90065383e+01	-6.95625979e+06	-2.70749766e+05	5.96881385e+00	1.00000000e-09	5.96881385e-01	1.00000000e-10	5.75902986e+05	1.94792342e-11
3.46000000e+01	2.90906152e+01	-6.91137701e+06	-2.69002850e+05	1.00000000e-09	1.00000000e-09	1.00000000e-10	1.00000000e-10	0.00000000e+00	1.79084392e-11
3.47000000e+01	2.91746921e+01	-6.86649424e+06	-2.67255934e+05	1.00000000e-09	1.00000000e-09	1.00000000e-10	1.00000000e-10	0.00000000e+00	1.64643122e-11
3.48000000e+01	2.92587690e+01	-6.82161155e+06	-2.65509022e+05	3.92041476e+01	2.35292004e-08	3.92041476e+00	2.35292004e-09	3.78262520e+06	1.51366389e-11
3.49000000e+01	2.93428459e+01	-6.77672901e+06	-2.63762115e+05	9.58133729e+00	5.75006418e-09	9.58133729e-01	5.75006418e-10	9.24458510e+05	1.39160284e-11
3.50000000e+01	2.94269229e+01	-6.73184647e+06	-2.62015208e+05	1.00000000e-09	1.00000000e-09	1.00000000e-10	1.00000000e-10	0.00000000e+00	1.27938473e-11
3.51000000e+01	2.95109998e+01	-6.68696393e+06	-2.60268302e+05	1.00000000e-09	1.00000000e-09	1.00000000e-10	1.00000000e-10	0.00000000e+00	1.17621583e-11
3.52000000e+01	2.95950767e+01	-6.64208147e+06	-2.58521398e+05	3.74710863e+01	1.65574752e-08	3.74710863e+00	1.65574752e-09	3.61541020e+06	1.08136641e-11
3.53000000e+01	2.96791536e+01	-6.59719917e+06	-2.56774500e+05	1.29931067e+01	1.37355613e-08	1.29931067e+00	1.37355613e-09	1.25364421e+06	9.94165601e-12
3.54000000e+01	2.97632306e+01	-6.55231686e+06	-2.55027603e+05	1.00000000e-09	1.00000000e-09	1.00000000e-10	1.00000000e-10	0.00000000e+00	9.13996618e-12
3.55000000e+01	2.98473075e+01	-6.50743455e+06	-2.53280705e+05	1.00000000e-09	1.00000000e-09	1.00000000e-10	1.00000000e-10	0.00000000e+00	8.40292419e-12
3.56000000e+01	2.99313844e+01	-6.46255232e+06	-2.51533810e+05	3.53855419e+01	7.08758198e-09	3.53855419e+00	7.08758198e-10	3.41418576e+06	7.72531687e-12
3.57000000e+01	3.00154613e+01	-6.41767023e+06	-2.49786921e+05	1.61642598e+01	1.68070788e-08	1.61642598e+00	1.68070788e-09	1.55961397e+06	7.10235144e-12
3.58000000e+01	3.00995383e+01	-6.37278815e+06	-2.48040032e+05	1.00000000e-09	1.00000000e-09	1.00000000e-10	1.00000000e-10	0.00000000e+00	6.52962161e-12
3.59000000e+01	3.01836152e+01	-6.32790607e+06	-2.46293143e+05	1.00000000e-09	1.00000000e-09	1.00000000e-10	1.00000000e-10	0.00000000e+00	6.00307641e-12
3.60000000e+01	3.02676921e+01	-6.28302406e+06	-2.44546257e+05	3.29765631e+01	1.00000000e-09	3.29765631e+00	1.00000000e-10	3.18175465e+06	5.51899153e-12
3.61000000e+01	3.03517690e+01	-6.23814220e+06	-2.42799377e+05	1.90581651e+01	1.56623809e-08	1.90581651e+00	1.56623809e-09	1.83883339e+06	5.07394300e-12
3.62000000e+01	3.04358459e+01	-6.19326035e+06	-2.41052497e+05	1.00000000e-09	5.98719813e-09	1.00000000e-10	5.98719813e-10	-4.81191468e-04	4.66478295e-12
3.63000000e+01	3.05199229e+01	-6.14837849e+06	-2.39305617e+05	1.00000000e-09	1.00000000e-09	1.00000000e-10	1.00000000e-10	0.00000000e+00	4.28861734e-12
3.64000000e+01	3.06039998e+01	-6.10349670e+06	-2.37558739e+05	3.02772316e+01	1.00000000e-09	3.02772316e+00	1.00000000e-10	2.92130874e+06	3.94278553e-12
3.65000000e+01	3.06880767e+01	-6.05861506e+06	-2.35811867e+05	2.16418919e+01	1.04314647e-08	2.16418919e+00	1.04314647e-09	2.08812513e+06	3.62484141e-12
3.66000000e+01	3.07721536e+01	-6.01373342e+06	-2.34064996e+05	1.00000000e-09	1.14364001e-08	1.00000000e-10	1.14364001e-09	-1.00695953e-03	3.33253613e-12
3.67000000e+01	3.08562306e+01	-5.96885179e+06	-2.32318124e+05	1.00000000e-09	1.00000000e-09	1.00000000e-10	1.00000000e-10	0.00000000e+00	3.06380220e-12
3.68000000e+01	3.09403075e+01	-5.92397021e+06	-2.30571255e+05	2.73242228e+01	1.00000000e-09	2.73242228e+00	1.00000000e-10	2.63638671e+06	2.81673882e-12
3.69000000e+01	3.10243844e+01	-5.87908879e+06	-2.28824392e+05	2.38866316e+01	3.11241724e-09	2.38866316e+00	3.11241724e-10	2.30470959e+06	2.58959851e-12
3.70000000e+01	3.11084613e+01	-5.83420737e+06	-2.27077529e+05	1.00000000e-09	1.33510367e-08	1.00000000e-10	1.33510367e-09	-1.19169388e-03	2.38077467e-12
3.71000000e+01	3.11925382e+01	-5.78932595e+06	-2.25330665e+05	1.00000000e-09	1.00000000e-09	1.00000000e-10	1.00000000e-10	0.00000000e+00	2.18879027e-12
3.72000000e+01	3.12766152e+01	-5.74444458e+06	-2.23583804e+05	2.41573219e+01	1.00000000e-09	2.41573219e+00	1.00000000e-10	2.33082722e+06	2.01228739e-12
3.73000000e+01	3.13606921e+01	-5.69956337e+06	-2.21836949e+05	2.57680643e+01	1.00000000e-09	2.57680643e+00	1.00000000e-10	2.48624025e+06	1.85001761e-12
3.74000000e+01	3.14447690e+01	-5.65468216e+06	-2.20090094e+05	1.00000000e-09	1.15375273e-08	1.00000000e-10	1.15375273e-09	-1.01671683e-03	1.70083318e-12
3.75000000e+01	3.15288459e+01	-5.60980095e+06	-2.18343239e+05	1.00000000e-09	6.92250653e-09	1.00000000e-10	6.92250653e-10	-5.71435010e-04	1.56367890e-12
3.76000000e+01	3.16129229e+01	-5.56491980e+06	-2.16596386e+05	2.08188978e+01	1.00000000e-09	2.08188978e+00	1.00000000e-10	2.00871827e+06	1.43758467e-12
3.77000000e+01	3.16969998e+01	-5.52003879e+06	-2.14849540e+05	2.72666662e+01	1.00000000e-09	2.72666662e+00	1.00000000e-10	2.63083334e+06	1.32165861e-12
3.78000000e+01	3.17810767e+01	-5.47515779e+06	-2.13102693e+05	1.00000000e-09	6.38333323e-09	1.00000000e-10	6.38333323e-10	-5.19412695e-04	1.21508076e-12
3.79000000e+01	3.18651536e+01	-5.43027679e+06	-2.11355846e+05	1.00000000e-09	1.07141834e-08	1.00000000e-10	1.07141834e-09	-9.37276211e-04	1.11709730e-12
3.80000000e+01	3.19492305e+01	-5.38539583e+06	-2.09609001e+05	1.73533456e+01	1.00000000e-09	1.73533456e+00	1.00000000e-10	1.67434331e+06	1.02701517e-12
3.81000000e+01	3.20333075e+01	-5.34051503e+06	-2.07862162e+05	2.83679538e+01	1.00000000e-09	2.83679538e+00	1.00000000e-10	2.73709144e+06	9.44197214e-13
3.82000000e+01	3.21173844e+01	-5.29563423e+06	-2.06115323e+05	1.00000000e-09	1.00000000e-09	1.00000000e-10	1.00000000e-10	0.00000000e+00	8.68057654e-13
3.83000000e+01	3.22014613e+01	-5.25075343e+06	-2.04368483e+05	1.00000000e-09	1.12677065e-08	1.00000000e-10	1.12677065e-09	-9.90683071e-04	7.98057949e-13
3.84000000e+01	3.22855382e+01	-5.20587267e+06	-2.02621646e+05	1.38065021e+01	3.18648766e-09	1.38065021e+00	3.18648766e-10	1.33212494e+06	7.33702982e-13
3.85000000e+01	3.23696152e+01	-5.16099207e+06	-2.00874815e+05	2.90626620e+01	1.00000000e-09	2.90626620e+00	1.00000000e-10	2.80412060e+06	6.74537565e-13
3.86000000e+01	3.24536921e+01	-5.11611147e+06	-1.99127983e+05	1.00000000e-09	1.00000000e-09	1.00000000e-10	1.00000000e-10	0.00000000e+00	6.20143216e-13
3.87000000e+01	3.25377690e+01	-5.07123086e+06	-1.97381152e+05	1.00000000e-09	8.21564990e-09	1.00000000e-10	8.21564990e-10	-6.96204377e-04	5.70135198e-13
3.88000000e+01	3.26218459e+01	-5.02635030e+06	-1.95634322e+05	1.02250439e+01	8.07049385e-09	1.02250439e+00	8.07049385e-10	9.86566755e+05	5.24159800e-13
3.89000000e+01	3.27059228e+01	-4.98146988e+06	-1.93887498e+05	2.93468534e+01	1.00000000e-09	2.93468534e+00	1.00000000e-10	2.83154090e+06	4.81891834e-13
3.90000000e+01	3.27899998e+01	-4.93658947e+06	-1.92140674e+05	1.00000000e-09	1.00000000e-09	1.00000000e-10	1.00000000e-10	0.00000000e+00	4.43032333e-13
3.91000000e+01	3.28740767e+01	-4.89170906e+06	-1.90393850e+05	1.00000000e-09	2.69020822e-09	1.00000000e-10	2.69020822e-10	-1.63080301e-04	4.07306443e-13
3.92000000e+01	3.29581536e+01	-4.84682868e+06	-1.88647028e+05	6.65587460e+00	1.01781596e-08	6.65587460e-01	1.01781596e-09	6.42194271e+05	3.74461468e-13
3.93000000e+01	3.30422305e+01	-4.80194846e+06	-1.86900211e+05	2.92219575e+01	1.00000000e-09	2.92219575e+00	1.00000000e-10	2.81949027e+06	3.44265096e-13
3.94000000e+01	3.31263075e+01	-4.75706823e+06	-1.85153394e+05	1.00000000e-09	1.00000000e-09	1.00000000e-10	1.00000000e-10	0.00000000e+00	3.16503742e-13
3.95000000e+01	3.32103844e+01	-4.71218801e+06	-1.83406578e+05	1.00000000e-09	1.00000000e-09	1.00000000e-10	1.00000000e-10	0.00000000e+00	2.90981049e-13
3.96000000e+01	3.32944613e+01	-4.66730781e+06	-1.81659762e+05	3.14551060e+00	8.99331092e-09	3.14551060e-01	8.99331092e-10	3.03495634e+05	2.67516493e-13
3.97000000e+01	3.33785382e+01	-4.62242777e+06	-1.79912953e+05	2.86947394e+01	5.55121518e-09	2.86947394e+00	5.55121518e-10	2.76862146e+06	2.45944106e-13
3.98000000e+01	3.34626152e+01	-4.57754772e+06	-1.78166143e+05	1.00000000e-09	1.00000000e-09	1.00000000e-10	1.00000000e-10	0.00000000e+00	2.26111304e-13
3.99000000e+01	3.35466921e+01	-4.53266768e+06	-1.76419333e+05	1.00000000e-09	1.00000000e-09	1.00000000e-10	1.00000000e-10	0.00000000e+00	2.07877809e-13
4.00000000e+01	3.36307690e+01	-4.48778766e+06	-1.74672525e+05	1.00000000e-09	4.78610017e-09	1.00000000e-10	4.78610017e-10	-3.65303132e-04	1.91114654e-13
4.01000000e+01	3.37148459e+01	-4.44290779e+06	-1.72925722e+05	2.77771990e+01	8.77352021e-09	2.77771990e+00	8.77352021e-10	2.68009227e+06	1.75703270e-13
4.02000000e+01	3.37989228e+01	-4.39802792e+06	-1.71178919e+05	1.85070163e+00	1.00000000e-09	1.85070163e-01	1.00000000e-10	1.78565561e+05	1.61534652e-13
4.03000000e+01	3.38829998e+01	-4.35314805e+06	-1.69432116e+05	1.00000000e-09	1.00000000e-09	1.00000000e-10	1.00000000e-10	0.00000000e+00	1.48508584e-13
4.04000000e+01	3.39670767e+01	-4.30826820e+06	-1.67685314e+05	1.00000000e-09	1.00000000e-09	1.00000000e-10	1.00000000e-10	0.00000000e+00	1.36532931e-13
4.05000000e+01	3.40511536e+01	-4.26338850e+06	-1.65938518e+05	2.64864009e+01	9.03575062e-09	2.64864009e+00	9.03575062e-10	2.55554919e+06	1.25522989e-13
4.06000000e+01	3.41352305e+01	-4.21850880e+06	-1.64191722e+05	5.03459605e+00	3.23641956e-09	5.03459605e-01	3.23641956e-10	4.85764671e+05	1.15400882e-13
4.07000000e+01	3.42193075e+01	-4.17362910e+06	-1.62444926e+05	1.00000000e-09	1.00000000e-09	1.00000000e-10	1.00000000e-10	0.00000000e+00	1.06095016e-13
4.08000000e+01	3.43033844e+01	-4.12874941e+06	-1.60698130e+05	1.00000000e-09	1.00000000e-09	1.00000000e-10	1.00000000e-10	0.00000000e+00	9.75395708e-14
4.09000000e+01	3.43874613e+01	-4.08386988e+06	-1.58951340e+05	2.48442388e+01	6.12446119e-09	2.48442388e+00	6.12446119e-10	2.39710463e+06	8.96740319e-14
4.10000000e+01	3.44715382e+01	-4.03899034e+06	-1.57204550e+05	8.00835464e+00	7.17987460e-09	8.00835464e-01	7.17987460e-10	7.72688757e+05	8.24427658e-14
4.11000000e+01	3.45556151e+01	-3.99411081e+06	-1.55457760e+05	1.00000000e-09	1.00000000e-09	1.00000000e-10	1.00000000e-10	0.00000000e+00	7.57946252e-14
4.12000000e+01	3.46396921e+01	-3.94923128e+06	-1.53710971e+05	1.00000000e-09	1.00000000e-09	1.00000000e-10	1.00000000e-10	0.00000000e+00	6.96825871e-14
4.13000000e+01	3.47237690e+01	-3.90435190e+06	-1.51964187e+05	2.28771354e+01	1.22984928e-09	2.28771354e+00	1.22984928e-10	2.20730801e+06	6.40634205e-14
4.14000000e+01	3.48078459e+01	-3.85947252e+06	-1.50217403e+05	1.07344325e+01	8.51484631e-09	1.07344325e+00	8.51484631e-10	1.03571528e+06	5.88973804e-14
4.15000000e+01	3.48919228e+01	-3.81459314e+06	-1.48470620e+05	1.00000000e-09	1.23339192e-09	1.00000000e-10	1.23339192e-10	-2.25188966e-05	5.41479271e-14
4.16000000e+01	3.49759998e+01	-3.76971376e+06	-1.46723836e+05	1.00000000e-09	1.00000000e-09	1.00000000e-10	1.00000000e-10	0.00000000e+00	4.97814672e-14
4.17000000e+01	3.50600767e+01	-3.72483454e+06	-1.44977058e+05	2.06150898e+01	1.00000000e-09	2.06150898e+00	1.00000000e-10	1.98905379e+06	4.57671163e-14
4.18000000e+01	3.51441536e+01	-3.67995531e+06	-1.43230281e+05	1.31642969e+01	6.81711580e-09	1.31642969e+00	6.81711580e-10	1.27016156e+06	4.20764804e-14
4.19000000e+01	3.52282305e+01	-3.63507609e+06	-1.41483503e+05	1.00000000e-09	5.53122614e-09	1.00000000e-10	5.53122614e-10	-4.37196859e-04	3.86834555e-14
4.20000000e+01	3.53123074e+01	-3.59019687e+06	-1.39736725e+05	1.00000000e-09	1.00000000e-09	1.00000000e-10	1.00000000e-10	0.00000000e+00	3.55640423e-14
4.21000000e+01	3.53963844e+01	-3.54531780e+06	-1.37989954e+05	1.80929759e+01	1.00000000e-09	1.80929759e+00	1.00000000e-10	1.74570679e+06	3.26961769e-14
4.22000000e+01	3.54804613e+01	-3.50043874e+06	-1.36243182e+05	1.52823276e+01	2.73920733e-09	1.52823276e+00	2.73920733e-10	1.47452045e+06	3.00595747e-14
4.23000000e+01	3.55645382e+01	-3.45555967e+06	-1.34496411e+05	1.00000000e-09	7.63990098e-09	1.00000000e-10	7.63990098e-10	-6.40653051e-04	2.76355866e-14
4.24000000e+01	3.56486151e+01	-3.41068061e+06	-1.32749639e+05	1.00000000e-09	1.00000000e-09	1.00000000e-10	1.00000000e-10	0.00000000e+00	2.54070677e-14
4.25000000e+01	3.57326921e+01	-3.36580170e+06	-1.31002874e+05	1.53484662e+01	1.00000000e-09	1.53484662e+00	1.00000000e-10	1.48090186e+06	2.33582553e-14
4.26000000e+01	3.58167690e+01	-3.32092280e+06	-1.29256109e+05	1.70626247e+01	1.00000000e-09	1.70626247e+00	1.00000000e-10	1.64629301e+06	2.14746581e-14
4.27000000e+01	3.59008459e+01	-3.27604390e+06	-1.27509343e+05	1.00000000e-09	6.98525193e-09	1.00000000e-10	6.98525193e-10	-5.77489020e-04	1.97429531e-14
4.28000000e+01	3.59849228e+01	-3.23116500e+06	-1.25762578e+05	1.00000000e-09	3.93649206e-09	1.00000000e-10	3.93649206e-10	-2.83328412e-04	1.81508919e-14
4.29000000e+01	3.60689997e+01	-3.18628624e+06	-1.24015819e+05	1.24220273e+01	1.00000000e-09	1.24220273e+00	1.00000000e-10	1.19854343e+06	1.66872137e-14
4.30000000e+01	3.61530767e+01	-3.14140751e+06	-1.22269060e+05	1.84839064e+01	1.00000000e-09	1.84839064e+00	1.00000000e-10	1.78342585e+06	1.53415657e-14
4.31000000e+01	3.62371536e+01	-3.09652877e+06	-1.20522302e+05	1.00000000e-09	3.77618874e-09	1.00000000e-10	3.77618874e-10	-2.67861492e-04	1.41044300e-14
4.32000000e+01	3.63212305e+01	-3.05165003e+06	-1.18775543e+05	1.00000000e-09	6.58123648e-09	1.00000000e-10	6.58123648e-10	-5.38507456e-04	1.29670563e-14
4.33000000e+01	3.64053074e+01	-3.00677144e+06	-1.17028790e+05	9.35637916e+00	1.00000000e-09	9.35637916e-01	1.00000000e-10	9.02753350e+05	1.19213998e-14
4.34000000e+01	3.64893844e+01	-2.96189287e+06	-1.15282038e+05	1.95297804e+01	1.00000000e-09	1.95297804e+00	1.00000000e-10	1.88433735e+06	1.09600645e-14
4.35000000e+01	3.65734613e+01	-2.91701431e+06	-1.13535285e+05	1.00000000e-09	1.00000000e-09	1.00000000e-10	1.00000000e-10	0.00000000e+00	1.00762507e-14
4.36000000e+01	3.66575382e+01	-2.87213574e+06	-1.11788533e+05	1.00000000e-09	6.74989872e-09	1.00000000e-10	6.74989872e-10	-5.54780888e-04	9.26370726e-15
4.37000000e+01	3.67416151e+01	-2.82725731e+06	-1.10041787e+05	6.19592884e+00	2.48856123e-09	6.19592884e-01	2.48856123e-10	5.97816252e+05	8.51668685e-15
4.38000000e+01	3.68256921e+01	-2.78237891e+06	-1.08295041e+05	2.01889619e+01	1.00000000e-09	2.01889619e+00	1.00000000e-10	1.94793869e+06	7.82990577e-15
4.39000000e+01	3.69097690e+01	-2.73750051e+06	-1.06548295e+05	1.00000000e-09	1.00000000e-09	1.00000000e-10	1.00000000e-10	0.00000000e+00	7.19850635e-15
4.40000000e+01	3.69938459e+01	-2.69262211e+06	-1.04801550e+05	1.00000000e-09	4.38798188e-09	1.00000000e-10	4.38798188e-10	-3.26890557e-04	6.61802264e-15
4.41000000e+01	3.70779228e+01	-2.64774385e+06	-1.03054810e+05	2.98617607e+00	5.45399644e-09	2.98617607e-01	5.45399644e-10	2.88122190e+05	6.08434883e-15
4.42000000e+01	3.71619997e+01	-2.60286562e+06	-1.01308071e+05	2.04554007e+01	1.00000000e-09	2.04554007e+00	1.00000000e-10	1.97364613e+06	5.59371018e-15
4.43000000e+01	3.72460767e+01	-2.55798739e+06	-9.95613316e+04	1.00000000e-09	1.00000000e-09	1.00000000e-10	1.00000000e-10	0.00000000e+00	5.14263638e-15
4.44000000e+01	3.73301536e+01	-2.51310916e+06	-9.78145926e+04	1.00000000e-09	1.00000000e-09	1.00000000e-10	1.00000000e-10	0.00000000e+00	4.72793693e-15
4.45000000e+01	3.74142305e+01	-2.46823107e+06	-9.60678590e+04	1.00000000e-09	6.24504730e-09	1.00000000e-10	6.24504730e-10	-5.06070131e-04	4.34667862e-15
4.46000000e+01	3.74983074e+01	-2.42335301e+06	-9.43211267e+04	2.03283507e+01	1.26850180e-09	2.03283507e+00	1.26850180e-10	1.96138766e+06	3.99616478e-15
4.47000000e+01	3.75823844e+01	-2.37847495e+06	-9.25743944e+04	1.39068772e+00	1.00000000e-09	1.39068772e-01	1.00000000e-10	1.34180967e+05	3.67391618e-15
4.48000000e+01	3.76664613e+01	-2.33359690e+06	-9.08276621e+04	1.00000000e-09	1.00000000e-09	1.00000000e-10	1.00000000e-10	0.00000000e+00	3.37765354e-15
4.49000000e+01	3.77505382e+01	-2.28871897e+06	-8.90809350e+04	1.00000000e-09	4.63875799e-09	1.00000000e-10	4.63875799e-10	-3.51086774e-04	3.10528136e-15
4.50000000e+01	3.78346151e+01	-2.24384109e+06	-8.73342095e+04	1.98123682e+01	4.37141280e-09	1.98123682e+00	4.37141280e-10	1.91160293e+06	2.85487313e-15
4.51000000e+01	3.79186920e+01	-2.19896320e+06	-8.55874839e+04	4.53168225e+00	1.00000000e-09	4.53168225e-01	1.00000000e-10	4.37240867e+05	2.62465769e-15
4.52000000e+01	3.80027690e+01	-2.15408532e+06	-8.38407583e+04	1.00000000e-09	1.00000000e-09	1.00000000e-10	1.00000000e-10	0.00000000e+00	2.41300669e-15
4.53000000e+01	3.80868459e+01	-2.10920756e+06	-8.20940379e+04	1.00000000e-09	1.40493666e-09	1.00000000e-10	1.40493666e-10	-3.90704480e-05	2.21842312e-15
4.54000000e+01	3.81709228e+01	-2.06432985e+06	-8.03473190e+04	1.89172422e+01	5.59087814e-09	1.89172422e+00	5.59087814e-10	1.82523639e+06	2.03953067e-15
4.55000000e+01	3.82549997e+01	-2.01945214e+06	-7.86006002e+04	7.56330601e+00	1.00000000e-09	7.56330601e-01	1.00000000e-10	7.29748092e+05	1.87506400e-15
4.56000000e+01	3.83390767e+01	-1.97457443e+06	-7.68538814e+04	1.00000000e-09	1.00000000e-09	1.00000000e-10	1.00000000e-10	0.00000000e+00	1.72385984e-15
4.57000000e+01	3.84231536e+01	-1.92969685e+06	-7.51071676e+04	1.00000000e-09	1.00000000e-09	1.00000000e-10	1.00000000e-10	0.00000000e+00	1.58484870e-15
4.58000000e+01	3.85072305e+01	-1.88481931e+06	-7.33604555e+04	1.76578536e+01	4.59871438e-09	1.76578536e+00	4.59871438e-10	1.70372387e+06	1.45704735e-15
4.59000000e+01	3.85913074e+01	-1.83994177e+06	-7.16137435e+04	1.04426196e+01	3.42531173e-09	1.04426196e+00	3.42531173e-10	1.00755962e+06	1.33955183e-15
4.60000000e+01	3.86753843e+01	-1.79506423e+06	-6.98670314e+04	1.00000000e-09	1.00000000e-09	1.00000000e-10	1.00000000e-10	0.00000000e+00	1.23153109e-15
4.61000000e+01	3.87594613e+01	-1.75018682e+06	-6.81203243e+04	1.00000000e-09	1.00000000e-09	1.00000000e-10	1.00000000e-10	0.00000000e+00	1.13222108e-15
4.62000000e+01	3.88435382e+01	-1.70530946e+06	-6.63736190e+04	1.60539687e+01	1.86603186e-09	1.60539687e+00	1.86603186e-10	1.54897250e+06	1.04091937e-15
4.63000000e+01	3.89276151e+01	-1.66043209e+06	-6.46269137e+04	1.31288761e+01	4.92373903e-09	1.31288761e+00	4.92373903e-10	1.26674397e+06	9.56980191e-16
4.64000000e+01	3.90116920e+01	-1.61555473e+06	-6.28802085e+04	1.00000000e-09	1.00000000e-09	1.00000000e-10	1.00000000e-10	0.00000000e+00	8.79809819e-16
4.65000000e+01	3.90957690e+01	-1.57067749e+06	-6.11335079e+04	1.00000000e-09	1.00000000e-09	1.00000000e-10	1.00000000e-10	0.00000000e+00	8.08862425e-16
4.66000000e+01	3.91798459e+01	-1.52580030e+06	-5.93868094e+04	1.41299675e+01	1.00000000e-09	1.41299675e+00	1.00000000e-10	1.36333461e+06	7.43636191e-16
4.67000000e+01	3.92639228e+01	-1.48092311e+06	-5.76401109e+04	1.55840593e+01	4.36062085e-09	1.55840593e+00	4.36062085e-10	1.50363314e+06	6.83669765e-16
4.68000000e+01	3.93479997e+01	-1.43604592e+06	-5.58934124e+04	1.00000000e-09	2.69956190e-09	1.00000000e-10	2.69956190e-10	-1.63982795e-04	6.28539001e-16
4.69000000e+01	3.94320766e+01	-1.39116885e+06	-5.41467185e+04	1.00000000e-09	1.00000000e-09	1.00000000e-10	1.00000000e-10	0.00000000e+00	5.77853951e-16
4.70000000e+01	3.95161536e+01	-1.34629183e+06	-5.24000268e+04	1.19145117e+01	1.00000000e-09	1.19145117e+00	1.00000000e-10	1.14957562e+06	5.31256117e-16
4.71000000e+01	3.96002305e+01	-1.30141482e+06	-5.06533350e+04	1.77733860e+01	2.02515062e-09	1.77733860e+00	2.02515062e-10	1.71487105e+06	4.88415907e-16
4.72000000e+01	3.96843074e+01	-1.25653780e+06	-4.89066433e+04	1.00000000e-09	4.34266741e-09	1.00000000e-10	4.34266741e-10	-3.22518375e-04	4.49030309e-16
4.73000000e+01	3.97683843e+01	-1.21166090e+06	-4.71599560e+04	1.00000000e-09	1.00000000e-09	1.00000000e-10	1.00000000e-10	0.00000000e+00	4.12820745e-16
4.74000000e+01	3.98524613e+01	-1.16678406e+06	-4.54132710e+04	9.44015566e+00	1.00000000e-09	9.44015566e-01	1.00000000e-10	9.10836554e+05	3.79531100e-16
4.75000000e+01	3.99365382e+01	-1.12190722e+06	-4.36665860e+04	1.96657640e+01	1.00000000e-09	1.96657640e+00	1.00000000e-10	1.89745777e+06	3.48925915e-16
4.76000000e+01	4.00206151e+01	-1.07703037e+06	-4.19199010e+04	1.00000000e-09	4.01978731e-09	1.00000000e-10	4.01978731e-10	-2.91365181e-04	3.20788716e-16
4.77000000e+01	4.01046920e+01	-1.03215364e+06	-4.01732203e+04	1.00000000e-09	2.24559699e-09	1.00000000e-10	2.24559699e-10	-1.20181839e-04	2.94920485e-16
4.78000000e+01	4.01887690e+01	-9.87276970e+05	-3.84265420e+04	6.74290704e+00	1.00000000e-09	6.74290704e-01	1.00000000e-10	6.50591625e+05	2.71138254e-16
4.79000000e+01	4.02728459e+01	-9.42400299e+05	-3.66798637e+04	2.12342016e+01	1.00000000e-09	2.12342016e+00	1.00000000e-10	2.04878899e+06	2.49273810e-16
4.80000000e+01	4.03569228e+01	-8.97523628e+05	-3.49331853e+04	1.00000000e-09	1.93735234e-09	1.00000000e-10	1.93735234e-10	-9.04407519e-05	2.29172503e-16
4.81000000e+01	4.04409997e+01	-8.52647066e+05	-3.31865112e+04	1.00000000e-09	3.89793407e-09	1.00000000e-10	3.89793407e-10	-2.79608131e-04	2.10692155e-16
4.82000000e+01	4.05250766e+01	-8.07770565e+05	-3.14398396e+04	3.86174144e+00	1.00000000e-09	3.86174144e-01	1.00000000e-10	3.72601405e+05	1.93702052e-16
4.83000000e+01	4.06091536e+01	-7.62894065e+05	-2.96931679e+04	2.24561621e+01	1.00000000e-09	2.24561621e+00	1.00000000e-10	2.16669026e+06	1.78082022e-16
4.84000000e+01	4.06932305e+01	-7.18017565e+05	-2.79464962e+04	1.00000000e-09	1.00000000e-09	1.00000000e-10	1.00000000e-10	0.00000000e+00	1.63721583e-16
4.85000000e+01	4.07773074e+01	-6.73141169e+05	-2.61998286e+04	1.00000000e-09	3.64208937e-09	1.00000000e-10	3.64208937e-10	-2.54922870e-04	1.50519162e-16
4.86000000e+01	4.08613843e+01	-6.28264838e+05	-2.44531635e+04	8.38078324e-01	2.06489468e-09	8.38078324e-02	2.06489468e-10	8.08622652e+04	1.38381377e-16
4.87000000e+01	4.09454613e+01	-5.83388507e+05	-2.27064984e+04	2.33138592e+01	1.00000000e-09	2.33138592e+00	1.00000000e-10	2.24944545e+06	1.27222377e-16
4.88000000e+01	4.10295382e+01	-5.38512176e+05	-2.09598333e+04	4.96685816e-01	1.00000000e-09	4.96685816e-02	1.00000000e-10	4.79228958e+04	1.16963232e-16
4.89000000e+01	4.11136151e+01	-4.93635947e+05	-1.92131722e+04	1.00000000e-09	1.65661811e-09	1.00000000e-10	1.65661811e-10	-6.33540166e-05	1.07531379e-16
4.90000000e+01	4.11976920e+01	-4.48759784e+05	-1.74665137e+04	1.00000000e-09	3.61712245e-09	1.00000000e-10	3.61712245e-10	-2.52513929e-04	9.88601065e-17
4.91000000e+01	4.12817689e+01	-4.03883621e+05	-1.57198551e+04	2.37944887e+01	1.00000000e-09	2.37944887e+00	1.00000000e-10	2.29581915e+06	9.08880802e-17
4.92000000e+01	4.13658459e+01	-3.59007458e+05	-1.39731965e+04	3.64706131e+00	1.00000000e-09	3.64706131e-01	1.00000000e-10	3.51887921e+05	8.35589140e-17
4.93000000e+01	4.14499228e+01	-3.14131393e+05	-1.22265418e+04	1.00000000e-09	1.00000000e-09	1.00000000e-10	1.00000000e-10	0.00000000e+00	7.68207678e-17
4.94000000e+01	4.15339997e+01	-2.69255396e+05	-1.04798897e+04	1.00000000e-09	3.26435485e-09	1.00000000e-10	3.26435485e-10	-2.18477030e-04	7.06259821e-17
4.95000000e+01	4.16180766e+01	-2.24379399e+05	-8.73323762e+03	2.38903945e+01	2.13349192e-09	2.38903945e+00	2.13349192e-10	2.30507265e+06	6.49307406e-17
4.96000000e+01	4.17021536e+01	-1.79503402e+05	-6.98658553e+03	6.82998665e+00	1.00000000e-09	6.82998665e-01	1.00000000e-10	6.58993530e+05	5.96947603e-17
4.97000000e+01	4.17862305e+01	-1.34627499e+05	-5.23993712e+03	1.00000000e-09	1.00000000e-09	1.00000000e-10	1.00000000e-10	0.00000000e+00	5.48810067e-17
4.98000000e+01	4.18703074e+01	-8.97516659e+04	-3.49329141e+03	1.00000000e-09	1.22555504e-09	1.00000000e-10	1.22555504e-10	-2.17627533e-05	5.04554316e-17
4.99000000e+01	4.19543843e+01	-4.48758330e+04	-1.74664571e+03	2.35991658e+01	3.48676608e-09	2.35991658e+00	3.48676608e-10	2.27697335e+06	4.63867326e-17
5.00000000e+01	4.20384612e+01	0.00000000e+00	0.00000000e+00	1.00000000e+01	1.00000000e+01	1.00000000e+00	1.00000000e+00	0.00000000e+00	4.26461312e-17
