# 1D PNP Solver Results
# Debye length: 1.18939 nm
# Surface potential: 100 mV
# Bulk concentration: 10 mol/m^3
# Thermal voltage: 25.6926 mV
# Grid: non-uniform with stretching factor 1
#
# Columns:
# 1: x [nm]
# 2: x/lambda_D [-]
# 3: phi [mV]
# 4: phi_normalized = e*phi/(kB*T) [-]
# 5: c+ [mol/m^3]
# 6: c- [mol/m^3]
# 7: c+/c0 [-]
# 8: c-/c0 [-]
# 9: rho [C/m^3]
# 10: phi_GC [mV] (Gouy-Chapman analytical)
0.00000000e+00	0.00000000e+00	1.00000000e+02	3.89217445e+00	2.13161881e+05	1.00000000e-09	2.13161881e+04	1.00000000e-10	2.05669949e+10	1.00000000e+02
1.00000000e-01	8.40769225e-02	2.89112436e+05	1.12527604e+04	1.00000000e-09	1.00000000e-09	1.00000000e-10	1.00000000e-10	0.00000000e+00	8.70576373e+01
2.00000000e-01	1.68153845e-01	5.78124430e+05	2.25016114e+04	1.00000000e-09	1.00000000e-09	1.00000000e-10	1.00000000e-10	0.00000000e+00	7.68715638e+01
3.00000000e-01	2.52230767e-01	8.67136424e+05	3.37504623e+04	2.97033583e+02	1.00000000e-09	2.97033583e+01	1.00000000e-10	2.86593839e+07	6.85207345e+01
4.00000000e-01	3.36307690e-01	1.15614842e+06	4.49993133e+04	2.13184770e+05	1.00000000e-09	2.13184770e+04	1.00000000e-10	2.05692033e+10	6.14862309e+01
5.00000000e-01	4.20384612e-01	1.44098513e+06	5.60856552e+04	1.00000000e-09	1.00000000e-09	1.00000000e-10	1.00000000e-10	0.00000000e+00	5.54461690e+01
6.00000000e-01	5.04461535e-01	1.72578256e+06	6.71704677e+04	1.00000000e-09	1.00000000e-09	1.00000000e-10	1.00000000e-10	0.00000000e+00	5.01866549e+01
7.00000000e-01	5.88538457e-01	2.01057998e+06	7.82552803e+04	6.01703077e+02	1.00000000e-09	6.01703077e+01	1.00000000e-10	5.80555212e+07	4.55579535e+01
8.00000000e-01	6.72615380e-01	2.29537740e+06	8.93400928e+04	2.13281432e+05	1.00000000e-09	2.13281432e+04	1.00000000e-10	2.05785298e+10	4.14508515e+01
9.00000000e-01	7.56692302e-01	2.57599779e+06	1.00262328e+05	1.00000000e-09	1.00000000e-09	1.00000000e-10	1.00000000e-10	0.00000000e+00	3.77829914e+01
1.00000000e+00	8.40769225e-01	2.85653881e+06	1.11181474e+05	1.00000000e-09	1.00000000e-09	1.00000000e-10	1.00000000e-10	0.00000000e+00	3.44905241e+01
1.10000000e+00	9.24846147e-01	3.13707983e+06	1.22100620e+05	9.14511008e+02	1.00000000e-09	9.14511008e+01	1.00000000e-10	8.82368983e+07	3.15227780e+01
1.20000000e+00	1.00892307e+00	3.41762085e+06	1.33019765e+05	2.13456478e+05	1.00000000e-09	2.13456478e+04	1.00000000e-10	2.05954192e+10	2.88387272e+01
1.30000000e+00	1.09299999e+00	3.69398147e+06	1.43776203e+05	1.00000000e-09	1.00000000e-09	1.00000000e-10	1.00000000e-10	0.00000000e+00	2.64045776e+01
1.40000000e+00	1.17707691e+00	3.97022130e+06	1.54527939e+05	1.00000000e-09	1.00000000e-09	1.00000000e-10	1.00000000e-10	0.00000000e+00	2.41920729e+01
1.50000000e+00	1.26115384e+00	4.24646113e+06	1.65279675e+05	1.23601197e+03	1.00000000e-09	1.23601197e+02	1.00000000e-10	1.19257025e+08	2.21772778e+01
1.60000000e+00	1.34523076e+00	4.52270096e+06	1.76031411e+05	2.13715017e+05	1.00000000e-09	2.13715017e+04	1.00000000e-10	2.06203644e+10	2.03396868e+01
1.70000000e+00	1.42930768e+00	4.79475532e+06	1.86620241e+05	1.00000000e-09	1.00000000e-09	1.00000000e-10	1.00000000e-10	0.00000000e+00	1.86615585e+01
1.80000000e+00	1.51338460e+00	5.06664600e+06	1.97202701e+05	1.00000000e-09	1.00000000e-09	1.00000000e-10	1.00000000e-10	0.00000000e+00	1.71274116e+01
1.90000000e+00	1.59746153e+00	5.33853668e+06	2.07785161e+05	1.56681883e+03	1.00000000e-09	1.56681883e+02	1.00000000e-10	1.51175036e+08	1.57236358e+01
2.00000000e+00	1.68153845e+00	5.61042736e+06	2.18367620e+05	2.14062720e+05	1.00000000e-09	2.14062720e+04	1.00000000e-10	2.06539126e+10	1.44381886e+01
2.10000000e+00	1.76561537e+00	5.87812565e+06	2.28786905e+05	1.00000000e-09	1.00000000e-09	1.00000000e-10	1.00000000e-10	0.00000000e+00	1.32603556e+01
2.20000000e+00	1.84969229e+00	6.14561578e+06	2.39198087e+05	1.00000000e-09	1.00000000e-09	1.00000000e-10	1.00000000e-10	0.00000000e+00	1.21805577e+01
2.30000000e+00	1.93376922e+00	6.41310592e+06	2.49609270e+05	1.90760992e+03	1.00000000e-09	1.90760992e+02	1.00000000e-10	1.84056377e+08	1.11901960e+01
2.40000000e+00	2.01784614e+00	6.68059605e+06	2.60020453e+05	2.14505903e+05	1.00000000e-09	2.14505903e+04	1.00000000e-10	2.06966733e+10	1.02815237e+01
2.50000000e+00	2.10192306e+00	6.94388491e+06	2.70268114e+05	1.00000000e-09	1.00000000e-09	1.00000000e-10	1.00000000e-10	0.00000000e+00	9.44754093e+00
2.60000000e+00	2.18599998e+00	7.20691938e+06	2.80505875e+05	1.00000000e-09	1.00000000e-09	1.00000000e-10	1.00000000e-10	0.00000000e+00	8.68190590e+00
2.70000000e+00	2.27007691e+00	7.46995386e+06	2.90743636e+05	2.25913730e+03	1.00000000e-09	2.25913730e+02	1.00000000e-10	2.17973612e+08	7.97886054e+00
2.80000000e+00	2.35415383e+00	7.73298834e+06	3.00981396e+05	2.15051621e+05	1.00000000e-09	2.15051621e+04	1.00000000e-10	2.07493270e+10	7.33316685e+00
2.90000000e+00	2.43823075e+00	7.99181052e+06	3.11055207e+05	1.00000000e-09	1.00000000e-09	1.00000000e-10	1.00000000e-10	0.00000000e+00	6.74005227e+00
3.00000000e+00	2.52230767e+00	8.25033020e+06	3.21117244e+05	1.00000000e-09	1.00000000e-09	1.00000000e-10	1.00000000e-10	0.00000000e+00	6.19516235e+00
3.10000000e+00	2.60638460e+00	8.50884987e+06	3.31179281e+05	2.62223644e+03	1.00000000e-09	2.62223644e+02	1.00000000e-10	2.53007353e+08	5.69451955e+00
3.20000000e+00	2.69046152e+00	8.76736955e+06	3.41241317e+05	2.15707770e+05	1.00000000e-09	2.15707770e+04	1.00000000e-10	2.08126358e+10	5.23448697e+00
3.30000000e+00	2.77453844e+00	9.02166364e+06	3.51138887e+05	1.00000000e-09	1.00000000e-09	1.00000000e-10	1.00000000e-10	0.00000000e+00	4.81173646e+00
3.40000000e+00	2.85861536e+00	9.27560499e+06	3.61022727e+05	1.00000000e-09	1.00000000e-09	1.00000000e-10	1.00000000e-10	0.00000000e+00	4.42322017e+00
3.50000000e+00	2.94269229e+00	9.52954634e+06	3.70906568e+05	2.99783750e+03	1.00000000e-09	2.99783750e+02	1.00000000e-10	2.89247347e+08	4.06614534e+00
3.60000000e+00	3.02676921e+00	9.78348768e+06	3.80790408e+05	2.16483225e+05	1.00000000e-09	2.16483225e+04	1.00000000e-10	2.08874558e+10	3.73795159e+00
3.70000000e+00	3.11084613e+00	1.00331877e+07	3.90509167e+05	1.00000000e-09	1.00000000e-09	1.00000000e-10	1.00000000e-10	0.00000000e+00	3.43629058e+00
3.80000000e+00	3.19492305e+00	1.02824824e+07	4.00212153e+05	1.00000000e-09	1.00000000e-09	1.00000000e-10	1.00000000e-10	0.00000000e+00	3.15900770e+00
3.90000000e+00	3.27899998e+00	1.05317771e+07	4.09915139e+05	3.38697862e+03	1.00000000e-09	3.38697862e+02	1.00000000e-10	3.26793757e+08	2.90412542e+00
4.00000000e+00	3.36307690e+00	1.07810719e+07	4.19618125e+05	2.17387990e+05	1.00000000e-09	2.17387990e+04	1.00000000e-10	2.09747524e+10	2.66982829e+00
4.10000000e+00	3.44715382e+00	1.10261068e+07	4.29155312e+05	1.00000000e-09	1.00000000e-09	1.00000000e-10	1.00000000e-10	0.00000000e+00	2.45444929e+00
4.20000000e+00	3.53123074e+00	1.12706814e+07	4.38674582e+05	1.00000000e-09	1.00000000e-09	1.00000000e-10	1.00000000e-10	0.00000000e+00	2.25645740e+00
4.30000000e+00	3.61530767e+00	1.15152560e+07	4.48193853e+05	3.79082151e+03	1.00000000e-09	3.79082151e+02	1.00000000e-10	3.65758672e+08	2.07444628e+00
4.40000000e+00	3.69938459e+00	1.17598306e+07	4.57713123e+05	2.18433387e+05	1.00000000e-09	2.18433387e+04	1.00000000e-10	2.10756179e+10	1.90712395e+00
4.50000000e+00	3.78346151e+00	1.20001241e+07	4.67065763e+05	1.00000000e-09	1.00000000e-09	1.00000000e-10	1.00000000e-10	0.00000000e+00	1.75330334e+00
4.60000000e+00	3.86753843e+00	1.22398994e+07	4.76398236e+05	1.00000000e-09	1.00000000e-09	1.00000000e-10	1.00000000e-10	0.00000000e+00	1.61189369e+00
4.70000000e+00	3.95161536e+00	1.24796746e+07	4.85730708e+05	4.21067007e+03	1.00000000e-09	4.21067007e+02	1.00000000e-10	4.06267900e+08	1.48189263e+00
4.80000000e+00	4.03569228e+00	1.27194499e+07	4.95063181e+05	2.19632276e+05	1.00000000e-09	2.19632276e+04	1.00000000e-10	2.11912931e+10	1.36237899e+00
4.90000000e+00	4.11976920e+00	1.29549195e+07	5.04228067e+05	1.00000000e-09	1.00000000e-09	1.00000000e-10	1.00000000e-10	0.00000000e+00	1.25250612e+00
5.00000000e+00	4.20384612e+00	1.31898100e+07	5.13370415e+05	1.00000000e-09	1.00000000e-09	1.00000000e-10	1.00000000e-10	0.00000000e+00	1.15149587e+00
5.10000000e+00	4.28792305e+00	1.34247005e+07	5.22512762e+05	4.64799259e+03	1.00000000e-09	4.64799259e+02	1.00000000e-10	4.48463109e+08	1.05863300e+00
5.20000000e+00	4.37199997e+00	1.36595910e+07	5.31655110e+05	2.20999332e+05	1.00000000e-09	2.20999332e+04	1.00000000e-10	2.13231939e+10	9.73260072e-01
5.30000000e+00	4.45607689e+00	1.38901477e+07	5.40628781e+05	1.00000000e-09	1.00000000e-09	1.00000000e-10	1.00000000e-10	0.00000000e+00	8.94772759e-01
5.40000000e+00	4.54015381e+00	1.41200611e+07	5.49577409e+05	1.00000000e-09	1.00000000e-09	1.00000000e-10	1.00000000e-10	0.00000000e+00	8.22615544e-01
5.50000000e+00	4.62423074e+00	1.43499744e+07	5.58526038e+05	5.10444836e+03	1.00000000e-09	5.10444836e+02	1.00000000e-10	4.92504395e+08	7.56277766e-01
5.60000000e+00	4.70830766e+00	1.45798878e+07	5.67474666e+05	2.22551376e+05	1.00000000e-09	2.22551376e+04	1.00000000e-10	2.14729434e+10	6.95289988e-01
5.70000000e+00	4.79238458e+00	1.48054355e+07	5.76253377e+05	1.00000000e-09	1.00000000e-09	1.00000000e-10	1.00000000e-10	0.00000000e+00	6.39220665e-01
5.80000000e+00	4.87646150e+00	1.50302717e+07	5.85004395e+05	1.00000000e-09	1.00000000e-09	1.00000000e-10	1.00000000e-10	0.00000000e+00	5.87673079e-01
5.90000000e+00	4.96053843e+00	1.52551079e+07	5.93755413e+05	5.58191993e+03	1.00000000e-09	5.58191993e+02	1.00000000e-10	5.38573398e+08	5.40282524e-01
6.00000000e+00	5.04461535e+00	1.54799441e+07	6.02506431e+05	2.24307787e+05	1.00000000e-09	2.24307787e+04	1.00000000e-10	2.16424113e+10	4.96713722e-01
6.10000000e+00	5.12869227e+00	1.57003786e+07	6.11086125e+05	1.00000000e-09	1.00000000e-09	1.00000000e-10	1.00000000e-10	0.00000000e+00	4.56658442e-01
6.20000000e+00	5.21276919e+00	1.59200293e+07	6.19635313e+05	1.00000000e-09	1.00000000e-09	1.00000000e-10	1.00000000e-10	0.00000000e+00	4.19833321e-01
6.30000000e+00	5.29684612e+00	1.61396800e+07	6.28184500e+05	6.08255233e+03	1.00000000e-09	6.08255233e+02	1.00000000e-10	5.86877082e+08	3.85977854e-01
6.40000000e+00	5.38092304e+00	1.63593307e+07	6.36733688e+05	2.26291015e+05	1.00000000e-09	2.26291015e+04	1.00000000e-10	2.18337638e+10	3.54852548e-01
6.50000000e+00	5.46499996e+00	1.65745388e+07	6.45109963e+05	1.00000000e-09	1.00000000e-09	1.00000000e-10	1.00000000e-10	0.00000000e+00	3.26237227e-01
6.60000000e+00	5.54907688e+00	1.67888861e+07	6.53452735e+05	1.00000000e-09	1.00000000e-09	1.00000000e-10	1.00000000e-10	0.00000000e+00	2.99929475e-01
6.70000000e+00	5.63315381e+00	1.70032334e+07	6.61795507e+05	6.60880121e+03	1.00000000e-09	6.60880121e+02	1.00000000e-10	6.37652380e+08	2.75743201e-01
6.80000000e+00	5.71723073e+00	1.72175807e+07	6.70138278e+05	2.28527220e+05	1.00000000e-09	2.28527220e+04	1.00000000e-10	2.20495247e+10	2.53507323e-01
6.90000000e+00	5.80130765e+00	1.74274394e+07	6.78306345e+05	1.00000000e-09	1.00000000e-09	1.00000000e-10	1.00000000e-10	0.00000000e+00	2.33064554e-01
7.00000000e+00	5.88538457e+00	1.76363551e+07	6.86437706e+05	1.00000000e-09	1.00000000e-09	1.00000000e-10	1.00000000e-10	0.00000000e+00	2.14270296e-01
7.10000000e+00	5.96946150e+00	1.78452707e+07	6.94569067e+05	7.16349234e+03	1.00000000e-09	7.16349234e+02	1.00000000e-10	6.91171937e+08	1.96991610e-01
7.20000000e+00	6.05353842e+00	1.80541863e+07	7.02700428e+05	2.31047087e+05	1.00000000e-09	2.31047087e+04	1.00000000e-10	2.22926549e+10	1.81106277e-01
7.30000000e+00	6.13761534e+00	1.82585614e+07	7.10655063e+05	1.00000000e-09	1.00000000e-09	1.00000000e-10	1.00000000e-10	0.00000000e+00	1.66501937e-01
7.40000000e+00	6.22169226e+00	1.84619053e+07	7.18569559e+05	1.00000000e-09	1.00000000e-09	1.00000000e-10	1.00000000e-10	0.00000000e+00	1.53075289e-01
7.50000000e+00	6.30576919e+00	1.86652491e+07	7.26484056e+05	7.74989576e+03	1.00000000e-09	7.74989576e+02	1.00000000e-10	7.47751266e+08	1.40731363e-01
7.60000000e+00	6.38984611e+00	1.88685929e+07	7.34398553e+05	2.33886864e+05	1.00000000e-09	2.33886864e+04	1.00000000e-10	2.25666517e+10	1.29382849e-01
7.70000000e+00	6.47392303e+00	1.90673377e+07	7.42134045e+05	1.00000000e-09	1.00000000e-09	1.00000000e-10	1.00000000e-10	0.00000000e+00	1.18949475e-01
7.80000000e+00	6.55799995e+00	1.92649563e+07	7.49825706e+05	1.00000000e-09	1.00000000e-09	1.00000000e-10	1.00000000e-10	0.00000000e+00	1.09357445e-01
7.90000000e+00	6.64207688e+00	1.94625749e+07	7.57517367e+05	8.37181912e+03	1.00000000e-09	8.37181912e+02	1.00000000e-10	8.07757748e+08	1.00538914e-01
8.00000000e+00	6.72615380e+00	1.96601935e+07	7.65209027e+05	2.37089712e+05	1.00000000e-09	2.37089712e+04	1.00000000e-10	2.28756796e+10	9.24315047e-02
8.10000000e+00	6.81023072e+00	1.98531470e+07	7.72719113e+05	1.00000000e-09	1.00000000e-09	1.00000000e-10	1.00000000e-10	0.00000000e+00	8.49778740e-02
8.20000000e+00	6.89430764e+00	2.00448718e+07	7.80181379e+05	1.00000000e-09	1.00000000e-09	1.00000000e-10	1.00000000e-10	0.00000000e+00	7.81253008e-02
8.30000000e+00	6.97838457e+00	2.02365967e+07	7.87643644e+05	9.03372602e+03	1.00000000e-09	9.03372602e+02	1.00000000e-10	8.71622055e+08	7.18253161e-02
8.40000000e+00	7.06246149e+00	2.04283215e+07	7.95105910e+05	2.40707472e+05	1.00000000e-09	2.40707472e+04	1.00000000e-10	2.32247404e+10	6.60333593e-02
8.50000000e+00	7.14653841e+00	2.06153066e+07	8.02383697e+05	1.00000000e-09	1.00000000e-09	1.00000000e-10	1.00000000e-10	0.00000000e+00	6.07084632e-02
8.60000000e+00	7.23061533e+00	2.08009519e+07	8.09609337e+05	1.00000000e-09	1.00000000e-09	1.00000000e-10	1.00000000e-10	0.00000000e+00	5.58129641e-02
8.70000000e+00	7.31469226e+00	2.09865973e+07	8.16834976e+05	9.74088787e+03	1.00000000e-09	9.74088787e+02	1.00000000e-10	9.39852801e+08	5.13122357e-02
8.80000000e+00	7.39876918e+00	2.11722426e+07	8.24060616e+05	2.44803010e+05	1.00000000e-09	2.44803010e+04	1.00000000e-10	2.36198997e+10	4.71744438e-02
8.90000000e+00	7.48284610e+00	2.13530637e+07	8.31098490e+05	1.00000000e-09	1.00000000e-09	1.00000000e-10	1.00000000e-10	0.00000000e+00	4.33703214e-02
9.00000000e+00	7.56692302e+00	2.15324239e+07	8.38079503e+05	1.00000000e-09	1.00000000e-09	1.00000000e-10	1.00000000e-10	0.00000000e+00	3.98729614e-02
9.10000000e+00	7.65099995e+00	2.17117842e+07	8.45060516e+05	1.04995805e+04	1.00000000e-09	1.04995805e+03	1.00000000e-10	1.01305551e+09	3.66576268e-02
9.20000000e+00	7.73507687e+00	2.18911444e+07	8.52041529e+05	2.49453398e+05	1.00000000e-09	2.49453398e+04	1.00000000e-10	2.40685939e+10	3.37015752e-02
9.30000000e+00	7.81915379e+00	2.20655846e+07	8.58831044e+05	1.00000000e-09	1.00000000e-09	1.00000000e-10	1.00000000e-10	0.00000000e+00	3.09838980e-02
9.40000000e+00	7.90323071e+00	2.22384312e+07	8.65558537e+05	1.00000000e-09	1.00000000e-09	1.00000000e-10	1.00000000e-10	0.00000000e+00	2.84853728e-02
9.50000000e+00	7.98730764e+00	2.24112778e+07	8.72286029e+05	1.13173413e+04	1.00000000e-09	1.13173413e+03	1.00000000e-10	1.09195743e+09	2.61883275e-02
9.60000000e+00	8.07138456e+00	2.25841244e+07	8.79013521e+05	2.54754273e+05	1.00000000e-09	2.54754273e+04	1.00000000e-10	2.45800506e+10	2.40765146e-02
9.70000000e+00	8.15546148e+00	2.27519417e+07	8.85545262e+05	1.00000000e-09	1.00000000e-09	1.00000000e-10	1.00000000e-10	0.00000000e+00	2.21349973e-02
9.80000000e+00	8.23953840e+00	2.29180195e+07	8.92009298e+05	1.00000000e-09	1.00000000e-09	1.00000000e-10	1.00000000e-10	0.00000000e+00	2.03500429e-02
9.90000000e+00	8.32361533e+00	2.30840972e+07	8.98473334e+05	1.22033100e+04	1.00000000e-09	1.22033100e+03	1.00000000e-10	1.17744041e+09	1.87090262e-02
1.00000000e+01	8.40769225e+00	2.32501750e+07	9.04937370e+05	2.60825956e+05	1.00000000e-09	2.60825956e+04	1.00000000e-10	2.51658790e+10	1.72003403e-02
1.01000000e+01	8.49176917e+00	2.34110982e+07	9.11200784e+05	1.00000000e-09	1.00000000e-09	1.00000000e-10	1.00000000e-10	0.00000000e+00	1.58133140e-02
1.02000000e+01	8.57584609e+00	2.35701203e+07	9.17390199e+05	1.00000000e-09	1.00000000e-09	1.00000000e-10	1.00000000e-10	0.00000000e+00	1.45381368e-02
1.03000000e+01	8.65992302e+00	2.37291423e+07	9.23579615e+05	1.31686825e+04	1.00000000e-09	1.31686825e+03	1.00000000e-10	1.27058470e+09	1.33657892e-02
1.04000000e+01	8.74399994e+00	2.38881644e+07	9.29769031e+05	2.67822218e+05	1.00000000e-09	2.67822218e+04	1.00000000e-10	2.58409157e+10	1.22879791e-02
1.05000000e+01	8.82807686e+00	2.40418878e+07	9.35752213e+05	1.00000000e-09	1.00000000e-09	1.00000000e-10	1.00000000e-10	0.00000000e+00	1.12970830e-02
1.06000000e+01	8.91215378e+00	2.41935297e+07	9.41654382e+05	1.00000000e-09	1.00000000e-09	1.00000000e-10	1.00000000e-10	0.00000000e+00	1.03860923e-02
1.07000000e+01	8.99623071e+00	2.43451716e+07	9.47556551e+05	1.42273233e+04	1.00000000e-09	1.42273233e+03	1.00000000e-10	1.37272801e+09	9.54856333e-03
1.08000000e+01	9.08030763e+00	2.44968136e+07	9.53458719e+05	2.75943172e+05	1.00000000e-09	2.75943172e+04	1.00000000e-10	2.66244686e+10	8.77857228e-03
1.09000000e+01	9.16438455e+00	2.46429896e+07	9.59148146e+05	1.00000000e-09	1.00000000e-09	1.00000000e-10	1.00000000e-10	0.00000000e+00	8.07067289e-03
1.10000000e+01	9.24846147e+00	2.47868817e+07	9.64748676e+05	1.00000000e-09	1.00000000e-09	1.00000000e-10	1.00000000e-10	0.00000000e+00	7.41985814e-03
1.11000000e+01	9.33253840e+00	2.49307738e+07	9.70349207e+05	1.53965911e+04	1.00000000e-09	1.53965911e+03	1.00000000e-10	1.48554521e+09	6.82152474e-03
1.12000000e+01	9.41661532e+00	2.50746658e+07	9.75949737e+05	2.85454787e+05	1.00000000e-09	2.85454787e+04	1.00000000e-10	2.75421999e+10	6.27144062e-03
1.13000000e+01	9.50069224e+00	2.52128963e+07	9.81329908e+05	1.00000000e-09	1.00000000e-09	1.00000000e-10	1.00000000e-10	0.00000000e+00	5.76571500e-03
1.14000000e+01	9.58476916e+00	2.53486133e+07	9.86612251e+05	1.00000000e-09	1.00000000e-09	1.00000000e-10	1.00000000e-10	0.00000000e+00	5.30077082e-03
1.15000000e+01	9.66884609e+00	2.54843304e+07	9.91894595e+05	1.66984474e+04	1.00000000e-09	1.66984474e+03	1.00000000e-10	1.61115524e+09	4.87331949e-03
1.16000000e+01	9.75292301e+00	2.56200474e+07	9.97176938e+05	2.96719461e+05	1.00000000e-09	2.96719461e+04	1.00000000e-10	2.86290757e+10	4.48033760e-03
1.17000000e+01	9.83699993e+00	2.57498712e+07	1.00222991e+06	1.00000000e-09	1.00000000e-09	1.00000000e-10	1.00000000e-10	0.00000000e+00	4.11904557e-03
1.18000000e+01	9.92107685e+00	2.58769190e+07	1.00717483e+06	1.00000000e-09	1.00000000e-09	1.00000000e-10	1.00000000e-10	0.00000000e+00	3.78688794e-03
1.19000000e+01	1.00051538e+01	2.60039669e+07	1.01211976e+06	1.81608967e+04	1.00000000e-09	1.81608967e+03	1.00000000e-10	1.75226015e+09	3.48151531e-03
1.20000000e+01	1.00892307e+01	2.61310147e+07	1.01706468e+06	3.10245926e+05	1.00000000e-09	3.10245926e+04	1.00000000e-10	2.99341812e+10	3.20076778e-03
1.21000000e+01	1.01733076e+01	2.62518917e+07	1.02176942e+06	1.00000000e-09	1.00000000e-09	1.00000000e-10	1.00000000e-10	0.00000000e+00	2.94265957e-03
1.22000000e+01	1.02573845e+01	2.63696887e+07	1.02635429e+06	1.00000000e-09	1.00000000e-09	1.00000000e-10	1.00000000e-10	0.00000000e+00	2.70536508e-03
1.23000000e+01	1.03414615e+01	2.64874858e+07	1.03093915e+06	1.98196777e+04	1.00000000e-09	1.98196777e+03	1.00000000e-10	1.91230818e+09	2.48720588e-03
1.24000000e+01	1.04255384e+01	2.66052828e+07	1.03552402e+06	3.26774764e+05	1.00000000e-09	3.26774764e+04	1.00000000e-10	3.15289717e+10	2.28663893e-03
1.25000000e+01	1.05096153e+01	2.67165704e+07	1.03985553e+06	1.00000000e-09	1.00000000e-09	1.00000000e-10	1.00000000e-10	0.00000000e+00	2.10224558e-03
1.26000000e+01	1.05936922e+01	2.68244214e+07	1.04405328e+06	1.00000000e-09	1.00000000e-09	1.00000000e-10	1.00000000e-10	0.00000000e+00	1.93272162e-03
1.27000000e+01	1.06777692e+01	2.69322725e+07	1.04825103e+06	2.17195525e+04	1.00000000e-09	2.17195525e+03	1.00000000e-10	2.09561823e+09	1.77686798e-03
1.28000000e+01	1.07618461e+01	2.70401235e+07	1.05244878e+06	3.47434114e+05	1.00000000e-09	3.47434114e+04	1.00000000e-10	3.35222958e+10	1.63358230e-03
1.29000000e+01	1.08459230e+01	2.71410435e+07	1.05637676e+06	1.00000000e-09	1.00000000e-09	1.00000000e-10	1.00000000e-10	0.00000000e+00	1.50185109e-03
1.30000000e+01	1.09299999e+01	2.72381014e+07	1.06015442e+06	1.00000000e-09	1.00000000e-09	1.00000000e-10	1.00000000e-10	0.00000000e+00	1.38074262e-03
1.31000000e+01	1.10140768e+01	2.73351592e+07	1.06393208e+06	2.39122769e+04	1.00000000e-09	2.39122769e+03	1.00000000e-10	2.30718398e+09	1.26940027e-03
1.32000000e+01	1.10981538e+01	2.74322171e+07	1.06770974e+06	3.74045608e+05	1.00000000e-09	3.74045608e+04	1.00000000e-10	3.60899147e+10	1.16703651e-03
1.33000000e+01	1.11822307e+01	2.75218046e+07	1.07119665e+06	1.00000000e-09	1.00000000e-09	1.00000000e-10	1.00000000e-10	0.00000000e+00	1.07292731e-03
1.34000000e+01	1.12663076e+01	2.76070114e+07	1.07451304e+06	1.00000000e-09	1.00000000e-09	1.00000000e-10	1.00000000e-10	0.00000000e+00	9.86407027e-04
1.35000000e+01	1.13503845e+01	2.76922182e+07	1.07782944e+06	2.64388834e+04	1.00000000e-09	2.64388834e+03	1.00000000e-10	2.55096445e+09	9.06863691e-04
1.36000000e+01	1.14344615e+01	2.77774250e+07	1.08114584e+06	4.09788680e+05	1.00000000e-09	4.09788680e+04	1.00000000e-10	3.95385969e+10	8.33734687e-04
1.37000000e+01	1.15185384e+01	2.78544460e+07	1.08414363e+06	1.00000000e-09	1.00000000e-09	1.00000000e-10	1.00000000e-10	0.00000000e+00	7.66502767e-04
1.38000000e+01	1.16026153e+01	2.79264376e+07	1.08694567e+06	1.00000000e-09	1.00000000e-09	1.00000000e-10	1.00000000e-10	0.00000000e+00	7.04692393e-04
1.39000000e+01	1.16866922e+01	2.79984292e+07	1.08974771e+06	2.92389290e+04	1.00000000e-09	2.92389290e+03	1.00000000e-10	2.82112778e+09	6.47866374e-04
1.40000000e+01	1.17707691e+01	2.80704208e+07	1.09254975e+06	4.60855023e+05	1.00000000e-09	4.60855023e+04	1.00000000e-10	4.44657500e+10	5.95622776e-04
1.41000000e+01	1.18548461e+01	2.81332292e+07	1.09499436e+06	1.00000000e-09	1.00000000e-09	1.00000000e-10	1.00000000e-10	0.00000000e+00	5.47592073e-04
1.42000000e+01	1.19389230e+01	2.81901674e+07	1.09721049e+06	1.00000000e-09	1.00000000e-09	1.00000000e-10	1.00000000e-10	0.00000000e+00	5.03434541e-04
1.43000000e+01	1.20229999e+01	2.82471055e+07	1.09942662e+06	3.16593302e+04	1.00000000e-09	3.16593302e+03	1.00000000e-10	3.05466099e+09	4.62837848e-04
1.44000000e+01	1.21070768e+01	2.83040437e+07	1.10164276e+06	5.41494536e+05	1.00000000e-09	5.41494536e+04	1.00000000e-10	5.22462802e+10	4.25514851e-04
1.45000000e+01	1.21911538e+01	2.83503050e+07	1.10344333e+06	1.00000000e-09	1.00000000e-09	1.00000000e-10	1.00000000e-10	0.00000000e+00	3.91201561e-04
1.46000000e+01	1.22752307e+01	2.83895501e+07	1.10497082e+06	1.00000000e-09	1.00000000e-09	1.00000000e-10	1.00000000e-10	0.00000000e+00	3.59655276e-04
1.47000000e+01	1.23593076e+01	2.84287953e+07	1.10649831e+06	2.87742576e+04	1.00000000e-09	2.87742576e+03	1.00000000e-10	2.77629380e+09	3.30652866e-04
1.48000000e+01	1.24433845e+01	2.84680404e+07	1.10802580e+06	6.95622934e+05	1.00000000e-09	6.95622934e+04	1.00000000e-10	6.71174098e+10	3.03989196e-04
1.49000000e+01	1.25274615e+01	2.84941099e+07	1.10904046e+06	1.00000000e-09	1.00000000e-09	1.00000000e-10	1.00000000e-10	0.00000000e+00	2.79475669e-04
1.50000000e+01	1.26115384e+01	2.85114594e+07	1.10971574e+06	1.00000000e-09	1.00000000e-09	1.00000000e-10	1.00000000e-10	0.00000000e+00	2.56938901e-04
1.51000000e+01	1.26956153e+01	2.85288089e+07	1.11039101e+06	1.00000000e-09	1.00000000e-09	1.00000000e-10	1.00000000e-10	0.00000000e+00	2.36219485e-04
1.52000000e+01	1.27796922e+01	2.85461584e+07	1.11106629e+06	1.19589850e+06	1.00000000e-09	1.19589850e+05	1.00000000e-10	1.15386664e+11	2.17170872e-04
1.53000000e+01	1.28637691e+01	2.85453003e+07	1.11103289e+06	2.10360847e+05	1.00000000e-09	2.10360847e+04	1.00000000e-10	2.02967362e+10	1.99658328e-04
1.54000000e+01	1.29478461e+01	2.85320193e+07	1.11051597e+06	1.00000000e-09	1.00000000e-09	1.00000000e-10	1.00000000e-10	0.00000000e+00	1.83557987e-04
1.55000000e+01	1.30319230e+01	2.85187384e+07	1.10999905e+06	1.00000000e-09	8.96311403e+03	1.00000000e-10	8.96311403e+02	-8.64809034e+08	1.68755969e-04
1.56000000e+01	1.31159999e+01	2.85054574e+07	1.10948213e+06	1.50832973e+05	3.50839990e+03	1.50832973e+04	3.50839990e+02	1.42146604e+10	1.55147578e-04
1.57000000e+01	1.32000768e+01	2.84589129e+07	1.10767054e+06	7.42838999e+04	1.00000000e-09	7.42838999e+03	1.00000000e-10	7.16730675e+09	1.42636560e-04
1.58000000e+01	1.32841538e+01	2.83783146e+07	1.10453351e+06	1.10867850e+03	1.00000000e-09	1.10867850e+02	1.00000000e-10	1.06971213e+08	1.31134424e-04
1.59000000e+01	1.33682307e+01	2.82970757e+07	1.10137155e+06	1.00000000e-09	2.26567222e+03	1.00000000e-10	2.26567222e+02	-2.18604137e+08	1.20559814e-04
1.60000000e+01	1.34523076e+01	2.82158368e+07	1.09820959e+06	1.00000000e-09	2.18207460e+03	1.00000000e-10	2.18207460e+02	-2.10538192e+08	1.10837935e-04
1.61000000e+01	1.35363845e+01	2.81345980e+07	1.09504763e+06	1.97051328e+03	1.00000000e-09	1.97051328e+02	1.00000000e-10	1.90125628e+08	1.01900023e-04
1.62000000e+01	1.36204614e+01	2.80522018e+07	1.09184063e+06	1.13841759e+03	1.00000000e-09	1.13841759e+02	1.00000000e-10	1.09840600e+08	9.36828597e-05
1.63000000e+01	1.37045384e+01	2.79691309e+07	1.08860737e+06	2.56765504e+01	2.10539491e+03	2.56765504e+00	2.10539491e+02	-2.00662316e+08	8.61283240e-05
1.64000000e+01	1.37886153e+01	2.78860446e+07	1.08537350e+06	1.00000000e-09	2.28546379e+03	1.00000000e-10	2.28546379e+02	-2.20513733e+08	7.91829819e-05
1.65000000e+01	1.38726922e+01	2.78029584e+07	1.08213964e+06	1.00000000e-09	1.00000000e-09	1.00000000e-10	1.00000000e-10	0.00000000e+00	7.27977085e-05
1.66000000e+01	1.39567691e+01	2.77198723e+07	1.07890579e+06	2.68508877e+01	1.00000000e-09	2.68508877e+00	1.00000000e-10	2.59071682e+06	6.69273402e-05
1.67000000e+01	1.40408461e+01	2.76367717e+07	1.07567137e+06	8.82064151e+00	1.95656041e+03	8.82064151e-01	1.95656041e+02	-1.87928319e+08	6.15303552e-05
1.68000000e+01	1.41249230e+01	2.75536658e+07	1.07243674e+06	1.00000000e-09	2.40915789e+03	1.00000000e-10	2.40915789e+02	-2.32448399e+08	5.65685802e-05
1.69000000e+01	1.42089999e+01	2.74705600e+07	1.06920212e+06	1.00000000e-09	1.00000000e-09	1.00000000e-10	1.00000000e-10	0.00000000e+00	5.20069201e-05
1.70000000e+01	1.42930768e+01	2.73874541e+07	1.06596749e+06	1.94956160e+01	1.00000000e-09	1.94956160e+00	1.00000000e-10	1.88104098e+06	4.78131098e-05
1.71000000e+01	1.43771537e+01	2.73043382e+07	1.06273248e+06	8.76338870e+00	1.80020804e+03	8.76338870e-01	1.80020804e+02	-1.72848133e+08	4.39574862e-05
1.72000000e+01	1.44612307e+01	2.72212171e+07	1.05949726e+06	1.00000000e-09	2.52275823e+03	1.00000000e-10	2.52275823e+02	-2.43409165e+08	4.04127779e-05
1.73000000e+01	1.45453076e+01	2.71380961e+07	1.05626204e+06	1.00000000e-09	1.00000000e-09	1.00000000e-10	1.00000000e-10	0.00000000e+00	3.71539131e-05
1.74000000e+01	1.46293845e+01	2.70549750e+07	1.05302682e+06	3.11567552e-01	1.00000000e-09	3.11567552e-02	1.00000000e-10	3.00616986e+04	3.41578414e-05
1.75000000e+01	1.47134614e+01	2.69718553e+07	1.04979166e+06	1.00000000e-09	1.63719283e+03	1.00000000e-10	1.63719283e+02	-1.57965094e+08	3.14033713e-05
1.76000000e+01	1.47975384e+01	2.68887358e+07	1.04655650e+06	1.00000000e-09	2.62609372e+03	1.00000000e-10	2.62609372e+02	-2.53379525e+08	2.88710202e-05
1.77000000e+01	1.48816153e+01	2.68056162e+07	1.04332135e+06	1.80545821e-01	1.00000000e-09	1.80545821e-02	1.00000000e-10	1.74200234e+04	2.65428765e-05
1.78000000e+01	1.49656922e+01	2.67224966e+07	1.04008619e+06	1.62144311e-01	1.00000000e-09	1.62144311e-02	1.00000000e-10	1.56445476e+04	2.44024731e-05
1.79000000e+01	1.50497691e+01	2.66393785e+07	1.03685108e+06	1.00000000e-09	1.46788111e+03	1.00000000e-10	1.46788111e+02	-1.41628996e+08	2.24346707e-05
1.80000000e+01	1.51338460e+01	2.65562606e+07	1.03361599e+06	1.00000000e-09	2.71866739e+03	1.00000000e-10	2.71866739e+02	-2.62311526e+08	2.06255509e-05
1.81000000e+01	1.52179230e+01	2.64731428e+07	1.03038090e+06	4.30138246e-02	1.00000000e-09	4.30138246e-03	1.00000000e-10	4.15020306e+03	1.89623175e-05
1.82000000e+01	1.53019999e+01	2.63900249e+07	1.02714581e+06	1.50274555e-01	1.00000000e-09	1.50274555e-02	1.00000000e-10	1.44992902e+04	1.74332063e-05
1.83000000e+01	1.53860768e+01	2.63069086e+07	1.02391077e+06	5.10680341e-03	1.29296550e+03	5.10680341e-04	1.29296550e+02	-1.24751713e+08	1.60274019e-05
1.84000000e+01	1.54701537e+01	2.62237926e+07	1.02067576e+06	1.00000000e-09	2.80012073e+03	1.00000000e-10	2.80012073e+02	-2.70170579e+08	1.47349607e-05
1.85000000e+01	1.55542307e+01	2.61406767e+07	1.01744074e+06	1.00000000e-09	1.00000000e-09	1.00000000e-10	1.00000000e-10	0.00000000e+00	1.35467414e-05
1.86000000e+01	1.56383076e+01	2.60575607e+07	1.01420572e+06	1.62929850e-01	1.00000000e-09	1.62929850e-02	1.00000000e-10	1.57203405e+04	1.24543394e-05
1.87000000e+01	1.57223845e+01	2.59744463e+07	1.01097076e+06	8.13217949e-02	1.11316387e+03	8.13217949e-03	1.11316387e+02	-1.07396139e+08	1.14500281e-05
1.88000000e+01	1.58064614e+01	2.58913323e+07	1.00773582e+06	1.00000000e-09	2.87013136e+03	1.00000000e-10	2.87013136e+02	-2.76925577e+08	1.05267039e-05
1.89000000e+01	1.58905384e+01	2.58082183e+07	1.00450088e+06	1.00000000e-09	1.00000000e-09	1.00000000e-10	1.00000000e-10	0.00000000e+00	9.67783615e-06
1.90000000e+01	1.59746153e+01	2.57251044e+07	1.00126594e+06	1.00000000e-09	1.00000000e-09	1.00000000e-10	1.00000000e-10	0.00000000e+00	8.89742061e-06
1.91000000e+01	1.60586922e+01	2.56419920e+07	9.98031063e+05	1.00000000e-09	9.29216050e+02	1.00000000e-10	9.29216050e+01	-8.96557192e+07	8.17993736e-06
1.92000000e+01	1.61427691e+01	2.55588803e+07	9.94796209e+05	1.03272718e-06	2.92842936e+03	1.03272718e-07	2.92842936e+02	-2.82550479e+08	7.52031158e-06
1.93000000e+01	1.62268460e+01	2.54757686e+07	9.91561356e+05	1.76542663e-03	1.00000000e-09	1.76542663e-04	1.00000000e-10	1.70337678e+02	6.91387767e-06
1.94000000e+01	1.63109230e+01	2.53926569e+07	9.88326503e+05	3.00584370e-05	1.00000000e-09	3.00584370e-06	1.00000000e-10	2.90010179e+00	6.35634627e-06
1.95000000e+01	1.63949999e+01	2.53095468e+07	9.85091713e+05	1.00000000e-09	7.41874828e+02	1.00000000e-10	7.41874828e+01	-7.15800392e+07	5.84377390e-06
1.96000000e+01	1.64790768e+01	2.52264374e+07	9.81856952e+05	1.00000000e-09	2.97478877e+03	1.00000000e-10	2.97478877e+02	-2.87023482e+08	5.37253509e-06
1.97000000e+01	1.65631537e+01	2.51433281e+07	9.78622190e+05	7.61648287e-04	1.00000000e-09	7.61648287e-05	1.00000000e-10	7.34877915e+01	4.93929673e-06
1.98000000e+01	1.66472307e+01	2.50602187e+07	9.75387429e+05	5.50686993e-05	1.00000000e-09	5.50686993e-06	1.00000000e-10	5.31322525e+00	4.54099448e-06
1.99000000e+01	1.67313076e+01	2.49771109e+07	9.72152730e+05	1.00000000e-09	5.51908448e+02	1.00000000e-10	5.51908448e+01	-5.32510699e+07	4.17481111e-06
2.00000000e+01	1.68153845e+01	2.48940040e+07	9.68918064e+05	1.00000000e-09	3.00903424e+03	1.00000000e-10	3.00903424e+02	-2.90327668e+08	3.83815657e-06
2.01000000e+01	1.68994614e+01	2.48108971e+07	9.65683398e+05	4.70188458e-04	1.00000000e-09	4.70188458e-05	1.00000000e-10	4.53661930e+01	3.52864967e-06
2.02000000e+01	1.69835383e+01	2.47277902e+07	9.62448733e+05	6.71664812e-05	1.00000000e-09	6.71664812e-06	1.00000000e-10	6.48048376e+00	3.24410125e-06
2.03000000e+01	1.70676153e+01	2.46446849e+07	9.59214128e+05	1.00000000e-09	3.60095606e+02	1.00000000e-10	3.60095606e+01	-3.47439442e+07	2.98249865e-06
2.04000000e+01	1.71516922e+01	2.45615805e+07	9.55979561e+05	1.00000000e-09	3.03104006e+03	1.00000000e-10	3.03104006e+02	-2.92450907e+08	2.74199155e-06
2.05000000e+01	1.72357691e+01	2.44784762e+07	9.52744995e+05	3.29058769e-04	1.00000000e-09	3.29058769e-05	1.00000000e-10	3.17492481e+01	2.52087882e-06
2.06000000e+01	1.73198460e+01	2.43953718e+07	9.49510428e+05	7.57044647e-05	1.00000000e-09	7.57044647e-06	1.00000000e-10	7.30427393e+00	2.31759650e-06
2.07000000e+01	1.74039230e+01	2.43122690e+07	9.46275922e+05	1.00000000e-09	1.67222223e+02	1.00000000e-10	1.67222223e+01	-1.61344917e+07	2.13070675e-06
2.08000000e+01	1.74879999e+01	2.42291673e+07	9.43041458e+05	1.00000000e-09	3.04073077e+03	1.00000000e-10	3.04073077e+02	-2.93385918e+08	1.95888770e-06
2.09000000e+01	1.75720768e+01	2.41460655e+07	9.39806994e+05	2.45509394e-04	1.00000000e-09	2.45509394e-05	1.00000000e-10	2.36879589e+01	1.80092404e-06
2.10000000e+01	1.76561537e+01	2.40629638e+07	9.36572529e+05	8.32218222e-05	1.00000000e-09	8.32218222e-06	1.00000000e-10	8.02958867e+00	1.65569849e-06
2.11000000e+01	1.77402306e+01	2.39798636e+07	9.33338123e+05	1.00000000e-09	1.00000000e-09	1.00000000e-10	1.00000000e-10	0.00000000e+00	1.52218384e-06
2.12000000e+01	1.78243076e+01	2.38967646e+07	9.30103765e+05	1.00000000e-09	3.03808146e+03	1.00000000e-10	3.03808146e+02	-2.93130298e+08	1.39943575e-06
2.13000000e+01	1.79083845e+01	2.38136655e+07	9.26869406e+05	1.89906347e-04	1.19853288e+02	1.89906347e-05	1.19853288e+01	-1.15640660e+07	1.28658600e-06
2.14000000e+01	1.79924614e+01	2.37305665e+07	9.23635047e+05	9.09588175e-05	1.00000000e-09	9.09588175e-06	1.00000000e-10	8.77609523e+00	1.18283639e-06
2.15000000e+01	1.80765383e+01	2.36474689e+07	9.20400744e+05	1.00000000e-09	1.00000000e-09	1.00000000e-10	1.00000000e-10	0.00000000e+00	1.08745310e-06
2.16000000e+01	1.81606153e+01	2.35643727e+07	9.17166493e+05	1.00000000e-09	3.02311783e+03	1.00000000e-10	3.02311783e+02	-2.91686528e+08	9.99761460e-07
2.17000000e+01	1.82446922e+01	2.34812764e+07	9.13932242e+05	1.49096483e-04	3.12017763e+02	1.49096483e-05	3.12017763e+01	-3.01051231e+07	9.19141229e-07
2.18000000e+01	1.83287691e+01	2.33981802e+07	9.10697991e+05	9.97798317e-05	1.00000000e-09	9.97798317e-06	1.00000000e-10	9.62719372e+00	8.45022171e-07
2.19000000e+01	1.84128460e+01	2.33150853e+07	9.07463793e+05	1.00000000e-09	1.00000000e-09	1.00000000e-10	1.00000000e-10	0.00000000e+00	7.76880034e-07
2.20000000e+01	1.84969229e+01	2.32319919e+07	9.04229652e+05	1.00000000e-09	2.99591615e+03	1.00000000e-10	2.99591615e+02	-2.89061964e+08	7.14232843e-07
2.21000000e+01	1.85809999e+01	2.31488984e+07	9.00995510e+05	1.16165082e-04	5.02495728e+02	1.16165082e-05	5.02495728e+01	-4.84834560e+07	6.56637488e-07
2.22000000e+01	1.86650768e+01	2.30658050e+07	8.97761369e+05	1.10701362e-04	1.00000000e-09	1.10701362e-05	1.00000000e-10	1.06809612e+01	6.03686592e-07
2.23000000e+01	1.87491537e+01	2.29827129e+07	8.94527278e+05	1.00000000e-09	1.00000000e-09	1.00000000e-10	1.00000000e-10	0.00000000e+00	5.55005627e-07
2.24000000e+01	1.88332306e+01	2.28996223e+07	8.91293248e+05	1.00000000e-09	2.95660289e+03	1.00000000e-10	2.95660289e+02	-2.85268812e+08	5.10250270e-07
2.25000000e+01	1.89173076e+01	2.28165317e+07	8.88059218e+05	8.61366968e-05	6.90508676e+02	8.61366968e-06	6.90508676e+01	-6.66239506e+07	4.69103960e-07
2.26000000e+01	1.90013845e+01	2.27334412e+07	8.84825188e+05	1.25350376e-04	1.00000000e-09	1.25350376e-05	1.00000000e-10	1.20943762e+01	4.31275667e-07
2.27000000e+01	1.90854614e+01	2.26503518e+07	8.81591206e+05	1.00000000e-09	1.00000000e-09	1.00000000e-10	1.00000000e-10	0.00000000e+00	3.96497828e-07
2.28000000e+01	1.91695383e+01	2.25672641e+07	8.78357288e+05	1.00000000e-09	2.90535425e+03	1.00000000e-10	2.90535425e+02	-2.80324069e+08	3.64524455e-07
2.29000000e+01	1.92536153e+01	2.24841764e+07	8.75123370e+05	5.28143024e-05	8.75288618e+02	5.28143024e-06	8.75288618e+01	-8.44525079e+07	3.35129397e-07
2.30000000e+01	1.93376922e+01	2.24010888e+07	8.71889453e+05	1.46906886e-04	1.00000000e-09	1.46906886e-05	1.00000000e-10	1.41742632e+01	3.08104742e-07
2.31000000e+01	1.94217691e+01	2.23180022e+07	8.68655580e+05	1.00000000e-09	1.00000000e-09	1.00000000e-10	1.00000000e-10	0.00000000e+00	2.83259340e-07
2.32000000e+01	1.95058460e+01	2.22349174e+07	8.65421775e+05	1.00000000e-09	2.84239540e+03	1.00000000e-10	2.84239540e+02	-2.74249464e+08	2.60417458e-07
2.33000000e+01	1.95899229e+01	2.21518326e+07	8.62187970e+05	2.99445310e-07	1.05608125e+03	2.99445310e-08	1.05608125e+02	-1.01896350e+08	2.39417533e-07
2.34000000e+01	1.96739999e+01	2.20687479e+07	8.58954166e+05	1.81899347e-04	1.00000000e-09	1.81899347e-05	1.00000000e-10	1.75505224e+01	2.20111031e-07
2.35000000e+01	1.97580768e+01	2.19856641e+07	8.55720402e+05	6.96501887e-05	1.00000000e-09	6.96501887e-06	1.00000000e-10	6.72012510e+00	2.02361395e-07
2.36000000e+01	1.98421537e+01	2.19025823e+07	8.52486711e+05	1.00000000e-09	2.76799958e+03	1.00000000e-10	2.76799958e+02	-2.67071359e+08	1.86043080e-07
2.37000000e+01	1.99262306e+01	2.18195004e+07	8.49253020e+05	1.00000000e-09	1.23214908e+03	1.00000000e-10	1.23214908e+02	-1.18884313e+08	1.71040665e-07
2.38000000e+01	2.00103076e+01	2.17364185e+07	8.46019328e+05	5.02787211e-06	1.00000000e-09	5.02787211e-07	1.00000000e-10	4.85019425e-01	1.57248037e-07
2.39000000e+01	2.00943845e+01	2.16533376e+07	8.42785674e+05	1.00000000e-09	1.00000000e-09	1.00000000e-10	1.00000000e-10	0.00000000e+00	1.44567640e-07
2.40000000e+01	2.01784614e+01	2.15702586e+07	8.39552096e+05	1.00000000e-09	2.68248700e+03	1.00000000e-10	2.68248700e+02	-2.58820649e+08	1.32909782e-07
2.41000000e+01	2.02625383e+01	2.14871797e+07	8.36318518e+05	1.15759325e-05	1.40277443e+03	1.15759325e-06	1.40277443e+02	-1.35347156e+08	1.22192009e-07
2.42000000e+01	2.03466152e+01	2.14041007e+07	8.33084939e+05	9.71470441e-06	1.00000000e-09	9.71470441e-07	1.00000000e-10	9.37229996e-01	1.12338510e-07
2.43000000e+01	2.04306922e+01	2.13210226e+07	8.29851394e+05	1.00000000e-09	1.00000000e-09	1.00000000e-10	1.00000000e-10	0.00000000e+00	1.03279593e-07
2.44000000e+01	2.05147691e+01	2.12379465e+07	8.26617928e+05	1.00000000e-09	2.58622349e+03	1.00000000e-10	2.58622349e+02	-2.49532632e+08	9.49511815e-08
2.45000000e+01	2.05988460e+01	2.11548704e+07	8.23384462e+05	4.33025165e-06	1.56726247e+03	4.33025165e-07	1.56726247e+02	-1.51217839e+08	8.72943689e-08
2.46000000e+01	2.06829229e+01	2.10717944e+07	8.20150996e+05	6.25243001e-06	1.00000000e-09	6.25243001e-07	1.00000000e-10	6.03171300e-01	8.02549976e-08
2.47000000e+01	2.07669999e+01	2.09887190e+07	8.16917559e+05	1.00000000e-09	1.00000000e-09	1.00000000e-10	1.00000000e-10	0.00000000e+00	7.37832774e-08
2.48000000e+01	2.08510768e+01	2.09056458e+07	8.13684204e+05	1.00000000e-09	2.47961900e+03	1.00000000e-10	2.47961900e+02	-2.39246863e+08	6.78334333e-08
2.49000000e+01	2.09351537e+01	2.08225726e+07	8.10450849e+05	2.07833176e-06	1.72494403e+03	2.07833176e-07	1.72494403e+02	-1.66431797e+08	6.23633815e-08
2.50000000e+01	2.10192306e+01	2.07394993e+07	8.07217494e+05	4.90905273e-06	1.00000000e-09	4.90905273e-07	1.00000000e-10	4.73555098e-01	5.73344317e-08
2.51000000e+01	2.11033075e+01	2.06564267e+07	8.03984163e+05	1.00000000e-09	1.00000000e-09	1.00000000e-10	1.00000000e-10	0.00000000e+00	5.27110137e-08
2.52000000e+01	2.11873845e+01	2.05733563e+07	8.00750917e+05	1.00000000e-09	2.36312597e+03	1.00000000e-10	2.36312597e+02	-2.28006994e+08	4.84604257e-08
2.53000000e+01	2.12714614e+01	2.04902859e+07	7.97517672e+05	7.64611982e-07	1.87517840e+03	7.64611982e-08	1.87517840e+02	-1.80927211e+08	4.45526029e-08
2.54000000e+01	2.13555383e+01	2.04072155e+07	7.94284426e+05	4.19830297e-06	1.00000000e-09	4.19830297e-07	1.00000000e-10	4.04978171e-01	4.09599048e-08
2.55000000e+01	2.14396152e+01	2.03241455e+07	7.91051200e+05	1.00000000e-09	1.00000000e-09	1.00000000e-10	1.00000000e-10	0.00000000e+00	3.76569199e-08
2.56000000e+01	2.15236922e+01	2.02410779e+07	7.87818061e+05	1.00000000e-09	2.23723739e+03	1.00000000e-10	2.23723739e+02	-2.15860593e+08	3.46202860e-08
2.57000000e+01	2.16077691e+01	2.01580102e+07	7.84584923e+05	1.00000000e-09	2.01735601e+03	1.00000000e-10	2.01735601e+02	-1.94645265e+08	3.18285246e-08
2.58000000e+01	2.16918460e+01	2.00749425e+07	7.81351784e+05	3.65904332e-06	1.00000000e-09	3.65904332e-07	1.00000000e-10	3.52947524e-01	2.92618894e-08
2.59000000e+01	2.17759229e+01	1.99918752e+07	7.78118660e+05	6.50647076e-07	1.00000000e-09	6.50647076e-08	1.00000000e-10	6.26814139e-02	2.69022262e-08
2.60000000e+01	2.18599998e+01	1.99088103e+07	7.74885626e+05	1.00000000e-09	2.10248484e+03	1.00000000e-10	2.10248484e+02	-2.02858948e+08	2.47328451e-08
2.61000000e+01	2.19440768e+01	1.98257453e+07	7.71652592e+05	1.00000000e-09	2.15090092e+03	1.00000000e-10	2.15090092e+02	-2.07530390e+08	2.27384017e-08
2.62000000e+01	2.20281537e+01	1.97426803e+07	7.68419558e+05	2.84565554e-06	1.00000000e-09	2.84565554e-07	1.00000000e-10	2.74467535e-01	2.09047891e-08
2.63000000e+01	2.21122306e+01	1.96596155e+07	7.65186533e+05	1.78354475e-06	1.00000000e-09	1.78354475e-07	1.00000000e-10	1.71989422e-01	1.92190381e-08
2.64000000e+01	2.21963075e+01	1.95765532e+07	7.61953600e+05	1.00000000e-09	1.95943622e+03	1.00000000e-10	1.95943622e+02	-1.89056855e+08	1.76692251e-08
2.65000000e+01	2.22803845e+01	1.94934908e+07	7.58720667e+05	1.00000000e-09	2.27527324e+03	1.00000000e-10	2.27527324e+02	-2.19530495e+08	1.62443882e-08
2.66000000e+01	2.23644614e+01	1.94104284e+07	7.55487734e+05	1.42766347e-06	1.00000000e-09	1.42766347e-07	1.00000000e-10	1.37652099e-01	1.49344494e-08
2.67000000e+01	2.24485383e+01	1.93273661e+07	7.52254805e+05	3.29455878e-06	1.00000000e-09	3.29455878e-07	1.00000000e-10	3.17780113e-01	1.37301434e-08
2.68000000e+01	2.25326152e+01	1.92443062e+07	7.49021970e+05	1.00000000e-09	1.80869349e+03	1.00000000e-10	1.80869349e+02	-1.74512392e+08	1.26229520e-08
2.69000000e+01	2.26166921e+01	1.91612463e+07	7.45789135e+05	1.00000000e-09	2.38997137e+03	1.00000000e-10	2.38997137e+02	-2.30597181e+08	1.16050438e-08
2.70000000e+01	2.27007691e+01	1.90781865e+07	7.42556299e+05	1.00000000e-09	1.00000000e-09	1.00000000e-10	1.00000000e-10	0.00000000e+00	1.06692193e-08
2.71000000e+01	2.27848460e+01	1.89951266e+07	7.39323464e+05	4.64561505e-06	1.00000000e-09	4.64561505e-07	1.00000000e-10	4.48137225e-01	9.80885916e-09
2.72000000e+01	2.28689229e+01	1.89120692e+07	7.36090724e+05	4.76682662e-06	1.65088493e+03	4.76682662e-07	1.65088493e+02	-1.59286181e+08	9.01787799e-09
2.73000000e+01	2.29529998e+01	1.88290119e+07	7.32857989e+05	1.23291637e-07	2.49431841e+03	1.23291637e-08	2.49431841e+02	-2.40665140e+08	8.29068113e-09
2.74000000e+01	2.30370768e+01	1.87459545e+07	7.29625253e+05	1.00000000e-09	1.00000000e-09	1.00000000e-10	1.00000000e-10	0.00000000e+00	7.62212503e-09
2.75000000e+01	2.31211537e+01	1.86628972e+07	7.26392517e+05	1.00000000e-09	1.00000000e-09	1.00000000e-10	1.00000000e-10	0.00000000e+00	7.00748093e-09
2.76000000e+01	2.32052306e+01	1.85798424e+07	7.23159878e+05	1.81303330e-07	1.48667560e+03	1.81303330e-08	1.48667560e+02	-1.43442389e+08	6.44240141e-09
2.77000000e+01	2.32893075e+01	1.84967878e+07	7.19927249e+05	5.31942789e-08	2.58811345e+03	5.31942789e-09	2.58811345e+02	-2.49714985e+08	5.92288960e-09
2.78000000e+01	2.33733845e+01	1.84137332e+07	7.16694620e+05	1.00000000e-09	1.00000000e-09	1.00000000e-10	1.00000000e-10	0.00000000e+00	5.44527095e-09
2.79000000e+01	2.34574614e+01	1.83306786e+07	7.13461991e+05	1.00000000e-09	1.00000000e-09	1.00000000e-10	1.00000000e-10	0.00000000e+00	5.00616720e-09
2.80000000e+01	2.35415383e+01	1.82476266e+07	7.10229459e+05	8.15053993e-08	1.31675295e+03	8.15053993e-09	1.31675295e+02	-1.27047346e+08	4.60247255e-09
2.81000000e+01	2.36256152e+01	1.81645749e+07	7.06996942e+05	3.87415117e-08	2.67098324e+03	3.87415117e-09	2.67098324e+02	-2.57710705e+08	4.23133162e-09
2.82000000e+01	2.37096921e+01	1.80815232e+07	7.03764426e+05	1.00000000e-09	1.00000000e-09	1.00000000e-10	1.00000000e-10	0.00000000e+00	3.89011930e-09
2.83000000e+01	2.37937691e+01	1.79984715e+07	7.00531910e+05	1.00000000e-09	1.00000000e-09	1.00000000e-10	1.00000000e-10	0.00000000e+00	3.57642216e-09
2.84000000e+01	2.38778460e+01	1.79154223e+07	6.97299491e+05	4.87557851e-08	1.14182761e+03	4.87557851e-09	1.14182761e+02	-1.10169616e+08	3.28802138e-09
2.85000000e+01	2.39619229e+01	1.78323737e+07	6.94067094e+05	3.21193125e-08	2.74259987e+03	3.21193125e-09	2.74259987e+02	-2.64620659e+08	3.02287709e-09
2.86000000e+01	2.40459998e+01	1.77493251e+07	6.90834697e+05	1.00000000e-09	1.00000000e-09	1.00000000e-10	1.00000000e-10	0.00000000e+00	2.77911390e-09
2.87000000e+01	2.41300768e+01	1.76662765e+07	6.87602300e+05	1.00000000e-09	1.00000000e-09	1.00000000e-10	1.00000000e-10	0.00000000e+00	2.55500764e-09
2.88000000e+01	2.42141537e+01	1.75832304e+07	6.84370000e+05	3.23561312e-08	9.62630505e+02	3.23561312e-09	9.62630505e+01	-9.28797240e+07	2.34897319e-09
2.89000000e+01	2.42982306e+01	1.75001850e+07	6.81137728e+05	2.81115704e-08	2.80268205e+03	2.81115704e-09	2.80268205e+02	-2.70417708e+08	2.15955324e-09
2.90000000e+01	2.43823075e+01	1.74171396e+07	6.77905456e+05	1.00000000e-09	1.00000000e-09	1.00000000e-10	1.00000000e-10	0.00000000e+00	1.98540802e-09
2.91000000e+01	2.44663844e+01	1.73340942e+07	6.74673184e+05	1.00000000e-09	1.00000000e-09	1.00000000e-10	1.00000000e-10	0.00000000e+00	1.82530578e-09
2.92000000e+01	2.45504614e+01	1.72510512e+07	6.71441009e+05	2.24204867e-08	7.79909827e+02	2.24204867e-09	7.79909827e+01	-7.52498587e+07	1.67811410e-09
2.93000000e+01	2.46345383e+01	1.71680092e+07	6.68208867e+05	2.53097315e-08	2.85099630e+03	2.53097315e-09	2.85099630e+02	-2.75079325e+08	1.54279187e-09
2.94000000e+01	2.47186152e+01	1.70849671e+07	6.64976726e+05	1.00000000e-09	1.00000000e-09	1.00000000e-10	1.00000000e-10	0.00000000e+00	1.41838196e-09
2.95000000e+01	2.48026921e+01	1.70019251e+07	6.61744584e+05	1.00000000e-09	1.00000000e-09	1.00000000e-10	1.00000000e-10	0.00000000e+00	1.30400439e-09
2.96000000e+01	2.48867691e+01	1.69188855e+07	6.58512539e+05	1.56894537e-08	5.94427960e+02	1.56894537e-09	5.94427960e+01	-5.73535791e+07	1.19885018e-09
2.97000000e+01	2.49708460e+01	1.68358470e+07	6.55280533e+05	2.31619961e-08	2.88735793e+03	2.31619961e-09	2.88735793e+02	-2.78587688e+08	1.10217554e-09
2.98000000e+01	2.50549229e+01	1.67528084e+07	6.52048528e+05	1.00000000e-09	1.00000000e-09	1.00000000e-10	1.00000000e-10	0.00000000e+00	1.01329669e-09
2.99000000e+01	2.51389998e+01	1.66697698e+07	6.48816522e+05	1.00000000e-09	1.00000000e-09	1.00000000e-10	1.00000000e-10	0.00000000e+00	9.31584987e-10
3.00000000e+01	2.52230767e+01	1.65867337e+07	6.45584612e+05	1.07762938e-08	4.06958338e+02	1.07762938e-09	4.06958338e+01	-3.92655104e+07	8.56462471e-10
3.01000000e+01	2.53071537e+01	1.65036988e+07	6.42352746e+05	2.14072171e-08	2.91163173e+03	2.14072171e-09	2.91163173e+02	-2.80929755e+08	7.87397794e-10
3.02000000e+01	2.53912306e+01	1.64206638e+07	6.39120881e+05	1.00000000e-09	1.00000000e-09	1.00000000e-10	1.00000000e-10	0.00000000e+00	7.23902457e-10
3.03000000e+01	2.54753075e+01	1.63376289e+07	6.35889016e+05	1.00000000e-09	1.00000000e-09	1.00000000e-10	1.00000000e-10	0.00000000e+00	6.65527349e-10
3.04000000e+01	2.55593844e+01	1.62545963e+07	6.32657245e+05	6.99124075e-09	2.18282266e+02	6.99124075e-10	2.18282266e+01	-2.10610370e+07	6.11859579e-10
3.05000000e+01	2.56434614e+01	1.61715651e+07	6.29425525e+05	1.99042978e-08	2.92373262e+03	1.99042978e-09	2.92373262e+02	-2.82097313e+08	5.62519549e-10
3.06000000e+01	2.57275383e+01	1.60885339e+07	6.26193805e+05	1.00000000e-09	1.00000000e-09	1.00000000e-10	1.00000000e-10	0.00000000e+00	5.17158273e-10
3.07000000e+01	2.58116152e+01	1.60055027e+07	6.22962085e+05	1.00000000e-09	1.00000000e-09	1.00000000e-10	1.00000000e-10	0.00000000e+00	4.75454906e-10
3.08000000e+01	2.58956921e+01	1.59224738e+07	6.19730457e+05	3.95252167e-09	2.91856892e+01	3.95252167e-10	2.91856892e+00	-2.81599091e+06	4.37114476e-10
3.09000000e+01	2.59797690e+01	1.58394464e+07	6.16498886e+05	1.85689708e-08	2.92362593e+03	1.85689708e-09	2.92362593e+02	-2.82087019e+08	4.01865798e-10
3.10000000e+01	2.60638460e+01	1.57564190e+07	6.13267315e+05	1.00000000e-09	6.12850463e+01	1.00000000e-10	6.12850463e+00	-5.91310805e+06	3.69459555e-10
3.11000000e+01	2.61479229e+01	1.56733916e+07	6.10035744e+05	1.00000000e-09	1.00000000e-09	1.00000000e-10	1.00000000e-10	0.00000000e+00	3.39666533e-10
3.12000000e+01	2.62319998e+01	1.55903665e+07	6.06804263e+05	1.43163150e-09	1.00000000e-09	1.43163150e-10	1.00000000e-10	4.16461091e-05	3.12276006e-10
3.13000000e+01	2.63160767e+01	1.55073431e+07	6.03572845e+05	1.73468537e-08	2.91132761e+03	1.73468537e-09	2.91132761e+02	-2.80900411e+08	2.87094235e-10
3.14000000e+01	2.64001537e+01	1.54243196e+07	6.00341427e+05	1.00000000e-09	2.49638474e+02	1.00000000e-10	2.49638474e+01	-2.40864510e+07	2.63943109e-10
3.15000000e+01	2.64842306e+01	1.53412961e+07	5.97110008e+05	1.00000000e-09	1.00000000e-09	1.00000000e-10	1.00000000e-10	0.00000000e+00	2.42658878e-10
3.16000000e+01	2.65683075e+01	1.52582749e+07	5.93878677e+05	1.00000000e-09	1.00000000e-09	1.00000000e-10	1.00000000e-10	0.00000000e+00	2.23090996e-10
3.17000000e+01	2.66523844e+01	1.51752554e+07	5.90647415e+05	1.61514378e-08	2.88690412e+03	1.61514378e-09	2.88690412e+02	-2.78543903e+08	2.05101057e-10
3.18000000e+01	2.67364614e+01	1.50922360e+07	5.87416152e+05	1.61383274e-09	4.36464382e+02	1.61383274e-10	4.36464382e+01	-4.21124108e+07	1.88561817e-10
3.19000000e+01	2.68205383e+01	1.50092165e+07	5.84184890e+05	1.00000000e-09	1.00000000e-09	1.00000000e-10	1.00000000e-10	0.00000000e+00	1.73356293e-10
3.20000000e+01	2.69046152e+01	1.49261992e+07	5.80953711e+05	1.00000000e-09	1.00000000e-09	1.00000000e-10	1.00000000e-10	0.00000000e+00	1.59376934e-10
3.21000000e+01	2.69886921e+01	1.48431838e+07	5.77722607e+05	1.47939563e-08	2.85047507e+03	1.47939563e-09	2.85047507e+02	-2.75029034e+08	1.46524863e-10
3.22000000e+01	2.70727690e+01	1.47601684e+07	5.74491503e+05	3.25144632e-09	6.20985970e+02	3.25144632e-10	6.20985970e+01	-5.99160375e+07	1.34709176e-10
3.23000000e+01	2.71568460e+01	1.46771530e+07	5.71260399e+05	1.00000000e-09	1.00000000e-09	1.00000000e-10	1.00000000e-10	0.00000000e+00	1.23846300e-10
3.24000000e+01	2.72409229e+01	1.45941397e+07	5.68029375e+05	1.00000000e-09	1.00000000e-09	1.00000000e-10	1.00000000e-10	0.00000000e+00	1.13859401e-10
3.25000000e+01	2.73249998e+01	1.45111284e+07	5.64798432e+05	1.33272503e-08	2.80220700e+03	1.33272503e-09	2.80220700e+02	-2.70371873e+08	1.04677839e-10
3.26000000e+01	2.74090767e+01	1.44281171e+07	5.61567488e+05	4.61247849e-09	8.02436493e+02	4.61247849e-10	8.02436493e+01	-7.74233516e+07	9.62366743e-11
3.27000000e+01	2.74931537e+01	1.43451058e+07	5.58336544e+05	1.00000000e-09	1.00000000e-09	1.00000000e-10	1.00000000e-10	0.00000000e+00	8.84762003e-11
3.28000000e+01	2.75772306e+01	1.42620965e+07	5.55105677e+05	1.00000000e-09	1.00000000e-09	1.00000000e-10	1.00000000e-10	0.00000000e+00	8.13415267e-11
3.29000000e+01	2.76613075e+01	1.41790894e+07	5.51874896e+05	1.18110756e-08	2.74231556e+03	1.18110756e-09	2.74231556e+02	-2.64593228e+08	7.47821894e-11
3.30000000e+01	2.77453844e+01	1.40960823e+07	5.48644114e+05	5.71619674e-09	9.80062272e+02	5.71619674e-10	9.80062272e+01	-9.45616338e+07	6.87517936e-11
3.31000000e+01	2.78294613e+01	1.40130752e+07	5.45413332e+05	1.00000000e-09	1.00000000e-09	1.00000000e-10	1.00000000e-10	0.00000000e+00	6.32076857e-11
3.32000000e+01	2.79135383e+01	1.39300699e+07	5.42182623e+05	1.00000000e-09	1.00000000e-09	1.00000000e-10	1.00000000e-10	0.00000000e+00	5.81106517e-11
3.33000000e+01	2.79976152e+01	1.38470670e+07	5.38952004e+05	1.02892896e-08	2.67106463e+03	1.02892896e-09	2.67106463e+02	-2.57718558e+08	5.34246397e-11
3.34000000e+01	2.80816921e+01	1.37640641e+07	5.35721386e+05	6.58754161e-09	1.15312581e+03	6.58754161e-10	1.15312581e+02	-1.11259727e+08	4.91165053e-11
3.35000000e+01	2.81657690e+01	1.36810612e+07	5.32490767e+05	1.00000000e-09	1.00000000e-09	1.00000000e-10	1.00000000e-10	0.00000000e+00	4.51557765e-11
3.36000000e+01	2.82498460e+01	1.35980600e+07	5.29260217e+05	1.00000000e-09	1.00000000e-09	1.00000000e-10	1.00000000e-10	0.00000000e+00	4.15144388e-11
3.37000000e+01	2.83339229e+01	1.35150613e+07	5.26029762e+05	8.79242331e-09	2.58876523e+03	8.79242331e-10	2.58876523e+02	-2.49777873e+08	3.81667366e-11
3.38000000e+01	2.84179998e+01	1.34320625e+07	5.22799306e+05	7.25294614e-09	1.32090889e+03	7.25294614e-10	1.32090889e+02	-1.27448333e+08	3.50889914e-11
3.39000000e+01	2.85020767e+01	1.33490638e+07	5.19568851e+05	1.00000000e-09	1.00000000e-09	1.00000000e-10	1.00000000e-10	0.00000000e+00	3.22594338e-11
3.40000000e+01	2.85861536e+01	1.32660667e+07	5.16338460e+05	1.00000000e-09	1.00000000e-09	1.00000000e-10	1.00000000e-10	0.00000000e+00	2.96580503e-11
3.41000000e+01	2.86702306e+01	1.31830722e+07	5.13108168e+05	7.34060966e-09	2.49577426e+03	7.34060966e-10	2.49577426e+02	-2.40805608e+08	2.72664410e-11
3.42000000e+01	2.87543075e+01	1.31000777e+07	5.09877876e+05	7.73780232e-09	1.48271553e+03	7.73780232e-10	1.48271553e+02	-1.43060300e+08	2.50676897e-11
3.43000000e+01	2.88383844e+01	1.30170831e+07	5.06647584e+05	1.00000000e-09	1.00000000e-09	1.00000000e-10	1.00000000e-10	0.00000000e+00	2.30462446e-11
3.44000000e+01	2.89224613e+01	1.29340902e+07	5.03417352e+05	1.00000000e-09	1.00000000e-09	1.00000000e-10	1.00000000e-10	0.00000000e+00	2.11878078e-11
3.45000000e+01	2.90065383e+01	1.28510998e+07	5.00187223e+05	5.94628604e-09	2.39249304e+03	5.94628604e-10	2.39249304e+02	-2.30840485e+08	1.94792342e-11
3.46000000e+01	2.90906152e+01	1.27681095e+07	4.96957094e+05	8.06512402e-09	1.63787490e+03	8.06512402e-10	1.63787490e+02	-1.58030904e+08	1.79084392e-11
3.47000000e+01	2.91746921e+01	1.26851191e+07	4.93726965e+05	1.00000000e-09	1.00000000e-09	1.00000000e-10	1.00000000e-10	0.00000000e+00	1.64643122e-11
3.48000000e+01	2.92587690e+01	1.26021302e+07	4.90496891e+05	1.00000000e-09	1.00000000e-09	1.00000000e-10	1.00000000e-10	0.00000000e+00	1.51366389e-11
3.49000000e+01	2.93428459e+01	1.25191440e+07	4.87266924e+05	4.61643306e-09	2.27936564e+03	4.61643306e-10	2.27936564e+02	-2.19925351e+08	1.39160284e-11
3.50000000e+01	2.94269229e+01	1.24361578e+07	4.84036956e+05	8.25499764e-09	1.78574415e+03	8.25499764e-10	1.78574415e+02	-1.72298118e+08	1.27938473e-11
3.51000000e+01	2.95109998e+01	1.23531716e+07	4.80806989e+05	1.00000000e-09	1.00000000e-09	1.00000000e-10	1.00000000e-10	0.00000000e+00	1.17621583e-11
3.52000000e+01	2.95950767e+01	1.22701867e+07	4.77577071e+05	1.00000000e-09	1.00000000e-09	1.00000000e-10	1.00000000e-10	0.00000000e+00	1.08136641e-11
3.53000000e+01	2.96791536e+01	1.21872046e+07	4.74347264e+05	3.35430688e-09	2.15687707e+03	3.35430688e-10	2.15687707e+02	-2.08107000e+08	9.94165601e-12
3.54000000e+01	2.97632306e+01	1.21042225e+07	4.71117457e+05	8.32450589e-09	1.92571106e+03	8.32450589e-10	1.92571106e+02	-1.85802871e+08	9.13996618e-12
3.55000000e+01	2.98473075e+01	1.20212405e+07	4.67887650e+05	1.00000000e-09	1.00000000e-09	1.00000000e-10	1.00000000e-10	0.00000000e+00	8.40292419e-12
3.56000000e+01	2.99313844e+01	1.19382595e+07	4.64657886e+05	1.00000000e-09	1.00000000e-09	1.00000000e-10	1.00000000e-10	0.00000000e+00	7.72531687e-12
3.57000000e+01	3.00154613e+01	1.18552815e+07	4.61428237e+05	2.16071858e-09	2.02555127e+03	2.16071858e-10	2.02555127e+02	-1.95435987e+08	7.10235144e-12
3.58000000e+01	3.00995383e+01	1.17723035e+07	4.58198587e+05	8.28790695e-09	2.05719663e+03	8.28790695e-10	2.05719663e+02	-1.98489300e+08	6.52962161e-12
3.59000000e+01	3.01836152e+01	1.16893254e+07	4.54968938e+05	1.00000000e-09	1.00000000e-09	1.00000000e-10	1.00000000e-10	0.00000000e+00	6.00307641e-12
3.60000000e+01	3.02676921e+01	1.16063484e+07	4.51739327e+05	1.00000000e-09	1.00000000e-09	1.00000000e-10	1.00000000e-10	0.00000000e+00	5.51899153e-12
3.61000000e+01	3.03517690e+01	1.15233744e+07	4.48509832e+05	1.03494750e-09	1.88594893e+03	1.03494750e-10	1.88594893e+02	-1.81966409e+08	5.07394300e-12
3.62000000e+01	3.04358459e+01	1.14404003e+07	4.45280338e+05	8.15692531e-09	2.17965750e+03	8.15692531e-10	2.17965750e+02	-2.10304978e+08	4.66478295e-12
3.63000000e+01	3.05199229e+01	1.13574263e+07	4.42050844e+05	1.00000000e-09	1.00000000e-09	1.00000000e-10	1.00000000e-10	0.00000000e+00	4.28861734e-12
3.64000000e+01	3.06039998e+01	1.12744531e+07	4.38821381e+05	1.00000000e-09	1.00000000e-09	1.00000000e-10	1.00000000e-10	0.00000000e+00	3.94278553e-12
3.65000000e+01	3.06880767e+01	1.11914829e+07	4.35592039e+05	1.00000000e-09	1.73866520e+03	1.00000000e-10	1.73866520e+02	-1.67755689e+08	3.62484141e-12
3.66000000e+01	3.07721536e+01	1.11085128e+07	4.32362697e+05	7.94026403e-09	2.29258824e+03	7.94026403e-10	2.29258824e+02	-2.21201138e+08	3.33253613e-12
3.67000000e+01	3.08562306e+01	1.10255427e+07	4.29133354e+05	1.00000000e-09	1.00000000e-09	1.00000000e-10	1.00000000e-10	0.00000000e+00	3.06380220e-12
3.68000000e+01	3.09403075e+01	1.09425732e+07	4.25904037e+05	1.00000000e-09	1.00000000e-09	1.00000000e-10	1.00000000e-10	0.00000000e+00	2.81673882e-12
3.69000000e+01	3.10243844e+01	1.08596068e+07	4.22674842e+05	1.00000000e-09	1.58432719e+03	1.00000000e-10	1.58432719e+02	-1.52864335e+08	2.58959851e-12
3.70000000e+01	3.11084613e+01	1.07766405e+07	4.19445648e+05	7.59666861e-09	2.39552348e+03	7.59666861e-10	2.39552348e+02	-2.31132879e+08	2.38077467e-12
3.71000000e+01	3.11925382e+01	1.06936742e+07	4.16216453e+05	1.45595747e-09	1.00000000e-09	1.45595747e-10	1.00000000e-10	4.39932082e-05	2.18879027e-12
3.72000000e+01	3.12766152e+01	1.06107083e+07	4.12987278e+05	1.00000000e-09	1.00000000e-09	1.00000000e-10	1.00000000e-10	0.00000000e+00	2.01228739e-12
3.73000000e+01	3.13606921e+01	1.05277457e+07	4.09758227e+05	1.00000000e-09	1.42359138e+03	1.00000000e-10	1.42359138e+02	-1.37355688e+08	1.85001761e-12
3.74000000e+01	3.14447690e+01	1.04447830e+07	4.06529176e+05	7.13001535e-09	2.48803987e+03	7.13001535e-10	2.48803987e+02	-2.40059353e+08	1.70083318e-12
3.75000000e+01	3.15288459e+01	1.03618204e+07	4.03300125e+05	2.30500049e-09	1.00000000e-09	2.30500049e-10	1.00000000e-10	1.25913406e-04	1.56367890e-12
3.76000000e+01	3.16129229e+01	1.02788580e+07	4.00071086e+05	1.00000000e-09	1.00000000e-09	1.00000000e-10	1.00000000e-10	0.00000000e+00	1.43758467e-12
3.77000000e+01	3.16969998e+01	1.01958989e+07	3.96842173e+05	1.00000000e-09	1.25714089e+03	1.00000000e-10	1.25714089e+02	-1.21295657e+08	1.32165861e-12
3.78000000e+01	3.17810767e+01	1.01129399e+07	3.93613261e+05	6.56292487e-09	2.56975784e+03	6.56292487e-10	2.56975784e+02	-2.47943939e+08	1.21508076e-12
3.79000000e+01	3.18651536e+01	1.00299808e+07	3.90384349e+05	3.05587450e-09	1.00000000e-09	3.05587450e-10	1.00000000e-10	1.98361734e-04	1.11709730e-12
3.80000000e+01	3.19492305e+01	9.94702182e+06	3.87155442e+05	1.00000000e-09	1.00000000e-09	1.00000000e-10	1.00000000e-10	0.00000000e+00	1.02701517e-12
3.81000000e+01	3.20333075e+01	9.86406615e+06	3.83926663e+05	1.00000000e-09	1.08568262e+03	1.00000000e-10	1.08568262e+02	-1.04752448e+08	9.44197214e-13
3.82000000e+01	3.21173844e+01	9.78111049e+06	3.80697883e+05	5.91750575e-09	2.64034328e+03	5.91750575e-10	2.64034328e+02	-2.54754398e+08	8.68057654e-13
3.83000000e+01	3.22014613e+01	9.69815482e+06	3.77469104e+05	3.70295818e-09	1.00000000e-09	3.70295818e-10	1.00000000e-10	2.60795818e-04	7.98057949e-13
3.84000000e+01	3.22855382e+01	9.61519916e+06	3.74240325e+05	1.00000000e-09	1.00000000e-09	1.00000000e-10	1.00000000e-10	0.00000000e+00	7.33702982e-13
3.85000000e+01	3.23696152e+01	9.53224679e+06	3.71011674e+05	1.00000000e-09	9.09940856e+02	1.00000000e-10	9.09940856e+01	-8.77959457e+07	6.74537565e-13
3.86000000e+01	3.24536921e+01	9.44929453e+06	3.67783028e+05	5.21425101e-09	2.69927446e+03	5.21425101e-10	2.69927446e+02	-2.60440393e+08	6.20143216e-13
3.87000000e+01	3.25377690e+01	9.36634227e+06	3.64554381e+05	4.24461605e-09	1.00000000e-09	4.24461605e-10	1.00000000e-10	3.13057857e-04	5.70135198e-13
3.88000000e+01	3.26218459e+01	9.28339001e+06	3.61325734e+05	1.00000000e-09	1.00000000e-09	1.00000000e-10	1.00000000e-10	0.00000000e+00	5.24159800e-13
3.89000000e+01	3.27059228e+01	9.20044107e+06	3.58097217e+05	1.00000000e-09	7.30659763e+02	1.00000000e-10	7.30659763e+01	-7.04979499e+07	4.81891834e-13
3.90000000e+01	3.27899998e+01	9.11749240e+06	3.54868710e+05	4.47136117e-09	2.74655444e+03	4.47136117e-10	2.74655444e+02	-2.65002217e+08	4.43032333e-13
3.91000000e+01	3.28740767e+01	9.03454374e+06	3.51640203e+05	4.68219765e-09	1.00000000e-09	4.68219765e-10	1.00000000e-10	3.55278063e-04	4.07306443e-13
3.92000000e+01	3.29581536e+01	8.95159507e+06	3.48411696e+05	1.00000000e-09	1.00000000e-09	1.00000000e-10	1.00000000e-10	0.00000000e+00	3.74461468e-13
3.93000000e+01	3.30422305e+01	8.86864973e+06	3.45183319e+05	1.00000000e-09	5.48598123e+02	1.00000000e-10	5.48598123e+01	-5.29316721e+07	3.44265096e-13
3.94000000e+01	3.31263075e+01	8.78570484e+06	3.41954959e+05	3.70442757e-09	2.78199412e+03	3.70442757e-10	2.78199412e+02	-2.68421627e+08	3.16503742e-13
3.95000000e+01	3.32103844e+01	8.70275995e+06	3.38726599e+05	5.01911171e-09	1.00000000e-09	5.01911171e-10	1.00000000e-10	3.87785328e-04	2.90981049e-13
3.96000000e+01	3.32944613e+01	8.61981507e+06	3.35498240e+05	1.00000000e-09	1.00000000e-09	1.00000000e-10	1.00000000e-10	0.00000000e+00	2.67516493e-13
3.97000000e+01	3.33785382e+01	8.53687349e+06	3.32270009e+05	1.00000000e-09	3.64526189e+02	1.00000000e-10	3.64526189e+01	-3.51714304e+07	2.45944106e-13
3.98000000e+01	3.34626152e+01	8.45393255e+06	3.29041803e+05	2.92643043e-09	2.80545387e+03	2.92643043e-10	2.80545387e+02	-2.70685149e+08	2.26111304e-13
3.99000000e+01	3.35466921e+01	8.37099162e+06	3.25813597e+05	5.26004234e-09	1.00000000e-09	5.26004234e-10	1.00000000e-10	4.11031600e-04	2.07877809e-13
4.00000000e+01	3.36307690e+01	8.28805068e+06	3.22585391e+05	1.00000000e-09	1.00000000e-09	1.00000000e-10	1.00000000e-10	0.00000000e+00	1.91114654e-13
4.01000000e+01	3.37148459e+01	8.20511304e+06	3.19357313e+05	1.00000000e-09	1.79222501e+02	1.00000000e-10	1.79222501e+01	-1.72923425e+07	1.75703270e-13
4.02000000e+01	3.37989228e+01	8.12217621e+06	3.16129267e+05	2.14791442e-09	2.81684410e+03	2.14791442e-10	2.81684410e+02	-2.71784139e+08	1.61534652e-13
4.03000000e+01	3.38829998e+01	8.03923938e+06	3.12901221e+05	5.41030298e-09	1.00000000e-09	5.41030298e-10	1.00000000e-10	4.25529548e-04	1.48508584e-13
4.04000000e+01	3.39670767e+01	7.95630256e+06	3.09673175e+05	1.00000000e-09	1.00000000e-09	1.00000000e-10	1.00000000e-10	0.00000000e+00	1.36532931e-13
4.05000000e+01	3.40511536e+01	7.87336900e+06	3.06445256e+05	1.00000000e-09	1.00000000e-09	1.00000000e-10	1.00000000e-10	0.00000000e+00	1.25522989e-13
4.06000000e+01	3.41352305e+01	7.79043643e+06	3.03217376e+05	1.37728892e-09	2.81612565e+03	1.37728892e-10	2.81612565e+02	-2.71714819e+08	1.15400882e-13
4.07000000e+01	3.42193075e+01	7.70750387e+06	2.99989496e+05	5.47532805e-09	9.37731531e+01	5.47532805e-10	9.37731531e+00	-9.04773383e+06	1.06095016e-13
4.08000000e+01	3.43033844e+01	7.62457131e+06	2.96761616e+05	1.00000000e-09	1.00000000e-09	1.00000000e-10	1.00000000e-10	0.00000000e+00	9.75395708e-14
4.09000000e+01	3.43874613e+01	7.54164197e+06	2.93533862e+05	1.00000000e-09	1.00000000e-09	1.00000000e-10	1.00000000e-10	0.00000000e+00	8.96740319e-14
4.10000000e+01	3.44715382e+01	7.45871381e+06	2.90306153e+05	1.00000000e-09	2.80330999e+03	1.00000000e-10	2.80330999e+02	-2.70478295e+08	8.24427658e-14
4.11000000e+01	3.45556151e+01	7.37578564e+06	2.87078444e+05	5.46028780e-09	2.78795311e+02	5.46028780e-10	2.78795311e+01	-2.68996582e+07	7.57946252e-14
4.12000000e+01	3.46396921e+01	7.29285748e+06	2.83850735e+05	1.00000000e-09	1.00000000e-09	1.00000000e-10	1.00000000e-10	0.00000000e+00	6.96825871e-14
4.13000000e+01	3.47237690e+01	7.20993249e+06	2.80623150e+05	1.00000000e-09	1.00000000e-09	1.00000000e-10	1.00000000e-10	0.00000000e+00	6.40634205e-14
4.14000000e+01	3.48078459e+01	7.12700886e+06	2.77395618e+05	1.00000000e-09	2.77845916e+03	1.00000000e-10	2.77845916e+02	-2.68080555e+08	5.88973804e-14
4.15000000e+01	3.48919228e+01	7.04408522e+06	2.74168085e+05	5.36700879e-09	4.62323444e+02	5.36700879e-10	4.62323444e+01	-4.46074310e+07	5.41479271e-14
4.16000000e+01	3.49759998e+01	6.96116159e+06	2.70940553e+05	1.00000000e-09	1.00000000e-09	1.00000000e-10	1.00000000e-10	0.00000000e+00	4.97814672e-14
4.17000000e+01	3.50600767e+01	6.87824107e+06	2.67713141e+05	1.00000000e-09	1.00000000e-09	1.00000000e-10	1.00000000e-10	0.00000000e+00	4.57671163e-14
4.18000000e+01	3.51441536e+01	6.79532207e+06	2.64485790e+05	1.00000000e-09	2.74168557e+03	1.00000000e-10	2.74168557e+02	-2.64532443e+08	4.20764804e-14
4.19000000e+01	3.52282305e+01	6.71240308e+06	2.61258438e+05	5.17565853e-09	6.43581700e+02	5.17565853e-10	6.43581700e+01	-6.20961941e+07	3.86834555e-14
4.20000000e+01	3.53123074e+01	6.62948408e+06	2.58031086e+05	1.14720584e-09	1.00000000e-09	1.14720584e-10	1.00000000e-10	1.42032047e-05	3.55640423e-14
4.21000000e+01	3.53963844e+01	6.54656814e+06	2.54803852e+05	1.00000000e-09	1.00000000e-09	1.00000000e-10	1.00000000e-10	0.00000000e+00	3.26961769e-14
4.22000000e+01	3.54804613e+01	6.46365388e+06	2.51576685e+05	1.00000000e-09	2.69315153e+03	1.00000000e-10	2.69315153e+02	-2.59849620e+08	3.00595747e-14
4.23000000e+01	3.55645382e+01	6.38073963e+06	2.48349518e+05	4.88995862e-09	8.21803724e+02	4.88995862e-10	8.21803724e+01	-7.92920052e+07	2.76355866e-14
4.24000000e+01	3.56486151e+01	6.29782537e+06	2.45122350e+05	1.78146183e-09	1.00000000e-09	1.78146183e-10	1.00000000e-10	7.53996043e-05	2.54070677e-14
4.25000000e+01	3.57326921e+01	6.21491409e+06	2.41895298e+05	1.00000000e-09	1.00000000e-09	1.00000000e-10	1.00000000e-10	0.00000000e+00	2.33582553e-14
4.26000000e+01	3.58167690e+01	6.13200466e+06	2.38668319e+05	1.00000000e-09	2.63306863e+03	1.00000000e-10	2.63306863e+02	-2.54052501e+08	2.14746581e-14
4.27000000e+01	3.59008459e+01	6.04909524e+06	2.35441339e+05	4.52139558e-09	9.96235854e+02	4.52139558e-10	9.96235854e+01	-9.61221473e+07	1.97429531e-14
4.28000000e+01	3.59849228e+01	5.96618581e+06	2.32214360e+05	2.35583965e-09	1.00000000e-09	2.35583965e-10	1.00000000e-10	1.30818639e-04	1.81508919e-14
4.29000000e+01	3.60689997e+01	5.88327927e+06	2.28987492e+05	1.00000000e-09	1.00000000e-09	1.00000000e-10	1.00000000e-10	0.00000000e+00	1.66872137e-14
4.30000000e+01	3.61530767e+01	5.80037474e+06	2.25760704e+05	1.00000000e-09	2.56169686e+03	1.00000000e-10	2.56169686e+02	-2.47166172e+08	1.53415657e-14
4.31000000e+01	3.62371536e+01	5.71747022e+06	2.22533915e+05	4.08231207e-09	1.16614027e+03	4.08231207e-10	1.16614027e+02	-1.12515431e+08	1.41044300e-14
4.32000000e+01	3.63212305e+01	5.63456569e+06	2.19307126e+05	2.86127496e-09	1.00000000e-09	2.86127496e-10	1.00000000e-10	1.79585733e-04	1.29670563e-14
4.33000000e+01	3.64053074e+01	5.55166395e+06	2.16080446e+05	1.00000000e-09	1.00000000e-09	1.00000000e-10	1.00000000e-10	0.00000000e+00	1.19213998e-14
4.34000000e+01	3.64893844e+01	5.46876438e+06	2.12853850e+05	1.00000000e-09	2.47934359e+03	1.00000000e-10	2.47934359e+02	-2.39220289e+08	1.09600645e-14
4.35000000e+01	3.65734613e+01	5.38586482e+06	2.09627254e+05	3.58525378e-09	1.33079809e+03	3.58525378e-10	1.33079809e+02	-1.28402495e+08	1.00762507e-14
4.36000000e+01	3.66575382e+01	5.30296525e+06	2.06400658e+05	3.29112013e-09	1.00000000e-09	3.29112013e-10	1.00000000e-10	2.21059487e-04	9.26370726e-15
4.37000000e+01	3.67416151e+01	5.22006836e+06	2.03174167e+05	1.00000000e-09	1.00000000e-09	1.00000000e-10	1.00000000e-10	0.00000000e+00	8.51668685e-15
4.38000000e+01	3.68256921e+01	5.13717379e+06	1.99947766e+05	1.00000000e-09	2.38636228e+03	1.00000000e-10	2.38636228e+02	-2.30248957e+08	7.82990577e-15
4.39000000e+01	3.69097690e+01	5.05427923e+06	1.96721365e+05	3.04251611e-09	1.48951235e+03	3.04251611e-10	1.48951235e+02	-1.43716094e+08	7.19850635e-15
4.40000000e+01	3.69938459e+01	4.97138466e+06	1.93494964e+05	3.64086809e-09	1.00000000e-09	3.64086809e-10	1.00000000e-10	2.54805034e-04	6.61802264e-15
4.41000000e+01	3.70779228e+01	4.88849266e+06	1.90268662e+05	1.00000000e-09	1.00000000e-09	1.00000000e-10	1.00000000e-10	0.00000000e+00	6.08434883e-15
4.42000000e+01	3.71619997e+01	4.80560313e+06	1.87042457e+05	1.00000000e-09	2.28315108e+03	1.00000000e-10	2.28315108e+02	-2.20290591e+08	5.59371018e-15
4.43000000e+01	3.72460767e+01	4.72271360e+06	1.83816252e+05	2.46587978e-09	1.64161100e+03	2.46587978e-10	1.64161100e+02	-1.58391383e+08	5.14263638e-15
4.44000000e+01	3.73301536e+01	4.63982406e+06	1.80590047e+05	3.90788098e-09	1.00000000e-09	3.90788098e-10	1.00000000e-10	2.80567862e-04	4.72793693e-15
4.45000000e+01	3.74142305e+01	4.55693697e+06	1.77363936e+05	1.00000000e-09	1.00000000e-09	1.00000000e-10	1.00000000e-10	0.00000000e+00	4.34667862e-15
4.46000000e+01	3.74983074e+01	4.47405248e+06	1.74137927e+05	1.00000000e-09	2.17015119e+03	1.00000000e-10	2.17015119e+02	-2.09387758e+08	3.99616478e-15
4.47000000e+01	3.75823844e+01	4.39116799e+06	1.70911919e+05	1.86622875e-09	1.78644966e+03	1.86622875e-10	1.78644966e+02	-1.72366189e+08	3.67391618e-15
4.48000000e+01	3.76664613e+01	4.30828350e+06	1.67685910e+05	4.09555528e-09	1.00000000e-09	4.09555528e-10	1.00000000e-10	2.98675679e-04	3.37765354e-15
4.49000000e+01	3.77505382e+01	4.22540132e+06	1.64459991e+05	1.00000000e-09	1.00000000e-09	1.00000000e-10	1.00000000e-10	0.00000000e+00	3.10528136e-15
4.50000000e+01	3.78346151e+01	4.14252188e+06	1.61234178e+05	1.00000000e-09	2.04784501e+03	1.00000000e-10	2.04784501e+02	-1.97587006e+08	2.85487313e-15
4.51000000e+01	3.79186920e+01	4.05964243e+06	1.58008366e+05	1.25226192e-09	1.92341438e+03	1.25226192e-10	1.92341438e+02	-1.85581275e+08	2.62465769e-15
4.52000000e+01	3.80027690e+01	3.97676299e+06	1.54782553e+05	4.20814441e-09	1.00000000e-09	4.20814441e-10	1.00000000e-10	3.09538879e-04	2.41300669e-15
4.53000000e+01	3.80868459e+01	3.89388571e+06	1.51556825e+05	1.00000000e-09	1.00000000e-09	1.00000000e-10	1.00000000e-10	0.00000000e+00	2.21842312e-15
4.54000000e+01	3.81709228e+01	3.81101129e+06	1.48331208e+05	1.00000000e-09	1.91675422e+03	1.00000000e-10	1.91675422e+02	-1.84938668e+08	2.03953067e-15
4.55000000e+01	3.82549997e+01	3.72813688e+06	1.45105591e+05	1.00000000e-09	2.05192422e+03	1.00000000e-10	2.05192422e+02	-1.97980589e+08	1.87506400e-15
4.56000000e+01	3.83390767e+01	3.64526246e+06	1.41879974e+05	4.24688059e-09	1.00000000e-09	4.24688059e-10	1.00000000e-10	3.13276352e-04	1.72385984e-15
4.57000000e+01	3.84231536e+01	3.56239006e+06	1.38654436e+05	1.00000000e-09	1.00000000e-09	1.00000000e-10	1.00000000e-10	0.00000000e+00	1.58484870e-15
4.58000000e+01	3.85072305e+01	3.47952064e+06	1.35429013e+05	1.00000000e-09	1.77743759e+03	1.00000000e-10	1.77743759e+02	-1.71496656e+08	1.45704735e-15
4.59000000e+01	3.85913074e+01	3.39665122e+06	1.32203591e+05	1.00000000e-09	2.17143371e+03	1.00000000e-10	2.17143371e+02	-2.09511503e+08	1.33955183e-15
4.60000000e+01	3.86753843e+01	3.31378180e+06	1.28978168e+05	4.21273864e-09	1.00000000e-09	4.21273864e-10	1.00000000e-10	3.09982155e-04	1.23153109e-15
4.61000000e+01	3.87594613e+01	3.23091425e+06	1.25752819e+05	1.00000000e-09	1.00000000e-09	1.00000000e-10	1.00000000e-10	0.00000000e+00	1.13222108e-15
4.62000000e+01	3.88435382e+01	3.14804977e+06	1.22527589e+05	1.00000000e-09	1.63048867e+03	1.00000000e-10	1.63048867e+02	-1.57318240e+08	1.04091937e-15
4.63000000e+01	3.89276151e+01	3.06518530e+06	1.19302359e+05	1.00000000e-09	2.28143519e+03	1.00000000e-10	2.28143519e+02	-2.20125032e+08	9.56980191e-16
4.64000000e+01	3.90116920e+01	2.98232083e+06	1.16077129e+05	4.09040749e-09	1.00000000e-09	4.09040749e-10	1.00000000e-10	2.98178993e-04	8.79809819e-16
4.65000000e+01	3.90957690e+01	2.89945806e+06	1.12851966e+05	1.00000000e-09	1.00000000e-09	1.00000000e-10	1.00000000e-10	0.00000000e+00	8.08862425e-16
4.66000000e+01	3.91798459e+01	2.81659848e+06	1.09626926e+05	1.00000000e-09	1.47653334e+03	1.00000000e-10	1.47653334e+02	-1.42463809e+08	7.43636191e-16
4.67000000e+01	3.92639228e+01	2.73373889e+06	1.06401887e+05	1.00000000e-09	2.38146095e+03	1.00000000e-10	2.38146095e+02	-2.29776050e+08	6.83669765e-16
4.68000000e+01	3.93479997e+01	2.65087931e+06	1.03176847e+05	3.87744477e-09	1.00000000e-09	3.87744477e-10	1.00000000e-10	2.77631214e-04	6.28539001e-16
4.69000000e+01	3.94320766e+01	2.56802127e+06	9.99518676e+04	1.45597952e-09	1.00000000e-09	1.45597952e-10	1.00000000e-10	4.39953354e-05	5.77853951e-16
4.70000000e+01	3.95161536e+01	2.48516649e+06	9.67270153e+04	1.00000000e-09	1.31622722e+03	1.00000000e-10	1.31622722e+02	-1.26996621e+08	5.31256117e-16
4.71000000e+01	3.96002305e+01	2.40231172e+06	9.35021629e+04	1.00000000e-09	2.47108520e+03	1.00000000e-10	2.47108520e+02	-2.38423476e+08	4.88415907e-16
4.72000000e+01	3.96843074e+01	2.31945695e+06	9.02773106e+04	3.58002720e-09	1.00000000e-09	3.58002720e-10	1.00000000e-10	2.48934781e-04	4.49030309e-16
4.73000000e+01	3.97683843e+01	2.23660354e+06	8.70525117e+04	1.97826437e-09	1.00000000e-09	1.97826437e-10	1.00000000e-10	9.43881627e-05	4.12820745e-16
4.74000000e+01	3.98524613e+01	2.15375349e+06	8.38278431e+04	1.00000000e-09	1.15025295e+03	1.00000000e-10	1.15025295e+02	-1.10982538e+08	3.79531100e-16
4.75000000e+01	3.99365382e+01	2.07090344e+06	8.06031744e+04	1.00000000e-09	2.54992597e+03	1.00000000e-10	2.54992597e+02	-2.46030454e+08	3.48925915e-16
4.76000000e+01	4.00206151e+01	1.98805338e+06	7.73785058e+04	3.20644678e-09	1.00000000e-09	3.20644678e-10	1.00000000e-10	2.12889751e-04	3.20788716e-16
4.77000000e+01	4.01046920e+01	1.90520453e+06	7.41538838e+04	2.44199176e-09	1.00000000e-09	2.44199176e-10	1.00000000e-10	1.39131054e-04	2.94920485e-16
4.78000000e+01	4.01887690e+01	1.82235909e+06	7.09293948e+04	1.00000000e-09	9.79317302e+02	1.00000000e-10	9.79317302e+01	-9.44897552e+07	2.71138254e-16
4.79000000e+01	4.02728459e+01	1.73951365e+06	6.77049058e+04	1.00000000e-09	2.61764667e+03	1.00000000e-10	2.61764667e+02	-2.52564508e+08	2.49273810e-16
4.80000000e+01	4.03569228e+01	1.65666821e+06	6.44804168e+04	2.76676554e-09	1.00000000e-09	2.76676554e-10	1.00000000e-10	1.70466960e-04	2.29172503e-16
4.81000000e+01	4.04409997e+01	1.57382379e+06	6.12559675e+04	2.83643062e-09	1.00000000e-09	2.83643062e-10	1.00000000e-10	1.77188618e-04	2.10692155e-16
4.82000000e+01	4.05250766e+01	1.49098285e+06	5.80316534e+04	1.00000000e-09	8.04148292e+02	1.00000000e-10	8.04148292e+01	-7.75885150e+07	1.93702052e-16
4.83000000e+01	4.06091536e+01	1.40814190e+06	5.48073394e+04	1.00000000e-09	2.67395759e+03	1.00000000e-10	2.67395759e+02	-2.57997686e+08	1.78082022e-16
4.84000000e+01	4.06932305e+01	1.32530096e+06	5.15830253e+04	2.27241288e-09	1.00000000e-09	2.27241288e-10	1.00000000e-10	1.22769179e-04	1.63721583e-16
4.85000000e+01	4.07773074e+01	1.24246085e+06	4.83587439e+04	3.15323848e-09	1.00000000e-09	3.15323848e-10	1.00000000e-10	2.07755929e-04	1.50519162e-16
4.86000000e+01	4.08613843e+01	1.15962427e+06	4.51345997e+04	1.00000000e-09	6.25492091e+02	1.00000000e-10	6.25492091e+01	-6.03508122e+07	1.38381377e-16
4.87000000e+01	4.09454613e+01	1.07678769e+06	4.19104555e+04	1.00000000e-09	2.71861716e+03	1.00000000e-10	2.71861716e+02	-2.62306679e+08	1.27222377e-16
4.88000000e+01	4.10295382e+01	9.93951112e+05	3.86863112e+04	1.73574350e-09	1.00000000e-09	1.73574350e-10	1.00000000e-10	7.09884562e-05	1.16963232e-16
4.89000000e+01	4.11136151e+01	9.11115185e+05	3.54621924e+04	3.38650228e-09	1.00000000e-09	3.38650228e-10	1.00000000e-10	2.30262465e-04	1.07531379e-16
4.90000000e+01	4.11976920e+01	8.28282821e+05	3.22382123e+04	1.00000000e-09	4.44109921e+02	1.00000000e-10	4.44109921e+01	-4.28500932e+07	9.88601065e-17
4.91000000e+01	4.12817689e+01	7.45450457e+05	2.90142322e+04	1.00000000e-09	2.75143297e+03	1.00000000e-10	2.75143297e+02	-2.65472924e+08	9.08880802e-17
4.92000000e+01	4.13658459e+01	6.62618093e+05	2.57902521e+04	1.16958535e-09	1.00000000e-09	1.16958535e-10	1.00000000e-10	1.63624988e-05	8.35589140e-17
4.93000000e+01	4.14499228e+01	5.79786197e+05	2.25662902e+04	3.53260472e-09	1.00000000e-09	3.53260472e-10	1.00000000e-10	2.44359208e-04	7.68207678e-17
4.94000000e+01	4.15339997e+01	4.96957891e+05	1.93424681e+04	1.00000000e-09	2.60774852e+02	1.00000000e-10	2.60774852e+01	-2.51609482e+07	7.06259821e-17
4.95000000e+01	4.16180766e+01	4.14129585e+05	1.61186459e+04	1.00000000e-09	2.77226265e+03	1.00000000e-10	2.77226265e+02	-2.67482682e+08	6.49307406e-17
4.96000000e+01	4.17021536e+01	3.31301280e+05	1.28948238e+04	1.00000000e-09	1.00000000e-09	1.00000000e-10	1.00000000e-10	0.00000000e+00	5.96947603e-17
4.97000000e+01	4.17862305e+01	2.48473254e+05	9.67101249e+03	3.58995628e-09	1.00000000e-09	3.58995628e-10	1.00000000e-10	2.49892792e-04	5.48810067e-17
4.98000000e+01	4.18703074e+01	1.65648836e+05	6.44734166e+03	1.00000000e-09	7.62685626e+01	1.00000000e-10	7.62685626e+00	-7.35879759e+06	5.04554316e-17
4.99000000e+01	4.19543843e+01	8.28244178e+04	3.22367083e+03	1.00000000e-09	2.78101449e+03	1.00000000e-10	2.78101449e+02	-2.68327106e+08	4.63867326e-17
5.00000000e+01	4.20384612e+01	0.00000000e+00	0.00000000e+00	1.00000000e+01	1.00000000e+01	1.00000000e+00	1.00000000e+00	0.00000000e+00	4.26461312e-17
