# 1D PNP Solver Results
# Debye length: 1.18939 nm
# Surface potential: 100 mV
# Bulk concentration: 10 mol/m^3
# Thermal voltage: 25.6926 mV
# Grid: non-uniform with stretching factor 1
#
# Columns:
# 1: x [nm]
# 2: x/lambda_D [-]
# 3: phi [mV]
# 4: phi_normalized = e*phi/(kB*T) [-]
# 5: c+ [mol/m^3]
# 6: c- [mol/m^3]
# 7: c+/c0 [-]
# 8: c-/c0 [-]
# 9: rho [C/m^3]
# 10: phi_GC [mV] (Gouy-Chapman analytical)
0.00000000e+00	0.00000000e+00	1.00000000e+02	3.89217445e+00	1.00000000e-09	6.44008384e+05	1.00000000e-10	6.44008384e+04	-6.21373628e+10	1.00000000e+02
1.00000000e-01	8.40769225e-02	-1.39408876e+05	-5.42603665e+03	1.00000000e-09	1.04263693e+04	1.00000000e-10	1.04263693e+03	-1.00599171e+09	8.70576373e+01
2.00000000e-01	1.68153845e-01	-2.78917752e+05	-1.08559655e+04	4.52242111e-07	1.00000000e-09	4.52242111e-08	1.00000000e-10	4.35382449e-02	7.68715638e+01
3.00000000e-01	2.52230767e-01	-4.18426628e+05	-1.62858943e+04	1.00000000e-09	1.00000000e-09	1.00000000e-10	1.00000000e-10	0.00000000e+00	6.85207345e+01
4.00000000e-01	3.36307690e-01	-5.57894920e+05	-2.17142435e+04	1.00000000e-09	6.43510885e+05	1.00000000e-10	6.43510885e+04	-6.20893614e+10	6.14862309e+01
5.00000000e-01	4.20384612e-01	-6.96655877e+05	-2.71150620e+04	1.00000000e-09	3.28696005e+04	1.00000000e-10	3.28696005e+03	-3.17143432e+09	5.54461690e+01
6.00000000e-01	5.04461535e-01	-8.35416834e+05	-3.25158806e+04	3.88744448e-07	1.00000000e-09	3.88744448e-08	1.00000000e-10	3.74116519e-02	5.01866549e+01
7.00000000e-01	5.88538457e-01	-9.74177791e+05	-3.79166991e+04	1.00000000e-09	1.00000000e-09	1.00000000e-10	1.00000000e-10	0.00000000e+00	4.55579535e+01
8.00000000e-01	6.72615380e-01	-1.11285625e+06	-4.33143066e+04	1.00000000e-09	6.42286919e+05	1.00000000e-10	6.42286919e+04	-6.19712667e+10	4.14508515e+01
9.00000000e-01	7.56692302e-01	-1.25082659e+06	-4.86843528e+04	1.00000000e-09	5.55116303e+04	1.00000000e-10	5.55116303e+03	-5.35605808e+09	3.77829914e+01
1.00000000e+00	8.40769225e-01	-1.38879692e+06	-5.40543991e+04	3.48528161e-07	1.00000000e-09	3.48528161e-08	1.00000000e-10	3.35313700e-02	3.44905241e+01
1.10000000e+00	9.24846147e-01	-1.52676726e+06	-5.94244453e+04	1.00000000e-09	1.00000000e-09	1.00000000e-10	1.00000000e-10	0.00000000e+00	3.15227780e+01
1.20000000e+00	1.00892307e+00	-1.66461176e+06	-6.47895937e+04	1.00000000e-09	6.40323058e+05	1.00000000e-10	6.40323058e+04	-6.17817829e+10	2.88387272e+01
1.30000000e+00	1.09299999e+00	-1.80174680e+06	-7.01271284e+04	1.00000000e-09	7.83347713e+04	1.00000000e-10	7.83347713e+03	-7.55815643e+09	2.64045776e+01
1.40000000e+00	1.17707691e+00	-1.93888183e+06	-7.54646631e+04	3.22300644e-07	1.00000000e-09	3.22300644e-08	1.00000000e-10	3.10007993e-02	2.41920729e+01
1.50000000e+00	1.26115384e+00	-2.07601686e+06	-8.08021978e+04	1.00000000e-09	1.00000000e-09	1.00000000e-10	1.00000000e-10	0.00000000e+00	2.21772778e+01
1.60000000e+00	1.34523076e+00	-2.21298119e+06	-8.61330886e+04	1.00000000e-09	6.37605058e+05	1.00000000e-10	6.37605058e+04	-6.15195358e+10	2.03396868e+01
1.70000000e+00	1.42930768e+00	-2.34923411e+06	-9.14362900e+04	1.00000000e-09	1.01321161e+05	1.00000000e-10	1.01321161e+04	-9.77600585e+09	1.86615585e+01
1.80000000e+00	1.51338460e+00	-2.48548703e+06	-9.67394913e+04	3.05366444e-07	1.00000000e-09	3.05366444e-08	1.00000000e-10	2.93668974e-02	1.71274116e+01
1.90000000e+00	1.59746153e+00	-2.62173995e+06	-1.02042693e+05	1.00000000e-09	1.00000000e-09	1.00000000e-10	1.00000000e-10	0.00000000e+00	1.57236358e+01
2.00000000e+00	1.68153845e+00	-2.75777567e+06	-1.07337440e+05	1.00000000e-09	6.34117732e+05	1.00000000e-10	6.34117732e+04	-6.11830600e+10	1.44381886e+01
2.10000000e+00	1.76561537e+00	-2.89309740e+06	-1.12604398e+05	1.59104468e-09	1.24452742e+05	1.59104468e-10	1.24452742e+04	-1.20078642e+10	1.32603556e+01
2.20000000e+00	1.84969229e+00	-3.02841912e+06	-1.17871355e+05	2.95320778e-07	1.00000000e-09	2.95320778e-08	1.00000000e-10	2.83976380e-02	1.21805577e+01
2.30000000e+00	1.93376922e+00	-3.16374085e+06	-1.23138313e+05	1.00000000e-09	1.00000000e-09	1.00000000e-10	1.00000000e-10	0.00000000e+00	1.11901960e+01
2.40000000e+00	2.01784614e+00	-3.29879710e+06	-1.28394938e+05	1.00000000e-09	6.29844787e+05	1.00000000e-10	6.29844787e+04	-6.07707834e+10	1.02815237e+01
2.50000000e+00	2.10192306e+00	-3.43313610e+06	-1.33623646e+05	2.42634811e-09	1.47711246e+05	2.42634811e-10	1.47711246e+04	-1.42519686e+10	9.44754093e+00
2.60000000e+00	2.18599998e+00	-3.56747510e+06	-1.38852354e+05	2.90955179e-07	1.00000000e-09	2.90955179e-08	1.00000000e-10	2.79764217e-02	8.68190590e+00
2.70000000e+00	2.27007691e+00	-3.70181410e+06	-1.44081063e+05	1.00000000e-09	1.00000000e-09	1.00000000e-10	1.00000000e-10	0.00000000e+00	7.97886054e+00
2.80000000e+00	2.35415383e+00	-3.83583745e+06	-1.49297485e+05	1.00000000e-09	6.24768648e+05	1.00000000e-10	6.24768648e+04	-6.02810105e+10	7.33316685e+00
2.90000000e+00	2.43823075e+00	-3.96913956e+06	-1.54485836e+05	3.24705626e-09	1.71078160e+05	3.24705626e-10	1.71078160e+04	-1.65065331e+10	6.74005227e+00
3.00000000e+00	2.52230767e+00	-4.10244168e+06	-1.59674187e+05	2.91849419e-07	1.00000000e-09	2.91849419e-08	1.00000000e-10	2.80627028e-02	6.19516235e+00
3.10000000e+00	2.60638460e+00	-4.23574379e+06	-1.64862538e+05	1.00000000e-09	1.00000000e-09	1.00000000e-10	1.00000000e-10	0.00000000e+00	5.69451955e+00
3.20000000e+00	2.69046152e+00	-4.36867800e+06	-1.70036569e+05	1.00000000e-09	6.18870249e+05	1.00000000e-10	6.18870249e+04	-5.97119015e+10	5.23448697e+00
3.30000000e+00	2.77453844e+00	-4.50088622e+06	-1.75182343e+05	4.00625440e-09	1.94534703e+05	4.00625440e-10	1.94534703e+04	-1.87697454e+10	4.81173646e+00
3.40000000e+00	2.85861536e+00	-4.63309443e+06	-1.80328118e+05	2.98292901e-07	1.00000000e-09	2.98292901e-08	1.00000000e-10	2.86844043e-02	4.42322017e+00
3.50000000e+00	2.94269229e+00	-4.76530265e+06	-1.85473892e+05	1.00000000e-09	1.00000000e-09	1.00000000e-10	1.00000000e-10	0.00000000e+00	4.06614534e+00
3.60000000e+00	3.02676921e+00	-4.89708846e+06	-1.90603226e+05	1.00000000e-09	6.12128784e+05	1.00000000e-10	6.12128784e+04	-5.90614490e+10	3.73795159e+00
3.70000000e+00	3.11084613e+00	-5.02814268e+06	-1.95704085e+05	4.56098811e-09	2.18061784e+05	4.56098811e-10	2.18061784e+04	-2.10397636e+10	3.43629058e+00
3.80000000e+00	3.19492305e+00	-5.15919690e+06	-2.00804943e+05	3.11496948e-07	1.00000000e-09	3.11496948e-08	1.00000000e-10	2.99584011e-02	3.15900770e+00
3.90000000e+00	3.27899998e+00	-5.29025111e+06	-2.05905802e+05	1.00000000e-09	1.00000000e-09	1.00000000e-10	1.00000000e-10	0.00000000e+00	2.90412542e+00
4.00000000e+00	3.36307690e+00	-5.42082599e+06	-2.10988004e+05	1.00000000e-09	6.04521422e+05	1.00000000e-10	6.04521422e+04	-5.83274502e+10	2.66982829e+00
4.10000000e+00	3.44715382e+00	-5.55066275e+06	-2.16041477e+05	4.51186872e-09	2.41639958e+05	4.51186872e-10	2.41639958e+04	-2.33147116e+10	2.45444929e+00
4.20000000e+00	3.53123074e+00	-5.68049951e+06	-2.21094950e+05	3.34358886e-07	1.00000000e-09	3.34358886e-08	1.00000000e-10	3.21642428e-02	2.25645740e+00
4.30000000e+00	3.61530767e+00	-5.81033627e+06	-2.26148424e+05	1.00000000e-09	1.00000000e-09	1.00000000e-10	1.00000000e-10	0.00000000e+00	2.07444628e+00
4.40000000e+00	3.69938459e+00	-5.93963405e+06	-2.31180919e+05	1.00000000e-09	5.96022964e+05	1.00000000e-10	5.96022964e+04	-5.75074736e+10	1.90712395e+00
4.50000000e+00	3.78346151e+00	-6.06818623e+06	-2.36184394e+05	2.62265158e-09	2.65249371e+05	2.62265158e-10	2.65249371e+04	-2.55926737e+10	1.75330334e+00
4.60000000e+00	3.86753843e+00	-6.19673841e+06	-2.41187869e+05	3.73916429e-07	1.00000000e-09	3.73916429e-08	1.00000000e-10	3.59809655e-02	1.61189369e+00
4.70000000e+00	3.95161536e+00	-6.32529060e+06	-2.46191344e+05	1.00000000e-09	1.00000000e-09	1.00000000e-10	1.00000000e-10	0.00000000e+00	1.48189263e+00
4.80000000e+00	4.03569228e+00	-6.45324123e+06	-2.51171406e+05	1.00000000e-09	5.86605429e+05	1.00000000e-10	5.86605429e+04	-5.65988197e+10	1.36237899e+00
4.90000000e+00	4.11976920e+00	-6.58043770e+06	-2.56122115e+05	1.00000000e-09	2.88869697e+05	1.00000000e-10	2.88869697e+04	-2.78716887e+10	1.25250612e+00
5.00000000e+00	4.20384612e+00	-6.70763417e+06	-2.61072823e+05	4.50996865e-07	1.00000000e-09	4.50996865e-08	1.00000000e-10	4.34180970e-02	1.15149587e+00
5.10000000e+00	4.28792305e+00	-6.83483064e+06	-2.66023532e+05	1.00000000e-09	1.00000000e-09	1.00000000e-10	1.00000000e-10	0.00000000e+00	1.05863300e+00
5.20000000e+00	4.37199997e+00	-6.96135974e+06	-2.70948265e+05	1.00000000e-09	5.76237568e+05	1.00000000e-10	5.76237568e+04	-5.55984731e+10	9.73260072e-01
5.30000000e+00	4.45607689e+00	-7.08712495e+06	-2.75843267e+05	1.00000000e-09	3.12480056e+05	1.00000000e-10	3.12480056e+04	-3.01497419e+10	8.94772759e-01
5.40000000e+00	4.54015381e+00	-7.21289016e+06	-2.80738268e+05	6.78091401e-07	1.00000000e-09	6.78091401e-08	1.00000000e-10	6.53293887e-02	8.22615544e-01
5.50000000e+00	4.62423074e+00	-7.33865538e+06	-2.85633270e+05	3.21186113e-07	1.00000000e-09	3.21186113e-08	1.00000000e-10	3.08932634e-02	7.56277766e-01
5.60000000e+00	4.70830766e+00	-7.46368380e+06	-2.90499594e+05	1.00000000e-09	5.64884256e+05	1.00000000e-10	5.64884256e+04	-5.45030451e+10	6.95289988e-01
5.70000000e+00	4.79238458e+00	-7.58793735e+06	-2.95335759e+05	1.00000000e-09	3.36058912e+05	1.00000000e-10	3.36058912e+04	-3.24247558e+10	6.39220665e-01
5.80000000e+00	4.87646150e+00	-7.71219090e+06	-3.00171924e+05	4.08583262e-08	1.00000000e-09	4.08583262e-09	1.00000000e-10	3.84574384e-03	5.87673079e-01
5.90000000e+00	4.96053843e+00	-7.83644445e+06	-3.05008088e+05	1.80267118e-08	1.00000000e-09	1.80267118e-09	1.00000000e-10	1.64282794e-03	5.40282524e-01
6.00000000e+00	5.04461535e+00	-7.95988779e+06	-3.09812719e+05	1.00000000e-09	5.52505763e+05	1.00000000e-10	5.52505763e+04	-5.33087020e+10	4.96713722e-01
6.10000000e+00	5.12869227e+00	-8.08254387e+06	-3.14586707e+05	1.00000000e-09	3.59583961e+05	1.00000000e-10	3.59583961e+04	-3.46945779e+10	4.56658442e-01
6.20000000e+00	5.21276919e+00	-8.20519995e+06	-3.19360696e+05	1.78652211e-08	1.00000000e-09	1.78652211e-09	1.00000000e-10	1.62724646e-03	4.19833321e-01
6.30000000e+00	5.29684612e+00	-8.32785603e+06	-3.24134685e+05	1.31131536e-08	1.00000000e-09	1.31131536e-09	1.00000000e-10	1.16874165e-03	3.85977854e-01
6.40000000e+00	5.38092304e+00	-8.44962402e+06	-3.28874107e+05	1.00000000e-09	5.39056838e+05	1.00000000e-10	5.39056838e+04	-5.20110781e+10	3.54852548e-01
6.50000000e+00	5.46499996e+00	-8.57059084e+06	-3.33582347e+05	1.00000000e-09	3.83031969e+05	1.00000000e-10	3.83031969e+04	-3.69569668e+10	3.26237227e-01
6.60000000e+00	5.54907688e+00	-8.69155765e+06	-3.38290586e+05	1.38195357e-08	1.00000000e-09	1.38195357e-09	1.00000000e-10	1.23689716e-03	2.99929475e-01
6.70000000e+00	5.63315381e+00	-8.81252446e+06	-3.42998825e+05	1.33565968e-08	1.00000000e-09	1.33565968e-09	1.00000000e-10	1.19223035e-03	2.75743201e-01
6.80000000e+00	5.71723073e+00	-8.93252029e+06	-3.47669272e+05	1.00000000e-09	5.24485576e+05	1.00000000e-10	5.24485576e+04	-5.06051650e+10	2.53507323e-01
6.90000000e+00	5.80130765e+00	-9.05169932e+06	-3.52307928e+05	1.00000000e-09	4.06378588e+05	1.00000000e-10	4.06378588e+04	-3.92095731e+10	2.33064554e-01
7.00000000e+00	5.88538457e+00	-9.17087836e+06	-3.56946584e+05	1.00000000e-09	1.00000000e-09	1.00000000e-10	1.00000000e-10	0.00000000e+00	2.14270296e-01
7.10000000e+00	5.96946150e+00	-9.29005739e+06	-3.61585240e+05	1.00000000e-09	1.00000000e-09	1.00000000e-10	1.00000000e-10	0.00000000e+00	1.96991610e-01
7.20000000e+00	6.05353842e+00	-9.40817688e+06	-3.66182657e+05	1.00000000e-09	5.08731977e+05	1.00000000e-10	5.08731977e+04	-4.90851737e+10	1.81106277e-01
7.30000000e+00	6.13761534e+00	-9.52546209e+06	-3.70747602e+05	1.00000000e-09	4.29598107e+05	1.00000000e-10	4.29598107e+04	-4.14499161e+10	1.66501937e-01
7.40000000e+00	6.22169226e+00	-9.64274730e+06	-3.75312547e+05	1.00000000e-09	1.00000000e-09	1.00000000e-10	1.00000000e-10	0.00000000e+00	1.53075289e-01
7.50000000e+00	6.30576919e+00	-9.76003251e+06	-3.79877492e+05	1.00000000e-09	1.00000000e-09	1.00000000e-10	1.00000000e-10	0.00000000e+00	1.40731363e-01
7.60000000e+00	6.38984611e+00	-9.87616319e+06	-3.84397500e+05	1.00000000e-09	4.91726114e+05	1.00000000e-10	4.91726114e+04	-4.74443574e+10	1.29382849e-01
7.70000000e+00	6.47392303e+00	-9.99144001e+06	-3.88884275e+05	1.00000000e-09	4.52663137e+05	1.00000000e-10	4.52663137e+04	-4.36753532e+10	1.18949475e-01
7.80000000e+00	6.55799995e+00	-1.01067168e+07	-3.93371050e+05	1.00000000e-09	1.00000000e-09	1.00000000e-10	1.00000000e-10	0.00000000e+00	1.09357445e-01
7.90000000e+00	6.64207688e+00	-1.02219936e+07	-3.97857825e+05	1.00000000e-09	1.00000000e-09	1.00000000e-10	1.00000000e-10	0.00000000e+00	1.00538914e-01
8.00000000e+00	6.72615380e+00	-1.03360136e+07	-4.02295681e+05	1.00000000e-09	4.73385754e+05	1.00000000e-10	4.73385754e+04	-4.56747817e+10	9.24315047e-02
8.10000000e+00	6.81023072e+00	-1.04491578e+07	-4.06699449e+05	1.00000000e-09	4.75544196e+05	1.00000000e-10	4.75544196e+04	-4.58830397e+10	8.49778740e-02
8.20000000e+00	6.89430764e+00	-1.05623020e+07	-4.11103218e+05	1.00000000e-09	1.00000000e-09	1.00000000e-10	1.00000000e-10	0.00000000e+00	7.81253008e-02
8.30000000e+00	6.97838457e+00	-1.06754461e+07	-4.15506987e+05	1.00000000e-09	1.00000000e-09	1.00000000e-10	1.00000000e-10	0.00000000e+00	7.18253161e-02
8.40000000e+00	7.06246149e+00	-1.07872227e+07	-4.19857525e+05	1.00000000e-09	4.53613239e+05	1.00000000e-10	4.53613239e+04	-4.37670240e+10	6.60333593e-02
8.50000000e+00	7.14653841e+00	-1.08980989e+07	-4.24173021e+05	1.00000000e-09	4.98209155e+05	1.00000000e-10	4.98209155e+04	-4.80698758e+10	6.07084632e-02
8.60000000e+00	7.23061533e+00	-1.10089751e+07	-4.28488517e+05	1.00000000e-09	1.00000000e-09	1.00000000e-10	1.00000000e-10	0.00000000e+00	5.58129641e-02
8.70000000e+00	7.31469226e+00	-1.11198514e+07	-4.32804014e+05	1.00000000e-09	1.00000000e-09	1.00000000e-10	1.00000000e-10	0.00000000e+00	5.13122357e-02
8.80000000e+00	7.39876918e+00	-1.12292394e+07	-4.37061586e+05	1.00000000e-09	4.32291332e+05	1.00000000e-10	4.32291332e+04	-4.17097727e+10	4.71744438e-02
8.90000000e+00	7.48284610e+00	-1.13376996e+07	-4.41283047e+05	1.00000000e-09	5.20622486e+05	1.00000000e-10	5.20622486e+04	-5.02324335e+10	4.33703214e-02
9.00000000e+00	7.56692302e+00	-1.14461598e+07	-4.45504507e+05	1.00000000e-09	1.00000000e-09	1.00000000e-10	1.00000000e-10	0.00000000e+00	3.98729614e-02
9.10000000e+00	7.65099995e+00	-1.15546200e+07	-4.49725967e+05	1.00000000e-09	1.00000000e-09	1.00000000e-10	1.00000000e-10	0.00000000e+00	3.66576268e-02
9.20000000e+00	7.73507687e+00	-1.16614600e+07	-4.53884367e+05	1.00000000e-09	4.09277578e+05	1.00000000e-10	4.09277578e+04	-3.94892830e+10	3.37015752e-02
9.30000000e+00	7.81915379e+00	-1.17673413e+07	-4.58005452e+05	1.00000000e-09	5.42744229e+05	1.00000000e-10	5.42744229e+04	-5.23668572e+10	3.09838980e-02
9.40000000e+00	7.90323071e+00	-1.18732226e+07	-4.62126538e+05	1.00000000e-09	1.00000000e-09	1.00000000e-10	1.00000000e-10	0.00000000e+00	2.84853728e-02
9.50000000e+00	7.98730764e+00	-1.19791039e+07	-4.66247623e+05	1.00000000e-09	1.00000000e-09	1.00000000e-10	1.00000000e-10	0.00000000e+00	2.61883275e-02
9.60000000e+00	8.07138456e+00	-1.20832196e+07	-4.70299987e+05	1.00000000e-09	3.84396534e+05	1.00000000e-10	3.84396534e+04	-3.70886272e+10	2.40765146e-02
9.70000000e+00	8.15546148e+00	-1.21863419e+07	-4.74313685e+05	1.00000000e-09	5.64528522e+05	1.00000000e-10	5.64528522e+04	-5.44687219e+10	2.21349973e-02
9.80000000e+00	8.23953840e+00	-1.22894642e+07	-4.78327384e+05	1.00000000e-09	1.00000000e-09	1.00000000e-10	1.00000000e-10	0.00000000e+00	2.03500429e-02
9.90000000e+00	8.32361533e+00	-1.23925864e+07	-4.82341083e+05	1.00000000e-09	1.00000000e-09	1.00000000e-10	1.00000000e-10	0.00000000e+00	1.87090262e-02
1.00000000e+01	8.40769225e+00	-1.24937816e+07	-4.86279775e+05	1.00000000e-09	3.57428803e+05	1.00000000e-10	3.57428803e+04	-3.44866367e+10	1.72003403e-02
1.01000000e+01	8.49176917e+00	-1.25939443e+07	-4.90178281e+05	1.00000000e-09	5.85921495e+05	1.00000000e-10	5.85921495e+04	-5.65328300e+10	1.58133140e-02
1.02000000e+01	8.57584609e+00	-1.26941069e+07	-4.94076786e+05	1.00000000e-09	1.00000000e-09	1.00000000e-10	1.00000000e-10	0.00000000e+00	1.45381368e-02
1.03000000e+01	8.65992302e+00	-1.27942696e+07	-4.97975291e+05	1.00000000e-09	1.00000000e-09	1.00000000e-10	1.00000000e-10	0.00000000e+00	1.33657892e-02
1.04000000e+01	8.74399994e+00	-1.28923244e+07	-5.01791757e+05	1.00000000e-09	3.28095223e+05	1.00000000e-10	3.28095223e+04	-3.16563766e+10	1.22879791e-02
1.05000000e+01	8.82807686e+00	-1.29893026e+07	-5.05566316e+05	1.00000000e-09	6.06858143e+05	1.00000000e-10	6.06858143e+04	-5.85529094e+10	1.12970830e-02
1.06000000e+01	8.91215378e+00	-1.30862807e+07	-5.09340874e+05	1.00000000e-09	1.00000000e-09	1.00000000e-10	1.00000000e-10	0.00000000e+00	1.03860923e-02
1.07000000e+01	8.99623071e+00	-1.31832588e+07	-5.13115432e+05	1.00000000e-09	1.00000000e-09	1.00000000e-10	1.00000000e-10	0.00000000e+00	9.54856333e-03
1.08000000e+01	9.08030763e+00	-1.32779251e+07	-5.16800009e+05	1.00000000e-09	2.96033450e+05	1.00000000e-10	2.96033450e+04	-2.85628857e+10	8.77857228e-03
1.09000000e+01	9.16438455e+00	-1.33714645e+07	-5.20440723e+05	1.00000000e-09	6.27257912e+05	1.00000000e-10	6.27257912e+04	-6.05211880e+10	8.07067289e-03
1.10000000e+01	9.24846147e+00	-1.34650038e+07	-5.24081437e+05	1.00000000e-09	1.00000000e-09	1.00000000e-10	1.00000000e-10	0.00000000e+00	7.41985814e-03
1.11000000e+01	9.33253840e+00	-1.35585431e+07	-5.27722151e+05	1.00000000e-09	1.00000000e-09	1.00000000e-10	1.00000000e-10	0.00000000e+00	6.82152474e-03
1.12000000e+01	9.41661532e+00	-1.36495378e+07	-5.31263821e+05	1.00000000e-09	2.60762124e+05	1.00000000e-10	2.60762124e+04	-2.51597201e+10	6.27144062e-03
1.13000000e+01	9.50069224e+00	-1.37393477e+07	-5.34759383e+05	1.00000000e-09	6.47018582e+05	1.00000000e-10	6.47018582e+04	-6.24278028e+10	5.76571500e-03
1.14000000e+01	9.58476916e+00	-1.38291577e+07	-5.38254944e+05	1.00000000e-09	1.00000000e-09	1.00000000e-10	1.00000000e-10	0.00000000e+00	5.30077082e-03
1.15000000e+01	9.66884609e+00	-1.39189677e+07	-5.41750505e+05	1.00000000e-09	1.00000000e-09	1.00000000e-10	1.00000000e-10	0.00000000e+00	4.87331949e-03
1.16000000e+01	9.75292301e+00	-1.40059641e+07	-5.45136557e+05	1.00000000e-09	2.21623864e+05	1.00000000e-10	2.21623864e+04	-2.13834521e+10	4.48033760e-03
1.17000000e+01	9.83699993e+00	-1.40917087e+07	-5.48473887e+05	1.00000000e-09	6.66006049e+05	1.00000000e-10	6.66006049e+04	-6.42598149e+10	4.11904557e-03
1.18000000e+01	9.92107685e+00	-1.41774534e+07	-5.51811218e+05	1.00000000e-09	1.00000000e-09	1.00000000e-10	1.00000000e-10	0.00000000e+00	3.78688794e-03
1.19000000e+01	1.00051538e+01	-1.42631980e+07	-5.55148549e+05	1.00000000e-09	1.00000000e-09	1.00000000e-10	1.00000000e-10	0.00000000e+00	3.48151531e-03
1.20000000e+01	1.00892307e+01	-1.43458141e+07	-5.58364112e+05	1.00000000e-09	1.77690555e+05	1.00000000e-10	1.77690555e+04	-1.71445322e+10	3.20076778e-03
1.21000000e+01	1.01733076e+01	-1.44270992e+07	-5.61527867e+05	1.00000000e-09	6.84037399e+05	1.00000000e-10	6.84037399e+04	-6.59995756e+10	2.94265957e-03
1.22000000e+01	1.02573845e+01	-1.45083842e+07	-5.64691622e+05	1.00000000e-09	1.00000000e-09	1.00000000e-10	1.00000000e-10	0.00000000e+00	2.70536508e-03
1.23000000e+01	1.03414615e+01	-1.45896692e+07	-5.67855377e+05	1.00000000e-09	1.00000000e-09	1.00000000e-10	1.00000000e-10	0.00000000e+00	2.48720588e-03
1.24000000e+01	1.04255384e+01	-1.46674507e+07	-5.70882768e+05	1.00000000e-09	1.27597436e+05	1.00000000e-10	1.27597436e+04	-1.23112810e+10	2.28663893e-03
1.25000000e+01	1.05096153e+01	-1.47438054e+07	-5.73854627e+05	1.00000000e-09	7.00851171e+05	1.00000000e-10	7.00851171e+04	-6.76218580e+10	2.10224558e-03
1.26000000e+01	1.05936922e+01	-1.48201601e+07	-5.76826486e+05	1.00000000e-09	1.00000000e-09	1.00000000e-10	1.00000000e-10	0.00000000e+00	1.93272162e-03
1.27000000e+01	1.06777692e+01	-1.48965149e+07	-5.79798346e+05	1.00000000e-09	1.00000000e-09	1.00000000e-10	1.00000000e-10	0.00000000e+00	1.77686798e-03
1.28000000e+01	1.07618461e+01	-1.49689103e+07	-5.82616101e+05	1.00000000e-09	6.92327937e+04	1.00000000e-10	6.92327937e+03	-6.67994909e+09	1.63358230e-03
1.29000000e+01	1.08459230e+01	-1.50397607e+07	-5.85373723e+05	1.00000000e-09	7.16051383e+05	1.00000000e-10	7.16051383e+04	-6.90884555e+10	1.50185109e-03
1.30000000e+01	1.09299999e+01	-1.51106111e+07	-5.88131346e+05	1.00000000e-09	1.00000000e-09	1.00000000e-10	1.00000000e-10	0.00000000e+00	1.38074262e-03
1.31000000e+01	1.10140768e+01	-1.51814616e+07	-5.90888968e+05	1.00000000e-09	1.00000000e-09	1.00000000e-10	1.00000000e-10	0.00000000e+00	1.26940027e-03
1.32000000e+01	1.10981538e+01	-1.52477847e+07	-5.93470380e+05	1.00000000e-09	1.00000000e-09	1.00000000e-10	1.00000000e-10	0.00000000e+00	1.16703651e-03
1.33000000e+01	1.11822307e+01	-1.53124119e+07	-5.95985783e+05	1.00000000e-09	7.28992169e+05	1.00000000e-10	7.28992169e+04	-7.03370516e+10	1.07292731e-03
1.34000000e+01	1.12663076e+01	-1.53770391e+07	-5.98501186e+05	1.00000000e-09	2.98736763e+04	1.00000000e-10	2.98736763e+03	-2.88237158e+09	9.86407027e-04
1.35000000e+01	1.13503845e+01	-1.54416663e+07	-6.01016588e+05	1.00000000e-09	1.00000000e-09	1.00000000e-10	1.00000000e-10	0.00000000e+00	9.06863691e-04
1.36000000e+01	1.14344615e+01	-1.55010354e+07	-6.03327338e+05	1.00000000e-09	1.00000000e-09	1.00000000e-10	1.00000000e-10	0.00000000e+00	8.33734687e-04
1.37000000e+01	1.15185384e+01	-1.55585071e+07	-6.05564239e+05	1.00000000e-09	7.38509358e+05	1.00000000e-10	7.38509358e+04	-7.12553207e+10	7.66502767e-04
1.38000000e+01	1.16026153e+01	-1.56159789e+07	-6.07801141e+05	1.00000000e-09	1.22088571e+05	1.00000000e-10	1.22088571e+04	-1.17797563e+10	7.04692393e-04
1.39000000e+01	1.16866922e+01	-1.56734507e+07	-6.10038042e+05	1.00000000e-09	1.00000000e-09	1.00000000e-10	1.00000000e-10	0.00000000e+00	6.47866374e-04
1.40000000e+01	1.17707691e+01	-1.57246832e+07	-6.12032101e+05	1.00000000e-09	1.00000000e-09	1.00000000e-10	1.00000000e-10	0.00000000e+00	5.95622776e-04
1.41000000e+01	1.18548461e+01	-1.57737329e+07	-6.13941203e+05	1.00000000e-09	7.42177815e+05	1.00000000e-10	7.42177815e+04	-7.16092730e+10	5.47592073e-04
1.42000000e+01	1.19389230e+01	-1.58227827e+07	-6.15850305e+05	1.00000000e-09	2.47050511e+05	1.00000000e-10	2.47050511e+04	-2.38367506e+10	5.03434541e-04
1.43000000e+01	1.20229999e+01	-1.58718324e+07	-6.17759407e+05	1.00000000e-09	1.00000000e-09	1.00000000e-10	1.00000000e-10	0.00000000e+00	4.62837848e-04
1.44000000e+01	1.21070768e+01	-1.59132439e+07	-6.19371213e+05	1.00000000e-09	1.00000000e-09	1.00000000e-10	1.00000000e-10	0.00000000e+00	4.25514851e-04
1.45000000e+01	1.21911538e+01	-1.59520297e+07	-6.20880825e+05	1.00000000e-09	7.33613067e+05	1.00000000e-10	7.33613067e+04	-7.07829004e+10	3.91201561e-04
1.46000000e+01	1.22752307e+01	-1.59908155e+07	-6.22390436e+05	1.00000000e-09	4.38643968e+05	1.00000000e-10	4.38643968e+04	-4.23227089e+10	3.59655276e-04
1.47000000e+01	1.23593076e+01	-1.60296013e+07	-6.23900047e+05	1.00000000e-09	1.00000000e-09	1.00000000e-10	1.00000000e-10	0.00000000e+00	3.30652866e-04
1.48000000e+01	1.24433845e+01	-1.60585591e+07	-6.25027135e+05	1.00000000e-09	1.00000000e-09	1.00000000e-10	1.00000000e-10	0.00000000e+00	3.03989196e-04
1.49000000e+01	1.25274615e+01	-1.60840919e+07	-6.26020915e+05	1.00000000e-09	6.86042412e+05	1.00000000e-10	6.86042412e+04	-6.61930300e+10	2.79475669e-04
1.50000000e+01	1.26115384e+01	-1.61096247e+07	-6.27014696e+05	1.00000000e-09	8.15083720e+05	1.00000000e-10	8.15083720e+04	-7.86436234e+10	2.56938901e-04
1.51000000e+01	1.26956153e+01	-1.61351575e+07	-6.28008476e+05	1.00000000e-09	1.00000000e-09	1.00000000e-10	1.00000000e-10	0.00000000e+00	2.36219485e-04
1.52000000e+01	1.27796922e+01	-1.61467963e+07	-6.28461479e+05	1.00000000e-09	1.00000000e-09	1.00000000e-10	1.00000000e-10	0.00000000e+00	2.17170872e-04
1.53000000e+01	1.28637691e+01	-1.61530399e+07	-6.28704491e+05	1.00000000e-09	1.00000000e-09	1.00000000e-10	1.00000000e-10	0.00000000e+00	1.99658328e-04
1.54000000e+01	1.29478461e+01	-1.61592835e+07	-6.28947503e+05	1.00000000e-09	2.23936171e+06	1.00000000e-10	2.23936171e+05	-2.16065558e+11	1.83557987e-04
1.55000000e+01	1.30319230e+01	-1.61655271e+07	-6.29190515e+05	1.00000000e-09	9.69674141e+05	1.00000000e-10	9.69674141e+04	-9.35593316e+10	1.68755969e-04
1.56000000e+01	1.31159999e+01	-1.61462232e+07	-6.28439176e+05	1.00000000e-09	1.04680180e+05	1.00000000e-10	1.04680180e+04	-1.01001019e+10	1.55147578e-04
1.57000000e+01	1.32000768e+01	-1.61027398e+07	-6.26746723e+05	1.00000000e-09	4.31890041e+03	1.00000000e-10	4.31890041e+02	-4.16710540e+08	1.42636560e-04
1.58000000e+01	1.32841538e+01	-1.60578696e+07	-6.25000297e+05	1.00000000e-09	1.00000000e-09	1.00000000e-10	1.00000000e-10	0.00000000e+00	1.31134424e-04
1.59000000e+01	1.33682307e+01	-1.60129994e+07	-6.23253870e+05	5.64448210e+00	1.00000000e-09	5.64448210e-01	1.00000000e-10	5.44609730e+05	1.20559814e-04
1.60000000e+01	1.34523076e+01	-1.59681292e+07	-6.21507444e+05	3.88047594e+00	1.61067393e+03	3.88047594e-01	1.61067393e+02	-1.55032000e+08	1.10837935e-04
1.61000000e+01	1.35363845e+01	-1.59227309e+07	-6.19740465e+05	1.00000000e-09	1.99051672e+03	1.00000000e-10	1.99051672e+02	-1.92055667e+08	1.01900023e-04
1.62000000e+01	1.36204614e+01	-1.58766719e+07	-6.17947769e+05	1.00000000e-09	1.00000000e-09	1.00000000e-10	1.00000000e-10	0.00000000e+00	9.36828597e-05
1.63000000e+01	1.37045384e+01	-1.58306130e+07	-6.16155073e+05	7.65264847e+00	1.00000000e-09	7.65264847e-01	1.00000000e-10	7.38368329e+05	8.61283240e-05
1.64000000e+01	1.37886153e+01	-1.57845540e+07	-6.14362377e+05	9.61473729e+00	7.13537375e+02	9.61473729e-01	7.13537375e+01	-6.79182095e+07	7.91829819e-05
1.65000000e+01	1.38726922e+01	-1.57382559e+07	-6.12560374e+05	1.00000000e-09	2.10810090e+03	1.00000000e-10	2.10810090e+02	-2.03400815e+08	7.27977085e-05
1.66000000e+01	1.39567691e+01	-1.56912440e+07	-6.10730591e+05	1.00000000e-09	1.00000000e-09	1.00000000e-10	1.00000000e-10	0.00000000e+00	6.69273402e-05
1.67000000e+01	1.40408461e+01	-1.56442322e+07	-6.08900808e+05	7.93072528e+00	1.00000000e-09	7.93072528e-01	1.00000000e-10	7.65198662e+05	6.15303552e-05
1.68000000e+01	1.41249230e+01	-1.55972203e+07	-6.07071024e+05	1.43683490e+01	1.52563090e+00	1.43683490e+00	1.52563090e-01	1.23913392e+06	5.65685802e-05
1.69000000e+01	1.42089999e+01	-1.55502081e+07	-6.05241227e+05	1.00000000e-09	8.78173877e-01	1.00000000e-10	8.78173877e-02	-8.47308981e+04	5.20069201e-05
1.70000000e+01	1.42930768e+01	-1.55031962e+07	-6.03411443e+05	1.00000000e-09	1.00000000e-09	1.00000000e-10	1.00000000e-10	0.00000000e+00	4.78131098e-05
1.71000000e+01	1.43771537e+01	-1.54561844e+07	-6.01581660e+05	7.00611468e+00	1.00000000e-09	7.00611468e-01	1.00000000e-10	6.75987301e+05	4.39574862e-05
1.72000000e+01	1.44612307e+01	-1.54091725e+07	-5.99751876e+05	1.91755024e+01	1.08768659e-01	1.91755024e+00	1.08768659e-02	1.83966013e+06	4.04127779e-05
1.73000000e+01	1.45453076e+01	-1.53621608e+07	-5.97922097e+05	1.00000000e-09	5.19701454e-01	1.00000000e-10	5.19701454e-02	-5.01435673e+04	3.71539131e-05
1.74000000e+01	1.46293845e+01	-1.53151495e+07	-5.96092336e+05	1.00000000e-09	5.83383161e-02	1.00000000e-10	5.83383161e-03	-5.62879171e+03	3.41578414e-05
1.75000000e+01	1.47134614e+01	-1.52681382e+07	-5.94262575e+05	5.55611810e+00	1.00000000e-09	5.55611810e-01	1.00000000e-10	5.36083900e+05	3.14033713e-05
1.76000000e+01	1.47975384e+01	-1.52211269e+07	-5.92432814e+05	2.38364397e+01	1.00000000e-09	2.38364397e+00	1.00000000e-10	2.29986680e+06	2.88710202e-05
1.77000000e+01	1.48816153e+01	-1.51741158e+07	-5.90603058e+05	1.00000000e-09	2.85638665e-01	1.00000000e-10	2.85638665e-02	-2.75599413e+04	2.65428765e-05
1.78000000e+01	1.49656922e+01	-1.51271052e+07	-5.88773325e+05	1.00000000e-09	3.44563174e-01	1.00000000e-10	3.44563174e-02	-3.32452922e+04	2.44024731e-05
1.79000000e+01	1.50497691e+01	-1.50800945e+07	-5.86943587e+05	3.59840332e+00	3.33163490e-02	3.59840332e-01	3.33163490e-03	3.43978600e+05	2.24346707e-05
1.80000000e+01	1.51338460e+01	-1.50330838e+07	-5.85113848e+05	2.82964509e+01	1.00000000e-09	2.82964509e+00	1.00000000e-10	2.73019246e+06	2.06255509e-05
1.81000000e+01	1.52179230e+01	-1.49860733e+07	-5.83284115e+05	1.00000000e-09	1.00000000e-09	1.00000000e-10	1.00000000e-10	0.00000000e+00	1.89623175e-05
1.82000000e+01	1.53019999e+01	-1.49390634e+07	-5.81454408e+05	1.00000000e-09	1.00000000e-09	1.00000000e-10	1.00000000e-10	0.00000000e+00	1.74332063e-05
1.83000000e+01	1.53860768e+01	-1.48920535e+07	-5.79624701e+05	1.15648696e+00	1.00000000e-09	1.15648696e-01	1.00000000e-10	1.11584028e+05	1.60274019e-05
1.84000000e+01	1.54701537e+01	-1.48450436e+07	-5.77794994e+05	3.25021325e+01	2.97172872e-03	3.25021325e+00	2.97172872e-04	3.13569232e+06	1.47349607e-05
1.85000000e+01	1.55542307e+01	-1.47980338e+07	-5.75965292e+05	1.00000000e-09	6.96093380e-03	1.00000000e-10	6.96093380e-04	-6.71627913e+02	1.35467414e-05
1.86000000e+01	1.56383076e+01	-1.47510247e+07	-5.74135616e+05	1.00000000e-09	1.00000000e-09	1.00000000e-10	1.00000000e-10	0.00000000e+00	1.24543394e-05
1.87000000e+01	1.57223845e+01	-1.47040157e+07	-5.72305940e+05	1.00000000e-09	1.00000000e-09	1.00000000e-10	1.00000000e-10	0.00000000e+00	1.14500281e-05
1.88000000e+01	1.58064614e+01	-1.46570066e+07	-5.70476264e+05	3.64032107e+01	8.26580044e-04	3.64032107e+00	8.26580044e-05	3.51229612e+06	1.05267039e-05
1.89000000e+01	1.58905384e+01	-1.46099976e+07	-5.68646594e+05	2.85976348e+00	3.41326582e-03	2.85976348e-01	3.41326582e-04	2.75595899e+05	9.67783615e-06
1.90000000e+01	1.59746153e+01	-1.45629893e+07	-5.66816949e+05	1.00000000e-09	1.00000000e-09	1.00000000e-10	1.00000000e-10	0.00000000e+00	8.89742061e-06
1.91000000e+01	1.60586922e+01	-1.45159810e+07	-5.64987305e+05	1.00000000e-09	1.00000000e-09	1.00000000e-10	1.00000000e-10	0.00000000e+00	8.17993736e-06
1.92000000e+01	1.61427691e+01	-1.44689727e+07	-5.63157660e+05	3.99530625e+01	3.45662084e-04	3.99530625e+00	3.45662084e-05	3.85485115e+06	7.52031158e-06
1.93000000e+01	1.62268460e+01	-1.44219646e+07	-5.61328021e+05	6.37629458e+00	2.30811633e-03	6.37629458e-01	2.30811633e-04	6.14996201e+05	6.91387767e-06
1.94000000e+01	1.63109230e+01	-1.43749571e+07	-5.59498408e+05	1.00000000e-09	1.00000000e-09	1.00000000e-10	1.00000000e-10	0.00000000e+00	6.35634627e-06
1.95000000e+01	1.63949999e+01	-1.43279496e+07	-5.57668795e+05	1.00000000e-09	1.00000000e-09	1.00000000e-10	1.00000000e-10	0.00000000e+00	5.84377390e-06
1.96000000e+01	1.64790768e+01	-1.42809422e+07	-5.55839182e+05	4.31081251e+01	1.27216501e-04	4.31081251e+00	1.27216501e-05	4.15928949e+06	5.37253509e-06
1.97000000e+01	1.65631537e+01	-1.42339348e+07	-5.54009574e+05	1.02533712e+01	1.76851835e-03	1.02533712e+00	1.76851835e-04	9.89129291e+05	4.93929673e-06
1.98000000e+01	1.66472307e+01	-1.41869281e+07	-5.52179992e+05	1.00000000e-09	1.00000000e-09	1.00000000e-10	1.00000000e-10	0.00000000e+00	4.54099448e-06
1.99000000e+01	1.67313076e+01	-1.41399215e+07	-5.50350410e+05	1.00000000e-09	1.00000000e-09	1.00000000e-10	1.00000000e-10	0.00000000e+00	4.17481111e-06
2.00000000e+01	1.68153845e+01	-1.40929148e+07	-5.48520828e+05	4.58293924e+01	1.00000000e-09	4.58293924e+00	1.00000000e-10	4.42186414e+06	3.83815657e-06
2.01000000e+01	1.68994614e+01	-1.40459082e+07	-5.46691252e+05	1.44443787e+01	1.44360156e-03	1.44443787e+00	1.44360156e-04	1.39353139e+06	3.52864967e-06
2.02000000e+01	1.69835383e+01	-1.39989024e+07	-5.44861701e+05	1.00000000e-09	1.12190681e-05	1.00000000e-10	1.12190681e-06	-1.08237902e+00	3.24410125e-06
2.03000000e+01	1.70676153e+01	-1.39518965e+07	-5.43032150e+05	1.00000000e-09	1.00000000e-09	1.00000000e-10	1.00000000e-10	0.00000000e+00	2.98249865e-06
2.04000000e+01	1.71516922e+01	-1.39048906e+07	-5.41202599e+05	4.80832266e+01	1.00000000e-09	4.80832266e+00	1.00000000e-10	4.63932609e+06	2.74199155e-06
2.05000000e+01	1.72357691e+01	-1.38578849e+07	-5.39373054e+05	1.88987750e+01	1.20401212e-03	1.88987750e+00	1.20401212e-04	1.82333842e+06	2.52087882e-06
2.06000000e+01	1.73198460e+01	-1.38108798e+07	-5.37543535e+05	1.00000000e-09	1.12973515e-04	1.00000000e-10	1.12973515e-05	-1.09001906e+01	2.31759650e-06
2.07000000e+01	1.74039230e+01	-1.37638747e+07	-5.35714015e+05	1.00000000e-09	1.00000000e-09	1.00000000e-10	1.00000000e-10	0.00000000e+00	2.13070675e-06
2.08000000e+01	1.74879999e+01	-1.37168696e+07	-5.33884496e+05	4.98418185e+01	1.00000000e-09	4.98418185e+00	1.00000000e-10	4.80900441e+06	1.95888770e-06
2.09000000e+01	1.75720768e+01	-1.36698647e+07	-5.32054982e+05	2.35625309e+01	9.97754841e-04	2.35625309e+00	9.97754841e-05	2.27334235e+06	1.80092404e-06
2.10000000e+01	1.76561537e+01	-1.36228604e+07	-5.30225493e+05	1.00000000e-09	2.05952249e-04	1.00000000e-10	2.05952249e-05	-1.98712747e+01	1.65569849e-06
2.11000000e+01	1.77402306e+01	-1.35758562e+07	-5.28396005e+05	1.00000000e-09	1.00000000e-09	1.00000000e-10	1.00000000e-10	0.00000000e+00	1.52218384e-06
2.12000000e+01	1.78243076e+01	-1.35288519e+07	-5.26566517e+05	5.10835375e+01	1.00000000e-09	5.10835375e+00	1.00000000e-10	4.92881209e+06	1.39943575e-06
2.13000000e+01	1.79083845e+01	-1.34818478e+07	-5.24737034e+05	2.83790669e+01	8.07105840e-04	2.83790669e+00	8.07105840e-05	2.73808582e+06	1.28658600e-06
2.14000000e+01	1.79924614e+01	-1.34348443e+07	-5.22907577e+05	1.00000000e-09	2.94397585e-04	1.00000000e-10	2.94397585e-05	-2.84049523e+01	1.18283639e-06
2.15000000e+01	1.80765383e+01	-1.33878408e+07	-5.21078119e+05	1.00000000e-09	1.00000000e-09	1.00000000e-10	1.00000000e-10	0.00000000e+00	1.08745310e-06
2.16000000e+01	1.81606153e+01	-1.33408373e+07	-5.19248662e+05	5.17931633e+01	1.00000000e-09	5.17931633e+00	1.00000000e-10	4.99728056e+06	9.99761460e-07
2.17000000e+01	1.82446922e+01	-1.32938340e+07	-5.17419210e+05	3.32899931e+01	6.16462841e-04	3.32899931e+00	6.16462841e-05	3.21193656e+06	9.19141229e-07
2.18000000e+01	1.83287691e+01	-1.32468313e+07	-5.15589784e+05	1.00000000e-09	3.79524969e-04	1.00000000e-10	3.79524969e-05	-3.66184962e+01	8.45022171e-07
2.19000000e+01	1.84128460e+01	-1.31998287e+07	-5.13760358e+05	1.00000000e-09	1.00000000e-09	1.00000000e-10	1.00000000e-10	0.00000000e+00	7.76880034e-07
2.20000000e+01	1.84969229e+01	-1.31528260e+07	-5.11930932e+05	5.19620734e+01	1.00000000e-09	5.19620734e+00	1.00000000e-10	5.01357791e+06	7.14232843e-07
2.21000000e+01	1.85809999e+01	-1.31058234e+07	-5.10101512e+05	3.82358472e+01	4.08921689e-04	3.82358472e+00	4.08921689e-05	3.68915896e+06	6.56637488e-07
2.22000000e+01	1.86650768e+01	-1.30588216e+07	-5.08272117e+05	1.00000000e-09	4.56262439e-04	1.00000000e-10	4.56262439e-05	-4.40225364e+01	6.03686592e-07
2.23000000e+01	1.87491537e+01	-1.30118197e+07	-5.06442722e+05	1.00000000e-09	1.00000000e-09	1.00000000e-10	1.00000000e-10	0.00000000e+00	5.55005627e-07
2.24000000e+01	1.88332306e+01	-1.29648178e+07	-5.04613327e+05	5.15882510e+01	1.00000000e-09	5.15882510e+00	1.00000000e-10	4.97750953e+06	5.10250270e-07
2.25000000e+01	1.89173076e+01	-1.29178161e+07	-5.02783937e+05	4.31568190e+01	1.63827656e-04	4.31568190e+00	1.63827656e-05	4.16398420e+06	4.69103960e-07
2.26000000e+01	1.90013845e+01	-1.28708150e+07	-5.00954573e+05	1.00000000e-09	4.99460489e-04	1.00000000e-10	4.99460489e-05	-4.81905147e+01	4.31275667e-07
2.27000000e+01	1.90854614e+01	-1.28238139e+07	-4.99125209e+05	1.00000000e-09	1.00000000e-09	1.00000000e-10	1.00000000e-10	0.00000000e+00	3.96497828e-07
2.28000000e+01	1.91695383e+01	-1.27768128e+07	-4.97295845e+05	5.06762790e+01	1.00000000e-09	5.06762790e+00	1.00000000e-10	4.88951761e+06	3.64524455e-07
2.29000000e+01	1.92536153e+01	-1.27298119e+07	-4.95466487e+05	4.79934703e+01	1.00000000e-09	4.79934703e+00	1.00000000e-10	4.63066592e+06	3.35129397e-07
2.30000000e+01	1.93376922e+01	-1.26828116e+07	-4.93637154e+05	1.00000000e-09	3.91273375e-04	1.00000000e-10	3.91273375e-05	-3.77520451e+01	3.08104742e-07
2.31000000e+01	1.94217691e+01	-1.26358114e+07	-4.91807821e+05	1.00000000e-09	2.98225613e-04	1.00000000e-10	2.98225613e-05	-2.87743009e+01	2.83259340e-07
2.32000000e+01	1.95058460e+01	-1.25888111e+07	-4.89978488e+05	4.92372625e+01	1.00000000e-09	4.92372625e+00	1.00000000e-10	4.75067362e+06	2.60417458e-07
2.33000000e+01	1.95899229e+01	-1.25418109e+07	-4.88149161e+05	5.26874434e+01	1.00000000e-09	5.26874434e+00	1.00000000e-10	5.08356548e+06	2.39417533e-07
2.34000000e+01	1.96739999e+01	-1.24948115e+07	-4.86319859e+05	1.00000000e-09	1.00000000e-09	1.00000000e-10	1.00000000e-10	0.00000000e+00	2.20111031e-07
2.35000000e+01	1.97580768e+01	-1.24478120e+07	-4.84490557e+05	1.00000000e-09	1.00000000e-09	1.00000000e-10	1.00000000e-10	0.00000000e+00	2.02361395e-07
2.36000000e+01	1.98421537e+01	-1.24008125e+07	-4.82661255e+05	4.72886855e+01	1.99910957e-04	4.72886855e+00	1.99910957e-05	4.56264524e+06	1.86043080e-07
2.37000000e+01	1.99262306e+01	-1.23538131e+07	-4.80831959e+05	5.71821583e+01	5.00137577e-04	5.71821583e+00	5.00137577e-05	5.51719128e+06	1.71040665e-07
2.38000000e+01	2.00103076e+01	-1.23068145e+07	-4.79002688e+05	1.00000000e-09	3.30160352e-05	1.00000000e-10	3.30160352e-06	-3.18546664e+00	1.57248037e-07
2.39000000e+01	2.00943845e+01	-1.22598158e+07	-4.77173417e+05	1.00000000e-09	1.00000000e-09	1.00000000e-10	1.00000000e-10	0.00000000e+00	1.44567640e-07
2.40000000e+01	2.01784614e+01	-1.22128171e+07	-4.75344146e+05	4.48541987e+01	1.00000000e-09	4.48541987e+00	1.00000000e-10	4.32777226e+06	1.32909782e-07
2.41000000e+01	2.02625383e+01	-1.21658185e+07	-4.73514881e+05	6.14235062e+01	1.56397646e-04	6.14235062e+00	1.56397646e-05	5.92645230e+06	1.22192009e-07
2.42000000e+01	2.03466152e+01	-1.21188207e+07	-4.71685641e+05	1.00000000e-09	1.88218396e-05	1.00000000e-10	1.88218396e-06	-1.81593496e+00	1.12338510e-07
2.43000000e+01	2.04306922e+01	-1.20718228e+07	-4.69856402e+05	1.00000000e-09	1.00000000e-09	1.00000000e-10	1.00000000e-10	0.00000000e+00	1.03279593e-07
2.44000000e+01	2.05147691e+01	-1.20248249e+07	-4.68027162e+05	4.19633041e+01	1.00000000e-09	4.19633041e+00	1.00000000e-10	4.04884333e+06	9.49511815e-08
2.45000000e+01	2.05988460e+01	-1.19778271e+07	-4.66197928e+05	6.53605060e+01	8.20252457e-05	6.53605060e+00	8.20252457e-06	6.30632222e+06	8.72943689e-08
2.46000000e+01	2.06829229e+01	-1.19308301e+07	-4.64368719e+05	1.00000000e-09	1.49927457e-05	1.00000000e-10	1.49927457e-06	-1.44648357e+00	8.02549976e-08
2.47000000e+01	2.07669999e+01	-1.18838330e+07	-4.62539510e+05	1.00000000e-09	1.00000000e-09	1.00000000e-10	1.00000000e-10	0.00000000e+00	7.37832774e-08
2.48000000e+01	2.08510768e+01	-1.18368359e+07	-4.60710302e+05	3.86510266e+01	1.00000000e-09	3.86510266e+00	1.00000000e-10	3.72925713e+06	6.78334333e-08
2.49000000e+01	2.09351537e+01	-1.17898389e+07	-4.58881098e+05	6.89459111e+01	5.41487456e-05	6.89459111e+00	5.41487456e-06	6.65226391e+06	6.23633815e-08
2.50000000e+01	2.10192306e+01	-1.17428426e+07	-4.57051921e+05	1.00000000e-09	1.31923475e-05	1.00000000e-10	1.31923475e-06	-1.27277155e+00	5.73344317e-08
2.51000000e+01	2.11033075e+01	-1.16958463e+07	-4.55222743e+05	1.00000000e-09	1.00000000e-09	1.00000000e-10	1.00000000e-10	0.00000000e+00	5.27110137e-08
2.52000000e+01	2.11873845e+01	-1.16488501e+07	-4.53393565e+05	3.49574508e+01	1.00000000e-09	3.49574508e+00	1.00000000e-10	3.37288125e+06	4.84604257e-08
2.53000000e+01	2.12714614e+01	-1.16018539e+07	-4.51564393e+05	7.21367820e+01	3.94964114e-05	7.21367820e+00	3.94964114e-06	6.96013756e+06	4.45526029e-08
2.54000000e+01	2.13555383e+01	-1.15548584e+07	-4.49735247e+05	1.00000000e-09	1.21466848e-05	1.00000000e-10	1.21466848e-06	-1.17188043e+00	4.09599048e-08
2.55000000e+01	2.14396152e+01	-1.15078629e+07	-4.47906100e+05	1.00000000e-09	1.00000000e-09	1.00000000e-10	1.00000000e-10	0.00000000e+00	3.76569199e-08
2.56000000e+01	2.15236922e+01	-1.14608674e+07	-4.46076953e+05	3.09272316e+01	1.00000000e-09	3.09272316e+00	1.00000000e-10	2.98402421e+06	3.46202860e-08
2.57000000e+01	2.16077691e+01	-1.14138721e+07	-4.44247812e+05	7.48949894e+01	3.04009059e-05	7.48949894e+00	3.04009059e-06	7.22626499e+06	3.18285246e-08
2.58000000e+01	2.16918460e+01	-1.13668774e+07	-4.42418697e+05	1.00000000e-09	1.14726826e-05	1.00000000e-10	1.14726826e-06	-1.10684911e+00	2.92618894e-08
2.59000000e+01	2.17759229e+01	-1.13198827e+07	-4.40589581e+05	1.00000000e-09	1.00000000e-09	1.00000000e-10	1.00000000e-10	0.00000000e+00	2.69022262e-08
2.60000000e+01	2.18599998e+01	-1.12728880e+07	-4.38760466e+05	2.66087077e+01	1.00000000e-09	2.66087077e+00	1.00000000e-10	2.56735000e+06	2.47328451e-08
2.61000000e+01	2.19440768e+01	-1.12258934e+07	-4.36931356e+05	7.71876289e+01	2.41487373e-05	7.71876289e+00	2.41487373e-06	7.44747168e+06	2.27384017e-08
2.62000000e+01	2.20281537e+01	-1.11788995e+07	-4.35102271e+05	1.00000000e-09	1.10141070e-05	1.00000000e-10	1.10141070e-06	-1.06260329e+00	2.09047891e-08
2.63000000e+01	2.21122306e+01	-1.11319056e+07	-4.33273187e+05	1.00000000e-09	1.00000000e-09	1.00000000e-10	1.00000000e-10	0.00000000e+00	1.92190381e-08
2.64000000e+01	2.21963075e+01	-1.10849117e+07	-4.31444103e+05	2.20539834e+01	1.00000000e-09	2.20539834e+00	1.00000000e-10	2.12788591e+06	1.76692251e-08
2.65000000e+01	2.22803845e+01	-1.10379180e+07	-4.29615024e+05	7.89874556e+01	1.95405686e-05	7.89874556e+00	1.95405686e-06	7.62112900e+06	1.62443882e-08
2.66000000e+01	2.23644614e+01	-1.09909249e+07	-4.27785970e+05	1.00000000e-09	1.06937549e-05	1.00000000e-10	1.06937549e-06	-1.03169401e+00	1.49344494e-08
2.67000000e+01	2.24485383e+01	-1.09439318e+07	-4.25956917e+05	1.00000000e-09	1.00000000e-09	1.00000000e-10	1.00000000e-10	0.00000000e+00	1.37301434e-08
2.68000000e+01	2.25326152e+01	-1.08969387e+07	-4.24127864e+05	1.73180100e+01	1.00000000e-09	1.73180100e+00	1.00000000e-10	1.67093394e+06	1.26229520e-08
2.69000000e+01	2.26166921e+01	-1.08499457e+07	-4.22298816e+05	8.02731985e+01	1.60749505e-05	8.02731985e+00	1.60749505e-06	7.74518466e+06	1.16050438e-08
2.70000000e+01	2.27007691e+01	-1.08029534e+07	-4.20469794e+05	1.00000000e-09	1.04790988e-05	1.00000000e-10	1.04790988e-06	-1.01098285e+00	1.06692193e-08
2.71000000e+01	2.27848460e+01	-1.07559612e+07	-4.18640772e+05	1.00000000e-09	1.00000000e-09	1.00000000e-10	1.00000000e-10	0.00000000e+00	9.80885916e-09
2.72000000e+01	2.28689229e+01	-1.07089689e+07	-4.16811750e+05	1.24578919e+01	1.00000000e-09	1.24578919e+00	1.00000000e-10	1.20200383e+06	9.01787799e-09
2.73000000e+01	2.29529998e+01	-1.06619767e+07	-4.14982733e+05	8.10298130e+01	1.34896198e-05	8.10298130e+00	1.34896198e-06	7.81818712e+06	8.29068113e-09
2.74000000e+01	2.30370768e+01	-1.06149852e+07	-4.13153742e+05	1.00000000e-09	1.03698866e-05	1.00000000e-10	1.03698866e-06	-1.00044547e+00	7.62212503e-09
2.75000000e+01	2.31211537e+01	-1.05679937e+07	-4.11324751e+05	1.00000000e-09	1.00000000e-09	1.00000000e-10	1.00000000e-10	0.00000000e+00	7.00748093e-09
2.76000000e+01	2.32052306e+01	-1.05210022e+07	-4.09495760e+05	7.53219841e+00	1.00000000e-09	7.53219841e-01	1.00000000e-10	7.26746666e+05	6.44240141e-09
2.77000000e+01	2.32893075e+01	-1.04740109e+07	-4.07666774e+05	8.12486592e+01	1.15247667e-05	8.12486592e+00	1.15247667e-06	7.83930276e+06	5.92288960e-09
2.78000000e+01	2.33733845e+01	-1.04270202e+07	-4.05837815e+05	1.00000000e-09	1.03761980e-05	1.00000000e-10	1.03761980e-06	-1.00105442e+00	5.44527095e-09
2.79000000e+01	2.34574614e+01	-1.03800295e+07	-4.04008855e+05	1.00000000e-09	1.00000000e-09	1.00000000e-10	1.00000000e-10	0.00000000e+00	5.00616720e-09
2.80000000e+01	2.35415383e+01	-1.03330388e+07	-4.02179895e+05	2.60025763e+00	1.00000000e-09	2.60025763e-01	1.00000000e-10	2.50886721e+05	4.60247255e-09
2.81000000e+01	2.36256152e+01	-1.02860482e+07	-4.00350941e+05	8.09276032e+01	1.00202515e-05	8.09276032e+00	1.00202515e-06	7.80832571e+06	4.23133162e-09
2.82000000e+01	2.37096921e+01	-1.02390583e+07	-3.98522012e+05	1.00000000e-09	1.05184925e-05	1.00000000e-10	1.05184925e-06	-1.01478375e+00	3.89011930e-09
2.83000000e+01	2.37937691e+01	-1.01920684e+07	-3.96693083e+05	1.00000000e-09	1.00000000e-09	1.00000000e-10	1.00000000e-10	0.00000000e+00	3.57642216e-09
2.84000000e+01	2.38778460e+01	-1.01450785e+07	-3.94864155e+05	1.00000000e-09	1.00000000e-09	1.00000000e-10	1.00000000e-10	0.00000000e+00	3.28802138e-09
2.85000000e+01	2.39619229e+01	-1.00980888e+07	-3.93035232e+05	8.00710401e+01	8.87121000e-06	8.00710401e+00	8.87121000e-07	7.72568004e+06	3.02287709e-09
2.86000000e+01	2.40459998e+01	-1.00510997e+07	-3.91206334e+05	2.67544618e+00	1.08285177e-05	2.67544618e-01	1.08285177e-06	2.58140268e+05	2.77911390e-09
2.87000000e+01	2.41300768e+01	-1.00041106e+07	-3.89377437e+05	1.00000000e-09	1.00000000e-09	1.00000000e-10	1.00000000e-10	0.00000000e+00	2.55500764e-09
2.88000000e+01	2.42141537e+01	-9.95712151e+06	-3.87548539e+05	1.00000000e-09	1.00000000e-09	1.00000000e-10	1.00000000e-10	0.00000000e+00	2.34897319e-09
2.89000000e+01	2.42982306e+01	-9.91013256e+06	-3.85719647e+05	7.86898386e+01	7.99946100e-06	7.86898386e+00	7.99946100e-07	7.59241444e+06	2.15955324e-09
2.90000000e+01	2.43823075e+01	-9.86314427e+06	-3.83890781e+05	7.36275845e+00	1.13490820e-05	7.36275845e-01	1.13490820e-06	7.10397099e+05	1.98540802e-09
2.91000000e+01	2.44663844e+01	-9.81615598e+06	-3.82061915e+05	1.00000000e-09	1.00000000e-09	1.00000000e-10	1.00000000e-10	0.00000000e+00	1.82530578e-09
2.92000000e+01	2.45504614e+01	-9.76916770e+06	-3.80233049e+05	1.00000000e-09	1.00000000e-09	1.00000000e-10	1.00000000e-10	0.00000000e+00	1.67811410e-09
2.93000000e+01	2.46345383e+01	-9.72217955e+06	-3.78404188e+05	7.68012082e+01	7.32241871e-06	7.68012082e+00	7.32241871e-07	7.41018937e+06	1.54279187e-09
2.94000000e+01	2.47186152e+01	-9.67519206e+06	-3.76575353e+05	1.18528395e+01	1.21267872e-05	1.18528395e+00	1.21267872e-06	1.14362399e+06	1.41838196e-09
2.95000000e+01	2.48026921e+01	-9.62820458e+06	-3.74746519e+05	1.00000000e-09	1.00000000e-09	1.00000000e-10	1.00000000e-10	0.00000000e+00	1.30400439e-09
2.96000000e+01	2.48867691e+01	-9.58121710e+06	-3.72917684e+05	1.00000000e-09	1.00000000e-09	1.00000000e-10	1.00000000e-10	0.00000000e+00	1.19885018e-09
2.97000000e+01	2.49708460e+01	-9.53422975e+06	-3.71088854e+05	7.44284891e+01	6.68918729e-06	7.44284891e+00	6.68918729e-07	7.18125685e+06	1.10217554e-09
2.98000000e+01	2.50549229e+01	-9.48724307e+06	-3.69260051e+05	1.60917412e+01	1.31789893e-05	1.60917412e+00	1.31789893e-06	1.55261573e+06	1.01329669e-09
2.99000000e+01	2.51389998e+01	-9.44025639e+06	-3.67431247e+05	1.00000000e-09	1.00000000e-09	1.00000000e-10	1.00000000e-10	0.00000000e+00	9.31584987e-10
3.00000000e+01	2.52230767e+01	-9.39326971e+06	-3.65602444e+05	1.00000000e-09	1.00000000e-09	1.00000000e-10	1.00000000e-10	0.00000000e+00	8.56462471e-10
3.01000000e+01	2.53071537e+01	-9.34628317e+06	-3.63773646e+05	7.16008694e+01	5.71184125e-06	7.16008694e+00	5.71184125e-07	6.90843311e+06	7.87397794e-10
3.02000000e+01	2.53912306e+01	-9.29929730e+06	-3.61944873e+05	2.00285743e+01	1.45968374e-05	2.00285743e+00	1.45968374e-06	1.93246223e+06	7.23902457e-10
3.03000000e+01	2.54753075e+01	-9.25231143e+06	-3.60116101e+05	1.00000000e-09	1.00000000e-09	1.00000000e-10	1.00000000e-10	0.00000000e+00	6.65527349e-10
3.04000000e+01	2.55593844e+01	-9.20532555e+06	-3.58287329e+05	1.00000000e-09	1.00000000e-09	1.00000000e-10	1.00000000e-10	0.00000000e+00	6.11859579e-10
3.05000000e+01	2.56434614e+01	-9.15833982e+06	-3.56458562e+05	6.83530311e+01	6.12903379e-07	6.83530311e+00	6.12903379e-08	6.59506485e+06	5.62519549e-10
3.06000000e+01	2.57275383e+01	-9.11135475e+06	-3.54629822e+05	2.36161213e+01	1.95571378e-05	2.36161213e+00	1.95571378e-06	2.27860742e+06	5.17158273e-10
3.07000000e+01	2.58116152e+01	-9.06436968e+06	-3.52801081e+05	1.00000000e-09	1.01113470e-05	1.00000000e-10	1.01113470e-06	-9.75500185e-01	4.75454906e-10
3.08000000e+01	2.58956921e+01	-9.01738461e+06	-3.50972340e+05	1.00000000e-09	1.00000000e-09	1.00000000e-10	1.00000000e-10	0.00000000e+00	4.37114476e-10
3.09000000e+01	2.59797690e+01	-8.97039968e+06	-3.49143604e+05	6.47247304e+01	1.00000000e-09	6.47247304e+00	1.00000000e-10	6.24498711e+06	4.01865798e-10
3.10000000e+01	2.60638460e+01	-8.92341542e+06	-3.47314895e+05	2.68114061e+01	2.76517962e-06	2.68114061e+00	2.76517962e-07	2.58690715e+06	3.69459555e-10
3.11000000e+01	2.61479229e+01	-8.87643116e+06	-3.45486186e+05	1.00000000e-09	1.13759612e-06	1.00000000e-10	1.13759612e-07	-1.09664854e-01	3.39666533e-10
3.12000000e+01	2.62319998e+01	-8.82944690e+06	-3.43657476e+05	1.00000000e-09	1.00000000e-09	1.00000000e-10	1.00000000e-10	0.00000000e+00	3.12276006e-10
3.13000000e+01	2.63160767e+01	-8.78246277e+06	-3.41828772e+05	6.07603166e+01	1.00000000e-09	6.07603166e+00	1.00000000e-10	5.86247932e+06	2.87094235e-10
3.14000000e+01	2.64001537e+01	-8.73547932e+06	-3.40000094e+05	2.95762115e+01	7.90754432e-07	2.95762115e+00	7.90754432e-08	2.85367051e+06	2.63943109e-10
3.15000000e+01	2.64842306e+01	-8.68849586e+06	-3.38171416e+05	1.00000000e-09	8.16299222e-07	1.00000000e-10	8.16299222e-08	-7.86644162e-02	2.42658878e-10
3.16000000e+01	2.65683075e+01	-8.64151241e+06	-3.36342738e+05	1.00000000e-09	1.00000000e-09	1.00000000e-10	1.00000000e-10	0.00000000e+00	2.23090996e-10
3.17000000e+01	2.66523844e+01	-8.59452909e+06	-3.34514065e+05	5.65081957e+01	1.00000000e-09	5.65081957e+00	1.00000000e-10	5.45221203e+06	2.05101057e-10
3.18000000e+01	2.67364614e+01	-8.54754645e+06	-3.32685419e+05	3.18775399e+01	2.70870278e-07	3.18775399e+00	2.70870278e-08	3.07571500e+06	1.88561817e-10
3.19000000e+01	2.68205383e+01	-8.50056380e+06	-3.30856772e+05	1.00000000e-09	6.85097527e-07	1.00000000e-10	6.85097527e-08	-6.60053771e-02	1.73356293e-10
3.20000000e+01	2.69046152e+01	-8.45358115e+06	-3.29028126e+05	1.00000000e-09	1.00000000e-09	1.00000000e-10	1.00000000e-10	0.00000000e+00	1.59376934e-10
3.21000000e+01	2.69886921e+01	-8.40659864e+06	-3.27199484e+05	5.20202456e+01	1.00000000e-09	5.20202456e+00	1.00000000e-10	5.01919068e+06	1.46524863e-10
3.22000000e+01	2.70727690e+01	-8.35961680e+06	-3.25370869e+05	3.36880105e+01	1.00000000e-09	3.36880105e+00	1.00000000e-10	3.25039888e+06	1.34709176e-10
3.23000000e+01	2.71568460e+01	-8.31263496e+06	-3.23542254e+05	1.00000000e-09	5.93502434e-07	1.00000000e-10	5.93502434e-08	-5.71677941e-02	1.23846300e-10
3.24000000e+01	2.72409229e+01	-8.26565313e+06	-3.21713639e+05	1.00000000e-09	8.70980028e-08	1.00000000e-10	8.70980028e-09	-8.30719440e-03	1.13859401e-10
3.25000000e+01	2.73249998e+01	-8.21867143e+06	-3.19885029e+05	4.73511890e+01	1.00000000e-09	4.73511890e+00	1.00000000e-10	4.56869519e+06	1.04677839e-10
3.26000000e+01	2.74090767e+01	-8.17169040e+06	-3.18056446e+05	3.49861892e+01	1.00000000e-09	3.49861892e+00	1.00000000e-10	3.37565409e+06	9.62366743e-11
3.27000000e+01	2.74931537e+01	-8.12470937e+06	-3.16227862e+05	1.00000000e-09	4.45435054e-07	1.00000000e-10	4.45435054e-08	-4.28814638e-02	8.84762003e-11
3.28000000e+01	2.75772306e+01	-8.07772833e+06	-3.14399278e+05	1.00000000e-09	2.30303320e-07	1.00000000e-10	2.30303320e-08	-2.21244070e-02	8.13415267e-11
3.29000000e+01	2.76613075e+01	-8.03074744e+06	-3.12570700e+05	4.25579316e+01	1.00000000e-09	4.25579316e+00	1.00000000e-10	4.10621616e+06	7.47821894e-11
3.30000000e+01	2.77453844e+01	-7.98376722e+06	-3.10742148e+05	3.57568471e+01	1.00000000e-09	3.57568471e+00	1.00000000e-10	3.45001127e+06	6.87517936e-11
3.31000000e+01	2.78294613e+01	-7.93678700e+06	-3.08913596e+05	1.00000000e-09	2.65061474e-07	1.00000000e-10	2.65061474e-08	-2.54780590e-02	6.32076857e-11
3.32000000e+01	2.79135383e+01	-7.88980678e+06	-3.07085044e+05	1.00000000e-09	3.18087759e-07	1.00000000e-10	3.18087759e-08	-3.05943177e-02	5.81106517e-11
3.33000000e+01	2.79976152e+01	-7.84282670e+06	-3.05256497e+05	3.76988751e+01	1.00000000e-09	3.76988751e+00	1.00000000e-10	3.63738848e+06	5.34246397e-11
3.34000000e+01	2.80816921e+01	-7.79584728e+06	-3.03427976e+05	3.59911537e+01	1.00000000e-09	3.59911537e+00	1.00000000e-10	3.47261842e+06	4.91165053e-11
3.35000000e+01	2.81657690e+01	-7.74886787e+06	-3.01599455e+05	1.00000000e-09	8.08166690e-08	1.00000000e-10	8.08166690e-09	-7.70113782e-03	4.51557765e-11
3.36000000e+01	2.82498460e+01	-7.70188846e+06	-2.99770935e+05	1.00000000e-09	3.40697895e-07	1.00000000e-10	3.40697895e-08	-3.27758642e-02	4.15144388e-11
3.37000000e+01	2.83339229e+01	-7.65490919e+06	-2.97942419e+05	3.28332887e+01	9.26291093e-09	3.28332887e+00	9.26291093e-10	3.16793076e+06	3.81667366e-11
3.38000000e+01	2.84179998e+01	-7.60793058e+06	-2.96113930e+05	3.56867768e+01	1.00000000e-09	3.56867768e+00	1.00000000e-10	3.44325052e+06	3.50889914e-11
3.39000000e+01	2.85020767e+01	-7.56095198e+06	-2.94285441e+05	1.00000000e-09	1.00000000e-09	1.00000000e-10	1.00000000e-10	0.00000000e+00	3.22594338e-11
3.40000000e+01	2.85861536e+01	-7.51397338e+06	-2.92456952e+05	1.00000000e-09	3.17821924e-07	1.00000000e-10	3.17821924e-08	-3.05686686e-02	2.96580503e-11
3.41000000e+01	2.86702306e+01	-7.46699491e+06	-2.90628468e+05	2.80204349e+01	2.33040126e-07	2.80204349e+00	2.33040126e-08	2.70356095e+06	2.72664410e-11
3.42000000e+01	2.87543075e+01	-7.42001712e+06	-2.88800011e+05	3.48479097e+01	1.00000000e-09	3.48479097e+00	1.00000000e-10	3.36231214e+06	2.50676897e-11
3.43000000e+01	2.88383844e+01	-7.37303933e+06	-2.86971553e+05	1.00000000e-09	1.00000000e-09	1.00000000e-10	1.00000000e-10	0.00000000e+00	2.30462446e-11
3.44000000e+01	2.89224613e+01	-7.32606154e+06	-2.85143095e+05	1.00000000e-09	5.62714623e-09	1.00000000e-10	5.62714623e-10	-4.46451741e-04	2.11878078e-11
3.45000000e+01	2.90065383e+01	-7.27908388e+06	-2.83314643e+05	2.33189328e+01	4.77049558e-09	2.33189328e+00	4.77049558e-10	2.24993498e+06	1.94792342e-11
3.46000000e+01	2.90906152e+01	-7.23210690e+06	-2.81486217e+05	3.34852153e+01	1.00000000e-09	3.34852153e+00	1.00000000e-10	3.23083212e+06	1.79084392e-11
3.47000000e+01	2.91746921e+01	-7.18512992e+06	-2.79657791e+05	1.00000000e-09	1.00000000e-09	1.00000000e-10	1.00000000e-10	0.00000000e+00	1.64643122e-11
3.48000000e+01	2.92587690e+01	-7.13815294e+06	-2.77829365e+05	1.00000000e-09	4.94813423e-09	1.00000000e-10	4.94813423e-10	-3.80937042e-04	1.51366389e-11
3.49000000e+01	2.93428459e+01	-7.09117609e+06	-2.76000944e+05	1.87860501e+01	1.59712010e-09	1.87860501e+00	1.59712010e-10	1.81257828e+06	1.39160284e-11
3.50000000e+01	2.94269229e+01	-7.04419992e+06	-2.74172549e+05	3.16156973e+01	1.00000000e-09	3.16156973e+00	1.00000000e-10	3.05045106e+06	1.27938473e-11
3.51000000e+01	2.95109998e+01	-6.99722374e+06	-2.72344155e+05	1.00000000e-09	1.00000000e-09	1.00000000e-10	1.00000000e-10	0.00000000e+00	1.17621583e-11
3.52000000e+01	2.95950767e+01	-6.95024757e+06	-2.70515760e+05	1.00000000e-09	1.29543635e-09	1.00000000e-10	1.29543635e-10	-2.85052740e-05	1.08136641e-11
3.53000000e+01	2.96791536e+01	-6.90327153e+06	-2.68687371e+05	1.44770109e+01	1.34133472e-09	1.44770109e+00	1.34133472e-10	1.39681921e+06	9.94165601e-12
3.54000000e+01	2.97632306e+01	-6.85629617e+06	-2.66859008e+05	2.92624938e+01	1.00000000e-09	2.92624938e+00	1.00000000e-10	2.82340143e+06	9.13996618e-12
3.55000000e+01	2.98473075e+01	-6.80932081e+06	-2.65030645e+05	1.00000000e-09	1.00000000e-09	1.00000000e-10	1.00000000e-10	0.00000000e+00	8.40292419e-12
3.56000000e+01	2.99313844e+01	-6.76234545e+06	-2.63202282e+05	1.00000000e-09	1.00000000e-09	1.00000000e-10	1.00000000e-10	0.00000000e+00	7.72531687e-12
3.57000000e+01	3.00154613e+01	-6.71537022e+06	-2.61373924e+05	1.04443295e+01	1.12743254e-09	1.04443295e+00	1.12743254e-10	1.00772460e+06	7.10235144e-12
3.58000000e+01	3.00995383e+01	-6.66839567e+06	-2.59545592e+05	2.64545974e+01	1.00000000e-09	2.64545974e+00	1.00000000e-10	2.55248061e+06	6.52962161e-12
3.59000000e+01	3.01836152e+01	-6.62142111e+06	-2.57717261e+05	1.00000000e-09	1.00000000e-09	1.00000000e-10	1.00000000e-10	0.00000000e+00	6.00307641e-12
3.60000000e+01	3.02676921e+01	-6.57444656e+06	-2.55888929e+05	1.00000000e-09	1.00000000e-09	1.00000000e-10	1.00000000e-10	0.00000000e+00	5.51899153e-12
3.61000000e+01	3.03517690e+01	-6.52747214e+06	-2.54060603e+05	6.73717551e+00	1.00000000e-09	6.73717551e-01	1.00000000e-10	6.50038617e+05	5.07394300e-12
3.62000000e+01	3.04358459e+01	-6.48049840e+06	-2.52232303e+05	2.32265048e+01	1.00000000e-09	2.32265048e+00	1.00000000e-10	2.24101703e+06	4.66478295e-12
3.63000000e+01	3.05199229e+01	-6.43352466e+06	-2.50404003e+05	1.00000000e-09	1.00000000e-09	1.00000000e-10	1.00000000e-10	0.00000000e+00	4.28861734e-12
3.64000000e+01	3.06039998e+01	-6.38655091e+06	-2.48575703e+05	1.00000000e-09	1.00000000e-09	1.00000000e-10	1.00000000e-10	0.00000000e+00	3.94278553e-12
3.65000000e+01	3.06880767e+01	-6.33957730e+06	-2.46747408e+05	3.40078017e+00	1.00000000e-09	3.40078017e-01	1.00000000e-10	3.28125404e+05	3.62484141e-12
3.66000000e+01	3.07721536e+01	-6.29260437e+06	-2.44919139e+05	1.96177997e+01	1.00000000e-09	1.96177997e+00	1.00000000e-10	1.89282992e+06	3.33253613e-12
3.67000000e+01	3.08562306e+01	-6.24563143e+06	-2.43090871e+05	1.00000000e-09	1.00000000e-09	1.00000000e-10	1.00000000e-10	0.00000000e+00	3.06380220e-12
3.68000000e+01	3.09403075e+01	-6.19865850e+06	-2.41262602e+05	1.00000000e-09	1.00000000e-09	1.00000000e-10	1.00000000e-10	0.00000000e+00	2.81673882e-12
3.69000000e+01	3.10243844e+01	-6.15168569e+06	-2.39434339e+05	4.75890235e-01	1.00000000e-09	4.75890235e-02	1.00000000e-10	4.59164273e+04	2.58959851e-12
3.70000000e+01	3.11084613e+01	-6.10471357e+06	-2.37606102e+05	1.56726745e+01	1.00000000e-09	1.56726745e+00	1.00000000e-10	1.51218320e+06	2.38077467e-12
3.71000000e+01	3.11925382e+01	-6.05774144e+06	-2.35777865e+05	3.81365912e-01	1.00000000e-09	3.81365912e-02	1.00000000e-10	3.67962166e+04	2.18879027e-12
3.72000000e+01	3.12766152e+01	-6.01076932e+06	-2.33949628e+05	1.00000000e-09	1.00000000e-09	1.00000000e-10	1.00000000e-10	0.00000000e+00	2.01228739e-12
3.73000000e+01	3.13606921e+01	-5.96379732e+06	-2.32121396e+05	1.00000000e-09	1.00000000e-09	1.00000000e-10	1.00000000e-10	0.00000000e+00	1.85001761e-12
3.74000000e+01	3.14447690e+01	-5.91682600e+06	-2.30293190e+05	1.14393961e+01	1.00000000e-09	1.14393961e+00	1.00000000e-10	1.10373393e+06	1.70083318e-12
3.75000000e+01	3.15288459e+01	-5.86985469e+06	-2.28464984e+05	2.62744157e+00	1.00000000e-09	2.62744157e-01	1.00000000e-10	2.53509572e+05	1.56367890e-12
3.76000000e+01	3.16129229e+01	-5.82288337e+06	-2.26636779e+05	1.00000000e-09	1.00000000e-09	1.00000000e-10	1.00000000e-10	0.00000000e+00	1.43758467e-12
3.77000000e+01	3.16969998e+01	-5.77591218e+06	-2.24808578e+05	1.00000000e-09	1.00000000e-09	1.00000000e-10	1.00000000e-10	0.00000000e+00	1.32165861e-12
3.78000000e+01	3.17810767e+01	-5.72894167e+06	-2.22980404e+05	6.96972298e+00	1.00000000e-09	6.96972298e-01	1.00000000e-10	6.72476036e+05	1.21508076e-12
3.79000000e+01	3.18651536e+01	-5.68197116e+06	-2.21152230e+05	4.38294230e+00	1.00000000e-09	4.38294230e-01	1.00000000e-10	4.22889643e+05	1.11709730e-12
3.80000000e+01	3.19492305e+01	-5.63500065e+06	-2.19324056e+05	1.00000000e-09	1.00000000e-09	1.00000000e-10	1.00000000e-10	0.00000000e+00	1.02701517e-12
3.81000000e+01	3.20333075e+01	-5.58803027e+06	-2.17495886e+05	1.00000000e-09	1.00000000e-09	1.00000000e-10	1.00000000e-10	0.00000000e+00	9.44197214e-13
3.82000000e+01	3.21173844e+01	-5.54106056e+06	-2.15667743e+05	2.31827980e+00	1.00000000e-09	2.31827980e-01	1.00000000e-10	2.23679997e+05	8.68057654e-13
3.83000000e+01	3.22014613e+01	-5.49409086e+06	-2.13839601e+05	5.62627003e+00	1.00000000e-09	5.62627003e-01	1.00000000e-10	5.42852532e+05	7.98057949e-13
3.84000000e+01	3.22855382e+01	-5.44712116e+06	-2.12011458e+05	1.00000000e-09	1.00000000e-09	1.00000000e-10	1.00000000e-10	0.00000000e+00	7.33702982e-13
3.85000000e+01	3.23696152e+01	-5.40015158e+06	-2.10183320e+05	1.00000000e-09	1.00000000e-09	1.00000000e-10	1.00000000e-10	0.00000000e+00	6.74537565e-13
3.86000000e+01	3.24536921e+01	-5.35318268e+06	-2.08355209e+05	1.00000000e-09	1.00000000e-09	1.00000000e-10	1.00000000e-10	0.00000000e+00	6.20143216e-13
3.87000000e+01	3.25377690e+01	-5.30621378e+06	-2.06527097e+05	6.34202021e+00	1.00000000e-09	6.34202021e-01	1.00000000e-10	6.11911927e+05	5.70135198e-13
3.88000000e+01	3.26218459e+01	-5.25924489e+06	-2.04698986e+05	2.80501907e+00	1.00000000e-09	2.80501907e-01	1.00000000e-10	2.70643196e+05	5.24159800e-13
3.89000000e+01	3.27059228e+01	-5.21227611e+06	-2.02870879e+05	1.00000000e-09	1.00000000e-09	1.00000000e-10	1.00000000e-10	0.00000000e+00	4.81891834e-13
3.90000000e+01	3.27899998e+01	-5.16530802e+06	-2.01042799e+05	1.00000000e-09	1.00000000e-09	1.00000000e-10	1.00000000e-10	0.00000000e+00	4.43032333e-13
3.91000000e+01	3.28740767e+01	-5.11833993e+06	-1.99214719e+05	6.52116795e+00	1.00000000e-09	6.52116795e-01	1.00000000e-10	6.29197056e+05	4.07306443e-13
3.92000000e+01	3.29581536e+01	-5.07137184e+06	-1.97386639e+05	7.65779567e+00	1.00000000e-09	7.65779567e-01	1.00000000e-10	7.38864958e+05	3.74461468e-13
3.93000000e+01	3.30422305e+01	-5.02440386e+06	-1.95558563e+05	1.00000000e-09	1.00000000e-09	1.00000000e-10	1.00000000e-10	0.00000000e+00	3.44265096e-13
3.94000000e+01	3.31263075e+01	-4.97743658e+06	-1.93730515e+05	1.00000000e-09	1.00000000e-09	1.00000000e-10	1.00000000e-10	0.00000000e+00	3.16503742e-13
3.95000000e+01	3.32103844e+01	-4.93046929e+06	-1.91902466e+05	6.16117769e+00	1.00000000e-09	6.16117769e-01	1.00000000e-10	5.94463276e+05	2.90981049e-13
3.96000000e+01	3.32944613e+01	-4.88350200e+06	-1.90074417e+05	1.24885030e+01	1.00000000e-09	1.24885030e+00	1.00000000e-10	1.20495736e+06	2.67516493e-13
3.97000000e+01	3.33785382e+01	-4.83653483e+06	-1.88246373e+05	1.00000000e-09	1.00000000e-09	1.00000000e-10	1.00000000e-10	0.00000000e+00	2.45944106e-13
3.98000000e+01	3.34626152e+01	-4.78956835e+06	-1.86418355e+05	1.00000000e-09	1.00000000e-09	1.00000000e-10	1.00000000e-10	0.00000000e+00	2.26111304e-13
3.99000000e+01	3.35466921e+01	-4.74260186e+06	-1.84590338e+05	5.26604353e+00	1.00000000e-09	5.26604353e-01	1.00000000e-10	5.08095959e+05	2.07877809e-13
4.00000000e+01	3.36307690e+01	-4.69563538e+06	-1.82762320e+05	1.72380926e+01	1.00000000e-09	1.72380926e+00	1.00000000e-10	1.66322309e+06	1.91114654e-13
4.01000000e+01	3.37148459e+01	-4.64866901e+06	-1.80934308e+05	1.00000000e-09	1.00000000e-09	1.00000000e-10	1.00000000e-10	0.00000000e+00	1.75703270e-13
4.02000000e+01	3.37989228e+01	-4.60170333e+06	-1.79106321e+05	1.00000000e-09	1.00000000e-09	1.00000000e-10	1.00000000e-10	0.00000000e+00	1.61534652e-13
4.03000000e+01	3.38829998e+01	-4.55473765e+06	-1.77278335e+05	3.84623062e+00	1.00000000e-09	3.84623062e-01	1.00000000e-10	3.71104839e+05	1.48508584e-13
4.04000000e+01	3.39670767e+01	-4.50777196e+06	-1.75450349e+05	2.18484868e+01	1.00000000e-09	2.18484868e+00	1.00000000e-10	2.10805851e+06	1.36532931e-13
4.05000000e+01	3.40511536e+01	-4.46080640e+06	-1.73622367e+05	1.00000000e-09	1.00000000e-09	1.00000000e-10	1.00000000e-10	0.00000000e+00	1.25522989e-13
4.06000000e+01	3.41352305e+01	-4.41384152e+06	-1.71794412e+05	1.00000000e-09	1.00000000e-09	1.00000000e-10	1.00000000e-10	0.00000000e+00	1.15400882e-13
4.07000000e+01	3.42193075e+01	-4.36687663e+06	-1.69966457e+05	1.91854880e+00	1.00000000e-09	1.91854880e-01	1.00000000e-10	1.85111818e+05	1.06095016e-13
4.08000000e+01	3.43033844e+01	-4.31991175e+06	-1.68138501e+05	2.62632802e+01	1.00000000e-09	2.62632802e+00	1.00000000e-10	2.53402132e+06	9.75395708e-14
4.09000000e+01	3.43874613e+01	-4.27294699e+06	-1.66310551e+05	1.00000000e-09	1.00000000e-09	1.00000000e-10	1.00000000e-10	0.00000000e+00	8.96740319e-14
4.10000000e+01	3.44715382e+01	-4.22598290e+06	-1.64482627e+05	1.00000000e-09	1.00000000e-09	1.00000000e-10	1.00000000e-10	0.00000000e+00	8.24427658e-14
4.11000000e+01	3.45556151e+01	-4.17901882e+06	-1.62654703e+05	1.00000000e-09	1.00000000e-09	1.00000000e-10	1.00000000e-10	0.00000000e+00	7.57946252e-14
4.12000000e+01	3.46396921e+01	-4.13205474e+06	-1.60826779e+05	3.04284208e+01	1.00000000e-09	3.04284208e+00	1.00000000e-10	2.93589629e+06	6.96825871e-14
4.13000000e+01	3.47237690e+01	-4.08509077e+06	-1.58998859e+05	1.47659831e+00	1.00000000e-09	1.47659831e-01	1.00000000e-10	1.42470078e+05	6.40634205e-14
4.14000000e+01	3.48078459e+01	-4.03812749e+06	-1.57170966e+05	1.00000000e-09	1.00000000e-09	1.00000000e-10	1.00000000e-10	0.00000000e+00	5.88973804e-14
4.15000000e+01	3.48919228e+01	-3.99116420e+06	-1.55343073e+05	1.00000000e-09	1.00000000e-09	1.00000000e-10	1.00000000e-10	0.00000000e+00	5.41479271e-14
4.16000000e+01	3.49759998e+01	-3.94420092e+06	-1.53515180e+05	3.42928628e+01	1.00000000e-09	3.42928628e+00	1.00000000e-10	3.30875826e+06	4.97814672e-14
4.17000000e+01	3.50600767e+01	-3.89723775e+06	-1.51687292e+05	4.56481097e+00	1.00000000e-09	4.56481097e-01	1.00000000e-10	4.40437303e+05	4.57671163e-14
4.18000000e+01	3.51441536e+01	-3.85027526e+06	-1.49859430e+05	1.00000000e-09	1.00000000e-09	1.00000000e-10	1.00000000e-10	0.00000000e+00	4.20764804e-14
4.19000000e+01	3.52282305e+01	-3.80331278e+06	-1.48031568e+05	1.00000000e-09	1.00000000e-09	1.00000000e-10	1.00000000e-10	0.00000000e+00	3.86834555e-14
4.20000000e+01	3.53123074e+01	-3.75635029e+06	-1.46203706e+05	3.78091298e+01	1.00000000e-09	3.78091298e+00	1.00000000e-10	3.64802644e+06	3.55640423e-14
4.21000000e+01	3.53963844e+01	-3.70938792e+06	-1.44375849e+05	8.05560781e+00	1.00000000e-09	8.05560781e-01	1.00000000e-10	7.77247995e+05	3.26961769e-14
4.22000000e+01	3.54804613e+01	-3.66242623e+06	-1.42548018e+05	1.00000000e-09	1.00000000e-09	1.00000000e-10	1.00000000e-10	0.00000000e+00	3.00595747e-14
4.23000000e+01	3.55645382e+01	-3.61546454e+06	-1.40720187e+05	1.00000000e-09	1.00000000e-09	1.00000000e-10	1.00000000e-10	0.00000000e+00	2.76355866e-14
4.24000000e+01	3.56486151e+01	-3.56850285e+06	-1.38892356e+05	4.09339976e+01	1.00000000e-09	4.09339976e+00	1.00000000e-10	3.94953035e+06	2.54070677e-14
4.25000000e+01	3.57326921e+01	-3.52154127e+06	-1.37064529e+05	1.19071603e+01	1.00000000e-09	1.19071603e+00	1.00000000e-10	1.14886631e+06	2.33582553e-14
4.26000000e+01	3.58167690e+01	-3.47458037e+06	-1.35236729e+05	1.00000000e-09	1.00000000e-09	1.00000000e-10	1.00000000e-10	0.00000000e+00	2.14746581e-14
4.27000000e+01	3.59008459e+01	-3.42761948e+06	-1.33408929e+05	1.00000000e-09	1.00000000e-09	1.00000000e-10	1.00000000e-10	0.00000000e+00	1.97429531e-14
4.28000000e+01	3.59849228e+01	-3.38065858e+06	-1.31581129e+05	4.36289607e+01	1.00000000e-09	4.36289607e+00	1.00000000e-10	4.20955476e+06	1.81508919e-14
4.29000000e+01	3.60689997e+01	-3.33369779e+06	-1.29753334e+05	1.60732743e+01	1.00000000e-09	1.60732743e+00	1.00000000e-10	1.55083521e+06	1.66872137e-14
4.30000000e+01	3.61530767e+01	-3.28673769e+06	-1.27925565e+05	1.00000000e-09	1.00000000e-09	1.00000000e-10	1.00000000e-10	0.00000000e+00	1.53415657e-14
4.31000000e+01	3.62371536e+01	-3.23977759e+06	-1.26097796e+05	1.00000000e-09	1.00000000e-09	1.00000000e-10	1.00000000e-10	0.00000000e+00	1.41044300e-14
4.32000000e+01	3.63212305e+01	-3.19281749e+06	-1.24270027e+05	4.58606976e+01	1.00000000e-09	4.58606976e+00	1.00000000e-10	4.42488464e+06	1.29670563e-14
4.33000000e+01	3.64053074e+01	-3.14585749e+06	-1.22442262e+05	2.05039479e+01	1.00000000e-09	2.05039479e+00	1.00000000e-10	1.97833022e+06	1.19213998e-14
4.34000000e+01	3.64893844e+01	-3.09889818e+06	-1.20614523e+05	1.00000000e-09	1.00000000e-09	1.00000000e-10	1.00000000e-10	0.00000000e+00	1.09600645e-14
4.35000000e+01	3.65734613e+01	-3.05193887e+06	-1.18786785e+05	1.00000000e-09	1.00000000e-09	1.00000000e-10	1.00000000e-10	0.00000000e+00	1.00762507e-14
4.36000000e+01	3.66575382e+01	-3.00497957e+06	-1.16959047e+05	4.76014728e+01	1.00000000e-09	4.76014728e+00	1.00000000e-10	4.59284391e+06	9.26370726e-15
4.37000000e+01	3.67416151e+01	-2.95802036e+06	-1.15131313e+05	2.51459747e+01	1.00000000e-09	2.51459747e+00	1.00000000e-10	2.42621772e+06	8.51668685e-15
4.38000000e+01	3.68256921e+01	-2.91106184e+06	-1.13303605e+05	1.00000000e-09	1.00000000e-09	1.00000000e-10	1.00000000e-10	0.00000000e+00	7.82990577e-15
4.39000000e+01	3.69097690e+01	-2.86410333e+06	-1.11475898e+05	1.00000000e-09	1.00000000e-09	1.00000000e-10	1.00000000e-10	0.00000000e+00	7.19850635e-15
4.40000000e+01	3.69938459e+01	-2.81714481e+06	-1.09648190e+05	4.88294725e+01	1.00000000e-09	4.88294725e+00	1.00000000e-10	4.71132787e+06	6.61802264e-15
4.41000000e+01	3.70779228e+01	-2.77018639e+06	-1.07820487e+05	2.99435862e+01	1.00000000e-09	2.99435862e+00	1.00000000e-10	2.88911686e+06	6.08434883e-15
4.42000000e+01	3.71619997e+01	-2.72322866e+06	-1.05992810e+05	1.00000000e-09	1.00000000e-09	1.00000000e-10	1.00000000e-10	0.00000000e+00	5.59371018e-15
4.43000000e+01	3.72460767e+01	-2.67627094e+06	-1.04165134e+05	1.00000000e-09	1.00000000e-09	1.00000000e-10	1.00000000e-10	0.00000000e+00	5.14263638e-15
4.44000000e+01	3.73301536e+01	-2.62931321e+06	-1.02337457e+05	4.95290678e+01	1.00000000e-09	4.95290678e+00	1.00000000e-10	4.77882856e+06	4.72793693e-15
4.45000000e+01	3.74142305e+01	-2.58235558e+06	-1.00509784e+05	3.48391249e+01	1.00000000e-09	3.48391249e+00	1.00000000e-10	3.36146454e+06	4.34667862e-15
4.46000000e+01	3.74983074e+01	-2.53539864e+06	-9.86821381e+04	1.00000000e-09	1.00000000e-09	1.00000000e-10	1.00000000e-10	0.00000000e+00	3.99616478e-15
4.47000000e+01	3.75823844e+01	-2.48844170e+06	-9.68544921e+04	1.00000000e-09	1.00000000e-09	1.00000000e-10	1.00000000e-10	0.00000000e+00	3.67391618e-15
4.48000000e+01	3.76664613e+01	-2.44148476e+06	-9.50268461e+04	4.96910038e+01	1.00000000e-09	4.96910038e+00	1.00000000e-10	4.79445300e+06	3.37765354e-15
4.49000000e+01	3.77505382e+01	-2.39452792e+06	-9.31992041e+04	3.97737405e+01	1.00000000e-09	3.97737405e+00	1.00000000e-10	3.83758257e+06	3.10528136e-15
4.50000000e+01	3.78346151e+01	-2.34757177e+06	-9.13715887e+04	1.00000000e-09	1.00000000e-09	1.00000000e-10	1.00000000e-10	0.00000000e+00	2.85487313e-15
4.51000000e+01	3.79186920e+01	-2.30061562e+06	-8.95439733e+04	1.00000000e-09	1.00000000e-09	1.00000000e-10	1.00000000e-10	0.00000000e+00	2.62465769e-15
4.52000000e+01	3.80027690e+01	-2.25365947e+06	-8.77163579e+04	4.93125114e+01	1.00000000e-09	4.93125114e+00	1.00000000e-10	4.75793404e+06	2.41300669e-15
4.53000000e+01	3.80868459e+01	-2.20670341e+06	-8.58887465e+04	4.46880998e+01	1.00000000e-09	4.46880998e+00	1.00000000e-10	4.31174616e+06	2.21842312e-15
4.54000000e+01	3.81709228e+01	-2.15974805e+06	-8.40611617e+04	1.00000000e-09	1.00000000e-09	1.00000000e-10	1.00000000e-10	0.00000000e+00	2.03953067e-15
4.55000000e+01	3.82549997e+01	-2.11279268e+06	-8.22335769e+04	1.00000000e-09	1.00000000e-09	1.00000000e-10	1.00000000e-10	0.00000000e+00	1.87506400e-15
4.56000000e+01	3.83390767e+01	-2.06583731e+06	-8.04059921e+04	4.83973509e+01	1.00000000e-09	4.83973509e+00	1.00000000e-10	4.66963448e+06	1.72385984e-15
4.57000000e+01	3.84231536e+01	-2.01888205e+06	-7.85784113e+04	4.95231044e+01	1.00000000e-09	4.95231044e+00	1.00000000e-10	4.77825318e+06	1.58484870e-15
4.58000000e+01	3.85072305e+01	-1.97192747e+06	-7.67508570e+04	1.00000000e-09	1.00000000e-09	1.00000000e-10	1.00000000e-10	0.00000000e+00	1.45704735e-15
4.59000000e+01	3.85913074e+01	-1.92497289e+06	-7.49233028e+04	1.00000000e-09	1.00000000e-09	1.00000000e-10	1.00000000e-10	0.00000000e+00	1.33955183e-15
4.60000000e+01	3.86753843e+01	-1.87801830e+06	-7.30957486e+04	4.69557565e+01	1.00000000e-09	4.69557565e+00	1.00000000e-10	4.53054176e+06	1.23153109e-15
4.61000000e+01	3.87594613e+01	-1.83106382e+06	-7.12681982e+04	5.42206039e+01	1.00000000e-09	5.42206039e+00	1.00000000e-10	5.23149298e+06	1.13222108e-15
4.62000000e+01	3.88435382e+01	-1.78411002e+06	-6.94406745e+04	1.00000000e-09	1.00000000e-09	1.00000000e-10	1.00000000e-10	0.00000000e+00	1.04091937e-15
4.63000000e+01	3.89276151e+01	-1.73715623e+06	-6.76131508e+04	1.00000000e-09	1.00000000e-09	1.00000000e-10	1.00000000e-10	0.00000000e+00	9.56980191e-16
4.64000000e+01	3.90116920e+01	-1.69020243e+06	-6.57856271e+04	4.50043132e+01	1.00000000e-09	4.50043132e+00	1.00000000e-10	4.34225610e+06	8.79809819e-16
4.65000000e+01	3.90957690e+01	-1.64324873e+06	-6.39581072e+04	5.87240979e+01	1.00000000e-09	5.87240979e+00	1.00000000e-10	5.66601409e+06	8.08862425e-16
4.66000000e+01	3.91798459e+01	-1.59629571e+06	-6.21306139e+04	1.00000000e-09	1.00000000e-09	1.00000000e-10	1.00000000e-10	0.00000000e+00	7.43636191e-16
4.67000000e+01	3.92639228e+01	-1.54934270e+06	-6.03031207e+04	1.00000000e-09	1.00000000e-09	1.00000000e-10	1.00000000e-10	0.00000000e+00	6.83669765e-16
4.68000000e+01	3.93479997e+01	-1.50238968e+06	-5.84756274e+04	4.25657565e+01	1.00000000e-09	4.25657565e+00	1.00000000e-10	4.10697115e+06	6.28539001e-16
4.69000000e+01	3.94320766e+01	-1.45543677e+06	-5.66481380e+04	6.29794178e+01	1.00000000e-09	6.29794178e+00	1.00000000e-10	6.07659004e+06	5.77853951e-16
4.70000000e+01	3.95161536e+01	-1.40848453e+06	-5.48206751e+04	1.00000000e-09	1.00000000e-09	1.00000000e-10	1.00000000e-10	0.00000000e+00	5.31256117e-16
4.71000000e+01	3.96002305e+01	-1.36153230e+06	-5.29932123e+04	1.00000000e-09	1.00000000e-09	1.00000000e-10	1.00000000e-10	0.00000000e+00	4.88415907e-16
4.72000000e+01	3.96843074e+01	-1.31458007e+06	-5.11657495e+04	3.96686982e+01	1.00000000e-09	3.96686982e+00	1.00000000e-10	3.82744752e+06	4.49030309e-16
4.73000000e+01	3.97683843e+01	-1.26762793e+06	-4.93382904e+04	6.69353809e+01	1.00000000e-09	6.69353809e+00	1.00000000e-10	6.45828246e+06	4.12820745e-16
4.74000000e+01	3.98524613e+01	-1.22067648e+06	-4.75108580e+04	1.00000000e-09	1.00000000e-09	1.00000000e-10	1.00000000e-10	0.00000000e+00	3.79531100e-16
4.75000000e+01	3.99365382e+01	-1.17372503e+06	-4.56834256e+04	1.00000000e-09	1.00000000e-09	1.00000000e-10	1.00000000e-10	0.00000000e+00	3.48925915e-16
4.76000000e+01	4.00206151e+01	-1.12677357e+06	-4.38559932e+04	3.63472808e+01	1.00000000e-09	3.63472808e+00	1.00000000e-10	3.50697946e+06	3.20788716e-16
4.77000000e+01	4.01046920e+01	-1.07982222e+06	-4.20285644e+04	7.05444080e+01	1.00000000e-09	7.05444080e+00	1.00000000e-10	6.80650063e+06	2.94920485e-16
4.78000000e+01	4.01887690e+01	-1.03287154e+06	-4.02011624e+04	1.00000000e-09	1.00000000e-09	1.00000000e-10	1.00000000e-10	0.00000000e+00	2.71138254e-16
4.79000000e+01	4.02728459e+01	-9.85920872e+05	-3.83737603e+04	1.00000000e-09	1.00000000e-09	1.00000000e-10	1.00000000e-10	0.00000000e+00	2.49273810e-16
4.80000000e+01	4.03569228e+01	-9.38970200e+05	-3.65463582e+04	3.26407658e+01	1.00000000e-09	3.26407658e+00	1.00000000e-10	3.14935513e+06	2.29172503e-16
4.81000000e+01	4.04409997e+01	-8.92019622e+05	-3.47189598e+04	7.37630972e+01	1.00000000e-09	7.37630972e+00	1.00000000e-10	7.11705694e+06	2.10692155e-16
4.82000000e+01	4.05250766e+01	-8.45069729e+05	-3.28915881e+04	1.00000000e-09	1.00000000e-09	1.00000000e-10	1.00000000e-10	0.00000000e+00	1.93702052e-16
4.83000000e+01	4.06091536e+01	-7.98119835e+05	-3.10642163e+04	1.00000000e-09	1.00000000e-09	1.00000000e-10	1.00000000e-10	0.00000000e+00	1.78082022e-16
4.84000000e+01	4.06932305e+01	-7.51169942e+05	-2.92368445e+04	2.85930592e+01	1.00000000e-09	2.85930592e+00	1.00000000e-10	2.75881081e+06	1.63721583e-16
4.85000000e+01	4.07773074e+01	-7.04220142e+05	-2.74094764e+04	7.65527486e+01	1.00000000e-09	7.65527486e+00	1.00000000e-10	7.38621738e+06	1.50519162e-16
4.86000000e+01	4.08613843e+01	-6.57271027e+05	-2.55821350e+04	1.00000000e-09	1.00000000e-09	1.00000000e-10	1.00000000e-10	0.00000000e+00	1.38381377e-16
4.87000000e+01	4.09454613e+01	-6.10321911e+05	-2.37547935e+04	1.00000000e-09	1.00000000e-09	1.00000000e-10	1.00000000e-10	0.00000000e+00	1.27222377e-16
4.88000000e+01	4.10295382e+01	-5.63372796e+05	-2.19274520e+04	2.42521822e+01	1.00000000e-09	2.42521822e+00	1.00000000e-10	2.33997985e+06	1.16963232e-16
4.89000000e+01	4.11136151e+01	-5.16423774e+05	-2.01001142e+04	7.88798304e+01	1.00000000e-09	7.88798304e+00	1.00000000e-10	7.61074663e+06	1.07531379e-16
4.90000000e+01	4.11976920e+01	-4.69475435e+05	-1.82728029e+04	1.00000000e-09	1.00000000e-09	1.00000000e-10	1.00000000e-10	0.00000000e+00	9.88601065e-17
4.91000000e+01	4.12817689e+01	-4.22527097e+05	-1.64454917e+04	1.00000000e-09	1.00000000e-09	1.00000000e-10	1.00000000e-10	0.00000000e+00	9.08880802e-17
4.92000000e+01	4.13658459e+01	-3.75578759e+05	-1.46181805e+04	1.96696911e+01	1.00000000e-09	1.96696911e+00	1.00000000e-10	1.89783668e+06	8.35589140e-17
4.93000000e+01	4.14499228e+01	-3.28630513e+05	-1.27908729e+04	8.07163837e+01	1.00000000e-09	8.07163837e+00	1.00000000e-10	7.78794709e+06	7.68207678e-17
4.94000000e+01	4.15339997e+01	-2.81682952e+05	-1.09635919e+04	1.00000000e-09	1.00000000e-09	1.00000000e-10	1.00000000e-10	0.00000000e+00	7.06259821e-17
4.95000000e+01	4.16180766e+01	-2.34735390e+05	-9.13631087e+03	1.00000000e-09	1.00000000e-09	1.00000000e-10	1.00000000e-10	0.00000000e+00	6.49307406e-17
4.96000000e+01	4.17021536e+01	-1.87787828e+05	-7.30902987e+03	1.49000555e+01	1.00000000e-09	1.49000555e+00	1.00000000e-10	1.43763680e+06	5.96947603e-17
4.97000000e+01	4.17862305e+01	-1.40840358e+05	-5.48175243e+03	8.20403602e+01	1.00000000e-09	8.20403602e+00	1.00000000e-10	7.91569140e+06	5.48810067e-17
4.98000000e+01	4.18703074e+01	-9.38935720e+04	-3.65450162e+03	1.00000000e-09	1.00000000e-09	1.00000000e-10	1.00000000e-10	0.00000000e+00	5.04554316e-17
4.99000000e+01	4.19543843e+01	-4.69467860e+04	-1.82725081e+03	1.00000000e-09	1.00000000e-09	1.00000000e-10	1.00000000e-10	0.00000000e+00	4.63867326e-17
5.00000000e+01	4.20384612e+01	0.00000000e+00	0.00000000e+00	1.00000000e+01	1.00000000e+01	1.00000000e+00	1.00000000e+00	0.00000000e+00	4.26461312e-17
