# 1D PNP Solver Results
# Debye length: 1.18939 nm
# Surface potential: 100 mV
# Bulk concentration: 10 mol/m^3
# Thermal voltage: 25.6926 mV
# Grid: non-uniform with stretching factor 1
#
# Columns:
# 1: x [nm]
# 2: x/lambda_D [-]
# 3: phi [mV]
# 4: phi_normalized = e*phi/(kB*T) [-]
# 5: c+ [mol/m^3]
# 6: c- [mol/m^3]
# 7: c+/c0 [-]
# 8: c-/c0 [-]
# 9: rho [C/m^3]
# 10: phi_GC [mV] (Gouy-Chapman analytical)
0.00000000e+00	0.00000000e+00	1.00000000e+02	3.89217445e+00	1.00000000e-09	1.00000000e-09	1.00000000e-10	1.00000000e-10	0.00000000e+00	1.00000000e+02
1.00000000e-01	8.40769225e-02	1.68871064e+05	6.57275642e+03	1.00000000e-09	1.00000000e-09	1.00000000e-10	1.00000000e-10	0.00000000e+00	8.70576373e+01
2.00000000e-01	1.68153845e-01	3.37642129e+05	1.31416207e+04	3.22776183e+05	1.00000000e-09	3.22776183e+04	1.00000000e-10	3.11431673e+10	7.68715638e+01
3.00000000e-01	2.52230767e-01	4.94442326e+05	1.92445579e+04	1.00000000e-09	1.00000000e-09	1.00000000e-10	1.00000000e-10	0.00000000e+00	6.85207345e+01
4.00000000e-01	3.36307690e-01	6.50942273e+05	2.53358088e+04	1.00000000e-09	1.00000000e-09	1.00000000e-10	1.00000000e-10	0.00000000e+00	6.14862309e+01
5.00000000e-01	4.20384612e-01	8.07442219e+05	3.14270598e+04	5.70006293e+03	1.00000000e-09	5.70006293e+02	1.00000000e-10	5.49972465e+08	5.54461690e+01
6.00000000e-01	5.04461535e-01	9.63942166e+05	3.75183107e+04	3.24212758e+05	1.00000000e-09	3.24212758e+04	1.00000000e-10	3.12817756e+10	5.01866549e+01
7.00000000e-01	5.88538457e-01	1.10847145e+06	4.31436425e+04	1.00000000e-09	1.00000000e-09	1.00000000e-10	1.00000000e-10	0.00000000e+00	4.55579535e+01
8.00000000e-01	6.72615380e-01	1.25237826e+06	4.87447465e+04	1.00000000e-09	1.00000000e-09	1.00000000e-10	1.00000000e-10	0.00000000e+00	4.14508515e+01
9.00000000e-01	7.56692302e-01	1.39628506e+06	5.43458504e+04	1.79994572e+04	1.00000000e-09	1.79994572e+03	1.00000000e-10	1.73668360e+09	3.77829914e+01
1.00000000e+00	8.40769225e-01	1.54019187e+06	5.99469543e+04	3.27586006e+05	1.00000000e-09	3.27586006e+04	1.00000000e-10	3.16072446e+10	3.44905241e+01
1.10000000e+00	9.24846147e-01	1.67212813e+06	6.50821440e+04	1.00000000e-09	1.00000000e-09	1.00000000e-10	1.00000000e-10	0.00000000e+00	3.15227780e+01
1.20000000e+00	1.00892307e+00	1.80309490e+06	7.01795992e+04	1.00000000e-09	1.00000000e-09	1.00000000e-10	1.00000000e-10	0.00000000e+00	2.88387272e+01
1.30000000e+00	1.09299999e+00	1.93406167e+06	7.52770543e+04	3.23932032e+04	1.00000000e-09	3.23932032e+03	1.00000000e-10	3.12546897e+09	2.64045776e+01
1.40000000e+00	1.17707691e+00	2.06502844e+06	8.03745095e+04	3.33504475e+05	1.00000000e-09	3.33504475e+04	1.00000000e-10	3.21782900e+10	2.41920729e+01
1.50000000e+00	1.26115384e+00	2.18402477e+06	8.50060540e+04	1.00000000e-09	1.00000000e-09	1.00000000e-10	1.00000000e-10	0.00000000e+00	2.21772778e+01
1.60000000e+00	1.34523076e+00	2.30167640e+06	8.95852606e+04	1.00000000e-09	1.00000000e-09	1.00000000e-10	1.00000000e-10	0.00000000e+00	2.03396868e+01
1.70000000e+00	1.42930768e+00	2.41932802e+06	9.41644672e+04	4.94482612e+04	1.00000000e-09	4.94482612e+03	1.00000000e-10	4.77103191e+09	1.86615585e+01
1.80000000e+00	1.51338460e+00	2.53697965e+06	9.87436738e+04	3.42872659e+05	1.00000000e-09	3.42872659e+04	1.00000000e-10	3.30821824e+10	1.71274116e+01
1.90000000e+00	1.59746153e+00	2.64266095e+06	1.02856974e+05	1.00000000e-09	1.00000000e-09	1.00000000e-10	1.00000000e-10	0.00000000e+00	1.57236358e+01
2.00000000e+00	1.68153845e+00	2.74659008e+06	1.06902077e+05	1.00000000e-09	1.00000000e-09	1.00000000e-10	1.00000000e-10	0.00000000e+00	1.44381886e+01
2.10000000e+00	1.76561537e+00	2.85051921e+06	1.10947180e+05	6.99750337e+04	1.00000000e-09	6.99750337e+03	1.00000000e-10	6.75156436e+09	1.32603556e+01
2.20000000e+00	1.84969229e+00	2.95444834e+06	1.14992283e+05	3.57100163e+05	1.00000000e-09	3.57100163e+04	1.00000000e-10	3.44549279e+10	1.21805577e+01
2.30000000e+00	1.93376922e+00	3.04640737e+06	1.18571489e+05	1.00000000e-09	1.00000000e-09	1.00000000e-10	1.00000000e-10	0.00000000e+00	1.11901960e+01
2.40000000e+00	2.01784614e+00	3.13616943e+06	1.22065185e+05	1.00000000e-09	1.00000000e-09	1.00000000e-10	1.00000000e-10	0.00000000e+00	1.02815237e+01
2.50000000e+00	2.10192306e+00	3.22593148e+06	1.25558881e+05	9.51781151e+04	1.00000000e-09	9.51781151e+03	1.00000000e-10	9.18329204e+09	9.44754093e+00
2.60000000e+00	2.18599998e+00	3.31569353e+06	1.29052576e+05	3.78521699e+05	1.00000000e-09	3.78521699e+04	1.00000000e-10	3.65217919e+10	8.68190590e+00
2.70000000e+00	2.27007691e+00	3.39348595e+06	1.32080393e+05	1.00000000e-09	1.00000000e-09	1.00000000e-10	1.00000000e-10	0.00000000e+00	7.97886054e+00
2.80000000e+00	2.35415383e+00	3.46859297e+06	1.35003689e+05	1.00000000e-09	1.00000000e-09	1.00000000e-10	1.00000000e-10	0.00000000e+00	7.33316685e+00
2.90000000e+00	2.43823075e+00	3.54369999e+06	1.37926985e+05	1.26932189e+05	1.00000000e-09	1.26932189e+04	1.00000000e-10	1.22470944e+10	6.74005227e+00
3.00000000e+00	2.52230767e+00	3.61880700e+06	1.40850281e+05	4.11331866e+05	1.00000000e-09	4.11331866e+04	1.00000000e-10	3.96874917e+10	6.19516235e+00
3.10000000e+00	2.60638460e+00	3.68194524e+06	1.43307732e+05	1.00000000e-09	1.00000000e-09	1.00000000e-10	1.00000000e-10	0.00000000e+00	5.69451955e+00
3.20000000e+00	2.69046152e+00	3.74185806e+06	1.45639643e+05	1.00000000e-09	1.00000000e-09	1.00000000e-10	1.00000000e-10	0.00000000e+00	5.23448697e+00
3.30000000e+00	2.77453844e+00	3.80177089e+06	1.47971555e+05	1.68301533e+05	1.00000000e-09	1.68301533e+04	1.00000000e-10	1.62386293e+10	4.81173646e+00
3.40000000e+00	2.85861536e+00	3.86168371e+06	1.50303467e+05	4.63982058e+05	1.00000000e-09	4.63982058e+04	1.00000000e-10	4.47674629e+10	4.42322017e+00
3.50000000e+00	2.94269229e+00	3.90962924e+06	1.52169590e+05	1.00000000e-09	1.00000000e-09	1.00000000e-10	1.00000000e-10	0.00000000e+00	4.06614534e+00
3.60000000e+00	3.02676921e+00	3.95374747e+06	1.53886749e+05	1.00000000e-09	1.00000000e-09	1.00000000e-10	1.00000000e-10	0.00000000e+00	3.73795159e+00
3.70000000e+00	3.11084613e+00	3.99786570e+06	1.55603907e+05	2.24403756e+05	1.00000000e-09	2.24403756e+04	1.00000000e-10	2.16516709e+10	3.43629058e+00
3.80000000e+00	3.19492305e+00	4.04198393e+06	1.57321066e+05	5.56757773e+05	1.00000000e-09	5.56757773e+04	1.00000000e-10	5.37189586e+10	3.15900770e+00
3.90000000e+00	3.27899998e+00	4.07413735e+06	1.58572533e+05	1.00000000e-09	1.00000000e-09	1.00000000e-10	1.00000000e-10	0.00000000e+00	2.90412542e+00
4.00000000e+00	3.36307690e+00	4.10178611e+06	1.59648671e+05	1.00000000e-09	1.00000000e-09	1.00000000e-10	1.00000000e-10	0.00000000e+00	2.66982829e+00
4.10000000e+00	3.44715382e+00	4.12943487e+06	1.60724809e+05	3.01069037e+05	1.00000000e-09	3.01069037e+04	1.00000000e-10	2.90487461e+10	2.45444929e+00
4.20000000e+00	3.53123074e+00	4.15708364e+06	1.61800947e+05	7.55801222e+05	1.00000000e-09	7.55801222e+04	1.00000000e-10	7.29237319e+10	2.25645740e+00
4.30000000e+00	3.61530767e+00	4.17277159e+06	1.62411549e+05	1.00000000e-09	1.00000000e-09	1.00000000e-10	1.00000000e-10	0.00000000e+00	2.07444628e+00
4.40000000e+00	3.69938459e+00	4.18318367e+06	1.62816806e+05	1.00000000e-09	1.00000000e-09	1.00000000e-10	1.00000000e-10	0.00000000e+00	1.90712395e+00
4.50000000e+00	3.78346151e+00	4.19359575e+06	1.63222062e+05	2.68259542e+05	1.00000000e-09	2.68259542e+04	1.00000000e-10	2.58831110e+10	1.75330334e+00
4.60000000e+00	3.86753843e+00	4.20400783e+06	1.63627319e+05	1.50194343e+06	2.06605422e+04	1.50194343e+05	2.06605422e+03	1.42922071e+11	1.61189369e+00
4.70000000e+00	3.95161536e+00	4.20246549e+06	1.63567288e+05	1.47600576e+05	1.73892859e+05	1.47600576e+04	1.73892859e+04	-2.53681970e+09	1.48189263e+00
4.80000000e+00	4.03569228e+00	4.19475647e+06	1.63267239e+05	1.00000000e-09	5.38213356e+04	1.00000000e-10	5.38213356e+03	-5.19296944e+09	1.36237899e+00
4.90000000e+00	4.11976920e+00	4.18704744e+06	1.62967191e+05	1.00000000e-09	1.00000000e-09	1.00000000e-10	1.00000000e-10	0.00000000e+00	1.25250612e+00
5.00000000e+00	4.20384612e+00	4.17933842e+06	1.62667142e+05	1.12902860e+05	1.00000000e-09	1.12902860e+04	1.00000000e-10	1.08934699e+10	1.15149587e+00
5.10000000e+00	4.28792305e+00	4.15968519e+06	1.61902204e+05	4.15803559e+04	4.73429179e+04	4.15803559e+03	4.73429179e+03	-5.56002709e+08	1.05863300e+00
5.20000000e+00	4.37199997e+00	4.13281744e+06	1.60856465e+05	1.00000000e-09	8.19164010e+04	1.00000000e-10	8.19164010e+03	-7.90373116e+09	9.73260072e-01
5.30000000e+00	4.45607689e+00	4.10594970e+06	1.59810725e+05	1.00000000e-09	1.00000000e-09	1.00000000e-10	1.00000000e-10	0.00000000e+00	8.94772759e-01
5.40000000e+00	4.54015381e+00	4.07908196e+06	1.58764986e+05	4.94585017e+04	1.00000000e-09	4.94585017e+03	1.00000000e-10	4.77201996e+09	8.22615544e-01
5.50000000e+00	4.62423074e+00	4.04028656e+06	1.57255001e+05	2.70566238e+04	2.16871464e+04	2.70566238e+03	2.16871464e+03	5.18075812e+08	7.56277766e-01
5.60000000e+00	4.70830766e+00	3.99301480e+06	1.55415102e+05	1.00000000e-09	7.15072614e+04	1.00000000e-10	7.15072614e+03	-6.89940186e+09	6.95289988e-01
5.70000000e+00	4.79238458e+00	3.94574303e+06	1.53575202e+05	1.00000000e-09	1.00000000e-09	1.00000000e-10	1.00000000e-10	0.00000000e+00	6.39220665e-01
5.80000000e+00	4.87646150e+00	3.89847127e+06	1.51735303e+05	3.08849325e+04	1.00000000e-09	3.08849325e+03	1.00000000e-10	2.97994297e+09	5.87673079e-01
5.90000000e+00	4.96053843e+00	3.83929949e+06	1.49432234e+05	2.17013452e+04	1.10739051e+04	2.17013452e+03	1.10739051e+03	1.02539209e+09	5.40282524e-01
6.00000000e+00	5.04461535e+00	3.77008291e+06	1.46738204e+05	1.00000000e-09	6.23681725e+04	1.00000000e-10	6.23681725e+03	-6.01761384e+09	4.96713722e-01
6.10000000e+00	5.12869227e+00	3.70086633e+06	1.44044174e+05	1.00000000e-09	1.00000000e-09	1.00000000e-10	1.00000000e-10	0.00000000e+00	4.56658442e-01
6.20000000e+00	5.21276919e+00	3.63164975e+06	1.41350144e+05	2.19364399e+04	1.00000000e-09	2.19364399e+03	1.00000000e-10	2.11654469e+09	4.19833321e-01
6.30000000e+00	5.29684612e+00	3.55058187e+06	1.38194840e+05	1.93376388e+04	5.49148084e+03	1.93376388e+03	5.49148084e+02	1.33595115e+09	3.85977854e-01
6.40000000e+00	5.38092304e+00	3.45743085e+06	1.34569240e+05	1.00000000e-09	5.47124521e+04	1.00000000e-10	5.47124521e+03	-5.27894911e+09	3.54852548e-01
6.50000000e+00	5.46499996e+00	3.36427982e+06	1.30943640e+05	1.00000000e-09	1.00000000e-09	1.00000000e-10	1.00000000e-10	0.00000000e+00	3.26237227e-01
6.60000000e+00	5.54907688e+00	3.27112880e+06	1.27318039e+05	1.65799295e+04	1.00000000e-09	1.65799295e+03	1.00000000e-10	1.59972000e+09	2.99929475e-01
6.70000000e+00	5.63315381e+00	3.16622072e+06	1.23234834e+05	1.85663191e+04	2.19348262e+03	1.85663191e+03	2.19348262e+02	1.57973857e+09	2.75743201e-01
6.80000000e+00	5.71723073e+00	3.04639666e+06	1.18571073e+05	1.00000000e-09	4.80449224e+04	1.00000000e-10	4.80449224e+03	-4.63563029e+09	2.53507323e-01
6.90000000e+00	5.80130765e+00	2.92657261e+06	1.13907311e+05	1.00000000e-09	1.00000000e-09	1.00000000e-10	1.00000000e-10	0.00000000e+00	2.33064554e-01
7.00000000e+00	5.88538457e+00	2.80674856e+06	1.09243550e+05	1.28681436e+04	1.00000000e-09	1.28681436e+03	1.00000000e-10	1.24158711e+09	2.14270296e-01
7.10000000e+00	5.96946150e+00	2.67538305e+06	1.04130575e+05	1.92022412e+04	1.20947246e+02	1.92022412e+03	1.20947246e+01	1.84106498e+09	1.96991610e-01
7.20000000e+00	6.05353842e+00	2.52470068e+06	9.82657547e+04	1.00000000e-09	4.19095684e+04	1.00000000e-10	4.19095684e+03	-4.04365863e+09	1.81106277e-01
7.30000000e+00	6.13761534e+00	2.37401830e+06	9.24009338e+04	1.00000000e-09	5.93645231e+02	1.00000000e-10	5.93645231e+01	-5.72780573e+07	1.66501937e-01
7.40000000e+00	6.22169226e+00	2.22333593e+06	8.65361130e+04	9.73172671e+03	1.00000000e-09	9.73172671e+02	1.00000000e-10	9.38968884e+08	1.53075289e-01
7.50000000e+00	6.30576919e+00	2.06182691e+06	8.02499002e+04	2.22788327e+04	1.00000000e-09	2.22788327e+03	1.00000000e-10	2.14958058e+09	1.40731363e-01
7.60000000e+00	6.38984611e+00	1.87248854e+06	7.28805206e+04	1.00000000e-09	3.57244179e+04	1.00000000e-10	3.57244179e+03	-3.44688233e+09	1.29382849e-01
7.70000000e+00	6.47392303e+00	1.68315017e+06	6.55111410e+04	1.00000000e-09	1.70514819e+03	1.00000000e-10	1.70514819e+02	-1.64521790e+08	1.18949475e-01
7.80000000e+00	6.55799995e+00	1.49381180e+06	5.81417614e+04	1.00000000e-09	1.00000000e-09	1.00000000e-10	1.00000000e-10	0.00000000e+00	1.09357445e-01
7.90000000e+00	6.64207688e+00	1.30447344e+06	5.07723818e+04	3.66261910e+04	1.00000000e-09	3.66261910e+03	1.00000000e-10	3.53389020e+09	1.00538914e-01
8.00000000e+00	6.72615380e+00	1.05844213e+06	4.11964143e+04	1.21977060e+04	2.74517769e+04	1.21977060e+03	2.74517769e+03	-1.47179410e+09	9.24315047e-02
8.10000000e+00	6.81023072e+00	7.95480449e+05	3.09614868e+04	4.24721040e+02	1.00000000e-09	4.24721040e+01	1.00000000e-10	4.09793506e+07	8.49778740e-02
8.20000000e+00	6.89430764e+00	5.34383086e+05	2.07991220e+04	1.00000000e-09	1.00000000e-09	1.00000000e-10	1.00000000e-10	0.00000000e+00	7.81253008e-02
8.30000000e+00	6.97838457e+00	2.73285724e+05	1.06367571e+04	1.00000000e-09	2.89583062e+03	1.00000000e-10	2.89583062e+02	-2.79405179e+08	7.18253161e-02
8.40000000e+00	7.06246149e+00	1.21883618e+04	4.74392304e+02	1.00000000e-09	3.05845999e+04	1.00000000e-10	3.05845999e+03	-2.95096528e+09	6.60333593e-02
8.50000000e+00	7.14653841e+00	-2.46669291e+05	-9.60079912e+03	1.00000000e-09	1.00000000e-09	1.00000000e-10	1.00000000e-10	0.00000000e+00	6.07084632e-02
8.60000000e+00	7.23061533e+00	-5.02541047e+05	-1.95597742e+04	2.19673314e+01	1.00000000e-09	2.19673314e+00	1.00000000e-10	2.11952526e+06	5.58129641e-02
8.70000000e+00	7.31469226e+00	-7.58452738e+05	-2.95203037e+04	1.86625578e+01	4.72020886e+03	1.86625578e+00	4.72020886e+02	-4.53630257e+08	5.13122357e-02
8.80000000e+00	7.39876918e+00	-1.01439836e+06	-3.94821539e+04	1.00000000e-09	3.43368385e+04	1.00000000e-10	3.43368385e+03	-3.31300127e+09	4.71744438e-02
8.90000000e+00	7.48284610e+00	-1.26857157e+06	-4.93750184e+04	1.00000000e-09	1.00000000e-09	1.00000000e-10	1.00000000e-10	0.00000000e+00	4.33703214e-02
9.00000000e+00	7.56692302e+00	-1.51957141e+06	-5.91443701e+04	1.18767252e-01	1.00000000e-09	1.18767252e-02	1.00000000e-10	1.14592977e+04	3.98729614e-02
9.10000000e+00	7.65099995e+00	-1.77057146e+06	-6.89137301e+04	1.00000000e-09	5.98576695e+03	1.00000000e-10	5.98576695e+02	-5.77538712e+08	3.66576268e-02
9.20000000e+00	7.73507687e+00	-2.02157152e+06	-7.86830901e+04	1.00000000e-09	3.84745515e+04	1.00000000e-10	3.84745515e+03	-3.71222988e+09	3.37015752e-02
9.30000000e+00	7.81915379e+00	-2.27123260e+06	-8.84003349e+04	6.16799394e-01	1.00000000e-09	6.16799394e-02	1.00000000e-10	5.95120943e+04	3.09838980e-02
9.40000000e+00	7.90323071e+00	-2.51751757e+06	-9.79861755e+04	1.92618541e-01	1.00000000e-09	1.92618541e-02	1.00000000e-10	1.85848638e+04	2.84853728e-02
9.50000000e+00	7.98730764e+00	-2.76380287e+06	-1.07572029e+05	1.00000000e-09	6.69119024e+03	1.00000000e-10	6.69119024e+02	-6.45601712e+08	2.61883275e-02
9.60000000e+00	8.07138456e+00	-3.01008818e+06	-1.17157883e+05	1.00000000e-09	4.30259210e+04	1.00000000e-10	4.30259210e+03	-4.15137028e+09	2.40765146e-02
9.70000000e+00	8.15546148e+00	-3.25549506e+06	-1.26709547e+05	1.00000000e-09	1.00000000e-09	1.00000000e-10	1.00000000e-10	0.00000000e+00	2.21349973e-02
9.80000000e+00	8.23953840e+00	-3.49738219e+06	-1.36124216e+05	1.00000000e-09	1.00000000e-09	1.00000000e-10	1.00000000e-10	0.00000000e+00	2.03500429e-02
9.90000000e+00	8.32361533e+00	-3.73926932e+06	-1.45538885e+05	1.00000000e-09	6.76919918e+03	1.00000000e-10	6.76919918e+02	-6.53128431e+08	1.87090262e-02
1.00000000e+01	8.40769225e+00	-3.98115645e+06	-1.54953554e+05	6.59983210e-03	4.79181599e+04	6.59983210e-04	4.79181599e+03	-4.62339894e+09	1.72003403e-02
1.01000000e+01	8.49176917e+00	-4.22264305e+06	-1.64352634e+05	1.23374910e-02	1.00000000e-09	1.23374910e-03	1.00000000e-10	1.19038682e+03	1.58133140e-02
1.02000000e+01	8.57584609e+00	-4.46052925e+06	-1.73611580e+05	1.00000000e-09	1.00000000e-09	1.00000000e-10	1.00000000e-10	0.00000000e+00	1.45381368e-02
1.03000000e+01	8.65992302e+00	-4.69841544e+06	-1.82870525e+05	1.00000000e-09	6.16747944e+03	1.00000000e-10	6.16747944e+02	-5.95071302e+08	1.33657892e-02
1.04000000e+01	8.74399994e+00	-4.93630163e+06	-1.92129471e+05	1.00000000e-09	5.30649545e+04	1.00000000e-10	5.30649545e+03	-5.11998976e+09	1.22879791e-02
1.05000000e+01	8.82807686e+00	-5.17418783e+06	-2.01388417e+05	1.00000000e-09	1.00000000e-09	1.00000000e-10	1.00000000e-10	0.00000000e+00	1.12970830e-02
1.06000000e+01	8.91215378e+00	-5.40845783e+06	-2.10506614e+05	1.00000000e-09	1.00000000e-09	1.00000000e-10	1.00000000e-10	0.00000000e+00	1.03860923e-02
1.07000000e+01	8.99623071e+00	-5.64239603e+06	-2.19611897e+05	6.26563240e-04	4.56056874e+03	6.26563240e-05	4.56056874e+02	-4.40027929e+08	9.54856333e-03
1.08000000e+01	9.08030763e+00	-5.87633423e+06	-2.28717179e+05	1.00000000e-09	5.83627802e+04	1.00000000e-10	5.83627802e+03	-5.63115223e+09	8.77857228e-03
1.09000000e+01	9.16438455e+00	-6.11027242e+06	-2.37822462e+05	1.00000000e-09	1.00000000e-09	1.00000000e-10	1.00000000e-10	0.00000000e+00	8.07067289e-03
1.10000000e+01	9.24846147e+00	-6.34064475e+06	-2.46788955e+05	1.00000000e-09	1.00000000e-09	1.00000000e-10	1.00000000e-10	0.00000000e+00	7.41985814e-03
1.11000000e+01	9.33253840e+00	-6.57019772e+06	-2.55723557e+05	5.12222986e-05	2.21086884e+03	5.12222986e-06	2.21086884e+02	-2.13316409e+08	6.82152474e-03
1.12000000e+01	9.41661532e+00	-6.79975068e+06	-2.64658159e+05	1.00000000e-09	6.37139884e+04	1.00000000e-10	6.37139884e+03	-6.14746533e+09	6.27144062e-03
1.13000000e+01	9.50069224e+00	-7.02930365e+06	-2.73592761e+05	1.00000000e-09	1.00000000e-09	1.00000000e-10	1.00000000e-10	0.00000000e+00	5.76571500e-03
1.14000000e+01	9.58476916e+00	-7.25540716e+06	-2.82393104e+05	1.65093008e-05	1.00000000e-09	1.65093008e-06	1.00000000e-10	1.59280889e+00	5.30077082e-03
1.15000000e+01	9.66884609e+00	-7.48021489e+06	-2.91143013e+05	4.30137632e-05	1.00000000e-09	4.30137632e-06	1.00000000e-10	4.15010074e+00	4.87331949e-03
1.16000000e+01	9.75292301e+00	-7.70502262e+06	-2.99892922e+05	7.70993019e-06	6.90089764e+04	7.70993019e-07	6.90089764e+03	-6.65835401e+09	4.48033760e-03
1.17000000e+01	9.83699993e+00	-7.92983035e+06	-3.08642831e+05	1.00000000e-09	1.70188666e+03	1.00000000e-10	1.70188666e+02	-1.64207100e+08	4.11904557e-03
1.18000000e+01	9.92107685e+00	-8.15137001e+06	-3.17265541e+05	1.00000000e-09	1.00000000e-09	1.00000000e-10	1.00000000e-10	0.00000000e+00	3.78688794e-03
1.19000000e+01	1.00051538e+01	-8.37115727e+06	-3.25820044e+05	1.00000000e-09	1.00000000e-09	1.00000000e-10	1.00000000e-10	0.00000000e+00	3.48151531e-03
1.20000000e+01	1.00892307e+01	-8.59094453e+06	-3.34374548e+05	7.43111595e-06	7.41243263e+04	7.43111595e-07	7.41243263e+03	-7.15191024e+09	3.20076778e-03
1.21000000e+01	1.01733076e+01	-8.81073178e+06	-3.42929051e+05	2.58748551e-05	5.70493881e+03	2.58748551e-06	5.70493881e+02	-5.50442913e+08	2.94265957e-03
1.22000000e+01	1.02573845e+01	-9.02749502e+06	-3.51365855e+05	1.89176901e-05	1.00000000e-09	1.89176901e-06	1.00000000e-10	1.82518312e+00	2.70536508e-03
1.23000000e+01	1.03414615e+01	-9.24207761e+06	-3.59717783e+05	1.00000000e-09	1.00000000e-09	1.00000000e-10	1.00000000e-10	0.00000000e+00	2.48720588e-03
1.24000000e+01	1.04255384e+01	-9.45666020e+06	-3.68069712e+05	1.00000000e-09	7.89231165e+04	1.00000000e-10	7.89231165e+03	-7.61492311e+09	2.28663893e-03
1.25000000e+01	1.05096153e+01	-9.67124278e+06	-3.76421641e+05	1.89117832e-06	1.05294290e+04	1.89117832e-07	1.05294290e+03	-1.01593546e+09	2.10224558e-03
1.26000000e+01	1.05936922e+01	-9.88310457e+06	-3.84667671e+05	5.52807858e-06	1.00000000e-09	5.52807858e-07	1.00000000e-10	5.33282012e-01	1.93272162e-03
1.27000000e+01	1.06777692e+01	-1.00923941e+07	-3.92813583e+05	1.00000000e-09	1.00000000e-09	1.00000000e-10	1.00000000e-10	0.00000000e+00	1.77686798e-03
1.28000000e+01	1.07618461e+01	-1.03016836e+07	-4.00959495e+05	1.00000000e-09	8.32563330e+04	1.00000000e-10	8.32563330e+03	-8.03301494e+09	1.63358230e-03
1.29000000e+01	1.08459230e+01	-1.05109731e+07	-4.09105408e+05	1.00000000e-09	1.61826044e+04	1.00000000e-10	1.61826044e+03	-1.56138396e+09	1.50185109e-03
1.30000000e+01	1.09299999e+01	-1.07178995e+07	-4.17159345e+05	3.52894762e-06	1.00000000e-09	3.52894762e-07	1.00000000e-10	3.40395197e-01	1.38074262e-03
1.31000000e+01	1.10140768e+01	-1.09219064e+07	-4.25099650e+05	3.92307814e-07	1.00000000e-09	3.92307814e-08	1.00000000e-10	3.77554644e-02	1.26940027e-03
1.32000000e+01	1.10981538e+01	-1.11259133e+07	-4.33039956e+05	1.00000000e-09	8.69656598e+04	1.00000000e-10	8.69656598e+03	-8.39091057e+09	1.16703651e-03
1.33000000e+01	1.11822307e+01	-1.13299203e+07	-4.40980262e+05	1.00000000e-09	2.26569925e+04	1.00000000e-10	2.26569925e+03	-2.18606745e+09	1.07292731e-03
1.34000000e+01	1.12663076e+01	-1.15319705e+07	-4.48844407e+05	4.24065090e-07	1.00000000e-09	4.24065090e-08	1.00000000e-10	4.08195757e-02	9.86407027e-04
1.35000000e+01	1.13503845e+01	-1.17308056e+07	-4.56583420e+05	1.00000000e-09	1.00000000e-09	1.00000000e-10	1.00000000e-10	0.00000000e+00	9.06863691e-04
1.36000000e+01	1.14344615e+01	-1.19296408e+07	-4.64322432e+05	1.00000000e-09	8.98880969e+04	1.00000000e-10	8.98880969e+03	-8.67288288e+09	8.33734687e-04
1.37000000e+01	1.15185384e+01	-1.21284760e+07	-4.72061444e+05	1.00000000e-09	2.99258497e+04	1.00000000e-10	2.99258497e+03	-2.88740555e+09	7.66502767e-04
1.38000000e+01	1.16026153e+01	-1.23258024e+07	-4.79741732e+05	1.11260133e-06	1.00000000e-09	1.11260133e-07	1.00000000e-10	1.07253224e-01	7.04692393e-04
1.39000000e+01	1.16866922e+01	-1.25196764e+07	-4.87287646e+05	2.32010002e-07	1.00000000e-09	2.32010002e-08	1.00000000e-10	2.22890768e-02	6.47866374e-04
1.40000000e+01	1.17707691e+01	-1.27135504e+07	-4.94833560e+05	1.00000000e-09	9.18623990e+04	1.00000000e-10	9.18623990e+03	-8.86337408e+09	5.95622776e-04
1.41000000e+01	1.18548461e+01	-1.29074244e+07	-5.02379474e+05	1.00000000e-09	3.79382222e+04	1.00000000e-10	3.79382222e+03	-3.66048197e+09	5.47592073e-04
1.42000000e+01	1.19389230e+01	-1.31002712e+07	-5.09885408e+05	3.12680332e-07	1.00000000e-09	3.12680332e-08	1.00000000e-10	3.00725804e-02	5.03434541e-04
1.43000000e+01	1.20229999e+01	-1.32894918e+07	-5.17250205e+05	3.60356284e-07	1.00000000e-09	3.60356284e-08	1.00000000e-10	3.46726104e-02	4.62837848e-04
1.44000000e+01	1.21070768e+01	-1.34787124e+07	-5.24615001e+05	1.00000000e-09	9.27373830e+04	1.00000000e-10	9.27373830e+03	-8.94779720e+09	4.25514851e-04
1.45000000e+01	1.21911538e+01	-1.36679330e+07	-5.31979797e+05	1.00000000e-09	4.66140498e+04	1.00000000e-10	4.66140498e+03	-4.49757208e+09	3.91201561e-04
1.46000000e+01	1.22752307e+01	-1.38566328e+07	-5.39324321e+05	1.00000000e-09	1.00000000e-09	1.00000000e-10	1.00000000e-10	0.00000000e+00	3.59655276e-04
1.47000000e+01	1.23593076e+01	-1.40416006e+07	-5.46523591e+05	2.38132524e-08	1.00000000e-09	2.38132524e-09	1.00000000e-10	2.20114424e-03	3.30652866e-04
1.48000000e+01	1.24433845e+01	-1.42265684e+07	-5.53722860e+05	1.00000000e-09	9.23817936e+04	1.00000000e-10	9.23817936e+03	-8.91348804e+09	3.03989196e-04
1.49000000e+01	1.25274615e+01	-1.44115362e+07	-5.60922130e+05	1.00000000e-09	5.58399440e+04	1.00000000e-10	5.58399440e+03	-5.38773554e+09	2.79475669e-04
1.50000000e+01	1.26115384e+01	-1.45965040e+07	-5.68121399e+05	9.34856837e-08	1.00000000e-09	9.34856837e-09	1.00000000e-10	8.92351191e-03	2.56938901e-04
1.51000000e+01	1.26956153e+01	-1.47777053e+07	-5.75174070e+05	2.92230490e-08	1.00000000e-09	2.92230490e-09	1.00000000e-10	2.72311026e-03	2.36219485e-04
1.52000000e+01	1.27796922e+01	-1.49586438e+07	-5.82216512e+05	1.00000000e-09	9.04169194e+04	1.00000000e-10	9.04169194e+03	-8.72390650e+09	2.17170872e-04
1.53000000e+01	1.28637691e+01	-1.51395823e+07	-5.89258953e+05	1.00000000e-09	6.54644397e+04	1.00000000e-10	6.54644397e+03	-6.31635820e+09	1.99658328e-04
1.54000000e+01	1.29478461e+01	-1.53205208e+07	-5.96301395e+05	3.57963377e-08	1.00000000e-09	3.57963377e-09	1.00000000e-10	3.35733620e-03	1.83557987e-04
1.55000000e+01	1.30319230e+01	-1.54977313e+07	-6.03198736e+05	1.76036429e-08	1.00000000e-09	1.76036429e-09	1.00000000e-10	1.60200800e-03	1.68755969e-04
1.56000000e+01	1.31159999e+01	-1.56741539e+07	-6.10065415e+05	1.00000000e-09	8.75445530e+04	1.00000000e-10	8.75445530e+03	-8.44676527e+09	1.55147578e-04
1.57000000e+01	1.32000768e+01	-1.58505766e+07	-6.16932094e+05	1.00000000e-09	7.53659360e+04	1.00000000e-10	7.53659360e+03	-7.27170737e+09	1.42636560e-04
1.58000000e+01	1.32841538e+01	-1.60269993e+07	-6.23798773e+05	2.16685623e-08	1.00000000e-09	2.16685623e-09	1.00000000e-10	1.99421310e-03	1.31134424e-04
1.59000000e+01	1.33682307e+01	-1.61998059e+07	-6.30524707e+05	8.55264020e-09	1.00000000e-09	8.55264020e-10	1.00000000e-10	7.28718998e-04	1.20559814e-04
1.60000000e+01	1.34523076e+01	-1.63713110e+07	-6.37199985e+05	1.00000000e-09	8.36953809e+04	1.00000000e-10	8.36953809e+03	-8.07537662e+09	1.10837935e-04
1.61000000e+01	1.35363845e+01	-1.65428162e+07	-6.43875264e+05	1.00000000e-09	8.54025705e+04	1.00000000e-10	8.54025705e+03	-8.24009538e+09	1.01900023e-04
1.62000000e+01	1.36204614e+01	-1.67143213e+07	-6.50550542e+05	1.54681808e-08	1.00000000e-09	1.54681808e-09	1.00000000e-10	1.39596723e-03	9.36828597e-05
1.63000000e+01	1.37045384e+01	-1.68823945e+07	-6.57092244e+05	1.00000000e-09	1.00000000e-09	1.00000000e-10	1.00000000e-10	0.00000000e+00	8.61283240e-05
1.64000000e+01	1.37886153e+01	-1.70486738e+07	-6.63564126e+05	1.00000000e-09	7.87975461e+04	1.00000000e-10	7.87975461e+03	-7.60280741e+09	7.91829819e-05
1.65000000e+01	1.38726922e+01	-1.72149531e+07	-6.70036007e+05	1.00000000e-09	9.54010037e+04	1.00000000e-10	9.54010037e+03	-9.20479753e+09	7.27977085e-05
1.66000000e+01	1.39567691e+01	-1.73812325e+07	-6.76507889e+05	5.22459052e-09	1.00000000e-09	5.22459052e-10	1.00000000e-10	4.07611019e-04	6.69273402e-05
1.67000000e+01	1.40408461e+01	-1.75443338e+07	-6.82856078e+05	2.32299633e-09	1.00000000e-09	2.32299633e-10	1.00000000e-10	1.27649740e-04	6.15303552e-05
1.68000000e+01	1.41249230e+01	-1.77051796e+07	-6.89116477e+05	1.00000000e-09	7.27791773e+04	1.00000000e-10	7.27791773e+03	-7.02212310e+09	5.65685802e-05
1.69000000e+01	1.42089999e+01	-1.78660254e+07	-6.95376877e+05	1.00000000e-09	1.05153198e+05	1.00000000e-10	1.05153198e+04	-1.01457413e+10	5.20069201e-05
1.70000000e+01	1.42930768e+01	-1.80268712e+07	-7.01637277e+05	1.00000000e-09	1.00000000e-09	1.00000000e-10	1.00000000e-10	0.00000000e+00	4.78131098e-05
1.71000000e+01	1.43771537e+01	-1.81848590e+07	-7.07786436e+05	3.19937060e-09	1.00000000e-09	3.19937060e-10	1.00000000e-10	2.12207003e-04	4.39574862e-05
1.72000000e+01	1.44612307e+01	-1.83401697e+07	-7.13831397e+05	1.97584384e-09	6.55733995e+04	1.97584384e-10	6.55733995e+03	-6.32687123e+09	4.04127779e-05
1.73000000e+01	1.45453076e+01	-1.84954803e+07	-7.19876358e+05	1.00000000e-09	1.14414713e+05	1.00000000e-10	1.14414713e+04	-1.10393415e+10	3.71539131e-05
1.74000000e+01	1.46293845e+01	-1.86507909e+07	-7.25921320e+05	1.00000000e-09	1.00000000e-09	1.00000000e-10	1.00000000e-10	0.00000000e+00	3.41578414e-05
1.75000000e+01	1.47134614e+01	-1.88036243e+07	-7.31869859e+05	1.00000000e-09	1.00000000e-09	1.00000000e-10	1.00000000e-10	0.00000000e+00	3.14033713e-05
1.76000000e+01	1.47975384e+01	-1.89534079e+07	-7.37699699e+05	1.00000000e-09	5.71251918e+04	1.00000000e-10	5.71251918e+03	-5.51174310e+09	2.88710202e-05
1.77000000e+01	1.48816153e+01	-1.91031915e+07	-7.43529538e+05	1.00000000e-09	1.22905752e+05	1.00000000e-10	1.22905752e+04	-1.18586023e+10	2.65428765e-05
1.78000000e+01	1.49656922e+01	-1.92529751e+07	-7.49359377e+05	1.00000000e-09	1.00000000e-09	1.00000000e-10	1.00000000e-10	0.00000000e+00	2.44024731e-05
1.79000000e+01	1.50497691e+01	-1.94007164e+07	-7.55109725e+05	1.00000000e-09	1.00000000e-09	1.00000000e-10	1.00000000e-10	0.00000000e+00	2.24346707e-05
1.80000000e+01	1.51338460e+01	-1.95450925e+07	-7.60729097e+05	1.00000000e-09	4.74007425e+04	1.00000000e-10	4.74007425e+03	-4.57347639e+09	2.06255509e-05
1.81000000e+01	1.52179230e+01	-1.96894686e+07	-7.66348468e+05	1.00000000e-09	1.30316152e+05	1.00000000e-10	1.30316152e+04	-1.25735972e+10	1.89623175e-05
1.82000000e+01	1.53019999e+01	-1.98338448e+07	-7.71967839e+05	1.00000000e-09	1.00000000e-09	1.00000000e-10	1.00000000e-10	0.00000000e+00	1.74332063e-05
1.83000000e+01	1.53860768e+01	-1.99766600e+07	-7.77526457e+05	1.00000000e-09	1.00000000e-09	1.00000000e-10	1.00000000e-10	0.00000000e+00	1.60274019e-05
1.84000000e+01	1.54701537e+01	-2.01158592e+07	-7.82944333e+05	1.00000000e-09	3.63994019e+04	1.00000000e-10	3.63994019e+03	-3.51200838e+09	1.47349607e-05
1.85000000e+01	1.55542307e+01	-2.02550584e+07	-7.88362209e+05	1.00000000e-09	1.36315561e+05	1.00000000e-10	1.36315561e+04	-1.31524522e+10	1.35467414e-05
1.86000000e+01	1.56383076e+01	-2.03942576e+07	-7.93780084e+05	1.00000000e-09	1.00000000e-09	1.00000000e-10	1.00000000e-10	0.00000000e+00	1.24543394e-05
1.87000000e+01	1.57223845e+01	-2.05324148e+07	-7.99157402e+05	1.00000000e-09	1.00000000e-09	1.00000000e-10	1.00000000e-10	0.00000000e+00	1.14500281e-05
1.88000000e+01	1.58064614e+01	-2.06667758e+07	-8.04386967e+05	1.00000000e-09	2.41678497e+04	1.00000000e-10	2.41678497e+03	-2.33184300e+09	1.05267039e-05
1.89000000e+01	1.58905384e+01	-2.08011368e+07	-8.09616531e+05	1.00000000e-09	1.40569933e+05	1.00000000e-10	1.40569933e+04	-1.35629367e+10	9.67783615e-06
1.90000000e+01	1.59746153e+01	-2.09354978e+07	-8.14846096e+05	1.00000000e-09	1.00000000e-09	1.00000000e-10	1.00000000e-10	0.00000000e+00	8.89742061e-06
1.91000000e+01	1.60586922e+01	-2.10693629e+07	-8.20056361e+05	1.00000000e-09	1.00000000e-09	1.00000000e-10	1.00000000e-10	0.00000000e+00	8.17993736e-06
1.92000000e+01	1.61427691e+01	-2.11993276e+07	-8.25114814e+05	1.00000000e-09	1.08153338e+04	1.00000000e-10	1.08153338e+03	-1.04352107e+09	7.52031158e-06
1.93000000e+01	1.62268460e+01	-2.13292924e+07	-8.30173267e+05	1.00000000e-09	1.42764700e+05	1.00000000e-10	1.42764700e+04	-1.37746995e+10	6.91387767e-06
1.94000000e+01	1.63109230e+01	-2.14592571e+07	-8.35231720e+05	1.00000000e-09	1.00000000e-09	1.00000000e-10	1.00000000e-10	0.00000000e+00	6.35634627e-06
1.95000000e+01	1.63949999e+01	-2.15892218e+07	-8.40290174e+05	1.00000000e-09	1.00000000e-09	1.00000000e-10	1.00000000e-10	0.00000000e+00	5.84377390e-06
1.96000000e+01	1.64790768e+01	-2.17152612e+07	-8.45195850e+05	1.00000000e-09	1.00000000e-09	1.00000000e-10	1.00000000e-10	0.00000000e+00	5.37253509e-06
1.97000000e+01	1.65631537e+01	-2.18409526e+07	-8.50087977e+05	1.00000000e-09	1.42463798e+05	1.00000000e-10	1.42463798e+04	-1.37456669e+10	4.93929673e-06
1.98000000e+01	1.66472307e+01	-2.19666440e+07	-8.54980105e+05	1.00000000e-09	6.39478036e+03	1.00000000e-10	6.39478036e+02	-6.17002507e+08	4.54099448e-06
1.99000000e+01	1.67313076e+01	-2.20923354e+07	-8.59872233e+05	1.00000000e-09	1.00000000e-09	1.00000000e-10	1.00000000e-10	0.00000000e+00	4.17481111e-06
2.00000000e+01	1.68153845e+01	-2.22141583e+07	-8.64613792e+05	1.00000000e-09	1.00000000e-09	1.00000000e-10	1.00000000e-10	0.00000000e+00	3.83815657e-06
2.01000000e+01	1.68994614e+01	-2.23350676e+07	-8.69319794e+05	1.00000000e-09	1.40875899e+05	1.00000000e-10	1.40875899e+04	-1.35924579e+10	3.52864967e-06
2.02000000e+01	1.69835383e+01	-2.24559769e+07	-8.74025796e+05	1.00000000e-09	2.15776512e+04	1.00000000e-10	2.15776512e+03	-2.08192684e+09	3.24410125e-06
2.03000000e+01	1.70676153e+01	-2.25768863e+07	-8.78731798e+05	1.00000000e-09	1.00000000e-09	1.00000000e-10	1.00000000e-10	0.00000000e+00	2.98249865e-06
2.04000000e+01	1.71516922e+01	-2.26940657e+07	-8.83292627e+05	1.00000000e-09	1.00000000e-09	1.00000000e-10	1.00000000e-10	0.00000000e+00	2.74199155e-06
2.05000000e+01	1.72357691e+01	-2.28097801e+07	-8.87796434e+05	1.00000000e-09	1.37850431e+05	1.00000000e-10	1.37850431e+04	-1.33005447e+10	2.52087882e-06
2.06000000e+01	1.73198460e+01	-2.29254946e+07	-8.92300241e+05	1.00000000e-09	3.74097502e+04	1.00000000e-10	3.74097502e+03	-3.60949217e+09	2.31759650e-06
2.07000000e+01	1.74039230e+01	-2.30412090e+07	-8.96804049e+05	1.00000000e-09	1.00000000e-09	1.00000000e-10	1.00000000e-10	0.00000000e+00	2.13070675e-06
2.08000000e+01	1.74879999e+01	-2.31534126e+07	-9.01171209e+05	1.00000000e-09	1.00000000e-09	1.00000000e-10	1.00000000e-10	0.00000000e+00	1.95888770e-06
2.09000000e+01	1.75720768e+01	-2.32636261e+07	-9.05460912e+05	1.00000000e-09	1.33206282e+05	1.00000000e-10	1.33206282e+04	-1.28524524e+10	1.80092404e-06
2.10000000e+01	1.76561537e+01	-2.33738396e+07	-9.09750614e+05	1.00000000e-09	5.36757496e+04	1.00000000e-10	5.36757496e+03	-5.17892252e+09	1.65569849e-06
2.11000000e+01	1.77402306e+01	-2.34840531e+07	-9.14040316e+05	1.00000000e-09	1.00000000e-09	1.00000000e-10	1.00000000e-10	0.00000000e+00	1.52218384e-06
2.12000000e+01	1.78243076e+01	-2.35910521e+07	-9.18204902e+05	1.00000000e-09	1.00000000e-09	1.00000000e-10	1.00000000e-10	0.00000000e+00	1.39943575e-06
2.13000000e+01	1.79083845e+01	-2.36955745e+07	-9.22273095e+05	1.00000000e-09	1.26731909e+05	1.00000000e-10	1.26731909e+04	-1.22277703e+10	1.28658600e-06
2.14000000e+01	1.79924614e+01	-2.38000968e+07	-9.26341287e+05	1.00000000e-09	7.00719991e+04	1.00000000e-10	7.00719991e+03	-6.76092011e+09	1.18283639e-06
2.15000000e+01	1.80765383e+01	-2.39046192e+07	-9.30409479e+05	1.00000000e-09	1.00000000e-09	1.00000000e-10	1.00000000e-10	0.00000000e+00	1.08745310e-06
2.16000000e+01	1.81606153e+01	-2.40062951e+07	-9.34366885e+05	1.00000000e-09	1.00000000e-09	1.00000000e-10	1.00000000e-10	0.00000000e+00	9.99761460e-07
2.17000000e+01	1.82446922e+01	-2.41050581e+07	-9.38210913e+05	1.00000000e-09	1.18189584e+05	1.00000000e-10	1.18189584e+04	-1.14035612e+10	9.19141229e-07
2.18000000e+01	1.83287691e+01	-2.42038211e+07	-9.42054940e+05	1.00000000e-09	8.61876248e+04	1.00000000e-10	8.61876248e+03	-8.31584160e+09	8.45022171e-07
2.19000000e+01	1.84128460e+01	-2.43025841e+07	-9.45898968e+05	1.00000000e-09	1.00000000e-09	1.00000000e-10	1.00000000e-10	0.00000000e+00	7.76880034e-07
2.20000000e+01	1.84969229e+01	-2.43989337e+07	-9.49649063e+05	1.00000000e-09	1.00000000e-09	1.00000000e-10	1.00000000e-10	0.00000000e+00	7.14232843e-07
2.21000000e+01	1.85809999e+01	-2.44919947e+07	-9.53271160e+05	1.00000000e-09	1.07326564e+05	1.00000000e-10	1.07326564e+04	-1.03554392e+10	6.56637488e-07
2.22000000e+01	1.86650768e+01	-2.45850557e+07	-9.56893257e+05	1.00000000e-09	1.01488240e+05	1.00000000e-10	1.01488240e+04	-9.79212654e+09	6.03686592e-07
2.23000000e+01	1.87491537e+01	-2.46781167e+07	-9.60515354e+05	1.00000000e-09	1.00000000e-09	1.00000000e-10	1.00000000e-10	0.00000000e+00	5.55005627e-07
2.24000000e+01	1.88332306e+01	-2.47692534e+07	-9.64062551e+05	1.00000000e-09	1.00000000e-09	1.00000000e-10	1.00000000e-10	0.00000000e+00	5.10250270e-07
2.25000000e+01	1.89173076e+01	-2.48567957e+07	-9.67469853e+05	1.00000000e-09	9.38965800e+04	1.00000000e-10	9.38965800e+03	-9.05964271e+09	4.69103960e-07
2.26000000e+01	1.90013845e+01	-2.49443381e+07	-9.70877155e+05	1.00000000e-09	1.15307706e+05	1.00000000e-10	1.15307706e+04	-1.11255023e+10	4.31275667e-07
2.27000000e+01	1.90854614e+01	-2.50318805e+07	-9.74284457e+05	1.00000000e-09	1.00000000e-09	1.00000000e-10	1.00000000e-10	0.00000000e+00	3.96497828e-07
2.28000000e+01	1.91695383e+01	-2.51180333e+07	-9.77637675e+05	1.00000000e-09	1.00000000e-09	1.00000000e-10	1.00000000e-10	0.00000000e+00	3.64524455e-07
2.29000000e+01	1.92536153e+01	-2.52003624e+07	-9.80842068e+05	1.00000000e-09	7.76927034e+04	1.00000000e-10	7.76927034e+03	-7.49620629e+09	3.35129397e-07
2.30000000e+01	1.93376922e+01	-2.52826915e+07	-9.84046461e+05	1.00000000e-09	1.26854578e+05	1.00000000e-10	1.26854578e+04	-1.22396060e+10	3.08104742e-07
2.31000000e+01	1.94217691e+01	-2.53650207e+07	-9.87250853e+05	1.00000000e-09	1.00000000e-09	1.00000000e-10	1.00000000e-10	0.00000000e+00	2.83259340e-07
2.32000000e+01	1.95058460e+01	-2.54465297e+07	-9.90423327e+05	1.00000000e-09	1.00000000e-09	1.00000000e-10	1.00000000e-10	0.00000000e+00	2.60417458e-07
2.33000000e+01	1.95899229e+01	-2.55240676e+07	-9.93441237e+05	1.00000000e-09	5.86028827e+04	1.00000000e-10	5.86028827e+03	-5.65431860e+09	2.39417533e-07
2.34000000e+01	1.96739999e+01	-2.56016055e+07	-9.96459146e+05	1.00000000e-09	1.35243491e+05	1.00000000e-10	1.35243491e+04	-1.30490131e+10	2.20111031e-07
2.35000000e+01	1.97580768e+01	-2.56791433e+07	-9.99477056e+05	1.00000000e-09	1.00000000e-09	1.00000000e-10	1.00000000e-10	0.00000000e+00	2.02361395e-07
2.36000000e+01	1.98421537e+01	-2.57564530e+07	-1.00248608e+06	1.00000000e-09	1.00000000e-09	1.00000000e-10	1.00000000e-10	0.00000000e+00	1.86043080e-07
2.37000000e+01	1.99262306e+01	-2.58297305e+07	-1.00533817e+06	1.00000000e-09	3.66830459e+04	1.00000000e-10	3.66830459e+03	-3.53937587e+09	1.71040665e-07
2.38000000e+01	2.00103076e+01	-2.59029387e+07	-1.00818756e+06	1.00000000e-09	1.39427165e+05	1.00000000e-10	1.39427165e+04	-1.34526763e+10	1.57248037e-07
2.39000000e+01	2.00943845e+01	-2.59761468e+07	-1.01103695e+06	1.00000000e-09	1.00000000e-09	1.00000000e-10	1.00000000e-10	0.00000000e+00	1.44567640e-07
2.40000000e+01	2.01784614e+01	-2.60493550e+07	-1.01388634e+06	1.00000000e-09	1.00000000e-09	1.00000000e-10	1.00000000e-10	0.00000000e+00	1.32909782e-07
2.41000000e+01	2.02625383e+01	-2.61185592e+07	-1.01657989e+06	1.00000000e-09	1.20416186e+04	1.00000000e-10	1.20416186e+03	-1.16183957e+09	1.22192009e-07
2.42000000e+01	2.03466152e+01	-2.61870926e+07	-1.01924733e+06	1.00000000e-09	1.39600715e+05	1.00000000e-10	1.39600715e+04	-1.34694213e+10	1.12338510e-07
2.43000000e+01	2.04306922e+01	-2.62556260e+07	-1.02191477e+06	1.00000000e-09	1.00000000e-09	1.00000000e-10	1.00000000e-10	0.00000000e+00	1.03279593e-07
2.44000000e+01	2.05147691e+01	-2.63241594e+07	-1.02458221e+06	1.00000000e-09	1.00000000e-09	1.00000000e-10	1.00000000e-10	0.00000000e+00	9.49511815e-08
2.45000000e+01	2.05988460e+01	-2.63888067e+07	-1.02709839e+06	1.00000000e-09	1.00000000e-09	1.00000000e-10	1.00000000e-10	0.00000000e+00	8.72943689e-08
2.46000000e+01	2.06829229e+01	-2.64521931e+07	-1.02956550e+06	1.00000000e-09	1.36388000e+05	1.00000000e-10	1.36388000e+04	-1.31594415e+10	8.02549976e-08
2.47000000e+01	2.07669999e+01	-2.65155796e+07	-1.03203262e+06	1.00000000e-09	2.08767015e+04	1.00000000e-10	2.08767015e+03	-2.01429548e+09	7.37832774e-08
2.48000000e+01	2.08510768e+01	-2.65789661e+07	-1.03449973e+06	1.00000000e-09	1.00000000e-09	1.00000000e-10	1.00000000e-10	0.00000000e+00	6.78334333e-08
2.49000000e+01	2.09351537e+01	-2.66386728e+07	-1.03682361e+06	1.00000000e-09	1.00000000e-09	1.00000000e-10	1.00000000e-10	0.00000000e+00	6.23633815e-08
2.50000000e+01	2.10192306e+01	-2.66965538e+07	-1.03907644e+06	1.00000000e-09	1.28876311e+05	1.00000000e-10	1.28876311e+04	-1.24346737e+10	5.73344317e-08
2.51000000e+01	2.11033075e+01	-2.67544348e+07	-1.04132927e+06	1.00000000e-09	5.11538732e+04	1.00000000e-10	5.11538732e+03	-4.93559844e+09	5.27110137e-08
2.52000000e+01	2.11873845e+01	-2.68123158e+07	-1.04358210e+06	1.00000000e-09	1.00000000e-09	1.00000000e-10	1.00000000e-10	0.00000000e+00	4.84604257e-08
2.53000000e+01	2.12714614e+01	-2.68668081e+07	-1.04570304e+06	1.00000000e-09	1.00000000e-09	1.00000000e-10	1.00000000e-10	0.00000000e+00	4.45526029e-08
2.54000000e+01	2.13555383e+01	-2.69189487e+07	-1.04773244e+06	1.00000000e-09	1.15716369e+05	1.00000000e-10	1.15716369e+04	-1.11649323e+10	4.09599048e-08
2.55000000e+01	2.14396152e+01	-2.69710893e+07	-1.04976184e+06	1.00000000e-09	8.36006382e+04	1.00000000e-10	8.36006382e+03	-8.06623534e+09	3.76569199e-08
2.56000000e+01	2.15236922e+01	-2.70232298e+07	-1.05179125e+06	1.00000000e-09	1.00000000e-09	1.00000000e-10	1.00000000e-10	0.00000000e+00	3.46202860e-08
2.57000000e+01	2.16077691e+01	-2.70723519e+07	-1.05370316e+06	1.00000000e-09	1.00000000e-09	1.00000000e-10	1.00000000e-10	0.00000000e+00	3.18285246e-08
2.58000000e+01	2.16918460e+01	-2.71186477e+07	-1.05550508e+06	1.00000000e-09	9.49238325e+04	1.00000000e-10	9.49238325e+03	-9.15875750e+09	2.92618894e-08
2.59000000e+01	2.17759229e+01	-2.71649435e+07	-1.05730699e+06	1.00000000e-09	1.17227935e+05	1.00000000e-10	1.17227935e+04	-1.13107762e+10	2.69022262e-08
2.60000000e+01	2.18599998e+01	-2.72112393e+07	-1.05910890e+06	1.00000000e-09	1.00000000e-09	1.00000000e-10	1.00000000e-10	0.00000000e+00	2.47328451e-08
2.61000000e+01	2.19440768e+01	-2.72549582e+07	-1.06081052e+06	1.00000000e-09	1.00000000e-09	1.00000000e-10	1.00000000e-10	0.00000000e+00	2.27384017e-08
2.62000000e+01	2.20281537e+01	-2.72954395e+07	-1.06238612e+06	1.00000000e-09	6.35944693e+04	1.00000000e-10	6.35944693e+03	-6.13593349e+09	2.09047891e-08
2.63000000e+01	2.21122306e+01	-2.73359208e+07	-1.06396173e+06	1.00000000e-09	1.50045970e+05	1.00000000e-10	1.50045970e+04	-1.44772353e+10	1.92190381e-08
2.64000000e+01	2.21963075e+01	-2.73764021e+07	-1.06553733e+06	1.00000000e-09	1.00000000e-09	1.00000000e-10	1.00000000e-10	0.00000000e+00	1.76692251e-08
2.65000000e+01	2.22803845e+01	-2.74148099e+07	-1.06703222e+06	1.00000000e-09	1.00000000e-09	1.00000000e-10	1.00000000e-10	0.00000000e+00	1.62443882e-08
2.66000000e+01	2.23644614e+01	-2.74496422e+07	-1.06838796e+06	1.00000000e-09	1.75217110e+04	1.00000000e-10	1.75217110e+03	-1.69058811e+09	1.49344494e-08
2.67000000e+01	2.24485383e+01	-2.74844746e+07	-1.06974370e+06	1.00000000e-09	1.78330758e+05	1.00000000e-10	1.78330758e+04	-1.72063024e+10	1.37301434e-08
2.68000000e+01	2.25326152e+01	-2.75193069e+07	-1.07109943e+06	1.00000000e-09	1.00000000e-09	1.00000000e-10	1.00000000e-10	0.00000000e+00	1.26229520e-08
2.69000000e+01	2.26166921e+01	-2.75526194e+07	-1.07239601e+06	1.00000000e-09	1.00000000e-09	1.00000000e-10	1.00000000e-10	0.00000000e+00	1.16050438e-08
2.70000000e+01	2.27007691e+01	-2.75821009e+07	-1.07354348e+06	1.00000000e-09	1.00000000e-09	1.00000000e-10	1.00000000e-10	0.00000000e+00	1.06692193e-08
2.71000000e+01	2.27848460e+01	-2.76115824e+07	-1.07469095e+06	1.00000000e-09	1.95422075e+05	1.00000000e-10	1.95422075e+04	-1.88553638e+10	9.80885916e-09
2.72000000e+01	2.28689229e+01	-2.76410639e+07	-1.07583842e+06	1.00000000e-09	6.62647872e+04	1.00000000e-10	6.62647872e+03	-6.39358000e+09	9.01787799e-09
2.73000000e+01	2.29529998e+01	-2.76696167e+07	-1.07694975e+06	1.00000000e-09	1.00000000e-09	1.00000000e-10	1.00000000e-10	0.00000000e+00	8.29068113e-09
2.74000000e+01	2.30370768e+01	-2.76941719e+07	-1.07790548e+06	1.00000000e-09	1.00000000e-09	1.00000000e-10	1.00000000e-10	0.00000000e+00	7.62212503e-09
2.75000000e+01	2.31211537e+01	-2.77187271e+07	-1.07886122e+06	1.00000000e-09	1.89890727e+05	1.00000000e-10	1.89890727e+04	-1.83216698e+10	7.00748093e-09
2.76000000e+01	2.32052306e+01	-2.77432823e+07	-1.07981695e+06	1.00000000e-09	1.64434350e+05	1.00000000e-10	1.64434350e+04	-1.58655029e+10	6.44240141e-09
2.77000000e+01	2.32893075e+01	-2.77675239e+07	-1.08076047e+06	1.00000000e-09	1.00000000e-09	1.00000000e-10	1.00000000e-10	0.00000000e+00	5.92288960e-09
2.78000000e+01	2.33733845e+01	-2.77876946e+07	-1.08154555e+06	1.00000000e-09	1.00000000e-09	1.00000000e-10	1.00000000e-10	0.00000000e+00	5.44527095e-09
2.79000000e+01	2.34574614e+01	-2.78078653e+07	-1.08233063e+06	1.00000000e-09	1.43236796e+05	1.00000000e-10	1.43236796e+04	-1.38202499e+10	5.00616720e-09
2.80000000e+01	2.35415383e+01	-2.78280360e+07	-1.08311571e+06	1.00000000e-09	2.95714498e+05	1.00000000e-10	2.95714498e+04	-2.85321116e+10	4.60247255e-09
2.81000000e+01	2.36256152e+01	-2.78482066e+07	-1.08390078e+06	1.00000000e-09	1.00000000e-09	1.00000000e-10	1.00000000e-10	0.00000000e+00	4.23133162e-09
2.82000000e+01	2.37096921e+01	-2.78643289e+07	-1.08452829e+06	1.00000000e-09	1.00000000e-09	1.00000000e-10	1.00000000e-10	0.00000000e+00	3.89011930e-09
2.83000000e+01	2.37937691e+01	-2.78798301e+07	-1.08513162e+06	1.00000000e-09	2.25788338e+04	1.00000000e-10	2.25788338e+03	-2.17852628e+09	3.57642216e-09
2.84000000e+01	2.38778460e+01	-2.78953312e+07	-1.08573495e+06	1.00000000e-09	4.61583626e+05	1.00000000e-10	4.61583626e+04	-4.45360495e+10	3.28802138e-09
2.85000000e+01	2.39619229e+01	-2.79108324e+07	-1.08633829e+06	1.00000000e-09	5.39267791e+04	1.00000000e-10	5.39267791e+03	-5.20314319e+09	3.02287709e-09
2.86000000e+01	2.40459998e+01	-2.79224034e+07	-1.08678865e+06	1.00000000e-09	1.00000000e-09	1.00000000e-10	1.00000000e-10	0.00000000e+00	2.77911390e-09
2.87000000e+01	2.41300768e+01	-2.79327429e+07	-1.08719108e+06	1.00000000e-09	1.00000000e-09	1.00000000e-10	1.00000000e-10	0.00000000e+00	2.55500764e-09
2.88000000e+01	2.42141537e+01	-2.79430825e+07	-1.08759352e+06	1.00000000e-09	6.35746101e+05	1.00000000e-10	6.35746101e+04	-6.13401737e+10	2.34897319e-09
2.89000000e+01	2.42982306e+01	-2.79534220e+07	-1.08799595e+06	1.00000000e-09	4.26582203e+05	1.00000000e-10	4.26582203e+04	-4.11589255e+10	2.15955324e-09
2.90000000e+01	2.43823075e+01	-2.79600431e+07	-1.08825365e+06	1.00000000e-09	1.00000000e-09	1.00000000e-10	1.00000000e-10	0.00000000e+00	1.98540802e-09
2.91000000e+01	2.44663844e+01	-2.79648502e+07	-1.08844076e+06	1.00000000e-09	1.00000000e-09	1.00000000e-10	1.00000000e-10	0.00000000e+00	1.82530578e-09
2.92000000e+01	2.45504614e+01	-2.79696573e+07	-1.08862786e+06	1.00000000e-09	3.33357396e+05	1.00000000e-10	3.33357396e+04	-3.21640991e+10	1.67811410e-09
2.93000000e+01	2.46345383e+01	-2.79744645e+07	-1.08881496e+06	1.00000000e-09	1.39955339e+06	1.00000000e-10	1.39955339e+05	-1.35036373e+11	1.54279187e-09
2.94000000e+01	2.47186152e+01	-2.79758539e+07	-1.08886904e+06	3.84392231e+00	7.38683838e+05	3.84392231e-01	7.38683838e+04	-7.12717846e+10	1.41838196e-09
2.95000000e+01	2.48026921e+01	-2.79748888e+07	-1.08883147e+06	1.57661816e+01	1.00000000e-09	1.57661816e+00	1.00000000e-10	1.52120527e+06	1.30400439e-09
2.96000000e+01	2.48867691e+01	-2.79739236e+07	-1.08879391e+06	3.81253062e+01	1.00000000e-09	3.81253062e+00	1.00000000e-10	3.67853283e+06	1.19885018e-09
2.97000000e+01	2.49708460e+01	-2.79729584e+07	-1.08875634e+06	8.57225450e+01	1.13951251e+05	8.57225450e+00	1.13951251e+04	-1.09863533e+10	1.10217554e-09
2.98000000e+01	2.50549229e+01	-2.79689589e+07	-1.08860067e+06	4.58670781e+01	5.99315094e+04	4.58670781e+00	5.99315094e+03	-5.77808609e+09	1.01329669e-09
2.99000000e+01	2.51389998e+01	-2.79621191e+07	-1.08833446e+06	1.00000000e-09	1.00000000e-09	1.00000000e-10	1.00000000e-10	0.00000000e+00	9.31584987e-10
3.00000000e+01	2.52230767e+01	-2.79552793e+07	-1.08806824e+06	1.00000000e-09	1.00000000e-09	1.00000000e-10	1.00000000e-10	0.00000000e+00	8.56462471e-10
3.01000000e+01	2.53071537e+01	-2.79484395e+07	-1.08780202e+06	1.10254022e+01	3.87297269e+04	1.10254022e+00	3.87297269e+03	-3.73578678e+09	7.87397794e-10
3.02000000e+01	2.53912306e+01	-2.79390227e+07	-1.08743550e+06	4.52983376e+01	3.73879615e+04	4.52983376e+00	3.73879615e+03	-3.60301926e+09	7.23902457e-10
3.03000000e+01	2.54753075e+01	-2.79263468e+07	-1.08694214e+06	9.90749418e-01	1.00000000e-09	9.90749418e-02	1.00000000e-10	9.55927865e+04	6.65527349e-10
3.04000000e+01	2.55593844e+01	-2.79136710e+07	-1.08644877e+06	1.00000000e-09	1.00000000e-09	1.00000000e-10	1.00000000e-10	0.00000000e+00	6.11859579e-10
3.05000000e+01	2.56434614e+01	-2.79009952e+07	-1.08595541e+06	1.00000000e-09	1.94056528e+04	1.00000000e-10	1.94056528e+03	-1.87236086e+09	5.62519549e-10
3.06000000e+01	2.57275383e+01	-2.78862633e+07	-1.08538201e+06	3.70364744e+01	2.85862538e+04	3.70364744e+00	2.85862538e+03	-2.75458072e+09	5.17158273e-10
3.07000000e+01	2.58116152e+01	-2.78679310e+07	-1.08466849e+06	1.33324499e+01	1.00000000e-09	1.33324499e+00	1.00000000e-10	1.28638586e+06	4.75454906e-10
3.08000000e+01	2.58956921e+01	-2.78495988e+07	-1.08395497e+06	1.00000000e-09	1.00000000e-09	1.00000000e-10	1.00000000e-10	0.00000000e+00	4.37114476e-10
3.09000000e+01	2.59797690e+01	-2.78312666e+07	-1.08324145e+06	1.00000000e-09	1.03070392e+04	1.00000000e-10	1.03070392e+03	-9.94478100e+08	4.01865798e-10
3.10000000e+01	2.60638460e+01	-2.78114511e+07	-1.08247019e+06	3.01676650e+01	2.36845833e+04	3.01676650e+00	2.36845833e+03	-2.28230415e+09	3.69459555e-10
3.11000000e+01	2.61479229e+01	-2.77877801e+07	-1.08154888e+06	1.85613291e+01	1.00000000e-09	1.85613291e+00	1.00000000e-10	1.79089601e+06	3.39666533e-10
3.12000000e+01	2.62319998e+01	-2.77641092e+07	-1.08062756e+06	1.00000000e-09	1.00000000e-09	1.00000000e-10	1.00000000e-10	0.00000000e+00	3.12276006e-10
3.13000000e+01	2.63160767e+01	-2.77404382e+07	-1.07970625e+06	1.00000000e-09	4.85829374e+03	1.00000000e-10	4.85829374e+02	-4.68754085e+08	2.87094235e-10
3.14000000e+01	2.64001537e+01	-2.77158953e+07	-1.07875099e+06	2.48897588e+01	2.04170504e+04	2.48897588e+00	2.04170504e+03	-1.96754439e+09	2.63943109e-10
3.15000000e+01	2.64842306e+01	-2.76873347e+07	-1.07763937e+06	2.08152982e+01	1.00000000e-09	2.08152982e+00	1.00000000e-10	2.00837096e+06	2.42658878e-10
3.16000000e+01	2.65683075e+01	-2.76587742e+07	-1.07652774e+06	1.00000000e-09	1.00000000e-09	1.00000000e-10	1.00000000e-10	0.00000000e+00	2.23090996e-10
3.17000000e+01	2.66523844e+01	-2.76302137e+07	-1.07541612e+06	1.00000000e-09	1.11702838e+03	1.00000000e-10	1.11702838e+02	-1.07776854e+08	2.05101057e-10
3.18000000e+01	2.67364614e+01	-2.76014166e+07	-1.07429529e+06	2.07862745e+01	1.79756348e+04	2.07862745e+00	1.79756348e+03	-1.73237952e+09	1.88561817e-10
3.19000000e+01	2.68205383e+01	-2.75685377e+07	-1.07301558e+06	2.16690110e+01	3.45880173e+02	2.16690110e+00	3.45880173e+01	-3.12816216e+07	1.73356293e-10
3.20000000e+01	2.69046152e+01	-2.75355752e+07	-1.07173262e+06	1.00000000e-09	1.00000000e-09	1.00000000e-10	1.00000000e-10	0.00000000e+00	1.59376934e-10
3.21000000e+01	2.69886921e+01	-2.75026127e+07	-1.07044967e+06	1.00000000e-09	1.00000000e-09	1.00000000e-10	1.00000000e-10	0.00000000e+00	1.46524863e-10
3.22000000e+01	2.70727690e+01	-2.74696502e+07	-1.06916671e+06	1.72398572e+01	1.57788670e+04	1.72398572e+00	1.57788670e+03	-1.52076583e+09	1.34709176e-10
3.23000000e+01	2.71568460e+01	-2.74326422e+07	-1.06772629e+06	2.18192829e+01	2.65710076e+03	2.18192829e+00	2.65710076e+02	-2.54266009e+08	1.23846300e-10
3.24000000e+01	2.72409229e+01	-2.73949080e+07	-1.06625761e+06	1.00000000e-09	1.00000000e-09	1.00000000e-10	1.00000000e-10	0.00000000e+00	1.13859401e-10
3.25000000e+01	2.73249998e+01	-2.73571739e+07	-1.06478893e+06	1.00000000e-09	1.00000000e-09	1.00000000e-10	1.00000000e-10	0.00000000e+00	1.04677839e-10
3.26000000e+01	2.74090767e+01	-2.73194398e+07	-1.06332026e+06	1.38653522e+01	1.34945524e+04	1.38653522e+00	1.34945524e+03	-1.30068857e+09	9.62366743e-11
3.27000000e+01	2.74931537e+01	-2.72777972e+07	-1.06169945e+06	2.15783623e+01	4.39161663e+03	2.15783623e+00	4.39161663e+02	-4.21644594e+08	8.84762003e-11
3.28000000e+01	2.75772306e+01	-2.72348010e+07	-1.06002596e+06	1.00000000e-09	1.00000000e-09	1.00000000e-10	1.00000000e-10	0.00000000e+00	8.13415267e-11
3.29000000e+01	2.76613075e+01	-2.71918047e+07	-1.05835248e+06	1.00000000e-09	1.00000000e-09	1.00000000e-10	1.00000000e-10	0.00000000e+00	7.47821894e-11
3.30000000e+01	2.77453844e+01	-2.71488085e+07	-1.05667899e+06	1.08066379e+01	1.12660614e+04	1.08066379e+00	1.12660614e+03	-1.08596699e+09	6.87517936e-11
3.31000000e+01	2.78294613e+01	-2.71021395e+07	-1.05486255e+06	2.11434437e+01	5.63901813e+03	2.11434437e+00	5.63901813e+02	-5.42042505e+08	6.32076857e-11
3.32000000e+01	2.79135383e+01	-2.70535201e+07	-1.05297020e+06	1.00000000e-09	1.00000000e-09	1.00000000e-10	1.00000000e-10	0.00000000e+00	5.81106517e-11
3.33000000e+01	2.79976152e+01	-2.70049007e+07	-1.05107785e+06	1.00000000e-09	1.00000000e-09	1.00000000e-10	1.00000000e-10	0.00000000e+00	5.34246397e-11
3.34000000e+01	2.80816921e+01	-2.69562814e+07	-1.04918550e+06	8.11265511e+00	9.16870414e+03	8.11265511e-01	9.16870414e+02	-8.83862712e+08	4.91165053e-11
3.35000000e+01	2.81657690e+01	-2.69043192e+07	-1.04716304e+06	2.06420556e+01	6.49118432e+03	2.06420556e+00	6.49118432e+02	-6.24312419e+08	4.51557765e-11
3.36000000e+01	2.82498460e+01	-2.68498565e+07	-1.04504325e+06	1.00000000e-09	1.00000000e-09	1.00000000e-10	1.00000000e-10	0.00000000e+00	4.15144388e-11
3.37000000e+01	2.83339229e+01	-2.67953937e+07	-1.04292347e+06	1.00000000e-09	1.00000000e-09	1.00000000e-10	1.00000000e-10	0.00000000e+00	3.81667366e-11
3.38000000e+01	2.84179998e+01	-2.67409309e+07	-1.04080368e+06	5.77754683e+00	7.23399306e+03	5.77754683e-01	7.23399306e+02	-6.97416774e+08	3.50889914e-11
3.39000000e+01	2.85020767e+01	-2.66835426e+07	-1.03857003e+06	2.01513563e+01	7.02853400e+03	2.01513563e+00	7.02853400e+02	-6.76206127e+08	3.22594338e-11
3.40000000e+01	2.85861536e+01	-2.66231650e+07	-1.03622002e+06	1.00000000e-09	1.00000000e-09	1.00000000e-10	1.00000000e-10	0.00000000e+00	2.96580503e-11
3.41000000e+01	2.86702306e+01	-2.65627873e+07	-1.03387002e+06	1.00000000e-09	1.00000000e-09	1.00000000e-10	1.00000000e-10	0.00000000e+00	2.72664410e-11
3.42000000e+01	2.87543075e+01	-2.65024096e+07	-1.03152002e+06	3.76809582e+00	5.46816393e+03	3.76809582e-01	5.46816393e+02	-5.27234047e+08	2.50676897e-11
3.43000000e+01	2.88383844e+01	-2.64396015e+07	-1.02907541e+06	1.97152634e+01	7.31646323e+03	1.97152634e+00	7.31646323e+02	-7.04029151e+08	2.30462446e-11
3.44000000e+01	2.89224613e+01	-2.63733905e+07	-1.02649837e+06	1.00000000e-09	1.00000000e-09	1.00000000e-10	1.00000000e-10	0.00000000e+00	2.11878078e-11
3.45000000e+01	2.90065383e+01	-2.63071795e+07	-1.02392132e+06	1.00000000e-09	1.00000000e-09	1.00000000e-10	1.00000000e-10	0.00000000e+00	1.94792342e-11
3.46000000e+01	2.90906152e+01	-2.62409685e+07	-1.02134427e+06	2.04014206e+00	3.86430339e+03	2.04014206e-01	3.86430339e+02	-3.72651752e+08	1.79084392e-11
3.47000000e+01	2.91746921e+01	-2.61728882e+07	-1.01869447e+06	1.93569584e+01	7.40572907e+03	1.93569584e+00	7.40572907e+02	-7.12676566e+08	1.64643122e-11
3.48000000e+01	2.92587690e+01	-2.61010790e+07	-1.01589953e+06	1.00000000e-09	1.00000000e-09	1.00000000e-10	1.00000000e-10	0.00000000e+00	1.51366389e-11
3.49000000e+01	2.93428459e+01	-2.60292699e+07	-1.01310459e+06	1.00000000e-09	1.00000000e-09	1.00000000e-10	1.00000000e-10	0.00000000e+00	1.39160284e-11
3.50000000e+01	2.94269229e+01	-2.59574607e+07	-1.01030965e+06	5.47468353e-01	2.40965780e+03	5.47468353e-02	2.40965780e+02	-2.32443811e+08	1.27938473e-11
3.51000000e+01	2.95109998e+01	-2.58843958e+07	-1.00746584e+06	1.90871860e+01	7.33462955e+03	1.90871860e+00	7.33462955e+02	-7.05842534e+08	1.17621583e-11
3.52000000e+01	2.95950767e+01	-2.58073734e+07	-1.00446799e+06	1.17357735e-01	1.00000000e-09	1.17357735e-02	1.00000000e-10	1.13233000e+04	1.08136641e-11
3.53000000e+01	2.96791536e+01	-2.57303510e+07	-1.00147015e+06	1.00000000e-09	1.00000000e-09	1.00000000e-10	1.00000000e-10	0.00000000e+00	9.94165601e-12
3.54000000e+01	2.97632306e+01	-2.56533286e+07	-9.98472303e+05	1.00000000e-09	1.08951939e+03	1.00000000e-10	1.08951939e+02	-1.05122640e+08	9.13996618e-12
3.55000000e+01	2.98473075e+01	-2.55757008e+07	-9.95450893e+05	1.89094852e+01	7.13375527e+03	1.89094852e+00	7.13375527e+02	-6.86478258e+08	8.40292419e-12
3.56000000e+01	2.99313844e+01	-2.54939907e+07	-9.92270591e+05	1.31083858e+00	1.00000000e-09	1.31083858e-01	1.00000000e-10	1.26476695e+05	7.72531687e-12
3.57000000e+01	3.00154613e+01	-2.54122805e+07	-9.89090290e+05	1.00000000e-09	1.00000000e-09	1.00000000e-10	1.00000000e-10	0.00000000e+00	7.10235144e-12
3.58000000e+01	3.00995383e+01	-2.53305704e+07	-9.85909988e+05	1.00000000e-09	1.00000000e-09	1.00000000e-10	1.00000000e-10	0.00000000e+00	6.52962161e-12
3.59000000e+01	3.01836152e+01	-2.52488602e+07	-9.82729687e+05	1.88083953e+01	6.82037202e+03	1.88083953e+00	6.82037202e+02	-6.56251125e+08	6.00307641e-12
3.60000000e+01	3.02676921e+01	-2.51630498e+07	-9.79389797e+05	2.37628415e+00	6.45285907e+02	2.37628415e-01	6.45285907e+01	-6.20313485e+07	5.51899153e-12
3.61000000e+01	3.03517690e+01	-2.50768413e+07	-9.76034408e+05	1.00000000e-09	1.00000000e-09	1.00000000e-10	1.00000000e-10	0.00000000e+00	5.07394300e-12
3.62000000e+01	3.04358459e+01	-2.49906327e+07	-9.72679020e+05	1.00000000e-09	1.00000000e-09	1.00000000e-10	1.00000000e-10	0.00000000e+00	4.66478295e-12
3.63000000e+01	3.05199229e+01	-2.49044241e+07	-9.69323631e+05	1.85633153e+01	6.33700638e+03	1.85633153e+00	6.33700638e+02	-6.09637078e+08	4.28861734e-12
3.64000000e+01	3.06039998e+01	-2.48142064e+07	-9.65812200e+05	3.33048233e+00	1.63860945e+03	3.33048233e-01	1.63860945e+02	-1.57780434e+08	3.94278553e-12
3.65000000e+01	3.06880767e+01	-2.47229226e+07	-9.62259277e+05	1.00000000e-09	1.00000000e-09	1.00000000e-10	1.00000000e-10	0.00000000e+00	3.62484141e-12
3.66000000e+01	3.07721536e+01	-2.46316388e+07	-9.58706353e+05	1.00000000e-09	1.00000000e-09	1.00000000e-10	1.00000000e-10	0.00000000e+00	3.33253613e-12
3.67000000e+01	3.08562306e+01	-2.45403550e+07	-9.55153429e+05	1.81445840e+01	5.70434045e+03	1.81445840e+00	5.70434045e+02	-5.48634496e+08	3.06380220e-12
3.68000000e+01	3.09403075e+01	-2.44452618e+07	-9.51452233e+05	4.18045587e+00	2.48862017e+03	4.18045587e-01	2.48862017e+02	-2.39711991e+08	2.81673882e-12
3.69000000e+01	3.10243844e+01	-2.43484580e+07	-9.47684461e+05	1.00000000e-09	1.00000000e-09	1.00000000e-10	1.00000000e-10	0.00000000e+00	2.58959851e-12
3.70000000e+01	3.11084613e+01	-2.42516542e+07	-9.43916688e+05	1.00000000e-09	1.00000000e-09	1.00000000e-10	1.00000000e-10	0.00000000e+00	2.38077467e-12
3.71000000e+01	3.11925382e+01	-2.41548504e+07	-9.40148916e+05	1.75895875e+01	4.96567463e+03	1.75895875e+00	4.96567463e+02	-4.77417629e+08	2.18879027e-12
3.72000000e+01	3.12766152e+01	-2.40545420e+07	-9.36244738e+05	4.93862406e+00	3.18530386e+03	4.93862406e-01	3.18530386e+02	-3.06858596e+08	2.01228739e-12
3.73000000e+01	3.13606921e+01	-2.39519200e+07	-9.32250512e+05	1.00000000e-09	1.00000000e-09	1.00000000e-10	1.00000000e-10	0.00000000e+00	1.85001761e-12
3.74000000e+01	3.14447690e+01	-2.38492981e+07	-9.28256285e+05	1.00000000e-09	1.00000000e-09	1.00000000e-10	1.00000000e-10	0.00000000e+00	1.70083318e-12
3.75000000e+01	3.15288459e+01	-2.37466761e+07	-9.24262059e+05	1.69350476e+01	4.15922511e+03	1.69350476e+00	4.15922511e+02	-3.99670232e+08	1.56367890e-12
3.76000000e+01	3.16129229e+01	-2.36409535e+07	-9.20147153e+05	5.62015929e+00	3.72827147e+03	5.62015929e-01	3.72827147e+02	-3.59181248e+08	1.43758467e-12
3.77000000e+01	3.16969998e+01	-2.35323732e+07	-9.15921015e+05	1.00000000e-09	1.00000000e-09	1.00000000e-10	1.00000000e-10	0.00000000e+00	1.32165861e-12
3.78000000e+01	3.17810767e+01	-2.34237928e+07	-9.11694878e+05	1.00000000e-09	1.00000000e-09	1.00000000e-10	1.00000000e-10	0.00000000e+00	1.21508076e-12
3.79000000e+01	3.18651536e+01	-2.33152124e+07	-9.07468741e+05	1.62141900e+01	3.31660480e+03	1.62141900e+00	3.31660480e+02	-3.18439284e+08	1.11709730e-12
3.80000000e+01	3.19492305e+01	-2.32040257e+07	-9.03141161e+05	6.24104425e+00	4.12330491e+03	6.24104425e-01	4.12330491e+02	-3.97236274e+08	1.02701517e-12
3.81000000e+01	3.20333075e+01	-2.30895123e+07	-8.98684099e+05	1.00000000e-09	1.00000000e-09	1.00000000e-10	1.00000000e-10	0.00000000e+00	9.44197214e-13
3.82000000e+01	3.21173844e+01	-2.29749989e+07	-8.94227037e+05	1.00000000e-09	1.00000000e-09	1.00000000e-10	1.00000000e-10	0.00000000e+00	8.68057654e-13
3.83000000e+01	3.22014613e+01	-2.28604855e+07	-8.89769976e+05	1.54552460e+01	2.46274901e+03	1.54552460e+00	2.46274901e+02	-2.36127951e+08	7.98057949e-13
3.84000000e+01	3.22855382e+01	-2.27439385e+07	-8.85233761e+05	6.81682032e+00	4.37957876e+03	6.81682032e-01	4.37957876e+02	-4.21907388e+08	7.33702982e-13
3.85000000e+01	3.23696152e+01	-2.26236861e+07	-8.80553331e+05	1.00000000e-09	1.00000000e-09	1.00000000e-10	1.00000000e-10	0.00000000e+00	6.74537565e-13
3.86000000e+01	3.24536921e+01	-2.25034338e+07	-8.75872900e+05	1.00000000e-09	1.00000000e-09	1.00000000e-10	1.00000000e-10	0.00000000e+00	6.20143216e-13
3.87000000e+01	3.25377690e+01	-2.23831814e+07	-8.71192469e+05	1.46809667e+01	1.61666587e+03	1.46809667e+00	1.61666587e+02	-1.54568045e+08	5.70135198e-13
3.88000000e+01	3.26218459e+01	-2.22615322e+07	-8.66457667e+05	7.36189093e+00	4.50763650e+03	7.36189093e-01	4.50763650e+02	-4.34210491e+08	5.24159800e-13
3.89000000e+01	3.27059228e+01	-2.21359023e+07	-8.61567934e+05	1.00000000e-09	1.00000000e-09	1.00000000e-10	1.00000000e-10	0.00000000e+00	4.81891834e-13
3.90000000e+01	3.27899998e+01	-2.20102725e+07	-8.56678201e+05	1.00000000e-09	1.00000000e-09	1.00000000e-10	1.00000000e-10	0.00000000e+00	4.43032333e-13
3.91000000e+01	3.28740767e+01	-2.18846426e+07	-8.51788467e+05	1.39087987e+01	7.92544758e+02	1.39087987e+00	7.92544758e+01	-7.51269492e+07	4.07306443e-13
3.92000000e+01	3.29581536e+01	-2.17582997e+07	-8.46870982e+05	7.88921210e+00	4.51805678e+03	7.88921210e-01	4.51805678e+02	-4.35165016e+08	3.74461468e-13
3.93000000e+01	3.30422305e+01	-2.16278145e+07	-8.41792271e+05	1.00000000e-09	1.00000000e-09	1.00000000e-10	1.00000000e-10	0.00000000e+00	3.44265096e-13
3.94000000e+01	3.31263075e+01	-2.14973293e+07	-8.36713560e+05	1.00000000e-09	1.00000000e-09	1.00000000e-10	1.00000000e-10	0.00000000e+00	3.16503742e-13
3.95000000e+01	3.32103844e+01	-2.13668441e+07	-8.31634849e+05	1.31514208e+01	9.25507966e-01	1.31514208e+00	9.25507966e-02	1.17962126e+06	2.90981049e-13
3.96000000e+01	3.32944613e+01	-2.12363581e+07	-8.26556104e+05	8.41022067e+00	4.42066473e+03	8.41022067e-01	4.42066473e+02	-4.25717842e+08	2.67516493e-13
3.97000000e+01	3.33785382e+01	-2.11016889e+07	-8.21314545e+05	1.00000000e-09	3.67919868e+02	1.00000000e-10	3.67919868e+01	-3.54988707e+07	2.45944106e-13
3.98000000e+01	3.34626152e+01	-2.09666657e+07	-8.16059207e+05	1.00000000e-09	1.00000000e-09	1.00000000e-10	1.00000000e-10	0.00000000e+00	2.26111304e-13
3.99000000e+01	3.35466921e+01	-2.08316425e+07	-8.10803868e+05	1.24182890e+01	1.00000000e-09	1.24182890e+00	1.00000000e-10	1.19818274e+06	2.07877809e-13
4.00000000e+01	3.36307690e+01	-2.06966193e+07	-8.05548529e+05	8.86388888e+00	4.19137153e+03	8.86388888e-01	4.19137153e+02	-4.03550639e+08	1.91114654e-13
4.01000000e+01	3.37148459e+01	-2.05574968e+07	-8.00133638e+05	1.00000000e-09	1.07249031e+03	1.00000000e-10	1.07249031e+02	-1.03479584e+08	1.75703270e-13
4.02000000e+01	3.37989228e+01	-2.04173057e+07	-7.94677157e+05	1.00000000e-09	1.00000000e-09	1.00000000e-10	1.00000000e-10	0.00000000e+00	1.61534652e-13
4.03000000e+01	3.38829998e+01	-2.02771147e+07	-7.89220677e+05	1.17234803e+01	1.00000000e-09	1.17234803e+00	1.00000000e-10	1.13114389e+06	1.48508584e-13
4.04000000e+01	3.39670767e+01	-2.01369236e+07	-7.83764196e+05	9.22906501e+00	3.83797196e+03	9.22906501e-01	3.83797196e+02	-3.69417530e+08	1.36532931e-13
4.05000000e+01	3.40511536e+01	-1.99928415e+07	-7.78156269e+05	1.00000000e-09	1.70099997e+03	1.00000000e-10	1.70099997e+02	-1.64121547e+08	1.25522989e-13
4.06000000e+01	3.41352305e+01	-1.98470009e+07	-7.72479897e+05	1.00000000e-09	1.00000000e-09	1.00000000e-10	1.00000000e-10	0.00000000e+00	1.15400882e-13
4.07000000e+01	3.42193075e+01	-1.97011602e+07	-7.66803525e+05	1.10781893e+01	1.00000000e-09	1.10781893e+00	1.00000000e-10	1.06888277e+06	1.06095016e-13
4.08000000e+01	3.43033844e+01	-1.95553196e+07	-7.61127154e+05	9.51100163e+00	3.38445846e+03	9.51100163e-01	3.38445846e+02	-3.25632927e+08	9.75395708e-14
4.09000000e+01	3.43874613e+01	-1.94059165e+07	-7.55312123e+05	1.00000000e-09	2.23746432e+03	1.00000000e-10	2.23746432e+02	-2.15882488e+08	8.96740319e-14
4.10000000e+01	3.44715382e+01	-1.92541110e+07	-7.49403589e+05	1.00000000e-09	1.00000000e-09	1.00000000e-10	1.00000000e-10	0.00000000e+00	8.24427658e-14
4.11000000e+01	3.45556151e+01	-1.91023055e+07	-7.43495055e+05	1.04889973e+01	1.00000000e-09	1.04889973e+00	1.00000000e-10	1.01203439e+06	7.57946252e-14
4.12000000e+01	3.46396921e+01	-1.89505000e+07	-7.37586520e+05	9.71826695e+00	2.85606890e+03	9.71826695e-01	2.85606890e+02	-2.74631087e+08	6.96825871e-14
4.13000000e+01	3.47237690e+01	-1.87955722e+07	-7.31556460e+05	1.00000000e-09	2.67268106e+03	1.00000000e-10	2.67268106e+02	-2.57874520e+08	6.40634205e-14
4.14000000e+01	3.48078459e+01	-1.86376650e+07	-7.25410434e+05	1.00000000e-09	1.00000000e-09	1.00000000e-10	1.00000000e-10	0.00000000e+00	5.88973804e-14
4.15000000e+01	3.48919228e+01	-1.84797577e+07	-7.19264408e+05	9.95862818e+00	1.00000000e-09	9.95862818e-01	1.00000000e-10	9.60861548e+05	5.41479271e-14
4.16000000e+01	3.49759998e+01	-1.83218505e+07	-7.13118382e+05	9.86153332e+00	2.27775268e+03	9.86153332e-01	2.27775268e+02	-2.18818230e+08	4.97814672e-14
4.17000000e+01	3.50600767e+01	-1.81613592e+07	-7.06871783e+05	1.00000000e-09	3.00330434e+03	1.00000000e-10	3.00330434e+02	-2.89774817e+08	4.57671163e-14
4.18000000e+01	3.51441536e+01	-1.79973966e+07	-7.00490071e+05	1.00000000e-09	1.00000000e-09	1.00000000e-10	1.00000000e-10	0.00000000e+00	4.20764804e-14
4.19000000e+01	3.52282305e+01	-1.78334339e+07	-6.94108360e+05	9.48679501e+00	1.00000000e-09	9.48679501e-01	1.00000000e-10	9.15336567e+05	3.86834555e-14
4.20000000e+01	3.53123074e+01	-1.76694713e+07	-6.87726648e+05	9.95246668e+00	1.66947236e+03	9.95246668e-01	1.66947236e+02	-1.60119328e+08	3.55640423e-14
4.21000000e+01	3.53963844e+01	-1.75035470e+07	-6.81268583e+05	1.00000000e-09	3.22972533e+03	1.00000000e-10	3.22972533e+02	-3.11621121e+08	3.26961769e-14
4.22000000e+01	3.54804613e+01	-1.73337610e+07	-6.74660218e+05	1.00000000e-09	1.00000000e-09	1.00000000e-10	1.00000000e-10	0.00000000e+00	3.00595747e-14
4.23000000e+01	3.55645382e+01	-1.71639751e+07	-6.68051854e+05	9.07123349e+00	1.00000000e-09	9.07123349e-01	1.00000000e-10	8.75240976e+05	2.76355866e-14
4.24000000e+01	3.56486151e+01	-1.69941892e+07	-6.61443489e+05	1.00029067e+01	1.04840311e+03	1.00029067e+00	1.04840311e+02	-1.00190388e+08	2.54070677e-14
4.25000000e+01	3.57326921e+01	-1.68231307e+07	-6.54785596e+05	1.00000000e-09	3.35474830e+03	1.00000000e-10	3.35474830e+02	-3.23684004e+08	2.33582553e-14
4.26000000e+01	3.58167690e+01	-1.66479362e+07	-6.47966719e+05	1.00000000e-09	1.00000000e-09	1.00000000e-10	1.00000000e-10	0.00000000e+00	2.14746581e-14
4.27000000e+01	3.59008459e+01	-1.64727417e+07	-6.41147842e+05	8.70837445e+00	1.00000000e-09	8.70837445e-01	1.00000000e-10	8.40230401e+05	1.97429531e-14
4.28000000e+01	3.59849228e+01	-1.62975471e+07	-6.34328965e+05	1.00243018e+01	4.29049450e+02	1.00243018e+00	4.29049450e+01	-4.04297806e+07	1.81508919e-14
4.29000000e+01	3.60689997e+01	-1.61218165e+07	-6.27489224e+05	1.00000000e-09	3.38260269e+03	1.00000000e-10	3.38260269e+02	-3.26371544e+08	1.66872137e-14
4.30000000e+01	3.61530767e+01	-1.59418020e+07	-6.20482746e+05	1.00000000e-09	1.00000000e-09	1.00000000e-10	1.00000000e-10	0.00000000e+00	1.53415657e-14
4.31000000e+01	3.62371536e+01	-1.57617876e+07	-6.13476268e+05	8.39384436e+00	1.00000000e-09	8.39384436e-01	1.00000000e-10	8.09882861e+05	1.41044300e-14
4.32000000e+01	3.63212305e+01	-1.55817731e+07	-6.06469790e+05	1.00273691e+01	1.00000000e-09	1.00273691e+00	1.00000000e-10	9.67494034e+05	1.29670563e-14
4.33000000e+01	3.64053074e+01	-1.54017586e+07	-5.99463313e+05	1.00000000e-09	3.31413891e+03	1.00000000e-10	3.31413891e+02	-3.19765793e+08	1.19213998e-14
4.34000000e+01	3.64893844e+01	-1.52174464e+07	-5.92289560e+05	1.00000000e-09	4.60582123e+02	1.00000000e-10	4.60582123e+01	-4.44394191e+07	1.09600645e-14
4.35000000e+01	3.65734613e+01	-1.50325289e+07	-5.85092250e+05	8.08605267e+00	1.00000000e-09	8.08605267e-01	1.00000000e-10	7.80185478e+05	1.00762507e-14
4.36000000e+01	3.66575382e+01	-1.48476115e+07	-5.77894940e+05	1.00209162e+01	1.00000000e-09	1.00209162e+00	1.00000000e-10	9.66871432e+05	9.26370726e-15
4.37000000e+01	3.67416151e+01	-1.46626940e+07	-5.70697631e+05	1.00000000e-09	3.13615916e+03	1.00000000e-10	3.13615916e+02	-3.02593358e+08	8.51668685e-15
4.38000000e+01	3.68256921e+01	-1.44736023e+07	-5.63337852e+05	1.00000000e-09	1.00715061e+03	1.00000000e-10	1.00715061e+02	-9.71752615e+07	7.82990577e-15
4.39000000e+01	3.69097690e+01	-1.42831504e+07	-5.55925131e+05	7.75640668e+00	1.00000000e-09	7.75640668e-01	1.00000000e-10	7.48379474e+05	7.19850635e-15
4.40000000e+01	3.69938459e+01	-1.40926985e+07	-5.48512411e+05	1.00123153e+01	1.00000000e-09	1.00123153e+00	1.00000000e-10	9.66041567e+05	6.61802264e-15
4.41000000e+01	3.70779228e+01	-1.39022466e+07	-5.41099690e+05	1.00000000e-09	2.85903693e+03	1.00000000e-10	2.85903693e+02	-2.75855128e+08	6.08434883e-15
4.42000000e+01	3.71619997e+01	-1.37078801e+07	-5.33534606e+05	1.00000000e-09	1.49649000e+03	1.00000000e-10	1.49649000e+02	-1.44389335e+08	5.59371018e-15
4.43000000e+01	3.72460767e+01	-1.35114328e+07	-5.25888536e+05	7.41098664e+00	1.00000000e-09	7.41098664e-01	1.00000000e-10	7.15051507e+05	5.14263638e-15
4.44000000e+01	3.73301536e+01	-1.33149856e+07	-5.18242467e+05	1.00083325e+01	1.00000000e-09	1.00083325e+00	1.00000000e-10	9.65657282e+05	4.72793693e-15
4.45000000e+01	3.74142305e+01	-1.31185383e+07	-5.10596397e+05	1.00000000e-09	2.49936769e+03	1.00000000e-10	2.49936769e+02	-2.41152322e+08	4.34667862e-15
4.46000000e+01	3.74983074e+01	-1.29185665e+07	-5.02813143e+05	1.00000000e-09	1.91471863e+03	1.00000000e-10	1.91471863e+02	-1.84742263e+08	3.99616478e-15
4.47000000e+01	3.75823844e+01	-1.27158520e+07	-4.94923143e+05	7.05579950e+00	1.00000000e-09	7.05579950e-01	1.00000000e-10	6.80781158e+05	3.67391618e-15
4.48000000e+01	3.76664613e+01	-1.25131376e+07	-4.87033143e+05	1.00148915e+01	1.00000000e-09	1.00148915e+00	1.00000000e-10	9.66290137e+05	3.37765354e-15
4.49000000e+01	3.77505382e+01	-1.23104231e+07	-4.79143143e+05	1.00000000e-09	2.07526109e+03	1.00000000e-10	2.07526109e+02	-2.00232256e+08	3.10528136e-15
4.50000000e+01	3.78346151e+01	-1.21046939e+07	-4.71135803e+05	1.00000000e-09	2.25256964e+03	1.00000000e-10	2.25256964e+02	-2.17339929e+08	2.85487313e-15
4.51000000e+01	3.79186920e+01	-1.18956419e+07	-4.62999135e+05	6.69639350e+00	1.00000000e-09	6.69639350e-01	1.00000000e-10	6.46103751e+05	2.62465769e-15
4.52000000e+01	3.80027690e+01	-1.16865899e+07	-4.54862467e+05	1.00369639e+01	1.00000000e-09	1.00369639e+00	1.00000000e-10	9.68419791e+05	2.41300669e-15
4.53000000e+01	3.80868459e+01	-1.14775379e+07	-4.46725799e+05	1.00000000e-09	1.60495311e+03	1.00000000e-10	1.60495311e+02	-1.54854434e+08	2.21842312e-15
4.54000000e+01	3.81709228e+01	-1.12660860e+07	-4.38495721e+05	1.00000000e-09	2.50483703e+03	1.00000000e-10	2.50483703e+02	-2.41680033e+08	2.03953067e-15
4.55000000e+01	3.82549997e+01	-1.10508336e+07	-4.30117721e+05	6.33759103e+00	1.00000000e-09	6.33759103e-01	1.00000000e-10	6.11484576e+05	1.87506400e-15
4.56000000e+01	3.83390767e+01	-1.08355812e+07	-4.21739722e+05	1.00785576e+01	1.00000000e-09	1.00785576e+00	1.00000000e-10	9.72432977e+05	1.72385984e-15
4.57000000e+01	3.84231536e+01	-1.06203288e+07	-4.13361723e+05	1.00000000e-09	1.10582139e+03	1.00000000e-10	1.10582139e+02	-1.06695544e+08	1.58484870e-15
4.58000000e+01	3.85072305e+01	-1.04033771e+07	-4.04917584e+05	1.00000000e-09	2.66964403e+03	1.00000000e-10	2.66964403e+02	-2.57581490e+08	1.45704735e-15
4.59000000e+01	3.85913074e+01	-1.01822677e+07	-3.96311620e+05	5.98333519e+00	1.00000000e-09	5.98333519e-01	1.00000000e-10	5.77304083e+05	1.33955183e-15
4.60000000e+01	3.86753843e+01	-9.96115827e+06	-3.87705657e+05	1.01427698e+01	1.00000000e-09	1.01427698e+00	1.00000000e-10	9.78628512e+05	1.23153109e-15
4.61000000e+01	3.87594613e+01	-9.74004887e+06	-3.79099694e+05	1.00000000e-09	5.93793279e+02	1.00000000e-10	5.93793279e+01	-5.72923417e+07	1.13222108e-15
4.62000000e+01	3.88435382e+01	-9.51800402e+06	-3.70457320e+05	1.00000000e-09	2.74767842e+03	1.00000000e-10	2.74767842e+02	-2.65110665e+08	1.04091937e-15
4.63000000e+01	3.89276151e+01	-9.29157886e+06	-3.61644458e+05	5.63663156e+00	1.00000000e-09	5.63663156e-01	1.00000000e-10	5.43852268e+05	9.56980191e-16
4.64000000e+01	3.90116920e+01	-9.06515371e+06	-3.52831596e+05	1.02318670e+01	1.00000000e-09	1.02318670e+00	1.00000000e-10	9.87225090e+05	8.79809819e-16
4.65000000e+01	3.90957690e+01	-8.83872855e+06	-3.44018734e+05	1.00000000e-09	8.30826244e+01	1.00000000e-10	8.30826244e+00	-8.01625461e+06	8.08862425e-16
4.66000000e+01	3.91798459e+01	-8.61216962e+06	-3.35200666e+05	1.00000000e-09	2.74149747e+03	1.00000000e-10	2.74149747e+02	-2.64514294e+08	7.43636191e-16
4.67000000e+01	3.92639228e+01	-8.38115201e+06	-3.26209057e+05	5.29956012e+00	1.65498251e+02	5.29956012e-01	1.65498251e+01	-1.54568239e+07	6.83669765e-16
4.68000000e+01	3.93479997e+01	-8.14986246e+06	-3.17206865e+05	1.03352038e+01	1.00000000e-09	1.03352038e+00	1.00000000e-10	9.97195568e+05	6.28539001e-16
4.69000000e+01	3.94320766e+01	-7.91857292e+06	-3.08204672e+05	1.00000000e-09	1.00000000e-09	1.00000000e-10	1.00000000e-10	0.00000000e+00	5.77853951e-16
4.70000000e+01	3.95161536e+01	-7.68728338e+06	-2.99202479e+05	1.00000000e-09	2.64420742e+03	1.00000000e-10	2.64420742e+02	-2.55127231e+08	5.31256117e-16
4.71000000e+01	3.96002305e+01	-7.45160561e+06	-2.90029490e+05	4.97491673e+00	6.42924773e+02	4.97491673e-01	6.42924773e+01	-6.15528037e+07	4.88415907e-16
4.72000000e+01	3.96843074e+01	-7.21484845e+06	-2.80814488e+05	1.03994036e+01	1.00000000e-09	1.03994036e+00	1.00000000e-10	1.00338991e+06	4.49030309e-16
4.73000000e+01	3.97683843e+01	-6.97809129e+06	-2.71599486e+05	1.00000000e-09	1.00000000e-09	1.00000000e-10	1.00000000e-10	0.00000000e+00	4.12820745e-16
4.74000000e+01	3.98524613e+01	-6.74133412e+06	-2.62384484e+05	1.00000000e-09	2.45640931e+03	1.00000000e-10	2.45640931e+02	-2.37007468e+08	3.79531100e-16
4.75000000e+01	3.99365382e+01	-6.50040736e+06	-2.53007194e+05	4.66645585e+00	1.07956754e+03	4.66645585e-01	1.07956754e+02	-1.03712188e+08	3.48925915e-16
4.76000000e+01	4.00206151e+01	-6.25762511e+06	-2.43557686e+05	1.04216673e+01	1.00000000e-09	1.04216673e+00	1.00000000e-10	1.00553803e+06	3.20788716e-16
4.77000000e+01	4.01046920e+01	-6.01484285e+06	-2.34108177e+05	1.00000000e-09	1.00000000e-09	1.00000000e-10	1.00000000e-10	0.00000000e+00	2.94920485e-16
4.78000000e+01	4.01887690e+01	-5.77206060e+06	-2.24658668e+05	1.00000000e-09	2.19055142e+03	1.00000000e-10	2.19055142e+02	-2.11356081e+08	2.71138254e-16
4.79000000e+01	4.02728459e+01	-5.52546952e+06	-2.15060913e+05	4.37670687e+00	1.46127895e+03	4.37670687e-01	1.46127895e+02	-1.40569697e+08	2.49273810e-16
4.80000000e+01	4.03569228e+01	-5.27630467e+06	-2.05362982e+05	1.04068640e+01	1.00000000e-09	1.04068640e+00	1.00000000e-10	1.00410973e+06	2.29172503e-16
4.81000000e+01	4.04409997e+01	-5.02713981e+06	-1.95665051e+05	1.00000000e-09	1.00000000e-09	1.00000000e-10	1.00000000e-10	0.00000000e+00	2.10692155e-16
4.82000000e+01	4.05250766e+01	-4.77797496e+06	-1.85967121e+05	1.00000000e-09	1.86123240e+03	1.00000000e-10	1.86123240e+02	-1.79581626e+08	1.93702052e-16
4.83000000e+01	4.06091536e+01	-4.52549315e+06	-1.76140088e+05	4.10695942e+00	1.77778829e+03	4.10695942e-01	1.77778829e+02	-1.71134232e+08	1.78082022e-16
4.84000000e+01	4.06932305e+01	-4.26980207e+06	-1.66188145e+05	1.03609832e+01	1.00000000e-09	1.03609832e+00	1.00000000e-10	9.99682903e+05	1.63721583e-16
4.85000000e+01	4.07773074e+01	-4.01411099e+06	-1.56236202e+05	1.00000000e-09	1.00000000e-09	1.00000000e-10	1.00000000e-10	0.00000000e+00	1.50519162e-16
4.86000000e+01	4.08613843e+01	-3.75841991e+06	-1.46284259e+05	1.00000000e-09	1.48393656e+03	1.00000000e-10	1.48393656e+02	-1.43178112e+08	1.38381377e-16
4.87000000e+01	4.09454613e+01	-3.50001898e+06	-1.36226845e+05	3.85745316e+00	2.02246768e+03	3.85745316e-01	2.02246768e+02	-1.94766278e+08	1.27222377e-16
4.88000000e+01	4.10295382e+01	-3.23787868e+06	-1.26023887e+05	1.02906414e+01	1.00000000e-09	1.02906414e+00	1.00000000e-10	9.92895948e+05	1.16963232e-16
4.89000000e+01	4.11136151e+01	-2.97573839e+06	-1.15820929e+05	1.00000000e-09	1.00000000e-09	1.00000000e-10	1.00000000e-10	0.00000000e+00	1.07531379e-16
4.90000000e+01	4.11976920e+01	-2.71359809e+06	-1.05617971e+05	1.00000000e-09	1.07403499e+03	1.00000000e-10	1.07403499e+02	-1.03628622e+08	9.88601065e-17
4.91000000e+01	4.12817689e+01	-2.44945017e+06	-9.53368738e+04	3.62759140e+00	2.19192279e+03	3.62759140e-01	2.19192279e+02	-2.11138389e+08	9.08880802e-17
4.92000000e+01	4.13658459e+01	-2.18115739e+06	-8.48944507e+04	1.02026496e+01	1.00000000e-09	1.02026496e+00	1.00000000e-10	9.84406033e+05	8.35589140e-17
4.93000000e+01	4.14499228e+01	-1.91286461e+06	-7.44520275e+04	1.00000000e-09	1.00000000e-09	1.00000000e-10	1.00000000e-10	0.00000000e+00	7.68207678e-17
4.94000000e+01	4.15339997e+01	-1.64457182e+06	-6.40096044e+04	1.00000000e-09	6.46079567e+02	1.00000000e-10	6.46079567e+01	-6.23372016e+07	7.06259821e-17
4.95000000e+01	4.16180766e+01	-1.37504504e+06	-5.35191517e+04	3.41614754e+00	2.28541507e+03	3.41614754e-01	2.28541507e+02	-2.20179424e+08	6.49307406e-17
4.96000000e+01	4.17021536e+01	-1.10110755e+06	-4.28570267e+04	1.01036744e+01	1.00000000e-09	1.01036744e+00	1.00000000e-10	9.74856381e+05	5.96947603e-17
4.97000000e+01	4.17862305e+01	-8.27170059e+05	-3.21949017e+04	1.00000000e-09	1.00000000e-09	1.00000000e-10	1.00000000e-10	0.00000000e+00	5.48810067e-17
4.98000000e+01	4.18703074e+01	-5.53232569e+05	-2.15327767e+04	1.00000000e-09	2.13389184e+02	1.00000000e-10	2.13389184e+01	-2.05889263e+07	5.04554316e-17
4.99000000e+01	4.19543843e+01	-2.78879612e+05	-1.08544810e+04	3.22144498e+00	2.30427186e+03	3.22144498e-01	2.30427186e+02	-2.22017613e+08	4.63867326e-17
5.00000000e+01	4.20384612e+01	0.00000000e+00	0.00000000e+00	1.00000000e+01	1.00000000e+01	1.00000000e+00	1.00000000e+00	0.00000000e+00	4.26461312e-17
