# 1D PNP Solver Results
# Debye length: 1.18939 nm
# Surface potential: 100 mV
# Bulk concentration: 10 mol/m^3
# Thermal voltage: 25.6926 mV
# Grid: non-uniform with stretching factor 1
#
# Columns:
# 1: x [nm]
# 2: x/lambda_D [-]
# 3: phi [mV]
# 4: phi_normalized = e*phi/(kB*T) [-]
# 5: c+ [mol/m^3]
# 6: c- [mol/m^3]
# 7: c+/c0 [-]
# 8: c-/c0 [-]
# 9: rho [C/m^3]
# 10: phi_GC [mV] (Gouy-Chapman analytical)
0.00000000e+00	0.00000000e+00	1.00000000e+02	3.89217445e+00	1.00000000e-09	1.00000000e-09	1.00000000e-10	1.00000000e-10	0.00000000e+00	1.00000000e+02
1.00000000e-01	8.40769225e-02	-5.82722101e+04	-2.26805607e+03	1.00000000e-09	1.00000000e-09	1.00000000e-10	1.00000000e-10	0.00000000e+00	8.70576373e+01
2.00000000e-01	1.68153845e-01	-1.16644420e+05	-4.54000432e+03	1.00000000e-09	1.94863696e+05	1.00000000e-10	1.94863696e+04	-1.88014884e+10	7.68715638e+01
3.00000000e-01	2.52230767e-01	-1.72915892e+05	-6.73018816e+03	1.00000000e-09	7.24920850e+03	1.00000000e-10	7.24920850e+02	-6.99442289e+08	6.85207345e+01
4.00000000e-01	3.36307690e-01	-2.29114362e+05	-8.91753068e+03	1.00000000e-09	1.00000000e-09	1.00000000e-10	1.00000000e-10	0.00000000e+00	6.14862309e+01
5.00000000e-01	4.20384612e-01	-2.85312833e+05	-1.11048732e+04	1.00000000e-09	1.00000000e-09	1.00000000e-10	1.00000000e-10	0.00000000e+00	5.54461690e+01
6.00000000e-01	5.04461535e-01	-3.41511304e+05	-1.32922157e+04	1.00000000e-09	1.94413618e+05	1.00000000e-10	1.94413618e+04	-1.87580625e+10	5.01866549e+01
7.00000000e-01	5.88538457e-01	-3.95615469e+05	-1.53980442e+04	1.00000000e-09	1.50774517e+04	1.00000000e-10	1.50774517e+03	-1.45475294e+09	4.55579535e+01
8.00000000e-01	6.72615380e-01	-4.49570850e+05	-1.74980818e+04	1.00000000e-09	1.00000000e-09	1.00000000e-10	1.00000000e-10	0.00000000e+00	4.14508515e+01
9.00000000e-01	7.56692302e-01	-5.03526232e+05	-1.95981193e+04	1.00000000e-09	1.00000000e-09	1.00000000e-10	1.00000000e-10	0.00000000e+00	3.77829914e+01
1.00000000e+00	8.40769225e-01	-5.57481613e+05	-2.16981569e+04	1.00000000e-09	1.93851792e+05	1.00000000e-10	1.93851792e+04	-1.87038545e+10	3.44905241e+01
1.10000000e+00	9.24846147e-01	-6.09354023e+05	-2.37171216e+04	1.00000000e-09	2.35822762e+04	1.00000000e-10	2.35822762e+03	-2.27534375e+09	3.15227780e+01
1.20000000e+00	1.00892307e+00	-6.60999333e+05	-2.57272471e+04	1.00000000e-09	1.00000000e-09	1.00000000e-10	1.00000000e-10	0.00000000e+00	2.88387272e+01
1.30000000e+00	1.09299999e+00	-7.12644642e+05	-2.77373727e+04	1.00000000e-09	1.00000000e-09	1.00000000e-10	1.00000000e-10	0.00000000e+00	2.64045776e+01
1.40000000e+00	1.17707691e+00	-7.64289952e+05	-2.97474982e+04	1.00000000e-09	1.93119955e+05	1.00000000e-10	1.93119955e+04	-1.86332430e+10	2.41920729e+01
1.50000000e+00	1.26115384e+00	-8.13868883e+05	-3.16771967e+04	1.00000000e-09	3.28744455e+04	1.00000000e-10	3.28744455e+03	-3.17190179e+09	2.21772778e+01
1.60000000e+00	1.34523076e+00	-8.63140147e+05	-3.35949203e+04	1.00000000e-09	1.00000000e-09	1.00000000e-10	1.00000000e-10	0.00000000e+00	2.03396868e+01
1.70000000e+00	1.42930768e+00	-9.12411411e+05	-3.55126438e+04	1.00000000e-09	1.00000000e-09	1.00000000e-10	1.00000000e-10	0.00000000e+00	1.86615585e+01
1.80000000e+00	1.51338460e+00	-9.61682674e+05	-3.74303673e+04	1.00000000e-09	1.92135554e+05	1.00000000e-10	1.92135554e+04	-1.85382628e+10	1.71274116e+01
1.90000000e+00	1.59746153e+00	-1.00890976e+06	-3.92685278e+04	1.00000000e-09	4.30783156e+04	1.00000000e-10	4.30783156e+03	-4.15642559e+09	1.57236358e+01
2.00000000e+00	1.68153845e+00	-1.05574668e+06	-4.10915027e+04	1.00000000e-09	1.00000000e-09	1.00000000e-10	1.00000000e-10	0.00000000e+00	1.44381886e+01
2.10000000e+00	1.76561537e+00	-1.10258361e+06	-4.29144776e+04	1.00000000e-09	1.00000000e-09	1.00000000e-10	1.00000000e-10	0.00000000e+00	1.32603556e+01
2.20000000e+00	1.84969229e+00	-1.14942054e+06	-4.47374525e+04	1.00000000e-09	1.90783796e+05	1.00000000e-10	1.90783796e+04	-1.84078379e+10	1.21805577e+01
2.30000000e+00	1.93376922e+00	-1.19424142e+06	-4.64819595e+04	1.00000000e-09	5.43312760e+04	1.00000000e-10	5.43312760e+03	-5.24217121e+09	1.11901960e+01
2.40000000e+00	2.01784614e+00	-1.23858811e+06	-4.82080098e+04	1.00000000e-09	1.00000000e-09	1.00000000e-10	1.00000000e-10	0.00000000e+00	1.02815237e+01
2.50000000e+00	2.10192306e+00	-1.28293479e+06	-4.99340601e+04	1.00000000e-09	1.00000000e-09	1.00000000e-10	1.00000000e-10	0.00000000e+00	9.44754093e+00
2.60000000e+00	2.18599998e+00	-1.32728147e+06	-5.16601103e+04	1.00000000e-09	1.88906991e+05	1.00000000e-10	1.88906991e+04	-1.82267538e+10	8.68190590e+00
2.70000000e+00	2.27007691e+00	-1.36964652e+06	-5.33090317e+04	1.00000000e-09	6.67814882e+04	1.00000000e-10	6.67814882e+03	-6.44343407e+09	7.97886054e+00
2.80000000e+00	2.35415383e+00	-1.41145217e+06	-5.49361807e+04	1.00000000e-09	1.00000000e-09	1.00000000e-10	1.00000000e-10	0.00000000e+00	7.33316685e+00
2.90000000e+00	2.43823075e+00	-1.45325782e+06	-5.65633296e+04	1.00000000e-09	1.00000000e-09	1.00000000e-10	1.00000000e-10	0.00000000e+00	6.74005227e+00
3.00000000e+00	2.52230767e+00	-1.49506348e+06	-5.81904786e+04	1.00000000e-09	1.86290237e+05	1.00000000e-10	1.86290237e+04	-1.79742753e+10	6.19516235e+00
3.10000000e+00	2.60638460e+00	-1.53492845e+06	-5.97420928e+04	1.00000000e-09	8.05826369e+04	1.00000000e-10	8.05826369e+03	-7.77504249e+09	5.69451955e+00
3.20000000e+00	2.69046152e+00	-1.57414816e+06	-6.12685927e+04	1.00000000e-09	1.00000000e-09	1.00000000e-10	1.00000000e-10	0.00000000e+00	5.23448697e+00
3.30000000e+00	2.77453844e+00	-1.61336788e+06	-6.27950925e+04	1.00000000e-09	1.00000000e-09	1.00000000e-10	1.00000000e-10	0.00000000e+00	4.81173646e+00
3.40000000e+00	2.85861536e+00	-1.65258760e+06	-6.43215923e+04	1.00000000e-09	1.82642184e+05	1.00000000e-10	1.82642184e+04	-1.76222918e+10	4.42322017e+00
3.50000000e+00	2.94269229e+00	-1.68991442e+06	-6.57744173e+04	1.00000000e-09	9.58835386e+04	1.00000000e-10	9.58835386e+03	-9.25135507e+09	4.06614534e+00
3.60000000e+00	3.02676921e+00	-1.72650996e+06	-6.71987795e+04	1.00000000e-09	1.00000000e-09	1.00000000e-10	1.00000000e-10	0.00000000e+00	3.73795159e+00
3.70000000e+00	3.11084613e+00	-1.76310550e+06	-6.86231417e+04	1.00000000e-09	1.00000000e-09	1.00000000e-10	1.00000000e-10	0.00000000e+00	3.43629058e+00
3.80000000e+00	3.19492305e+00	-1.79970104e+06	-7.00475039e+04	1.00000000e-09	1.77569304e+05	1.00000000e-10	1.77569304e+04	-1.71328333e+10	3.15900770e+00
3.90000000e+00	3.27899998e+00	-1.83445853e+06	-7.14003260e+04	1.00000000e-09	1.12808989e+05	1.00000000e-10	1.12808989e+04	-1.08844128e+10	2.90412542e+00
4.00000000e+00	3.36307690e+00	-1.86839911e+06	-7.27213529e+04	1.00000000e-09	1.00000000e-09	1.00000000e-10	1.00000000e-10	0.00000000e+00	2.66982829e+00
4.10000000e+00	3.44715382e+00	-1.90233970e+06	-7.40423798e+04	1.00000000e-09	1.00000000e-09	1.00000000e-10	1.00000000e-10	0.00000000e+00	2.45444929e+00
4.20000000e+00	3.53123074e+00	-1.93628029e+06	-7.53634067e+04	1.00000000e-09	1.70541743e+05	1.00000000e-10	1.70541743e+04	-1.64547767e+10	2.25645740e+00
4.30000000e+00	3.61530767e+00	-1.96844493e+06	-7.66153107e+04	1.00000000e-09	1.31425735e+05	1.00000000e-10	1.31425735e+04	-1.26806557e+10	2.07444628e+00
4.40000000e+00	3.69938459e+00	-1.99970810e+06	-7.78321276e+04	1.00000000e-09	1.00000000e-09	1.00000000e-10	1.00000000e-10	0.00000000e+00	1.90712395e+00
4.50000000e+00	3.78346151e+00	-2.03097126e+06	-7.90489444e+04	1.00000000e-09	1.00000000e-09	1.00000000e-10	1.00000000e-10	0.00000000e+00	1.75330334e+00
4.60000000e+00	3.86753843e+00	-2.06223442e+06	-8.02657613e+04	1.00000000e-09	1.60848914e+05	1.00000000e-10	1.60848914e+04	-1.55195608e+10	1.61189369e+00
4.70000000e+00	3.95161536e+00	-2.09179115e+06	-8.14161606e+04	1.00000000e-09	1.51683180e+05	1.00000000e-10	1.51683180e+04	-1.46352020e+10	1.48189263e+00
4.80000000e+00	4.03569228e+00	-2.12036356e+06	-8.25282489e+04	1.00000000e-09	1.00000000e-09	1.00000000e-10	1.00000000e-10	0.00000000e+00	1.36237899e+00
4.90000000e+00	4.11976920e+00	-2.14893598e+06	-8.36403372e+04	1.00000000e-09	1.00000000e-09	1.00000000e-10	1.00000000e-10	0.00000000e+00	1.25250612e+00
5.00000000e+00	4.20384612e+00	-2.17750840e+06	-8.47524254e+04	1.00000000e-09	1.47543989e+05	1.00000000e-10	1.47543989e+04	-1.42358308e+10	1.15149587e+00
5.10000000e+00	4.28792305e+00	-2.20445136e+06	-8.58010927e+04	1.00000000e-09	1.73311058e+05	1.00000000e-10	1.73311058e+04	-1.67219750e+10	1.05863300e+00
5.20000000e+00	4.37199997e+00	-2.23032973e+06	-8.68083239e+04	1.00000000e-09	1.00000000e-09	1.00000000e-10	1.00000000e-10	0.00000000e+00	9.73260072e-01
5.30000000e+00	4.45607689e+00	-2.25620810e+06	-8.78155552e+04	1.00000000e-09	1.00000000e-09	1.00000000e-10	1.00000000e-10	0.00000000e+00	8.94772759e-01
5.40000000e+00	4.54015381e+00	-2.28208647e+06	-8.88227864e+04	1.00000000e-09	1.29380375e+05	1.00000000e-10	1.29380375e+04	-1.24833084e+10	8.22615544e-01
5.50000000e+00	4.62423074e+00	-2.30641987e+06	-8.97698851e+04	1.00000000e-09	1.95643586e+05	1.00000000e-10	1.95643586e+04	-1.88767363e+10	7.56277766e-01
5.60000000e+00	4.70830766e+00	-2.32961183e+06	-9.06725563e+04	1.00000000e-09	1.00000000e-09	1.00000000e-10	1.00000000e-10	0.00000000e+00	6.95289988e-01
5.70000000e+00	4.79238458e+00	-2.35280378e+06	-9.15752276e+04	1.00000000e-09	1.00000000e-09	1.00000000e-10	1.00000000e-10	0.00000000e+00	6.39220665e-01
5.80000000e+00	4.87646150e+00	-2.37599573e+06	-9.24778988e+04	1.00000000e-09	1.04754668e+05	1.00000000e-10	1.04754668e+04	-1.01072889e+10	5.87673079e-01
5.90000000e+00	4.96053843e+00	-2.39773464e+06	-9.33240151e+04	1.00000000e-09	2.17317941e+05	1.00000000e-10	2.17317941e+04	-2.09679937e+10	5.40282524e-01
6.00000000e+00	5.04461535e+00	-2.41825971e+06	-9.41228864e+04	1.00000000e-09	1.00000000e-09	1.00000000e-10	1.00000000e-10	0.00000000e+00	4.96713722e-01
6.10000000e+00	5.12869227e+00	-2.43878477e+06	-9.49217577e+04	1.00000000e-09	1.00000000e-09	1.00000000e-10	1.00000000e-10	0.00000000e+00	4.56658442e-01
6.20000000e+00	5.21276919e+00	-2.45930983e+06	-9.57206290e+04	1.00000000e-09	7.17014583e+04	1.00000000e-10	7.17014583e+03	-6.91813902e+09	4.19833321e-01
6.30000000e+00	5.29684612e+00	-2.47848104e+06	-9.64668059e+04	1.00000000e-09	2.35759617e+05	1.00000000e-10	2.35759617e+04	-2.27473450e+10	3.85977854e-01
6.40000000e+00	5.38092304e+00	-2.49637169e+06	-9.71631409e+04	1.00000000e-09	1.00000000e-09	1.00000000e-10	1.00000000e-10	0.00000000e+00	3.54852548e-01
6.50000000e+00	5.46499996e+00	-2.51426233e+06	-9.78594759e+04	1.00000000e-09	1.00000000e-09	1.00000000e-10	1.00000000e-10	0.00000000e+00	3.26237227e-01
6.60000000e+00	5.54907688e+00	-2.53215297e+06	-9.85558109e+04	1.00000000e-09	2.80666036e+04	1.00000000e-10	2.80666036e+03	-2.70801557e+09	2.99929475e-01
6.70000000e+00	5.63315381e+00	-2.54879596e+06	-9.92035853e+04	1.00000000e-09	2.46317156e+05	1.00000000e-10	2.46317156e+04	-2.37659926e+10	2.75743201e-01
6.80000000e+00	5.71723073e+00	-2.56409879e+06	-9.97991980e+04	1.00000000e-09	1.00000000e-09	1.00000000e-10	1.00000000e-10	0.00000000e+00	2.53507323e-01
6.90000000e+00	5.80130765e+00	-2.57940162e+06	-1.00394811e+05	1.00000000e-09	1.00000000e-09	1.00000000e-10	1.00000000e-10	0.00000000e+00	2.33064554e-01
7.00000000e+00	5.88538457e+00	-2.59470444e+06	-1.00990423e+05	1.00000000e-09	1.00000000e-09	1.00000000e-10	1.00000000e-10	0.00000000e+00	2.14270296e-01
7.10000000e+00	5.96946150e+00	-2.60887297e+06	-1.01541887e+05	1.00000000e-09	2.40873936e+05	1.00000000e-10	2.40873936e+04	-2.32408017e+10	1.96991610e-01
7.20000000e+00	6.05353842e+00	-2.62165075e+06	-1.02039221e+05	1.00000000e-09	4.84660727e+04	1.00000000e-10	4.84660727e+03	-4.67626512e+09	1.81106277e-01
7.30000000e+00	6.13761534e+00	-2.63442854e+06	-1.02536554e+05	1.00000000e-09	1.00000000e-09	1.00000000e-10	1.00000000e-10	0.00000000e+00	1.66501937e-01
7.40000000e+00	6.22169226e+00	-2.64720632e+06	-1.03033888e+05	1.00000000e-09	1.00000000e-09	1.00000000e-10	1.00000000e-10	0.00000000e+00	1.53075289e-01
7.50000000e+00	6.30576919e+00	-2.65896942e+06	-1.03491728e+05	1.00000000e-09	2.05924120e+05	1.00000000e-10	2.05924120e+04	-1.98686571e+10	1.40731363e-01
7.60000000e+00	6.38984611e+00	-2.66930274e+06	-1.03893919e+05	1.00000000e-09	1.20128983e+05	1.00000000e-10	1.20128983e+04	-1.15906848e+10	1.29382849e-01
7.70000000e+00	6.47392303e+00	-2.67963606e+06	-1.04296110e+05	1.00000000e-09	1.00000000e-09	1.00000000e-10	1.00000000e-10	0.00000000e+00	1.18949475e-01
7.80000000e+00	6.55799995e+00	-2.68996938e+06	-1.04698301e+05	1.00000000e-09	1.00000000e-09	1.00000000e-10	1.00000000e-10	0.00000000e+00	1.09357445e-01
7.90000000e+00	6.64207688e+00	-2.69941225e+06	-1.05065834e+05	1.00000000e-09	1.21382022e+05	1.00000000e-10	1.21382022e+04	-1.17115847e+10	1.00538914e-01
8.00000000e+00	6.72615380e+00	-2.70740121e+06	-1.05376778e+05	1.00000000e-09	1.81278331e+05	1.00000000e-10	1.81278331e+04	-1.74907000e+10	9.24315047e-02
8.10000000e+00	6.81023072e+00	-2.71539017e+06	-1.05687722e+05	1.00000000e-09	1.00000000e-09	1.00000000e-10	1.00000000e-10	0.00000000e+00	8.49778740e-02
8.20000000e+00	6.89430764e+00	-2.72337913e+06	-1.05998667e+05	1.00000000e-09	1.00000000e-09	1.00000000e-10	1.00000000e-10	0.00000000e+00	7.81253008e-02
8.30000000e+00	6.97838457e+00	-2.73060332e+06	-1.06279845e+05	1.00000000e-09	1.00000000e-09	1.00000000e-10	1.00000000e-10	0.00000000e+00	7.18253161e-02
8.40000000e+00	7.06246149e+00	-2.73636909e+06	-1.06504259e+05	1.00000000e-09	1.66781019e+05	1.00000000e-10	1.66781019e+04	-1.60919220e+10	6.60333593e-02
8.50000000e+00	7.14653841e+00	-2.74213485e+06	-1.06728672e+05	1.00000000e-09	1.06195280e+05	1.00000000e-10	1.06195280e+04	-1.02462869e+10	6.07084632e-02
8.60000000e+00	7.23061533e+00	-2.74790062e+06	-1.06953086e+05	1.00000000e-09	1.00000000e-09	1.00000000e-10	1.00000000e-10	0.00000000e+00	5.58129641e-02
8.70000000e+00	7.31469226e+00	-2.75302239e+06	-1.07152434e+05	1.00000000e-09	1.00000000e-09	1.00000000e-10	1.00000000e-10	0.00000000e+00	5.13122357e-02
8.80000000e+00	7.39876918e+00	-2.75670730e+06	-1.07295857e+05	1.00000000e-09	1.00000000e-09	1.00000000e-10	1.00000000e-10	0.00000000e+00	4.71744438e-02
8.90000000e+00	7.48284610e+00	-2.76039222e+06	-1.07439281e+05	1.00000000e-09	1.49353946e+05	1.00000000e-10	1.49353946e+04	-1.44104651e+10	4.33703214e-02
9.00000000e+00	7.56692302e+00	-2.76407714e+06	-1.07582704e+05	1.00000000e-09	1.98355323e+05	1.00000000e-10	1.98355323e+04	-1.91383792e+10	3.98729614e-02
9.10000000e+00	7.65099995e+00	-2.76722026e+06	-1.07705040e+05	1.00000000e-09	1.00000000e-09	1.00000000e-10	1.00000000e-10	0.00000000e+00	3.66576268e-02
9.20000000e+00	7.73507687e+00	-2.76898240e+06	-1.07773626e+05	1.00000000e-09	1.00000000e-09	1.00000000e-10	1.00000000e-10	0.00000000e+00	3.37015752e-02
9.30000000e+00	7.81915379e+00	-2.77074454e+06	-1.07842211e+05	1.00000000e-09	1.00000000e-09	1.00000000e-10	1.00000000e-10	0.00000000e+00	3.09838980e-02
9.40000000e+00	7.90323071e+00	-2.77250668e+06	-1.07910796e+05	1.00000000e-09	1.00000000e-09	1.00000000e-10	1.00000000e-10	0.00000000e+00	2.84853728e-02
9.50000000e+00	7.98730764e+00	-2.77377795e+06	-1.07960277e+05	6.11853893e-04	1.00000000e-09	6.11853893e-05	1.00000000e-10	5.90348296e+01	2.61883275e-02
9.60000000e+00	8.07138456e+00	-2.77376312e+06	-1.07959699e+05	6.98315695e-02	1.00000000e-09	6.98315695e-03	1.00000000e-10	6.73772208e+03	2.40765146e-02
9.70000000e+00	8.15546148e+00	-2.77374829e+06	-1.07959122e+05	5.38336508e+00	3.62559194e+02	5.38336508e-01	3.62559194e+01	-3.44622284e+07	2.21349973e-02
9.80000000e+00	8.23953840e+00	-2.77373346e+06	-1.07958545e+05	4.14984763e+02	5.16603252e+04	4.14984763e+01	5.16603252e+03	-4.94442369e+09	2.03500429e-02
9.90000000e+00	8.32361533e+00	-2.77313388e+06	-1.07935208e+05	1.79107825e+03	6.75646577e+04	1.79107825e+02	6.75646577e+03	-6.34618566e+09	1.87090262e-02
1.00000000e+01	8.40769225e+00	-2.77135205e+06	-1.07865856e+05	2.44295585e+03	1.00000000e-09	2.44295585e+02	1.00000000e-10	2.35709407e+08	1.72003403e-02
1.01000000e+01	8.49176917e+00	-2.76957022e+06	-1.07796505e+05	1.73147726e+03	1.00000000e-09	1.73147726e+02	1.00000000e-10	1.67062159e+08	1.58133140e-02
1.02000000e+01	8.57584609e+00	-2.76778840e+06	-1.07727153e+05	5.37019424e+01	4.32163448e+04	5.37019424e+00	4.32163448e+03	-4.16456193e+09	1.45381368e-02
1.03000000e+01	8.65992302e+00	-2.76490090e+06	-1.07614766e+05	1.00000000e-09	7.05606505e+04	1.00000000e-10	7.05606505e+03	-6.80806780e+09	1.33657892e-02
1.04000000e+01	8.74399994e+00	-2.75925466e+06	-1.07395005e+05	1.00000000e-09	1.00000000e-09	1.00000000e-10	1.00000000e-10	0.00000000e+00	1.22879791e-02
1.05000000e+01	8.82807686e+00	-2.75362497e+06	-1.07175888e+05	1.00000000e-09	1.00000000e-09	1.00000000e-10	1.00000000e-10	0.00000000e+00	1.12970830e-02
1.06000000e+01	8.91215378e+00	-2.74799973e+06	-1.06956943e+05	6.61556814e+02	1.38606310e+04	6.61556814e+01	1.38606310e+03	-1.27351706e+09	1.03860923e-02
1.07000000e+01	8.99623071e+00	-2.74166258e+06	-1.06710291e+05	5.06144436e+02	1.42077140e+04	5.06144436e+01	1.42077140e+03	-1.32200049e+09	9.54856333e-03
1.08000000e+01	9.08030763e+00	-2.73451948e+06	-1.06432269e+05	1.00000000e-09	1.00000000e-09	1.00000000e-10	1.00000000e-10	0.00000000e+00	8.77857228e-03
1.09000000e+01	9.16438455e+00	-2.72738089e+06	-1.06154422e+05	1.00000000e-09	1.00000000e-09	1.00000000e-10	1.00000000e-10	0.00000000e+00	8.07067289e-03
1.10000000e+01	9.24846147e+00	-2.72025062e+06	-1.05876899e+05	1.00000000e-09	1.37624539e+03	1.00000000e-10	1.37624539e+02	-1.32787493e+08	7.41985814e-03
1.11000000e+01	9.33253840e+00	-2.71303808e+06	-1.05596175e+05	7.41152168e+02	6.95214501e+02	7.41152168e+01	6.95214501e+01	4.43231107e+06	6.82152474e-03
1.12000000e+01	9.41661532e+00	-2.70578368e+06	-1.05313821e+05	4.85594260e+02	2.08891935e+02	4.85594260e+01	2.08891935e+01	2.66977157e+07	6.27144062e-03
1.13000000e+01	9.50069224e+00	-2.69851791e+06	-1.05031025e+05	1.00000000e-09	9.51742871e+01	1.00000000e-10	9.51742871e+00	-9.18292270e+06	5.76571500e-03
1.14000000e+01	9.58476916e+00	-2.69125429e+06	-1.04748312e+05	1.00000000e-09	3.87920004e+01	1.00000000e-10	3.87920004e+00	-3.74285904e+06	5.30077082e-03
1.15000000e+01	9.66884609e+00	-2.68398832e+06	-1.04465508e+05	2.58754067e+02	1.00000000e-09	2.58754067e+01	1.00000000e-10	2.49659721e+07	4.87331949e-03
1.16000000e+01	9.75292301e+00	-2.67672235e+06	-1.04182704e+05	1.10308173e+03	1.00000000e-09	1.10308173e+02	1.00000000e-10	1.06431207e+08	4.48033760e-03
1.17000000e+01	9.83699993e+00	-2.66945639e+06	-1.03899899e+05	1.31297420e+02	4.56880088e+00	1.31297420e+01	4.56880088e-01	1.22274529e+07	4.11904557e-03
1.18000000e+01	9.92107685e+00	-2.66219740e+06	-1.03617367e+05	1.00000000e-09	2.11102293e+01	1.00000000e-10	2.11102293e+00	-2.03682749e+06	3.78688794e-03
1.19000000e+01	1.00051538e+01	-2.65493922e+06	-1.03334866e+05	1.00000000e-09	9.16132320e-01	1.00000000e-10	9.16132320e-02	-8.83933311e+04	3.48151531e-03
1.20000000e+01	1.00892307e+01	-2.64768098e+06	-1.03052363e+05	1.09751014e+03	1.00000000e-09	1.09751014e+02	1.00000000e-10	1.05893630e+08	3.20076778e-03
1.21000000e+01	1.01733076e+01	-2.64042275e+06	-1.02769859e+05	1.07530469e+03	1.00000000e-09	1.07530469e+02	1.00000000e-10	1.03751130e+08	2.94265957e-03
1.22000000e+01	1.02573845e+01	-2.63317041e+06	-1.02487586e+05	1.00000000e-09	1.31267766e+01	1.00000000e-10	1.31267766e+00	-1.26654140e+06	2.70536508e-03
1.23000000e+01	1.03414615e+01	-2.62592118e+06	-1.02205433e+05	1.00000000e-09	6.54656136e+00	1.00000000e-10	6.54656136e-01	-6.31647147e+05	2.48720588e-03
1.24000000e+01	1.04255384e+01	-2.61867155e+06	-1.01923265e+05	3.93665322e+02	1.00000000e-09	3.93665322e+01	1.00000000e-10	3.79829294e+07	2.28663893e-03
1.25000000e+01	1.05096153e+01	-2.61142193e+06	-1.01641097e+05	1.70307839e+03	1.00000000e-09	1.70307839e+02	1.00000000e-10	1.64322084e+08	2.10224558e-03
1.26000000e+01	1.05936922e+01	-2.60417631e+06	-1.01359085e+05	5.31467941e+01	1.00000000e-09	5.31467941e+00	1.00000000e-10	5.12788608e+06	1.93272162e-03
1.27000000e+01	1.06777692e+01	-2.59693575e+06	-1.01077270e+05	1.00000000e-09	1.00000000e-09	1.00000000e-10	1.00000000e-10	0.00000000e+00	1.77686798e-03
1.28000000e+01	1.07618461e+01	-2.58969518e+06	-1.00795454e+05	1.00000000e-09	2.99263323e+00	1.00000000e-10	2.99263323e-01	-2.88745211e+05	1.63358230e-03
1.29000000e+01	1.08459230e+01	-2.58245443e+06	-1.00513631e+05	1.62651344e+03	6.37110156e+00	1.62651344e+02	6.37110156e-01	1.56319971e+08	1.50185109e-03
1.30000000e+01	1.09299999e+01	-2.57521514e+06	-1.00231866e+05	1.22653049e+03	2.33354435e+00	1.22653049e+02	2.33354435e-01	1.18117049e+08	1.38074262e-03
1.31000000e+01	1.10140768e+01	-2.56798112e+06	-9.99503049e+04	1.00000000e-09	1.00000000e-09	1.00000000e-10	1.00000000e-10	0.00000000e+00	1.26940027e-03
1.32000000e+01	1.10981538e+01	-2.56074710e+06	-9.96687442e+04	1.00000000e-09	1.00000000e-09	1.00000000e-10	1.00000000e-10	0.00000000e+00	1.16703651e-03
1.33000000e+01	1.11822307e+01	-2.55351308e+06	-9.93871835e+04	7.90979079e+02	1.21244079e+00	7.90979079e+01	1.21244079e-01	7.62008963e+07	1.07292731e-03
1.34000000e+01	1.12663076e+01	-2.54627898e+06	-9.91056199e+04	2.00596374e+03	1.27258579e+00	2.00596374e+02	1.27258579e-01	1.93423292e+08	9.86407027e-04
1.35000000e+01	1.13503845e+01	-2.53904978e+06	-9.88242468e+04	1.00000000e-09	1.00000000e-09	1.00000000e-10	1.00000000e-10	0.00000000e+00	9.06863691e-04
1.36000000e+01	1.14344615e+01	-2.53182180e+06	-9.85429211e+04	1.00000000e-09	1.00000000e-09	1.00000000e-10	1.00000000e-10	0.00000000e+00	8.33734687e-04
1.37000000e+01	1.15185384e+01	-2.52459382e+06	-9.82615955e+04	1.00000000e-09	3.27557144e-01	1.00000000e-10	3.27557144e-02	-3.16044597e+04	7.66502767e-04
1.38000000e+01	1.16026153e+01	-2.51736581e+06	-9.79802690e+04	1.97634461e+03	9.35579223e-01	1.97634461e+02	9.35579223e-02	1.90597996e+08	7.04692393e-04
1.39000000e+01	1.16866922e+01	-2.51014157e+06	-9.76990888e+04	1.04521688e+03	1.00000000e-09	1.04521688e+02	1.00000000e-10	1.00848098e+08	6.47866374e-04
1.40000000e+01	1.17707691e+01	-2.50292024e+06	-9.74180219e+04	1.00000000e-09	1.00000000e-09	1.00000000e-10	1.00000000e-10	0.00000000e+00	5.95622776e-04
1.41000000e+01	1.18548461e+01	-2.49569890e+06	-9.71369551e+04	1.00000000e-09	1.00000000e-09	1.00000000e-10	1.00000000e-10	0.00000000e+00	5.47592073e-04
1.42000000e+01	1.19389230e+01	-2.48847757e+06	-9.68558882e+04	1.12985405e+03	7.62758160e-01	1.12985405e+02	7.62758160e-02	1.08940748e+08	5.03434541e-04
1.43000000e+01	1.20229999e+01	-2.48125830e+06	-9.65749018e+04	1.97679240e+03	3.25562584e-01	1.97679240e+02	3.25562584e-02	1.90700059e+08	4.62837848e-04
1.44000000e+01	1.21070768e+01	-2.47404301e+06	-9.62940698e+04	1.00000000e-09	1.00000000e-09	1.00000000e-10	1.00000000e-10	0.00000000e+00	4.25514851e-04
1.45000000e+01	1.21911538e+01	-2.46682771e+06	-9.60132379e+04	1.00000000e-09	1.00000000e-09	1.00000000e-10	1.00000000e-10	0.00000000e+00	3.91201561e-04
1.46000000e+01	1.22752307e+01	-2.45961242e+06	-9.57324060e+04	1.00000000e-09	3.00147744e-01	1.00000000e-10	3.00147744e-02	-2.89598547e+04	3.59655276e-04
1.47000000e+01	1.23593076e+01	-2.45239720e+06	-9.54515773e+04	2.11112995e+03	2.05482869e-02	2.11112995e+02	2.05482869e-03	2.03691092e+08	3.30652866e-04
1.48000000e+01	1.24433845e+01	-2.44518631e+06	-9.51709168e+04	7.77461596e+02	1.00000000e-09	7.77461596e+01	1.00000000e-10	7.50136403e+07	3.03989196e-04
1.49000000e+01	1.25274615e+01	-2.43797608e+06	-9.48902822e+04	1.00000000e-09	1.00000000e-09	1.00000000e-10	1.00000000e-10	0.00000000e+00	2.79475669e-04
1.50000000e+01	1.26115384e+01	-2.43076585e+06	-9.46096475e+04	1.00000000e-09	1.00000000e-09	1.00000000e-10	1.00000000e-10	0.00000000e+00	2.56938901e-04
1.51000000e+01	1.26956153e+01	-2.42355563e+06	-9.43290129e+04	1.34709338e+03	1.53914204e-03	1.34709338e+02	1.53914204e-04	1.29974603e+08	2.36219485e-04
1.52000000e+01	1.27796922e+01	-2.41634928e+06	-9.40485294e+04	1.76901729e+03	9.13400091e-03	1.76901729e+02	9.13400091e-04	1.70683340e+08	2.17170872e-04
1.53000000e+01	1.28637691e+01	-2.40914557e+06	-9.37681484e+04	1.00000000e-09	6.07461862e-03	1.00000000e-10	6.07461862e-04	-5.86111498e+02	1.99658328e-04
1.54000000e+01	1.29478461e+01	-2.40194186e+06	-9.34877673e+04	1.00000000e-09	1.73846121e-03	1.00000000e-10	1.73846121e-04	-1.67735911e+02	1.83557987e-04
1.55000000e+01	1.30319230e+01	-2.39473815e+06	-9.32073863e+04	8.48822500e+01	9.43216741e-06	8.48822500e+00	9.43216741e-07	8.18989117e+06	1.68755969e-04
1.56000000e+01	1.31159999e+01	-2.38753716e+06	-9.29271113e+04	1.98559978e+03	1.85741674e-06	1.98559978e+02	1.85741674e-07	1.91581254e+08	1.55147578e-04
1.57000000e+01	1.32000768e+01	-2.38034042e+06	-9.26470017e+04	4.56783141e+02	3.10648102e-04	4.56783141e+01	3.10648102e-05	4.40728431e+07	1.42636560e-04
1.58000000e+01	1.32841538e+01	-2.37314368e+06	-9.23668922e+04	1.00000000e-09	1.47727885e-04	1.00000000e-10	1.47727885e-05	-1.42534776e+01	1.31134424e-04
1.59000000e+01	1.33682307e+01	-2.36594695e+06	-9.20867826e+04	1.00000000e-09	1.00000000e-09	1.00000000e-10	1.00000000e-10	0.00000000e+00	1.20559814e-04
1.60000000e+01	1.34523076e+01	-2.35875122e+06	-9.18067122e+04	1.38777552e+03	1.00000000e-09	1.38777552e+02	1.00000000e-10	1.33899982e+08	1.10837935e-04
1.61000000e+01	1.35363845e+01	-2.35156079e+06	-9.15268484e+04	1.39535725e+03	1.28459196e-04	1.39535725e+02	1.28459196e-05	1.34631496e+08	1.01900023e-04
1.62000000e+01	1.36204614e+01	-2.34437037e+06	-9.12469845e+04	1.00000000e-09	9.59062393e-05	1.00000000e-10	9.59062393e-06	-9.25344887e+00	9.36828597e-05
1.63000000e+01	1.37045384e+01	-2.33717995e+06	-9.09671207e+04	1.00000000e-09	1.00000000e-09	1.00000000e-10	1.00000000e-10	0.00000000e+00	8.61283240e-05
1.64000000e+01	1.37886153e+01	-2.32998952e+06	-9.06872568e+04	2.77079298e+02	1.00000000e-09	2.77079298e+01	1.00000000e-10	2.67340881e+07	7.91829819e-05
1.65000000e+01	1.38726922e+01	-2.32280475e+06	-9.04076131e+04	1.59076358e+03	7.14433195e-05	1.59076358e+02	7.14433195e-06	1.53485345e+08	7.27977085e-05
1.66000000e+01	1.39567691e+01	-2.31562204e+06	-9.01280494e+04	2.10931096e+02	7.39144227e-05	2.10931096e+01	7.39144227e-06	2.03517497e+07	6.69273402e-05
1.67000000e+01	1.40408461e+01	-2.30843933e+06	-8.98484856e+04	1.00000000e-09	1.00000000e-09	1.00000000e-10	1.00000000e-10	0.00000000e+00	6.15303552e-05
1.68000000e+01	1.41249230e+01	-2.30125661e+06	-8.95689219e+04	1.00000000e-09	1.00000000e-09	1.00000000e-10	1.00000000e-10	0.00000000e+00	5.65685802e-05
1.69000000e+01	1.42089999e+01	-2.29407915e+06	-8.92895627e+04	1.03977857e+03	4.32912055e-05	1.03977857e+02	4.32912055e-06	1.00323377e+08	5.20069201e-05
1.70000000e+01	1.42930768e+01	-2.28690583e+06	-8.90103645e+04	9.62625921e+02	6.12582733e-05	9.62625921e+01	6.12582733e-06	9.28792758e+07	4.78131098e-05
1.71000000e+01	1.43771537e+01	-2.27973251e+06	-8.87311663e+04	1.00000000e-09	1.00000000e-09	1.00000000e-10	1.00000000e-10	0.00000000e+00	4.39574862e-05
1.72000000e+01	1.44612307e+01	-2.27255919e+06	-8.84519681e+04	1.00000000e-09	1.00000000e-09	1.00000000e-10	1.00000000e-10	0.00000000e+00	4.04127779e-05
1.73000000e+01	1.45453076e+01	-2.26539001e+06	-8.81729310e+04	9.78571930e+01	2.62172933e-05	9.78571930e+00	2.62172933e-06	9.44178124e+06	3.71539131e-05
1.74000000e+01	1.46293845e+01	-2.25822675e+06	-8.78941247e+04	1.01342658e+03	5.24618160e-05	1.01342658e+02	5.24618160e-06	9.77807955e+07	3.41578414e-05
1.75000000e+01	1.47134614e+01	-2.25106350e+06	-8.76153184e+04	2.65630524e+02	1.00000000e-09	2.65630524e+01	1.00000000e-10	2.56294493e+07	3.14033713e-05
1.76000000e+01	1.47975384e+01	-2.24390025e+06	-8.73365122e+04	1.00000000e-09	1.00000000e-09	1.00000000e-10	1.00000000e-10	0.00000000e+00	2.88710202e-05
1.77000000e+01	1.48816153e+01	-2.23673943e+06	-8.70578007e+04	1.00000000e-09	1.46064693e-05	1.00000000e-10	1.46064693e-06	-1.40921355e+00	2.65428765e-05
1.78000000e+01	1.49656922e+01	-2.22958584e+06	-8.67793703e+04	3.85104507e+02	4.52845791e-05	3.85104507e+01	4.52845791e-06	3.71569319e+07	2.44024731e-05
1.79000000e+01	1.50497691e+01	-2.22243224e+06	-8.65009399e+04	8.29690496e+02	1.00000000e-09	8.29690496e+01	1.00000000e-10	8.00529630e+07	2.24346707e-05
1.80000000e+01	1.51338460e+01	-2.21527865e+06	-8.62225096e+04	1.00000000e-09	1.00000000e-09	1.00000000e-10	1.00000000e-10	0.00000000e+00	2.06255509e-05
1.81000000e+01	1.52179230e+01	-2.20812539e+06	-8.59440922e+04	1.00000000e-09	6.30105659e-06	1.00000000e-10	6.30105659e-07	-6.07863052e-01	1.89623175e-05
1.82000000e+01	1.53019999e+01	-2.20097999e+06	-8.56659809e+04	1.00000000e-09	3.84522749e-05	1.00000000e-10	3.84522749e-06	-3.70998403e+00	1.74332063e-05
1.83000000e+01	1.53860768e+01	-2.19383509e+06	-8.53878888e+04	6.61084510e+02	1.00000000e-09	6.61084510e+01	1.00000000e-10	6.37849585e+07	1.60274019e-05
1.84000000e+01	1.54701537e+01	-2.18669019e+06	-8.51097967e+04	7.76223862e+02	1.00000000e-09	7.76223862e+01	1.00000000e-10	7.48942171e+07	1.47349607e-05
1.85000000e+01	1.55542307e+01	-2.17954528e+06	-8.48317046e+04	1.00000000e-09	7.04235650e-07	1.00000000e-10	7.04235650e-08	-6.78519252e-02	1.35467414e-05
1.86000000e+01	1.56383076e+01	-2.17240816e+06	-8.45539155e+04	1.00000000e-09	3.09894557e-05	1.00000000e-10	3.09894557e-06	-2.98993144e+00	1.24543394e-05
1.87000000e+01	1.57223845e+01	-2.16527380e+06	-8.42762335e+04	1.00000000e-09	1.00000000e-09	1.00000000e-10	1.00000000e-10	0.00000000e+00	1.14500281e-05
1.88000000e+01	1.58064614e+01	-2.15813943e+06	-8.39985514e+04	1.16277998e+03	1.00000000e-09	1.16277998e+02	1.00000000e-10	1.12191213e+08	1.05267039e-05
1.89000000e+01	1.58905384e+01	-2.15100506e+06	-8.37208694e+04	5.86269827e+02	1.00000000e-09	5.86269827e+01	1.00000000e-10	5.65664390e+07	9.67783615e-06
1.90000000e+01	1.59746153e+01	-2.14387769e+06	-8.34434598e+04	1.00000000e-09	2.22736576e-05	1.00000000e-10	2.22736576e-06	-2.14898477e+00	8.89742061e-06
1.91000000e+01	1.60586922e+01	-2.13675515e+06	-8.31662378e+04	1.00000000e-09	1.00000000e-09	1.00000000e-10	1.00000000e-10	0.00000000e+00	8.17993736e-06
1.92000000e+01	1.61427691e+01	-2.12963260e+06	-8.28890159e+04	7.89521748e+02	1.00000000e-09	7.89521748e+01	1.00000000e-10	7.61772681e+07	7.52031158e-06
1.93000000e+01	1.62268460e+01	-2.12251005e+06	-8.26117940e+04	1.50687616e+03	4.09748747e-06	1.50687616e+02	4.09748747e-07	1.45391447e+08	6.91387767e-06
1.94000000e+01	1.63109230e+01	-2.11539311e+06	-8.23347901e+04	1.00000000e-09	1.70138725e-05	1.00000000e-10	1.70138725e-06	-1.64149265e+00	6.35634627e-06
1.95000000e+01	1.63949999e+01	-2.10828266e+06	-8.20580392e+04	1.00000000e-09	1.00000000e-09	1.00000000e-10	1.00000000e-10	0.00000000e+00	5.84377390e-06
1.96000000e+01	1.64790768e+01	-2.10117222e+06	-8.17812883e+04	1.00000000e-09	1.00000000e-09	1.00000000e-10	1.00000000e-10	0.00000000e+00	5.37253509e-06
1.97000000e+01	1.65631537e+01	-2.09406178e+06	-8.15045374e+04	1.85291167e+03	1.00000000e-09	1.85291167e+02	1.00000000e-10	1.78778798e+08	4.93929673e-06
1.98000000e+01	1.66472307e+01	-2.08695509e+06	-8.12279327e+04	7.51218910e+02	3.82736069e-05	7.51218910e+01	3.82736069e-06	7.24816024e+07	4.54099448e-06
1.99000000e+01	1.67313076e+01	-2.07985603e+06	-8.09516251e+04	1.00000000e-09	1.00000000e-09	1.00000000e-10	1.00000000e-10	0.00000000e+00	4.17481111e-06
2.00000000e+01	1.68153845e+01	-2.07275698e+06	-8.06753174e+04	1.00000000e-09	1.00000000e-09	1.00000000e-10	1.00000000e-10	0.00000000e+00	3.83815657e-06
2.01000000e+01	1.68994614e+01	-2.06565792e+06	-8.03990097e+04	1.36808890e+03	2.88718222e-06	1.36808890e+02	2.88718222e-07	1.32000511e+08	3.52864967e-06
2.02000000e+01	1.69835383e+01	-2.05856053e+06	-8.01227669e+04	1.86341207e+03	2.28544635e-05	1.86341207e+02	2.28544635e-06	1.79791930e+08	3.24410125e-06
2.03000000e+01	1.70676153e+01	-2.05147128e+06	-7.98468409e+04	1.00000000e-09	1.00000000e-09	1.00000000e-10	1.00000000e-10	0.00000000e+00	2.98249865e-06
2.04000000e+01	1.71516922e+01	-2.04438202e+06	-7.95709148e+04	1.00000000e-09	1.00000000e-09	1.00000000e-10	1.00000000e-10	0.00000000e+00	2.74199155e-06
2.05000000e+01	1.72357691e+01	-2.03729277e+06	-7.92949888e+04	2.09974643e+02	1.00000000e-09	2.09974643e+01	1.00000000e-10	2.02594732e+07	2.52087882e-06
2.06000000e+01	1.73198460e+01	-2.03020352e+06	-7.90190627e+04	2.30887292e+03	1.43290363e-05	2.30887292e+02	1.43290363e-06	2.22772369e+08	2.31759650e-06
2.07000000e+01	1.74039230e+01	-2.02312229e+06	-7.87434487e+04	3.07255393e+02	4.29269444e-06	3.07255393e+01	4.29269444e-07	2.96456382e+07	2.13070675e-06
2.08000000e+01	1.74879999e+01	-2.01604206e+06	-7.84678741e+04	1.00000000e-09	1.00000000e-09	1.00000000e-10	1.00000000e-10	0.00000000e+00	1.95888770e-06
2.09000000e+01	1.75720768e+01	-2.00896184e+06	-7.81922995e+04	1.00000000e-09	1.00000000e-09	1.00000000e-10	1.00000000e-10	0.00000000e+00	1.80092404e-06
2.10000000e+01	1.76561537e+01	-2.00188162e+06	-7.79167249e+04	1.83201602e+03	1.00000000e-09	1.83201602e+02	1.00000000e-10	1.76762674e+08	1.65569849e-06
2.11000000e+01	1.77402306e+01	-1.99480872e+06	-7.76414352e+04	1.49335850e+03	1.97899427e-05	1.49335850e+02	1.97899427e-06	1.44087189e+08	1.52218384e-06
2.12000000e+01	1.78243076e+01	-1.98773861e+06	-7.73662542e+04	1.00000000e-09	5.53757106e-06	1.00000000e-10	5.53757106e-07	-5.34197898e-01	1.39943575e-06
2.13000000e+01	1.79083845e+01	-1.98066850e+06	-7.70910733e+04	1.00000000e-09	4.87893839e-07	1.00000000e-10	4.87893839e-08	-4.69781137e-02	1.28658600e-06
2.14000000e+01	1.79924614e+01	-1.97359839e+06	-7.68158924e+04	6.74109243e+02	1.00000000e-09	6.74109243e+01	1.00000000e-10	6.50416542e+07	1.18283639e-06
2.15000000e+01	1.80765383e+01	-1.96653439e+06	-7.65409492e+04	2.00504718e+03	1.00000000e-09	2.00504718e+02	1.00000000e-10	1.93457643e+08	1.08745310e-06
2.16000000e+01	1.81606153e+01	-1.95947456e+06	-7.62661682e+04	1.00000000e-09	5.32826075e-07	1.00000000e-10	5.32826075e-08	-5.13134155e-02	9.99761460e-07
2.17000000e+01	1.82446922e+01	-1.95241473e+06	-7.59913873e+04	1.00000000e-09	3.87095528e-07	1.00000000e-10	3.87095528e-08	-3.72525552e-02	9.19141229e-07
2.18000000e+01	1.83287691e+01	-1.94535490e+06	-7.57166063e+04	1.00000000e-09	1.00000000e-09	1.00000000e-10	1.00000000e-10	0.00000000e+00	8.45022171e-07
2.19000000e+01	1.84128460e+01	-1.93829963e+06	-7.54420028e+04	1.63373082e+03	1.00000000e-09	1.63373082e+02	1.00000000e-10	1.57631061e+08	7.76880034e-07
2.20000000e+01	1.84969229e+01	-1.93124940e+06	-7.51675958e+04	1.02598799e+03	4.20814118e-08	1.02598799e+02	4.20814118e-09	9.89927918e+07	7.14232843e-07
2.21000000e+01	1.85809999e+01	-1.92419918e+06	-7.48931888e+04	1.00000000e-09	4.12872830e-07	1.00000000e-10	4.12872830e-08	-3.97396868e-02	6.56637488e-07
2.22000000e+01	1.86650768e+01	-1.91714895e+06	-7.46187818e+04	1.00000000e-09	2.69617089e-07	1.00000000e-10	2.69617089e-08	-2.59176091e-02	6.03686592e-07
2.23000000e+01	1.87491537e+01	-1.91010163e+06	-7.43444875e+04	6.02601038e+02	6.05365337e-08	6.02601038e+01	6.05365337e-09	5.81421612e+07	5.55005627e-07
2.24000000e+01	1.88332306e+01	-1.90305971e+06	-7.40704039e+04	1.48872085e+03	1.63651649e-08	1.48872085e+02	1.63651649e-09	1.43639725e+08	5.10250270e-07
2.25000000e+01	1.89173076e+01	-1.89601780e+06	-7.37963202e+04	1.00000000e-09	7.94170593e-09	1.00000000e-10	7.94170593e-10	-6.69772802e-04	4.69103960e-07
2.26000000e+01	1.90013845e+01	-1.88897588e+06	-7.35222366e+04	1.00000000e-09	2.23377629e-09	1.00000000e-10	2.23377629e-10	-1.19041315e-04	4.31275667e-07
2.27000000e+01	1.90854614e+01	-1.88193526e+06	-7.32482033e+04	1.00000000e-09	1.00000000e-09	1.00000000e-10	1.00000000e-10	0.00000000e+00	3.96497828e-07
2.28000000e+01	1.91695383e+01	-1.87489993e+06	-7.29743760e+04	1.10020257e+03	1.00000000e-09	1.10020257e+02	1.00000000e-10	1.06153410e+08	3.64524455e-07
2.29000000e+01	1.92536153e+01	-1.86786460e+06	-7.27005486e+04	9.45538610e+02	1.74430260e-09	9.45538610e+01	1.74430260e-10	9.12306068e+07	3.35129397e-07
2.30000000e+01	1.93376922e+01	-1.86082927e+06	-7.24267213e+04	1.00000000e-09	1.34019822e-09	1.00000000e-10	1.34019822e-10	-3.28241384e-05	3.08104742e-07
2.31000000e+01	1.94217691e+01	-1.85379394e+06	-7.21528940e+04	1.00000000e-09	1.00000000e-09	1.00000000e-10	1.00000000e-10	0.00000000e+00	2.83259340e-07
2.32000000e+01	1.95058460e+01	-1.84676338e+06	-7.18792523e+04	1.17131494e+02	1.00000000e-09	1.17131494e+01	1.00000000e-10	1.13014711e+07	2.60417458e-07
2.33000000e+01	1.95899229e+01	-1.83973314e+06	-7.16056232e+04	1.25109522e+03	1.00000000e-09	1.25109522e+02	1.00000000e-10	1.20712337e+08	2.39417533e-07
2.34000000e+01	1.96739999e+01	-1.83270290e+06	-7.13319941e+04	3.40091542e+02	1.02362108e-09	3.40091542e+01	1.02362108e-10	3.28138454e+07	2.20111031e-07
2.35000000e+01	1.97580768e+01	-1.82567267e+06	-7.10583651e+04	1.00000000e-09	1.00000000e-09	1.00000000e-10	1.00000000e-10	0.00000000e+00	2.02361395e-07
2.36000000e+01	1.98421537e+01	-1.81864640e+06	-7.07848905e+04	1.00000000e-09	1.00000000e-09	1.00000000e-10	1.00000000e-10	0.00000000e+00	1.86043080e-07
2.37000000e+01	1.99262306e+01	-1.81162131e+06	-7.05114617e+04	7.46057822e+02	1.00000000e-09	7.46057822e+01	1.00000000e-10	7.19836368e+07	1.71040665e-07
2.38000000e+01	2.00103076e+01	-1.80459622e+06	-7.02380328e+04	1.18503335e+03	1.00000000e-09	1.18503335e+02	1.00000000e-10	1.14338337e+08	1.57248037e-07
2.39000000e+01	2.00943845e+01	-1.79757112e+06	-6.99646040e+04	1.00000000e-09	1.00000000e-09	1.00000000e-10	1.00000000e-10	0.00000000e+00	1.44567640e-07
2.40000000e+01	2.01784614e+01	-1.79054906e+06	-6.96912929e+04	1.00000000e-09	1.00000000e-09	1.00000000e-10	1.00000000e-10	0.00000000e+00	1.32909782e-07
2.41000000e+01	2.02625383e+01	-1.78352865e+06	-6.94180464e+04	1.00000000e-09	1.00000000e-09	1.00000000e-10	1.00000000e-10	0.00000000e+00	1.22192009e-07
2.42000000e+01	2.03466152e+01	-1.77650824e+06	-6.91447998e+04	1.32137412e+03	1.00000000e-09	1.32137412e+02	1.00000000e-10	1.27493220e+08	1.12338510e-07
2.43000000e+01	2.04306922e+01	-1.76948783e+06	-6.88715532e+04	7.58009298e+02	1.00000000e-09	7.58009298e+01	1.00000000e-10	7.31367789e+07	1.03279593e-07
2.44000000e+01	2.05147691e+01	-1.76246949e+06	-6.85983871e+04	1.00000000e-09	1.00000000e-09	1.00000000e-10	1.00000000e-10	0.00000000e+00	9.49511815e-08
2.45000000e+01	2.05988460e+01	-1.75545293e+06	-6.83252904e+04	1.00000000e-09	1.00000000e-09	1.00000000e-10	1.00000000e-10	0.00000000e+00	8.72943689e-08
2.46000000e+01	2.06829229e+01	-1.74843637e+06	-6.80521937e+04	6.72373210e+02	1.00000000e-09	6.72373210e+01	1.00000000e-10	6.48741524e+07	8.02549976e-08
2.47000000e+01	2.07669999e+01	-1.74141981e+06	-6.77790970e+04	1.48927017e+03	1.00000000e-09	1.48927017e+02	1.00000000e-10	1.43692726e+08	7.37832774e-08
2.48000000e+01	2.08510768e+01	-1.73440446e+06	-6.75060473e+04	1.00000000e-09	1.00000000e-09	1.00000000e-10	1.00000000e-10	0.00000000e+00	6.78334333e-08
2.49000000e+01	2.09351537e+01	-1.72739072e+06	-6.72330603e+04	1.00000000e-09	1.00000000e-09	1.00000000e-10	1.00000000e-10	0.00000000e+00	6.23633815e-08
2.50000000e+01	2.10192306e+01	-1.72037698e+06	-6.69600733e+04	1.00000000e-09	1.00000000e-09	1.00000000e-10	1.00000000e-10	0.00000000e+00	5.73344317e-08
2.51000000e+01	2.11033075e+01	-1.71336324e+06	-6.66870863e+04	1.46607797e+03	1.00000000e-09	1.46607797e+02	1.00000000e-10	1.41455020e+08	5.27110137e-08
2.52000000e+01	2.11873845e+01	-1.70635003e+06	-6.64141200e+04	9.32892636e+02	1.00000000e-09	9.32892636e+01	1.00000000e-10	9.00104559e+07	4.84604257e-08
2.53000000e+01	2.12714614e+01	-1.69933804e+06	-6.61412009e+04	1.00000000e-09	1.00000000e-09	1.00000000e-10	1.00000000e-10	0.00000000e+00	4.45526029e-08
2.54000000e+01	2.13555383e+01	-1.69232604e+06	-6.58682819e+04	1.00000000e-09	1.00000000e-09	1.00000000e-10	1.00000000e-10	0.00000000e+00	4.09599048e-08
2.55000000e+01	2.14396152e+01	-1.68531405e+06	-6.55953628e+04	6.74075575e+02	1.00000000e-09	6.74075575e+01	1.00000000e-10	6.50384057e+07	3.76569199e-08
2.56000000e+01	2.15236922e+01	-1.67830214e+06	-6.53224472e+04	1.60620907e+03	1.00000000e-09	1.60620907e+02	1.00000000e-10	1.54975616e+08	3.46202860e-08
2.57000000e+01	2.16077691e+01	-1.67129093e+06	-6.50495584e+04	1.00000000e-09	1.00000000e-09	1.00000000e-10	1.00000000e-10	0.00000000e+00	3.18285246e-08
2.58000000e+01	2.16918460e+01	-1.66427971e+06	-6.47766698e+04	1.00000000e-09	1.00000000e-09	1.00000000e-10	1.00000000e-10	0.00000000e+00	2.92618894e-08
2.59000000e+01	2.17759229e+01	-1.65726850e+06	-6.45037811e+04	1.00000000e-09	1.00000000e-09	1.00000000e-10	1.00000000e-10	0.00000000e+00	2.69022262e-08
2.60000000e+01	2.18599998e+01	-1.65025729e+06	-6.42308925e+04	1.46811104e+03	1.00000000e-09	1.46811104e+02	1.00000000e-10	1.41651181e+08	2.47328451e-08
2.61000000e+01	2.19440768e+01	-1.64324620e+06	-6.39580087e+04	1.02360847e+03	1.00000000e-09	1.02360847e+02	1.00000000e-10	9.87632036e+07	2.27384017e-08
2.62000000e+01	2.20281537e+01	-1.63623520e+06	-6.36851283e+04	1.00000000e-09	1.00000000e-09	1.00000000e-10	1.00000000e-10	0.00000000e+00	2.09047891e-08
2.63000000e+01	2.21122306e+01	-1.62922420e+06	-6.34122479e+04	1.00000000e-09	1.00000000e-09	1.00000000e-10	1.00000000e-10	0.00000000e+00	1.92190381e-08
2.64000000e+01	2.21963075e+01	-1.62221320e+06	-6.31393675e+04	5.74188656e+02	1.00000000e-09	5.74188656e+01	1.00000000e-10	5.54007832e+07	1.76692251e-08
2.65000000e+01	2.22803845e+01	-1.61520220e+06	-6.28664872e+04	1.63587354e+03	1.00000000e-09	1.63587354e+02	1.00000000e-10	1.57837802e+08	1.62443882e-08
2.66000000e+01	2.23644614e+01	-1.60819120e+06	-6.25936068e+04	2.52951109e+01	1.00000000e-09	2.52951109e+00	1.00000000e-10	2.44060718e+06	1.49344494e-08
2.67000000e+01	2.24485383e+01	-1.60118058e+06	-6.23207414e+04	1.00000000e-09	1.00000000e-09	1.00000000e-10	1.00000000e-10	0.00000000e+00	1.37301434e-08
2.68000000e+01	2.25326152e+01	-1.59417007e+06	-6.20478802e+04	1.00000000e-09	1.00000000e-09	1.00000000e-10	1.00000000e-10	0.00000000e+00	1.26229520e-08
2.69000000e+01	2.26166921e+01	-1.58715956e+06	-6.17750189e+04	1.41086279e+03	1.00000000e-09	1.41086279e+02	1.00000000e-10	1.36127565e+08	1.16050438e-08
2.70000000e+01	2.27007691e+01	-1.58014905e+06	-6.15021576e+04	1.14846484e+03	1.00000000e-09	1.14846484e+02	1.00000000e-10	1.10810011e+08	1.06692193e-08
2.71000000e+01	2.27848460e+01	-1.57313929e+06	-6.12293255e+04	1.00000000e-09	1.00000000e-09	1.00000000e-10	1.00000000e-10	0.00000000e+00	9.80885916e-09
2.72000000e+01	2.28689229e+01	-1.56612998e+06	-6.09565110e+04	1.00000000e-09	1.00000000e-09	1.00000000e-10	1.00000000e-10	0.00000000e+00	9.01787799e-09
2.73000000e+01	2.29529998e+01	-1.55912067e+06	-6.06836964e+04	4.55579004e+02	1.00000000e-09	4.55579004e+01	1.00000000e-10	4.39566915e+07	8.29068113e-09
2.74000000e+01	2.30370768e+01	-1.55211136e+06	-6.04108819e+04	1.70771856e+03	1.00000000e-09	1.70771856e+02	1.00000000e-10	1.64769793e+08	7.62212503e-09
2.75000000e+01	2.31211537e+01	-1.54510301e+06	-6.01381047e+04	1.31671119e+02	1.00000000e-09	1.31671119e+01	1.00000000e-10	1.27043316e+07	7.00748093e-09
2.76000000e+01	2.32052306e+01	-1.53809553e+06	-5.98653612e+04	1.00000000e-09	1.00000000e-09	1.00000000e-10	1.00000000e-10	0.00000000e+00	6.44240141e-09
2.77000000e+01	2.32893075e+01	-1.53108805e+06	-5.95926177e+04	1.00000000e-09	1.00000000e-09	1.00000000e-10	1.00000000e-10	0.00000000e+00	5.92288960e-09
2.78000000e+01	2.33733845e+01	-1.52408056e+06	-5.93198743e+04	1.41856448e+03	1.00000000e-09	1.41856448e+02	1.00000000e-10	1.36870665e+08	5.44527095e-09
2.79000000e+01	2.34574614e+01	-1.51707409e+06	-5.90471702e+04	1.23238725e+03	1.00000000e-09	1.23238725e+02	1.00000000e-10	1.18907293e+08	5.00616720e-09
2.80000000e+01	2.35415383e+01	-1.51006892e+06	-5.87745167e+04	1.00000000e-09	1.00000000e-09	1.00000000e-10	1.00000000e-10	0.00000000e+00	4.60247255e-09
2.81000000e+01	2.36256152e+01	-1.50306375e+06	-5.85018631e+04	1.00000000e-09	1.00000000e-09	1.00000000e-10	1.00000000e-10	0.00000000e+00	4.23133162e-09
2.82000000e+01	2.37096921e+01	-1.49605857e+06	-5.82292096e+04	4.30113622e+02	1.00000000e-09	4.30113622e+01	1.00000000e-10	4.14996556e+07	3.89011930e-09
2.83000000e+01	2.37937691e+01	-1.48905432e+06	-5.79565919e+04	1.72689912e+03	1.00000000e-09	1.72689912e+02	1.00000000e-10	1.66620436e+08	3.57642216e-09
2.84000000e+01	2.38778460e+01	-1.48205177e+06	-5.76840403e+04	1.34877958e+02	1.00000000e-09	1.34877958e+01	1.00000000e-10	1.30137445e+07	3.28802138e-09
2.85000000e+01	2.39619229e+01	-1.47504922e+06	-5.74114887e+04	1.00000000e-09	1.00000000e-09	1.00000000e-10	1.00000000e-10	0.00000000e+00	3.02287709e-09
2.86000000e+01	2.40459998e+01	-1.46804666e+06	-5.71389370e+04	1.00000000e-09	1.00000000e-09	1.00000000e-10	1.00000000e-10	0.00000000e+00	2.77911390e-09
2.87000000e+01	2.41300768e+01	-1.46104483e+06	-5.68664135e+04	1.37313383e+03	1.00000000e-09	1.37313383e+02	1.00000000e-10	1.32487274e+08	2.55500764e-09
2.88000000e+01	2.42141537e+01	-1.45404503e+06	-5.65939691e+04	1.17229956e+03	1.00000000e-09	1.17229956e+02	1.00000000e-10	1.13109712e+08	2.34897319e-09
2.89000000e+01	2.42982306e+01	-1.44704523e+06	-5.63215247e+04	1.00000000e-09	1.00000000e-09	1.00000000e-10	1.00000000e-10	0.00000000e+00	2.15955324e-09
2.90000000e+01	2.43823075e+01	-1.44004543e+06	-5.60490803e+04	1.00000000e-09	1.00000000e-09	1.00000000e-10	1.00000000e-10	0.00000000e+00	1.98540802e-09
2.91000000e+01	2.44663844e+01	-1.43304607e+06	-5.57766531e+04	3.67712801e+02	1.00000000e-09	3.67712801e+01	1.00000000e-10	3.54788917e+07	1.82530578e-09
2.92000000e+01	2.45504614e+01	-1.42604902e+06	-5.55043156e+04	1.56070002e+03	1.00000000e-09	1.56070002e+02	1.00000000e-10	1.50584659e+08	1.67811410e-09
2.93000000e+01	2.46345383e+01	-1.41905197e+06	-5.52319781e+04	2.05362901e+02	1.00000000e-09	2.05362901e+01	1.00000000e-10	1.98145077e+07	1.54279187e-09
2.94000000e+01	2.47186152e+01	-1.41205492e+06	-5.49596406e+04	1.00000000e-09	1.00000000e-09	1.00000000e-10	1.00000000e-10	0.00000000e+00	1.41838196e-09
2.95000000e+01	2.48026921e+01	-1.40505798e+06	-5.46873076e+04	1.00000000e-09	1.00000000e-09	1.00000000e-10	1.00000000e-10	0.00000000e+00	1.30400439e-09
2.96000000e+01	2.48867691e+01	-1.39806355e+06	-5.44150723e+04	1.10685693e+03	1.00000000e-09	1.10685693e+02	1.00000000e-10	1.06795459e+08	1.19885018e-09
2.97000000e+01	2.49708460e+01	-1.39106912e+06	-5.41428369e+04	1.16199773e+03	1.00000000e-09	1.16199773e+02	1.00000000e-10	1.12115737e+08	1.10217554e-09
2.98000000e+01	2.50549229e+01	-1.38407469e+06	-5.38706015e+04	1.00000000e-09	1.00000000e-09	1.00000000e-10	1.00000000e-10	0.00000000e+00	1.01329669e-09
2.99000000e+01	2.51389998e+01	-1.37708026e+06	-5.35983662e+04	1.00000000e-09	1.00000000e-09	1.00000000e-10	1.00000000e-10	0.00000000e+00	9.31584987e-10
3.00000000e+01	2.52230767e+01	-1.37008849e+06	-5.33262342e+04	5.39967782e+01	1.00000000e-09	5.39967782e+00	1.00000000e-10	5.20989708e+06	8.56462471e-10
3.01000000e+01	2.53071537e+01	-1.36309681e+06	-5.30541058e+04	1.42786171e+03	1.00000000e-09	1.42786171e+02	1.00000000e-10	1.37767711e+08	7.87397794e-10
3.02000000e+01	2.53912306e+01	-1.35610513e+06	-5.27819775e+04	4.70704820e+02	1.00000000e-09	4.70704820e+01	1.00000000e-10	4.54161109e+07	7.23902457e-10
3.03000000e+01	2.54753075e+01	-1.34911345e+06	-5.25098492e+04	1.00000000e-09	1.00000000e-09	1.00000000e-10	1.00000000e-10	0.00000000e+00	6.65527349e-10
3.04000000e+01	2.55593844e+01	-1.34212453e+06	-5.22378281e+04	1.00000000e-09	1.00000000e-09	1.00000000e-10	1.00000000e-10	0.00000000e+00	6.11859579e-10
3.05000000e+01	2.56434614e+01	-1.33513606e+06	-5.19658247e+04	8.52789126e+02	1.00000000e-09	8.52789126e+01	1.00000000e-10	8.22816420e+07	5.62519549e-10
3.06000000e+01	2.57275383e+01	-1.32814760e+06	-5.16938214e+04	1.35726051e+03	1.00000000e-09	1.35726051e+02	1.00000000e-10	1.30955731e+08	5.17158273e-10
3.07000000e+01	2.58116152e+01	-1.32115913e+06	-5.14218180e+04	1.00000000e-09	1.00000000e-09	1.00000000e-10	1.00000000e-10	0.00000000e+00	4.75454906e-10
3.08000000e+01	2.58956921e+01	-1.31417348e+06	-5.11499242e+04	1.00000000e-09	1.00000000e-09	1.00000000e-10	1.00000000e-10	0.00000000e+00	4.37114476e-10
3.09000000e+01	2.59797690e+01	-1.30718867e+06	-5.08780635e+04	1.00000000e-09	1.00000000e-09	1.00000000e-10	1.00000000e-10	0.00000000e+00	4.01865798e-10
3.10000000e+01	2.60638460e+01	-1.30020387e+06	-5.06062028e+04	1.50269581e+03	1.00000000e-09	1.50269581e+02	1.00000000e-10	1.44988104e+08	3.69459555e-10
3.11000000e+01	2.61479229e+01	-1.29321907e+06	-5.03343420e+04	8.22560794e+02	1.00000000e-09	8.22560794e+01	1.00000000e-10	7.93650514e+07	3.39666533e-10
3.12000000e+01	2.62319998e+01	-1.28623710e+06	-5.00625918e+04	1.00000000e-09	1.00000000e-09	1.00000000e-10	1.00000000e-10	0.00000000e+00	3.12276006e-10
3.13000000e+01	2.63160767e+01	-1.27925642e+06	-4.97908916e+04	1.00000000e-09	1.00000000e-09	1.00000000e-10	1.00000000e-10	0.00000000e+00	2.87094235e-10
3.14000000e+01	2.64001537e+01	-1.27227574e+06	-4.95191914e+04	8.15411609e+02	1.00000000e-09	8.15411609e+01	1.00000000e-10	7.86752599e+07	2.63943109e-10
3.15000000e+01	2.64842306e+01	-1.26529507e+06	-4.92474912e+04	1.65920127e+03	1.00000000e-09	1.65920127e+02	1.00000000e-10	1.60088585e+08	2.42658878e-10
3.16000000e+01	2.65683075e+01	-1.25831720e+06	-4.89759006e+04	1.00000000e-09	1.00000000e-09	1.00000000e-10	1.00000000e-10	0.00000000e+00	2.23090996e-10
3.17000000e+01	2.66523844e+01	-1.25134112e+06	-4.87043792e+04	1.00000000e-09	1.00000000e-09	1.00000000e-10	1.00000000e-10	0.00000000e+00	2.05101057e-10
3.18000000e+01	2.67364614e+01	-1.24436503e+06	-4.84328578e+04	1.00000000e-09	1.00000000e-09	1.00000000e-10	1.00000000e-10	0.00000000e+00	1.88561817e-10
3.19000000e+01	2.68205383e+01	-1.23738895e+06	-4.81613365e+04	1.71587205e+03	1.00000000e-09	1.71587205e+02	1.00000000e-10	1.65556485e+08	1.73356293e-10
3.20000000e+01	2.69046152e+01	-1.23041559e+06	-4.78899211e+04	8.83939006e+02	1.00000000e-09	8.83939006e+01	1.00000000e-10	8.52871486e+07	1.59376934e-10
3.21000000e+01	2.69886921e+01	-1.22344456e+06	-4.76185965e+04	1.00000000e-09	1.00000000e-09	1.00000000e-10	1.00000000e-10	0.00000000e+00	1.46524863e-10
3.22000000e+01	2.70727690e+01	-1.21647353e+06	-4.73472720e+04	1.00000000e-09	1.00000000e-09	1.00000000e-10	1.00000000e-10	0.00000000e+00	1.34709176e-10
3.23000000e+01	2.71568460e+01	-1.20950250e+06	-4.70759474e+04	9.57800560e+02	1.00000000e-09	9.57800560e+01	1.00000000e-10	9.24137051e+07	1.23846300e-10
3.24000000e+01	2.72409229e+01	-1.20253401e+06	-4.68047215e+04	1.68210505e+03	1.00000000e-09	1.68210505e+02	1.00000000e-10	1.62298464e+08	1.13859401e-10
3.25000000e+01	2.73249998e+01	-1.19556846e+06	-4.65336099e+04	1.00000000e-09	1.00000000e-09	1.00000000e-10	1.00000000e-10	0.00000000e+00	1.04677839e-10
3.26000000e+01	2.74090767e+01	-1.18860290e+06	-4.62624983e+04	1.00000000e-09	1.00000000e-09	1.00000000e-10	1.00000000e-10	0.00000000e+00	9.62366743e-11
3.27000000e+01	2.74931537e+01	-1.18163734e+06	-4.59913867e+04	1.00000000e-09	1.00000000e-09	1.00000000e-10	1.00000000e-10	0.00000000e+00	8.84762003e-11
3.28000000e+01	2.75772306e+01	-1.17467401e+06	-4.57203615e+04	1.67782940e+03	1.00000000e-09	1.67782940e+02	1.00000000e-10	1.61885927e+08	8.13415267e-11
3.29000000e+01	2.76613075e+01	-1.16771422e+06	-4.54494747e+04	7.00551309e+02	1.00000000e-09	7.00551309e+01	1.00000000e-10	6.75929257e+07	7.47821894e-11
3.30000000e+01	2.77453844e+01	-1.16075444e+06	-4.51785879e+04	1.00000000e-09	1.00000000e-09	1.00000000e-10	1.00000000e-10	0.00000000e+00	6.87517936e-11
3.31000000e+01	2.78294613e+01	-1.15379466e+06	-4.49077011e+04	1.00000000e-09	1.00000000e-09	1.00000000e-10	1.00000000e-10	0.00000000e+00	6.32076857e-11
3.32000000e+01	2.79135383e+01	-1.14683664e+06	-4.46368826e+04	8.96087095e+02	1.00000000e-09	8.96087095e+01	1.00000000e-10	8.64592610e+07	5.81106517e-11
3.33000000e+01	2.79976152e+01	-1.13988276e+06	-4.43662255e+04	1.38748992e+03	1.00000000e-09	1.38748992e+02	1.00000000e-10	1.33872426e+08	5.34246397e-11
3.34000000e+01	2.80816921e+01	-1.13292888e+06	-4.40955685e+04	1.00000000e-09	1.00000000e-09	1.00000000e-10	1.00000000e-10	0.00000000e+00	4.91165053e-11
3.35000000e+01	2.81657690e+01	-1.12597501e+06	-4.38249115e+04	1.00000000e-09	1.00000000e-09	1.00000000e-10	1.00000000e-10	0.00000000e+00	4.51557765e-11
3.36000000e+01	2.82498460e+01	-1.11902226e+06	-4.35542985e+04	1.00000000e-09	1.00000000e-09	1.00000000e-10	1.00000000e-10	0.00000000e+00	4.15144388e-11
3.37000000e+01	2.83339229e+01	-1.11207417e+06	-4.32838669e+04	1.25637593e+03	1.00000000e-09	1.25637593e+02	1.00000000e-10	1.21221849e+08	3.81667366e-11
3.38000000e+01	2.84179998e+01	-1.10512609e+06	-4.30134352e+04	6.92273348e+02	1.00000000e-09	6.92273348e+01	1.00000000e-10	6.67942239e+07	3.50889914e-11
3.39000000e+01	2.85020767e+01	-1.09817800e+06	-4.27430035e+04	1.00000000e-09	1.00000000e-09	1.00000000e-10	1.00000000e-10	0.00000000e+00	3.22594338e-11
3.40000000e+01	2.85861536e+01	-1.09123028e+06	-4.24725862e+04	1.00000000e-09	1.00000000e-09	1.00000000e-10	1.00000000e-10	0.00000000e+00	2.96580503e-11
3.41000000e+01	2.86702306e+01	-1.08428751e+06	-4.22023616e+04	4.00589142e+02	1.00000000e-09	4.00589142e+01	1.00000000e-10	3.86509764e+07	2.72664410e-11
3.42000000e+01	2.87543075e+01	-1.07734475e+06	-4.19321371e+04	1.22548680e+03	1.00000000e-09	1.22548680e+02	1.00000000e-10	1.18241501e+08	2.50676897e-11
3.43000000e+01	2.88383844e+01	-1.07040198e+06	-4.16619125e+04	5.29176932e+01	1.00000000e-09	5.29176932e+00	1.00000000e-10	5.10578120e+06	2.30462446e-11
3.44000000e+01	2.89224613e+01	-1.06345922e+06	-4.13916880e+04	1.00000000e-09	1.00000000e-09	1.00000000e-10	1.00000000e-10	0.00000000e+00	2.11878078e-11
3.45000000e+01	2.90065383e+01	-1.05652152e+06	-4.11216606e+04	1.00000000e-09	1.00000000e-09	1.00000000e-10	1.00000000e-10	0.00000000e+00	1.94792342e-11
3.46000000e+01	2.90906152e+01	-1.04958431e+06	-4.08516522e+04	9.24555286e+02	1.00000000e-09	9.24555286e+01	1.00000000e-10	8.92060239e+07	1.79084392e-11
3.47000000e+01	2.91746921e+01	-1.04264710e+06	-4.05816439e+04	1.04857017e+03	1.00000000e-09	1.04857017e+02	1.00000000e-10	1.01171641e+08	1.64643122e-11
3.48000000e+01	2.92587690e+01	-1.03570988e+06	-4.03116355e+04	1.00000000e-09	1.00000000e-09	1.00000000e-10	1.00000000e-10	0.00000000e+00	1.51366389e-11
3.49000000e+01	2.93428459e+01	-1.02877764e+06	-4.00418203e+04	1.00000000e-09	1.00000000e-09	1.00000000e-10	1.00000000e-10	0.00000000e+00	1.39160284e-11
3.50000000e+01	2.94269229e+01	-1.02184681e+06	-3.97720605e+04	1.00000000e-09	1.00000000e-09	1.00000000e-10	1.00000000e-10	0.00000000e+00	1.27938473e-11
3.51000000e+01	2.95109998e+01	-1.01491599e+06	-3.95023007e+04	1.42847249e+03	1.00000000e-09	1.42847249e+02	1.00000000e-10	1.37826643e+08	1.17621583e-11
3.52000000e+01	2.95950767e+01	-1.00798516e+06	-3.92325409e+04	5.89105693e+02	1.00000000e-09	5.89105693e+01	1.00000000e-10	5.68400584e+07	1.08136641e-11
3.53000000e+01	2.96791536e+01	-1.00105897e+06	-3.89629613e+04	1.00000000e-09	1.00000000e-09	1.00000000e-10	1.00000000e-10	0.00000000e+00	9.94165601e-12
3.54000000e+01	2.97632306e+01	-9.94135081e+05	-3.86934716e+04	1.00000000e-09	1.00000000e-09	1.00000000e-10	1.00000000e-10	0.00000000e+00	9.13996618e-12
3.55000000e+01	2.98473075e+01	-9.87211197e+05	-3.84239820e+04	9.53487273e+02	1.00000000e-09	9.53487273e+01	1.00000000e-10	9.19975362e+07	8.40292419e-12
3.56000000e+01	2.99313844e+01	-9.80287313e+05	-3.81544923e+04	1.55707112e+03	1.00000000e-09	1.55707112e+02	1.00000000e-10	1.50234524e+08	7.72531687e-12
3.57000000e+01	3.00154613e+01	-9.73367512e+05	-3.78851616e+04	1.00000000e-09	1.00000000e-09	1.00000000e-10	1.00000000e-10	0.00000000e+00	7.10235144e-12
3.58000000e+01	3.00995383e+01	-9.66450791e+05	-3.76159508e+04	1.00000000e-09	1.00000000e-09	1.00000000e-10	1.00000000e-10	0.00000000e+00	6.52962161e-12
3.59000000e+01	3.01836152e+01	-9.59534070e+05	-3.73467399e+04	1.00000000e-09	1.00000000e-09	1.00000000e-10	1.00000000e-10	0.00000000e+00	6.00307641e-12
3.60000000e+01	3.02676921e+01	-9.52617348e+05	-3.70775290e+04	1.82688765e+03	1.00000000e-09	1.82688765e+02	1.00000000e-10	1.76267862e+08	5.51899153e-12
3.61000000e+01	3.03517690e+01	-9.45703995e+05	-3.68084493e+04	6.98598609e+02	1.00000000e-09	6.98598609e+01	1.00000000e-10	6.74045188e+07	5.07394300e-12
3.62000000e+01	3.04358459e+01	-9.38794306e+05	-3.65395121e+04	1.00000000e-09	1.00000000e-09	1.00000000e-10	1.00000000e-10	0.00000000e+00	4.66478295e-12
3.63000000e+01	3.05199229e+01	-9.31884617e+05	-3.62705750e+04	1.00000000e-09	1.00000000e-09	1.00000000e-10	1.00000000e-10	0.00000000e+00	4.28861734e-12
3.64000000e+01	3.06039998e+01	-9.24974928e+05	-3.60016378e+04	1.22081418e+03	1.00000000e-09	1.22081418e+02	1.00000000e-10	1.17790662e+08	3.94278553e-12
3.65000000e+01	3.06880767e+01	-9.18067788e+05	-3.57327999e+04	1.68767394e+03	1.00000000e-09	1.68767394e+02	1.00000000e-10	1.62835781e+08	3.62484141e-12
3.66000000e+01	3.07721536e+01	-9.11164673e+05	-3.54641186e+04	1.00000000e-09	1.00000000e-09	1.00000000e-10	1.00000000e-10	0.00000000e+00	3.33253613e-12
3.67000000e+01	3.08562306e+01	-9.04261558e+05	-3.51954373e+04	1.00000000e-09	1.00000000e-09	1.00000000e-10	1.00000000e-10	0.00000000e+00	3.06380220e-12
3.68000000e+01	3.09403075e+01	-8.97358443e+05	-3.49267560e+04	2.52010993e+01	1.00000000e-09	2.52010993e+00	1.00000000e-10	2.43153643e+06	2.81673882e-12
3.69000000e+01	3.10243844e+01	-8.90457029e+05	-3.46581410e+04	1.91005425e+03	1.00000000e-09	1.91005425e+02	1.00000000e-10	1.84292219e+08	2.58959851e-12
3.70000000e+01	3.11084613e+01	-8.83559766e+05	-3.43896875e+04	5.16053472e+02	1.00000000e-09	5.16053472e+01	1.00000000e-10	4.97915906e+07	2.38077467e-12
3.71000000e+01	3.11925382e+01	-8.76662502e+05	-3.41212339e+04	1.00000000e-09	1.00000000e-09	1.00000000e-10	1.00000000e-10	0.00000000e+00	2.18879027e-12
3.72000000e+01	3.12766152e+01	-8.69765239e+05	-3.38527804e+04	1.00000000e-09	1.00000000e-09	1.00000000e-10	1.00000000e-10	0.00000000e+00	2.01228739e-12
3.73000000e+01	3.13606921e+01	-8.62868887e+05	-3.35843623e+04	1.24999538e+03	1.00000000e-09	1.24999538e+02	1.00000000e-10	1.20606219e+08	1.85001761e-12
3.74000000e+01	3.14447690e+01	-8.55976591e+05	-3.33161022e+04	1.45610405e+03	1.00000000e-09	1.45610405e+02	1.00000000e-10	1.40492683e+08	1.70083318e-12
3.75000000e+01	3.15288459e+01	-8.49084295e+05	-3.30478420e+04	1.00000000e-09	1.00000000e-09	1.00000000e-10	1.00000000e-10	0.00000000e+00	1.56367890e-12
3.76000000e+01	3.16129229e+01	-8.42191999e+05	-3.27795818e+04	1.00000000e-09	1.00000000e-09	1.00000000e-10	1.00000000e-10	0.00000000e+00	1.43758467e-12
3.77000000e+01	3.16969998e+01	-8.35299958e+05	-3.25113315e+04	5.56597161e+01	1.00000000e-09	5.56597161e+00	1.00000000e-10	5.37034619e+06	1.32165861e-12
3.78000000e+01	3.17810767e+01	-8.28411710e+05	-3.22432289e+04	1.58561746e+03	1.00000000e-09	1.58561746e+02	1.00000000e-10	1.52988827e+08	1.21508076e-12
3.79000000e+01	3.18651536e+01	-8.21523463e+05	-3.19751263e+04	5.35762167e+02	1.00000000e-09	5.35762167e+01	1.00000000e-10	5.16931906e+07	1.11709730e-12
3.80000000e+01	3.19492305e+01	-8.14635216e+05	-3.17070237e+04	1.00000000e-09	1.00000000e-09	1.00000000e-10	1.00000000e-10	0.00000000e+00	1.02701517e-12
3.81000000e+01	3.20333075e+01	-8.07746968e+05	-3.14389211e+04	1.00000000e-09	1.00000000e-09	1.00000000e-10	1.00000000e-10	0.00000000e+00	9.44197214e-13
3.82000000e+01	3.21173844e+01	-8.00862161e+05	-3.11709524e+04	8.52294627e+02	1.00000000e-09	8.52294627e+01	1.00000000e-10	8.22339301e+07	8.68057654e-13
3.83000000e+01	3.22014613e+01	-7.93977353e+05	-3.09029837e+04	1.37070489e+03	1.00000000e-09	1.37070489e+02	1.00000000e-10	1.32252916e+08	7.98057949e-13
3.84000000e+01	3.22855382e+01	-7.87092546e+05	-3.06350150e+04	1.00000000e-09	1.00000000e-09	1.00000000e-10	1.00000000e-10	0.00000000e+00	7.33702982e-13
3.85000000e+01	3.23696152e+01	-7.80207738e+05	-3.03670462e+04	1.00000000e-09	1.00000000e-09	1.00000000e-10	1.00000000e-10	0.00000000e+00	6.74537565e-13
3.86000000e+01	3.24536921e+01	-7.73326016e+05	-3.00991976e+04	1.00000000e-09	1.00000000e-09	1.00000000e-10	1.00000000e-10	0.00000000e+00	6.20143216e-13
3.87000000e+01	3.25377690e+01	-7.66444294e+05	-2.98313490e+04	1.36901360e+03	1.00000000e-09	1.36901360e+02	1.00000000e-10	1.32089732e+08	5.70135198e-13
3.88000000e+01	3.26218459e+01	-7.59562572e+05	-2.95635004e+04	8.56269893e+02	1.00000000e-09	8.56269893e+01	1.00000000e-10	8.26174850e+07	5.24159800e-13
3.89000000e+01	3.27059228e+01	-7.52680850e+05	-2.92956517e+04	1.00000000e-09	1.00000000e-09	1.00000000e-10	1.00000000e-10	0.00000000e+00	4.81891834e-13
3.90000000e+01	3.27899998e+01	-7.45801958e+05	-2.90279132e+04	1.00000000e-09	1.00000000e-09	1.00000000e-10	1.00000000e-10	0.00000000e+00	4.43032333e-13
3.91000000e+01	3.28740767e+01	-7.38923065e+05	-2.87601747e+04	5.39537911e+02	1.00000000e-09	5.39537911e+01	1.00000000e-10	5.20574946e+07	4.07306443e-13
3.92000000e+01	3.29581536e+01	-7.32044172e+05	-2.84924362e+04	1.56642470e+03	1.00000000e-09	1.56642470e+02	1.00000000e-10	1.51137007e+08	3.74461468e-13
3.93000000e+01	3.30422305e+01	-7.25165279e+05	-2.82246977e+04	4.55197710e+01	1.00000000e-09	4.55197710e+00	1.00000000e-10	4.39199022e+06	3.44265096e-13
3.94000000e+01	3.31263075e+01	-7.18289136e+05	-2.79570662e+04	1.00000000e-09	1.00000000e-09	1.00000000e-10	1.00000000e-10	0.00000000e+00	3.16503742e-13
3.95000000e+01	3.32103844e+01	-7.11412992e+05	-2.76894347e+04	1.00000000e-09	1.00000000e-09	1.00000000e-10	1.00000000e-10	0.00000000e+00	2.90981049e-13
3.96000000e+01	3.32944613e+01	-7.04536849e+05	-2.74218032e+04	1.41395365e+03	1.00000000e-09	1.41395365e+02	1.00000000e-10	1.36425788e+08	2.67516493e-13
3.97000000e+01	3.33785382e+01	-6.97660705e+05	-2.71541717e+04	1.19527767e+03	1.00000000e-09	1.19527767e+02	1.00000000e-10	1.15326763e+08	2.45944106e-13
3.98000000e+01	3.34626152e+01	-6.90787354e+05	-2.68866489e+04	1.00000000e-09	1.00000000e-09	1.00000000e-10	1.00000000e-10	0.00000000e+00	2.26111304e-13
3.99000000e+01	3.35466921e+01	-6.83914004e+05	-2.66191261e+04	1.00000000e-09	1.00000000e-09	1.00000000e-10	1.00000000e-10	0.00000000e+00	2.07877809e-13
4.00000000e+01	3.36307690e+01	-6.77040653e+05	-2.63516033e+04	4.84621219e+02	1.00000000e-09	4.84621219e+01	1.00000000e-10	4.67588393e+07	1.91114654e-13
4.01000000e+01	3.37148459e+01	-6.70167302e+05	-2.60840805e+04	1.78114120e+03	1.00000000e-09	1.78114120e+02	1.00000000e-10	1.71854000e+08	1.75703270e-13
4.02000000e+01	3.37989228e+01	-6.63297013e+05	-2.58166769e+04	5.51775530e+01	1.00000000e-09	5.51775530e+00	1.00000000e-10	5.32382453e+06	1.61534652e-13
4.03000000e+01	3.38829998e+01	-6.56426724e+05	-2.55492732e+04	1.00000000e-09	1.00000000e-09	1.00000000e-10	1.00000000e-10	0.00000000e+00	1.48508584e-13
4.04000000e+01	3.39670767e+01	-6.49556434e+05	-2.52818696e+04	1.00000000e-09	1.00000000e-09	1.00000000e-10	1.00000000e-10	0.00000000e+00	1.36532931e-13
4.05000000e+01	3.40511536e+01	-6.42686145e+05	-2.50144659e+04	1.49366360e+03	1.00000000e-09	1.49366360e+02	1.00000000e-10	1.44116628e+08	1.25522989e-13
4.06000000e+01	3.41352305e+01	-6.35819380e+05	-2.47471995e+04	1.12756018e+03	1.00000000e-09	1.12756018e+02	1.00000000e-10	1.08793019e+08	1.15400882e-13
4.07000000e+01	3.42193075e+01	-6.28952615e+05	-2.44799330e+04	1.00000000e-09	1.00000000e-09	1.00000000e-10	1.00000000e-10	0.00000000e+00	1.06095016e-13
4.08000000e+01	3.43033844e+01	-6.22085851e+05	-2.42126665e+04	1.00000000e-09	1.00000000e-09	1.00000000e-10	1.00000000e-10	0.00000000e+00	9.75395708e-14
4.09000000e+01	3.43874613e+01	-6.15219086e+05	-2.39454001e+04	4.99848322e+02	1.00000000e-09	4.99848322e+01	1.00000000e-10	4.82280314e+07	8.96740319e-14
4.10000000e+01	3.44715382e+01	-6.08356430e+05	-2.36782935e+04	1.54722376e+03	1.00000000e-09	1.54722376e+02	1.00000000e-10	1.49284398e+08	8.24427658e-14
4.11000000e+01	3.45556151e+01	-6.01493774e+05	-2.34111870e+04	7.94051044e+01	1.00000000e-09	7.94051044e+00	1.00000000e-10	7.66142787e+06	7.57946252e-14
4.12000000e+01	3.46396921e+01	-5.94631119e+05	-2.31440805e+04	1.00000000e-09	1.00000000e-09	1.00000000e-10	1.00000000e-10	0.00000000e+00	6.96825871e-14
4.13000000e+01	3.47237690e+01	-5.87768463e+05	-2.28769739e+04	1.00000000e-09	1.00000000e-09	1.00000000e-10	1.00000000e-10	0.00000000e+00	6.40634205e-14
4.14000000e+01	3.48078459e+01	-5.80910509e+05	-2.26100504e+04	1.08194491e+03	1.00000000e-09	1.08194491e+02	1.00000000e-10	1.04391814e+08	5.88973804e-14
4.15000000e+01	3.48919228e+01	-5.74053268e+05	-2.23431546e+04	1.02361793e+03	1.00000000e-09	1.02361793e+02	1.00000000e-10	9.87641160e+07	5.41479271e-14
4.16000000e+01	3.49759998e+01	-5.67196026e+05	-2.20762588e+04	1.00000000e-09	1.00000000e-09	1.00000000e-10	1.00000000e-10	0.00000000e+00	4.97814672e-14
4.17000000e+01	3.50600767e+01	-5.60338784e+05	-2.18093630e+04	1.00000000e-09	1.00000000e-09	1.00000000e-10	1.00000000e-10	0.00000000e+00	4.57671163e-14
4.18000000e+01	3.51441536e+01	-5.53486713e+05	-2.15426684e+04	3.48431711e+00	1.00000000e-09	3.48431711e-01	1.00000000e-10	3.36185493e+05	4.20764804e-14
4.19000000e+01	3.52282305e+01	-5.46636440e+05	-2.12760438e+04	1.21273508e+03	1.00000000e-09	1.21273508e+02	1.00000000e-10	1.17011147e+08	3.86834555e-14
4.20000000e+01	3.53123074e+01	-5.39786166e+05	-2.10094192e+04	4.51363077e+02	1.00000000e-09	4.51363077e+01	1.00000000e-10	4.35499164e+07	3.55640423e-14
4.21000000e+01	3.53963844e+01	-5.32935892e+05	-2.07427946e+04	1.00000000e-09	1.00000000e-09	1.00000000e-10	1.00000000e-10	0.00000000e+00	3.26961769e-14
4.22000000e+01	3.54804613e+01	-5.26090996e+05	-2.04763793e+04	1.00000000e-09	1.00000000e-09	1.00000000e-10	1.00000000e-10	0.00000000e+00	3.00595747e-14
4.23000000e+01	3.55645382e+01	-5.19249265e+05	-2.02100872e+04	5.12876811e+02	1.00000000e-09	5.12876811e+01	1.00000000e-10	4.94850895e+07	2.76355866e-14
4.24000000e+01	3.56486151e+01	-5.12407533e+05	-1.99437951e+04	1.25826845e+03	1.00000000e-09	1.25826845e+02	1.00000000e-10	1.21404449e+08	2.54070677e-14
4.25000000e+01	3.57326921e+01	-5.05565802e+05	-1.96775030e+04	1.00000000e-09	1.00000000e-09	1.00000000e-10	1.00000000e-10	0.00000000e+00	2.33582553e-14
4.26000000e+01	3.58167690e+01	-4.98729273e+05	-1.94114133e+04	1.00000000e-09	1.00000000e-09	1.00000000e-10	1.00000000e-10	0.00000000e+00	2.14746581e-14
4.27000000e+01	3.59008459e+01	-4.91897448e+05	-1.91455068e+04	1.00000000e-09	1.00000000e-09	1.00000000e-10	1.00000000e-10	0.00000000e+00	1.97429531e-14
4.28000000e+01	3.59849228e+01	-4.85065623e+05	-1.88796002e+04	1.22094565e+03	1.00000000e-09	1.22094565e+02	1.00000000e-10	1.17803347e+08	1.81508919e-14
4.29000000e+01	3.60689997e+01	-4.78233797e+05	-1.86136937e+04	1.17380440e+03	1.00000000e-09	1.17380440e+02	1.00000000e-10	1.13254908e+08	1.66872137e-14
4.30000000e+01	3.61530767e+01	-4.71406535e+05	-1.83479647e+04	1.00000000e-09	1.00000000e-09	1.00000000e-10	1.00000000e-10	0.00000000e+00	1.53415657e-14
4.31000000e+01	3.62371536e+01	-4.64585533e+05	-1.80824794e+04	1.00000000e-09	1.00000000e-09	1.00000000e-10	1.00000000e-10	0.00000000e+00	1.41044300e-14
4.32000000e+01	3.63212305e+01	-4.57764531e+05	-1.78169941e+04	2.91290427e+02	1.00000000e-09	2.91290427e+01	1.00000000e-10	2.81052536e+07	1.29670563e-14
4.33000000e+01	3.64053074e+01	-4.50943529e+05	-1.75515088e+04	1.90929640e+03	1.00000000e-09	1.90929640e+02	1.00000000e-10	1.84219097e+08	1.19213998e-14
4.34000000e+01	3.64893844e+01	-4.44125959e+05	-1.72861571e+04	2.85683744e+02	1.00000000e-09	2.85683744e+01	1.00000000e-10	2.75642909e+07	1.09600645e-14
4.35000000e+01	3.65734613e+01	-4.37316042e+05	-1.70211032e+04	1.00000000e-09	1.00000000e-09	1.00000000e-10	1.00000000e-10	0.00000000e+00	1.00762507e-14
4.36000000e+01	3.66575382e+01	-4.30506125e+05	-1.67560494e+04	1.00000000e-09	1.00000000e-09	1.00000000e-10	1.00000000e-10	0.00000000e+00	9.26370726e-15
4.37000000e+01	3.67416151e+01	-4.23696208e+05	-1.64909956e+04	1.71185944e+03	1.00000000e-09	1.71185944e+02	1.00000000e-10	1.65169327e+08	8.51668685e-15
4.38000000e+01	3.68256921e+01	-4.16888129e+05	-1.62260132e+04	1.65611062e+03	1.00000000e-09	1.65611062e+02	1.00000000e-10	1.59790383e+08	7.82990577e-15
4.39000000e+01	3.69097690e+01	-4.10088646e+05	-1.59613655e+04	1.00000000e-09	1.00000000e-09	1.00000000e-10	1.00000000e-10	0.00000000e+00	7.19850635e-15
4.40000000e+01	3.69938459e+01	-4.03289164e+05	-1.56967178e+04	1.00000000e-09	1.00000000e-09	1.00000000e-10	1.00000000e-10	0.00000000e+00	6.61802264e-15
4.41000000e+01	3.70779228e+01	-3.96489682e+05	-1.54320701e+04	6.13748649e+02	1.00000000e-09	6.13748649e+01	1.00000000e-10	5.92177422e+07	6.08434883e-15
4.42000000e+01	3.71619997e+01	-3.89690200e+05	-1.51674224e+04	2.43440280e+03	1.00000000e-09	2.43440280e+02	1.00000000e-10	2.34884162e+08	5.59371018e-15
4.43000000e+01	3.72460767e+01	-3.82899748e+05	-1.49031261e+04	1.00000000e-09	1.00000000e-09	1.00000000e-10	1.00000000e-10	0.00000000e+00	5.14263638e-15
4.44000000e+01	3.73301536e+01	-3.76109857e+05	-1.46388517e+04	1.00000000e-09	1.00000000e-09	1.00000000e-10	1.00000000e-10	0.00000000e+00	4.72793693e-15
4.45000000e+01	3.74142305e+01	-3.69319966e+05	-1.43745773e+04	1.00000000e-09	1.00000000e-09	1.00000000e-10	1.00000000e-10	0.00000000e+00	4.34667862e-15
4.46000000e+01	3.74983074e+01	-3.62530075e+05	-1.41103029e+04	2.15503100e+03	1.00000000e-09	2.15503100e+02	1.00000000e-10	2.07928882e+08	3.99616478e-15
4.47000000e+01	3.75823844e+01	-3.55749051e+05	-1.38463737e+04	1.31800492e+03	1.00000000e-09	1.31800492e+02	1.00000000e-10	1.27168143e+08	3.67391618e-15
4.48000000e+01	3.76664613e+01	-3.48970800e+05	-1.35825523e+04	1.00000000e-09	1.00000000e-09	1.00000000e-10	1.00000000e-10	0.00000000e+00	3.37765354e-15
4.49000000e+01	3.77505382e+01	-3.42192550e+05	-1.33187310e+04	1.00000000e-09	1.00000000e-09	1.00000000e-10	1.00000000e-10	0.00000000e+00	3.10528136e-15
4.50000000e+01	3.78346151e+01	-3.35414299e+05	-1.30549096e+04	1.01786678e+03	1.00000000e-09	1.01786678e+02	1.00000000e-10	9.82092146e+07	2.85487313e-15
4.51000000e+01	3.79186920e+01	-3.28644114e+05	-1.27914022e+04	2.04124656e+03	1.00000000e-09	2.04124656e+02	1.00000000e-10	1.96950352e+08	2.62465769e-15
4.52000000e+01	3.80027690e+01	-3.21878812e+05	-1.25280849e+04	1.00000000e-09	1.00000000e-09	1.00000000e-10	1.00000000e-10	0.00000000e+00	2.41300669e-15
4.53000000e+01	3.80868459e+01	-3.15113510e+05	-1.22647675e+04	1.00000000e-09	1.00000000e-09	1.00000000e-10	1.00000000e-10	0.00000000e+00	2.21842312e-15
4.54000000e+01	3.81709228e+01	-3.08348207e+05	-1.20014501e+04	1.00000000e-09	1.00000000e-09	1.00000000e-10	1.00000000e-10	0.00000000e+00	2.03953067e-15
4.55000000e+01	3.82549997e+01	-3.01589560e+05	-1.17383918e+04	1.78573899e+03	1.00000000e-09	1.78573899e+02	1.00000000e-10	1.72297619e+08	1.87506400e-15
4.56000000e+01	3.83390767e+01	-2.94837587e+05	-1.14755932e+04	7.92402020e+02	1.00000000e-09	7.92402020e+01	1.00000000e-10	7.64551721e+07	1.72385984e-15
4.57000000e+01	3.84231536e+01	-2.88085614e+05	-1.12127947e+04	1.00000000e-09	1.00000000e-09	1.00000000e-10	1.00000000e-10	0.00000000e+00	1.58484870e-15
4.58000000e+01	3.85072305e+01	-2.81333641e+05	-1.09499961e+04	1.00000000e-09	1.00000000e-09	1.00000000e-10	1.00000000e-10	0.00000000e+00	1.45704735e-15
4.59000000e+01	3.85913074e+01	-2.74586399e+05	-1.06873817e+04	7.70041124e+02	1.00000000e-09	7.70041124e+01	1.00000000e-10	7.42976736e+07	1.33955183e-15
4.60000000e+01	3.86753843e+01	-2.67847108e+05	-1.04250767e+04	1.31858607e+03	1.00000000e-09	1.31858607e+02	1.00000000e-10	1.27224214e+08	1.23153109e-15
4.61000000e+01	3.87594613e+01	-2.61107817e+05	-1.01627717e+04	1.00000000e-09	1.00000000e-09	1.00000000e-10	1.00000000e-10	0.00000000e+00	1.13222108e-15
4.62000000e+01	3.88435382e+01	-2.54368525e+05	-9.90046675e+03	1.00000000e-09	1.00000000e-09	1.00000000e-10	1.00000000e-10	0.00000000e+00	1.04091937e-15
4.63000000e+01	3.89276151e+01	-2.47631704e+05	-9.63825792e+03	1.00000000e-09	1.00000000e-09	1.00000000e-10	1.00000000e-10	0.00000000e+00	9.56980191e-16
4.64000000e+01	3.90116920e+01	-2.40903446e+05	-9.37638237e+03	9.17878552e+02	1.00000000e-09	9.17878552e+01	1.00000000e-10	8.85618169e+07	8.79809819e-16
4.65000000e+01	3.90957690e+01	-2.34175188e+05	-9.11450683e+03	7.28538738e+02	1.00000000e-09	7.28538738e+01	1.00000000e-10	7.02933021e+07	8.08862425e-16
4.66000000e+01	3.91798459e+01	-2.27446930e+05	-8.85263128e+03	1.00000000e-09	1.00000000e-09	1.00000000e-10	1.00000000e-10	0.00000000e+00	7.43636191e-16
4.67000000e+01	3.92639228e+01	-2.20718763e+05	-8.59075932e+03	1.00000000e-09	1.00000000e-09	1.00000000e-10	1.00000000e-10	0.00000000e+00	6.83669765e-16
4.68000000e+01	3.93479997e+01	-2.13999034e+05	-8.32921574e+03	1.00000000e-09	1.00000000e-09	1.00000000e-10	1.00000000e-10	0.00000000e+00	6.28539001e-16
4.69000000e+01	3.94320766e+01	-2.07279938e+05	-8.06769679e+03	9.16414307e+02	1.00000000e-09	9.16414307e+01	1.00000000e-10	8.84205387e+07	5.77853951e-16
4.70000000e+01	3.95161536e+01	-2.00560842e+05	-7.80617784e+03	4.38613541e+02	1.00000000e-09	4.38613541e+01	1.00000000e-10	4.23197732e+07	5.31256117e-16
4.71000000e+01	3.96002305e+01	-1.93841746e+05	-7.54465890e+03	1.00000000e-09	1.00000000e-09	1.00000000e-10	1.00000000e-10	0.00000000e+00	4.88415907e-16
4.72000000e+01	3.96843074e+01	-1.87130231e+05	-7.28343503e+03	1.00000000e-09	1.00000000e-09	1.00000000e-10	1.00000000e-10	0.00000000e+00	4.49030309e-16
4.73000000e+01	3.97683843e+01	-1.80421453e+05	-7.02231768e+03	2.33264127e+02	1.00000000e-09	2.33264127e+01	1.00000000e-10	2.25065668e+07	4.12820745e-16
4.74000000e+01	3.98524613e+01	-1.73712675e+05	-6.76120033e+03	1.13465671e+03	1.00000000e-09	1.13465671e+02	1.00000000e-10	1.09477730e+08	3.79531100e-16
4.75000000e+01	3.99365382e+01	-1.67003896e+05	-6.50008298e+03	2.01274871e+02	1.00000000e-09	2.01274871e+01	1.00000000e-10	1.94200728e+07	3.48925915e-16
4.76000000e+01	4.00206151e+01	-1.60301210e+05	-6.23920273e+03	1.00000000e-09	1.00000000e-09	1.00000000e-10	1.00000000e-10	0.00000000e+00	3.20788716e-16
4.77000000e+01	4.01046920e+01	-1.53602890e+05	-5.97849245e+03	1.00000000e-09	1.00000000e-09	1.00000000e-10	1.00000000e-10	0.00000000e+00	2.94920485e-16
4.78000000e+01	4.01887690e+01	-1.46904571e+05	-5.71778218e+03	9.74091490e+02	1.00000000e-09	9.74091490e+01	1.00000000e-10	9.39855410e+07	2.71138254e-16
4.79000000e+01	4.02728459e+01	-1.40206252e+05	-5.45707190e+03	1.26414960e+03	1.00000000e-09	1.26414960e+02	1.00000000e-10	1.21971894e+08	2.49273810e-16
4.80000000e+01	4.03569228e+01	-1.33512081e+05	-5.19652309e+03	1.00000000e-09	1.00000000e-09	1.00000000e-10	1.00000000e-10	0.00000000e+00	2.29172503e-16
4.81000000e+01	4.04409997e+01	-1.26823259e+05	-4.93618248e+03	1.00000000e-09	1.00000000e-09	1.00000000e-10	1.00000000e-10	0.00000000e+00	2.10692155e-16
4.82000000e+01	4.05250766e+01	-1.20134437e+05	-4.67584186e+03	1.00000000e-09	1.00000000e-09	1.00000000e-10	1.00000000e-10	0.00000000e+00	1.93702052e-16
4.83000000e+01	4.06091536e+01	-1.13445615e+05	-4.41550124e+03	1.74444056e+03	1.00000000e-09	1.74444056e+02	1.00000000e-10	1.68312927e+08	1.78082022e-16
4.84000000e+01	4.06932305e+01	-1.06758778e+05	-4.15523788e+03	5.92401365e+02	1.00000000e-09	5.92401365e+01	1.00000000e-10	5.71580425e+07	1.63721583e-16
4.85000000e+01	4.07773074e+01	-1.00077523e+05	-3.89519176e+03	1.00000000e-09	1.00000000e-09	1.00000000e-10	1.00000000e-10	0.00000000e+00	1.50519162e-16
4.86000000e+01	4.08613843e+01	-9.33962672e+04	-3.63514565e+03	1.00000000e-09	1.00000000e-09	1.00000000e-10	1.00000000e-10	0.00000000e+00	1.38381377e-16
4.87000000e+01	4.09454613e+01	-8.67150117e+04	-3.37509953e+03	1.26720543e+03	1.00000000e-09	1.26720543e+02	1.00000000e-10	1.22266737e+08	1.27222377e-16
4.88000000e+01	4.10295382e+01	-8.00337563e+04	-3.11505341e+03	1.75437209e+03	1.00000000e-09	1.75437209e+02	1.00000000e-10	1.69271174e+08	1.16963232e-16
4.89000000e+01	4.11136151e+01	-7.33575546e+04	-2.85520400e+03	1.00000000e-09	1.00000000e-09	1.00000000e-10	1.00000000e-10	0.00000000e+00	1.07531379e-16
4.90000000e+01	4.11976920e+01	-6.66824186e+04	-2.59539606e+03	1.00000000e-09	1.00000000e-09	1.00000000e-10	1.00000000e-10	0.00000000e+00	9.88601065e-17
4.91000000e+01	4.12817689e+01	-6.00072825e+04	-2.33558812e+03	1.00000000e-09	1.00000000e-09	1.00000000e-10	1.00000000e-10	0.00000000e+00	9.08880802e-17
4.92000000e+01	4.13658459e+01	-5.33321465e+04	-2.07578018e+03	2.10852450e+03	1.00000000e-09	2.10852450e+02	1.00000000e-10	2.03441687e+08	8.35589140e-17
4.93000000e+01	4.14499228e+01	-4.66608561e+04	-1.81612192e+03	6.54098711e+02	1.00000000e-09	6.54098711e+01	1.00000000e-10	6.31109313e+07	7.68207678e-17
4.94000000e+01	4.15339997e+01	-3.99922355e+04	-1.55656757e+03	1.00000000e-09	1.00000000e-09	1.00000000e-10	1.00000000e-10	0.00000000e+00	7.06259821e-17
4.95000000e+01	4.16180766e+01	-3.33236149e+04	-1.29701323e+03	1.00000000e-09	1.00000000e-09	1.00000000e-10	1.00000000e-10	0.00000000e+00	6.49307406e-17
4.96000000e+01	4.17021536e+01	-2.66549944e+04	-1.03745888e+03	1.42611009e+03	1.00000000e-09	1.42611009e+02	1.00000000e-10	1.37598706e+08	5.96947603e-17
4.97000000e+01	4.17862305e+01	-1.99884913e+04	-7.77986953e+02	1.87353814e+03	1.00000000e-09	1.87353814e+02	1.00000000e-10	1.80768949e+08	5.48810067e-17
4.98000000e+01	4.18703074e+01	-1.33256609e+04	-5.18657968e+02	1.00000000e-09	1.00000000e-09	1.00000000e-10	1.00000000e-10	0.00000000e+00	5.04554316e-17
4.99000000e+01	4.19543843e+01	-6.66283045e+03	-2.59328984e+02	1.00000000e-09	1.00000000e-09	1.00000000e-10	1.00000000e-10	0.00000000e+00	4.63867326e-17
5.00000000e+01	4.20384612e+01	0.00000000e+00	0.00000000e+00	1.00000000e+01	1.00000000e+01	1.00000000e+00	1.00000000e+00	0.00000000e+00	4.26461312e-17
