# 1D PNP Solver Results
# Debye length: 1.18939 nm
# Surface potential: 100 mV
# Bulk concentration: 10 mol/m^3
# Thermal voltage: 25.6926 mV
# Grid: non-uniform with stretching factor 1
#
# Columns:
# 1: x [nm]
# 2: x/lambda_D [-]
# 3: phi [mV]
# 4: phi_normalized = e*phi/(kB*T) [-]
# 5: c+ [mol/m^3]
# 6: c- [mol/m^3]
# 7: c+/c0 [-]
# 8: c-/c0 [-]
# 9: rho [C/m^3]
# 10: phi_GC [mV] (Gouy-Chapman analytical)
0.00000000e+00	0.00000000e+00	1.00000000e+02	3.89217445e+00	1.00000000e-09	1.00000000e-09	1.00000000e-10	1.00000000e-10	0.00000000e+00	1.00000000e+02
1.00000000e-01	8.40769225e-02	3.28254776e+04	1.27762485e+03	1.00000000e-09	1.00000000e-09	1.00000000e-10	1.00000000e-10	0.00000000e+00	8.70576373e+01
2.00000000e-01	1.68153845e-01	6.55509551e+04	2.55135753e+03	1.80453890e+05	1.00000000e-09	1.80453890e+04	1.00000000e-10	1.74111535e+10	7.68715638e+01
3.00000000e-01	2.52230767e-01	9.71554003e+04	3.78145767e+03	1.93950191e+04	1.00000000e-09	1.93950191e+03	1.00000000e-10	1.87133486e+09	6.85207345e+01
4.00000000e-01	3.36307690e-01	1.28721056e+05	5.01004806e+03	1.00000000e-09	1.00000000e-09	1.00000000e-10	1.00000000e-10	0.00000000e+00	6.14862309e+01
5.00000000e-01	4.20384612e-01	1.60286712e+05	6.23863845e+03	1.00000000e-09	1.00000000e-09	1.00000000e-10	1.00000000e-10	0.00000000e+00	5.54461690e+01
6.00000000e-01	5.04461535e-01	1.91852368e+05	7.46722883e+03	1.76677216e+05	1.00000000e-09	1.76677216e+04	1.00000000e-10	1.70467599e+10	5.01866549e+01
7.00000000e-01	5.88538457e-01	2.22301864e+05	8.65237634e+03	3.97836583e+04	1.00000000e-09	3.97836583e+03	1.00000000e-10	3.83853948e+09	4.55579535e+01
8.00000000e-01	6.72615380e-01	2.52671731e+05	9.83442455e+03	1.00000000e-09	1.00000000e-09	1.00000000e-10	1.00000000e-10	0.00000000e+00	4.14508515e+01
9.00000000e-01	7.56692302e-01	2.83041598e+05	1.10164728e+04	1.00000000e-09	1.00000000e-09	1.00000000e-10	1.00000000e-10	0.00000000e+00	3.77829914e+01
1.00000000e+00	8.40769225e-01	3.13411465e+05	1.21985210e+04	1.69901971e+05	1.00000000e-09	1.69901971e+04	1.00000000e-10	1.63930481e+10	3.44905241e+01
1.10000000e+00	9.24846147e-01	3.42672495e+05	1.33374113e+04	6.08113715e+04	1.00000000e-09	6.08113715e+03	1.00000000e-10	5.86740537e+09	3.15227780e+01
1.20000000e+00	1.00892307e+00	3.71810977e+05	1.44715319e+04	1.00000000e-09	1.00000000e-09	1.00000000e-10	1.00000000e-10	0.00000000e+00	2.88387272e+01
1.30000000e+00	1.09299999e+00	4.00949459e+05	1.56056524e+04	1.00000000e-09	1.00000000e-09	1.00000000e-10	1.00000000e-10	0.00000000e+00	2.64045776e+01
1.40000000e+00	1.17707691e+00	4.30087941e+05	1.67397730e+04	1.59788431e+05	1.00000000e-09	1.59788431e+04	1.00000000e-10	1.54172399e+10	2.41920729e+01
1.50000000e+00	1.26115384e+00	4.58127710e+05	1.78311297e+04	8.20003328e+04	1.00000000e-09	8.20003328e+03	1.00000000e-10	7.91182934e+09	2.21772778e+01
1.60000000e+00	1.34523076e+00	4.85999930e+05	1.89159651e+04	1.00000000e-09	1.00000000e-09	1.00000000e-10	1.00000000e-10	0.00000000e+00	2.03396868e+01
1.70000000e+00	1.42930768e+00	5.13872151e+05	2.00008006e+04	1.00000000e-09	1.00000000e-09	1.00000000e-10	1.00000000e-10	0.00000000e+00	1.86615585e+01
1.80000000e+00	1.51338460e+00	5.41744371e+05	2.10856360e+04	1.46016038e+05	1.00000000e-09	1.46016038e+04	1.00000000e-10	1.40884060e+10	1.71274116e+01
1.90000000e+00	1.59746153e+00	5.68531201e+05	2.21282261e+04	1.02720303e+05	1.00000000e-09	1.02720303e+04	1.00000000e-10	9.91100258e+09	1.57236358e+01
2.00000000e+00	1.68153845e+00	5.95103446e+05	2.31624643e+04	1.00000000e-09	1.00000000e-09	1.00000000e-10	1.00000000e-10	0.00000000e+00	1.44381886e+01
2.10000000e+00	1.76561537e+00	6.21675691e+05	2.41967024e+04	1.00000000e-09	1.00000000e-09	1.00000000e-10	1.00000000e-10	0.00000000e+00	1.32603556e+01
2.20000000e+00	1.84969229e+00	6.48247936e+05	2.52309405e+04	1.28311417e+05	1.00000000e-09	1.28311417e+04	1.00000000e-10	1.23801697e+10	1.21805577e+01
2.30000000e+00	1.93376922e+00	6.73751768e+05	2.62235942e+04	1.22155163e+05	1.00000000e-09	1.22155163e+04	1.00000000e-10	1.17861815e+10	1.11901960e+01
2.40000000e+00	2.01784614e+00	6.98992042e+05	2.72059897e+04	1.00000000e-09	1.00000000e-09	1.00000000e-10	1.00000000e-10	0.00000000e+00	1.02815237e+01
2.50000000e+00	2.10192306e+00	7.24232316e+05	2.81883851e+04	1.00000000e-09	1.00000000e-09	1.00000000e-10	1.00000000e-10	0.00000000e+00	9.44754093e+00
2.60000000e+00	2.18599998e+00	7.49472589e+05	2.91707806e+04	1.06491569e+05	1.00000000e-09	1.06491569e+04	1.00000000e-10	1.02748744e+10	8.68190590e+00
2.70000000e+00	2.27007691e+00	7.73665596e+05	3.01124147e+04	1.39266826e+05	1.00000000e-09	1.39266826e+04	1.00000000e-10	1.34372060e+10	7.97886054e+00
2.80000000e+00	2.35415383e+00	7.97544313e+05	3.10418160e+04	1.00000000e-09	1.00000000e-09	1.00000000e-10	1.00000000e-10	0.00000000e+00	7.33316685e+00
2.90000000e+00	2.43823075e+00	8.21423029e+05	3.19712173e+04	1.00000000e-09	1.00000000e-09	1.00000000e-10	1.00000000e-10	0.00000000e+00	6.74005227e+00
3.00000000e+00	2.52230767e+00	8.45301746e+05	3.29006186e+04	8.05292303e+04	1.00000000e-09	8.05292303e+03	1.00000000e-10	7.76988953e+09	6.19516235e+00
3.10000000e+00	2.60638460e+00	8.68159085e+05	3.37902661e+04	1.52761028e+05	1.00000000e-09	1.52761028e+04	1.00000000e-10	1.47391985e+10	5.69451955e+00
3.20000000e+00	2.69046152e+00	8.90649925e+05	3.46656488e+04	1.00000000e-09	1.00000000e-09	1.00000000e-10	1.00000000e-10	0.00000000e+00	5.23448697e+00
3.30000000e+00	2.77453844e+00	9.13140765e+05	3.55410316e+04	1.00000000e-09	1.00000000e-09	1.00000000e-10	1.00000000e-10	0.00000000e+00	4.81173646e+00
3.40000000e+00	2.85861536e+00	9.35631606e+05	3.64164143e+04	5.06499393e+04	1.00000000e-09	5.06499393e+03	1.00000000e-10	4.88697622e+09	4.42322017e+00
3.50000000e+00	2.94269229e+00	9.57132336e+05	3.72532602e+04	1.61064683e+05	1.00000000e-09	1.61064683e+04	1.00000000e-10	1.55403794e+10	4.06614534e+00
3.60000000e+00	3.02676921e+00	9.78213300e+05	3.80737681e+04	1.00000000e-09	1.00000000e-09	1.00000000e-10	1.00000000e-10	0.00000000e+00	3.73795159e+00
3.70000000e+00	3.11084613e+00	9.99294264e+05	3.88942760e+04	1.00000000e-09	1.00000000e-09	1.00000000e-10	1.00000000e-10	0.00000000e+00	3.43629058e+00
3.80000000e+00	3.19492305e+00	1.02037523e+06	3.97147839e+04	1.74730109e+04	1.00000000e-09	1.74730109e+03	1.00000000e-10	1.68588926e+09	3.15900770e+00
3.90000000e+00	3.27899998e+00	1.04050342e+06	4.04982084e+04	1.62333994e+05	1.00000000e-09	1.62333994e+04	1.00000000e-10	1.56628494e+10	2.90412542e+00
4.00000000e+00	3.36307690e+00	1.06015811e+06	4.12632032e+04	1.00000000e-09	1.00000000e-09	1.00000000e-10	1.00000000e-10	0.00000000e+00	2.66982829e+00
4.10000000e+00	3.44715382e+00	1.07981280e+06	4.20281981e+04	1.00000000e-09	1.00000000e-09	1.00000000e-10	1.00000000e-10	0.00000000e+00	2.45444929e+00
4.20000000e+00	3.53123074e+00	1.09946749e+06	4.27931929e+04	1.00000000e-09	1.00000000e-09	1.00000000e-10	1.00000000e-10	0.00000000e+00	2.25645740e+00
4.30000000e+00	3.61530767e+00	1.11821357e+06	4.35228228e+04	1.54528862e+05	1.00000000e-09	1.54528862e+04	1.00000000e-10	1.49097686e+10	2.07444628e+00
4.40000000e+00	3.69938459e+00	1.13643274e+06	4.42319449e+04	3.19139779e+04	1.00000000e-09	3.19139779e+03	1.00000000e-10	3.07923075e+09	1.90712395e+00
4.50000000e+00	3.78346151e+00	1.15465192e+06	4.49410671e+04	1.00000000e-09	1.00000000e-09	1.00000000e-10	1.00000000e-10	0.00000000e+00	1.75330334e+00
4.60000000e+00	3.86753843e+00	1.17287110e+06	4.56501892e+04	1.00000000e-09	1.00000000e-09	1.00000000e-10	1.00000000e-10	0.00000000e+00	1.61189369e+00
4.70000000e+00	3.95161536e+00	1.19023338e+06	4.63259596e+04	1.35615863e+05	1.00000000e-09	1.35615863e+04	1.00000000e-10	1.30849416e+10	1.48189263e+00
4.80000000e+00	4.03569228e+00	1.20701683e+06	4.69792005e+04	6.59039016e+04	1.00000000e-09	6.59039016e+03	1.00000000e-10	6.35875983e+09	1.36237899e+00
4.90000000e+00	4.11976920e+00	1.22380027e+06	4.76324415e+04	1.00000000e-09	1.00000000e-09	1.00000000e-10	1.00000000e-10	0.00000000e+00	1.25250612e+00
5.00000000e+00	4.20384612e+00	1.24058372e+06	4.82856825e+04	1.00000000e-09	1.00000000e-09	1.00000000e-10	1.00000000e-10	0.00000000e+00	1.15149587e+00
5.10000000e+00	4.28792305e+00	1.25657031e+06	4.89079085e+04	1.04001518e+05	1.00000000e-09	1.04001518e+04	1.00000000e-10	1.00346210e+10	1.05863300e+00
5.20000000e+00	4.37199997e+00	1.27192903e+06	4.95056969e+04	9.44312294e+04	1.00000000e-09	9.44312294e+03	1.00000000e-10	9.11122853e+09	9.73260072e-01
5.30000000e+00	4.45607689e+00	1.28728776e+06	5.01034852e+04	1.00000000e-09	1.00000000e-09	1.00000000e-10	1.00000000e-10	0.00000000e+00	8.94772759e-01
5.40000000e+00	4.54015381e+00	1.30264648e+06	5.07012736e+04	1.00000000e-09	1.00000000e-09	1.00000000e-10	1.00000000e-10	0.00000000e+00	8.22615544e-01
5.50000000e+00	4.62423074e+00	1.31727738e+06	5.12707336e+04	5.93443631e+04	1.00000000e-09	5.93443631e+03	1.00000000e-10	5.72586058e+09	7.56277766e-01
5.60000000e+00	4.70830766e+00	1.33123620e+06	5.18140354e+04	1.11744197e+05	1.00000000e-09	1.11744197e+04	1.00000000e-10	1.07816759e+10	6.95289988e-01
5.70000000e+00	4.79238458e+00	1.34519503e+06	5.23573371e+04	1.00000000e-09	1.00000000e-09	1.00000000e-10	1.00000000e-10	0.00000000e+00	6.39220665e-01
5.80000000e+00	4.87646150e+00	1.35915385e+06	5.29006389e+04	1.00000000e-09	1.00000000e-09	1.00000000e-10	1.00000000e-10	0.00000000e+00	5.87673079e-01
5.90000000e+00	4.96053843e+00	1.37246334e+06	5.34186674e+04	3.91640646e+03	1.00000000e-09	3.91640646e+02	1.00000000e-10	3.77875778e+08	5.40282524e-01
6.00000000e+00	5.04461535e+00	1.38506383e+06	5.39091004e+04	1.10449495e+05	1.00000000e-09	1.10449495e+04	1.00000000e-10	1.06567562e+10	4.96713722e-01
6.10000000e+00	5.12869227e+00	1.39766432e+06	5.43995335e+04	1.86044034e+04	1.00000000e-09	1.86044034e+03	1.00000000e-10	1.79505204e+09	4.56658442e-01
6.20000000e+00	5.21276919e+00	1.41026481e+06	5.48899665e+04	1.00000000e-09	1.00000000e-09	1.00000000e-10	1.00000000e-10	0.00000000e+00	4.19833321e-01
6.30000000e+00	5.29684612e+00	1.42230407e+06	5.53585557e+04	1.00000000e-09	1.00000000e-09	1.00000000e-10	1.00000000e-10	0.00000000e+00	3.85977854e-01
6.40000000e+00	5.38092304e+00	1.43360780e+06	5.57985165e+04	8.25889752e+04	1.00000000e-09	8.25889752e+03	1.00000000e-10	7.96862470e+09	3.54852548e-01
6.50000000e+00	5.46499996e+00	1.44491153e+06	5.62384773e+04	7.41937512e+04	1.00000000e-09	7.41937512e+03	1.00000000e-10	7.15860872e+09	3.26237227e-01
6.60000000e+00	5.54907688e+00	1.45621526e+06	5.66784381e+04	1.00000000e-09	1.00000000e-09	1.00000000e-10	1.00000000e-10	0.00000000e+00	2.99929475e-01
6.70000000e+00	5.63315381e+00	1.46705506e+06	5.71003423e+04	1.00000000e-09	1.00000000e-09	1.00000000e-10	1.00000000e-10	0.00000000e+00	2.75743201e-01
6.80000000e+00	5.71723073e+00	1.47714702e+06	5.74931390e+04	2.28841894e+04	1.00000000e-09	2.28841894e+03	1.00000000e-10	2.20798861e+09	2.53507323e-01
6.90000000e+00	5.80130765e+00	1.48723898e+06	5.78859357e+04	1.10882104e+05	1.00000000e-09	1.10882104e+04	1.00000000e-10	1.06984966e+10	2.33064554e-01
7.00000000e+00	5.88538457e+00	1.49733094e+06	5.82787325e+04	5.34468746e+03	1.00000000e-09	5.34468746e+02	1.00000000e-10	5.15683945e+08	2.14270296e-01
7.10000000e+00	5.96946150e+00	1.50706415e+06	5.86575658e+04	1.00000000e-09	1.00000000e-09	1.00000000e-10	1.00000000e-10	0.00000000e+00	1.96991610e-01
7.20000000e+00	6.05353842e+00	1.51605605e+06	5.90075460e+04	1.00000000e-09	1.00000000e-09	1.00000000e-10	1.00000000e-10	0.00000000e+00	1.81106277e-01
7.30000000e+00	6.13761534e+00	1.52504794e+06	5.93575262e+04	1.05546393e+05	1.00000000e-09	1.05546393e+04	1.00000000e-10	1.01836788e+10	1.66501937e-01
7.40000000e+00	6.22169226e+00	1.53403983e+06	5.97075065e+04	9.46951395e+04	1.00000000e-09	9.46951395e+03	1.00000000e-10	9.13669199e+09	1.53075289e-01
7.50000000e+00	6.30576919e+00	1.54278329e+06	6.00478169e+04	1.00000000e-09	1.00000000e-09	1.00000000e-10	1.00000000e-10	0.00000000e+00	1.40731363e-01
7.60000000e+00	6.38984611e+00	1.55081611e+06	6.03604685e+04	1.00000000e-09	1.00000000e-09	1.00000000e-10	1.00000000e-10	0.00000000e+00	1.29382849e-01
7.70000000e+00	6.47392303e+00	1.55884894e+06	6.06731202e+04	3.87059348e+04	1.00000000e-09	3.87059348e+03	1.00000000e-10	3.73455497e+09	1.18949475e-01
7.80000000e+00	6.55799995e+00	1.56688177e+06	6.09857718e+04	1.68870540e+05	1.00000000e-09	1.68870540e+04	1.00000000e-10	1.62935301e+10	1.09357445e-01
7.90000000e+00	6.64207688e+00	1.57477684e+06	6.12930618e+04	1.06369450e+04	1.00000000e-09	1.06369450e+03	1.00000000e-10	1.02630917e+09	1.00538914e-01
8.00000000e+00	6.72615380e+00	1.58202183e+06	6.15750496e+04	1.00000000e-09	1.00000000e-09	1.00000000e-10	1.00000000e-10	0.00000000e+00	9.24315047e-02
8.10000000e+00	6.81023072e+00	1.58926683e+06	6.18570373e+04	1.00000000e-09	1.00000000e-09	1.00000000e-10	1.00000000e-10	0.00000000e+00	8.49778740e-02
8.20000000e+00	6.89430764e+00	1.59651182e+06	6.21390250e+04	1.76004633e+05	1.00000000e-09	1.76004633e+04	1.00000000e-10	1.69818655e+10	7.81253008e-02
8.30000000e+00	6.97838457e+00	1.60372246e+06	6.24196759e+04	1.45324582e+05	1.00000000e-09	1.45324582e+04	1.00000000e-10	1.40216906e+10	7.18253161e-02
8.40000000e+00	7.06246149e+00	1.61037878e+06	6.26787515e+04	1.00000000e-09	1.00000000e-09	1.00000000e-10	1.00000000e-10	0.00000000e+00	6.60333593e-02
8.50000000e+00	7.14653841e+00	1.61703510e+06	6.29378271e+04	1.00000000e-09	1.00000000e-09	1.00000000e-10	1.00000000e-10	0.00000000e+00	6.07084632e-02
8.60000000e+00	7.23061533e+00	1.62369142e+06	6.31969027e+04	7.84773542e+04	1.00000000e-09	7.84773542e+03	1.00000000e-10	7.57191358e+09	5.58129641e-02
8.70000000e+00	7.31469226e+00	1.63034774e+06	6.34559782e+04	2.36652168e+05	1.00000000e-09	2.36652168e+04	1.00000000e-10	2.28334630e+10	5.13122357e-02
8.80000000e+00	7.39876918e+00	1.63658421e+06	6.36987126e+04	1.00000000e-09	1.00000000e-09	1.00000000e-10	1.00000000e-10	0.00000000e+00	4.71744438e-02
8.90000000e+00	7.48284610e+00	1.64278867e+06	6.39402009e+04	1.00000000e-09	1.00000000e-09	1.00000000e-10	1.00000000e-10	0.00000000e+00	4.33703214e-02
9.00000000e+00	7.56692302e+00	1.64899313e+06	6.41816891e+04	1.00000000e-09	1.00000000e-09	1.00000000e-10	1.00000000e-10	0.00000000e+00	3.98729614e-02
9.10000000e+00	7.65099995e+00	1.65519758e+06	6.44231774e+04	2.02316168e+05	1.00000000e-09	2.02316168e+04	1.00000000e-10	1.95205426e+10	3.66576268e-02
9.20000000e+00	7.73507687e+00	1.66115432e+06	6.46550239e+04	1.74140779e+05	1.00000000e-09	1.74140779e+04	1.00000000e-10	1.68020309e+10	3.37015752e-02
9.30000000e+00	7.81915379e+00	1.66706044e+06	6.48849007e+04	1.00000000e-09	1.00000000e-09	1.00000000e-10	1.00000000e-10	0.00000000e+00	3.09838980e-02
9.40000000e+00	7.90323071e+00	1.67296657e+06	6.51147775e+04	1.00000000e-09	1.00000000e-09	1.00000000e-10	1.00000000e-10	0.00000000e+00	2.84853728e-02
9.50000000e+00	7.98730764e+00	1.67887270e+06	6.53446543e+04	3.02288629e+04	1.00000000e-09	3.02288629e+03	1.00000000e-10	2.91664188e+09	2.61883275e-02
9.60000000e+00	8.07138456e+00	1.68473071e+06	6.55726584e+04	2.43837645e+05	1.00000000e-09	2.43837645e+04	1.00000000e-10	2.35267561e+10	2.40765146e-02
9.70000000e+00	8.15546148e+00	1.69058873e+06	6.58006625e+04	7.67155554e+04	1.00000000e-09	7.67155554e+03	1.00000000e-10	7.40192584e+09	2.21349973e-02
9.80000000e+00	8.23953840e+00	1.69644674e+06	6.60286665e+04	1.00000000e-09	1.00000000e-09	1.00000000e-10	1.00000000e-10	0.00000000e+00	2.03500429e-02
9.90000000e+00	8.32361533e+00	1.70230475e+06	6.62566706e+04	1.00000000e-09	1.00000000e-09	1.00000000e-10	1.00000000e-10	0.00000000e+00	1.87090262e-02
1.00000000e+01	8.40769225e+00	1.70816277e+06	6.64846747e+04	1.36112152e+05	1.00000000e-09	1.36112152e+04	1.00000000e-10	1.31328262e+10	1.72003403e-02
1.01000000e+01	8.49176917e+00	1.71402078e+06	6.67126788e+04	2.28600213e+05	1.00000000e-09	2.28600213e+04	1.00000000e-10	2.20565675e+10	1.58133140e-02
1.02000000e+01	8.57584609e+00	1.71975839e+06	6.69359965e+04	1.00000000e-09	1.00000000e-09	1.00000000e-10	1.00000000e-10	0.00000000e+00	1.45381368e-02
1.03000000e+01	8.65992302e+00	1.72532608e+06	6.71527009e+04	1.00000000e-09	1.00000000e-09	1.00000000e-10	1.00000000e-10	0.00000000e+00	1.33657892e-02
1.04000000e+01	8.74399994e+00	1.73089377e+06	6.73694052e+04	1.00000000e-09	1.00000000e-09	1.00000000e-10	1.00000000e-10	0.00000000e+00	1.22879791e-02
1.05000000e+01	8.82807686e+00	1.73646147e+06	6.75861096e+04	2.27288785e+05	1.00000000e-09	2.27288785e+04	1.00000000e-10	2.19300339e+10	1.12970830e-02
1.06000000e+01	8.91215378e+00	1.74182246e+06	6.77947689e+04	1.80285227e+05	1.00000000e-09	1.80285227e+04	1.00000000e-10	1.73948800e+10	1.03860923e-02
1.07000000e+01	8.99623071e+00	1.74674645e+06	6.79864190e+04	1.00000000e-09	1.00000000e-09	1.00000000e-10	1.00000000e-10	0.00000000e+00	9.54856333e-03
1.08000000e+01	9.08030763e+00	1.75167044e+06	6.81780691e+04	1.00000000e-09	1.00000000e-09	1.00000000e-10	1.00000000e-10	0.00000000e+00	8.77857228e-03
1.09000000e+01	9.16438455e+00	1.75659442e+06	6.83697193e+04	3.58327030e+04	1.00000000e-09	3.58327030e+03	1.00000000e-10	3.45733025e+09	8.07067289e-03
1.10000000e+01	9.24846147e+00	1.76138641e+06	6.85562320e+04	2.92374468e+05	1.00000000e-09	2.92374468e+04	1.00000000e-10	2.82098477e+10	7.41985814e-03
1.11000000e+01	9.33253840e+00	1.76545079e+06	6.87144244e+04	9.19234250e+04	1.00000000e-09	9.19234250e+03	1.00000000e-10	8.86926219e+09	6.82152474e-03
1.12000000e+01	9.41661532e+00	1.76951516e+06	6.88726169e+04	1.00000000e-09	1.00000000e-09	1.00000000e-10	1.00000000e-10	0.00000000e+00	6.27144062e-03
1.13000000e+01	9.50069224e+00	1.77357953e+06	6.90308093e+04	1.00000000e-09	1.00000000e-09	1.00000000e-10	1.00000000e-10	0.00000000e+00	5.76571500e-03
1.14000000e+01	9.58476916e+00	1.77764390e+06	6.91890017e+04	8.25439627e+04	1.00000000e-09	8.25439627e+03	1.00000000e-10	7.96428166e+09	5.30077082e-03
1.15000000e+01	9.66884609e+00	1.78082180e+06	6.93126912e+04	2.94776150e+05	1.00000000e-09	2.94776150e+04	1.00000000e-10	2.84415748e+10	4.87331949e-03
1.16000000e+01	9.75292301e+00	1.78377028e+06	6.94274512e+04	1.45881808e+05	1.00000000e-09	1.45881808e+04	1.00000000e-10	1.40754547e+10	4.48033760e-03
1.17000000e+01	9.83699993e+00	1.78671876e+06	6.95422112e+04	1.00000000e-09	1.00000000e-09	1.00000000e-10	1.00000000e-10	0.00000000e+00	4.11904557e-03
1.18000000e+01	9.92107685e+00	1.78966725e+06	6.96569713e+04	1.00000000e-09	1.00000000e-09	1.00000000e-10	1.00000000e-10	0.00000000e+00	3.78688794e-03
1.19000000e+01	1.00051538e+01	1.79192718e+06	6.97449318e+04	1.00000000e-09	1.00000000e-09	1.00000000e-10	1.00000000e-10	0.00000000e+00	3.48151531e-03
1.20000000e+01	1.00892307e+01	1.79352726e+06	6.98072097e+04	1.00000000e-09	1.00000000e-09	1.00000000e-10	1.00000000e-10	0.00000000e+00	3.20076778e-03
1.21000000e+01	1.01733076e+01	1.79512734e+06	6.98694876e+04	1.60102326e+05	1.00000000e-09	1.60102326e+04	1.00000000e-10	1.54475261e+10	2.94265957e-03
1.22000000e+01	1.02573845e+01	1.79672742e+06	6.99317655e+04	2.81552567e+05	1.00000000e-09	2.81552567e+04	1.00000000e-10	2.71656930e+10	2.70536508e-03
1.23000000e+01	1.03414615e+01	1.79828095e+06	6.99922318e+04	2.92259720e+05	1.00000000e-09	2.92259720e+04	1.00000000e-10	2.81987762e+10	2.48720588e-03
1.24000000e+01	1.04255384e+01	1.79920173e+06	7.00280701e+04	1.46033594e+05	1.00000000e-09	1.46033594e+04	1.00000000e-10	1.40900998e+10	2.28663893e-03
1.25000000e+01	1.05096153e+01	1.79983603e+06	7.00527581e+04	3.94728112e+04	1.00000000e-09	3.94728112e+03	1.00000000e-10	3.80854730e+09	2.10224558e-03
1.26000000e+01	1.05936922e+01	1.80047033e+06	7.00774460e+04	1.38533365e+04	1.00000000e-09	1.38533365e+03	1.00000000e-10	1.33664377e+09	1.93272162e-03
1.27000000e+01	1.06777692e+01	1.80110462e+06	7.01021340e+04	1.66409384e+04	1.00000000e-09	1.66409384e+03	1.00000000e-10	1.60560647e+09	1.77686798e-03
1.28000000e+01	1.07618461e+01	1.80173892e+06	7.01268219e+04	5.35517578e+04	1.00000000e-09	5.35517578e+03	1.00000000e-10	5.16695914e+09	1.63358230e-03
1.29000000e+01	1.08459230e+01	1.80197339e+06	7.01359479e+04	5.93260878e+04	1.00000000e-09	5.93260878e+03	1.00000000e-10	5.72409728e+09	1.50185109e-03
1.30000000e+01	1.09299999e+01	1.80164455e+06	7.01231487e+04	1.67048839e-02	1.00000000e-09	1.67048839e-03	1.00000000e-10	1.61177617e+03	1.38074262e-03
1.31000000e+01	1.10140768e+01	1.80131570e+06	7.01103496e+04	8.00362403e-09	1.00000000e-09	8.00362403e-10	1.00000000e-10	6.75746991e-04	1.26940027e-03
1.32000000e+01	1.10981538e+01	1.80098686e+06	7.00975504e+04	8.89176005e-03	1.00000000e-09	8.89176005e-04	1.00000000e-10	8.57924325e+02	1.16703651e-03
1.33000000e+01	1.11822307e+01	1.80065802e+06	7.00847513e+04	3.15783887e+04	1.00000000e-09	3.15783887e+03	1.00000000e-10	3.04685132e+09	1.07292731e-03
1.34000000e+01	1.12663076e+01	1.79992376e+06	7.00561725e+04	8.65688785e+04	1.00000000e-09	8.65688785e+03	1.00000000e-10	8.35262699e+09	9.86407027e-04
1.35000000e+01	1.13503845e+01	1.79740936e+06	6.99583079e+04	1.59856049e+02	1.00000000e-09	1.59856049e+01	1.00000000e-10	1.54237640e+07	9.06863691e-04
1.36000000e+01	1.14344615e+01	1.79489067e+06	6.98602761e+04	8.78459383e+01	1.44777801e+00	8.78459383e+00	1.44777801e-01	8.33615519e+06	8.33734687e-04
1.37000000e+01	1.15185384e+01	1.79236962e+06	6.97621525e+04	3.21600307e+04	3.30901417e+01	3.21600307e+03	3.30901417e+00	3.09977853e+09	7.66502767e-04
1.38000000e+01	1.16026153e+01	1.78887268e+06	6.96260453e+04	3.34681474e+04	6.94547671e+00	3.34681474e+03	6.94547671e-01	3.22851518e+09	7.04692393e-04
1.39000000e+01	1.16866922e+01	1.78409306e+06	6.94400143e+04	4.82925687e+03	1.00000000e-09	4.82925687e+02	1.00000000e-10	4.65952453e+08	6.47866374e-04
1.40000000e+01	1.17707691e+01	1.77910283e+06	6.92457859e+04	1.00000000e-09	1.00000000e-09	1.00000000e-10	1.00000000e-10	0.00000000e+00	5.95622776e-04
1.41000000e+01	1.18548461e+01	1.77411260e+06	6.90515574e+04	1.00000000e-09	2.48305214e+01	1.00000000e-10	2.48305214e+00	-2.39578110e+06	5.47592073e-04
1.42000000e+01	1.19389230e+01	1.76912237e+06	6.88573290e+04	1.44141239e+02	3.92312560e+01	1.44141239e+01	3.92312560e+00	1.01222746e+07	5.03434541e-04
1.43000000e+01	1.20229999e+01	1.76412637e+06	6.86628757e+04	9.36343718e+01	1.00000000e-09	9.36343718e+00	1.00000000e-10	9.03434346e+06	4.62837848e-04
1.44000000e+01	1.21070768e+01	1.75912640e+06	6.84682681e+04	1.00000000e-09	1.00000000e-09	1.00000000e-10	1.00000000e-10	0.00000000e+00	4.25514851e-04
1.45000000e+01	1.21911538e+01	1.75412643e+06	6.82736605e+04	1.00000000e-09	3.49705290e+00	1.00000000e-10	3.49705290e-01	-3.37414310e+05	3.91201561e-04
1.46000000e+01	1.22752307e+01	1.74912645e+06	6.80790530e+04	4.10606063e+01	7.23760400e+01	4.10606063e+00	7.23760400e+00	-3.02148003e+06	3.59655276e-04
1.47000000e+01	1.23593076e+01	1.74412537e+06	6.78844019e+04	4.51936167e+01	1.00000000e-09	4.51936167e+00	1.00000000e-10	4.36052112e+06	3.30652866e-04
1.48000000e+01	1.24433845e+01	1.73912297e+06	6.76896998e+04	1.00000000e-09	1.00000000e-09	1.00000000e-10	1.00000000e-10	0.00000000e+00	3.03989196e-04
1.49000000e+01	1.25274615e+01	1.73412057e+06	6.74949978e+04	1.00000000e-09	1.00000000e-09	1.00000000e-10	1.00000000e-10	0.00000000e+00	2.79475669e-04
1.50000000e+01	1.26115384e+01	1.72911817e+06	6.73002957e+04	2.37661559e+01	8.79834127e+01	2.37661559e+00	8.79834127e+00	-6.19602335e+06	2.56938901e-04
1.51000000e+01	1.26956153e+01	1.72411520e+06	6.71055713e+04	3.11409198e+01	7.08117932e+01	3.11409198e+00	7.08117932e+00	-3.82765740e+06	2.36219485e-04
1.52000000e+01	1.27796922e+01	1.71911198e+06	6.69108374e+04	1.00000000e-09	1.00000000e-09	1.00000000e-10	1.00000000e-10	0.00000000e+00	2.17170872e-04
1.53000000e+01	1.28637691e+01	1.71410877e+06	6.67161035e+04	1.00000000e-09	1.00000000e-09	1.00000000e-10	1.00000000e-10	0.00000000e+00	1.99658328e-04
1.54000000e+01	1.29478461e+01	1.70910555e+06	6.65213696e+04	1.72385316e+01	4.91949236e+01	1.72385316e+00	4.91949236e+00	-3.08332310e+06	1.83557987e-04
1.55000000e+01	1.30319230e+01	1.70410157e+06	6.63266060e+04	2.75598974e+01	1.55526311e+02	2.75598974e+00	1.55526311e+01	-1.23468819e+07	1.68755969e-04
1.56000000e+01	1.31159999e+01	1.69909774e+06	6.61318482e+04	1.00000000e-09	1.00000000e-09	1.00000000e-10	1.00000000e-10	0.00000000e+00	1.55147578e-04
1.57000000e+01	1.32000768e+01	1.69409410e+06	6.59370978e+04	1.00000000e-09	1.00000000e-09	1.00000000e-10	1.00000000e-10	0.00000000e+00	1.42636560e-04
1.58000000e+01	1.32841538e+01	1.68909046e+06	6.57423473e+04	4.40681177e+00	1.00000000e-09	4.40681177e-01	1.00000000e-10	4.25192697e+05	1.31134424e-04
1.59000000e+01	1.33682307e+01	1.68408662e+06	6.55475893e+04	1.00000000e-09	1.64323991e+02	1.00000000e-10	1.64323991e+01	-1.58548549e+07	1.20559814e-04
1.60000000e+01	1.34523076e+01	1.67908409e+06	6.53528820e+04	1.00000000e-09	6.13963672e+01	1.00000000e-10	6.13963672e+00	-5.92384888e+06	1.10837935e-04
1.61000000e+01	1.35363845e+01	1.67408235e+06	6.51582056e+04	3.23170008e+00	1.00000000e-09	3.23170008e-01	1.00000000e-10	3.11811655e+05	1.01900023e-04
1.62000000e+01	1.36204614e+01	1.66908047e+06	6.49635237e+04	1.22074185e+00	1.00000000e-09	1.22074185e-01	1.00000000e-10	1.17783683e+05	9.36828597e-05
1.63000000e+01	1.37045384e+01	1.66407854e+06	6.47688396e+04	1.00000000e-09	9.92481444e+01	1.00000000e-10	9.92481444e+00	-9.57599018e+06	8.61283240e-05
1.64000000e+01	1.37886153e+01	1.65907754e+06	6.45741920e+04	1.00000000e-09	1.50591415e+02	1.00000000e-10	1.50591415e+01	-1.45298627e+07	7.91829819e-05
1.65000000e+01	1.38726922e+01	1.65407780e+06	6.43795936e+04	7.74895983e-01	1.00000000e-09	7.74895983e-02	1.00000000e-10	7.47660961e+04	7.27977085e-05
1.66000000e+01	1.39567691e+01	1.64907803e+06	6.41849939e+04	1.70137691e+00	1.00000000e-09	1.70137691e-01	1.00000000e-10	1.64157916e+05	6.69273402e-05
1.67000000e+01	1.40408461e+01	1.64407819e+06	6.39903912e+04	1.39550787e-01	1.00000000e-09	1.39550787e-02	1.00000000e-10	1.34646039e+04	6.15303552e-05
1.68000000e+01	1.41249230e+01	1.63907870e+06	6.37958022e+04	1.00000000e-09	1.73904696e+02	1.00000000e-10	1.73904696e+01	-1.67792523e+07	5.65685802e-05
1.69000000e+01	1.42089999e+01	1.63408068e+06	6.36012705e+04	1.00000000e-09	1.47256930e+01	1.00000000e-10	1.47256930e+00	-1.42081338e+06	5.20069201e-05
1.70000000e+01	1.42930768e+01	1.62908265e+06	6.34067388e+04	1.18671225e-02	1.00000000e-09	1.18671225e-03	1.00000000e-10	1.14500316e+03	4.78131098e-05
1.71000000e+01	1.43771537e+01	1.62408463e+06	6.32122071e+04	1.32841638e-02	1.00000000e-09	1.32841638e-03	1.00000000e-10	1.28172686e+03	4.39574862e-05
1.72000000e+01	1.44612307e+01	1.61908661e+06	6.30176754e+04	1.00000000e-09	1.14810634e+02	1.00000000e-10	1.14810634e+01	-1.10775421e+07	4.04127779e-05
1.73000000e+01	1.45453076e+01	1.61408995e+06	6.28231966e+04	1.00000000e-09	8.23584750e+01	1.00000000e-10	8.23584750e+00	-7.94638482e+06	3.71539131e-05
1.74000000e+01	1.46293845e+01	1.60909378e+06	6.26287368e+04	4.05724055e-03	1.00000000e-09	4.05724055e-04	1.00000000e-10	3.91464105e+02	3.41578414e-05
1.75000000e+01	1.47134614e+01	1.60409760e+06	6.24342771e+04	8.98569468e-03	1.00000000e-09	8.98569468e-04	1.00000000e-10	8.66987639e+02	3.14033713e-05
1.76000000e+01	1.47975384e+01	1.59910143e+06	6.22398173e+04	1.00000000e-09	3.14142770e+01	1.00000000e-10	3.14142770e+00	-3.03101695e+06	2.88710202e-05
1.77000000e+01	1.48816153e+01	1.59410622e+06	6.20453948e+04	1.00000000e-09	9.59375293e+01	1.00000000e-10	9.59375293e+00	-9.25656438e+06	2.65428765e-05
1.78000000e+01	1.49656922e+01	1.58911193e+06	6.18510083e+04	2.98772819e-04	1.00000000e-09	2.98772819e-05	1.00000000e-10	2.88270981e+01	2.44024731e-05
1.79000000e+01	1.50497691e+01	1.58411764e+06	6.16566219e+04	7.49259384e-03	1.00000000e-09	7.49259384e-04	1.00000000e-10	7.22925309e+02	2.24346707e-05
1.80000000e+01	1.51338460e+01	1.57912335e+06	6.14622354e+04	3.16879595e-03	1.00000000e-09	3.16879595e-04	1.00000000e-10	3.05742233e+02	2.06255509e-05
1.81000000e+01	1.52179230e+01	1.57412943e+06	6.12678637e+04	1.00000000e-09	7.99816424e+01	1.00000000e-10	7.99816424e+00	-7.71705533e+06	1.89623175e-05
1.82000000e+01	1.53019999e+01	1.56913660e+06	6.10735337e+04	1.00000000e-09	4.32483416e+00	1.00000000e-10	4.32483416e-01	-4.17283060e+05	1.74332063e-05
1.83000000e+01	1.53860768e+01	1.56414376e+06	6.08792037e+04	1.00000000e-09	1.00000000e-09	1.00000000e-10	1.00000000e-10	0.00000000e+00	1.60274019e-05
1.84000000e+01	1.54701537e+01	1.55915092e+06	6.06848736e+04	7.11525933e-06	1.00000000e-09	7.11525933e-07	1.00000000e-10	6.86421675e-01	1.47349607e-05
1.85000000e+01	1.55542307e+01	1.55415808e+06	6.04905436e+04	1.00000000e-09	5.49406902e+01	1.00000000e-10	5.49406902e+00	-5.30097075e+06	1.35467414e-05
1.86000000e+01	1.56383076e+01	1.54916614e+06	6.02962487e+04	1.00000000e-09	2.15434240e+01	1.00000000e-10	2.15434240e+00	-2.07862442e+06	1.24543394e-05
1.87000000e+01	1.57223845e+01	1.54417466e+06	6.01019716e+04	3.27434651e-04	1.00000000e-09	3.27434651e-05	1.00000000e-10	3.15925446e+01	1.14500281e-05
1.88000000e+01	1.58064614e+01	1.53918318e+06	5.99076944e+04	2.47451645e-05	1.00000000e-09	2.47451645e-06	1.00000000e-10	2.38744893e+00	1.05267039e-05
1.89000000e+01	1.58905384e+01	1.53419170e+06	5.97134173e+04	1.00000000e-09	4.01973387e+01	1.00000000e-10	4.01973387e+00	-3.87845358e+06	9.67783615e-06
1.90000000e+01	1.59746153e+01	1.52920069e+06	5.95191586e+04	1.00000000e-09	5.13456250e+01	1.00000000e-10	5.13456250e+00	-4.95409968e+06	8.89742061e-06
1.91000000e+01	1.60586922e+01	1.52421046e+06	5.93249303e+04	1.72738677e-04	1.00000000e-09	1.72738677e-05	1.00000000e-10	1.66666521e+01	8.17993736e-06
1.92000000e+01	1.61427691e+01	1.51922024e+06	5.91307020e+04	3.08327434e-05	1.00000000e-09	3.08327434e-06	1.00000000e-10	2.97481100e+00	7.52031158e-06
1.93000000e+01	1.62268460e+01	1.51423001e+06	5.89364737e+04	1.00000000e-09	1.62642628e+01	1.00000000e-10	1.62642628e+00	-1.56926280e+06	6.91387767e-06
1.94000000e+01	1.63109230e+01	1.50923979e+06	5.87422454e+04	1.00000000e-09	8.96333988e+01	1.00000000e-10	8.96333988e+00	-8.64830826e+06	6.35634627e-06
1.95000000e+01	1.63949999e+01	1.50425037e+06	5.85480485e+04	1.13232028e-04	1.00000000e-09	1.13232028e-05	1.00000000e-10	1.09251333e+01	5.84377390e-06
1.96000000e+01	1.64790768e+01	1.49926125e+06	5.83538632e+04	3.53782122e-05	1.00000000e-09	3.53782122e-06	1.00000000e-10	3.41338207e+00	5.37253509e-06
1.97000000e+01	1.65631537e+01	1.49427213e+06	5.81596779e+04	1.00000000e-09	1.00000000e-09	1.00000000e-10	1.00000000e-10	0.00000000e+00	4.93929673e-06
1.98000000e+01	1.66472307e+01	1.48928300e+06	5.79654926e+04	1.00000000e-09	9.24441376e+01	1.00000000e-10	9.24441376e+00	-8.91950332e+06	4.54099448e-06
1.99000000e+01	1.67313076e+01	1.48429442e+06	5.77713282e+04	8.09025019e-05	6.03195352e+01	8.09025019e-06	6.03195352e+00	-5.81994258e+06	4.17481111e-06
2.00000000e+01	1.68153845e+01	1.47930657e+06	5.75771922e+04	4.04693870e-05	1.00000000e-09	4.04693870e-06	1.00000000e-10	3.90460576e+00	3.83815657e-06
2.01000000e+01	1.68994614e+01	1.47431871e+06	5.73830563e+04	1.00000000e-09	1.00000000e-09	1.00000000e-10	1.00000000e-10	0.00000000e+00	3.52864967e-06
2.02000000e+01	1.69835383e+01	1.46933086e+06	5.71889203e+04	1.00000000e-09	4.44588377e+01	1.00000000e-10	4.44588377e+00	-4.28962572e+06	3.24410125e-06
2.03000000e+01	1.70676153e+01	1.46434307e+06	5.69947869e+04	5.91213836e-05	1.32502042e+02	5.91213836e-06	1.32502042e+01	-1.27844978e+07	2.98249865e-06
2.04000000e+01	1.71516922e+01	1.45935619e+06	5.68006889e+04	4.79353601e-05	1.00000000e-09	4.79353601e-06	1.00000000e-10	4.62496266e+00	2.74199155e-06
2.05000000e+01	1.72357691e+01	1.45436950e+06	5.66065981e+04	1.00000000e-09	1.00000000e-09	1.00000000e-10	1.00000000e-10	0.00000000e+00	2.52087882e-06
2.06000000e+01	1.73198460e+01	1.44938281e+06	5.64125073e+04	1.00000000e-09	1.00000000e-09	1.00000000e-10	1.00000000e-10	0.00000000e+00	2.31759650e-06
2.07000000e+01	1.74039230e+01	1.44439611e+06	5.62184165e+04	3.93524687e-05	1.29951542e+02	3.93524687e-06	1.29951542e+01	-1.25384139e+07	2.13070675e-06
2.08000000e+01	1.74879999e+01	1.43941021e+06	5.60243565e+04	6.23411437e-05	7.51212652e+01	6.23411437e-06	7.51212652e+00	-7.24809421e+06	1.95888770e-06
2.09000000e+01	1.75720768e+01	1.43442499e+06	5.58303229e+04	1.00000000e-09	1.00000000e-09	1.00000000e-10	1.00000000e-10	0.00000000e+00	1.80092404e-06
2.10000000e+01	1.76561537e+01	1.42943976e+06	5.56362893e+04	1.00000000e-09	1.00000000e-09	1.00000000e-10	1.00000000e-10	0.00000000e+00	1.65569849e-06
2.11000000e+01	1.77402306e+01	1.42445454e+06	5.54422556e+04	1.00000000e-09	5.64945563e+01	1.00000000e-10	5.64945563e+00	-5.45089603e+06	1.52218384e-06
2.12000000e+01	1.78243076e+01	1.41946973e+06	5.52482380e+04	9.73803782e-05	1.47685717e+02	9.73803782e-06	1.47685717e+01	-1.42494961e+07	1.39943575e-06
2.13000000e+01	1.79083845e+01	1.41448590e+06	5.50542588e+04	6.01885251e-05	1.00000000e-09	6.01885251e-06	1.00000000e-10	5.80721335e+00	1.28658600e-06
2.14000000e+01	1.79924614e+01	1.40950207e+06	5.48602796e+04	3.27920944e-06	1.00000000e-09	3.27920944e-07	1.00000000e-10	3.16299127e-01	1.18283639e-06
2.15000000e+01	1.80765383e+01	1.40451825e+06	5.46663004e+04	1.00000000e-09	1.00000000e-09	1.00000000e-10	1.00000000e-10	0.00000000e+00	1.08745310e-06
2.16000000e+01	1.81606153e+01	1.39953442e+06	5.44723211e+04	1.00000000e-09	1.40926792e+02	1.00000000e-10	1.40926792e+01	-1.35973684e+07	9.99761460e-07
2.17000000e+01	1.82446922e+01	1.39455161e+06	5.42783814e+04	4.04273500e-06	6.46007368e+01	4.04273500e-07	6.46007368e+00	-6.23302316e+06	9.19141229e-07
2.18000000e+01	1.83287691e+01	1.38956916e+06	5.40844558e+04	1.40940343e-06	1.00000000e-09	1.40940343e-07	1.00000000e-10	1.35890272e-01	8.45022171e-07
2.19000000e+01	1.84128460e+01	1.38458671e+06	5.38905302e+04	1.00000000e-09	1.00000000e-09	1.00000000e-10	1.00000000e-10	0.00000000e+00	7.76880034e-07
2.20000000e+01	1.84969229e+01	1.37960426e+06	5.36966047e+04	1.00000000e-09	6.09376196e+01	1.00000000e-10	6.09376196e+00	-5.87958646e+06	7.14232843e-07
2.21000000e+01	1.85809999e+01	1.37462256e+06	5.35027081e+04	3.22913343e-06	1.19921156e+02	3.22913343e-07	1.19921156e+01	-1.15706322e+07	6.56637488e-07
2.22000000e+01	1.86650768e+01	1.36964166e+06	5.33088428e+04	1.75004496e-06	1.00000000e-09	1.75004496e-07	1.00000000e-10	1.68757184e-01	6.03686592e-07
2.23000000e+01	1.87491537e+01	1.36466076e+06	5.31149774e+04	3.59086044e-08	1.00000000e-09	3.59086044e-09	1.00000000e-10	3.36816829e-03	5.55005627e-07
2.24000000e+01	1.88332306e+01	1.35967986e+06	5.29211121e+04	1.00000000e-09	1.00000000e-09	1.00000000e-10	1.00000000e-10	0.00000000e+00	5.10250270e-07
2.25000000e+01	1.89173076e+01	1.35469921e+06	5.27272566e+04	1.00000000e-09	1.13524515e+02	1.00000000e-10	1.13524515e+01	-1.09534505e+07	4.69103960e-07
2.26000000e+01	1.90013845e+01	1.34971957e+06	5.25334401e+04	3.94706280e-08	3.08605872e+01	3.94706280e-09	3.08605872e+00	-2.97759400e+06	4.31275667e-07
2.27000000e+01	1.90854614e+01	1.34473994e+06	5.23396243e+04	1.49592017e-08	1.00000000e-09	1.49592017e-09	1.00000000e-10	1.34685822e-03	3.96497828e-07
2.28000000e+01	1.91695383e+01	1.33976031e+06	5.21458085e+04	1.00000000e-09	1.00000000e-09	1.00000000e-10	1.00000000e-10	0.00000000e+00	3.64524455e-07
2.29000000e+01	1.92536153e+01	1.33478068e+06	5.19519926e+04	1.00000000e-09	5.64768188e+01	1.00000000e-10	5.64768188e+00	-5.44918462e+06	3.35129397e-07
2.30000000e+01	1.93376922e+01	1.32980194e+06	5.17582115e+04	1.96565029e-08	6.03297332e+01	1.96565029e-09	6.03297332e+00	-5.82093434e+06	3.08104742e-07
2.31000000e+01	1.94217691e+01	1.32482377e+06	5.15644523e+04	1.06953221e-08	1.00000000e-09	1.06953221e-09	1.00000000e-10	9.35456370e-04	2.83259340e-07
2.32000000e+01	1.95058460e+01	1.31984560e+06	5.13706931e+04	1.00000000e-09	1.00000000e-09	1.00000000e-10	1.00000000e-10	0.00000000e+00	2.60417458e-07
2.33000000e+01	1.95899229e+01	1.31486742e+06	5.11769339e+04	1.00000000e-09	1.09737663e+01	1.00000000e-10	1.09737663e+00	-1.05880749e+06	2.39417533e-07
2.34000000e+01	1.96739999e+01	1.30988974e+06	5.09831938e+04	1.32909852e-08	6.76976949e+01	1.32909852e-09	6.76976949e+00	-6.53183458e+06	2.20111031e-07
2.35000000e+01	1.97580768e+01	1.30491300e+06	5.07894905e+04	9.07623544e-09	1.00000000e-09	9.07623544e-10	1.00000000e-10	7.79238258e-04	2.02361395e-07
2.36000000e+01	1.98421537e+01	1.29993627e+06	5.05957873e+04	1.00000000e-09	1.00000000e-09	1.00000000e-10	1.00000000e-10	0.00000000e+00	1.86043080e-07
2.37000000e+01	1.99262306e+01	1.29495953e+06	5.04020840e+04	1.00000000e-09	1.00000000e-09	1.00000000e-10	1.00000000e-10	0.00000000e+00	1.71040665e-07
2.38000000e+01	2.00103076e+01	1.28998280e+06	5.02083808e+04	1.06637339e-08	7.63454000e+01	1.06637339e-09	7.63454000e+00	-7.36621128e+06	1.57248037e-07
2.39000000e+01	2.00943845e+01	1.28500711e+06	5.00147183e+04	8.39116457e-09	1.00000000e-09	8.39116457e-10	1.00000000e-10	7.13138968e-04	1.44567640e-07
2.40000000e+01	2.01784614e+01	1.28003180e+06	4.98210706e+04	1.00000000e-09	1.00000000e-09	1.00000000e-10	1.00000000e-10	0.00000000e+00	1.32909782e-07
2.41000000e+01	2.02625383e+01	1.27505649e+06	4.96274228e+04	1.00000000e-09	1.00000000e-09	1.00000000e-10	1.00000000e-10	0.00000000e+00	1.22192009e-07
2.42000000e+01	2.03466152e+01	1.27008118e+06	4.94337751e+04	1.03360915e-08	7.81206615e+01	1.03360915e-09	7.81206615e+00	-7.53749797e+06	1.12338510e-07
2.43000000e+01	2.04306922e+01	1.26510670e+06	4.92401596e+04	8.20456519e-09	3.85473100e+01	8.20456519e-10	3.85473100e+00	-3.71925001e+06	1.03279593e-07
2.44000000e+01	2.05147691e+01	1.26013315e+06	4.90465805e+04	1.00000000e-09	1.00000000e-09	1.00000000e-10	1.00000000e-10	0.00000000e+00	9.49511815e-08
2.45000000e+01	2.05988460e+01	1.25515960e+06	4.88530013e+04	1.00000000e-09	1.00000000e-09	1.00000000e-10	1.00000000e-10	0.00000000e+00	8.72943689e-08
2.46000000e+01	2.06829229e+01	1.25018605e+06	4.86594221e+04	1.63223224e-08	6.16428380e+01	1.63223224e-09	6.16428380e+00	-5.94762970e+06	8.02549976e-08
2.47000000e+01	2.07669999e+01	1.24521285e+06	4.84658563e+04	9.30449827e-09	1.08374167e+02	9.30449827e-10	1.08374167e+01	-1.04565175e+07	7.37832774e-08
2.48000000e+01	2.08510768e+01	1.24024091e+06	4.82723400e+04	1.00000000e-09	1.00000000e-09	1.00000000e-10	1.00000000e-10	0.00000000e+00	6.78334333e-08
2.49000000e+01	2.09351537e+01	1.23526898e+06	4.80788237e+04	1.00000000e-09	1.00000000e-09	1.00000000e-10	1.00000000e-10	0.00000000e+00	6.23633815e-08
2.50000000e+01	2.10192306e+01	1.23029705e+06	4.78853074e+04	1.00000000e-09	1.26211575e+00	1.00000000e-10	1.26211575e-01	-1.21775658e+05	5.73344317e-08
2.51000000e+01	2.11033075e+01	1.22532512e+06	4.76917912e+04	1.00000000e-09	1.49398837e+02	1.00000000e-10	1.49398837e+01	-1.44147964e+07	5.27110137e-08
2.52000000e+01	2.11873845e+01	1.22035450e+06	4.74983259e+04	1.00000000e-09	1.39298124e+00	1.00000000e-10	1.39298124e-01	-1.34402257e+05	4.84604257e-08
2.53000000e+01	2.12714614e+01	1.21538441e+06	4.73048816e+04	1.00000000e-09	1.00000000e-09	1.00000000e-10	1.00000000e-10	0.00000000e+00	4.45526029e-08
2.54000000e+01	2.13555383e+01	1.21041433e+06	4.71114373e+04	1.00000000e-09	1.00000000e-09	1.00000000e-10	1.00000000e-10	0.00000000e+00	4.09599048e-08
2.55000000e+01	2.14396152e+01	1.20544425e+06	4.69179931e+04	1.00000000e-09	1.30757071e+02	1.00000000e-10	1.30757071e+01	-1.26161394e+07	3.76569199e-08
2.56000000e+01	2.15236922e+01	1.20047520e+06	4.67245891e+04	1.00000000e-09	1.02882054e+02	1.00000000e-10	1.02882054e+01	-9.92660914e+06	3.46202860e-08
2.57000000e+01	2.16077691e+01	1.19550722e+06	4.65312265e+04	1.00000000e-09	1.00000000e-09	1.00000000e-10	1.00000000e-10	0.00000000e+00	3.18285246e-08
2.58000000e+01	2.16918460e+01	1.19053924e+06	4.63378640e+04	1.00000000e-09	1.00000000e-09	1.00000000e-10	1.00000000e-10	0.00000000e+00	2.92618894e-08
2.59000000e+01	2.17759229e+01	1.18557126e+06	4.61445015e+04	1.00000000e-09	4.81186908e+01	1.00000000e-10	4.81186908e+00	-4.64274786e+06	2.69022262e-08
2.60000000e+01	2.18599998e+01	1.18060380e+06	4.59511596e+04	1.00000000e-09	1.69298004e+02	1.00000000e-10	1.69298004e+01	-1.63347742e+07	2.47328451e-08
2.61000000e+01	2.19440768e+01	1.17563770e+06	4.57578702e+04	1.00000000e-09	1.00000000e-09	1.00000000e-10	1.00000000e-10	0.00000000e+00	2.27384017e-08
2.62000000e+01	2.20281537e+01	1.17067160e+06	4.55645808e+04	1.00000000e-09	1.00000000e-09	1.00000000e-10	1.00000000e-10	0.00000000e+00	2.09047891e-08
2.63000000e+01	2.21122306e+01	1.16570550e+06	4.53712915e+04	1.00000000e-09	1.00000000e-09	1.00000000e-10	1.00000000e-10	0.00000000e+00	1.92190381e-08
2.64000000e+01	2.21963075e+01	1.16073939e+06	4.51780021e+04	1.00000000e-09	1.57669706e+02	1.00000000e-10	1.57669706e+01	-1.52128139e+07	1.76692251e-08
2.65000000e+01	2.22803845e+01	1.15577463e+06	4.49847647e+04	1.00000000e-09	6.56747489e+01	1.00000000e-10	6.56747489e+00	-6.33664996e+06	1.62443882e-08
2.66000000e+01	2.23644614e+01	1.15081009e+06	4.47915364e+04	1.00000000e-09	1.00000000e-09	1.00000000e-10	1.00000000e-10	0.00000000e+00	1.49344494e-08
2.67000000e+01	2.24485383e+01	1.14584556e+06	4.45983080e+04	1.00000000e-09	1.00000000e-09	1.00000000e-10	1.00000000e-10	0.00000000e+00	1.37301434e-08
2.68000000e+01	2.25326152e+01	1.14088102e+06	4.44050797e+04	1.00000000e-09	6.63319800e+01	1.00000000e-10	6.63319800e+00	-6.40006312e+06	1.26229520e-08
2.69000000e+01	2.26166921e+01	1.13591752e+06	4.42118917e+04	1.00000000e-09	1.11850861e+02	1.00000000e-10	1.11850861e+01	-1.07919675e+07	1.16050438e-08
2.70000000e+01	2.27007691e+01	1.13095467e+06	4.40187285e+04	1.00000000e-09	1.00000000e-09	1.00000000e-10	1.00000000e-10	0.00000000e+00	1.06692193e-08
2.71000000e+01	2.27848460e+01	1.12599181e+06	4.38255654e+04	1.00000000e-09	1.00000000e-09	1.00000000e-10	1.00000000e-10	0.00000000e+00	9.80885916e-09
2.72000000e+01	2.28689229e+01	1.12102895e+06	4.36324022e+04	1.00000000e-09	1.00000000e-09	1.00000000e-10	1.00000000e-10	0.00000000e+00	9.01787799e-09
2.73000000e+01	2.29529998e+01	1.11606666e+06	4.34392613e+04	1.00000000e-09	8.96134711e+01	1.00000000e-10	8.96134711e+00	-8.64638552e+06	8.29068113e-09
2.74000000e+01	2.30370768e+01	1.11110514e+06	4.32461506e+04	1.00000000e-09	2.71458340e+01	1.00000000e-10	2.71458340e+00	-2.61917481e+06	7.62212503e-09
2.75000000e+01	2.31211537e+01	1.10614363e+06	4.30530399e+04	1.00000000e-09	1.00000000e-09	1.00000000e-10	1.00000000e-10	0.00000000e+00	7.00748093e-09
2.76000000e+01	2.32052306e+01	1.10118212e+06	4.28599291e+04	1.00000000e-09	1.00000000e-09	1.00000000e-10	1.00000000e-10	0.00000000e+00	6.44240141e-09
2.77000000e+01	2.32893075e+01	1.09622070e+06	4.26668219e+04	1.00000000e-09	3.61640908e+01	1.00000000e-10	3.61640908e+00	-3.48930431e+06	5.92288960e-09
2.78000000e+01	2.33733845e+01	1.09125990e+06	4.24737389e+04	1.00000000e-09	4.94377652e+01	1.00000000e-10	4.94377652e+00	-4.77001920e+06	5.44527095e-09
2.79000000e+01	2.34574614e+01	1.08629918e+06	4.22806591e+04	1.00000000e-09	1.00000000e-09	1.00000000e-10	1.00000000e-10	0.00000000e+00	5.00616720e-09
2.80000000e+01	2.35415383e+01	1.08133846e+06	4.20875793e+04	1.00000000e-09	1.00000000e-09	1.00000000e-10	1.00000000e-10	0.00000000e+00	4.60247255e-09
2.81000000e+01	2.36256152e+01	1.07637774e+06	4.18944995e+04	1.00000000e-09	1.00000000e-09	1.00000000e-10	1.00000000e-10	0.00000000e+00	4.23133162e-09
2.82000000e+01	2.37096921e+01	1.07141726e+06	4.17014289e+04	1.00000000e-09	3.62624920e+01	1.00000000e-10	3.62624920e+00	-3.49879858e+06	3.89011930e-09
2.83000000e+01	2.37937691e+01	1.06645708e+06	4.15083701e+04	1.00000000e-09	1.61440563e+01	1.00000000e-10	1.61440563e+00	-1.55766463e+06	3.57642216e-09
2.84000000e+01	2.38778460e+01	1.06149690e+06	4.13153112e+04	1.00000000e-09	1.00000000e-09	1.00000000e-10	1.00000000e-10	0.00000000e+00	3.28802138e-09
2.85000000e+01	2.39619229e+01	1.05653672e+06	4.11222523e+04	1.00000000e-09	1.00000000e-09	1.00000000e-10	1.00000000e-10	0.00000000e+00	3.02287709e-09
2.86000000e+01	2.40459998e+01	1.05157654e+06	4.09291934e+04	1.00000000e-09	1.20523702e+01	1.00000000e-10	1.20523702e+00	-1.16287694e+06	2.77911390e-09
2.87000000e+01	2.41300768e+01	1.04661659e+06	4.07361434e+04	1.00000000e-09	2.39225795e+01	1.00000000e-10	2.39225795e+00	-2.30817802e+06	2.55500764e-09
2.88000000e+01	2.42141537e+01	1.04165695e+06	4.05431055e+04	1.00000000e-09	1.00000000e-09	1.00000000e-10	1.00000000e-10	0.00000000e+00	2.34897319e-09
2.89000000e+01	2.42982306e+01	1.03669731e+06	4.03500677e+04	1.00000000e-09	1.00000000e-09	1.00000000e-10	1.00000000e-10	0.00000000e+00	2.15955324e-09
2.90000000e+01	2.43823075e+01	1.03173767e+06	4.01570299e+04	1.00000000e-09	5.07055020e-01	1.00000000e-10	5.07055020e-02	-4.89233719e+04	1.98540802e-09
2.91000000e+01	2.44663844e+01	1.02677803e+06	3.99639921e+04	1.00000000e-09	3.33188181e+01	1.00000000e-10	3.33188181e+00	-3.21477723e+06	1.82530578e-09
2.92000000e+01	2.45504614e+01	1.02181904e+06	3.97709794e+04	1.00000000e-09	1.00000000e-09	1.00000000e-10	1.00000000e-10	0.00000000e+00	1.67811410e-09
2.93000000e+01	2.46345383e+01	1.01686035e+06	3.95779788e+04	1.00000000e-09	1.00000000e-09	1.00000000e-10	1.00000000e-10	0.00000000e+00	1.54279187e-09
2.94000000e+01	2.47186152e+01	1.01190167e+06	3.93849782e+04	1.00000000e-09	1.00000000e-09	1.00000000e-10	1.00000000e-10	0.00000000e+00	1.41838196e-09
2.95000000e+01	2.48026921e+01	1.00694298e+06	3.91919775e+04	1.00000000e-09	5.53005172e+01	1.00000000e-10	5.53005172e+00	-5.33568877e+06	1.30400439e-09
2.96000000e+01	2.48867691e+01	1.00198501e+06	3.89990045e+04	1.00000000e-09	1.75144181e-02	1.00000000e-10	1.75144181e-03	-1.68988435e+03	1.19885018e-09
2.97000000e+01	2.49708460e+01	9.97027914e+05	3.88060657e+04	1.00000000e-09	1.00000000e-09	1.00000000e-10	1.00000000e-10	0.00000000e+00	1.10217554e-09
2.98000000e+01	2.50549229e+01	9.92070819e+05	3.86131270e+04	1.00000000e-09	1.00000000e-09	1.00000000e-10	1.00000000e-10	0.00000000e+00	1.01329669e-09
2.99000000e+01	2.51389998e+01	9.87113725e+05	3.84201882e+04	1.00000000e-09	7.72346573e+01	1.00000000e-10	7.72346573e+00	-7.45201156e+06	9.31584987e-10
3.00000000e+01	2.52230767e+01	9.82157086e+05	3.82272672e+04	1.00000000e-09	6.88185648e+01	1.00000000e-10	6.88185648e+00	-6.63998208e+06	8.56462471e-10
3.01000000e+01	2.53071537e+01	9.77201853e+05	3.80344009e+04	1.00000000e-09	1.00000000e-09	1.00000000e-10	1.00000000e-10	0.00000000e+00	7.87397794e-10
3.02000000e+01	2.53912306e+01	9.72246620e+05	3.78415345e+04	1.00000000e-09	1.00000000e-09	1.00000000e-10	1.00000000e-10	0.00000000e+00	7.23902457e-10
3.03000000e+01	2.54753075e+01	9.67291387e+05	3.76486682e+04	1.00000000e-09	5.34207850e+01	1.00000000e-10	5.34207850e+00	-5.15432218e+06	6.65527349e-10
3.04000000e+01	2.55593844e+01	9.62336154e+05	3.74558019e+04	1.00000000e-09	1.59702800e+02	1.00000000e-10	1.59702800e+01	-1.54089777e+07	6.11859579e-10
3.05000000e+01	2.56434614e+01	9.57382647e+05	3.72630028e+04	1.00000000e-09	1.00000000e-09	1.00000000e-10	1.00000000e-10	0.00000000e+00	5.62519549e-10
3.06000000e+01	2.57275383e+01	9.52429364e+05	3.70702123e+04	1.00000000e-09	1.00000000e-09	1.00000000e-10	1.00000000e-10	0.00000000e+00	5.17158273e-10
3.07000000e+01	2.58116152e+01	9.47476080e+05	3.68774219e+04	1.00000000e-09	1.00000000e-09	1.00000000e-10	1.00000000e-10	0.00000000e+00	4.75454906e-10
3.08000000e+01	2.58956921e+01	9.42522796e+05	3.66846315e+04	1.00000000e-09	1.88177198e+02	1.00000000e-10	1.88177198e+01	-1.81563395e+07	4.37114476e-10
3.09000000e+01	2.59797690e+01	9.37571250e+05	3.64919086e+04	1.00000000e-09	3.72849074e+01	1.00000000e-10	3.72849074e+00	-3.59744667e+06	4.01865798e-10
3.10000000e+01	2.60638460e+01	9.32620630e+05	3.62992219e+04	1.00000000e-09	1.00000000e-09	1.00000000e-10	1.00000000e-10	0.00000000e+00	3.69459555e-10
3.11000000e+01	2.61479229e+01	9.27670009e+05	3.61065351e+04	1.00000000e-09	1.00000000e-09	1.00000000e-10	1.00000000e-10	0.00000000e+00	3.39666533e-10
3.12000000e+01	2.62319998e+01	9.22719389e+05	3.59138483e+04	1.00000000e-09	1.42712002e+02	1.00000000e-10	1.42712002e+01	-1.37696149e+07	3.12276006e-10
3.13000000e+01	2.63160767e+01	9.17770192e+05	3.57212169e+04	1.00000000e-09	1.45193158e+02	1.00000000e-10	1.45193158e+01	-1.40090100e+07	2.87094235e-10
3.14000000e+01	2.64001537e+01	9.12822527e+05	3.55286452e+04	1.00000000e-09	1.00000000e-09	1.00000000e-10	1.00000000e-10	0.00000000e+00	2.63943109e-10
3.15000000e+01	2.64842306e+01	9.07874863e+05	3.53360734e+04	1.00000000e-09	1.00000000e-09	1.00000000e-10	1.00000000e-10	0.00000000e+00	2.42658878e-10
3.16000000e+01	2.65683075e+01	9.02927198e+05	3.51435017e+04	1.00000000e-09	3.78252861e+01	1.00000000e-10	3.78252861e+00	-3.64958529e+06	2.23090996e-10
3.17000000e+01	2.66523844e+01	8.97980389e+05	3.49509633e+04	1.00000000e-09	1.96457074e+02	1.00000000e-10	1.96457074e+01	-1.89552260e+07	2.05101057e-10
3.18000000e+01	2.67364614e+01	8.93035479e+05	3.47584987e+04	1.00000000e-09	1.00000000e-09	1.00000000e-10	1.00000000e-10	0.00000000e+00	1.88561817e-10
3.19000000e+01	2.68205383e+01	8.88090569e+05	3.45660342e+04	1.00000000e-09	1.00000000e-09	1.00000000e-10	1.00000000e-10	0.00000000e+00	1.73356293e-10
3.20000000e+01	2.69046152e+01	8.83145659e+05	3.43735697e+04	1.00000000e-09	1.00000000e-09	1.00000000e-10	1.00000000e-10	0.00000000e+00	1.59376934e-10
3.21000000e+01	2.69886921e+01	8.78200926e+05	3.41811121e+04	1.00000000e-09	1.73218767e+02	1.00000000e-10	1.73218767e+01	-1.67130703e+07	1.46524863e-10
3.22000000e+01	2.70727690e+01	8.73258140e+05	3.39887302e+04	1.00000000e-09	4.82453487e+01	1.00000000e-10	4.82453487e+00	-4.65496849e+06	1.34709176e-10
3.23000000e+01	2.71568460e+01	8.68315355e+05	3.37963484e+04	1.00000000e-09	1.00000000e-09	1.00000000e-10	1.00000000e-10	0.00000000e+00	1.23846300e-10
3.24000000e+01	2.72409229e+01	8.63372569e+05	3.36039665e+04	1.00000000e-09	1.00000000e-09	1.00000000e-10	1.00000000e-10	0.00000000e+00	1.13859401e-10
3.25000000e+01	2.73249998e+01	8.58429783e+05	3.34115847e+04	1.00000000e-09	8.30365275e+01	1.00000000e-10	8.30365275e+00	-8.01180694e+06	1.04677839e-10
3.26000000e+01	2.74090767e+01	8.53488691e+05	3.32192688e+04	1.00000000e-09	7.15111286e+01	1.00000000e-10	7.15111286e+00	-6.89977499e+06	9.62366743e-11
3.27000000e+01	2.74931537e+01	8.48548014e+05	3.30269690e+04	1.00000000e-09	1.00000000e-09	1.00000000e-10	1.00000000e-10	0.00000000e+00	8.84762003e-11
3.28000000e+01	2.75772306e+01	8.43607338e+05	3.28346692e+04	1.00000000e-09	1.00000000e-09	1.00000000e-10	1.00000000e-10	0.00000000e+00	8.13415267e-11
3.29000000e+01	2.76613075e+01	8.38666661e+05	3.26423695e+04	1.00000000e-09	1.36365787e+01	1.00000000e-10	1.36365787e+00	-1.31572982e+06	7.47821894e-11
3.30000000e+01	2.77453844e+01	8.33727221e+05	3.24501179e+04	1.00000000e-09	4.39969100e+01	1.00000000e-10	4.39969100e+00	-4.24505647e+06	6.87517936e-11
3.31000000e+01	2.78294613e+01	8.28788451e+05	3.22578923e+04	1.00000000e-09	1.00000000e-09	1.00000000e-10	1.00000000e-10	0.00000000e+00	6.32076857e-11
3.32000000e+01	2.79135383e+01	8.23849681e+05	3.20656668e+04	1.00000000e-09	1.00000000e-09	1.00000000e-10	1.00000000e-10	0.00000000e+00	5.81106517e-11
3.33000000e+01	2.79976152e+01	8.18910911e+05	3.18734413e+04	1.00000000e-09	1.00000000e-09	1.00000000e-10	1.00000000e-10	0.00000000e+00	5.34246397e-11
3.34000000e+01	2.80816921e+01	8.13972877e+05	3.16812443e+04	1.00000000e-09	1.61308179e+01	1.00000000e-10	1.61308179e+00	-1.55638733e+06	4.91165053e-11
3.35000000e+01	2.81657690e+01	8.09035463e+05	3.14890716e+04	1.00000000e-09	1.00000000e-09	1.00000000e-10	1.00000000e-10	0.00000000e+00	4.51557765e-11
3.36000000e+01	2.82498460e+01	8.04098050e+05	3.12968988e+04	1.00000000e-09	1.00000000e-09	1.00000000e-10	1.00000000e-10	0.00000000e+00	4.15144388e-11
3.37000000e+01	2.83339229e+01	7.99160636e+05	3.11047261e+04	1.00000000e-09	1.02098679e+01	1.00000000e-10	1.02098679e+00	-9.85102493e+05	3.81667366e-11
3.38000000e+01	2.84179998e+01	7.94223576e+05	3.09125671e+04	1.00000000e-09	1.44416771e+01	1.00000000e-10	1.44416771e+00	-1.39341001e+06	3.50889914e-11
3.39000000e+01	2.85020767e+01	7.89286835e+05	3.07204205e+04	1.00000000e-09	1.00000000e-09	1.00000000e-10	1.00000000e-10	0.00000000e+00	3.22594338e-11
3.40000000e+01	2.85861536e+01	7.84350094e+05	3.05282740e+04	1.00000000e-09	1.00000000e-09	1.00000000e-10	1.00000000e-10	0.00000000e+00	2.96580503e-11
3.41000000e+01	2.86702306e+01	7.79413353e+05	3.03361274e+04	1.00000000e-09	7.76792841e+00	1.00000000e-10	7.76792841e-01	-7.49491153e+05	2.72664410e-11
3.42000000e+01	2.87543075e+01	7.74476787e+05	3.01439876e+04	1.00000000e-09	1.93799594e+01	1.00000000e-10	1.93799594e+00	-1.86988182e+06	2.50676897e-11
3.43000000e+01	2.88383844e+01	7.69540221e+05	2.99518479e+04	1.00000000e-09	2.31845780e+00	1.00000000e-10	2.31845780e-01	-2.23697171e+05	2.30462446e-11
3.44000000e+01	2.89224613e+01	7.64603655e+05	2.97597081e+04	1.00000000e-09	1.00000000e-09	1.00000000e-10	1.00000000e-10	0.00000000e+00	2.11878078e-11
3.45000000e+01	2.90065383e+01	7.59667127e+05	2.95675698e+04	1.00000000e-09	1.00000000e-09	1.00000000e-10	1.00000000e-10	0.00000000e+00	1.94792342e-11
3.46000000e+01	2.90906152e+01	7.54730896e+05	2.93754431e+04	1.00000000e-09	1.00000000e-09	1.00000000e-10	1.00000000e-10	0.00000000e+00	1.79084392e-11
3.47000000e+01	2.91746921e+01	7.49794666e+05	2.91833164e+04	1.00000000e-09	1.08509074e+01	1.00000000e-10	1.08509074e+00	-1.04695340e+06	1.64643122e-11
3.48000000e+01	2.92587690e+01	7.44858435e+05	2.89911897e+04	1.00000000e-09	1.17448079e+01	1.00000000e-10	1.17448079e+00	-1.13320169e+06	1.51366389e-11
3.49000000e+01	2.93428459e+01	7.39922564e+05	2.87990770e+04	1.00000000e-09	1.00000000e-09	1.00000000e-10	1.00000000e-10	0.00000000e+00	1.39160284e-11
3.50000000e+01	2.94269229e+01	7.34987373e+05	2.86069907e+04	1.00000000e-09	1.00000000e-09	1.00000000e-10	1.00000000e-10	0.00000000e+00	1.27938473e-11
3.51000000e+01	2.95109998e+01	7.30052182e+05	2.84149045e+04	1.00000000e-09	1.00000000e-09	1.00000000e-10	1.00000000e-10	0.00000000e+00	1.17621583e-11
3.52000000e+01	2.95950767e+01	7.25116990e+05	2.82228182e+04	1.00000000e-09	5.98101715e+01	1.00000000e-10	5.98101715e+00	-5.77080426e+06	1.08136641e-11
3.53000000e+01	2.96791536e+01	7.20182230e+05	2.80307488e+04	1.00000000e-09	1.42513285e+01	1.00000000e-10	1.42513285e+00	-1.37504416e+06	9.94165601e-12
3.54000000e+01	2.97632306e+01	7.15248672e+05	2.78387261e+04	1.00000000e-09	1.00000000e-09	1.00000000e-10	1.00000000e-10	0.00000000e+00	9.13996618e-12
3.55000000e+01	2.98473075e+01	7.10315114e+05	2.76467034e+04	1.00000000e-09	1.00000000e-09	1.00000000e-10	1.00000000e-10	0.00000000e+00	8.40292419e-12
3.56000000e+01	2.99313844e+01	7.05381556e+05	2.74546807e+04	1.00000000e-09	8.09979885e+01	1.00000000e-10	8.09979885e+00	-7.81511782e+06	7.72531687e-12
3.57000000e+01	3.00154613e+01	7.00448187e+05	2.72626654e+04	1.00000000e-09	1.08760400e+02	1.00000000e-10	1.08760400e+01	-1.04937833e+07	7.10235144e-12
3.58000000e+01	3.00995383e+01	6.95516515e+05	2.70707161e+04	1.00000000e-09	1.00000000e-09	1.00000000e-10	1.00000000e-10	0.00000000e+00	6.52962161e-12
3.59000000e+01	3.01836152e+01	6.90584843e+05	2.68787668e+04	1.00000000e-09	1.00000000e-09	1.00000000e-10	1.00000000e-10	0.00000000e+00	6.00307641e-12
3.60000000e+01	3.02676921e+01	6.85653171e+05	2.66868176e+04	1.00000000e-09	3.20121894e+01	1.00000000e-10	3.20121894e+00	-3.08870672e+06	5.51899153e-12
3.61000000e+01	3.03517690e+01	6.80721499e+05	2.64948683e+04	1.00000000e-09	1.88842767e+02	1.00000000e-10	1.88842767e+01	-1.82205571e+07	5.07394300e-12
3.62000000e+01	3.04358459e+01	6.75791826e+05	2.63029968e+04	1.00000000e-09	1.00000000e-09	1.00000000e-10	1.00000000e-10	0.00000000e+00	4.66478295e-12
3.63000000e+01	3.05199229e+01	6.70862553e+05	2.61111409e+04	1.00000000e-09	1.00000000e-09	1.00000000e-10	1.00000000e-10	0.00000000e+00	4.28861734e-12
3.64000000e+01	3.06039998e+01	6.65933279e+05	2.59192849e+04	1.00000000e-09	1.00000000e-09	1.00000000e-10	1.00000000e-10	0.00000000e+00	3.94278553e-12
3.65000000e+01	3.06880767e+01	6.61004006e+05	2.57274290e+04	1.00000000e-09	1.97786297e+02	1.00000000e-10	1.97786297e+01	-1.90834766e+07	3.62484141e-12
3.66000000e+01	3.07721536e+01	6.56076726e+05	2.55356507e+04	1.00000000e-09	6.38889088e+01	1.00000000e-10	6.38889088e+00	-6.16434258e+06	3.33253613e-12
3.67000000e+01	3.08562306e+01	6.51150573e+05	2.53439162e+04	1.00000000e-09	1.00000000e-09	1.00000000e-10	1.00000000e-10	0.00000000e+00	3.06380220e-12
3.68000000e+01	3.09403075e+01	6.46224419e+05	2.51521817e+04	1.00000000e-09	1.00000000e-09	1.00000000e-10	1.00000000e-10	0.00000000e+00	2.81673882e-12
3.69000000e+01	3.10243844e+01	6.41298265e+05	2.49604472e+04	1.00000000e-09	1.33517918e+02	1.00000000e-10	1.33517918e+01	-1.28825207e+07	2.58959851e-12
3.70000000e+01	3.11084613e+01	6.36373767e+05	2.47687772e+04	1.00000000e-09	1.58037576e+02	1.00000000e-10	1.58037576e+01	-1.52483080e+07	2.38077467e-12
3.71000000e+01	3.11925382e+01	6.31451032e+05	2.45771757e+04	1.00000000e-09	1.00000000e-09	1.00000000e-10	1.00000000e-10	0.00000000e+00	2.18879027e-12
3.72000000e+01	3.12766152e+01	6.26528297e+05	2.43855743e+04	1.00000000e-09	1.00000000e-09	1.00000000e-10	1.00000000e-10	0.00000000e+00	2.01228739e-12
3.73000000e+01	3.13606921e+01	6.21605562e+05	2.41939729e+04	1.00000000e-09	2.84136284e+01	1.00000000e-10	2.84136284e+00	-2.74149837e+06	1.85001761e-12
3.74000000e+01	3.14447690e+01	6.16683876e+05	2.40024123e+04	1.00000000e-09	1.92120807e+02	1.00000000e-10	1.92120807e+01	-1.85368398e+07	1.70083318e-12
3.75000000e+01	3.15288459e+01	6.11764348e+05	2.38109356e+04	1.00000000e-09	1.00000000e-09	1.00000000e-10	1.00000000e-10	0.00000000e+00	1.56367890e-12
3.76000000e+01	3.16129229e+01	6.06844820e+05	2.36194590e+04	1.00000000e-09	1.00000000e-09	1.00000000e-10	1.00000000e-10	0.00000000e+00	1.43758467e-12
3.77000000e+01	3.16969998e+01	6.01925291e+05	2.34279824e+04	1.00000000e-09	1.00000000e-09	1.00000000e-10	1.00000000e-10	0.00000000e+00	1.32165861e-12
3.78000000e+01	3.17810767e+01	5.97006083e+05	2.32365182e+04	1.00000000e-09	1.68361123e+02	1.00000000e-10	1.68361123e+01	-1.62443789e+07	1.21508076e-12
3.79000000e+01	3.18651536e+01	5.92089096e+05	2.30451405e+04	1.00000000e-09	2.25802016e+01	1.00000000e-10	2.25802016e+00	-2.17865825e+06	1.11709730e-12
3.80000000e+01	3.19492305e+01	5.87172110e+05	2.28537628e+04	1.00000000e-09	1.00000000e-09	1.00000000e-10	1.00000000e-10	0.00000000e+00	1.02701517e-12
3.81000000e+01	3.20333075e+01	5.82255123e+05	2.26623851e+04	1.00000000e-09	1.00000000e-09	1.00000000e-10	1.00000000e-10	0.00000000e+00	9.44197214e-13
3.82000000e+01	3.21173844e+01	5.77338136e+05	2.24710074e+04	1.00000000e-09	1.02016690e+02	1.00000000e-10	1.02016690e+01	-9.84311417e+06	8.68057654e-13
3.83000000e+01	3.22014613e+01	5.72423113e+05	2.22797062e+04	1.00000000e-09	4.47014819e+01	1.00000000e-10	4.47014819e+00	-4.31303732e+06	7.98057949e-13
3.84000000e+01	3.22855382e+01	5.67508396e+05	2.20884168e+04	1.00000000e-09	1.00000000e-09	1.00000000e-10	1.00000000e-10	0.00000000e+00	7.33702982e-13
3.85000000e+01	3.23696152e+01	5.62593678e+05	2.18971274e+04	1.00000000e-09	1.00000000e-09	1.00000000e-10	1.00000000e-10	0.00000000e+00	6.74537565e-13
3.86000000e+01	3.24536921e+01	5.57678960e+05	2.17058380e+04	1.00000000e-09	4.65492368e+01	1.00000000e-10	4.65492368e+00	-4.49131858e+06	6.20143216e-13
3.87000000e+01	3.25377690e+01	5.52765724e+05	2.15146063e+04	1.00000000e-09	3.40425526e+01	1.00000000e-10	3.40425526e+00	-3.28460700e+06	5.70135198e-13
3.88000000e+01	3.26218459e+01	5.47853105e+05	2.13233986e+04	1.00000000e-09	1.00000000e-09	1.00000000e-10	1.00000000e-10	0.00000000e+00	5.24159800e-13
3.89000000e+01	3.27059228e+01	5.42940485e+05	2.11321909e+04	1.00000000e-09	1.00000000e-09	1.00000000e-10	1.00000000e-10	0.00000000e+00	4.81891834e-13
3.90000000e+01	3.27899998e+01	5.38027866e+05	2.09409831e+04	1.00000000e-09	2.88774846e+01	1.00000000e-10	2.88774846e+00	-2.78625369e+06	4.43032333e-13
3.91000000e+01	3.28740767e+01	5.33116181e+05	2.07498118e+04	1.00000000e-09	2.89424380e+01	1.00000000e-10	2.89424380e+00	-2.79252074e+06	4.07306443e-13
3.92000000e+01	3.29581536e+01	5.28205105e+05	2.05586641e+04	1.00000000e-09	1.00000000e-09	1.00000000e-10	1.00000000e-10	0.00000000e+00	3.74461468e-13
3.93000000e+01	3.30422305e+01	5.23294029e+05	2.03675165e+04	1.00000000e-09	1.00000000e-09	1.00000000e-10	1.00000000e-10	0.00000000e+00	3.44265096e-13
3.94000000e+01	3.31263075e+01	5.18382954e+05	2.01763689e+04	1.00000000e-09	2.03317546e+01	1.00000000e-10	2.03317546e+00	-1.96171609e+06	3.16503742e-13
3.95000000e+01	3.32103844e+01	5.13472374e+05	1.99852405e+04	1.00000000e-09	3.65570366e+01	1.00000000e-10	3.65570366e+00	-3.52721782e+06	2.90981049e-13
3.96000000e+01	3.32944613e+01	5.08562121e+05	1.97941249e+04	1.00000000e-09	1.00000000e-09	1.00000000e-10	1.00000000e-10	0.00000000e+00	2.67516493e-13
3.97000000e+01	3.33785382e+01	5.03651868e+05	1.96030093e+04	1.00000000e-09	1.00000000e-09	1.00000000e-10	1.00000000e-10	0.00000000e+00	2.45944106e-13
3.98000000e+01	3.34626152e+01	4.98741615e+05	1.94118937e+04	1.00000000e-09	1.00000000e-09	1.00000000e-10	1.00000000e-10	0.00000000e+00	2.26111304e-13
3.99000000e+01	3.35466921e+01	4.93831648e+05	1.92207892e+04	1.00000000e-09	2.81931774e+01	1.00000000e-10	2.81931774e+00	-2.72022809e+06	2.07877809e-13
4.00000000e+01	3.36307690e+01	4.88921681e+05	1.90296848e+04	1.00000000e-09	1.93241185e+01	1.00000000e-10	1.93241185e+00	-1.86449399e+06	1.91114654e-13
4.01000000e+01	3.37148459e+01	4.84011714e+05	1.88385803e+04	1.00000000e-09	1.00000000e-09	1.00000000e-10	1.00000000e-10	0.00000000e+00	1.75703270e-13
4.02000000e+01	3.37989228e+01	4.79101762e+05	1.86474764e+04	1.00000000e-09	1.00000000e-09	1.00000000e-10	1.00000000e-10	0.00000000e+00	1.61534652e-13
4.03000000e+01	3.38829998e+01	4.74192158e+05	1.84563860e+04	1.00000000e-09	1.00000000e-09	1.00000000e-10	1.00000000e-10	0.00000000e+00	1.48508584e-13
4.04000000e+01	3.39670767e+01	4.69282555e+05	1.82652957e+04	1.00000000e-09	2.04727762e+01	1.00000000e-10	2.04727762e+00	-1.97532261e+06	1.36532931e-13
4.05000000e+01	3.40511536e+01	4.64372951e+05	1.80742054e+04	1.00000000e-09	2.82328723e+01	1.00000000e-10	2.82328723e+00	-2.72405806e+06	1.25522989e-13
4.06000000e+01	3.41352305e+01	4.59463722e+05	1.78831296e+04	1.00000000e-09	1.00000000e-09	1.00000000e-10	1.00000000e-10	0.00000000e+00	1.15400882e-13
4.07000000e+01	3.42193075e+01	4.54555181e+05	1.76920806e+04	1.00000000e-09	1.00000000e-09	1.00000000e-10	1.00000000e-10	0.00000000e+00	1.06095016e-13
4.08000000e+01	3.43033844e+01	4.49646641e+05	1.75010317e+04	1.00000000e-09	1.00000000e-09	1.00000000e-10	1.00000000e-10	0.00000000e+00	9.75395708e-14
4.09000000e+01	3.43874613e+01	4.44738100e+05	1.73099827e+04	1.00000000e-09	7.39568819e+01	1.00000000e-10	7.39568819e+00	-7.13575431e+06	8.96740319e-14
4.10000000e+01	3.44715382e+01	4.39830054e+05	1.71189530e+04	1.00000000e-09	2.59336580e+01	1.00000000e-10	2.59336580e+00	-2.50221761e+06	8.24427658e-14
4.11000000e+01	3.45556151e+01	4.34923194e+05	1.69279694e+04	1.00000000e-09	1.00000000e-09	1.00000000e-10	1.00000000e-10	0.00000000e+00	7.57946252e-14
4.12000000e+01	3.46396921e+01	4.30016335e+05	1.67369859e+04	1.00000000e-09	1.00000000e-09	1.00000000e-10	1.00000000e-10	0.00000000e+00	6.96825871e-14
4.13000000e+01	3.47237690e+01	4.25109475e+05	1.65460024e+04	1.00000000e-09	7.99224968e+01	1.00000000e-10	7.99224968e+00	-7.71134865e+06	6.40634205e-14
4.14000000e+01	3.48078459e+01	4.20202919e+05	1.63550307e+04	1.00000000e-09	1.17755309e+02	1.00000000e-10	1.17755309e+01	-1.13616601e+07	5.88973804e-14
4.15000000e+01	3.48919228e+01	4.15298038e+05	1.61641241e+04	1.00000000e-09	1.00000000e-09	1.00000000e-10	1.00000000e-10	0.00000000e+00	5.41479271e-14
4.16000000e+01	3.49759998e+01	4.10393156e+05	1.59732176e+04	1.00000000e-09	1.00000000e-09	1.00000000e-10	1.00000000e-10	0.00000000e+00	4.97814672e-14
4.17000000e+01	3.50600767e+01	4.05488274e+05	1.57823110e+04	1.00000000e-09	2.16639913e+01	1.00000000e-10	2.16639913e+00	-2.09025740e+06	4.57671163e-14
4.18000000e+01	3.51441536e+01	4.00583393e+05	1.55914045e+04	1.00000000e-09	1.89270184e+02	1.00000000e-10	1.89270184e+01	-1.82617966e+07	4.20764804e-14
4.19000000e+01	3.52282305e+01	3.95680493e+05	1.54005750e+04	1.00000000e-09	1.00000000e-09	1.00000000e-10	1.00000000e-10	0.00000000e+00	3.86834555e-14
4.20000000e+01	3.53123074e+01	3.90777808e+05	1.52097540e+04	1.00000000e-09	1.00000000e-09	1.00000000e-10	1.00000000e-10	0.00000000e+00	3.55640423e-14
4.21000000e+01	3.53963844e+01	3.85875124e+05	1.50189330e+04	1.00000000e-09	1.00000000e-09	1.00000000e-10	1.00000000e-10	0.00000000e+00	3.26961769e-14
4.22000000e+01	3.54804613e+01	3.80972439e+05	1.48281119e+04	1.00000000e-09	1.79624592e+02	1.00000000e-10	1.79624592e+01	-1.73311385e+07	3.00595747e-14
4.23000000e+01	3.55645382e+01	3.76071743e+05	1.46373683e+04	1.00000000e-09	5.83064691e+01	1.00000000e-10	5.83064691e+00	-5.62571903e+06	2.76355866e-14
4.24000000e+01	3.56486151e+01	3.71171956e+05	1.44466600e+04	1.00000000e-09	1.00000000e-09	1.00000000e-10	1.00000000e-10	0.00000000e+00	2.54070677e-14
4.25000000e+01	3.57326921e+01	3.66272168e+05	1.42559517e+04	1.00000000e-09	1.00000000e-09	1.00000000e-10	1.00000000e-10	0.00000000e+00	2.33582553e-14
4.26000000e+01	3.58167690e+01	3.61372381e+05	1.40652435e+04	1.00000000e-09	1.15524527e+02	1.00000000e-10	1.15524527e+01	-1.11464224e+07	2.14746581e-14
4.27000000e+01	3.59008459e+01	3.56474257e+05	1.38746000e+04	1.00000000e-09	1.28496087e+02	1.00000000e-10	1.28496087e+01	-1.23979876e+07	1.97429531e-14
4.28000000e+01	3.59849228e+01	3.51577648e+05	1.36840154e+04	1.00000000e-09	1.00000000e-09	1.00000000e-10	1.00000000e-10	0.00000000e+00	1.81508919e-14
4.29000000e+01	3.60689997e+01	3.46681040e+05	1.34934308e+04	1.00000000e-09	1.00000000e-09	1.00000000e-10	1.00000000e-10	0.00000000e+00	1.66872137e-14
4.30000000e+01	3.61530767e+01	3.41784431e+05	1.33028463e+04	1.00000000e-09	3.08897492e+01	1.00000000e-10	3.08897492e+00	-2.98040771e+06	1.53415657e-14
4.31000000e+01	3.62371536e+01	3.36888893e+05	1.31123034e+04	1.00000000e-09	1.54033541e+02	1.00000000e-10	1.54033541e+01	-1.48619774e+07	1.41044300e-14
4.32000000e+01	3.63212305e+01	3.31995233e+05	1.29218336e+04	1.00000000e-09	1.00000000e-09	1.00000000e-10	1.00000000e-10	0.00000000e+00	1.29670563e-14
4.33000000e+01	3.64053074e+01	3.27101572e+05	1.27313638e+04	1.00000000e-09	1.00000000e-09	1.00000000e-10	1.00000000e-10	0.00000000e+00	1.19213998e-14
4.34000000e+01	3.64893844e+01	3.22207912e+05	1.25408940e+04	1.00000000e-09	1.00000000e-09	1.00000000e-10	1.00000000e-10	0.00000000e+00	1.09600645e-14
4.35000000e+01	3.65734613e+01	3.17314605e+05	1.23504380e+04	1.00000000e-09	1.44133232e+02	1.00000000e-10	1.44133232e+01	-1.39067427e+07	1.00762507e-14
4.36000000e+01	3.66575382e+01	3.12423204e+05	1.21600561e+04	1.00000000e-09	3.98523487e+00	1.00000000e-10	3.98523487e-01	-3.84516710e+05	9.26370726e-15
4.37000000e+01	3.67416151e+01	3.07531802e+05	1.19696742e+04	1.00000000e-09	1.00000000e-09	1.00000000e-10	1.00000000e-10	0.00000000e+00	8.51668685e-15
4.38000000e+01	3.68256921e+01	3.02640401e+05	1.17792924e+04	1.00000000e-09	1.00000000e-09	1.00000000e-10	1.00000000e-10	0.00000000e+00	7.82990577e-15
4.39000000e+01	3.69097690e+01	2.97749000e+05	1.15889105e+04	1.00000000e-09	1.00758103e+02	1.00000000e-10	1.00758103e+01	-9.72167907e+06	7.19850635e-15
4.40000000e+01	3.69938459e+01	2.92859201e+05	1.13985910e+04	1.00000000e-09	3.88064810e+01	1.00000000e-10	3.88064810e+00	-3.74425620e+06	6.61802264e-15
4.41000000e+01	3.70779228e+01	2.87969730e+05	1.12082842e+04	1.00000000e-09	1.00000000e-09	1.00000000e-10	1.00000000e-10	0.00000000e+00	6.08434883e-15
4.42000000e+01	3.71619997e+01	2.83080258e+05	1.10179775e+04	1.00000000e-09	1.00000000e-09	1.00000000e-10	1.00000000e-10	0.00000000e+00	5.59371018e-15
4.43000000e+01	3.72460767e+01	2.78190786e+05	1.08276707e+04	1.00000000e-09	5.14788516e+01	1.00000000e-10	5.14788516e+00	-4.96695410e+06	5.14263638e-15
4.44000000e+01	3.73301536e+01	2.73302386e+05	1.06374056e+04	1.00000000e-09	5.60834358e+01	1.00000000e-10	5.60834358e+00	-5.41122893e+06	4.72793693e-15
4.45000000e+01	3.74142305e+01	2.68414596e+05	1.04471643e+04	1.00000000e-09	1.00000000e-09	1.00000000e-10	1.00000000e-10	0.00000000e+00	4.34667862e-15
4.46000000e+01	3.74983074e+01	2.63526806e+05	1.02569230e+04	1.00000000e-09	1.00000000e-09	1.00000000e-10	1.00000000e-10	0.00000000e+00	3.99616478e-15
4.47000000e+01	3.75823844e+01	2.58639016e+05	1.00666817e+04	1.00000000e-09	1.20473751e+01	1.00000000e-10	1.20473751e+00	-1.16239499e+06	3.67391618e-15
4.48000000e+01	3.76664613e+01	2.53751699e+05	9.87645878e+03	1.00000000e-09	6.52638563e+01	1.00000000e-10	6.52638563e+00	-6.29700485e+06	3.37765354e-15
4.49000000e+01	3.77505382e+01	2.48864942e+05	9.68625768e+03	1.00000000e-09	1.00000000e-09	1.00000000e-10	1.00000000e-10	0.00000000e+00	3.10528136e-15
4.50000000e+01	3.78346151e+01	2.43978185e+05	9.49605657e+03	1.00000000e-09	1.00000000e-09	1.00000000e-10	1.00000000e-10	0.00000000e+00	2.85487313e-15
4.51000000e+01	3.79186920e+01	2.39091428e+05	9.30585546e+03	1.00000000e-09	1.00000000e-09	1.00000000e-10	1.00000000e-10	0.00000000e+00	2.62465769e-15
4.52000000e+01	3.80027690e+01	2.34204671e+05	9.11565435e+03	1.00000000e-09	5.64624667e+01	1.00000000e-10	5.64624667e+00	-5.44779985e+06	2.41300669e-15
4.53000000e+01	3.80868459e+01	2.29318132e+05	8.92546175e+03	1.00000000e-09	4.39692878e+01	1.00000000e-10	4.39692878e+00	-4.24239134e+06	2.21842312e-15
4.54000000e+01	3.81709228e+01	2.24431667e+05	8.73527199e+03	1.00000000e-09	1.00000000e-09	1.00000000e-10	1.00000000e-10	0.00000000e+00	2.03953067e-15
4.55000000e+01	3.82549997e+01	2.19545201e+05	8.54508223e+03	1.00000000e-09	1.00000000e-09	1.00000000e-10	1.00000000e-10	0.00000000e+00	1.87506400e-15
4.56000000e+01	3.83390767e+01	2.14658736e+05	8.35489247e+03	1.00000000e-09	4.06896524e+00	1.00000000e-10	4.06896524e-01	-3.92595463e+05	1.72385984e-15
4.57000000e+01	3.84231536e+01	2.09772270e+05	8.16470271e+03	1.00000000e-09	6.58656116e+01	1.00000000e-10	6.58656116e+00	-6.35506542e+06	1.58484870e-15
4.58000000e+01	3.85072305e+01	2.04885967e+05	7.97451925e+03	1.00000000e-09	2.12072658e+01	1.00000000e-10	2.12072658e+00	-2.04619008e+06	1.45704735e-15
4.59000000e+01	3.85913074e+01	1.99999994e+05	7.78434866e+03	1.00000000e-09	1.00000000e-09	1.00000000e-10	1.00000000e-10	0.00000000e+00	1.33955183e-15
4.60000000e+01	3.86753843e+01	1.95114021e+05	7.59417808e+03	1.00000000e-09	1.00000000e-09	1.00000000e-10	1.00000000e-10	0.00000000e+00	1.23153109e-15
4.61000000e+01	3.87594613e+01	1.90228048e+05	7.40400749e+03	1.00000000e-09	4.23038050e+01	1.00000000e-10	4.23038050e+00	-4.08169668e+06	1.13222108e-15
4.62000000e+01	3.88435382e+01	1.85342075e+05	7.21383690e+03	1.00000000e-09	8.23048281e+01	1.00000000e-10	8.23048281e+00	-7.94120867e+06	1.04091937e-15
4.63000000e+01	3.89276151e+01	1.80456863e+05	7.02369593e+03	1.00000000e-09	1.00000000e-09	1.00000000e-10	1.00000000e-10	0.00000000e+00	9.56980191e-16
4.64000000e+01	3.90116920e+01	1.75571881e+05	6.83356389e+03	1.00000000e-09	1.00000000e-09	1.00000000e-10	1.00000000e-10	0.00000000e+00	8.79809819e-16
4.65000000e+01	3.90957690e+01	1.70686899e+05	6.64343185e+03	1.00000000e-09	1.00000000e-09	1.00000000e-10	1.00000000e-10	0.00000000e+00	8.08862425e-16
4.66000000e+01	3.91798459e+01	1.65801916e+05	6.45329982e+03	1.00000000e-09	1.08213596e+02	1.00000000e-10	1.08213596e+01	-1.04410247e+07	7.43636191e-16
4.67000000e+01	3.92639228e+01	1.60917878e+05	6.26320452e+03	1.00000000e-09	2.13761165e+01	1.00000000e-10	2.13761165e+00	-2.06248170e+06	6.83669765e-16
4.68000000e+01	3.93479997e+01	1.56034610e+05	6.07313923e+03	1.00000000e-09	1.00000000e-09	1.00000000e-10	1.00000000e-10	0.00000000e+00	6.28539001e-16
4.69000000e+01	3.94320766e+01	1.51151342e+05	5.88307393e+03	1.00000000e-09	1.00000000e-09	1.00000000e-10	1.00000000e-10	0.00000000e+00	5.77853951e-16
4.70000000e+01	3.95161536e+01	1.46268075e+05	5.69300864e+03	1.00000000e-09	9.11860748e+01	1.00000000e-10	9.11860748e+00	-8.79811872e+06	5.31256117e-16
4.71000000e+01	3.96002305e+01	1.41385618e+05	5.50297491e+03	1.00000000e-09	9.68967388e+01	1.00000000e-10	9.68967388e+00	-9.34911403e+06	4.88415907e-16
4.72000000e+01	3.96843074e+01	1.36504462e+05	5.31299181e+03	1.00000000e-09	1.00000000e-09	1.00000000e-10	1.00000000e-10	0.00000000e+00	4.49030309e-16
4.73000000e+01	3.97683843e+01	1.31623307e+05	5.12300871e+03	1.00000000e-09	1.00000000e-09	1.00000000e-10	1.00000000e-10	0.00000000e+00	4.12820745e-16
4.74000000e+01	3.98524613e+01	1.26742151e+05	4.93302560e+03	1.00000000e-09	3.25668177e+01	1.00000000e-10	3.25668177e+00	-3.14222022e+06	3.79531100e-16
4.75000000e+01	3.99365382e+01	1.21861386e+05	4.74305772e+03	1.00000000e-09	1.52232017e+02	1.00000000e-10	1.52232017e+01	-1.46881567e+07	3.48925915e-16
4.76000000e+01	4.00206151e+01	1.16982254e+05	4.55315339e+03	1.00000000e-09	1.00000000e-09	1.00000000e-10	1.00000000e-10	0.00000000e+00	3.20788716e-16
4.77000000e+01	4.01046920e+01	1.12103122e+05	4.36324905e+03	1.00000000e-09	1.00000000e-09	1.00000000e-10	1.00000000e-10	0.00000000e+00	2.94920485e-16
4.78000000e+01	4.01887690e+01	1.07223989e+05	4.17334472e+03	1.00000000e-09	1.00000000e-09	1.00000000e-10	1.00000000e-10	0.00000000e+00	2.71138254e-16
4.79000000e+01	4.02728459e+01	1.02344857e+05	3.98344039e+03	1.00000000e-09	1.52741765e+02	1.00000000e-10	1.52741765e+01	-1.47373399e+07	2.49273810e-16
4.80000000e+01	4.03569228e+01	9.74673876e+04	3.79360076e+03	1.00000000e-09	3.01654926e+01	1.00000000e-10	3.01654926e+00	-2.91052758e+06	2.29172503e-16
4.81000000e+01	4.04409997e+01	9.25902426e+04	3.60377377e+03	1.00000000e-09	1.00000000e-09	1.00000000e-10	1.00000000e-10	0.00000000e+00	2.10692155e-16
4.82000000e+01	4.05250766e+01	8.77130976e+04	3.41394677e+03	1.00000000e-09	1.00000000e-09	1.00000000e-10	1.00000000e-10	0.00000000e+00	1.93702052e-16
4.83000000e+01	4.06091536e+01	8.28359526e+04	3.22411978e+03	1.00000000e-09	9.65958535e+01	1.00000000e-10	9.65958535e+00	-9.32008300e+06	1.78082022e-16
4.84000000e+01	4.06932305e+01	7.79601848e+04	3.03434639e+03	1.00000000e-09	8.31995059e+01	1.00000000e-10	8.31995059e+00	-8.02753196e+06	1.63721583e-16
4.85000000e+01	4.07773074e+01	7.30852509e+04	2.84460546e+03	1.00000000e-09	1.00000000e-09	1.00000000e-10	1.00000000e-10	0.00000000e+00	1.50519162e-16
4.86000000e+01	4.08613843e+01	6.82103170e+04	2.65486453e+03	1.00000000e-09	1.00000000e-09	1.00000000e-10	1.00000000e-10	0.00000000e+00	1.38381377e-16
4.87000000e+01	4.09454613e+01	6.33353831e+04	2.46512360e+03	1.00000000e-09	2.92117877e+01	1.00000000e-10	2.92117877e+00	-2.81850904e+06	1.27222377e-16
4.88000000e+01	4.10295382e+01	5.84612989e+04	2.27541574e+03	1.00000000e-09	1.02613725e+02	1.00000000e-10	1.02613725e+01	-9.90071933e+06	1.16963232e-16
4.89000000e+01	4.11136151e+01	5.35883103e+04	2.08575052e+03	1.00000000e-09	1.00000000e-09	1.00000000e-10	1.00000000e-10	0.00000000e+00	1.07531379e-16
4.90000000e+01	4.11976920e+01	4.87153218e+04	1.89608531e+03	1.00000000e-09	1.00000000e-09	1.00000000e-10	1.00000000e-10	0.00000000e+00	9.88601065e-17
4.91000000e+01	4.12817689e+01	4.38423332e+04	1.70642009e+03	1.00000000e-09	1.00000000e-09	1.00000000e-10	1.00000000e-10	0.00000000e+00	9.08880802e-17
4.92000000e+01	4.13658459e+01	3.89695714e+04	1.51676370e+03	1.00000000e-09	9.60848602e+01	1.00000000e-10	9.60848602e+00	-9.27077965e+06	8.35589140e-17
4.93000000e+01	4.14499228e+01	3.40978417e+04	1.32714748e+03	1.00000000e-09	1.68816926e+01	1.00000000e-10	1.68816926e+00	-1.62883572e+06	7.68207678e-17
4.94000000e+01	4.15339997e+01	2.92261429e+04	1.13753247e+03	1.00000000e-09	1.00000000e-09	1.00000000e-10	1.00000000e-10	0.00000000e+00	7.06259821e-17
4.95000000e+01	4.16180766e+01	2.43544440e+04	9.47917446e+02	1.00000000e-09	1.00000000e-09	1.00000000e-10	1.00000000e-10	0.00000000e+00	6.49307406e-17
4.96000000e+01	4.17021536e+01	1.94827451e+04	7.58302426e+02	1.00000000e-09	5.53218908e+01	1.00000000e-10	5.53218908e+00	-5.33775101e+06	5.96947603e-17
4.97000000e+01	4.17862305e+01	1.46117069e+04	5.68713123e+02	1.00000000e-09	5.46157143e+01	1.00000000e-10	5.46157143e+00	-5.26961533e+06	5.48810067e-17
4.98000000e+01	4.18703074e+01	9.74113794e+03	3.79142082e+02	1.00000000e-09	1.00000000e-09	1.00000000e-10	1.00000000e-10	0.00000000e+00	5.04554316e-17
4.99000000e+01	4.19543843e+01	4.87056897e+03	1.89571041e+02	1.00000000e-09	1.00000000e-09	1.00000000e-10	1.00000000e-10	0.00000000e+00	4.63867326e-17
5.00000000e+01	4.20384612e+01	0.00000000e+00	0.00000000e+00	1.00000000e+01	1.00000000e+01	1.00000000e+00	1.00000000e+00	0.00000000e+00	4.26461312e-17
